-0.0935211 16.4963 0.597974 0.00836072 -0.00661541 0.999939
-0.905767 16.7078 0.604481 -0.0106954 -0.00908664 0.999756
-0.905767 16.7078 0.604481 -0.0106954 -0.00908664 0.999756
-1.72006 17.414 0.593063 -0.0289491 -0.0176063 0.99942
-1.97126 18.1999 0.601555 -0.023264 -0.0129797 0.999644
-1.46124 18.802 0.620702 -0.0236838 -0.0117277 0.999651
-0.542324 18.1942 0.616016 0.0236301 -0.00917928 0.999679
-0.180694 17.516 0.601471 0.0202675 -0.00255051 0.999777
0.0954863 16.8632 0.597796 0.0140045 -0.00043174 0.999879
1.4504 16.9453 0.542705 0.0673996 0.00228143 0.997723
1.07872 17.8617 0.570013 0.0622634 -0.00917026 0.998018
0.444102 18.9659 0.598286 0.0443048 0.000721448 0.999018
0.00259462 19.6154 0.619197 0.0262549 -0.0124921 0.999577
-0.669737 20.0277 0.642511 0.00764749 -0.0244272 0.999329
-1.44274 20.2136 0.633625 -0.0158879 -0.0204525 0.999632
-2.38005 20.1018 0.606161 -0.0429582 -0.00845318 0.999041
-3.14692 19.7538 0.561146 -0.0717599 -0.00921501 0.997364
-3.25234 18.3119 0.54818 -0.057097 -0.00795051 0.998244
-3.1812 17.5339 0.545184 -0.0548306 -0.0139986 0.998382
-2.82233 16.4052 0.534361 -0.0450816 -0.0272939 0.99861
-2.12093 15.7145 0.558951 -0.0450079 -0.00832979 0.998952
-1.33627 15.4013 0.57476 -0.0257677 -0.0129255 0.999584
-0.330319 15.1361 0.587255 -0.012737 0.000570342 0.999919
0.32458 14.4753 0.566469 0.0214981 -0.0114717 0.999703
0.178894 13.3564 0.570383 0.0289904 -0.00208824 0.999577
-0.286075 12.4221 0.553916 0.00278641 -0.0217986 0.999758
-1.11824 11.7072 0.539731 -0.00213201 -0.00994364 0.999947
-1.58742 10.8022 0.524818 -0.0264176 -0.00943986 0.999606
-1.56043 9.70626 0.518692 -0.0264317 -0.00163404 0.999649
-1.40755 8.94796 0.519151 -0.0118367 -0.00484871 0.999918
-1.2021 8.21349 0.516985 -0.00478162 -0.0058419 0.999965
-1.02284 7.46905 0.514287 -0.0082639 -0.00569364 0.999949
-0.538081 6.52564 0.512279 -0.0149616 -0.00732375 0.999854
-0.149442 5.49598 0.507711 -0.00439505 -0.00792042 0.999959
0.140298 4.70872 0.504451 -0.00567764 -0.00385046 0.999976
0.444044 3.89417 0.50341 -0.00140337 -0.00201794 0.999997
1.24896 3.80494 0.503658 0.00169435 -0.000475534 0.999998
1.35251 4.67497 0.503368 0.00695225 -0.00132523 0.99997
1.32794 5.67547 0.507113 0.00966961 -0.00285213 0.999949
1.29195 6.529 0.509436 0.0109195 -0.00247 0.999937
1.28417 7.33523 0.512263 0.01159 -0.00435185 0.999923
1.33791 8.40311 0.512724 0.0152934 0.000862026 0.999883
1.24057 9.16583 0.514121 0.0160831 -0.00180958 0.999868
1.3758 9.91828 0.512847 0.0141395 -0.00894796 0.99986
1.27747 11.2833 0.521412 0.0244696 -0.00163176 0.999697
1.41012 12.154 0.526975 0.0308808 -0.0122892 0.999448
1.35015 13.181 0.534596 0.0381837 -0.000797632 0.99925
1.29751 13.9725 0.538612 0.0440868 -0.00489341 0.999016
1.33828 14.7582 0.540812 0.0421198 -0.0069691 0.999088
1.43553 15.5292 0.54146 0.0376394 -0.00649344 0.999269
1.46716 16.7695 0.541975 0.0670921 0.00298827 0.997742
0.0863812 10.3648 0.528516 0.00430825 -0.00560736 0.999975
-0.132863 9.55703 0.524931 0.00281661 -0.00306171 0.999987
-0.345091 10.106 0.528316 -0.00260925 -0.00592306 0.999979
-0.265973 10.2999 0.52967 0.000849496 -0.00576521 0.999977
1.34727 -11.7435 0.500487 0.00052564 0.000531555 1
1.58216 -12.8646 0.500909 -0.000792654 -0.000456617 0.999999
1.4413 -12.0743 0.500613 0.00052564 0.000531555 1
1.66252 -14.0186 0.501741 0.000421775 0.000935274 0.999999
1.78028 -15.3092 0.503132 0.00493663 0.00215567 0.999984
2.15206 -16.5596 0.506043 0.00249862 0.00258431 0.99999
2.20017 -17.3647 0.50721 0.00155999 0.00145893 0.999998
1.76862 -17.9141 0.509725 0.00389843 0.00445855 0.999982
0.889076 -17.6396 0.507561 -0.00329185 0.00168952 0.999993
0.659715 -16.7063 0.505257 -0.00648481 0.00164257 0.999978
0.795964 -15.8177 0.504661 -0.00389272 0.00207599 0.999987
