32.599 12.2482 16.4379 -0.640163 -0.0232684 -0.767887
32.6379 13.333 16.3628 -0.63465 -0.0261927 -0.772306
32.6379 13.333 16.3628 -0.63465 -0.0261927 -0.772306
32.2464 14.247 16.6315 -0.648515 -0.0574888 -0.759028
31.9435 14.9534 16.8379 -0.653886 -0.0558309 -0.754501
31.5951 15.5818 17.108 -0.671557 -0.0558491 -0.738845
31.1006 15.2477 17.5755 -0.6775 -0.040195 -0.734423
30.6962 14.768 17.9957 -0.706428 -0.0755854 -0.703737
30.742 14.0691 18.0201 -0.704807 -0.0653451 -0.706378
31.2612 13.4853 17.5528 -0.701007 -0.0595826 -0.710613
31.7598 12.9863 17.1318 -0.656667 -0.0174504 -0.753979
32.5926 12.2556 16.443 -0.640388 -0.0267361 -0.767578
32.595 12.253 16.4411 -0.640165 -0.0232676 -0.767885
31.8646 11.0978 17.1308 -0.668573 -0.0436865 -0.742362
31.4227 11.6242 17.5103 -0.687251 -0.0260329 -0.725889
30.8709 12.119 18.0098 -0.700133 -0.0363268 -0.712742
30.1384 12.6898 18.7686 -0.741152 -0.0467241 -0.669709
29.7976 13.4599 19.1111 -0.75447 -0.0595278 -0.65363
29.4076 13.9797 19.5214 -0.763045 -0.0737031 -0.64213
28.877 14.3484 20.1222 -0.777365 -0.0810146 -0.623746
28.7159 14.8132 20.266 -0.78302 -0.0804656 -0.61677
29.1887 15.3221 19.6302 -0.75983 -0.0807413 -0.645089
29.6236 15.7027 19.0815 -0.741011 -0.0754494 -0.667241
30.0989 16.0725 18.5138 -0.722788 -0.0629824 -0.687648
30.5754 16.6312 17.9957 -0.704206 -0.0544273 -0.707904
31.0254 17.2436 17.5269 -0.672131 -0.0452722 -0.738968
31.3841 17.9428 17.1493 -0.670179 -0.0558602 -0.740094
31.7241 18.679 16.8154 -0.649395 -0.0399636 -0.759401
32.2739 18.0874 16.3808 -0.639986 -0.0421041 -0.767232
32.4556 17.2046 16.2698 -0.642016 -0.0256192 -0.766263
32.7161 16.067 16.1183 -0.611747 -0.0408075 -0.790001
33.23 14.9471 15.777 -0.604116 -0.0322788 -0.796243
33.8332 14.1875 15.3499 -0.605393 -0.0374776 -0.795023
34.2134 13.1432 15.116 -0.606544 -0.0428144 -0.793896
34.1672 12.3548 15.1967 -0.606434 -0.0456514 -0.793822
34.0598 11.6138 15.3132 -0.603214 -0.0333196 -0.796876
33.936 10.4411 15.4605 -0.601421 -0.0385474 -0.798002
33.71 9.44993 15.6945 -0.616705 -0.0413679 -0.786106
33.5521 8.70839 15.8548 -0.620052 -0.0330757 -0.783861
33.4763 7.74319 15.9562 -0.646216 -0.0324745 -0.762463
33.5431 6.67411 15.957 -0.648351 -0.0473861 -0.759865
33.5962 5.63835 15.9679 -0.637435 -0.0434145 -0.769114
33.5736 4.83461 16.0382 -0.625145 -0.0326763 -0.779824
33.566 4.07477 16.0762 -0.626274 -0.031319 -0.778972
33.5719 3.30106 16.1103 -0.655303 -0.0487456 -0.753792
33.5698 2.47343 16.1575 -0.651731 -0.0298522 -0.757854
33.5867 1.69879 16.1759 -0.649619 -0.0321475 -0.75958
33.4761 0.850715 16.2979 -0.638767 -0.0370147 -0.7683
33.3878 -0.317326 16.4481 -0.667418 -0.0459507 -0.743264
33.5039 -1.19465 16.3855 -0.655751 -0.0330722 -0.754252
33.7264 -2.14962 16.2257 -0.647296 -0.0236693 -0.761871
33.9113 -2.91513 16.0862 -0.647875 -0.00393456 -0.761737
34.0019 -3.87507 16.0289 -0.627679 -0.0199405 -0.778217
34.0004 -4.67342 16.0457 -0.637605 -0.0160719 -0.770129
33.7873 -5.8339 16.2614 -0.640176 -0.0274966 -0.767729
33.6977 -6.79206 16.3644 -0.657172 -0.0207489 -0.753455
33.7152 -7.55757 16.3614 -0.658962 -0.00677148 -0.752146
33.805 -8.40083 16.3041 -0.665292 -0.0243638 -0.746185
33.9105 -9.18326 16.2356 -0.661497 -0.0179334 -0.749688
33.9916 -10.3599 16.1704 -0.627543 0.00375197 -0.778558
33.8849 -11.4894 16.2544 -0.654264 -0.00538687 -0.756239
33.4633 -12.6249 16.6056 -0.666487 0.0251775 -0.745091
33.1879 -13.4446 16.8298 -0.667409 0.0159162 -0.744497
33.3623 -14.5786 16.6543 -0.661863 0.0138125 -0.749492
33.5966 -15.516 16.4232 -0.653796 0.0357063 -0.755828
33.8284 -16.5479 16.1778 -0.639837 0.0280564 -0.767805
33.6312 -17.5091 16.3502 -0.653325 -0.00692978 -0.757046
33.0602 -17.8914 16.8379 -0.682901 0.0114067 -0.730422
32.4008 -17.9091 17.4544 -0.69474 0.0120492 -0.718993
31.788 -17.5225 18.0713 -0.712365 0.0231139 -0.701264
31.6739 -16.4454 18.2436 -0.720251 0.0303384 -0.693032
31.9967 -15.8398 17.9292 -0.721168 0.0248274 -0.692315
32.3361 -15.1421 17.5988 -0.722346 0.0220914 -0.691179
32.6363 -14.2156 17.3287 -0.692001 0.0071501 -0.721861
32.6973 -13.3515 17.2863 -0.69636 0.0213878 -0.717301
32.6819 -12.4068 17.3378 -0.69068 0.0280538 -0.722616
32.5937 -11.4505 17.4354 -0.690927 0.00557946 -0.722864
32.5816 -10.5967 17.4466 -0.709681 0.00427514 -0.70451
32.5015 -9.44411 17.5224 -0.707883 -0.0117385 -0.706232
32.3855 -8.64366 17.632 -0.695158 -0.0116717 -0.718645
32.2736 -7.51384 17.7108 -0.707471 -0.0204739 -0.706434
32.1928 -6.50322 17.7684 -0.692324 -0.0172794 -0.721311
31.9697 -5.65377 17.9553 -0.709833 -0.0360789 -0.703238
31.6989 -4.98823 18.2033 -0.729159 0.0124882 -0.684231
31.3977 -4.30009 18.4987 -0.712988 -0.0284226 -0.7006
31.0573 -3.65771 18.8222 -0.715441 -0.0239722 -0.698261
30.8884 -2.8678 18.9772 -0.733199 -0.0179504 -0.679607
31.5208 -2.44986 18.3066 -0.726956 -0.0286099 -0.68585
31.9707 -1.88934 17.8229 -0.704618 -0.0375161 -0.708595
32.3747 -1.1922 17.4042 -0.684501 -0.0317796 -0.728319
32.5755 -0.488212 17.1881 -0.668929 -0.0334738 -0.742465
32.6051 0.651458 17.0911 -0.667418 -0.0459507 -0.743264
32.5531 1.41911 17.1104 -0.679441 -0.0265103 -0.733251
32.4834 2.31661 17.1285 -0.686784 -0.0412025 -0.72561
32.4386 3.09458 17.1195 -0.682557 -0.0620801 -0.728141
32.3107 3.95339 17.1737 -0.683356 -0.0478837 -0.728461
32.1518 4.89939 17.2731 -0.686748 -0.0381443 -0.725894
32.0186 5.87761 17.3314 -0.686714 -0.0601744 -0.724433
31.9863 6.68922 17.3087 -0.680085 -0.0326741 -0.732405
32.0333 7.63625 17.2176 -0.677391 -0.0423394 -0.734403
32.2819 8.88232 16.9151 -0.672168 -0.0551032 -0.738215
32.2842 9.99077 16.8373 -0.653061 -0.050971 -0.755588
32.0296 10.8286 16.9981 -0.668573 -0.0436841 -0.742363
30.9891 10.2581 17.9678 -0.701638 -0.0586235 -0.70998
30.4677 10.8246 18.4692 -0.727416 -0.0215886 -0.685692
29.8815 10.7874 19.1374 -0.775549 -0.0140277 -0.631112
29.4276 10.3844 19.7012 -0.776658 -0.0100636 -0.629842
29.2954 11.0505 19.8609 -0.781875 -0.000684026 -0.623435
29.2814 12.0423 19.8523 -0.800968 -0.0348566 -0.597691
29.0181 12.6878 20.1456 -0.790309 -0.0721773 -0.608442
28.49 12.7318 20.8392 -0.799164 -0.0791779 -0.595826
27.9943 12.3692 21.5739 -0.803651 -0.0852399 -0.588965
27.5168 11.9289 22.2825 -0.800601 -0.0942421 -0.591697
27.1366 11.5394 22.8459 -0.789971 -0.102066 -0.604589
26.7453 11.1746 23.4098 -0.776015 -0.111902 -0.620708
26.4078 10.5429 23.9219 -0.76151 -0.0977262 -0.640722
26.2778 9.80387 24.1542 -0.763955 -0.0609151 -0.642388
26.3254 8.96337 24.1432 -0.787263 -0.0322098 -0.615775
26.3565 8.04775 24.1315 -0.79514 -0.00529406 -0.6064
26.0818 7.75799 24.5044 -0.800328 -0.0173391 -0.599271
25.7317 8.48505 24.9258 -0.784576 -0.0349086 -0.619049
25.6813 9.23179 24.9202 -0.767069 -0.0563439 -0.639044
25.6985 10.0085 24.8202 -0.762647 -0.0845834 -0.64126
25.7696 10.79 24.6351 -0.756421 -0.0881071 -0.648047
26.0182 11.7034 24.2094 -0.763846 -0.0881394 -0.639352
26.248 12.3568 23.8356 -0.770165 -0.0963987 -0.630518
26.4685 12.9877 23.4698 -0.770164 -0.0963959 -0.63052
26.8007 13.922 22.9073 -0.773599 -0.101853 -0.625436
27.0481 14.744 22.4499 -0.786246 -0.112852 -0.607217
27.427 15.2718 21.8558 -0.791925 -0.106949 -0.60118
27.7062 15.8432 21.3891 -0.790493 -0.105989 -0.603231
27.985 16.3889 20.931 -0.773174 -0.0970212 -0.626728
28.6049 16.8279 20.097 -0.762238 -0.0951596 -0.640013
29.1731 17.1942 19.3972 -0.740951 -0.0863838 -0.665839
29.6754 17.6552 18.8029 -0.728805 -0.0758824 -0.680503
30.0949 18.3526 18.293 -0.705255 -0.085462 -0.703783
30.4607 19.115 17.8597 -0.620585 -0.0868745 -0.779312
30.747 19.7538 17.582 -0.632293 0.0149242 -0.774476
31.0507 20.4688 17.339 -0.642189 0.0122345 -0.766449
31.4153 21.0524 17.0319 -0.637177 0.00046526 -0.770656
32.1923 21.1619 16.3978 -0.626002 -0.0204984 -0.779336
32.7454 20.4394 15.976 -0.613057 -0.00224769 -0.790036
33.1749 19.8127 15.6556 -0.60615 -0.00827055 -0.795307
33.3086 18.8734 15.5754 -0.579869 -0.0119952 -0.814583
33.5989 17.8044 15.3781 -0.59471 -0.0217901 -0.803642
33.7236 17.0298 15.3166 -0.573512 -0.0331063 -0.818528
34.1136 16.0395 15.0708 -0.575824 -0.0181264 -0.817373
34.5986 15.5489 14.7526 -0.558928 -0.0176082 -0.828982
35.3809 14.5975 14.2325 -0.555026 -0.00897653 -0.831748
35.3594 13.7111 14.2517 -0.55674 -0.0347059 -0.82897
35.6025 12.6428 14.1557 -0.537104 -0.0453792 -0.842294
35.4067 11.9347 14.3122 -0.558459 -0.0290613 -0.829023
35.2135 11.197 14.4703 -0.59461 -0.0376837 -0.80313
35.1653 10.467 14.5407 -0.593459 -0.039163 -0.803911
35.1452 9.64366 14.5927 -0.598575 -0.028712 -0.800552
34.7917 8.66504 14.8962 -0.597933 -0.0422555 -0.800383
34.643 7.79969 15.0516 -0.587844 -0.0240796 -0.808616
34.7198 7.04117 15.0183 -0.587855 -0.0240609 -0.808608
34.8064 6.20575 15.0037 -0.575348 -0.0458867 -0.816621
34.8297 5.44681 15.0251 -0.598026 -0.0263139 -0.800776
34.7706 4.68887 15.0982 -0.61422 -0.0254997 -0.788718
34.7579 3.84048 15.1376 -0.599355 -0.0389371 -0.799492
34.8942 2.89906 15.0825 -0.592581 -0.0351503 -0.804744
34.8498 1.87949 15.1608 -0.593147 -0.0369673 -0.804245
34.79 0.728339 15.2616 -0.618684 -0.0300963 -0.785063
34.6153 -0.30851 15.4284 -0.614402 -0.0149775 -0.788851
34.7071 -1.09517 15.3711 -0.617779 -0.0182073 -0.786141
34.9178 -1.91739 15.2258 -0.616596 -0.0206689 -0.787009
35.1981 -2.67103 15.0276 -0.619918 -0.0293088 -0.783972
35.2302 -3.75792 15.0536 -0.609504 -0.0369656 -0.79192
35.2989 -4.64845 15.0178 -0.609382 -0.012327 -0.792778
35.1961 -5.61965 15.13 -0.600477 -0.0301302 -0.799074
34.9102 -6.59007 15.3624 -0.609176 -0.00438011 -0.793023
34.8284 -7.33592 15.4274 -0.617221 0.0155444 -0.786636
34.9576 -8.17485 15.3457 -0.599059 -0.0147193 -0.800568
35.115 -9.11675 15.2507 -0.599947 -0.0218392 -0.799742
35.1641 -9.91079 15.2356 -0.599935 -0.0218583 -0.79975
35.2081 -10.7296 15.193 -0.602667 0.0222922 -0.797681
35.2251 -11.5079 15.1583 -0.616193 0.016109 -0.787221
34.9797 -12.2092 15.3299 -0.629186 0.0353071 -0.776453
34.5171 -13.3597 15.6679 -0.64897 0.0252416 -0.760395
34.5146 -14.1746 15.6554 -0.618237 -0.00194024 -0.785972
34.7756 -15.0112 15.4547 -0.626779 0.0102055 -0.778932
34.9915 -15.7946 15.2519 -0.6335 0.0221218 -0.773414
35.0851 -16.5691 15.1749 -0.614283 0.00214636 -0.789083
35.1071 -17.5551 15.1388 -0.621873 0.00968493 -0.782981
34.8007 -18.2299 15.3814 -0.629217 0.00674033 -0.7772
34.1847 -18.9335 15.8654 -0.622652 0.0142624 -0.782369
33.6158 -19.3505 16.3117 -0.657264 0.00534731 -0.753353
32.8115 -19.5285 17.0383 -0.670203 0.00120691 -0.742177
32.2752 -19.3819 17.537 -0.693475 0.00248058 -0.720477
31.7482 -19.2694 18.0664 -0.718411 0.00685466 -0.695585
31.1885 -18.942 18.6729 -0.735165 0.000358016 -0.677888
30.8302 -18.4291 19.0732 -0.753743 0.0168289 -0.656953
30.6402 -17.7212 19.3244 -0.776516 0.037857 -0.62896
30.5493 -16.9437 19.4698 -0.774908 0.0186857 -0.631798
30.397 -16.2279 19.6783 -0.765269 0.0366189 -0.642521
30.8479 -15.4255 19.1796 -0.757918 0.0189997 -0.652073
31.2494 -14.8678 18.7623 -0.738658 0.0185087 -0.673753
31.6284 -13.896 18.3633 -0.73381 0.00889312 -0.679287
31.6482 -12.8956 18.3579 -0.719957 0.0216771 -0.69368
31.5675 -12.1157 18.4653 -0.728339 0.0223923 -0.684736
31.4968 -11.1075 18.5558 -0.734268 0.00110261 -0.678859
31.4444 -10.0338 18.6087 -0.730882 -0.0164005 -0.68226
31.2536 -8.75789 18.769 -0.72147 -0.0169206 -0.692022
31.1605 -7.89749 18.8574 -0.725119 -0.00728921 -0.688585
31.1222 -6.9167 18.8691 -0.729921 -0.0192929 -0.683202
31.0255 -6.1679 18.9505 -0.727486 -0.018931 -0.685862
30.7255 -5.4434 19.2538 -0.73616 -0.0129221 -0.676684
30.393 -4.86836 19.608 -0.752773 -0.0239466 -0.657804
29.9815 -4.29829 20.0535 -0.753742 -0.0310987 -0.656434
29.5178 -4.04606 20.5793 -0.757139 -0.0266344 -0.652711
29.0195 -4.10691 21.1755 -0.766422 -0.0308762 -0.641594
28.5459 -4.00923 21.7529 -0.779952 -0.0359462 -0.624806
28.0558 -3.53176 22.353 -0.790386 -0.0252137 -0.612089
27.7709 -2.85723 22.6916 -0.789816 -0.0311152 -0.612552
27.8352 -1.81395 22.5536 -0.790067 -0.0379788 -0.611816
28.371 -1.13503 21.8234 -0.782818 -0.0352345 -0.621253
28.8542 -0.99936 21.2226 -0.767782 -0.0295326 -0.64003
29.4286 -1.15895 20.5519 -0.758473 -0.031184 -0.650958
30.0413 -1.31153 19.854 -0.746627 -0.0363581 -0.664235
30.6269 -1.30111 19.1912 -0.748473 -0.0394723 -0.66199
31.1958 -0.825154 18.5523 -0.727036 -0.0345557 -0.685729
31.4832 -0.0653444 18.2093 -0.726759 -0.0353543 -0.685981
31.4711 1.03246 18.1687 -0.715795 -0.032898 -0.697535
31.4049 2.05354 18.1874 -0.721989 -0.0304421 -0.691169
31.2861 3.05849 18.2402 -0.721355 -0.0587358 -0.69007
31.1966 3.87918 18.2688 -0.702702 -0.0518793 -0.709547
31.0478 4.88168 18.3333 -0.697739 -0.0522777 -0.714417
30.8905 5.94374 18.4101 -0.694391 -0.0553497 -0.717454
30.8305 6.70746 18.4018 -0.694507 -0.0445522 -0.717864
30.7574 7.79666 18.423 -0.698226 -0.0501047 -0.714023
30.9007 8.55272 18.2197 -0.696018 -0.0645002 -0.71511
31.1303 9.48556 17.9051 -0.694903 -0.0708298 -0.715603
31.0939 9.90477 17.9001 -0.694339 -0.0687427 -0.716357
25.2445 3.69523 25.768 -0.804232 -0.0376077 -0.593072
24.6324 4.32219 26.5483 -0.800443 -0.0342582 -0.598429
23.9825 4.27205 27.4068 -0.791312 -0.0716379 -0.607202
23.4196 4.01406 28.1502 -0.777479 -0.0484749 -0.626981
23.2033 3.34422 28.469 -0.775159 -0.0579882 -0.6291
23.2524 2.60192 28.4778 -0.784993 -0.0537487 -0.617153
23.5272 1.79167 28.1949 -0.789191 -0.0429282 -0.612528
23.9953 1.32427 27.6068 -0.795786 -0.0363592 -0.604486
24.557 1.31259 26.8433 -0.806529 -0.0369991 -0.590035
25.0802 1.63806 26.1058 -0.808297 -0.0331534 -0.58784
25.3508 2.23655 25.7 -0.807958 -0.033947 -0.58826
25.4153 2.98812 25.571 -0.810056 -0.0312675 -0.585519
25.3741 3.22796 25.6151 -0.80851 -0.0311257 -0.587652
21.3453 5.97683 30.3382 -0.748211 -0.0991635 -0.656008
21.3442 6.85848 30.2062 -0.743734 -0.0940541 -0.661766
21.0827 7.64111 30.3829 -0.724532 -0.109396 -0.680489
20.3893 8.31385 31.0065 -0.722826 -0.111863 -0.681909
19.8086 8.43169 31.589 -0.710975 -0.124527 -0.692103
19.2699 8.42382 32.1207 -0.690481 -0.138513 -0.709965
18.4664 8.64518 32.8346 -0.672987 -0.126888 -0.728689
17.8481 8.90772 33.3595 -0.658496 -0.131017 -0.741032
17.2083 9.69543 33.7779 -0.651433 -0.132172 -0.747105
16.9779 10.5645 33.8253 -0.650398 -0.12708 -0.748869
16.6046 11.4418 33.986 -0.63274 -0.13252 -0.762886
16.1009 11.9419 34.3049 -0.6191 -0.133499 -0.773882
15.2269 12.2836 34.9409 -0.602327 -0.132966 -0.786915
14.2974 12.3051 35.6251 -0.589377 -0.128426 -0.797584
13.6718 12.0787 36.1075 -0.575739 -0.111277 -0.810026
13.1972 11.2786 36.5491 -0.566996 -0.102359 -0.817331
13.1542 10.3307 36.6995 -0.54946 -0.111838 -0.827992
13.4884 9.25932 36.6177 -0.547284 -0.109687 -0.829724
14.1925 8.60845 36.2342 -0.545327 -0.0990982 -0.832345
14.79 8.23549 35.8723 -0.558845 -0.0867074 -0.824726
15.6119 8.09556 35.2961 -0.598019 -0.0945316 -0.795887
16.4123 8.03046 34.6934 -0.62117 -0.104231 -0.776686
16.7459 7.31651 34.5356 -0.621597 -0.12868 -0.772696
16.9608 6.57909 34.4781 -0.61236 -0.110903 -0.782762
17.2116 5.70316 34.385 -0.632806 -0.117862 -0.765083
16.9291 5.07189 34.723 -0.614629 -0.121555 -0.779395
16.3076 4.68577 35.2704 -0.591042 -0.116094 -0.797951
15.7321 4.22826 35.7394 -0.577276 -0.103725 -0.809935
15.4599 3.57944 36.0027 -0.565297 -0.0893286 -0.820036
15.493 2.75997 36.0574 -0.568293 -0.0685518 -0.819966
15.6855 1.83135 36.0038 -0.565936 -0.0726861 -0.821239
15.6105 0.96741 36.1581 -0.575539 -0.10744 -0.810686
15.4377 -0.015872 36.4005 -0.523557 -0.0932807 -0.846869
15.1826 -0.955675 36.6598 -0.523599 -0.0899543 -0.847203
15.1689 -1.83352 36.7474 -0.559759 -0.0357641 -0.82787
15.4306 -2.64137 36.6015 -0.563387 -0.0435885 -0.824979
16.0142 -3.16599 36.2403 -0.551617 -0.0643262 -0.831614
16.771 -3.46527 35.7264 -0.592985 -0.0762544 -0.801595
17.6382 -3.26339 35.0339 -0.629202 -0.077558 -0.773362
18.304 -2.57876 34.4228 -0.662681 -0.03619 -0.748027
18.4925 -1.63352 34.1953 -0.675074 -0.0597529 -0.735317
18.3393 -0.776036 34.2619 -0.676764 -0.0711908 -0.732695
17.9718 0.163201 34.4746 -0.65729 -0.0942078 -0.74763
17.6061 1.16774 34.6562 -0.638812 -0.0824018 -0.764836
17.6115 2.04016 34.5611 -0.624612 -0.0837239 -0.776435
17.695 2.97002 34.389 -0.625667 -0.0873507 -0.775184
17.9445 3.91628 34.0566 -0.653467 -0.114778 -0.748203
18.3651 4.51673 33.5971 -0.658194 -0.111591 -0.744501
18.8912 4.72302 33.0844 -0.672983 -0.103878 -0.732327
19.6536 4.89208 32.3123 -0.709592 -0.0968321 -0.697919
20.3443 5.04693 31.5763 -0.724276 -0.0883989 -0.68382
20.8971 5.34614 30.9367 -0.736766 -0.0935643 -0.669591
21.2963 5.841 30.4146 -0.748247 -0.098908 -0.656006
20.0281 6.81247 31.6322 -0.717526 -0.113832 -0.68715
19.9962 6.78997 31.6696 -0.718068 -0.118466 -0.685817
19.4904 6.95213 32.1615 -0.681729 -0.112866 -0.722586
19.1918 6.37445 32.5444 -0.67597 -0.131203 -0.725155
18.653 6.22571 33.0696 -0.672591 -0.125367 -0.729317
18.1548 6.8041 33.4171 -0.662244 -0.117279 -0.740053
18.5124 7.08736 33.0517 -0.662688 -0.118323 -0.73949
19.2419 7.01879 32.39 -0.687484 -0.0945284 -0.720021
15.9475 9.4733 34.8506 -0.614664 -0.122119 -0.779278
15.8649 10.2352 34.7873 -0.609527 -0.13535 -0.781126
15.1153 10.7151 35.2769 -0.590236 -0.141332 -0.794674
14.5922 10.3955 35.7198 -0.556443 -0.140512 -0.818919
14.9472 9.77613 35.5679 -0.587194 -0.11212 -0.801644
15.7073 9.55584 35.0271 -0.614662 -0.122121 -0.77928
11.9301 13.5074 37.1497 -0.573735 -0.0836337 -0.81476
11.8697 14.2492 37.1212 -0.582576 -0.0855048 -0.808119
11.9312 15.0575 36.9777 -0.596972 -0.0855402 -0.797555
11.7694 15.9809 36.9952 -0.60948 -0.100025 -0.786466
11.2888 16.6675 37.3083 -0.630053 -0.0746398 -0.772957
10.7577 17.0253 37.715 -0.693866 -0.0653289 -0.71448
10.0451 17.2027 38.3413 -0.66328 -0.0235949 -0.747999
9.43152 17.2523 39.0196 -0.706625 0.0769648 -0.70339
8.84329 17.086 39.5544 -0.616054 0.224739 -0.754963
8.34738 16.6189 39.7977 -0.525093 0.242179 -0.815421
8.13207 15.8899 39.7562 -0.480463 0.159284 -0.862429
8.11343 14.8962 39.6121 -0.41997 0.127765 -0.898499
8.29148 14.0996 39.4245 -0.37553 0.059557 -0.924895
8.40549 13.3046 39.3102 -0.443953 0.0719346 -0.893158
8.31973 12.5316 39.3056 -0.412677 0.0420155 -0.909544
7.95276 11.8586 39.4193 -0.372417 0.0572217 -0.925876
7.35582 11.2503 39.6085 -0.349238 0.0490071 -0.935752
6.58699 10.6146 39.8348 -0.268951 0.0619342 -0.96116
6.23988 9.8846 39.8764 -0.243528 0.0719995 -0.967204
6.1754 9.02948 39.8431 -0.237504 0.046411 -0.970277
6.45619 8.34482 39.744 -0.237049 0.0357469 -0.97084
7.05339 7.92914 39.5912 -0.23736 0.0196479 -0.971097
8.00369 7.79057 39.3137 -0.301498 -0.00755988 -0.953437
9.00038 8.26242 38.9578 -0.357811 -0.010048 -0.933725
9.41856 9.3084 38.7809 -0.394431 -0.0281963 -0.918476
9.43087 10.1999 38.746 -0.402083 -0.0275613 -0.915188
9.37752 11.1332 38.7777 -0.402234 0.0231338 -0.915245
9.60859 12.1277 38.6524 -0.472475 0.00522721 -0.881328
10.2797 12.8362 38.2668 -0.519486 -0.0241649 -0.854137
10.8773 13.1869 37.8806 -0.539744 -0.0461592 -0.840563
11.5499 13.4962 37.4186 -0.573734 -0.083632 -0.814761
10.5646 14.6239 38.0355 -0.567659 -0.0420554 -0.821335
10.5343 15.3344 38.0241 -0.622146 -0.0349109 -0.782123
9.77993 15.5742 38.5987 -0.588691 0.0329259 -0.806588
9.38348 14.7915 38.8358 -0.530785 0.0288603 -0.846497
9.98958 14.2778 38.4244 -0.555059 -0.014617 -0.831683
10.5096 14.5918 38.0719 -0.549487 -0.0168172 -0.835304
7.82294 9.41041 39.3825 -0.346511 0.00686058 -0.938018
7.82047 9.41147 39.3835 -0.323151 0.0163516 -0.945799
2.44832 3.76576 40.1601 -0.0271617 0.0280555 -0.999237
1.41919 4.07169 40.1858 0.000325127 0.0224566 -0.999699
0.466045 3.80159 40.1626 0.0238549 0.0270963 -0.999348
-0.010513 3.12467 40.1295 0.055384 0.0321007 -0.997949
-0.229184 2.29602 40.102 0.050515 0.00723502 -0.998697
-0.138526 1.50727 40.0962 0.0458399 0.0155568 -0.998828
0.168551 0.655116 40.1095 0.0536732 -0.0110438 -0.998497
0.908226 0.462853 40.1431 0.0406209 -0.00461353 -0.999164
1.7038 0.571118 40.1555 -0.0114193 -0.0057864 -0.999918
2.5254 1.03146 40.1386 -0.0232853 -0.0172753 -0.99958
3.10471 1.74762 40.1108 -0.0565019 -0.0253524 -0.998081
3.13913 2.76588 40.1092 -0.0605668 0.0184699 -0.997993
2.81355 3.42905 40.1407 -0.047831 0.0182376 -0.998426
-1.54544 -1.17736 39.9938 0.105615 -0.0174487 -0.994254
-1.15812 -2.10295 40.0557 0.0931784 -0.0306993 -0.995176
-1.10227 -2.88636 40.0866 0.0930192 -0.0360364 -0.995012
-1.49001 -3.66927 40.079 0.122452 -0.0485622 -0.991286
-2.11471 -4.17043 40.0157 0.135807 -0.0259632 -0.990395
-2.98887 -4.6439 39.8975 0.153404 -0.0393271 -0.987367
-3.70805 -5.13945 39.7836 0.182976 -0.0156218 -0.982993
-4.30082 -5.912 39.695 0.207908 -0.0316793 -0.97746
-4.59134 -6.72558 39.6519 0.236361 -0.0359218 -0.970906
-4.96099 -7.39696 39.5944 0.239807 -0.0489595 -0.969585
-5.79043 -8.05618 39.4031 0.271156 -0.0432315 -0.961359
-6.90668 -8.0856 39.0573 0.308256 -0.0483835 -0.949982
-7.80534 -7.15295 38.6989 0.367565 -0.02866 -0.929413
-7.90911 -6.38781 38.6444 0.357455 -0.0174097 -0.933768
-7.51875 -5.49079 38.7652 0.321481 -0.0146479 -0.946803
-6.7689 -5.00229 39.0036 0.308161 -0.0247128 -0.951013
-5.82299 -4.59454 39.2737 0.258302 -0.0202665 -0.965852
-4.99575 -3.99487 39.4719 0.230382 -0.0240765 -0.972802
-4.52637 -3.24915 39.562 0.199835 -0.00636285 -0.979809
-4.19013 -2.52418 39.6192 0.190112 -0.0194996 -0.981569
-3.68437 -1.67391 39.7021 0.16902 -0.0149464 -0.985313
-3.05433 -1.28614 39.7931 0.15336 -0.00655222 -0.988149
-2.29095 -1.1587 39.9014 0.130412 -0.01166 -0.991391
-1.57728 -1.14835 39.9899 0.105615 -0.0174487 -0.994254
-15.8095 1.59497 35.3722 0.532882 0.0976578 -0.840513
-16.2499 0.810952 34.9689 0.556112 0.117164 -0.822808
-16.8416 0.538333 34.5103 0.595607 0.123461 -0.793658
-17.5982 0.518889 33.937 0.593057 0.110225 -0.79758
-18.271 0.916862 33.4683 0.614777 0.0969717 -0.782701
-18.6986 1.96108 33.2416 0.66008 0.101675 -0.744282
-18.4659 2.95523 33.6013 0.660186 0.117141 -0.741911
-17.7602 3.55643 34.2683 0.610919 0.115112 -0.78328
-17.1653 3.65568 34.7457 0.584402 0.106598 -0.804233
-16.5513 3.46821 35.1473 0.565967 0.113216 -0.816605
-15.8626 2.70138 35.4805 0.522635 0.128778 -0.842775
-15.7795 1.94472 35.4345 0.528911 0.106369 -0.841971
-16.5265 8.3501 35.8051 0.560035 0.147817 -0.815175
-15.8346 8.58057 36.3096 0.517032 0.117792 -0.847567
-15.217 9.24403 36.7754 0.4836 0.120299 -0.866605
-15.0437 10.1259 37.0087 0.524838 0.0977941 -0.845388
-15.2983 11.1641 36.9843 0.497658 0.130776 -0.857458
-15.9148 11.8484 36.7329 0.496511 0.158174 -0.85335
-16.6537 12.0014 36.2754 0.554078 0.171738 -0.814558
-17.4303 11.8112 35.707 0.556171 0.141692 -0.818337
-17.9627 11.2507 35.2033 0.612966 0.120394 -0.780882
-18.3003 10.21 34.7709 0.644233 0.0977683 -0.758555
-18.1095 9.29619 34.7797 0.610753 0.116437 -0.783214
-17.6087 8.70141 35.0741 0.596276 0.133883 -0.791537
-17.0032 8.34034 35.4692 0.591033 0.13205 -0.795735
-16.8663 8.31534 35.5653 0.57291 0.13902 -0.807556
-16.6266 9.88046 35.967 0.560836 0.138741 -0.81622
-16.6998 10.3927 36.0038 0.544546 0.12871 -0.828485
-16.8548 10.0431 35.8378 0.560836 0.138738 -0.81622
-16.539 15.4851 37.0046 0.593545 0.140501 -0.792156
-17.1749 16.0337 36.6124 0.60432 0.15163 -0.78218
-17.7561 16.4582 36.2389 0.658349 0.143572 -0.738657
-18.3278 16.8232 35.7824 0.668956 0.135393 -0.730825
-18.8765 17.2052 35.28 0.721109 0.0812987 -0.688035
-19.474 17.5713 34.683 0.741321 0.0849326 -0.665722
-20.0726 18.0333 34.0829 0.739171 0.0910377 -0.667337
-20.6485 18.2831 33.4082 0.778738 0.0518181 -0.625002
-21.2043 18.3889 32.7156 0.779946 0.0431598 -0.624343
-21.8277 18.2339 31.9299 0.782966 0.0263472 -0.621506
-22.5012 17.878 31.057 0.785897 0.0413385 -0.616966
-22.9278 17.3682 30.4749 0.788209 0.0466978 -0.613619
-23.354 17.0911 29.8828 0.803813 0.0396689 -0.593558
-23.8588 16.8875 29.1796 0.807688 0.040899 -0.588189
-24.3996 16.9596 28.4407 0.808653 0.042289 -0.586761
-24.8596 17.1625 27.8232 0.809157 0.0438339 -0.585952
-25.5796 17.3815 26.8413 0.812053 0.0483741 -0.581547
-26.0279 17.5904 26.2421 0.807512 0.05313 -0.587453
-26.5916 17.5601 25.4634 0.808504 0.0540705 -0.586002
-27.1502 17.4431 24.6761 0.811037 0.0818151 -0.579215
-27.6139 17.7019 24.0702 0.804921 0.0726008 -0.588893
-27.7064 18.4603 24.0396 0.787148 0.0725703 -0.61248
-27.6711 19.3335 24.1427 0.794704 0.0250451 -0.606463
-27.6463 20.3345 24.2007 0.800866 0.00775824 -0.598791
-27.6693 21.2507 24.1758 0.803389 -0.00119285 -0.595454
-27.7549 21.996 24.0547 0.804297 -0.0099922 -0.594144
-27.4661 22.4341 24.4456 0.811277 -0.00772369 -0.58461
-27.0072 22.3704 25.0829 0.808442 0.00105954 -0.588574
-26.5498 22.3435 25.7067 0.806491 0.00413975 -0.591232
-26.0879 21.9553 26.3322 0.805207 0.00600514 -0.592963
-25.5206 22.0158 27.1043 0.806395 0.00649731 -0.591341
-24.9416 21.9711 27.8938 0.806227 0.00561965 -0.591578
-24.3986 21.8652 28.6328 0.806101 0.00701358 -0.591736
-23.9366 21.7616 29.261 0.806092 0.00700665 -0.591749
-23.3798 21.6538 30.0123 0.803371 0.0100939 -0.595393
-22.8736 21.5001 30.6907 0.798427 0.0190686 -0.60177
-22.4414 21.1574 31.2495 0.797807 0.0238124 -0.602443
-21.879 21.0844 31.9805 0.792442 0.0271043 -0.609344
-21.2956 21.338 32.7424 0.784395 0.0319424 -0.619429
-20.7996 21.8068 33.3895 0.782549 0.0325443 -0.621733
-20.2331 22.4331 34.1041 0.759354 0.0385072 -0.649457
-19.5792 22.5812 34.8776 0.758831 0.0652532 -0.648011
-19.0053 22.6773 35.542 0.743246 0.0634233 -0.666005
-18.4613 22.7704 36.1266 0.710586 0.0766671 -0.699421
-17.5974 22.5909 36.947 0.6709 0.0742991 -0.737816
-16.9315 22.2742 37.4973 0.621062 0.0855598 -0.778538
-16.2721 21.521 37.9298 0.602383 0.0707722 -0.795064
-15.8362 20.7285 38.1489 0.525541 0.0140358 -0.850652
-15.5033 19.8301 38.3289 0.51288 0.0519084 -0.85674
-15.2551 18.7492 38.4097 0.52496 0.0426263 -0.850059
-15.0345 17.9937 38.4503 0.447889 0.129391 -0.884536
-14.8742 16.9273 38.3466 0.448187 0.16284 -0.878983
-15.1305 16.2266 38.0541 0.479739 0.182363 -0.858114
-15.7218 15.7348 37.6267 0.522088 0.156352 -0.836931
-16.2547 15.4985 37.2109 0.571302 0.143757 -0.80797
-16.5973 17.4109 37.3371 0.618853 0.235965 -0.749227
-16.5243 18.3465 37.4788 0.606857 0.0735745 -0.791399
-16.7042 19.2067 37.4149 0.609192 0.0570596 -0.790957
-16.9066 19.979 37.3178 0.606844 0.0608578 -0.792486
-17.3119 20.6951 37.0278 0.633298 0.027363 -0.773424
-18.0936 21.2066 36.3385 0.698885 0.023763 -0.714839
-18.6459 21.2416 35.7956 0.725552 0.0429981 -0.686802
-19.2015 21.0712 35.2032 0.723165 0.0390206 -0.689572
-19.6859 20.9119 34.6437 0.752751 0.0376774 -0.657227
-20.1662 20.5258 34.0873 0.758705 0.0207508 -0.650813
-20.3656 19.7035 33.8202 0.774835 0.0147002 -0.631944
-19.8878 19.5004 34.3666 0.746813 0.0192932 -0.664754
-19.3052 19.1934 34.9896 0.718617 0.0389969 -0.694311
-18.764 18.7967 35.5266 0.71503 0.0518877 -0.697139
-18.0555 18.2252 36.1702 0.685933 0.036568 -0.726745
-17.441 17.8374 36.6924 0.64316 0.0425702 -0.764548
-16.9273 17.5357 37.1039 0.625714 0.107223 -0.761714
-16.7692 17.4403 37.2043 0.618854 0.235966 -0.749226
-22.6613 19.4535 30.9148 0.797167 0.0171404 -0.603515
-23.1032 20.0023 30.3423 0.799074 0.0132732 -0.601086
-23.81 20.2099 29.3955 0.804848 0.0130825 -0.593336
-24.3265 20.3022 28.6971 0.80568 0.0146928 -0.592166
-24.7996 20.3973 28.0546 0.806035 0.0132714 -0.591719
-25.2688 20.469 27.417 0.806945 0.0195472 -0.590302
-25.7658 20.4697 26.7376 0.806894 0.0206932 -0.590333
-26.2742 20.4865 26.0455 0.803818 0.0175699 -0.594615
-26.7212 20.1952 25.4321 0.804165 0.0169968 -0.594163
-26.6392 19.4895 25.5221 0.804281 0.0248698 -0.593688
-26.2584 19.1472 26.0215 0.805093 0.0316007 -0.592306
-25.8043 19.1141 26.637 0.80436 0.0330229 -0.593221
-25.3082 18.808 27.3017 0.806883 0.0263751 -0.590123
-24.8559 18.5814 27.9115 0.808245 0.0253269 -0.588301
-24.4174 18.4406 28.5078 0.807827 0.0227255 -0.588977
-23.7581 18.4754 29.4132 0.807589 0.0259451 -0.589175
-23.3069 18.8298 30.0371 0.801709 0.0200393 -0.597378
-22.8486 19.4168 30.6664 0.797166 0.0171387 -0.603517
-27.8552 22.5783 23.9 0.820048 -0.024521 -0.57173
-27.9753 22.5652 23.7291 0.81873 -0.0182934 -0.573887
-29.4977 16.6833 21.187 0.813741 0.091308 -0.574011
-28.9562 16.1001 21.8625 0.815474 0.102855 -0.569581
-28.3404 15.6304 22.6655 0.817358 0.101607 -0.567099
-28.0058 14.5579 22.9599 0.821957 0.102951 -0.560168
-27.7857 13.8674 23.1587 0.825219 0.10228 -0.555475
-27.3335 12.9209 23.6653 0.827252 0.0979724 -0.553223
-26.9581 12.2084 24.1144 0.834421 0.0926179 -0.543289
-26.6131 11.5341 24.532 0.838727 0.0946638 -0.53626
-26.3312 10.5941 24.8095 0.841374 0.0913666 -0.532675
-26.165 9.83322 24.9406 0.842948 0.0909064 -0.530237
-26.0426 8.83151 24.9771 0.845262 0.078552 -0.528521
-25.9155 8.09058 25.0704 0.843029 0.0738286 -0.532762
-25.9241 7.24364 24.9458 0.844244 0.0708867 -0.53125
-26.0349 6.36375 24.6561 0.84401 0.0669978 -0.532124
-26.3446 6.42101 24.1726 0.843787 0.0659876 -0.532606
-26.4228 7.45526 24.1816 0.844069 0.0701591 -0.531625
-26.4416 8.21603 24.2538 0.847661 0.0712358 -0.525717
-26.5353 8.98068 24.2117 0.844596 0.0849455 -0.52862
-26.7891 9.71573 23.9298 0.841003 0.0966775 -0.532319
-27.1977 10.1823 23.3748 0.837231 0.102466 -0.537159
-27.5995 10.555 22.8265 0.83194 0.104333 -0.544968
-28.0289 10.964 22.2509 0.829704 0.102595 -0.548694
-28.4501 11.4085 21.6984 0.830105 0.10509 -0.547614
-28.9028 11.7853 21.1048 0.831992 0.122638 -0.54103
-29.3577 11.7641 20.4646 0.760511 0.162202 -0.62874
-29.7053 11.2694 19.9874 0.726708 0.0740258 -0.682946
-29.7249 10.341 19.8775 0.723489 0.0641294 -0.687335
-30.1703 10.0236 19.3755 0.72588 0.0638739 -0.684831
-30.9033 10.2463 18.6688 0.695379 0.0580559 -0.716294
-31.5961 9.76218 17.9848 0.662919 0.0516106 -0.746891
-31.6086 8.98606 17.9145 0.657457 0.0612646 -0.750955
-31.5579 8.11326 17.9401 0.645328 0.00447997 -0.763892
-31.6303 7.12707 17.8781 0.658018 0.00534673 -0.752983
-31.8627 6.43679 17.6766 0.667998 -0.0109078 -0.743989
-32.2478 5.44261 17.3682 0.638479 -0.0124009 -0.769539
-32.4235 4.65636 17.2359 0.632606 -0.00659381 -0.774373
-32.5119 3.56991 17.1706 0.646458 -0.00817803 -0.762906
-32.408 2.7892 17.2571 0.646873 0.00344917 -0.76259
-32.0622 1.82945 17.5713 0.66753 -0.00817533 -0.744538
-31.7375 1.20533 17.8688 0.669082 0.00381224 -0.743142
-31.8316 0.049496 17.7702 0.68373 0.00576112 -0.729712
-32.0844 -1.0753 17.5391 0.676239 -0.00140489 -0.736681
-32.1581 -2.14612 17.4778 0.67335 -0.00435314 -0.739311
-32.104 -2.96327 17.5061 0.662679 0.0150316 -0.748753
-32.2026 -3.85678 17.4028 0.662643 0.0123355 -0.748834
-32.3715 -4.84304 17.2286 0.656125 0.0244447 -0.754192
-32.5613 -6.07237 17.035 0.647883 0.0166461 -0.761558
-32.7743 -7.13624 16.8215 0.649011 0.028384 -0.760249
-32.7244 -7.8872 16.8353 0.640717 0.0421521 -0.766619
-32.7636 -8.76533 16.7537 0.640304 0.0431958 -0.766906
-32.7015 -9.6777 16.7535 0.642201 0.0458284 -0.765158
-32.657 -10.5025 16.7478 0.647068 0.0395769 -0.761357
-32.5094 -11.3871 16.8144 0.65188 0.0618351 -0.755797
-32.4013 -12.5193 16.817 0.652302 0.0589689 -0.755662
-32.3663 -13.5567 16.7691 0.63247 0.0570721 -0.772479
-32.3553 -14.4839 16.7137 0.627384 0.049734 -0.77712
-32.3809 -15.2934 16.6487 0.625953 0.0359931 -0.779029
-32.6254 -16.1192 16.4128 0.625053 0.0391882 -0.779598
-32.9262 -17.096 16.1329 0.613735 0.0409114 -0.78831
-33.3249 -18.0109 15.7695 0.604974 0.0442287 -0.795016
-33.7313 -18.5923 15.4585 0.568472 0.0382395 -0.821811
-34.4292 -18.9021 14.9679 0.552255 0.0332801 -0.833011
-35.0098 -19.2012 14.571 0.555308 0.030705 -0.831077
-35.7852 -19.4206 14.0559 0.527638 0.0202102 -0.848796
-36.5755 -19.163 13.6079 0.49523 0.018637 -0.868562
-37.4409 -18.8538 13.139 0.481026 0.020913 -0.876457
-37.8267 -17.6203 12.9575 0.478966 0.0171794 -0.877653
-37.6075 -16.6701 13.099 0.462708 0.0265964 -0.886112
-37.2742 -15.9696 13.293 0.481475 0.0306039 -0.875926
-36.9197 -15.202 13.5196 0.499745 0.0440682 -0.864922
-36.6243 -14.5074 13.7254 0.506649 0.0303386 -0.861619
-36.5004 -13.6985 13.8272 0.509473 0.0330969 -0.85975
-36.7838 -12.8076 13.6945 0.517542 0.0281247 -0.855132
-36.6527 -11.4769 13.7985 0.521985 0.0223307 -0.852614
-36.4458 -10.3731 13.9666 0.506511 0.0367949 -0.861448
-36.3144 -9.31874 14.1044 0.538238 0.0484175 -0.841401
-36.0168 -8.15821 14.3363 0.541902 0.0286978 -0.839952
-35.7094 -6.84236 14.5713 0.578799 0.00617129 -0.815447
-35.6259 -6.10253 14.6387 0.549429 0.0216202 -0.835255
-35.8257 -5.32929 14.5281 0.554374 0.0178299 -0.832077
-36.0705 -4.55204 14.3805 0.552272 0.0176269 -0.833472
-36.2511 -3.49769 14.2867 0.553041 0.023925 -0.832798
-36.3852 -2.72645 14.2216 0.533655 0.02813 -0.845234
-36.2771 -1.8182 14.3154 0.538026 0.00567267 -0.842909
-36.0841 -0.832419 14.4448 0.537799 0.00540492 -0.843056
-35.93 -0.0609168 14.5565 0.544169 0.0148934 -0.838843
-35.7141 0.855863 14.7107 0.565462 0.0159525 -0.82462
-35.4977 1.56472 14.8728 0.565413 0.0160897 -0.824651
-35.4003 2.39025 14.9404 0.571977 -6.1233e-05 -0.82027
-35.3705 3.15715 14.9598 0.567974 -0.00424636 -0.823035
-35.3632 3.91875 14.9675 0.567 0.0100257 -0.823657
-35.4213 4.67292 14.9305 0.583807 -0.00397498 -0.811883
-35.6802 5.46211 14.7502 0.561318 0.00155783 -0.827599
-35.9337 6.58213 14.5813 0.55133 -0.00150293 -0.834266
-36.0119 7.53306 14.5301 0.545475 0.00629754 -0.838103
-35.9809 8.4318 14.5613 0.543926 0.0152228 -0.838995
-35.8208 9.25456 14.6725 0.542102 -0.000717995 -0.840312
-35.5796 10.278 14.8459 0.562938 0.014895 -0.826365
-35.3435 11.3149 15.0347 0.569918 0.0306742 -0.821129
-35.8571 12.096 14.7053 0.545369 0.00926451 -0.838144
-36.6798 12.3381 14.1863 0.523178 0.0188533 -0.852015
-37.3794 12.7219 13.7893 0.482076 0.0293294 -0.875638
-37.7406 13.5926 13.6028 0.492029 -0.00185468 -0.870577
-37.3458 14.2902 13.8246 0.491851 0.0026794 -0.870665
-36.5655 14.5519 14.2812 0.527918 0.0227283 -0.848949
-35.8864 14.3425 14.7163 0.555792 0.00963414 -0.831266
-35.4128 13.8403 15.0271 0.562732 0.0164614 -0.826404
-35.3417 12.9436 15.0531 0.568974 0.0212559 -0.821609
-35.1867 12.2146 15.1571 0.570443 -0.00922914 -0.821285
-34.3319 11.806 15.7913 0.606003 0.00581654 -0.795441
-33.1749 11.9836 16.746 0.651803 0.0493598 -0.75678
-32.7053 12.4277 17.1754 0.659455 0.023805 -0.751367
-32.6228 13.1989 17.2915 0.668964 0.0438858 -0.741998
-32.8144 13.9792 17.1649 0.672743 0.0369847 -0.738903
-33.2025 14.5821 16.8298 0.676355 0.0249106 -0.736155
-33.7174 15.4255 16.4122 0.64477 0.0311066 -0.763743
-34.0511 16.2991 16.1723 0.640648 0.0410664 -0.766736
-34.1601 17.042 16.1218 0.614623 0.0436971 -0.78761
-34.0417 18.2937 16.2424 0.658701 0.00332908 -0.752363
-33.4613 18.8897 16.7453 0.668475 0.00310924 -0.743536
-32.6567 19.0449 17.4938 0.687787 0.00369451 -0.725801
-32.0388 18.7662 18.0703 0.681424 -0.0365716 -0.730346
-31.5156 18.3702 18.6672 0.748285 -0.0269286 -0.662831
-31.0606 17.9871 19.2179 0.780286 0.0262467 -0.624872
-30.589 17.5574 19.7819 0.805888 0.0520376 -0.589777
-30.1335 17.0435 20.3491 0.799542 0.0608959 -0.597515
-29.6356 16.7552 21.0029 0.813741 0.0913079 -0.57401
-29.917 15.266 20.4006 0.790109 0.0962264 -0.605335
-30.4172 15.6317 19.8085 0.767416 0.0851242 -0.635448
-30.9355 15.9466 19.2097 0.772086 0.0615281 -0.632531
-31.4503 16.4837 18.658 0.743276 0.0477042 -0.667282
-31.9026 16.87 18.1963 0.732537 0.0571258 -0.678326
-32.6948 17.2879 17.4139 0.683867 0.042892 -0.728321
-32.8996 16.5395 17.1835 0.683676 0.029638 -0.729119
-32.5083 15.748 17.5306 0.693576 0.0182967 -0.720079
-32.1492 15.1329 17.855 0.695285 0.0328411 -0.717983
-31.7443 14.2017 18.1932 0.689835 0.0454816 -0.722536
-31.5937 13.4673 18.2916 0.704476 0.069235 -0.706262
-31.5407 12.2145 18.25 0.686975 0.0620579 -0.72396
-31.0933 11.8152 18.6361 0.693131 0.0775476 -0.716558
-30.4869 12.308 19.2842 0.718875 0.0756741 -0.690257
-30.1046 12.7959 19.7711 0.739485 0.0921224 -0.666823
-29.681 13.1197 20.3347 0.790023 0.105269 -0.603972
-29.2365 13.2888 20.9546 0.806052 0.11227 -0.581099
-28.7904 13.3172 21.5864 0.814006 0.10747 -0.570828
-28.7905 14.0076 21.7172 0.812559 0.110006 -0.572405
-29.1501 14.5811 21.3152 0.805427 0.106036 -0.583133
-29.5923 15.0141 20.785 0.804307 0.107804 -0.584353
-29.8013 15.1838 20.5369 0.788695 0.100804 -0.606463
-32.5737 10.5616 17.1733 0.657418 0.0514944 -0.751765
-33.2082 10.3894 16.6306 0.638295 0.0421759 -0.768636
-33.8732 10.3321 16.0809 0.611987 0.0188357 -0.790507
-34.4834 9.40396 15.5967 0.592459 0.0142578 -0.805302
-34.6721 8.40628 15.46 0.591283 -0.0088735 -0.806322
-34.7413 7.46479 15.4115 0.589351 -0.00102997 -0.807876
-34.669 6.70162 15.4635 0.591938 0.000352915 -0.805977
-34.4679 5.93318 15.6137 0.593893 -0.0028007 -0.804539
-34.1642 5.29159 15.8444 0.603534 -0.0119848 -0.797247
-34.1675 4.52329 15.848 0.604062 0.0105392 -0.796867
-34.1349 3.76752 15.8628 0.602517 0.00924206 -0.798049
-33.9953 3.03919 15.9703 0.617079 -0.00509818 -0.786885
-34.1619 2.30208 15.8429 0.617511 0.000189547 -0.786562
-34.154 1.49695 15.8519 0.591644 0.000462547 -0.806002
-34.367 0.29232 15.6746 0.617699 0.00584877 -0.786392
-34.7405 -0.700444 15.3778 0.58556 0.0143923 -0.810501
-34.9723 -1.66414 15.1886 0.588472 0.0127079 -0.808413
-35.0261 -2.62683 15.1375 0.59328 0.0033115 -0.804927
-34.8742 -3.75822 15.2342 0.596368 0.0135195 -0.802597
-34.7462 -4.56334 15.314 0.595486 0.0162348 -0.803201
-34.532 -5.29742 15.4553 0.595645 0.0203301 -0.802991
-34.4605 -6.43226 15.4879 0.613271 0.0225936 -0.78955
-34.4491 -7.46081 15.4644 0.612717 0.0262339 -0.789867
-34.6889 -8.36392 15.2576 0.575656 0.0255097 -0.817276
-34.7957 -9.24701 15.1285 0.566693 0.0569541 -0.821958
-35.01 -10.042 14.9263 0.570803 0.0455302 -0.819745
-35.1766 -10.7643 14.7782 0.567885 0.0251946 -0.822722
-35.3796 -11.7314 14.5997 0.566287 0.039654 -0.823254
-35.4077 -12.5532 14.5522 0.551882 0.024522 -0.833486
-35.2585 -13.4 14.6297 0.561021 0.0375752 -0.826948
-35.2471 -14.2152 14.6004 0.561835 0.0365929 -0.826439
-35.5156 -15.3282 14.3767 0.536818 0.0360584 -0.842927
-35.8859 -16.1858 14.1048 0.522286 0.0325485 -0.852148
-36.1684 -17.0041 13.9025 0.505739 0.0252601 -0.862317
-35.7646 -17.7501 14.1321 0.523081 0.0148187 -0.852154
-35.1383 -17.5669 14.5385 0.547833 0.0257353 -0.836156
-34.5017 -17.0852 14.9849 0.570862 0.0278897 -0.820562
-33.9884 -16.1839 15.3675 0.582658 0.031445 -0.811925
-33.747 -15.3704 15.591 0.588912 0.0492342 -0.806696
-33.6021 -14.6239 15.7356 0.586138 0.0363831 -0.809394
-33.5807 -13.7448 15.8009 0.605695 0.0424237 -0.794565
-33.5659 -12.9913 15.8475 0.617044 0.0311412 -0.786312
-33.6331 -12.1652 15.8395 0.603911 0.0524013 -0.795135
-33.7398 -11.3393 15.8056 0.610255 0.0375292 -0.791063
-33.769 -10.4272 15.8362 0.62455 0.0450824 -0.779682
-33.8255 -9.65504 15.8346 0.62278 0.0418407 -0.78127
-33.9718 -8.67711 15.7886 0.61418 0.0566631 -0.787129
-33.9299 -7.9845 15.849 0.610817 0.0288624 -0.791246
-33.9825 -6.97346 15.8419 0.612193 0.0244751 -0.79033
-33.9665 -6.21176 15.8779 0.612734 0.0235334 -0.789938
-33.6155 -5.15443 16.1741 0.630766 0.00928797 -0.775917
-33.4695 -4.11975 16.2978 0.620937 0.014082 -0.783591
-33.3014 -3.23401 16.447 0.65761 0.0118449 -0.753221
-33.3272 -2.47686 16.4521 0.62201 0.0223422 -0.782464
-33.3104 -1.65619 16.4814 0.636654 0.0170778 -0.770961
-33.125 -0.558219 16.6578 0.630994 0.0146422 -0.77565
-32.9656 0.175122 16.7926 0.632937 0.00129491 -0.774203
-33.0951 1.08866 16.6842 0.634428 -0.00599886 -0.772959
-33.4401 1.87113 16.4077 0.615541 0.00198152 -0.788103
-33.6487 2.67977 16.2445 0.619801 -0.00321045 -0.784743
-33.8582 3.55539 16.0763 0.622454 -0.00235357 -0.782652
-33.6875 4.29533 16.2088 0.613227 0.00357381 -0.789783
-33.6324 4.97926 16.2517 0.609325 -0.00772072 -0.792838
-33.4425 5.79837 16.3963 0.615115 -0.00345164 -0.78843
-33.0451 6.87164 16.7129 0.621642 0.00688525 -0.783271
-32.8528 7.68325 16.8624 0.618814 -0.00923451 -0.785483
-32.8383 8.64289 16.8632 0.628428 0.00989009 -0.777495
-32.8169 9.4608 16.9103 0.637392 0.0296504 -0.769965
-32.6393 10.3137 17.099 0.647858 0.0468327 -0.760199
-32.6189 10.3849 17.1216 0.65742 0.0514924 -0.751763
-29.7016 2.02072 19.8368 0.734555 -0.0163465 -0.678352
-30.0371 1.41 19.4871 0.717123 -0.0115376 -0.696703
-30.045 0.609703 19.4951 0.70727 -0.014065 -0.706804
-29.8113 -0.123498 19.743 0.724335 0.00240718 -0.689358
-29.346 -0.601368 20.2357 0.730854 0.00780096 -0.68249
-28.8622 -0.82602 20.7636 0.739969 0.00346771 -0.672632
-28.3571 -0.760141 21.3216 0.759134 0.00932119 -0.650785
-27.7081 -0.240024 22.0949 0.763453 0.00581594 -0.645838
-27.465 0.63882 22.4025 0.780944 -0.00152637 -0.624535
-27.6293 1.82084 22.1777 0.78536 -0.00479159 -0.619002
-28.0188 2.24761 21.6979 0.763486 -0.0203183 -0.645504
-28.5665 2.46753 21.0652 0.740285 -0.0153767 -0.672111
-29.1573 2.40521 20.4171 0.735367 -0.0151634 -0.677499
-29.4723 2.18748 20.081 0.734556 -0.0163476 -0.678352
-23.8927 -4.217 26.6554 0.771853 0.0739403 -0.631487
-24.0084 -5.02595 26.421 0.772251 0.069463 -0.631509
-23.7402 -6.12224 26.6251 0.771691 0.0741583 -0.63166
-23.2516 -6.70741 27.1403 0.762263 0.078539 -0.642484
-22.7371 -6.93158 27.724 0.759493 0.0831537 -0.64512
-22.044 -6.67338 28.5582 0.744335 0.0894516 -0.661691
-21.5193 -6.21603 29.2039 0.739852 0.0968386 -0.665763
-21.3061 -5.15027 29.5994 0.730277 0.103355 -0.675287
-21.6102 -3.93981 29.4305 0.753388 0.0891872 -0.6515
-22.296 -3.31372 28.7184 0.756228 0.0851918 -0.648739
-22.826 -3.23165 28.0957 0.775664 0.0767505 -0.626463
-23.2966 -3.46301 27.4841 0.77639 0.0773355 -0.625489
-23.748 -3.8788 26.8718 0.774133 0.0764058 -0.628378
-22.8197 -4.90513 27.88 0.768164 0.0814303 -0.635053
-22.4421 -5.24794 28.2837 0.754355 0.0833113 -0.651159
-22.9035 -5.25357 27.7339 0.767441 0.079511 -0.636166
-22.9521 -5.16257 27.6868 0.768164 0.0814304 -0.635054
-20.1452 -9.8221 30.1633 0.705891 0.0894441 -0.70265
-19.561 -9.41704 30.7862 0.69191 0.0955015 -0.715639
-18.8835 -9.06608 31.4761 0.675759 0.0993002 -0.730401
-18.3008 -8.66924 32.0714 0.667596 0.100522 -0.737606
-17.8563 -8.21909 32.5239 0.658099 0.0987157 -0.746432
-17.1804 -7.5656 33.1872 0.63285 0.0873122 -0.769317
-16.6827 -7.02448 33.6522 0.618155 0.0836146 -0.781429
-15.9022 -6.92476 34.2615 0.606648 0.0865357 -0.790247
-15.042 -7.20838 34.8658 0.594034 0.0783481 -0.800524
-14.5915 -7.73613 35.1335 0.567698 0.0783491 -0.8195
-14.2958 -8.70853 35.2439 0.56981 0.0798239 -0.817884
-14.387 -9.56902 35.0975 0.571127 0.0552407 -0.818675
-14.9444 -10.2157 34.6253 0.598481 0.0812805 -0.797003
-15.5403 -10.6266 34.1266 0.615492 0.0973819 -0.782096
-16.1244 -10.762 33.652 0.621776 0.100523 -0.776642
-16.809 -10.993 33.0646 0.62636 0.0944704 -0.773788
-17.3779 -11.2639 32.5432 0.652645 0.0937122 -0.751846
-18.1057 -11.8265 31.8395 0.665877 0.0825185 -0.741484
-18.5895 -12.2477 31.3588 0.671437 0.0771942 -0.736963
-19.2875 -12.6107 30.6717 0.676606 0.082326 -0.731704
-19.8268 -12.4955 30.1682 0.691707 0.0788618 -0.71786
-20.4146 -11.9987 29.642 0.704127 0.0727154 -0.706341
-20.672 -11.0978 29.4829 0.710958 0.0732037 -0.699414
-20.4448 -10.2711 29.8063 0.707257 0.0778614 -0.702617
-20.1892 -9.87592 30.1123 0.705891 0.0894453 -0.70265
-16.8843 -9.42373 33.2049 0.63561 0.0995183 -0.765569
-16.4989 -8.88531 33.5871 0.627938 0.0869869 -0.773372
-16 -8.47328 34.0313 0.607029 0.0747009 -0.791154
-15.7771 -9.03138 34.1403 0.608015 0.0931234 -0.788445
-16.3339 -9.36272 33.6673 0.627939 0.0869844 -0.773372
-16.7315 -9.29981 33.3479 0.635609 0.0995197 -0.76557
-13.0156 -14.2132 35.6458 0.598836 0.0722382 -0.797588
-13.2874 -14.9295 35.3722 0.602733 0.0742177 -0.794483
-13.4324 -15.6715 35.1934 0.606509 0.0774461 -0.791271
-13.4342 -16.4247 35.1142 0.610203 0.0832461 -0.787859
-12.9788 -17.1964 35.3887 0.613343 0.0796556 -0.78579
-12.4171 -17.6538 35.7854 0.621024 0.0664864 -0.78084
-11.8693 -17.9551 36.2016 0.611876 0.0556759 -0.788992
-11.2203 -18.0283 36.7056 0.621829 0.0678272 -0.780211
-10.7263 -17.6475 37.1969 0.705612 0.0730345 -0.704824
-10.118 -17.6134 37.8711 0.767903 -0.0397051 -0.639334
-9.65054 -17.5455 38.4708 0.76258 -0.0697047 -0.642949
-9.09549 -17.4648 39.0594 0.700188 -0.23927 -0.672672
-8.89938 -16.9235 39.071 0.681869 -0.2151 -0.698015
-9.06387 -16.1455 38.782 0.669252 -0.116043 -0.733918
-9.21547 -15.1257 38.5361 0.601177 -0.0882949 -0.794223
-9.43831 -14.4301 38.2946 0.578375 -0.0528096 -0.81366
-9.96964 -13.751 37.8986 0.586516 -0.0291649 -0.809265
-10.5796 -13.2811 37.4722 0.562959 0.0177134 -0.826295
-11.2812 -13.1545 36.9874 0.568296 0.0369966 -0.821992
-12.0167 -13.346 36.4529 0.592474 0.0462568 -0.804261
-12.6963 -13.8631 35.9135 0.594982 0.0697378 -0.800708
-12.9925 -14.1896 35.665 0.594984 0.0697367 -0.800706
-11.9423 -15.2705 36.3692 0.606211 0.066732 -0.792499
-12.0948 -16.0893 36.1822 0.611032 0.069727 -0.788528
-11.2533 -16.354 36.8408 0.631258 0.0696929 -0.772436
-10.5763 -16.0765 37.4568 0.65126 0.0353585 -0.758031
-10.3299 -15.4919 37.6835 0.617976 -0.0299335 -0.78527
-10.9451 -14.8821 37.1697 0.629998 0.0218171 -0.775599
-11.6557 -14.9119 36.6271 0.619834 0.0451283 -0.783101
-11.8404 -15.1537 36.4569 0.620117 0.0625814 -0.781801
-15.3656 -17.118 33.5543 0.609855 0.0747444 -0.788981
-16.1751 -16.4267 32.9805 0.622116 0.067032 -0.78005
-16.7137 -16.0737 32.5813 0.629635 0.0673459 -0.773905
-17.576 -15.9952 31.8722 0.637373 0.0672445 -0.767615
-18.1256 -16.2554 31.3846 0.644445 0.0702493 -0.761417
-18.6461 -16.6202 30.9029 0.666712 0.0505823 -0.743534
-19.1622 -17.0381 30.4202 0.664292 0.0416147 -0.746314
-19.626 -17.4533 29.98 0.674509 0.0292516 -0.737687
-20.1042 -18.0141 29.5205 0.673973 0.0303919 -0.738129
-20.5771 -18.6884 29.0639 0.679751 0.0200698 -0.733168
-21.1181 -19.1277 28.5513 0.679263 0.0192654 -0.733642
-20.766 -19.7093 28.8615 0.678681 0.0207978 -0.734139
-20.1842 -20.0097 29.3909 0.671714 0.0195339 -0.740492
-19.6556 -20.3337 29.8489 0.656359 0.0292139 -0.753883
-18.9565 -20.6721 30.4445 0.652768 0.0269571 -0.757059
-18.362 -20.7362 30.9371 0.635566 0.0347637 -0.771263
-17.7417 -20.8124 31.446 0.631183 0.0177418 -0.775384
-16.8969 -20.6866 32.1197 0.620945 0.0265053 -0.783347
-16.3285 -20.4177 32.5737 0.608723 0.0377252 -0.792485
-15.6923 -19.7787 33.0939 0.609723 0.0389477 -0.791657
-15.352 -18.7895 33.4188 0.605259 0.0608435 -0.7937
-15.2499 -17.9039 33.5694 0.611063 0.0722896 -0.788274
-15.3174 -17.4458 33.5605 0.609855 0.0747447 -0.78898
-16.6113 -18.029 32.4993 0.618373 0.0614384 -0.783479
-17.1184 -17.6339 32.1179 0.632106 0.0524939 -0.773102
-17.6959 -17.7091 31.6406 0.630453 0.0505929 -0.774572
-18.2446 -18.072 31.1588 0.644768 0.0409503 -0.763281
-18.7517 -18.429 30.71 0.648877 0.0407526 -0.759789
-18.9692 -18.9876 30.4961 0.653706 0.0290893 -0.756158
-18.4 -19.2447 30.9701 0.646437 0.0308403 -0.762344
-17.7416 -19.3508 31.5071 0.630311 0.0413344 -0.775241
-17.1693 -19.2213 31.9767 0.616664 0.0474335 -0.785796
-16.6467 -18.6807 32.4212 0.61888 0.0498047 -0.783905
-16.6 -18.5261 32.4691 0.618373 0.0614383 -0.783479
-21.3907 -19.0927 28.2917 0.694372 0.0147137 -0.719466
-22.3413 -19.0717 27.3826 0.692264 0.00615344 -0.7216
-22.9882 -18.4096 26.7506 0.700168 -0.00632737 -0.71395
-23.653 -18.0111 26.0865 0.718023 0.0243931 -0.695592
-24.1718 -17.8855 25.528 0.749161 0.00596787 -0.662339
-24.6963 -18.1117 24.9386 0.750379 -0.00608663 -0.66098
-25.0744 -18.6847 24.5076 0.756948 -0.00186825 -0.653472
-25.2248 -19.4264 24.3283 0.760762 0.00625256 -0.649
-25.1644 -20.3235 24.3929 0.760606 0.00268154 -0.649209
-24.796 -20.9486 24.817 0.758518 0.0102124 -0.651572
-24.3231 -21.2831 25.345 0.736122 0.00237524 -0.676845
-23.4951 -21.1098 26.2128 0.71108 -0.0132618 -0.702986
-22.918 -20.5152 26.8026 0.706886 0.0029376 -0.707321
-22.4663 -19.918 27.2554 0.692132 0.00702276 -0.721715
-21.7801 -19.2397 27.914 0.688694 0.00740413 -0.725014
-21.7282 -19.2121 27.9636 0.691533 0.011059 -0.72224
-23.9126 -19.4989 25.7886 0.728298 -0.00146353 -0.685108
-23.9452 -19.533 25.7549 0.726459 -0.0156219 -0.687032
-8.64249 -22.1072 39.8718 0.610374 0.131628 -0.7811
-8.18027 -21.7985 40.1829 0.421678 -0.0723341 -0.903856
-8.01227 -20.9949 40.1911 0.370609 -0.041142 -0.927791
-8.03461 -20.1108 40.1608 0.342427 -0.0208737 -0.938979
-7.99498 -19.3264 40.1453 0.311157 -0.0315289 -0.949747
-7.9698 -18.5502 40.1149 0.314439 -0.0754371 -0.946276
-7.8892 -17.9263 40.0331 0.349431 -0.237575 -0.906342
-7.02988 -17.8848 40.3044 0.305373 -0.144736 -0.941169
-6.21651 -18.1169 40.5569 0.25688 -0.078662 -0.963136
-5.40481 -18.4589 40.7957 0.228209 -0.0547585 -0.972071
-4.64973 -18.6204 40.966 0.192918 -0.0469188 -0.979714
-3.9202 -18.5859 41.0467 0.0842407 -0.0543116 -0.994964
-2.86987 -18.3158 41.0895 0.0230175 -0.0630867 -0.997743
-2.02731 -18.2738 41.0877 -0.0339946 -0.0624795 -0.997467
-1.32808 -18.5659 41.0776 -0.0345979 -0.0422475 -0.998508
-0.721153 -19.0056 41.0689 -0.0680106 -0.0424794 -0.996775
-0.2501 -19.7102 41.0648 -0.0675087 -0.0394084 -0.99694
-0.0828377 -20.4956 41.0841 -0.0820862 -0.0448801 -0.995515
-0.340646 -21.211 41.1294 -0.0699684 -0.0378904 -0.996829
-0.835153 -21.8096 41.1872 -0.0575059 -0.0510522 -0.997039
-1.75053 -22.3479 41.2673 -0.0412367 -0.0427519 -0.998073
-2.65701 -22.3964 41.2922 -0.00829759 -0.0424031 -0.99888
-3.67212 -22.0147 41.2659 0.00291602 -0.0577601 -0.998326
-4.55555 -21.9802 41.2015 0.0796983 -0.0866811 -0.993043
-5.48001 -22.1864 41.0818 0.187669 -0.089471 -0.978149
-6.55583 -22.4021 40.8873 0.246802 -0.153274 -0.956811
-7.37693 -22.4368 40.6155 0.434896 -0.0711415 -0.897666
-8.22434 -22.3506 40.1575 0.610374 0.131627 -0.781101
-6.52653 -20.6059 40.6651 0.270202 -0.0761325 -0.959789
-5.39601 -20.5828 40.9815 0.24141 -0.0619317 -0.967879
-4.64929 -20.4303 41.1043 0.124111 -0.0699616 -0.989799
-3.74116 -20.4285 41.1875 0.0490495 -0.0309068 -0.998318
-4.12716 -20.073 41.1576 0.0940778 -0.0405934 -0.993659
-5.04904 -20.2232 41.0395 0.168357 -0.0588477 -0.982885
-5.47955 -19.982 40.9103 0.270194 -0.0771965 -0.959705
-6.51492 -19.9945 40.6199 0.270195 -0.0771931 -0.959706
-6.59097 -20.0952 40.6064 0.270204 -0.0761312 -0.959789
-3.62155 -20.4528 41.1942 0.0510188 -0.0376741 -0.997962
-2.87208 -19.9172 41.1949 0.00621228 -0.0581411 -0.997627
-1.78608 -20.2948 41.1824 -0.0254374 -0.0437082 -0.998715
-2.57781 -20.7582 41.2245 -0.0254307 -0.0471141 -0.998566
-3.20862 -20.5873 41.2221 0.0295669 -0.0346336 -0.998639
2.80005 -20.0707 40.7601 -0.129109 -0.0241702 -0.991336
3.05892 -20.8554 40.7346 -0.147307 -0.0194429 -0.9889
3.45533 -21.5168 40.6885 -0.159837 -0.0155364 -0.986932
4.28717 -21.9394 40.5597 -0.168389 -0.0314046 -0.98522
5.0255 -22.1004 40.422 -0.189421 -0.0163583 -0.981759
5.77764 -21.9626 40.2757 -0.188077 -0.016104 -0.982022
6.45196 -21.4628 40.1405 -0.183816 -0.00627214 -0.982939
6.85983 -20.5758 40.0596 -0.182117 -0.00586961 -0.983259
6.9346 -19.7732 40.0447 -0.175846 -0.00129711 -0.984417
6.60838 -19.0907 40.1073 -0.181662 0.00911053 -0.983319
5.78431 -18.3288 40.2583 -0.175929 -0.00131692 -0.984402
4.5876 -18.1898 40.464 -0.155796 -0.00978379 -0.987695
3.87317 -18.512 40.5782 -0.143524 -0.0155605 -0.9895
3.3667 -19.0618 40.6602 -0.138948 -0.0224516 -0.990045
2.81486 -20.0162 40.7568 -0.129109 -0.0241702 -0.991336
4.53305 -20.0195 40.4849 -0.170028 -0.00883381 -0.9854
5.11036 -20.4874 40.3867 -0.185045 -0.00734522 -0.982703
4.9749 -20.0799 40.4092 -0.177538 -0.00808717 -0.984051
15.1989 -19.5876 37.7861 -0.567325 -0.0470805 -0.822109
15.4435 -18.6741 37.5729 -0.577366 -0.045615 -0.815118
15.7356 -18.0197 37.3148 -0.586701 -0.061525 -0.807463
16.1004 -17.3196 36.9964 -0.607991 -0.0696918 -0.790365
16.429 -16.6773 36.7052 -0.612113 -0.0401356 -0.789751
16.5165 -15.672 36.5884 -0.611783 -0.035993 -0.790206
15.8763 -14.9683 37.0291 -0.586266 -0.0617403 -0.807762
15.1384 -14.4753 37.5082 -0.510862 -0.0697514 -0.856096
14.6416 -13.724 37.7371 -0.484209 -0.0540267 -0.873283
14.5188 -12.8941 37.7453 -0.491116 -0.0675816 -0.868469
14.7143 -12.1649 37.5853 -0.482487 -0.0389252 -0.875038
15.2296 -11.5455 37.2736 -0.518582 -0.0385922 -0.853112
16.0751 -11.1951 36.6971 -0.572333 -0.0338514 -0.818981
16.7494 -11.401 36.2053 -0.621926 -0.0410173 -0.781571
17.3011 -11.6906 35.7547 -0.640724 -0.0249585 -0.767365
17.7836 -12.3559 35.3748 -0.6387 -0.0297508 -0.768867
17.8487 -13.5151 35.3688 -0.681031 -0.0212271 -0.731947
17.5529 -14.2778 35.6587 -0.650952 -0.0382389 -0.758143
17.4144 -15.0339 35.8198 -0.657118 -0.0387557 -0.75279
17.1432 -15.6981 36.0784 -0.653044 -0.0272551 -0.756829
17.157 -16.4304 36.0975 -0.653285 -0.0401486 -0.756047
17.6348 -17.1278 35.7217 -0.6531 -0.0403671 -0.756195
18.2149 -17.4697 35.2389 -0.653081 -0.0403656 -0.756211
18.6911 -17.8161 34.7754 -0.719055 -0.0439555 -0.693562
19.2257 -18.0081 34.2255 -0.741125 -0.0191113 -0.671091
19.7725 -17.9711 33.6216 -0.750489 -0.0161545 -0.660517
20.3118 -17.4377 32.9767 -0.760826 -0.0164421 -0.648748
20.6824 -16.9576 32.5294 -0.754415 -0.0223293 -0.655925
21.3153 -16.4627 31.7539 -0.774817 -0.00164944 -0.632184
21.9174 -16.1153 30.9968 -0.787866 -0.00889402 -0.615783
22.4755 -16.0411 30.2817 -0.78901 -0.00728126 -0.614332
22.9987 -16.351 29.6048 -0.793099 -0.006989 -0.609052
23.411 -16.7519 29.0765 -0.790934 -0.0107238 -0.611808
24.0034 -17.2051 28.3115 -0.793889 -0.0125796 -0.607933
24.5585 -17.5735 27.5902 -0.796317 -0.0144539 -0.604706
25.1007 -17.6129 26.8753 -0.796795 -0.0179912 -0.603971
25.8054 -17.5067 25.9476 -0.795522 -0.0164336 -0.605702
26.3023 -17.3915 25.2841 -0.802756 -0.0338583 -0.595346
26.7256 -17.7694 24.7239 -0.805609 -0.026489 -0.591855
26.9747 -18.4256 24.4103 -0.798756 -0.0190124 -0.601355
27.1292 -19.1828 24.2151 -0.799127 -0.00273049 -0.601156
27.1538 -20.131 24.1842 -0.799272 -8.28028e-05 -0.60097
27.028 -21.0682 24.3516 -0.799167 0.00120584 -0.601106
26.6567 -21.6951 24.8433 -0.79992 0.00129588 -0.600105
26.1463 -21.9314 25.5214 -0.798871 0.00129654 -0.601501
25.4845 -21.9384 26.3978 -0.797717 0.00521467 -0.603009
24.7883 -21.741 27.318 -0.795785 0.00332222 -0.605571
24.3334 -21.6379 27.9158 -0.79473 0.00227573 -0.606957
23.8342 -21.6216 28.5686 -0.794628 0.00120304 -0.607095
23.3682 -21.5935 29.1787 -0.79497 0.000249229 -0.606647
22.8741 -21.5975 29.8233 -0.79306 -0.00507639 -0.609121
22.3866 -21.5384 30.4525 -0.789275 -0.00730224 -0.613996
21.7019 -21.5328 31.3267 -0.784599 -0.00988997 -0.619924
21.119 -21.1993 32.0599 -0.780798 -0.0060018 -0.624755
20.6784 -20.6817 32.6008 -0.7769 -0.0116059 -0.629517
20.1582 -20.4331 33.229 -0.760517 -0.00802946 -0.649269
19.6087 -20.4237 33.8632 -0.744484 -0.0206263 -0.667299
19.1253 -20.9727 34.4184 -0.743114 -0.0251093 -0.668694
18.5577 -21.7679 35.0568 -0.724653 -0.0256541 -0.688637
18.0627 -22.1865 35.5888 -0.704295 -0.0504696 -0.708085
17.3099 -22.1989 36.3417 -0.691242 -0.0483687 -0.720706
16.6673 -21.8245 36.8731 -0.651618 -0.0515726 -0.756531
16.1145 -21.4924 37.2876 -0.616989 -0.0874069 -0.782102
15.5748 -20.6828 37.607 -0.566036 -0.0986341 -0.818459
15.3329 -20.1125 37.7289 -0.565715 -0.0548107 -0.822777
16.765 -19.9878 36.6774 -0.647646 -0.0456269 -0.760415
17.495 -20.5887 36.0733 -0.656833 -0.0413332 -0.752903
18.3072 -20.0515 35.2642 -0.714443 -0.0194291 -0.699085
18.5353 -19.2102 35.0004 -0.731086 -0.00814386 -0.68218
18.0062 -18.9417 35.5068 -0.684942 -0.030563 -0.727957
17.4008 -18.5571 36.0419 -0.648856 -0.0683204 -0.757734
16.869 -18.6624 36.4951 -0.638933 -0.0606729 -0.766848
16.6181 -19.2905 36.7491 -0.638218 -0.0555779 -0.767847
16.5015 -13.5923 36.4755 -0.609234 -0.0460801 -0.791651
16.4991 -12.8552 36.4372 -0.614308 -0.0369654 -0.7882
16.1975 -13.3643 36.6961 -0.611769 -0.0415229 -0.789927
20.8211 -18.7905 32.3957 -0.774629 -0.00925909 -0.632347
21.2419 -18.2616 31.8718 -0.778314 -0.0107458 -0.627756
21.847 -17.7701 31.1043 -0.781382 -0.00939613 -0.623981
22.3792 -17.7244 30.423 -0.790895 -0.00616339 -0.611921
22.8692 -18.1587 29.7941 -0.79068 -0.00608857 -0.612199
23.3074 -18.4288 29.2305 -0.791068 -0.00527348 -0.611705
23.7642 -18.7275 28.6424 -0.792976 -0.00626476 -0.609221
24.2505 -18.9977 28.0125 -0.793295 -0.00673579 -0.608799
24.8706 -19.0551 27.2027 -0.794186 -0.0091564 -0.607605
25.4663 -18.9808 26.4241 -0.794421 -0.01005 -0.607283
25.9868 -19.1032 25.7333 -0.799081 -0.0038915 -0.601211
26.0799 -20.0659 25.6129 -0.799178 0.000233826 -0.601094
25.6175 -20.4217 26.2274 -0.798932 0.000337138 -0.601422
25.1572 -20.3726 26.8372 -0.796448 -0.000145476 -0.604706
24.6935 -20.2137 27.4461 -0.79445 -0.0019355 -0.607325
24.1733 -20.09 28.1238 -0.793099 -0.00238113 -0.609088
23.5981 -20.0805 28.8714 -0.79183 -0.00533002 -0.610718
23.1096 -20.0363 29.5034 -0.791052 -0.00595065 -0.611719
22.5552 -20.0178 30.218 -0.789792 -0.0065971 -0.613339
22.0899 -19.9932 30.8168 -0.788311 -0.00670662 -0.615236
21.4154 -19.6692 31.6738 -0.787034 -0.00639023 -0.616876
20.9693 -19.1343 32.2189 -0.774512 -0.00870629 -0.632499
20.7859 -19.021 32.4419 -0.774512 -0.00870746 -0.632499
17.0226 -1.81894 35.4174 -0.606828 -0.0484625 -0.793213
16.5837 -1.22653 35.717 -0.606828 -0.0484625 -0.793213
16.6774 -0.00261155 35.5143 -0.610063 -0.0874502 -0.787512
17.1485 -0.762424 35.2312 -0.612722 -0.0849881 -0.785715
17.1536 -1.5949 35.2982 -0.61539 -0.058426 -0.786054
16.9579 17.0634 32.8112 -0.638733 -0.0867687 -0.764471
16.3818 17.2988 33.2441 -0.619191 -0.0863728 -0.780475
15.6746 17.7729 33.7497 -0.606062 -0.0915764 -0.790071
15.2257 18.3475 34.0221 -0.598663 -0.0902338 -0.795902
14.8962 19.0926 34.1902 -0.599223 -0.0787924 -0.796659
14.8913 20.1604 34.1095 -0.596164 -0.0629233 -0.800393
15.2254 21.0126 33.8043 -0.601483 -0.0496156 -0.797343
15.667 21.5897 33.4412 -0.605209 -0.0251216 -0.795641
16.3653 21.9996 32.882 -0.620738 -0.0184093 -0.783802
16.9374 22.1961 32.4181 -0.627407 -0.0203537 -0.778425
17.5441 22.1433 31.925 -0.643108 -0.0248771 -0.765307
18.3083 21.7113 31.2997 -0.648462 -0.0302604 -0.760616
18.8655 21.4712 30.8245 -0.659671 -0.0295914 -0.750972
19.4355 21.3688 30.3103 -0.674762 -0.0235782 -0.737658
20.423 21.4605 29.3847 -0.690374 -0.0182767 -0.723222
21.0897 21.5345 28.7392 -0.704834 -0.0239362 -0.708968
21.684 21.5587 28.1424 -0.715623 -0.016969 -0.698279
22.4659 21.2862 27.3367 -0.72868 -0.0131377 -0.684705
23.001 21.0627 26.7592 -0.742073 -0.0104316 -0.670237
23.7191 21.361 25.9542 -0.745938 -0.0145479 -0.665857
24.2547 21.6558 25.3374 -0.752542 -0.00621642 -0.658515
24.7506 21.881 24.7637 -0.759722 -0.00733672 -0.650206
25.2826 21.6698 24.1294 -0.777675 -0.00608592 -0.628629
25.2446 20.9237 24.1754 -0.774889 -0.000215861 -0.632098
25.2318 19.9355 24.2039 -0.7742 -0.0193943 -0.632585
25.235 19.1123 24.2312 -0.782874 -0.0253199 -0.621664
25.3025 18.3471 24.1853 -0.786524 -0.0462253 -0.615807
25.1228 17.874 24.452 -0.785196 -0.0598857 -0.616267
24.5513 17.9425 25.142 -0.766293 -0.0395884 -0.64127
23.9514 18.069 25.844 -0.762338 -0.054479 -0.64484
23.097 18.0974 26.8122 -0.742093 -0.0495753 -0.668432
22.4563 17.7369 27.5411 -0.733212 -0.0507118 -0.67804
21.6935 17.5987 28.3603 -0.721896 -0.0566451 -0.68965
21.0993 17.3942 28.9913 -0.708644 -0.0609755 -0.702821
20.3477 17.8156 29.6934 -0.699738 -0.0630516 -0.711612
19.6117 17.9425 30.3805 -0.685717 -0.0732146 -0.724176
18.8289 17.7374 31.1192 -0.669732 -0.0798256 -0.7383
18.1884 17.3433 31.7339 -0.658625 -0.0818855 -0.747941
17.5454 17.1285 32.3061 -0.644518 -0.0819565 -0.760184
17.4671 17.1099 32.3745 -0.644517 -0.0819563 -0.760185
17.4479 18.7012 32.2234 -0.636509 -0.0686405 -0.768181
16.6623 18.8542 32.8531 -0.626904 -0.071159 -0.775801
16.1185 19.8493 33.1901 -0.62116 -0.0623397 -0.781082
16.5122 20.3985 32.8438 -0.620433 -0.0488171 -0.782738
17.1098 20.6251 32.3495 -0.632696 -0.0539546 -0.772519
17.9653 20.2453 31.6666 -0.64614 -0.0491752 -0.76159
18.5696 19.8572 31.168 -0.659746 -0.0442082 -0.750187
19.0594 19.4122 30.7634 -0.660511 -0.054672 -0.748748
18.4844 19.1803 31.2924 -0.661282 -0.0651377 -0.747304
17.8842 18.8985 31.8375 -0.652395 -0.0607759 -0.755438
17.8039 18.8584 31.9101 -0.646746 -0.0658012 -0.759812
19.1609 19.5029 30.6664 -0.674368 -0.0455866 -0.73698
19.7096 19.8979 30.1386 -0.680586 -0.046146 -0.731182
20.3691 19.9483 29.5107 -0.692941 -0.046124 -0.719509
20.7741 19.5016 29.1484 -0.700656 -0.0441394 -0.712077
21.2564 19.891 28.6441 -0.706476 -0.0402486 -0.706591
21.9389 19.9629 27.9332 -0.715505 -0.036328 -0.697581
22.3239 19.5085 27.5577 -0.731446 -0.04373 -0.680481
21.712 19.0635 28.2273 -0.718887 -0.0453395 -0.693647
21.0045 19.0211 28.9512 -0.706033 -0.0543839 -0.706087
20.3886 19.4744 29.521 -0.691044 -0.0442219 -0.721459
19.8163 19.5734 30.0598 -0.680585 -0.0461484 -0.731183
19.3906 19.6958 30.4438 -0.676107 -0.0436256 -0.735511
23.6271 19.7681 26.1092 -0.747009 -0.0321466 -0.664003
24.126 19.6222 25.5463 -0.760922 -0.0267442 -0.648281
23.9183 19.9149 25.7759 -0.75087 -0.0285798 -0.6598
6.49056 19.3968 41.1917 -0.246666 0.0203165 -0.968888
6.4257 20.2138 41.254 -0.255533 0.0572178 -0.965088
5.95833 21.0579 41.4291 -0.264306 0.0583236 -0.962674
5.27098 21.4068 41.6282 -0.174948 0.0979382 -0.979319
4.26266 21.1949 41.7583 -0.111471 0.0942288 -0.98871
3.71667 20.662 41.7607 -0.0831526 0.0608062 -0.99468
3.56875 19.8876 41.7027 -0.0348629 0.0850626 -0.995726
3.94441 18.8297 41.5585 -0.102444 0.130657 -0.986121
4.96668 18.3737 41.3827 -0.129268 0.105615 -0.985969
5.9036 18.4973 41.2622 -0.192862 0.159347 -0.967001
6.44339 19.1674 41.1989 -0.246666 0.0203163 -0.968888
-1.07133 20.0923 41.4557 0.113056 0.0650232 -0.991459
-1.35501 19.2131 41.3657 0.115938 0.0641512 -0.991183
-1.86796 18.2648 41.2397 0.109792 0.0781643 -0.990876
-2.7654 17.6578 41.086 0.12357 0.072462 -0.989687
-3.64494 17.5295 40.9597 0.142392 0.0720222 -0.987187
-4.61991 17.7771 40.8335 0.151202 0.0567869 -0.98687
-5.36805 17.9154 40.7267 0.149439 0.0581473 -0.987056
-6.16059 18.4829 40.6313 0.15227 0.0426592 -0.987418
-6.59867 19.1071 40.5894 0.152522 0.0265389 -0.987924
-6.97567 19.895 40.5547 0.149011 0.024981 -0.98852
-6.97486 20.6614 40.5678 0.154158 0.0159789 -0.987911
-6.5821 21.5279 40.6465 0.160886 0.0127849 -0.986862
-6.0287 22.2412 40.753 0.172428 0.0180652 -0.984856
-5.41576 22.6663 40.8693 0.178938 0.0236413 -0.983576
-4.63877 22.8627 41.0129 0.173922 0.0232373 -0.984485
-3.61179 22.9115 41.1924 0.167995 0.025009 -0.985471
-2.82609 22.7906 41.3229 0.164682 0.0355633 -0.985705
-1.98399 22.3657 41.4489 0.152976 0.0403456 -0.987317
-1.17626 21.6879 41.5324 0.141265 0.0415642 -0.989087
-1.02014 20.5307 41.4902 0.111803 0.0540088 -0.992262
-1.02087 20.515 41.4892 0.113053 0.0650261 -0.991459
-2.64887 20.5721 41.2739 0.147899 0.0450022 -0.987968
-3.20036 21.2696 41.2118 0.161015 0.0322092 -0.986426
-4.1718 21.4443 41.0582 0.166226 0.0235952 -0.985805
-4.90453 21.0369 40.9219 0.170668 0.0237993 -0.985041
-5.23781 20.3071 40.8431 0.169652 0.0303485 -0.985037
-4.7271 19.3615 40.8961 0.165778 0.0452586 -0.985124
-3.7441 19.0902 41.0459 0.159094 0.045948 -0.986194
-2.93783 19.4028 41.1831 0.134857 0.0438664 -0.989881
-2.65464 20.1148 41.2502 0.141961 0.0442403 -0.988853
32.381 -3.50063 17.4803 -0.686379 -0.0191662 -0.726966
32.5745 -4.24536 17.324 -0.700464 -0.0324296 -0.712951
32.9063 -4.01392 17.0003 -0.687534 -0.0250181 -0.725721
32.8145 -3.16476 17.0661 -0.685221 -0.0133108 -0.728213
43.1961 -13.8024 10.7769 -0.349744 0.0109034 -0.936769
44.1351 -13.1985 10.4266 -0.347153 -0.00678338 -0.937784
45.2003 -12.9489 10.0448 -0.333026 -0.00466049 -0.9429
45.9559 -13.3053 9.79626 -0.308572 -0.000569422 -0.951201
46.5152 -13.9037 9.62181 -0.30006 -0.00921639 -0.953876
46.7316 -14.8507 9.56094 -0.28997 -0.00513723 -0.957022
46.5567 -15.646 9.61933 -0.289911 -0.00826218 -0.957018
46.0906 -16.214 9.76993 -0.299098 -0.0133203 -0.954116
45.3872 -16.5866 9.99652 -0.301994 -0.00853258 -0.953272
44.4517 -16.6467 10.3294 -0.339846 -0.0166198 -0.940334
43.7335 -16.3422 10.5841 -0.352925 -0.023418 -0.935359
43.1411 -15.5372 10.7936 -0.358082 -0.0129963 -0.9336
43.0277 -14.4254 10.8367 -0.373768 0.00962823 -0.927472
43.102 -14.139 10.8097 -0.363521 0.0086773 -0.93148
44.5723 -14.9732 10.2695 -0.329509 0.000893304 -0.944152
45.1362 -14.7611 10.0735 -0.32361 -0.00271238 -0.946162
44.7808 -14.8177 10.197 -0.328938 0.00152467 -0.94435
54.1731 -13.4108 7.85343 -0.164321 -0.0137112 -0.986312
54.9652 -14.5354 7.74411 -0.155792 -0.0128048 -0.987692
55.6824 -14.8028 7.63231 -0.154476 -0.00828019 -0.987959
56.492 -14.6897 7.51381 -0.136976 0.000346986 -0.990574
57.2465 -14.1514 7.4013 -0.132326 -0.0134471 -0.991078
57.5109 -13.4419 7.36114 -0.124944 -0.0109989 -0.992103
57.4909 -12.5714 7.354 -0.125468 -0.0106171 -0.992041
56.7191 -11.7947 7.4448 -0.125857 -0.00879743 -0.992009
55.7711 -11.4408 7.57535 -0.142797 -0.00501225 -0.989726
54.9298 -11.8099 7.70888 -0.158894 -0.00294767 -0.987291
54.3423 -12.3838 7.8105 -0.16451 -0.0107287 -0.986311
54.1726 -13.3374 7.85245 -0.164315 -0.0141692 -0.986306
55.797 -13.1819 7.58824 -0.155362 -0.0180338 -0.987693
55.8102 -13.1914 7.58634 -0.14715 -0.018384 -0.98891
55.5654 -6.80279 7.55847 -0.15024 -0.0114521 -0.988583
54.742 -6.75284 7.68871 -0.163348 -0.0118511 -0.986497
54.0354 -6.24322 7.79898 -0.171975 -0.0158193 -0.984923
53.6729 -5.59568 7.85335 -0.18286 -0.0176646 -0.982978
53.5339 -4.8188 7.86754 -0.173766 -0.0106857 -0.984729
53.6619 -4.05554 7.83365 -0.174551 -0.0215187 -0.984413
54.2377 -3.33786 7.71955 -0.167038 -0.0156418 -0.985826
54.9739 -3.03424 7.5928 -0.153037 -0.0185992 -0.988027
55.8897 -2.94862 7.45601 -0.142504 -0.0195319 -0.989601
56.663 -3.2384 7.35718 -0.133428 -0.022073 -0.990813
57.185 -3.82606 7.2965 -0.129742 -0.0156957 -0.991407
57.4648 -4.53235 7.27406 -0.124563 -0.0168338 -0.992068
57.3164 -5.70942 7.3128 -0.126994 -0.0133949 -0.991803
56.8322 -6.31741 7.38051 -0.127943 -0.00937234 -0.991737
55.9866 -6.78951 7.49472 -0.134855 -0.00661337 -0.990817
55.9521 -6.80017 7.49967 -0.145727 -0.00746305 -0.989278
55.5071 -5.27692 7.55149 -0.143336 -0.0129415 -0.989584
55.7821 -4.58237 7.50141 -0.14313 -0.0169114 -0.989546
55.2014 -4.70546 7.59017 -0.146013 -0.0111443 -0.98922
55.3773 8.2909 7.28996 -0.147336 -0.0146959 -0.988963
54.5219 8.5025 7.42387 -0.165158 -0.0181378 -0.9861
53.7174 9.05434 7.54537 -0.162128 -0.0238589 -0.986476
53.2446 9.80081 7.6148 -0.179306 -0.016143 -0.983661
53.1561 10.6204 7.61744 -0.179301 -0.016244 -0.98366
53.3881 11.374 7.56213 -0.181122 -0.0237774 -0.983151
54.0046 12.107 7.43667 -0.172207 -0.0232771 -0.984778
54.7054 12.4569 7.31652 -0.153747 -0.0219239 -0.987867
55.6137 12.6201 7.17374 -0.149918 -0.0202008 -0.988492
56.4166 12.3266 7.0689 -0.136326 -0.0254557 -0.990337
56.973 11.7653 7.00586 -0.132586 -0.0156294 -0.991036
57.3133 10.5173 6.9845 -0.128466 -0.0162703 -0.991579
57.1572 9.41913 7.02082 -0.131868 -0.0175097 -0.991103
56.5843 8.79312 7.11075 -0.135883 -0.0171244 -0.990577
55.9177 8.44081 7.20899 -0.143259 -0.0180368 -0.989521
55.5859 8.32188 7.25919 -0.143259 -0.0180368 -0.989521
55.2415 9.91805 7.27509 -0.14855 -0.0151719 -0.988763
54.7117 10.4427 7.34988 -0.155529 -0.0162305 -0.987698
55.2185 11.0512 7.26135 -0.150131 -0.0141333 -0.988529
55.7924 10.5493 7.18729 -0.141863 -0.0153162 -0.989767
55.6908 10.1735 7.20719 -0.141571 -0.0141125 -0.989827
57.3777 15.5389 6.8898 -0.119035 -0.00988167 -0.992829
56.8104 16.4943 6.95229 -0.122752 -0.0118621 -0.99236
57.1248 17.3089 6.9012 -0.122262 -0.0156278 -0.992375
57.8536 17.5074 6.8079 -0.122659 -0.0160514 -0.992319
58.6766 17.0667 6.71915 -0.116799 -0.0155868 -0.993032
58.5495 16.2141 6.74605 -0.117398 -0.0138319 -0.992989
57.8921 15.6656 6.82912 -0.114434 -0.0112425 -0.993367
-44.1795 10.1374 10.7551 0.295298 0.0117019 -0.955334
-44.5769 9.25204 10.6161 0.299233 0.0239068 -0.953881
-45.4638 8.8247 10.3326 0.281192 0.0179963 -0.959466
-46.1782 8.99316 10.1278 0.274145 0.0134633 -0.961583
-46.757 9.51456 9.97692 0.266791 0.0205745 -0.963535
-46.961 10.2776 9.93501 0.261745 0.0176237 -0.964954
-46.7568 11.0269 10.0042 0.25578 0.0195891 -0.966536
-45.9317 11.5661 10.2507 0.280341 0.0108365 -0.959839
-45.2184 11.5829 10.467 0.291129 0.0167025 -0.956538
-44.4292 10.986 10.6904 0.299135 0.0256274 -0.953758
-44.1838 10.1604 10.754 0.304937 0.0146269 -0.952202
-50.987 12.5696 9.03467 0.204547 0.0111986 -0.978779
-51.0497 13.4842 9.031 0.194483 0.00968325 -0.980858
-51.5966 14.3568 8.93589 0.192138 0.0160015 -0.981237
-52.349 14.836 8.81056 0.167837 0.0149488 -0.985697
-53.3525 14.8837 8.64328 0.162749 0.0137224 -0.986566
-54.1593 14.4715 8.5134 0.1497 0.0128749 -0.988648
-54.7542 13.679 8.41241 0.150315 0.0137504 -0.988543
-54.8558 12.5649 8.38282 0.137522 0.0113088 -0.990365
-54.6273 11.8555 8.40956 0.148872 0.0111984 -0.988793
-53.9 11.1653 8.51076 0.151513 0.0114406 -0.988385
-52.9157 10.9194 8.66223 0.154749 0.0103888 -0.987899
-52.2188 11.1811 8.78588 0.179224 0.0150421 -0.983693
-51.4896 11.4815 8.92332 0.1791 0.00883125 -0.983772
-51.1633 12.0616 8.99441 0.200559 0.00805131 -0.979649
-52.5525 12.7201 8.74066 0.171494 0.011183 -0.985121
-53.2541 13.2351 8.63468 0.153417 0.0168229 -0.988007
-52.5419 13.0216 8.74632 0.170692 0.0155003 -0.985196
-59.288 17.0405 7.91445 0.0895765 0.00764117 -0.995951
-59.2059 18.2028 7.92908 0.0875018 0.00399518 -0.996156
-60.1705 18.8239 7.84535 0.0850305 0.000270938 -0.996369
-61.2184 18.3977 7.7573 0.0833597 0.00455098 -0.996509
-61.4694 17.5873 7.73257 0.0719541 0.00429666 -0.99737
-61.1251 16.7906 7.7564 0.0795168 0.00432412 -0.996824
-59.8335 16.5934 7.86233 0.08534 0.00264091 -0.996348
-59.746 16.6149 7.86999 0.0895767 0.00764084 -0.995951
-57.2457 3.97508 8.00456 0.10425 0.015324 -0.994414
-58.0042 3.38778 7.92137 0.0983308 0.0146137 -0.995046
-58.3917 2.4808 7.87083 0.09546 0.0157065 -0.995308
-58.1511 1.47324 7.88441 0.0907418 0.00806797 -0.995841
-57.5675 0.693496 7.93554 0.0962713 0.00717331 -0.995328
-56.745 0.277902 8.01568 0.104297 0.0102305 -0.994494
-55.8548 0.491052 8.11639 0.114397 0.00780075 -0.993405
-55.0026 1.00064 8.22634 0.130644 0.0172454 -0.991279
-54.6411 1.81654 8.28489 0.128933 0.0104778 -0.991598
-54.6088 2.77094 8.30253 0.138954 0.0148093 -0.990188
-55.1076 3.53425 8.24791 0.12361 0.0150611 -0.992216
-55.9303 4.01216 8.15255 0.122762 0.0148739 -0.992324
-56.6713 4.08426 8.07014 0.110334 0.0164686 -0.993758
-56.7225 4.07306 8.06427 0.110335 0.0164688 -0.993758
-56.3812 2.50181 8.08043 0.111353 0.00969597 -0.993734
-56.5282 2.05768 8.05964 0.111094 0.00998429 -0.99376
-56.7405 2.35153 8.03871 0.111353 0.00969481 -0.993734
-57.2547 -6.60291 7.87092 0.104167 0.0136008 -0.994467
-56.4336 -6.69257 7.95894 0.116021 0.00978933 -0.993198
-55.5089 -7.15989 8.06032 0.124027 0.0182662 -0.992111
-55.133 -8.13627 8.09243 0.125881 0.0131079 -0.991959
-55.3094 -9.07175 8.0576 0.124905 0.013786 -0.992073
-55.8388 -9.73631 7.98177 0.120549 0.0114988 -0.992629
-56.625 -10.0366 7.88803 0.115509 0.00515177 -0.993293
-57.3934 -9.92636 7.80807 0.102422 0.00457091 -0.99473
-58.0927 -9.42158 7.74863 0.0868952 0.0140175 -0.996119
-58.5019 -8.77175 7.72208 0.0868856 0.0147911 -0.996108
-58.4672 -8.00005 7.73662 0.0898456 0.0139426 -0.995858
-57.9021 -6.94306 7.80161 0.095048 0.0114037 -0.995389
-57.3235 -6.623 7.86344 0.102505 0.0117491 -0.99466
-58.0736 -13.8811 7.69912 0.0929171 0.0168352 -0.995525
-58.9949 -14.1304 7.61173 0.0858659 0.0151644 -0.99618
-59.6087 -14.9269 7.55146 0.0756714 0.012767 -0.997047
-59.6108 -15.9819 7.53411 0.076696 0.0146628 -0.996945
-59.0579 -16.6526 7.56809 0.0835633 0.0114879 -0.996413
-58.243 -16.8307 7.63996 0.0900647 0.0101706 -0.995884
-57.4321 -16.685 7.72394 0.10519 0.00399773 -0.994444
-56.848 -16.0114 7.79156 0.112821 0.011514 -0.993537
-56.8011 -15.1427 7.80942 0.116952 0.0143091 -0.993034
