-18.2289 -14.2673 47.2874 0.501692 0.00204824 -0.864386
-18.8935 -14.6655 46.8672 0.530023 0.0116906 -0.847901
-18.8935 -14.6655 46.8672 0.530023 0.0116906 -0.847901
-19.5167 -15.2256 46.4353 0.565601 0.0365725 -0.823868
-20.0345 -16.0657 46.0351 0.571355 0.0502053 -0.819166
-20.466 -16.8613 45.6632 0.594741 0.0598958 -0.801683
-20.8195 -17.7556 45.3184 0.609747 0.0673115 -0.789733
-21.1198 -18.48 45.0283 0.618394 0.0436977 -0.784581
-21.7406 -18.8214 44.4905 0.642773 0.0414978 -0.764932
-22.1779 -18.3348 44.168 0.644412 0.0665279 -0.761662
-21.6933 -17.4263 44.6493 0.634794 0.069982 -0.769506
-21.3099 -16.6892 45.0345 0.609775 0.079936 -0.78843
-21.0887 -15.9793 45.2738 0.593338 0.071787 -0.801643
-20.987 -15.169 45.4251 0.580559 0.0853843 -0.809729
-20.9108 -14.3076 45.5622 0.560314 0.08945 -0.823436
-20.3799 -13.7033 45.9802 0.536878 0.0683936 -0.840666
-19.7683 -13.2604 46.3895 0.517405 0.0608268 -0.853541
-19.077 -12.5545 46.8459 0.486933 0.036966 -0.872143
-18.2636 -12.3486 47.2807 0.45618 0.0191791 -0.889578
-17.6688 -12.9229 47.5619 0.454558 -0.000594661 -0.890366
-16.8657 -13.6976 47.9903 0.441261 -0.0214015 -0.897123
-17.4889 -13.9536 47.6829 0.469053 -0.0143095 -0.883001
-18.0273 -14.1709 47.395 0.47333 -0.0058309 -0.880866
-17.2812 -15.7148 47.8726 0.541972 -0.0452119 -0.838805
-17.9568 -16.1671 47.4542 0.5371 -0.0298066 -0.842992
-18.4749 -16.5766 47.0911 0.565319 0.013716 -0.824708
-18.9037 -17.2097 46.7715 0.580189 0.0288901 -0.813969
-19.341 -18.258 46.4023 0.592855 0.0476134 -0.8039
-19.6584 -19.3903 46.1164 0.600492 0.0331896 -0.798942
-19.8794 -20.1146 45.9151 0.613139 0.0302145 -0.789384
-20.6751 -20.6259 45.2828 0.620889 0.0244643 -0.783424
-21.6271 -20.6322 44.5013 0.636332 0.0294347 -0.770853
-22.5901 -20.7577 43.6625 0.664301 0.0258828 -0.746977
-23.3862 -20.855 42.9378 0.68067 0.027157 -0.732031
-24.0235 -20.9256 42.3284 0.694141 0.0303141 -0.7192
-24.6374 -20.943 41.727 0.705497 0.0223398 -0.708335
-25.195 -20.9095 41.1667 0.709712 0.0191596 -0.704232
-25.7411 -20.8812 40.6121 0.716096 0.0210865 -0.697676
-26.4072 -20.8665 39.9244 0.721055 0.0310846 -0.69218
-26.96 -20.8794 39.3566 0.715921 0.0167234 -0.697978
-27.6869 -21.0002 38.6071 0.71722 0.0223056 -0.69649
-28.2064 -21.0397 38.0662 0.722944 0.0156401 -0.690707
-28.7596 -20.7467 37.4869 0.726502 0.0154251 -0.68697
-28.8261 -19.9062 37.4531 0.729276 0.0446344 -0.682762
-28.8622 -19.139 37.4815 0.721249 0.0702579 -0.689103
-28.5411 -18.4234 37.9248 0.71886 0.10872 -0.686457
-27.9157 -18.3891 38.5649 0.708694 0.112001 -0.696516
-27.3677 -18.4142 39.121 0.710239 0.0911497 -0.698019
-26.8316 -18.4783 39.6674 0.725514 0.0801736 -0.683486
-26.3023 -18.5237 40.2125 0.716392 0.0874944 -0.692045
-25.7656 -18.4868 40.7475 0.702113 0.0989951 -0.705113
-25.169 -18.2989 41.3693 0.709088 0.091867 -0.69911
-24.6404 -18.0808 41.9213 0.696985 0.0954369 -0.710707
-24.1166 -17.8729 42.4689 0.700349 0.101773 -0.706508
-23.6105 -17.5383 42.9886 0.674735 0.0915051 -0.73231
-23.1759 -17.0888 43.4312 0.657911 0.0971307 -0.746707
-22.6777 -16.125 43.9881 0.636409 0.0980536 -0.765095
-22.4743 -15.3504 44.2717 0.626593 0.106981 -0.771825
-22.3816 -14.5675 44.4519 0.60294 0.120731 -0.788598
-22.4419 -13.5203 44.5654 0.592775 0.134605 -0.793823
-22.4742 -12.527 44.7091 0.576819 0.114706 -0.808779
-21.8778 -12.3431 45.1536 0.553686 0.0997652 -0.826549
-20.9391 -11.9955 45.794 0.516339 0.0887525 -0.851629
-20.4368 -11.5065 46.1353 0.502678 0.0924776 -0.859415
-19.9642 -10.8829 46.4675 0.476449 0.0840586 -0.875173
-19.5781 -10.1329 46.7392 0.453813 0.0656891 -0.88865
-19.2883 -9.3285 46.9461 0.439924 0.052326 -0.896509
-19.033 -8.23579 47.1295 0.427137 0.0404457 -0.903282
-18.7751 -7.42151 47.2836 0.404096 0.0541807 -0.913111
-18.3848 -6.63258 47.4902 0.354414 0.0441001 -0.934043
-18.1949 -7.50518 47.5241 0.350501 0.0368173 -0.935838
-18.0502 -8.55352 47.5345 0.368041 0.0472491 -0.928608
-17.8381 -9.39479 47.5863 0.38803 0.0263752 -0.921245
-17.6053 -10.1337 47.6599 0.395167 0.0259978 -0.918241
-17.1721 -10.9951 47.8219 0.399973 0.0355592 -0.915771
-16.6023 -11.5401 48.0656 0.385826 -0.0131981 -0.922194
-15.5257 -11.9756 48.4841 0.33679 -0.0473168 -0.939931
-14.6628 -12.097 48.7991 0.305817 -0.0755404 -0.94902
-13.8615 -12.1091 49.0509 0.297539 -0.0831391 -0.951083
-12.9614 -11.9888 49.2689 0.23023 -0.0852185 -0.969398
-12.1694 -11.6781 49.4156 0.200503 -0.086798 -0.975841
-11.5749 -11.1895 49.4964 0.176157 -0.0685797 -0.981822
-11.4943 -11.5144 49.5331 0.164692 -0.0776863 -0.983279
-11.9295 -12.3407 49.5238 0.183246 -0.0815815 -0.979503
-12.4569 -12.9603 49.4678 0.215643 -0.102643 -0.971028
-12.8635 -13.5965 49.4477 0.220036 -0.109316 -0.969347
-13.1827 -14.3088 49.4552 0.216745 -0.138332 -0.965918
-13.3904 -15.632 49.6398 0.202856 -0.158989 -0.966117
-13.8572 -15.8096 49.5381 0.280515 -0.194228 -0.939993
-14.613 -15.5668 49.2282 0.369726 -0.188573 -0.909804
-15.2994 -15.4517 48.9298 0.409187 -0.110407 -0.904985
-16.3404 -15.532 48.4038 0.455359 -0.0818559 -0.886537
-17.1512 -15.6916 47.9508 0.511848 -0.0685986 -0.85613
-16.9474 -17.5378 48.1724 0.608622 -0.0453426 -0.792164
-17.5303 -17.9563 47.7353 0.586874 0.0306552 -0.809008
-17.8052 -18.6599 47.5186 0.590821 0.0195971 -0.806555
-17.973 -19.3883 47.3762 0.596948 0.0181214 -0.802054
-18.1308 -20.114 47.2444 0.601538 0.0198798 -0.798586
-18.536 -21.0857 46.9111 0.606952 0.0217668 -0.794431
-18.9626 -21.852 46.5629 0.603231 0.0243457 -0.797193
-19.4849 -22.3384 46.1586 0.595019 0.0166568 -0.803517
-20.3184 -22.525 45.5453 0.598621 0.00597429 -0.800896
-21.2654 -22.5109 44.7842 0.626195 -0.0204818 -0.779398
-21.9021 -22.5101 44.229 0.657444 -0.0101424 -0.753136
-22.5714 -22.6915 43.6273 0.672858 0.017838 -0.739557
-23.3762 -22.663 42.8902 0.680485 0.00326884 -0.732754
-24.0825 -22.6548 42.2246 0.691213 0.0152192 -0.722491
-24.7869 -22.6687 41.5503 0.699712 -0.00481721 -0.714409
-25.3627 -22.6523 40.9795 0.710247 -0.00110055 -0.703937
-25.9169 -22.7283 40.408 0.720868 0.00248077 -0.693063
-26.588 -22.5913 39.7122 0.718999 0.00616942 -0.694983
-27.197 -22.6497 39.0848 0.715901 0.00464383 -0.698186
-27.8367 -22.7705 38.4264 0.717752 0.00381417 -0.696289
-28.4198 -22.7939 37.8219 0.72178 0.00185364 -0.69212
-28.9562 -22.7003 37.2606 0.724411 0.00183287 -0.689365
-29.4795 -22.682 36.7104 0.721406 -0.00313552 -0.692504
-30.1333 -22.7125 36.0356 0.716235 -0.0124064 -0.697749
-30.2662 -22.4817 35.8943 0.719295 -0.0135301 -0.694573
-30.0655 -21.5405 36.0957 0.725575 -0.00148717 -0.688141
-30.108 -20.7706 36.0528 0.72889 0.00660061 -0.684599
-30.0961 -19.9981 36.0825 0.732717 0.0218566 -0.680182
-30.1347 -19.1058 36.0969 0.749612 0.0386683 -0.660748
-30.2941 -18.1243 36.0686 0.730623 0.139486 -0.668381
-30.693 -17.5473 35.7719 0.725114 0.215053 -0.653659
-31.3414 -17.2813 35.1752 0.710964 0.23623 -0.662315
-31.8829 -17.3492 34.6062 0.691349 0.226463 -0.686113
-32.3766 -17.3627 34.0998 0.705685 0.215301 -0.675022
-31.8262 -17.0891 34.7493 0.691302 0.227098 -0.685951
-30.9583 -17.1424 35.6302 0.705457 0.240589 -0.666669
-30.2668 -16.9443 36.4261 0.705019 0.218904 -0.67425
-29.6894 -16.7115 37.106 0.712975 0.198954 -0.672371
-28.9952 -16.5835 37.8739 0.710284 0.198573 -0.675326
-28.138 -16.6237 38.7463 0.696518 0.184681 -0.693366
-27.5943 -16.6599 39.2872 0.698711 0.202821 -0.686052
-26.9585 -16.6437 39.9191 0.68929 0.193018 -0.6983
-26.2228 -16.6476 40.6394 0.690515 0.174961 -0.701839
-25.6463 -16.4569 41.2427 0.682892 0.159642 -0.712758
-24.8859 -16.139 42.0339 0.671325 0.147629 -0.726311
-24.3556 -15.8821 42.5807 0.657052 0.152749 -0.737856
-23.9427 -15.4266 43.0212 0.654122 0.135556 -0.744143
-23.7407 -14.6338 43.3451 0.641947 0.144821 -0.752948
-23.8778 -13.5143 43.4581 0.620224 0.151268 -0.769702
-24.2327 -12.5991 43.3613 0.614604 0.162161 -0.771977
-24.3925 -11.6867 43.4208 0.606408 0.155551 -0.779764
-24.3624 -10.9122 43.5875 0.588165 0.147872 -0.795107
-24.7544 -10.0626 43.47 0.582552 0.16652 -0.795553
-25.3653 -9.74905 43.0789 0.597368 0.160588 -0.785725
-26.0013 -9.59876 42.6255 0.608769 0.171588 -0.77449
-26.6738 -9.58468 42.091 0.615096 0.178542 -0.76797
-27.4409 -9.16731 41.5636 0.629577 0.188831 -0.753642
-28.1153 -8.78013 41.1088 0.622995 0.184076 -0.760184
-28.5842 -8.2775 40.8238 0.651476 0.174255 -0.738386
-29.2868 -7.55064 40.3878 0.64048 0.168768 -0.749063
-29.7226 -6.94144 40.142 0.634118 0.161793 -0.75612
-30.1529 -6.1144 39.9517 0.634672 0.141549 -0.759706
-30.3895 -5.31213 39.9006 0.638113 0.128064 -0.759218
-30.424 -4.42259 40.0156 0.636429 0.111928 -0.763123
-29.8526 -3.51752 40.6327 0.643927 0.120098 -0.755594
-29.2507 -3.41788 41.1578 0.6377 0.114924 -0.761625
-28.4854 -3.60835 41.745 0.616648 0.127452 -0.776854
-27.8553 -3.85701 42.1951 0.609384 0.118746 -0.78388
-26.9547 -4.24033 42.8336 0.59221 0.103867 -0.799061
-26.3902 -4.65709 43.1978 0.588899 0.109784 -0.800685
-25.8152 -5.33842 43.5072 0.572012 0.117859 -0.811734
-25.46 -6.01346 43.662 0.573454 0.114354 -0.811217
-25.1545 -7.0033 43.7319 0.553053 0.1149 -0.825185
-24.9633 -7.95366 43.7179 0.548384 0.131122 -0.825883
-24.7379 -8.90452 43.7075 0.58349 0.145794 -0.798926
-24.3688 -9.60663 43.8431 0.57862 0.160564 -0.799636
-23.8959 -10.2199 44.0529 0.562281 0.150219 -0.813064
-22.8787 -10.6297 44.7007 0.556048 0.13336 -0.820121
-21.8705 -10.5255 45.3912 0.553641 0.116586 -0.824554
-21.2452 -9.80414 45.8665 0.503114 0.0993972 -0.858313
-20.8838 -8.99724 46.1554 0.491359 0.0902802 -0.866266
-20.7138 -8.12483 46.3138 0.454694 0.0702516 -0.887873
-20.5357 -7.0521 46.4831 0.439329 0.0708784 -0.895427
-20.2105 -6.34537 46.7074 0.43005 0.0752097 -0.899599
-20.0766 -5.54202 46.8338 0.411469 0.0717912 -0.908554
-19.6728 -4.916 47.0572 0.404583 0.0644089 -0.912229
-19.3922 -3.86437 47.2583 0.404819 0.0666257 -0.911966
-19.7252 -2.97224 47.1846 0.389145 0.0664639 -0.918614
-20.1424 -2.10965 47.0745 0.389494 0.07304 -0.918128
-20.5657 -1.25535 46.9682 0.39143 0.0960116 -0.915185
-20.6877 -0.149117 47.0331 0.386457 0.0871769 -0.918113
-20.6811 0.788941 47.1212 0.378101 0.0870997 -0.921658
-20.793 1.56565 47.1495 0.387111 0.0852311 -0.917796
-20.8615 2.47361 47.1936 0.406315 0.0898604 -0.909179
-21.0268 3.57201 47.2465 0.422818 0.0921658 -0.901251
-21.0412 4.5747 47.3228 0.419127 0.0740486 -0.904903
-21.0328 5.69078 47.4796 0.409711 0.12456 -0.903598
-21.0445 6.43557 47.5727 0.461742 0.111052 -0.880035
-21.0973 7.28436 47.6534 0.451206 0.105908 -0.886002
-20.9284 8.29598 47.8624 0.443474 0.126892 -0.88726
-20.688 9.15637 48.0978 0.420836 0.120135 -0.899147
-20.8591 10.353 48.1565 0.456918 0.0908072 -0.884862
-20.9604 11.2727 48.2019 0.455815 0.0982874 -0.884631
-20.8265 12.1112 48.364 0.44195 0.0895954 -0.892371
-20.8572 12.8717 48.412 0.502294 0.0681637 -0.862006
-21.0102 13.8171 48.4095 0.496607 0.102749 -0.861872
-20.885 14.7729 48.6121 0.522717 0.129347 -0.842636
-20.9499 15.5364 48.6996 0.525081 0.152902 -0.837204
-21.443 16.5009 48.4715 0.603531 0.124807 -0.787511
-22.1635 16.9889 47.8927 0.654522 0.078672 -0.751693
-22.7635 16.9938 47.3028 0.715029 0.0352372 -0.698207
-23.3865 16.8746 46.6693 0.718987 -0.0187505 -0.694623
-23.9545 16.781 46.076 0.724402 -0.0306266 -0.688697
-24.6043 16.8906 45.3744 0.721578 -0.049913 -0.690532
-25.4356 16.5315 44.5059 0.74571 -0.0771067 -0.661754
-26.0346 16.6448 43.821 0.737849 -0.0970582 -0.667951
-26.65 16.8054 43.0998 0.738779 -0.114995 -0.664064
-27.3024 16.8019 42.3672 0.738668 -0.128602 -0.661688
-27.8741 16.9385 41.6881 0.747228 -0.135856 -0.650533
-28.362 17.1064 41.0903 0.746609 -0.152734 -0.647494
-28.6305 17.5164 40.6843 0.747613 -0.150758 -0.646785
-28.1098 17.3514 41.3277 0.754471 -0.140835 -0.641014
-27.6464 17.4427 41.8448 0.745615 -0.133844 -0.652794
-27.2281 17.4378 42.3237 0.745994 -0.136438 -0.651826
-26.7406 17.5021 42.8652 0.747984 -0.125537 -0.651734
-26.1213 17.6827 43.5544 0.75736 -0.117668 -0.642309
-25.7266 18.3266 43.9558 0.773691 -0.0595313 -0.63076
-25.6141 19.2369 44.0258 0.77187 -0.0368242 -0.634713
-25.5871 20.0884 44.0397 0.776882 -0.00750592 -0.629563
-25.5396 20.9519 44.0969 0.773649 0.0071355 -0.633574
-25.6601 21.8735 43.9665 0.775132 0.0156949 -0.631604
-25.7528 22.691 43.8811 0.770906 0.0246236 -0.636453
-25.2448 22.8522 44.4878 0.763026 0.0153578 -0.646185
-24.7305 22.8426 45.0896 0.761475 0.00967716 -0.648121
-24.171 22.8245 45.7466 0.762395 0.00909249 -0.647045
-23.5962 22.8303 46.4298 0.771594 0.0138007 -0.635934
-23.0831 22.8992 47.0631 0.77461 0.0370605 -0.631202
-22.5633 22.8403 47.6747 0.758798 0.0301363 -0.650625
-21.9789 22.7829 48.331 0.741551 0.0355144 -0.669944
-21.3272 22.8015 48.9499 0.66961 0.0607758 -0.740128
-20.7077 22.6752 49.4377 0.612289 0.0482527 -0.789114
-20.0862 22.5207 49.8871 0.586593 0.0399859 -0.808894
-19.5774 21.6618 50.1802 0.537936 0.0335759 -0.842081
-19.4886 20.9163 50.2214 0.545457 0.0124575 -0.838015
-19.3382 20.0633 50.3055 0.539823 0.0320024 -0.84117
-19.3733 19.149 50.2849 0.538258 0.0187181 -0.842572
-19.3399 18.3705 50.233 0.512148 0.145704 -0.84554
-18.7378 17.7366 50.4231 0.434398 0.211708 -0.875487
-17.9881 17.6036 50.6669 0.271325 0.225074 -0.935627
-17.1822 17.5312 50.8452 0.192573 0.207969 -0.958639
-16.1379 17.4144 50.9951 0.146528 0.203789 -0.967987
-15.3743 17.4071 51.0878 0.0854358 0.182723 -0.979445
-15.8788 16.4225 50.8416 0.154403 0.175476 -0.9723
-16.0239 15.5319 50.6578 0.175334 0.187481 -0.966172
-16.2224 14.6539 50.4569 0.173116 0.182178 -0.967906
-16.3719 13.6849 50.253 0.171623 0.172746 -0.969899
-16.4271 12.5424 50.0338 0.231793 0.152456 -0.960733
-16.5816 11.7167 49.8653 0.232991 0.157839 -0.959584
-16.6838 10.924 49.7308 0.244013 0.136943 -0.959824
-16.8653 9.91907 49.5417 0.26784 0.122593 -0.955632
-17.0641 9.01852 49.3741 0.268048 0.114121 -0.956622
-17.0209 8.21017 49.2825 0.253568 0.137479 -0.957498
-16.7771 7.206 49.214 0.252718 0.119027 -0.960191
-16.6768 6.37009 49.1376 0.252541 0.116221 -0.960462
-16.5386 5.6278 49.0763 0.261629 0.127731 -0.956679
-16.4564 4.76562 48.9824 0.241234 0.112999 -0.963866
-16.1663 3.92897 48.957 0.227335 0.11882 -0.96642
-16.2626 2.9023 48.8198 0.268817 0.102802 -0.957689
-16.5589 1.96793 48.6501 0.262487 0.0816599 -0.961474
-16.8204 0.868648 48.4846 0.263048 0.0828268 -0.961221
-16.8213 -0.180597 48.4045 0.26291 0.0620106 -0.962825
-16.9201 -1.03142 48.3152 0.288857 0.0630195 -0.955296
-17.125 -1.75844 48.2006 0.302395 0.0603357 -0.95114
-17.4691 -2.66611 48.042 0.318974 0.0641645 -0.945584
-17.373 -3.66382 48.006 0.310087 0.0569638 -0.949
-17.0905 -4.54457 48.0403 0.301857 0.0619628 -0.951338
-16.8145 -5.46632 48.0935 0.293729 0.0313635 -0.955312
-16.5899 -6.31005 48.1372 0.309064 0.0361135 -0.950355
-16.456 -7.10433 48.1545 0.314172 0.0187034 -0.949182
-16.356 -7.95203 48.1709 0.317254 0.0226539 -0.948056
-16.2471 -8.73191 48.1967 0.332712 0.00326742 -0.943023
-15.9922 -9.82827 48.2865 0.330144 -0.00511088 -0.943917
-15.1553 -10.2202 48.566 0.299408 -0.00413985 -0.954116
-14.3348 -10.237 48.8038 0.265852 -0.0235472 -0.963726
-13.5369 -10.1751 49.015 0.225177 -0.0385668 -0.97347
-12.6987 -9.69983 49.1853 0.200345 -0.0464171 -0.978625
-11.9799 -9.18696 49.301 0.187218 -0.0360451 -0.981657
-11.2157 -8.57375 49.413 0.15984 -0.0354122 -0.986462
-10.6831 -7.93451 49.4837 0.151252 -0.0293231 -0.987989
-10.1504 -7.38764 49.5461 0.143651 -0.0232444 -0.989355
-9.50633 -6.47374 49.6176 0.125933 -0.0110783 -0.991977
-9.07721 -5.82104 49.6654 0.109929 0.00110971 -0.993936
-8.58731 -5.09043 49.7201 0.10728 0.00153357 -0.994227
-8.28449 -4.38433 49.7571 0.102292 0.0100917 -0.994703
-7.72729 -3.48335 49.8263 0.0893834 0.0164552 -0.995857
-6.74027 -2.52182 49.9348 0.0820155 0.0193241 -0.996404
-6.04457 -1.94637 50.0028 0.0712904 0.0320308 -0.996941
-5.37132 -1.38479 50.0638 0.060981 0.0357984 -0.997497
-4.6684 -0.818781 50.1222 0.0500871 0.0303678 -0.998283
-3.98663 -0.141506 50.1821 0.0405993 0.0420549 -0.998258
-3.52842 0.610671 50.2283 0.0325727 0.0414337 -0.99861
-3.03405 1.36552 50.275 0.0294772 0.0484878 -0.998355
-2.44768 2.42059 50.3443 0.0208402 0.0635562 -0.997697
-1.82811 2.89163 50.3817 0.0109607 0.0640133 -0.997889
-1.25312 3.37998 50.4154 0.00310385 0.0586194 -0.998276
-0.51712 4.31624 50.4732 -0.00503592 0.0688683 -0.997613
0.126287 4.93363 50.5104 -0.00944964 0.0655512 -0.997804
1.09194 5.58041 50.5409 -0.0215092 0.0736074 -0.997055
1.89602 6.06268 50.5558 -0.028664 0.0687315 -0.997223
2.48879 6.61361 50.5768 -0.0284624 0.0729945 -0.996917
3.08696 7.11923 50.5913 -0.0366922 0.0716858 -0.996752
3.83276 7.78748 50.6084 -0.0446124 0.0762318 -0.996092
4.47041 8.47931 50.63 -0.0546549 0.0761565 -0.995593
5.0024 9.18353 50.6571 -0.054501 0.0797958 -0.99532
5.33163 9.91889 50.7006 -0.0613104 0.0858447 -0.99442
5.67171 10.9453 50.7693 -0.0572357 0.0840559 -0.994804
6.65285 11.8008 50.781 -0.0652752 0.0882299 -0.993959
7.34164 12.6498 50.8231 -0.0638487 0.0965454 -0.99326
8.01621 13.0247 50.8188 -0.0615838 0.099878 -0.993092
8.60898 13.6223 50.8456 -0.0566303 0.103462 -0.99302
8.8361 14.5377 50.9374 -0.0468321 0.123615 -0.991225
8.68138 15.5687 51.0683 -0.0322205 0.101598 -0.994114
7.82927 16.3452 51.1527 -0.0173633 0.0858541 -0.996149
7.12878 16.6809 51.1866 -0.0169895 0.064495 -0.997773
6.07375 16.9457 51.2163 -0.00727056 0.0543134 -0.998495
5.21256 17.0629 51.2306 -0.00478346 0.0511503 -0.998667
4.31652 17.3423 51.2464 -0.00287276 0.0385051 -0.999237
3.13541 17.5891 51.2523 -0.0035154 0.0324566 -0.999441
2.33048 17.7148 51.2565 0.00155481 0.020149 -0.999794
1.46576 17.7629 51.2559 0.00462765 0.0170045 -0.99984
0.613771 17.7788 51.2532 0.00214449 0.00991544 -0.999949
-0.230018 17.6143 51.2476 0.00622011 0.00850306 -0.999945
-1.12396 17.3947 51.241 0.00456489 0.00804413 -0.999957
-2.07596 17.3508 51.2314 0.0140058 0.00723762 -0.999876
-3.02859 17.2647 51.2186 0.00890777 0.00943575 -0.999915
-4.02964 17.3991 51.212 0.00875672 0.0113962 -0.999894
-5.00495 17.3612 51.1997 0.013578 0.0127985 -0.999826
-6.09166 17.1164 51.184 0.00904562 0.0136464 -0.999866
-7.17564 17.2032 51.1735 0.0130461 0.0138343 -0.999819
-8.03886 17.254 51.167 0.0102875 0.0224943 -0.999694
-8.9677 17.4784 51.1648 0.00406047 0.028098 -0.999597
-10.0267 17.5435 51.1628 -0.00016473 0.0313964 -0.999494
-10.9501 17.2364 51.1477 0.000939416 0.0499796 -0.99875
-11.8358 17.3757 51.1531 0.010133 0.0609093 -0.997998
-12.667 17.4264 51.1517 0.00148664 0.0734846 -0.997295
-13.925 17.5066 51.1555 0.0161506 0.133015 -0.990982
-14.6282 17.9973 51.2104 0.000780015 0.160341 -0.986611
-14.3889 18.7478 51.2695 -0.0396434 0.0496129 -0.997871
-14.4008 19.5806 51.3023 -0.0250699 0.0195181 -0.999495
-14.3859 20.3632 51.3106 -0.0196604 0.00498024 -0.999794
-14.3304 21.1293 51.3127 -0.0176616 -0.00584995 -0.999782
-14.5426 22.1027 51.3058 -0.00351145 -0.0174841 -0.999841
-14.1658 22.5902 51.3021 0.00669318 0.00155607 -0.999976
-12.834 22.635 51.3054 -0.00386708 0.0287062 -0.99958
-12.0469 22.5388 51.2996 -0.00386328 0.0287078 -0.99958
-11.1668 22.5439 51.2886 -0.0121846 0.0167286 -0.999786
-10.3578 22.5186 51.2779 -0.0140514 0.0168168 -0.99976
-9.45269 22.454 51.2637 -0.0144752 0.016429 -0.99976
-8.26379 22.5973 51.2494 -0.0146053 0.0145561 -0.999787
-7.39697 22.4719 51.2394 -0.00480632 0.0105961 -0.999932
-6.14262 22.6453 51.241 0.00425977 0.0110949 -0.999929
-4.95938 22.7792 51.2507 0.0103902 0.012704 -0.999865
-3.82003 22.7647 51.2604 0.00554028 0.0183461 -0.999816
-2.69538 22.7452 51.2677 0.00582151 0.00612063 -0.999964
-1.78618 22.7016 51.2758 0.0153204 0.00550162 -0.999868
-1.03712 22.7682 51.2875 0.0151894 0.0130413 -0.999791
-0.21684 22.8416 51.3032 0.0193991 0.0169242 -0.999667
0.782704 22.7548 51.325 0.0270392 0.0166374 -0.999496
1.67311 22.8223 51.3495 0.025094 0.0228913 -0.999419
2.79129 22.7634 51.3789 0.0247743 0.0262194 -0.999344
3.62274 22.7959 51.3984 0.0225561 0.0285458 -0.999338
4.37406 22.7627 51.4132 0.0201794 0.0282792 -0.999396
5.18144 22.7134 51.4303 0.0260841 0.0277565 -0.999269
6.24021 22.8124 51.465 0.0313643 0.0288606 -0.999091
7.16168 22.5936 51.4821 0.023582 0.038264 -0.998989
7.99782 22.528 51.497 0.0139934 0.0460716 -0.998836
8.79835 22.6003 51.5125 0.0149816 0.0486858 -0.998702
9.8056 22.8695 51.5393 0.0101966 0.0509701 -0.998637
10.7014 22.8696 51.5464 0.00849029 0.0550148 -0.998449
11.5082 22.7562 51.547 -0.000748049 0.064226 -0.99785
12.3054 22.76 51.5185 -0.0449403 0.0764968 -0.995891
13.3491 22.8292 51.4168 -0.159571 0.0339438 -0.984642
14.2881 22.6296 51.2678 -0.240831 -0.0542366 -0.965084
14.0352 22.0269 51.349 -0.120291 -0.030414 -0.990563
13.8725 21.2521 51.3669 -0.0621106 0.00374992 -0.997857
13.8601 20.4892 51.3501 -0.0408918 0.0176999 -0.998949
13.8846 19.6248 51.3217 -0.00607047 0.031711 -0.999338
14.0011 18.7202 51.2866 0.000266754 0.0621636 -0.998066
14.3646 17.9764 51.1598 -0.0544534 0.298495 -0.952856
14.992 17.6367 50.801 -0.554319 0.342339 -0.75864
15.8935 17.567 50.1629 -0.556562 0.208357 -0.798388
16.5141 17.5508 49.6531 -0.623505 0.149457 -0.767401
17.2387 17.6458 49.1077 -0.601942 0.0426128 -0.796495
17.747 18.1401 48.7048 -0.619071 0.00187207 -0.785332
17.961 18.9884 48.5325 -0.620788 -0.00540143 -0.78396
18.0434 20.0084 48.4603 -0.624188 -0.00473504 -0.781257
18.1452 20.8371 48.3773 -0.626721 -0.00169792 -0.779237
18.2821 21.748 48.2669 -0.630715 0.0053017 -0.775992
18.7645 22.6198 47.8743 -0.641465 0.00485824 -0.767137
19.4948 22.7918 47.2614 -0.640322 -0.00897591 -0.768054
20.3424 22.8044 46.5519 -0.64293 -0.0100612 -0.765859
21.206 22.8317 45.8131 -0.658209 -0.0141628 -0.752702
22.0518 22.782 45.0497 -0.692949 0.00466749 -0.720971
22.737 22.7908 44.3881 -0.70083 -0.0186944 -0.713075
23.2866 22.7776 43.8453 -0.70778 -0.00981527 -0.706365
23.9065 22.7807 43.2141 -0.713494 -0.0156092 -0.700487
24.4709 22.852 42.642 -0.712736 -0.0101382 -0.701352
25.0089 22.8325 42.0955 -0.717101 -0.00245051 -0.696965
25.6549 22.8642 41.4239 -0.721744 -0.00231542 -0.692156
26.3414 22.8865 40.709 -0.721054 -0.00225861 -0.692875
26.9267 22.8696 40.0982 -0.723664 0.00229158 -0.690148
27.4782 22.8372 39.5153 -0.72802 0.00161999 -0.685554
28.0146 22.8357 38.9444 -0.729361 0.00218363 -0.684125
28.1377 22.3015 38.8113 -0.730464 0.00195682 -0.682948
27.9245 21.5994 39.0381 -0.729538 0.000825594 -0.68394
27.9082 20.7956 39.0588 -0.733499 -0.00270032 -0.679685
27.9548 20.003 39.0167 -0.735815 -0.00970024 -0.677099
27.9529 19.2286 39.0429 -0.739984 -0.0499564 -0.670767
28.1071 18.3084 38.9465 -0.739678 -0.0867542 -0.666957
28.5336 17.6053 38.595 -0.734262 -0.129619 -0.666377
29.0866 17.5052 38.0087 -0.726945 -0.143714 -0.671489
29.6035 17.4275 37.4653 -0.724635 -0.144305 -0.67384
30.1682 17.4144 36.8632 -0.725549 -0.14186 -0.673389
30.7851 17.4397 36.1912 -0.728792 -0.147379 -0.668656
31.1368 17.2566 35.8466 -0.733413 -0.153687 -0.662171
30.5999 17.1 36.4634 -0.726528 -0.14252 -0.672194
29.8727 17.3148 37.2015 -0.724622 -0.141174 -0.674532
29.3183 17.0026 37.8662 -0.727282 -0.145952 -0.670641
28.6651 16.9187 38.5873 -0.721317 -0.14482 -0.677296
28.2062 16.6126 39.1415 -0.721322 -0.144832 -0.677288
27.571 16.484 39.8331 -0.718956 -0.126418 -0.683463
26.7997 16.6096 40.6178 -0.715104 -0.123567 -0.68801
26.2582 16.7668 41.1521 -0.709641 -0.121574 -0.693953
25.5448 16.768 41.8789 -0.710166 -0.11559 -0.694481
24.7213 16.7736 42.7142 -0.70914 -0.104744 -0.697244
24.059 16.6685 43.395 -0.6982 -0.0945163 -0.709631
23.3828 16.4988 44.086 -0.691793 -0.0862976 -0.716783
22.7966 16.4819 44.6375 -0.680438 -0.0802323 -0.7284
22.1883 16.5796 45.1955 -0.674212 -0.061917 -0.735938
21.5921 16.5274 45.7204 -0.645934 -0.0559315 -0.761342
21.0423 16.2697 46.1874 -0.624901 -0.0468685 -0.779296
20.6181 15.7862 46.5617 -0.603243 -0.051951 -0.795863
20.4815 14.8122 46.7269 -0.602656 -0.0491724 -0.796484
20.7242 14.0992 46.5848 -0.606284 -0.0563116 -0.793252
20.8762 13.166 46.5349 -0.604981 -0.0569802 -0.794197
21.1401 12.2809 46.4201 -0.584369 -0.0708294 -0.808391
21.4893 11.574 46.2338 -0.575106 -0.0920161 -0.812888
21.3916 10.5243 46.4066 -0.553909 -0.0732095 -0.829328
21.7334 9.56421 46.2578 -0.578237 -0.063139 -0.813409
22.2643 8.99937 45.9202 -0.595765 -0.0617289 -0.800514
23.0122 8.69927 45.3735 -0.604672 -0.0716285 -0.793247
23.6662 8.94022 44.8176 -0.642899 -0.0942464 -0.760131
24.3174 8.91175 44.2847 -0.652901 -0.122583 -0.747458
24.9088 8.44397 43.8425 -0.655254 -0.119233 -0.745939
25.2981 7.83861 43.5921 -0.659467 -0.108139 -0.743914
25.2652 6.71561 43.7708 -0.650821 -0.0953024 -0.753226
24.6862 5.98697 44.3282 -0.623959 -0.0547932 -0.779533
23.9431 5.7163 44.9344 -0.605156 -0.0426439 -0.794796
23.1165 6.04546 45.5232 -0.576405 -0.0389078 -0.816237
22.4119 6.28639 46.0055 -0.562866 -0.0360924 -0.825743
21.6563 6.07076 46.5136 -0.519973 -0.0392124 -0.853274
21.2034 5.37669 46.8176 -0.490287 -0.0310414 -0.870397
20.8429 4.58845 47.0362 -0.482154 -0.0209609 -0.875836
20.6405 3.5866 47.1879 -0.464546 -0.0339433 -0.884525
20.764 2.68169 47.1496 -0.447205 -0.0363019 -0.893584
20.6395 1.90003 47.2557 -0.451785 -0.0478449 -0.890843
20.5531 0.686023 47.345 -0.443495 -0.0261616 -0.895895
20.7747 -0.132593 47.2537 -0.452621 -0.0363893 -0.89096
20.8238 -0.948393 47.2621 -0.44492 -0.0302269 -0.894997
21.038 -1.93507 47.194 -0.484455 -0.0425317 -0.873782
20.8973 -2.71128 47.2998 -0.463653 -0.022121 -0.88537
20.5557 -3.9855 47.4889 -0.430852 -0.0213184 -0.902171
20.17 -4.79163 47.6778 -0.43142 0.0132008 -0.902055
19.483 -5.38915 47.9625 -0.370574 -0.00224412 -0.9288
19.0351 -6.29378 48.1416 -0.366841 -0.00585153 -0.930243
19.1489 -7.07075 48.1137 -0.360749 -0.0249841 -0.932328
19.4446 -7.91103 48.0166 -0.43231 -0.0278736 -0.901294
19.931 -8.74741 47.805 -0.422681 -0.0146762 -0.90616
20.16 -9.46357 47.687 -0.464313 0.0166138 -0.885516
20.3931 -10.2922 47.5626 -0.468029 -0.00795295 -0.883587
20.503 -11.1529 47.5296 -0.468956 -0.0382474 -0.882393
20.4768 -11.9199 47.5632 -0.544293 0.000371434 -0.838895
20.5033 -13.1401 47.5223 -0.519099 -0.00226263 -0.854356
20.4588 -14.2975 47.5778 -0.560179 -0.0104557 -0.828306
20.5201 -15.0722 47.5316 -0.581349 -0.00200781 -0.813652
20.915 -15.8014 47.2512 -0.582942 -0.0234515 -0.811889
21.5135 -16.3044 46.7222 -0.683817 -0.00305255 -0.729647
22.065 -16.4789 46.2206 -0.653628 0.0622721 -0.75425
22.6265 -16.5827 45.6741 -0.698793 0.088457 -0.709834
23.1772 -16.6893 45.1139 -0.718437 0.0886512 -0.689919
23.7653 -16.6266 44.5095 -0.707474 0.103496 -0.69882
24.5709 -16.5162 43.6964 -0.72219 0.124333 -0.680421
25.1563 -16.5956 43.0593 -0.717162 0.141552 -0.682379
25.6588 -16.6586 42.5061 -0.724819 0.154028 -0.671501
26.3627 -16.6583 41.7425 -0.73115 0.169101 -0.660928
27.0855 -16.7006 40.9326 -0.728648 0.184441 -0.659585
27.6613 -16.8947 40.2473 -0.728615 0.196165 -0.656054
28.1812 -17.1544 39.5748 -0.731527 0.205131 -0.650222
28.6667 -16.7843 39.1553 -0.721052 0.209558 -0.660431
29.1439 -16.9189 38.5926 -0.725125 0.204723 -0.657481
29.5477 -17.2663 38.0524 -0.71786 0.188573 -0.670162
29.2494 -17.4663 38.3156 -0.717403 0.188578 -0.67065
28.6879 -17.3813 38.9467 -0.717474 0.205199 -0.665676
28.2028 -17.5322 39.4281 -0.729558 0.21848 -0.648083
27.6991 -17.9157 39.8989 -0.75128 0.173329 -0.636558
27.4714 -18.6899 40.0291 -0.753174 0.0923204 -0.651311
27.402 -19.5628 40.0721 -0.760595 0.0148456 -0.649057
27.3165 -20.4033 40.1698 -0.755062 -0.00912384 -0.655586
27.3236 -21.2839 40.1778 -0.749485 -0.0243905 -0.661571
27.5091 -22.0628 39.9967 -0.74903 -0.0295481 -0.661869
27.8617 -22.6234 39.6283 -0.74308 -0.0378326 -0.668132
27.3613 -22.748 40.1953 -0.746976 -0.0322847 -0.664067
26.8168 -22.7887 40.8122 -0.746612 -0.0345425 -0.664357
26.2007 -22.7458 41.4884 -0.737675 -0.0255287 -0.674644
25.6648 -22.6425 42.0764 -0.743734 -0.0140055 -0.668306
25.1465 -22.5971 42.6583 -0.747578 -0.0113229 -0.664075
24.5256 -22.6769 43.3569 -0.749708 -0.00680763 -0.661719
23.9647 -22.7115 43.9942 -0.748078 -0.0117305 -0.663503
23.452 -22.7218 44.5608 -0.73809 -0.00828939 -0.674651
22.9087 -22.6154 45.1531 -0.736734 -0.00621249 -0.676154
22.3541 -22.4962 45.7538 -0.734451 -0.00919576 -0.6786
21.8113 -22.5871 46.3265 -0.717428 0.000695937 -0.696632
21.0597 -22.626 47.1184 -0.707876 -0.0690737 -0.70123
20.1741 -22.5717 47.9359 -0.658671 -0.0866686 -0.74686
19.3348 -22.58 48.6311 -0.645257 -0.0881756 -0.758645
18.7959 -21.9724 48.9811 -0.542621 -0.0131869 -0.83982
18.6295 -21.0887 49.0651 -0.566455 -0.0596748 -0.820922
18.4305 -20.1212 49.1426 -0.542073 -0.0255736 -0.839942
18.3452 -19.2813 49.1783 -0.548009 -0.0122725 -0.836383
18.2194 -18.4502 49.2448 -0.552047 -0.0103771 -0.833689
17.847 -17.5263 49.3441 -0.464928 -0.19025 -0.864666
17.342 -16.9675 49.4557 -0.365923 -0.169534 -0.915073
16.8272 -16.3021 49.5225 -0.253497 -0.140299 -0.956823
16.4562 -15.6329 49.5499 -0.242035 -0.0884801 -0.966225
16.1115 -14.8969 49.5688 -0.245418 -0.0846363 -0.965702
15.8105 -13.8904 49.5621 -0.246243 -0.0756997 -0.96623
15.6525 -13.1128 49.5393 -0.234011 -0.0817533 -0.968791
15.4425 -12.3391 49.5247 -0.229051 -0.0697122 -0.970826
15.5805 -11.5941 49.458 -0.238425 -0.0375657 -0.970434
15.7097 -10.8067 49.3958 -0.23927 -0.0389042 -0.970172
16.0017 -9.94617 49.2719 -0.257699 -0.0506387 -0.964897
16.3265 -8.74895 49.121 -0.263814 -0.0463477 -0.96346
16.816 -7.92157 48.9512 -0.262874 -0.0393244 -0.964019
17.177 -7.24134 48.8296 -0.318662 -0.0168557 -0.947719
17.2641 -6.37394 48.7873 -0.306091 -0.0201338 -0.951676
17.0526 -5.3064 48.8167 -0.273815 -0.0327645 -0.960861
16.5581 -4.44815 48.9297 -0.253651 -0.0167236 -0.967151
16.2511 -3.59687 48.9989 -0.255915 -0.0120221 -0.966625
15.9242 -2.4062 49.0707 -0.249613 -0.0119846 -0.968271
15.8934 -1.50888 49.0657 -0.254532 -0.0206404 -0.966844
16.0742 -0.0354711 48.9863 -0.257099 -0.0228764 -0.966108
16.2409 0.809221 48.9237 -0.255946 -0.0210862 -0.966461
16.3767 1.60102 48.8705 -0.259138 -0.0139833 -0.965707
16.5406 2.39018 48.8117 -0.296163 -0.0131097 -0.955047
16.5879 3.16391 48.7864 -0.289807 0.00500939 -0.956877
16.4769 4.28851 48.8354 -0.27469 0.00717072 -0.961506
16.2753 5.30134 48.901 -0.30232 0.00761354 -0.953176
16.0423 6.22265 48.988 -0.305496 0.0179242 -0.952025
16.0691 7.08973 48.9947 -0.31044 0.0182679 -0.950417
16.2212 8.01706 48.9655 -0.306409 0.0233255 -0.951614
16.3059 8.94085 48.9638 -0.3052 0.0285899 -0.951859
16.2927 10.0014 49.0063 -0.35196 0.0269078 -0.935628
15.9792 10.7223 49.1479 -0.350351 0.0451741 -0.935528
15.75 11.5161 49.2722 -0.35053 0.0453016 -0.935455
15.2166 12.0769 49.514 -0.329649 0.112624 -0.936559
14.3077 11.9587 49.7775 -0.290317 0.121769 -0.949151
13.6773 11.5532 49.8954 -0.219496 0.112347 -0.968969
13.1714 10.9658 49.9532 -0.22162 0.0952892 -0.970466
12.7572 10.3293 49.9627 -0.185495 0.0870183 -0.978485
12.098 9.8242 50.0403 -0.150263 0.0821867 -0.985224
11.4988 8.85072 50.0658 -0.158458 0.0569887 -0.98572
11.0495 8.13507 50.0803 -0.129068 0.0578822 -0.989945
10.4945 7.47795 50.1142 -0.116313 0.0576169 -0.991457
9.8553 6.58288 50.1438 -0.103311 0.0378139 -0.99393
9.16184 5.86392 50.1786 -0.0921503 0.0371127 -0.995022
8.74928 5.23889 50.1924 -0.071414 0.0336574 -0.996879
8.23702 4.4248 50.2049 -0.0707508 0.0242403 -0.997196
7.48711 3.72812 50.2348 -0.0575601 0.0222447 -0.998093
6.74181 3.48458 50.2704 -0.0461111 0.0232652 -0.998665
6.10622 3.07701 50.291 -0.0417987 0.0160032 -0.998981
5.45868 2.15496 50.302 -0.0322102 0.0163155 -0.999336
4.65425 1.46554 50.3182 -0.0296294 0.00755534 -0.999532
3.88466 0.426556 50.3309 -0.0113746 -0.00584893 -0.999918
3.28723 -0.303936 50.3387 0.00287667 -0.00520419 -0.999965
2.57116 -0.860198 50.3433 0.00209582 -0.0109834 -0.999937
1.92341 -1.34724 50.3367 0.0176788 -0.00542172 -0.999829
1.27949 -1.80719 50.3308 0.0235497 -0.0101836 -0.999671
0.510329 -2.52257 50.3175 0.0296778 -0.012051 -0.999487
-0.0181547 -3.18329 50.3083 0.0394158 -0.0113026 -0.999159
-0.83845 -4.09407 50.2878 0.0455562 -0.0228336 -0.998698
-1.45523 -4.93765 50.2742 0.0562502 -0.0227484 -0.998158
-1.96774 -5.57464 50.2577 0.0583427 -0.0202714 -0.998091
-2.71487 -6.0656 50.2208 0.0692882 -0.0232805 -0.997311
-3.4015 -6.56822 50.1872 0.0696456 -0.0285072 -0.997164
-4.09493 -7.19104 50.1521 0.0738071 -0.0289799 -0.996844
-4.70989 -8.28465 50.1389 0.0818176 -0.0313794 -0.996152
-5.19988 -8.99602 50.126 0.083952 -0.0403023 -0.995654
-5.69452 -9.58761 50.1087 0.0832596 -0.0409884 -0.995685
-6.3085 -10.018 50.0757 0.0870961 -0.0471872 -0.995072
-6.9605 -10.5549 50.0433 0.0965702 -0.0487995 -0.99411
-7.72601 -10.8911 49.9851 0.097923 -0.054821 -0.993683
-8.58797 -11.3107 49.9189 0.112877 -0.064268 -0.991514
-9.33356 -11.7568 49.8642 0.114246 -0.0694723 -0.99102
-9.85475 -12.9487 49.8986 0.134159 -0.0859038 -0.987217
-10.6924 -13.8217 49.8696 0.131609 -0.108366 -0.985322
-11.4011 -14.7 49.8587 0.172507 -0.115494 -0.978214
-11.6299 -15.5282 49.9459 0.147862 -0.15599 -0.976629
-11.2789 -16.1936 50.0933 0.0924388 -0.117881 -0.988695
-10.532 -17.0534 50.2486 0.0832744 -0.0901981 -0.992436
-9.64639 -17.1016 50.3081 0.0535179 -0.0810737 -0.995181
-8.82089 -17.0898 50.3406 0.0430267 -0.0526048 -0.997688
-7.91885 -17.0397 50.3729 0.0280924 -0.0492939 -0.998369
-7.15093 -16.8877 50.3867 0.0330743 -0.0404737 -0.998633
-6.3186 -16.6871 50.4017 0.0195203 -0.0270761 -0.999423
-5.31628 -16.9969 50.4352 0.0200802 -0.0191292 -0.999582
-4.56518 -17.1509 50.4451 0.00928457 -0.013513 -0.999866
-3.44459 -17.0732 50.4573 0.00800238 0.0013634 -0.999967
-2.34409 -16.7942 50.4687 0.0117731 0.0025201 -0.999928
-1.33712 -16.8942 50.4732 0.00283212 0.0114289 -0.999931
-0.440596 -16.9608 50.4736 -0.00274124 0.0158485 -0.999871
0.372705 -17.1701 50.4682 -0.00246478 0.0159691 -0.999869
1.31915 -17.3475 50.4588 -0.0101098 0.0186695 -0.999775
2.18788 -17.4137 50.4488 -0.0108768 0.0195064 -0.99975
3.0463 -17.249 50.4442 -0.00991929 0.0241794 -0.999658
4.1036 -17.0503 50.437 -0.0126662 0.0227539 -0.999661
5.0132 -16.9929 50.4268 -0.0155538 0.0249347 -0.999562
6.14447 -17.0744 50.4102 -0.0133935 0.0207258 -0.999695
7.12741 -17.1973 50.3999 -0.00547256 0.0175082 -0.999832
8.30546 -17.333 50.3848 -0.0116487 0.00908269 -0.999891
9.10684 -17.4651 50.3799 -0.00922737 -0.000893039 -0.999949
10.0596 -17.7693 50.3715 -0.00709483 -0.00498777 -0.999962
10.9004 -17.6822 50.3651 -0.00730928 -0.00520958 -0.99996
11.742 -17.736 50.3506 -0.016966 -0.0313172 -0.999365
12.5144 -17.8716 50.3428 -0.000496073 -0.0316018 -0.9995
13.4923 -18.1027 50.3496 -0.000875484 -0.0306864 -0.999528
13.3889 -19.0509 50.3742 0.00232818 -0.0155157 -0.999877
13.428 -19.9464 50.3819 -0.00871053 -0.00633514 -0.999942
13.4665 -20.9048 50.3864 -0.0151369 -0.00798414 -0.999852
13.5299 -21.6965 50.3822 -0.0214708 0.0135736 -0.999631
13.2996 -22.2677 50.3768 -0.0310554 0.0211782 -0.999293
12.2188 -22.5893 50.3985 -0.00532697 -0.0228694 -0.999724
11.228 -22.6157 50.3808 0.0333864 0.00690739 -0.999252
10.3519 -22.6307 50.3647 0.0181203 0.0168504 -0.999694
9.4048 -22.6832 50.3518 0.0107814 0.0153469 -0.999823
8.46675 -22.7155 50.344 0.00628275 0.0139119 -0.999883
7.40131 -22.6699 50.3439 -0.00506293 0.0111178 -0.999925
6.52194 -22.7515 50.3486 -0.0140244 0.0088031 -0.999863
5.81107 -22.4084 50.355 -0.00800126 0.00198481 -0.999966
4.66328 -22.4613 50.365 -0.00726086 0.00198736 -0.99997
3.71655 -22.6553 50.371 -0.0088219 0.00418625 -0.999952
2.92526 -22.5119 50.3786 -0.00913518 0.00501044 -0.999945
1.98686 -22.5496 50.3971 -0.0198009 0.00259499 -0.999801
1.02686 -22.5558 50.4145 -0.0235698 -0.000398914 -0.999703
0.0969398 -22.6362 50.4341 -0.015661 -0.0072271 -0.999849
-0.78756 -22.5615 50.4462 -0.0147191 -0.00379985 -0.999884
-1.5647 -22.5843 50.4578 -0.0147956 -0.00392487 -0.999883
-2.72205 -22.638 50.4753 -0.0151103 -0.00915305 -0.999844
-3.70251 -22.5414 50.4852 -0.0053803 -0.0108219 -0.999927
-4.48481 -22.5357 50.4897 -0.00699961 -0.0100775 -0.999925
-5.43965 -22.5406 50.4947 -0.00747304 -0.00487403 -0.999942
-6.40291 -22.6244 50.5077 -0.0183029 -0.00637606 -0.999794
-7.30046 -22.7158 50.5233 -0.0158903 -0.0131252 -0.999787
-8.1584 -22.6316 50.5358 -0.0143456 -0.0147602 -0.999787
-9.16931 -22.51 50.5423 -0.0067773 -0.0249302 -0.999657
-10.1681 -22.6581 50.5569 -0.0108712 -0.0273068 -0.999568
-11.0036 -22.7058 50.5579 0.00922006 -0.105922 -0.994332
-11.841 -22.4373 50.5268 0.0294258 -0.0701532 -0.996871
-13.0108 -21.9357 50.4324 0.0432926 -0.0852803 -0.995416
-13.6461 -21.5895 50.3307 0.138474 -0.0745941 -0.986937
-13.6239 -20.7865 50.2747 0.114019 -0.0365029 -0.992793
-13.6783 -19.9821 50.2354 0.0821176 -0.034013 -0.996042
-13.5737 -19.0235 50.1999 0.0734888 -0.0490241 -0.99609
-13.7667 -18.2477 50.0973 0.0791166 -0.144112 -0.985892
-14.2515 -17.6478 49.8873 0.334715 -0.350999 -0.868093
-15.0413 -17.3687 49.4471 0.464649 -0.253446 -0.847985
-15.7091 -17.4226 49.0334 0.563364 -0.180945 -0.806151
-16.418 -17.4392 48.5553 0.574777 -0.0683162 -0.815309
-16.9064 -17.5353 48.2038 0.608622 -0.0453425 -0.792164
-11.7766 -19.1094 50.3269 0.0657134 -0.045711 -0.996791
-11.7087 -19.8659 50.366 0.0615922 -0.0455226 -0.997054
-11.2795 -20.5356 50.4202 0.0427998 -0.0537533 -0.997637
-10.5338 -20.8639 50.4699 0.0337158 -0.0444444 -0.998358
-9.52383 -20.7966 50.4889 0.0124119 -0.0395835 -0.999139
-8.53964 -20.7981 50.5012 0.00487558 -0.0311404 -0.999439
-7.75329 -20.9068 50.498 -0.00626427 -0.017294 -0.999831
-6.90543 -20.9375 50.4934 -0.00525001 -0.0172785 -0.999837
-6.01545 -20.8554 50.486 -0.010715 -0.0105717 -0.999886
-5.1434 -20.6962 50.4782 -0.00651887 -0.00748657 -0.999951
-4.30356 -20.705 50.4731 -0.00645031 -0.00657344 -0.999957
-3.44034 -20.74 50.467 -0.00721826 -0.00596098 -0.999956
-2.38576 -20.7675 50.4603 -0.00901099 -0.00260538 -0.999955
-1.63298 -20.7551 50.4527 -0.0111646 -0.00165889 -0.999936
-0.544268 -20.7903 50.4394 -0.013025 -0.00104686 -0.999914
0.250433 -20.8126 50.4286 -0.0127543 0.00203316 -0.999917
1.07831 -20.652 50.4188 -0.0114586 0.00738908 -0.999907
1.84348 -20.5679 50.4085 -0.0142249 0.00668323 -0.999876
2.78422 -20.5059 50.3955 -0.0153699 0.00509531 -0.999867
3.73709 -20.5655 50.383 -0.00801876 0.00662545 -0.999941
4.81162 -20.444 50.3724 -0.00980236 0.00868143 -0.999914
5.58027 -20.4846 50.366 -0.00690427 0.00783073 -0.999946
6.33384 -20.8043 50.3584 -0.00495065 0.00398324 -0.999977
7.47581 -20.9841 50.3583 -0.000505875 0.00609871 -0.999979
8.60504 -21.0147 50.3634 0.00596209 0.00646994 -0.999961
9.52343 -20.849 50.3716 0.00835282 0.00544036 -0.99995
10.5393 -20.8251 50.3863 0.0172788 0.00620912 -0.999831
11.4254 -20.5245 50.3932 0.00491542 -0.00838415 -0.999949
11.2666 -19.8262 50.3856 0.00642112 -0.00438061 -0.999957
10.1409 -19.5572 50.3797 0.00531367 0.000452214 -0.999986
9.08877 -19.4574 50.3766 0.00264603 0.00117252 -0.999996
8.24262 -19.2788 50.3729 0.00400569 0.0103855 -0.99993
7.4891 -19.1778 50.3729 0.00181576 0.0138444 -0.999903
6.55218 -19.136 50.3745 -0.00275094 0.0134556 -0.999906
5.69001 -18.9327 50.3805 -0.00521641 0.0141288 -0.999887
4.68473 -18.796 50.3919 -0.0163699 0.0169889 -0.999722
3.66021 -19.0164 50.4001 -0.00821085 0.0177952 -0.999808
2.65875 -19.1722 50.4094 -0.0163673 0.0125159 -0.999784
1.8443 -19.2681 50.4218 -0.014937 0.0143038 -0.999784
0.654692 -19.1688 50.436 -0.00932872 0.0134467 -0.999865
-0.259681 -18.9582 50.4462 -0.00844049 0.0124433 -0.999887
-1.27153 -18.7487 50.4543 -0.00526623 0.00850994 -0.99995
-2.04658 -18.7506 50.4584 -0.00244815 0.00626989 -0.999971
-2.85315 -18.9388 50.4595 -0.00267016 -0.00119261 -0.999996
-3.69819 -19.1178 50.4626 -0.00444546 -0.0028241 -0.999986
-4.85257 -18.9974 50.4631 0.000476327 -0.0102852 -0.999947
-5.73567 -18.804 50.4612 -0.000222653 -0.0102894 -0.999947
-6.56661 -18.7575 50.4542 0.0104661 -0.0267073 -0.999583
-7.87738 -18.8921 50.4481 0.00879238 -0.0272815 -0.999588
-9.01763 -18.9776 50.435 0.0199284 -0.0353368 -0.999174
-10.1324 -18.8463 50.4055 0.0346601 -0.0509936 -0.997889
-10.9388 -18.6938 50.3562 0.0487347 -0.0669828 -0.996563
-11.6596 -18.825 50.3215 0.0615922 -0.0455279 -0.997054
-9.38085 -9.75991 49.7372 0.137674 -0.0462524 -0.989397
-8.58573 -9.37383 49.8154 0.114902 -0.0472466 -0.992247
-7.81854 -8.94868 49.8799 0.106419 -0.0362126 -0.993662
-7.0165 -8.20643 49.9319 0.0961872 -0.0330075 -0.994788
-6.55762 -7.55231 49.9602 0.091864 -0.0286929 -0.995334
-5.9777 -6.64391 49.9868 0.0891943 -0.0187135 -0.995838
-5.39796 -5.89281 50.0205 0.0795388 -0.01463 -0.996724
-4.79972 -5.28946 50.0584 0.077726 -0.0122101 -0.996894
-4.11717 -4.718 50.1023 0.0692585 -0.00645328 -0.997578
-3.4296 -4.09519 50.1441 0.0646249 -0.00795927 -0.997873
-2.8162 -3.49312 50.1748 0.0543085 0.00115 -0.998524
-2.25017 -2.92857 50.2048 0.0515816 -0.0022068 -0.998666
-1.7046 -2.25945 50.2324 0.0488216 0.00733881 -0.998781
-1.08704 -1.51184 50.2624 0.0374797 0.00319037 -0.999273
-0.543044 -0.904567 50.2809 0.0302257 0.00239151 -0.99954
0.266378 -0.100415 50.3084 0.0142421 0.0147739 -0.999789
0.905486 0.367393 50.3247 0.00889132 0.0158857 -0.999815
1.85174 0.993192 50.338 0.00598452 0.00454633 -0.999956
2.42639 1.53359 50.3455 0.00249892 0.0132948 -0.999908
3.06072 2.27626 50.3525 -0.00742023 0.0155177 -0.999852
3.57684 2.87888 50.3605 -0.0203663 0.0322882 -0.999259
4.16124 3.60393 50.3694 -0.0252624 0.0326031 -0.999149
4.76486 4.20738 50.3693 -0.0350434 0.0348031 -0.998754
5.65074 4.98945 50.367 -0.0393041 0.0376701 -0.998517
6.43737 5.43035 50.3448 -0.0523807 0.0374253 -0.997926
7.20666 6.33924 50.3413 -0.0614257 0.0435149 -0.997162
7.72692 7.0656 50.3421 -0.064164 0.0500131 -0.996664
8.39126 7.91596 50.3417 -0.0840179 0.0593021 -0.994698
8.95716 8.83847 50.3558 -0.086252 0.0750306 -0.993419
9.51802 9.37173 50.342 -0.0921943 0.0712829 -0.993186
9.91192 10.0345 50.353 -0.099965 0.0746977 -0.992146
10.694 10.9515 50.3476 -0.128162 0.104993 -0.98618
11.2693 11.4667 50.328 -0.128498 0.116411 -0.98479
11.7475 12.0633 50.3374 -0.137859 0.1215 -0.982971
12.4653 12.8213 50.3099 -0.185374 0.142338 -0.972011
13.2247 13.3415 50.25 -0.225208 0.175585 -0.957413
14.2692 13.7057 50.037 -0.279689 0.144697 -0.948211
15.1405 13.758 49.7331 -0.329781 0.113877 -0.937024
15.897 13.6203 49.4178 -0.3831 0.0909618 -0.919217
16.5111 13.2787 49.1178 -0.400924 0.086851 -0.911946
17.0557 12.5298 48.8143 -0.419805 0.0646214 -0.905311
17.4899 11.7793 48.579 -0.402999 0.0403543 -0.91431
17.8223 10.8315 48.4107 -0.389636 0.00453141 -0.920958
18.0212 9.85237 48.3206 -0.413642 0.00536422 -0.910424
18.0765 8.88274 48.2935 -0.413073 -0.000917917 -0.910697
17.9868 7.96553 48.3257 -0.373495 -0.00309537 -0.927612
17.8699 6.96695 48.3761 -0.378559 -0.00508563 -0.925563
17.9478 5.7689 48.3517 -0.343492 0.000553119 -0.939156
18.11 4.78863 48.3036 -0.335712 -0.0230451 -0.941683
18.2815 3.61498 48.2479 -0.362877 0.00831132 -0.9318
18.427 2.83456 48.1858 -0.329225 -0.00805412 -0.944217
18.4496 1.81592 48.1893 -0.331165 -0.0195373 -0.943356
18.1833 1.0469 48.302 -0.329229 -0.0243475 -0.943936
18.0058 0.152922 48.3945 -0.325306 -0.0489243 -0.944342
17.8114 -0.652845 48.5025 -0.344037 -0.0418398 -0.93801
17.6177 -1.685 48.5851 -0.298894 -0.0128315 -0.954181
17.7806 -2.6017 48.5412 -0.303067 -0.0134965 -0.952857
18.1212 -3.543 48.4535 -0.301438 -0.021541 -0.953242
18.8469 -3.62268 48.2067 -0.342632 -0.0331407 -0.938885
19.1781 -2.80726 48.0606 -0.339299 -0.0266627 -0.940301
19.2682 -1.64455 47.9859 -0.383807 -0.0267274 -0.923027
19.1479 -0.831869 48.0125 -0.385007 -0.0287027 -0.922464
19.0009 0.295849 48.0263 -0.3469 -0.0317924 -0.937325
18.9355 1.3745 48.0257 -0.345725 -0.0197803 -0.938127
18.9635 2.15275 47.9911 -0.38338 -0.0197409 -0.923371
18.9356 2.91117 47.9889 -0.386026 -0.016902 -0.922333
18.8341 3.71747 48.0188 -0.401533 -0.000399088 -0.915845
19.0185 4.60328 47.9235 -0.412341 -0.0268215 -0.910635
19.3614 5.44912 47.7489 -0.441105 -0.00991478 -0.897401
19.8163 6.3755 47.5098 -0.443601 -0.0180943 -0.896042
20.3305 7.09465 47.2278 -0.462729 -0.0180457 -0.886316
20.9395 7.62314 46.8882 -0.498688 -0.0530661 -0.86479
20.6594 8.33896 47.0205 -0.531552 -0.030724 -0.846468
20.2027 9.25685 47.2297 -0.452238 -0.0232589 -0.891594
19.8829 10.4212 47.3492 -0.489198 -0.0403227 -0.871067
19.7252 11.378 47.3891 -0.484506 -0.0217588 -0.874217
19.5135 12.1094 47.5003 -0.500928 -0.0187307 -0.865286
19.2872 12.9829 47.6124 -0.508233 -0.0121805 -0.861067
19.1809 13.7407 47.6795 -0.539176 -0.0080976 -0.842154
19.0202 14.7185 47.7803 -0.557472 -0.0017077 -0.830096
19.0316 15.7754 47.757 -0.592481 -0.00678305 -0.805556
19.3418 16.6069 47.5027 -0.602549 -0.0290737 -0.797552
19.1107 17.0735 47.667 -0.609556 -0.0174696 -0.792551
18.5103 16.4538 48.1328 -0.586108 0.00236112 -0.810129
17.9229 16.0606 48.5467 -0.55613 0.0278291 -0.829932
17.298 15.861 48.9279 -0.544122 0.0476337 -0.837457
16.399 15.642 49.4442 -0.494509 0.119642 -0.860899
15.4404 15.5215 49.879 -0.460501 0.162686 -0.870439
14.6582 15.7122 50.3 -0.368987 0.246942 -0.896029
13.8511 16.1399 50.672 -0.306955 0.248753 -0.917596
13.1149 16.6403 50.951 -0.150499 0.205944 -0.965307
12.5557 17.4577 51.1463 -0.0778406 0.177901 -0.980965
12.1565 18.2448 51.2547 -0.0216823 0.0944885 -0.995191
11.9845 19.0848 51.3268 -0.0236975 0.0807155 -0.996455
11.9808 19.8636 51.375 -0.0263276 0.0511948 -0.998342
11.9601 20.6681 51.4122 -0.0172922 0.0502144 -0.998589
10.9316 21.0266 51.4463 -0.009575 0.0489608 -0.998741
9.72899 20.9421 51.4476 9.58472e-05 0.0462699 -0.998908
8.64622 20.6553 51.4243 0.0111069 0.0410961 -0.999093
7.88279 20.5461 51.4092 0.0147898 0.0425074 -0.998987
7.05593 20.6194 51.3989 0.0155073 0.0409072 -0.999042
6.23773 20.8512 51.3953 0.0206123 0.0374698 -0.999085
5.26497 20.9233 51.3779 0.0179149 0.0352393 -0.999212
4.04858 20.9799 51.3562 0.019538 0.0281531 -0.999413
3.10402 21.0188 51.3393 0.0205936 0.0267824 -0.999427
2.1637 21.0237 51.3213 0.018261 0.022979 -0.999569
1.00523 21.0034 51.3001 0.0152075 0.0139278 -0.999787
0.0502725 21.02 51.2855 0.0151291 0.011695 -0.999814
-0.710297 20.9206 51.2739 0.0130015 0.00962455 -0.999869
-1.50072 20.8983 51.2641 0.0120782 0.00952638 -0.999882
-2.2569 20.8246 51.2542 0.0108608 0.00880449 -0.999901
-3.50445 20.9669 51.2426 0.0107602 0.0106987 -0.999885
-4.28905 21.0089 51.235 0.00957064 0.0107563 -0.999896
-5.47166 20.855 51.2245 0.00553805 0.0113917 -0.99992
-6.38593 20.6349 51.2195 -0.000608221 0.0109665 -0.99994
-7.17923 20.585 51.2201 -0.0024684 0.00943297 -0.999952
-7.92676 20.6621 51.2239 -0.00622072 0.00994834 -0.999931
-8.76764 20.7108 51.2296 -0.00527534 0.0122873 -0.999907
-9.61523 20.7684 51.2395 -0.0112153 0.0156453 -0.999815
-10.3847 20.8163 51.2489 -0.0124259 0.0164231 -0.999787
-11.2948 20.7606 51.26 -0.0132947 0.0207866 -0.999696
-12.3983 20.4411 51.272 -0.0170392 0.0166829 -0.999714
-12.5356 19.6885 51.2611 -0.0186935 0.0253587 -0.999475
-11.9144 19.1648 51.2322 -0.0188292 0.0328986 -0.999281
-11.1107 19.1578 51.2213 -0.00792357 0.0271812 -0.999599
-10.3155 19.3692 51.2193 -0.0100158 0.025849 -0.999616
-9.12468 19.4077 51.2124 -0.00438751 0.0233099 -0.999719
-8.30292 19.2261 51.2058 0.00084594 0.0167721 -0.999858
-7.48718 19.0819 51.203 -0.00062402 0.0162651 -0.999868
-6.61227 19.0983 51.2047 0.00642397 0.00904106 -0.999929
-5.69551 19.1036 51.2081 0.00371504 0.00561411 -0.999977
-4.89314 19.1883 51.2137 0.00767216 0.00329612 -0.999964
-3.7553 19.1657 51.2247 0.0125738 0.00199535 -0.999919
-2.9687 19.1471 51.2334 0.0107261 0.00568845 -0.999926
-1.86703 19.2494 51.2464 0.0101147 0.00639301 -0.999928
-0.813561 19.4024 51.2587 0.0108143 0.00914805 -0.9999
0.0289243 19.6254 51.2695 0.0116244 0.0116999 -0.999864
0.887552 19.6845 51.2801 0.00967078 0.0127951 -0.999869
1.7911 19.6529 51.2901 0.0126302 0.0180085 -0.999758
2.76731 19.5807 51.2999 0.013278 0.0234366 -0.999637
3.78841 19.4483 51.3079 0.0115479 0.0288624 -0.999509
4.53461 19.2501 51.3128 0.0119091 0.0321809 -0.999411
5.32556 19.0407 51.3155 0.0105762 0.0363941 -0.999272
6.42937 18.7626 51.3103 -0.000475364 0.0452588 -0.998947
7.37719 18.4613 51.3002 0.0109037 0.0575437 -0.998283
8.17455 18.148 51.2811 0.00169475 0.0701659 -0.997522
9.05796 17.6355 51.2412 -0.0114855 0.0848256 -0.99633
9.63346 17.1311 51.1913 -0.0202504 0.0897765 -0.995709
10.3445 16.1774 51.062 -0.0435184 0.130571 -0.990483
10.6202 15.0677 50.8918 -0.0851666 0.141663 -0.986244
10.6116 13.9392 50.7286 -0.0942061 0.137224 -0.985988
10.4329 13.2038 50.6507 -0.101807 0.129157 -0.986384
10.0288 12.3415 50.5855 -0.103721 0.116374 -0.987756
9.09617 11.4203 50.5676 -0.09823 0.107491 -0.989282
8.51009 10.8588 50.5632 -0.0748466 0.0890173 -0.993214
7.76624 10.3149 50.5707 -0.0754091 0.0885896 -0.99321
7.20458 9.79703 50.5676 -0.0748661 0.0759945 -0.994294
6.89782 9.02003 50.5262 -0.0668792 0.0797986 -0.994565
6.39916 8.11651 50.4929 -0.0621617 0.0726763 -0.995417
5.87706 7.49136 50.4824 -0.0608557 0.0674211 -0.995864
5.28875 6.79277 50.4688 -0.0483913 0.0579894 -0.99712
4.67175 6.08883 50.4593 -0.042275 0.0508209 -0.997809
4.08431 5.54197 50.454 -0.0334669 0.0544674 -0.997955
3.41355 4.80441 50.4408 -0.0273783 0.0492873 -0.998374
2.68194 4.27566 50.4276 -0.0207722 0.0462053 -0.998699
1.92968 3.89718 50.4225 -0.00942646 0.0433814 -0.999014
1.00162 3.27245 50.4025 -0.00931401 0.0524657 -0.998579
0.246675 2.50689 50.37 -0.00189163 0.0377899 -0.999254
-0.373044 1.82546 50.3468 0.00943461 0.0328526 -0.999395
-0.944817 1.30237 50.3205 0.0158494 0.0328439 -0.999335
-1.39987 0.656898 50.2891 0.0209489 0.0363438 -0.999116
-1.79254 -0.247503 50.2524 0.0311122 0.0193877 -0.999303
-2.29795 -1.0057 50.2201 0.037026 0.0190181 -0.999133
-2.93582 -1.69628 50.1819 0.039171 0.0178084 -0.999074
-3.68689 -2.36761 50.1363 0.0491874 0.0148102 -0.998675
-4.48883 -3.0396 50.0817 0.0606136 0.00851168 -0.998125
-5.17715 -3.64709 50.0285 0.0711954 0.00860446 -0.997425
-5.80527 -4.21223 49.9783 0.0755003 0.00876263 -0.9971
-6.46339 -4.9464 49.9239 0.0775785 -0.000692688 -0.996986
-6.91226 -5.91041 49.8934 0.0985858 -0.0140253 -0.99503
-7.54804 -6.83984 49.842 0.100999 -0.0197679 -0.994659
-8.15069 -7.76721 49.8024 0.111511 -0.0219378 -0.993521
-8.55239 -8.48629 49.783 0.112849 -0.0357925 -0.992956
-9.16405 -9.00075 49.7283 0.11731 -0.0413602 -0.992203
-9.42275 -9.51404 49.7199 0.137673 -0.0462558 -0.989397
-18.8234 -1.19299 47.672 0.346204 0.0763517 -0.935004
-18.6749 -0.451383 47.7917 0.327044 0.0867243 -0.941021
-18.5445 0.871467 47.9551 0.312186 0.0892813 -0.945816
-18.7841 1.57896 47.9236 0.343408 0.0951045 -0.934099
-18.4166 2.29702 48.1364 0.306323 0.0949031 -0.946897
-18.0729 3.06429 48.3118 0.287376 0.102142 -0.952282
-18.0865 3.95019 48.4135 0.302154 0.104092 -0.947432
-18.2456 5.06635 48.4969 0.320324 0.130904 -0.93822
-18.5556 5.76985 48.4831 0.339978 0.136036 -0.930349
-18.6094 7.0366 48.649 0.31126 0.129926 -0.941401
-18.7186 8.19625 48.7484 0.334227 0.117943 -0.935084
-18.9341 9.31468 48.8269 0.319957 0.123655 -0.939328
-18.912 8.75824 48.7612 0.321301 0.128402 -0.938218
-19.1751 7.95512 48.5565 0.343582 0.136422 -0.928883
-19.4537 7.11045 48.352 0.361372 0.10115 -0.926919
-19.3153 6.37075 48.3033 0.341723 0.154602 -0.926997
-19.3271 5.45133 48.1636 0.338236 0.117469 -0.933701
-19.3302 4.63929 48.0491 0.367381 0.113839 -0.922793
-19.3347 3.79939 47.9592 0.349718 0.105303 -0.930918
-19.2538 2.89461 47.9003 0.345267 0.0802706 -0.935065
-19.0772 2.00949 47.8709 0.339088 0.116695 -0.933489
-18.6379 0.905842 47.925 0.347726 0.073513 -0.93471
-18.9849 0.194826 47.7383 0.359533 0.0779263 -0.929862
-18.9709 -0.602003 47.6713 0.349807 0.0866318 -0.932808
-18.831 -1.17497 47.6706 0.352007 0.0807549 -0.93249
-26.9649 -6.12494 42.5415 0.596937 0.139153 -0.790128
-26.706 -6.88216 42.6103 0.604795 0.138718 -0.784207
-26.8447 -7.6661 42.3646 0.606538 0.139162 -0.782777
-27.4384 -7.16163 41.9927 0.608278 0.139611 -0.781349
-28.2492 -6.43833 41.4808 0.612969 0.13488 -0.778509
-28.718 -5.72141 41.2182 0.635108 0.133824 -0.760743
-27.8821 -5.60786 41.913 0.617182 0.130643 -0.775874
-27.1307 -6.03651 42.4319 0.605655 0.137644 -0.783655
-26.978 -6.10568 42.5351 0.596925 0.139164 -0.790136
-34.1581 -0.274977 36.9962 0.720427 0.058024 -0.6911
-34.61 -0.764628 36.4804 0.722913 0.0656594 -0.687813
-35.1976 -1.01073 35.8343 0.734735 0.0587889 -0.675652
-35.8552 -0.645998 35.1288 0.749296 0.052427 -0.660125
-36.2612 -0.108072 34.7084 0.752143 0.0558629 -0.656628
-36.4483 0.843192 34.5449 0.751099 0.0179735 -0.659944
-36.1798 1.61583 34.8651 0.748649 0.00584706 -0.662941
-35.7364 2.01676 35.3708 0.750949 0.00724222 -0.660321
-35.0497 2.23466 36.1542 0.747189 0.0114424 -0.664476
-34.3683 1.70028 36.8897 0.736549 0.00952564 -0.676317
-33.9743 1.05659 37.2639 0.711243 0.0339145 -0.702127
-33.9899 0.259125 37.2108 0.707156 0.0374965 -0.706025
-34.042 0.0421251 37.1438 0.713395 0.0578139 -0.6983
-38.3091 5.58134 32.1695 0.819079 -0.0311484 -0.572827
-38.7271 4.9338 31.6022 0.821262 -0.0304078 -0.569738
-39.2043 4.63807 30.8861 0.843985 -0.0167117 -0.536106
-39.7161 4.8099 30.0468 0.866076 -0.0148021 -0.499685
-40.0549 5.17439 29.4523 0.869625 -0.015273 -0.493397
-40.3009 5.89449 29 0.866838 0.0196178 -0.498204
-40.2391 6.92976 29.1444 0.871842 -0.00135008 -0.489322
-39.9786 7.49393 29.5901 0.863261 -0.0457799 -0.502474
-39.5525 7.82268 30.2556 0.841657 -0.0288406 -0.539208
-39.1438 7.85601 30.8839 0.835539 -0.0282777 -0.548664
-38.5317 7.32151 31.7895 0.795839 -0.0540233 -0.603084
-38.1836 6.34633 32.2983 0.797568 -0.0179439 -0.602962
-38.2372 5.79856 32.2594 0.817027 -0.0406594 -0.575109
-44.3445 10.0755 23.0156 0.317135 0.0766512 -0.945278
-44.9437 9.11458 22.7631 0.299756 0.0344723 -0.953393
-45.6316 8.91927 22.5641 0.252765 0.0341986 -0.966923
-46.5386 9.34552 22.3602 0.217846 0.0414469 -0.975103
-46.8588 10.0022 22.313 0.228797 0.0313161 -0.97297
-46.7455 10.8827 22.3639 0.227362 0.0244479 -0.973503
-46.0834 11.4092 22.5648 0.273775 0.0231847 -0.961514
-45.1047 11.2637 22.8653 0.330379 0.065192 -0.941219
-44.309 10.4017 23.054 0.315772 0.0788504 -0.94555
-51.0966 12.4169 21.5132 0.183003 -0.00314632 -0.983107
-51.4795 11.7036 21.4439 0.183968 -0.00234032 -0.982929
-52.2588 11.2115 21.299 0.18422 -0.00437234 -0.982875
-53.0935 11.0471 21.1403 0.189382 -0.00324636 -0.981898
-53.9216 11.2958 20.98 0.186426 -0.00503628 -0.982456
-54.7093 12.1841 20.8275 0.184941 -0.00328116 -0.982744
-54.8249 13.1681 20.8003 0.184621 -0.00705555 -0.982784
-54.4146 14.1171 20.8704 0.184231 -0.00720646 -0.982856
-53.5823 14.6074 21.0229 0.183179 -0.00777167 -0.983048
-52.4392 14.7037 21.2381 0.188204 -0.0104483 -0.982074
-51.6709 14.3676 21.3891 0.18936 -0.0104947 -0.981852
-51.153 13.4291 21.499 0.186994 -0.00866966 -0.982318
-51.0866 12.783 21.5137 0.18297 -0.00349616 -0.983112
-59.4754 17.1026 20.0807 0.110035 0.000315262 -0.993928
-59.2586 17.8464 20.1058 0.112364 0.00191827 -0.993664
-59.631 18.5393 20.0661 0.109248 0.00334549 -0.994009
-60.5797 18.6478 19.9647 0.106825 -0.00418544 -0.994269
-61.2379 18.0317 19.9017 0.0891204 -0.00380786 -0.995991
-61.2365 17.1779 19.8989 0.091344 0.00402902 -0.995811
-60.5926 16.6052 19.9628 0.102761 -0.00346134 -0.9947
-59.8579 16.7387 20.0385 0.116258 -0.00647041 -0.993182
-59.7766 16.8168 20.0472 0.114069 -0.00791638 -0.993399
-56.8502 3.99183 20.398 0.153424 0.00160295 -0.988155
-56.1083 3.97171 20.5167 0.173885 0.00304752 -0.984761
-55.2341 3.55811 20.6661 0.175715 0.0105908 -0.984361
-54.7859 2.86624 20.7419 0.180951 0.0131028 -0.9834
-54.8055 1.54836 20.7152 0.181367 0.0183602 -0.983244
-55.5353 0.672999 20.5676 0.176802 0.0130964 -0.984159
-56.2767 0.394906 20.4434 0.157954 0.016305 -0.987312
-57.0806 0.525305 20.3335 0.131502 0.0166561 -0.991166
-57.7797 0.918516 20.2446 0.130201 0.0129974 -0.991398
-58.213 1.95026 20.2009 0.128822 0.00845714 -0.991632
-58.1988 2.84448 20.2103 0.130093 0.00176026 -0.991477
-57.7468 3.50451 20.267 0.131453 -0.00484301 -0.991311
-57.1162 3.91307 20.3573 0.146006 0.000922137 -0.989267
-56.7533 -6.66625 20.2172 0.144551 0.020728 -0.98928
-55.8876 -6.91258 20.3423 0.155085 0.0268254 -0.987537
-55.4081 -7.61091 20.4017 0.160285 0.0298494 -0.986619
-55.2751 -8.60366 20.395 0.159237 0.0246505 -0.98693
-55.6607 -9.33376 20.3146 0.161386 0.0299887 -0.986436
-56.242 -9.80441 20.2115 0.145992 0.0290257 -0.98886
-57.2282 -9.85964 20.0668 0.135383 0.0229699 -0.990526
-57.9945 -9.45427 19.9776 0.122506 0.0292702 -0.992036
-58.3285 -8.69861 19.9638 0.120438 0.0371099 -0.992022
-58.3306 -7.93987 19.9833 0.125678 0.0219377 -0.991828
-57.7466 -7.03268 20.0777 0.126135 0.0228937 -0.991749
-56.928 -6.70158 20.191 0.138 0.0236999 -0.990122
-57.8862 -14.0825 19.8907 0.12908 0.0201409 -0.991419
-57.0713 -14.6334 19.9815 0.125571 0.0212139 -0.991852
-56.8952 -15.4718 19.9945 0.135684 0.0104807 -0.990697
-57.2979 -16.2845 19.9277 0.134859 0.0185594 -0.99069
-58.0755 -16.8032 19.8163 0.124914 0.0174348 -0.992014
-59.2049 -16.4167 19.6889 0.119413 0.0177205 -0.992682
-59.6264 -15.4565 19.6659 0.0898091 0.0157611 -0.995834
-59.3924 -14.5841 19.7019 0.087408 0.0172377 -0.996014
-58.5969 -14.1032 19.7985 0.127847 0.0206787 -0.991542
-58.0607 -14.0693 19.8678 0.12394 0.0175705 -0.992105
-33.6466 -22.6213 32.4781 0.714355 -0.0227342 -0.699414
-33.6557 -22.7339 32.4726 0.713747 -0.0233396 -0.700015
-18.6604 9.85972 48.9921 0.324866 0.127711 -0.937016
-18.5705 10.6608 49.1276 0.313879 0.124007 -0.94133
-18.3818 11.4563 49.3072 0.315865 0.141496 -0.938194
-18.3065 12.2321 49.4497 0.334818 0.149789 -0.930197
-18.1715 13.1925 49.6454 0.322731 0.145167 -0.935292
-18.1813 13.9296 49.7999 0.330197 0.206893 -0.920959
-18.0294 14.8418 50.0554 0.325893 0.195235 -0.923179
-18.2241 15.89 50.2045 0.275439 0.200243 -0.940093
-19.1634 16.0063 49.8577 0.429953 0.206139 -0.876232
-19.4506 15.4872 49.5726 0.492659 0.193433 -0.848452
-19.2645 14.2192 49.4093 0.413414 0.183344 -0.891893
-19.1267 12.8668 49.2481 0.376994 0.131167 -0.916048
-19.1411 11.7893 49.0777 0.344778 0.117806 -0.931263
-19.1987 10.9527 48.9471 0.362095 0.118212 -0.924589
-18.9971 10.096 48.9042 0.335852 0.131409 -0.932703
-21.1361 18.4173 48.9854 0.658688 -0.00656455 -0.752388
-20.9995 19.1443 49.0943 0.643847 0.00865736 -0.76508
-21.0284 19.9526 49.0759 0.662543 0.0163594 -0.748665
-21.2674 20.7698 48.9018 0.666302 0.036855 -0.74476
-21.7882 21.0178 48.4267 0.69311 0.0127881 -0.720718
-22.3397 21.0655 47.8563 0.735097 0.018645 -0.677575
-22.9065 21.0791 47.2125 0.757173 0.012227 -0.6531
-23.4223 21.0602 46.6092 0.761757 0.00738088 -0.647817
-23.9111 21.0212 46.036 0.762206 0.00373641 -0.647324
-24.347 20.6097 45.5232 0.762026 -0.00242321 -0.647542
-24.4043 19.6366 45.4661 0.76157 -0.0129971 -0.647953
-24.3465 18.7844 45.5572 0.755283 -0.0251812 -0.654914
-23.8396 18.6655 46.1413 0.751288 -0.0154235 -0.659794
-23.2982 18.6981 46.7516 0.74642 -0.0073319 -0.665434
-22.7881 18.7735 47.3245 0.740219 -0.000255529 -0.672359
-22.2388 18.7852 47.9193 0.709314 -0.000191752 -0.704865
-21.6536 18.6315 48.4948 0.690656 0.000841358 -0.723162
-21.2766 18.5015 48.8616 0.679452 -0.0127893 -0.733032
-26.4839 22.5869 43.0026 0.765784 0.0385854 -0.641872
-26.4823 22.604 43.0053 0.761725 0.0330822 -0.64704
-29.0206 22.6944 40.0324 0.767367 0.0233097 -0.640784
-29.3171 22.5828 39.6746 0.765374 0.0284492 -0.642956
-29.0244 22.648 40.0261 0.767427 0.024145 -0.640681
-29.0422 17.5845 40.1951 0.746304 -0.153581 -0.647645
-28.9264 17.1932 40.4207 0.745183 -0.152736 -0.649133
-29.4623 17.1197 39.8245 0.739854 -0.159296 -0.653637
-29.4455 17.5647 39.7351 0.743079 -0.156435 -0.650642
-29.2654 17.5527 39.9454 0.746304 -0.153581 -0.647645
-29.7768 17.5291 39.3641 0.747714 -0.166683 -0.64276
-29.8662 17.5134 39.2641 0.747713 -0.16668 -0.642762
-29.9894 17.5869 39.1019 0.74722 -0.168159 -0.642948
-30.4472 17.3787 38.6257 0.742323 -0.184097 -0.644255
-30.1866 17.6062 38.8672 0.74755 -0.169761 -0.642145
-30.1012 17.5998 38.9684 0.747552 -0.169761 -0.642143
19.2188 17.5535 47.5709 -0.611855 -0.02474 -0.790583
19.8423 17.6401 47.0782 -0.624452 -0.0269013 -0.780599
20.4337 17.9988 46.5928 -0.624649 -0.0275641 -0.780419
21.0183 18.2531 46.0983 -0.63741 -0.040559 -0.769457
21.6175 18.3413 45.5973 -0.644147 -0.0354364 -0.76401
22.225 18.3951 45.0304 -0.687177 -0.0524766 -0.724593
22.8638 18.3829 44.4143 -0.699196 -0.0515826 -0.713067
23.5278 18.5193 43.7407 -0.710881 -0.0387551 -0.702244
24.056 18.574 43.198 -0.714733 -0.0532417 -0.697368
24.7069 18.5725 42.5272 -0.718315 -0.0559027 -0.693469
25.2862 18.526 41.93 -0.71809 -0.0467266 -0.694376
25.8591 18.5079 41.333 -0.721793 -0.0540804 -0.689993
26.4546 18.4621 40.704 -0.728887 -0.0704174 -0.680989
26.6932 18.9924 40.4128 -0.726542 -0.0340751 -0.686277
26.6492 19.8462 40.4241 -0.7245 -0.0233854 -0.688851
26.5903 20.6638 40.4657 -0.724929 -0.0127006 -0.688692
26.2173 21.1537 40.8505 -0.723817 -0.0100921 -0.689917
25.6951 21.1386 41.3966 -0.720855 -0.012119 -0.692979
25.1488 21.0646 41.9653 -0.720517 -0.0113636 -0.693344
24.5883 21.0608 42.5466 -0.718757 -0.0127946 -0.695144
23.8549 20.9917 43.305 -0.716723 -0.0188577 -0.697103
23.2987 20.9429 43.8728 -0.711783 -0.0206983 -0.702091
22.6881 20.9662 44.4837 -0.708509 -0.0108534 -0.705617
22.087 20.9609 45.068 -0.689943 -0.0139311 -0.723662
21.5303 21.1662 45.5704 -0.658285 -0.031503 -0.752109
20.7711 20.9231 46.2231 -0.642687 -0.0144283 -0.765993
19.9296 20.7728 46.9258 -0.633832 -0.0111482 -0.773389
19.6454 20.0928 47.1673 -0.631912 -0.0132642 -0.774917
19.554 19.3342 47.2584 -0.630775 -0.017938 -0.775758
19.4847 18.5409 47.3331 -0.627813 -0.023086 -0.777996
19.3209 17.9107 47.4808 -0.611856 -0.0247422 -0.790582
29.795 22.6324 37.0447 -0.727992 0.0170579 -0.685373
29.795 22.6428 37.045 -0.728336 0.015803 -0.685037
30.9527 22.8795 35.8022 -0.741026 0.0164362 -0.671276
31.3423 22.6773 35.367 -0.741406 0.0161259 -0.670863
31.538 22.8658 35.1557 -0.739851 0.0160064 -0.672581
31.07 22.9871 35.6754 -0.741238 0.0164519 -0.67104
30.9824 22.9218 35.7706 -0.741026 0.0166119 -0.671271
31.277 17.6187 35.6071 -0.735361 -0.142765 -0.662467
31.4255 17.3599 35.503 -0.728185 -0.158352 -0.666837
31.25 17.6154 35.6378 -0.735367 -0.142764 -0.66246
30.0655 4.5712 39.4982 -0.701974 -0.0720865 -0.708545
30.5946 3.874 39.0424 -0.706188 -0.0743844 -0.704097
30.6687 2.85183 39.0699 -0.702602 -0.0675708 -0.708368
30.2071 1.97633 39.6183 -0.707245 -0.0709541 -0.703399
29.5309 1.80239 40.3104 -0.696856 -0.0614144 -0.714529
28.8681 2.01048 40.9349 -0.689022 -0.0597007 -0.722252
28.4159 2.50695 41.3199 -0.686229 -0.0662475 -0.72436
28.239 3.28395 41.4133 -0.685638 -0.0739183 -0.724168
28.3962 3.9876 41.1883 -0.687365 -0.0773261 -0.722184
28.9373 4.58876 40.602 -0.695892 -0.0795182 -0.713726
29.5878 4.68997 39.9559 -0.698403 -0.0848085 -0.710645
29.8654 4.61841 39.6917 -0.699536 -0.0805263 -0.70999
33.9413 -1.34959 35.9571 -0.741821 -0.0213136 -0.670243
33.6959 -2.23502 36.2479 -0.737983 -0.0165267 -0.674617
33.7304 -2.9852 36.2293 -0.741355 -0.0118706 -0.670968
34.0729 -3.55652 35.8527 -0.743349 -0.00604582 -0.668874
34.7299 -3.87183 35.1315 -0.740234 -0.0109489 -0.67226
35.5136 -3.56131 34.2461 -0.74996 -0.0158897 -0.661292
35.954 -2.74879 33.7285 -0.763221 -0.00671402 -0.646103
35.9229 -1.87455 33.7522 -0.763469 -0.0137851 -0.645697
35.5757 -1.27111 34.1315 -0.754429 -0.0322664 -0.655575
35.0237 -0.895287 34.737 -0.743499 -0.0255811 -0.668248
34.4374 -1.00695 35.3931 -0.742908 -0.0255265 -0.668907
34.2682 -1.08189 35.5839 -0.742909 -0.0255267 -0.668905
39.4135 -8.23204 29.1676 -0.844212 0.0174801 -0.535723
39.0303 -9.0795 29.7418 -0.82062 0.0281885 -0.569918
38.9555 -10.1927 29.7648 -0.831984 0.0504221 -0.552492
39.2206 -10.7518 29.3109 -0.826502 0.0483674 -0.560735
39.7669 -11.1048 28.4963 -0.835657 0.0249441 -0.547781
40.2704 -11.0516 27.6727 -0.85499 0.0102928 -0.518543
40.665 -10.6928 27.0292 -0.858738 0.00113634 -0.51228
40.9257 -9.47048 26.5631 -0.875657 -0.0117767 -0.482689
40.6507 -8.44404 27.0601 -0.882375 -0.0077678 -0.470483
40.3229 -8.08555 27.6705 -0.867727 -0.0067858 -0.496995
39.9079 -8.05875 28.3946 -0.861719 0.00964629 -0.506896
39.6226 -8.1117 28.8425 -0.843914 0.0178816 -0.53618
43.2337 -13.9494 23.5337 -0.643878 -0.044406 -0.763839
43.711 -13.4402 23.1426 -0.490321 -0.0447786 -0.870391
44.5989 -13.0387 22.6943 -0.415198 -0.0259217 -0.909324
45.4791 -13.1172 22.3218 -0.384978 -0.00245451 -0.922923
46.1355 -13.4945 22.0811 -0.331295 -0.00781659 -0.943495
46.5332 -14.1283 21.9458 -0.330005 0.00242171 -0.943929
46.6161 -15.1058 21.9152 -0.295454 -0.00790599 -0.955309
46.1302 -15.9752 22.1091 -0.342552 -0.0413971 -0.938586
45.5084 -16.3984 22.3563 -0.35545 -0.0657779 -0.932332
44.5646 -16.5324 22.7875 -0.420386 0.00821978 -0.907308
43.8719 -16.2512 23.1343 -0.481727 0.0178547 -0.876139
43.3301 -15.7782 23.5146 -0.706069 0.00601912 -0.708117
42.9747 -15.0559 23.9258 -0.762706 -0.0250795 -0.646078
43.082 -14.2577 23.7245 -0.73029 -0.0797667 -0.678464
43.1823 -14.0301 23.5818 -0.683366 -0.0808256 -0.72241
54.3581 -13.1808 19.9376 -0.211137 -0.00134077 -0.977456
54.6937 -12.2395 19.8587 -0.203591 -0.00921482 -0.979013
55.4964 -11.6228 19.6947 -0.186211 -0.00872627 -0.982459
56.2692 -11.6418 19.551 -0.165963 -0.00192224 -0.986125
56.9641 -12.054 19.4334 -0.169543 -0.0102332 -0.985469
57.3477 -13.1219 19.378 -0.159303 -0.00948477 -0.987138
56.8955 -14.1874 19.4594 -0.171858 0.00218249 -0.985119
56.2322 -14.6046 19.5742 -0.179689 0.00141521 -0.983697
55.381 -14.5571 19.7344 -0.184427 0.00693594 -0.982822
54.7266 -14.1687 19.8593 -0.198183 -0.00174808 -0.980074
54.43 -13.6242 19.9226 -0.211138 -0.00134201 -0.977455
55.3915 -6.72808 19.6655 -0.182308 -0.0123794 -0.983126
54.4515 -6.43923 19.8468 -0.204911 -0.00572215 -0.97868
53.8172 -5.60866 19.9792 -0.214675 -0.0128448 -0.976601
53.7381 -4.48617 19.9846 -0.21727 -0.00826951 -0.976077
54.2356 -3.61228 19.8699 -0.204757 -0.017347 -0.978659
54.9356 -3.18849 19.7159 -0.204879 -0.0174484 -0.978632
55.6453 -3.01897 19.5695 -0.183077 -0.0186399 -0.982876
56.5749 -3.37395 19.4113 -0.166713 -0.0217087 -0.985749
57.0629 -3.94809 19.3453 -0.161245 -0.0236599 -0.986631
57.3224 -4.80463 19.3141 -0.153702 -0.0160729 -0.987927
57.2083 -5.62166 19.3466 -0.162471 -0.0181457 -0.986546
56.5393 -6.45501 19.4634 -0.163555 -0.00898337 -0.986474
55.7052 -6.69492 19.6095 -0.171815 -0.012892 -0.985041
55.0756 8.47587 19.4452 -0.190753 -0.0220345 -0.981391
56.0223 8.61865 19.2563 -0.18296 -0.0350714 -0.982474
56.8094 9.18519 19.0909 -0.165322 -0.0321832 -0.985601
57.2616 9.8008 18.9987 -0.1527 -0.0410603 -0.987419
57.3795 10.6422 18.9547 -0.155983 -0.0193244 -0.987571
56.9836 11.617 18.9961 -0.166006 -0.0233453 -0.985732
56.312 12.3357 19.1002 -0.180891 -0.0322544 -0.982972
55.2517 12.5378 19.2957 -0.195877 -0.0326648 -0.980063
54.1631 12.134 19.5356 -0.2094 -0.0315356 -0.977321
53.5509 11.5184 19.682 -0.206568 -0.0261057 -0.978083
53.3209 10.5354 19.76 -0.216357 -0.0310941 -0.975819
53.3839 9.76348 19.7678 -0.215988 -0.0261735 -0.976045
54.0328 8.97059 19.6443 -0.216594 -0.0244309 -0.975955
54.8758 8.53189 19.4828 -0.190755 -0.0220342 -0.98139
57.477 15.8171 18.8349 -0.151795 -0.00954613 -0.988324
58.3492 16.0525 18.7063 -0.142327 -0.0121892 -0.989745
58.5099 16.9215 18.6683 -0.153663 -0.0276378 -0.987737
57.9148 17.3968 18.7482 -0.14465 -0.018994 -0.989301
56.9314 16.7278 18.9076 -0.154517 -0.0156177 -0.987853
57.1614 15.9998 18.8849 -0.159143 -0.0126863 -0.987152
30.369 -17.4155 37.1404 -0.714655 0.187384 -0.673907
30.3021 -17.4389 37.2049 -0.714839 0.185248 -0.674306
30.7746 -22.5334 36.5136 -0.710926 -0.0242967 -0.702846
31.3333 -22.5544 35.958 -0.704395 -0.0261645 -0.709321
30.8183 -22.7229 36.4757 -0.711696 -0.022611 -0.702123
30.775 -22.734 36.5199 -0.710916 -0.0233271 -0.702889
26.0202 -20.804 41.6514 -0.75652 -0.00122244 -0.65397
26.1407 -19.8825 41.5234 -0.751654 0.0142345 -0.659404
26.2291 -19.022 41.4613 -0.753263 0.0312755 -0.656968
26.0368 -18.475 41.7417 -0.750717 0.0847101 -0.655164
25.4955 -18.406 42.3649 -0.752477 0.0711614 -0.654744
24.8583 -18.3632 43.0961 -0.743986 0.0785519 -0.663558
24.1961 -18.4077 43.8168 -0.738474 0.0609778 -0.671516
23.6689 -18.5333 44.3707 -0.731215 0.0514957 -0.679972
23.1405 -18.6069 44.9444 -0.738205 0.0392399 -0.67339
22.5528 -18.5434 45.5909 -0.736135 0.0406797 -0.675611
22.0359 -18.3947 46.1569 -0.731053 0.0367841 -0.681326
21.5046 -18.2037 46.7239 -0.702654 0.039699 -0.710312
20.9783 -17.9632 47.2245 -0.662348 -0.00608585 -0.749171
20.3252 -17.8069 47.789 -0.630189 -0.0281982 -0.775001
19.785 -17.4033 48.1535 -0.578727 -0.0470027 -0.814165
19.6746 -17.4062 48.2309 -0.555427 -0.0707206 -0.828553
19.5539 -18.1163 48.368 -0.585549 -0.114748 -0.802475
20.0207 -18.5799 48.0347 -0.600597 0.0367007 -0.798353
20.0683 -19.5766 47.9734 -0.618535 0.0354799 -0.784721
20.2532 -20.3851 47.7795 -0.635501 0.0132766 -0.771576
20.7809 -20.8317 47.3296 -0.663157 -0.00445868 -0.748467
21.4419 -20.8504 46.7132 -0.705618 0.00442853 -0.70844
22.0321 -20.7433 46.096 -0.729823 0.00261063 -0.683617
22.5615 -20.7407 45.5232 -0.736324 0.0039352 -0.676618
23.0851 -20.7993 44.9525 -0.740692 0.00133385 -0.671843
23.6372 -20.8841 44.3427 -0.741626 0.00202625 -0.670811
24.2523 -20.8849 43.6558 -0.747459 0.00446141 -0.664292
24.7561 -20.8892 43.0858 -0.751368 0.00676483 -0.659849
25.2599 -20.8838 42.5175 -0.747514 0.00847105 -0.664192
25.7923 -20.9134 41.9152 -0.752214 0.00164012 -0.658879
25.7948 -20.9108 41.9123 -0.756521 -0.00122324 -0.653968
19.1585 -16.1684 48.4765 -0.521298 -0.0656469 -0.850846
18.7317 -15.5828 48.6666 -0.464437 -0.0660811 -0.883137
18.2083 -14.9178 48.8597 -0.409244 -0.0904886 -0.907927
17.7489 -14.1248 49.0023 -0.379221 -0.0701447 -0.922643
17.4099 -13.2848 49.0561 -0.304796 -0.0721323 -0.949674
17.2353 -12.3148 49.0419 -0.306786 -0.0630593 -0.949664
17.3473 -11.3074 48.9507 -0.30415 -0.0473444 -0.951447
17.6868 -10.3877 48.7916 -0.356271 -0.0366866 -0.933662
18.2046 -9.64058 48.5555 -0.362943 -0.0546883 -0.930205
18.6448 -10.3942 48.4152 -0.399168 -0.0393263 -0.916026
18.8839 -11.1509 48.3444 -0.4076 -0.033536 -0.912545
18.8932 -12.2251 48.3985 -0.418701 -0.061456 -0.906042
18.9014 -13.031 48.4383 -0.476864 -0.0924951 -0.874097
18.9016 -14.1178 48.4837 -0.479924 -0.0353074 -0.876561
