-2.88984 -16.9468 22.3596 0.59329 0.0347035 -0.804159
-2.92698 -16.1584 22.3438 0.622402 -0.00544479 -0.782678
-2.92698 -16.1584 22.3438 0.622402 -0.00544479 -0.782678
-2.93624 -15.3452 22.321 0.6041 -0.0276062 -0.79643
-3.43759 -15.366 21.9305 0.626933 -0.0450574 -0.777406
-3.38511 -16.1757 21.9797 0.619273 0.00710877 -0.785143
-3.33732 -17.045 21.9985 0.63585 0.0333323 -0.770992
-3.32499 -17.8423 21.9832 0.635333 0.0173863 -0.771967
-3.38104 -18.6279 21.9308 0.63456 0.0105618 -0.7728
-3.08964 -19.2767 22.1489 0.594343 0.0200302 -0.803962
-2.45216 -19.2724 22.5922 0.546853 0.0346796 -0.83651
-1.74781 -19.2284 22.9992 0.471218 0.0290728 -0.881517
-1.16533 -19.1762 23.3017 0.425118 0.0347169 -0.904263
-1.72564 -18.8535 23.0226 0.476327 0.0254662 -0.878899
-2.2719 -18.3509 22.7267 0.517216 0.0158522 -0.855708
-2.69865 -17.7327 22.468 0.570559 0.0336476 -0.820304
-2.88625 -16.9812 22.3604 0.585277 0.0405675 -0.809818
-1.76861 -16.8216 23.1106 0.512066 0.0447754 -0.857778
-1.38381 -17.5211 23.2907 0.486341 0.0746964 -0.87057
-0.726971 -17.7716 23.5868 0.406402 0.0785979 -0.910292
-0.0619062 -18.2634 23.8046 0.309857 0.0811553 -0.947274
0.612534 -18.6223 23.9656 0.19116 0.0912595 -0.977307
1.42728 -18.5357 24.1045 0.108644 0.0738462 -0.991108
2.21095 -18.2556 24.1631 0.00378173 0.0167985 -0.999852
3.00873 -18.1209 24.1066 -0.162858 0.0873441 -0.982776
3.80467 -18.1118 23.8985 -0.322115 0.0159173 -0.946567
4.37277 -18.7788 23.6983 -0.338968 -0.00750848 -0.940768
4.17538 -19.5063 23.7688 -0.302407 -0.0194761 -0.952817
4.21563 -20.3715 23.7527 -0.30588 0.00536143 -0.951985
3.70459 -20.6734 23.9081 -0.240348 -0.0402829 -0.96982
2.96875 -20.6578 24.0684 -0.150532 -0.0471307 -0.987071
1.99044 -20.6702 24.0929 0.0297203 -0.029916 -0.99911
1.22616 -20.6587 24.0333 0.14565 -0.0132922 -0.989247
0.380837 -20.5826 23.8652 0.245041 -0.0347227 -0.968891
-0.36501 -20.6269 23.6166 0.355047 -0.0327462 -0.934275
-1.08415 -20.6998 23.3197 0.417699 -0.020791 -0.908299
-1.79145 -20.6121 22.9596 0.470188 -0.0202436 -0.882334
-2.48633 -20.6644 22.5579 0.523314 -0.0174303 -0.851955
-3.13286 -20.6446 22.1264 0.588054 -0.0161089 -0.808661
-3.75646 -20.6403 21.6328 0.653595 -0.0305599 -0.756228
-4.33806 -20.6127 21.1109 0.677896 -0.0293755 -0.734571
-4.39145 -19.845 21.0455 0.676295 -0.00615438 -0.736605
-4.42473 -18.9811 21.0159 0.679714 0.00478473 -0.733462
-4.43067 -18.2289 21.0133 0.706504 0.0144346 -0.707561
-4.33681 -17.4536 21.0829 0.696871 0.00157185 -0.717185
-4.40171 -16.5895 21.0283 0.705655 0.00581122 -0.708531
-4.42482 -15.7769 21.021 0.715907 0.0126065 -0.698074
-4.42835 -14.8508 21.021 0.697611 0.0129911 -0.716265
-4.40505 -14.0717 21.0566 0.680909 0.0153522 -0.732207
-3.8153 -13.781 21.5601 0.640084 -0.0107724 -0.767964
-3.24226 -13.7075 21.9979 0.598471 -0.0762332 -0.79741
-2.50435 -13.606 22.5115 0.563371 -0.0650732 -0.823636
-1.8108 -13.1335 22.9548 0.598151 -0.100476 -0.79506
-1.73593 -13.8839 23.0562 0.562181 -0.048625 -0.825575
-1.74178 -14.6739 23.0983 0.534911 -0.0415713 -0.843878
-1.79414 -15.4363 23.0999 0.530175 -0.0260272 -0.847489
-1.7894 -16.1907 23.1143 0.529732 0.000521262 -0.848165
-1.76838 -16.775 23.1131 0.517891 0.0389692 -0.854513
5.47156 -17.0156 23.0714 -0.545526 -0.0167263 -0.837927
5.491 -17.7742 23.0922 -0.565241 -0.0475979 -0.823458
5.50951 -18.6097 23.1208 -0.562546 -0.0114138 -0.826687
5.44188 -19.2439 23.1757 -0.570656 -0.0162781 -0.820952
5.62871 -20.0744 23.0634 -0.573002 -0.00844972 -0.81951
5.81027 -20.6193 22.9556 -0.55861 -0.0529289 -0.827434
6.53968 -20.6843 22.3969 -0.650532 -0.0386003 -0.758409
7.16894 -20.6556 21.8205 -0.701562 -0.020379 -0.711798
7.72132 -20.6276 21.2392 -0.739923 -0.0237774 -0.67227
7.8523 -19.9551 21.0884 -0.737528 -0.00198861 -0.675313
7.77498 -19.1956 21.175 -0.738002 0.0203932 -0.674324
7.25198 -19.1011 21.7231 -0.693957 0.0301949 -0.71921
6.71267 -18.5199 22.1997 -0.642827 0.0292802 -0.764419
6.41747 -17.6903 22.4118 -0.607611 -0.022818 -0.793884
6.11001 -16.9873 22.6182 -0.597427 -0.0302509 -0.801352
5.79314 -16.2834 22.8262 -0.582888 -0.0298958 -0.812001
5.70195 -15.5026 22.8639 -0.613758 -0.0073706 -0.78946
5.99871 -14.7212 22.6124 -0.643768 0.0134486 -0.765102
6.44232 -14.276 22.2053 -0.692541 -0.0222184 -0.72079
6.8999 -13.8685 21.7081 -0.739854 -0.0411418 -0.671508
7.30994 -13.3932 21.2193 -0.7611 -0.038649 -0.647409
7.40326 -12.6703 21.0651 -0.78374 -0.0342072 -0.620141
7.35662 -11.9145 21.0924 -0.787303 -0.0216628 -0.616186
7.33318 -11.1642 21.1143 -0.801528 0.00463885 -0.597939
7.01089 -11.2787 21.5392 -0.79253 0.00527855 -0.609811
6.53422 -11.6784 22.131 -0.771565 0.0222488 -0.635603
6.09301 -12.1443 22.6193 -0.745692 0.0492174 -0.664366
5.7179 -12.7429 22.967 -0.709542 0.0770355 -0.700427
5.58282 -13.5848 23.0213 -0.687437 0.0505623 -0.724321
5.55757 -14.3781 22.9938 -0.656224 0.0295445 -0.75386
5.51527 -15.1947 22.999 -0.598948 0.0123945 -0.800147
5.50182 -16.0143 23.02 -0.559325 -0.0305915 -0.828384
5.47285 -16.9803 23.0698 -0.555177 -0.0217716 -0.83135
0.604751 16.9578 23.3274 -0.266098 -0.0278124 -0.963497
0.0681995 17.5889 23.4863 -0.30068 0.000221621 -0.953639
-0.616213 18.1398 23.6862 -0.271153 -0.00303286 -0.962532
-1.36054 18.3647 23.8603 -0.19007 0.00103222 -0.981747
-2.13153 18.4192 23.9714 -0.109945 0.000129485 -0.993938
-2.79182 19.0682 24.0124 -0.0580581 -0.0163707 -0.998179
-3.53221 19.3189 23.989 0.0898706 -0.0096517 -0.995907
-4.33474 19.3427 23.8742 0.173375 -0.0178006 -0.984628
-4.50329 19.9214 23.8344 0.198665 0.00249045 -0.979937
-4.74156 20.6368 23.768 0.264122 -0.0196575 -0.964289
-4.2777 20.8335 23.8816 0.192174 0.0167577 -0.981213
-3.45593 20.8141 24.0063 0.100015 0.0345986 -0.994384
-2.63943 20.7831 24.0264 -0.0555569 0.0429969 -0.997474
-1.81882 20.8464 23.9566 -0.121686 0.0388746 -0.991807
-1.01389 20.8034 23.8155 -0.23017 0.055789 -0.97155
-0.0687565 20.7929 23.549 -0.301234 0.0343431 -0.952932
0.722556 20.8237 23.2428 -0.390346 0.0301977 -0.92004
1.44686 20.8274 22.9053 -0.452836 0.0219047 -0.891325
2.17125 20.7983 22.5081 -0.51261 0.0324453 -0.858008
2.8601 20.8071 22.0699 -0.564684 0.0346968 -0.824562
3.54192 20.7992 21.56 -0.61885 0.0066082 -0.785481
4.14784 20.7072 21.0397 -0.669826 0.000481923 -0.742471
4.17088 19.9064 21.0252 -0.671585 -0.0117097 -0.740785
3.91717 19.3785 21.2661 -0.662434 -0.0277741 -0.748605
3.26509 19.3734 21.7936 -0.599447 -0.0486104 -0.798937
2.60963 19.2226 22.2489 -0.539148 -0.0225538 -0.841909
1.94531 18.7125 22.6607 -0.490555 -0.0411039 -0.87044
1.35483 18.3184 22.9915 -0.426633 -0.0419391 -0.903146
0.824276 17.7107 23.2294 -0.328345 -0.0418375 -0.943566
0.609581 16.9863 23.3249 -0.292848 -0.0362026 -0.95528
0.607523 16.9725 23.3262 -0.276955 -0.039859 -0.960009
0.416018 19.1606 23.3593 -0.344295 -0.0173055 -0.93849
0.373791 19.4193 23.37 -0.344294 -0.017314 -0.938491
0.228531 19.1797 23.4236 -0.325862 -0.0140142 -0.945313
0.297819 19.159 23.4001 -0.325862 -0.0140142 -0.945313
-5.83208 20.6953 23.3354 0.426973 0.0169964 -0.904027
-6.16027 20.0356 23.1562 0.53123 -0.014575 -0.847102
-6.50618 19.4076 22.9478 0.552687 -0.032887 -0.83266
-7.29607 19.3155 22.3645 0.633224 -0.0366631 -0.772964
-7.93124 19.3031 21.8067 0.692654 -0.033147 -0.720508
-8.48471 19.364 21.2545 0.711933 -0.0178412 -0.701888
-8.66839 20.0391 21.0536 0.721181 -0.0030213 -0.692741
-8.52386 20.7817 21.2141 0.723011 0.0217863 -0.690492
-7.95114 20.8388 21.7988 0.703652 0.0456088 -0.70908
-7.24388 20.87 22.4209 0.624868 0.0314564 -0.780096
-6.63374 20.7742 22.8569 0.547416 0.0460337 -0.835593
