-7.52223 -12.7875 22.7151 0.808025 0.069083 -0.585063
-7.41912 -13.5748 22.768 0.800984 0.0619442 -0.595455
-7.41912 -13.5748 22.768 0.800984 0.0619442 -0.595455
-7.87526 -13.3639 22.1707 0.806277 0.0541754 -0.589044
-8.29291 -12.9704 21.6304 0.810422 0.0565345 -0.583112
-8.57916 -12.4018 21.2868 0.812147 0.0586404 -0.580499
-8.69461 -11.51 21.219 0.81377 0.063439 -0.577714
-8.66787 -10.7036 21.3487 0.814716 0.067992 -0.575856
-8.36618 -10.7879 21.7635 0.812816 0.0682161 -0.578512
-7.90678 -11.1613 22.3629 0.811317 0.0658956 -0.580881
-7.60003 -11.7209 22.7283 0.811878 0.0654464 -0.580147
-7.53897 -12.5508 22.7187 0.81043 0.0661334 -0.58209
-7.39306 -18.1377 22.6914 0.765572 -0.0037377 -0.643339
-7.62938 -18.7822 22.4122 0.771589 -0.00585317 -0.636095
-8.02202 -19.2304 21.9332 0.781401 0.00373921 -0.623996
-8.47459 -19.4211 21.362 0.785116 -0.00502364 -0.619324
-8.58505 -20.1778 21.2277 0.789295 -0.00678145 -0.613976
-8.20502 -20.4879 21.7152 0.784714 -0.00656291 -0.619823
-7.71821 -20.5036 22.3207 0.773321 -0.0101908 -0.633912
-7.34383 -20.111 22.7689 0.76753 -0.00545002 -0.64099
-7.34897 -19.343 22.7562 0.769641 -0.00531198 -0.638454
-7.37376 -18.5355 22.7181 0.768406 -0.00709848 -0.639923
-7.36216 -18.2385 22.7287 0.766988 -0.00541941 -0.641632
-4.30543 -19.1345 24.7852 0.439725 -0.0423363 -0.897134
-4.24475 -19.9634 24.8276 0.45243 0.0188203 -0.891592
-3.85911 -20.4519 25.0148 0.473747 0.0532713 -0.879049
-3.20661 -20.5101 25.4103 0.568808 0.0470298 -0.821125
-2.56443 -20.4369 25.8567 0.57834 -0.0024118 -0.815789
-1.92133 -20.4549 26.2706 0.49303 -0.0158357 -0.869868
-1.137 -20.4825 26.6245 0.333057 -0.0987576 -0.937721
-0.40245 -20.5611 26.8283 0.218863 -0.0824691 -0.971705
0.452388 -20.5427 26.9724 0.145615 -0.000690255 -0.989341
1.20996 -20.4351 27.0532 0.0847124 -0.0167386 -0.996199
2.15555 -20.3993 27.1226 0.0655292 -0.0105006 -0.997795
3.02549 -20.4644 27.1636 0.0378402 -0.00344292 -0.999278
3.57474 -20.0549 27.1759 0.0216229 0.00190004 -0.999761
3.2609 -19.3841 27.1727 0.0270259 0.00757312 -0.999596
2.48518 -19.3852 27.145 0.0569509 0.00944241 -0.998332
1.71327 -19.4638 27.0957 0.0683777 0.0219519 -0.997418
0.894037 -19.3843 27.0301 0.093478 0.027778 -0.995197
0.150954 -19.2535 26.9473 0.122031 0.0461697 -0.991452
-0.784229 -19.3464 26.7487 0.231234 0.0967791 -0.967362
-1.49848 -19.3811 26.5043 0.427449 0.112627 -0.895607
-2.29858 -19.4234 26.0398 0.556617 0.0341712 -0.829922
-2.92478 -19.3952 25.6197 0.5619 0.0107226 -0.827088
-3.56105 -19.3247 25.2076 0.518643 -0.0212697 -0.854677
-4.23334 -19.0898 24.8184 0.456937 -0.0414743 -0.888321
10.6266 -19.7924 22.7658 -0.807185 -0.00102809 -0.590297
10.9203 -19.3281 22.3619 -0.812758 0.0015719 -0.5826
11.4466 -19.3314 21.6173 -0.821498 0.00599567 -0.57018
11.6899 -19.9066 21.2655 -0.823901 0.00045701 -0.566731
11.4992 -20.4987 21.5436 -0.822636 -0.00636556 -0.568533
11.0608 -20.5006 22.1669 -0.816108 -0.00675454 -0.577857
10.6503 -20.2887 22.7347 -0.806923 -0.00286642 -0.590649
10.6249 -19.9447 22.7681 -0.806586 -0.000225098 -0.591117
10.1805 -10.3631 22.5999 -0.828327 0.00960955 -0.560163
10.5737 -9.88974 22.0182 -0.831832 0.00428514 -0.555011
10.9378 -9.48773 21.4703 -0.835192 0.00146118 -0.549957
11.053 -8.70798 21.2993 -0.837122 0.00449416 -0.546998
11.0767 -7.81821 21.2714 -0.8393 0.00654264 -0.54363
10.837 -7.46752 21.6449 -0.838808 0.00833517 -0.544363
10.4428 -7.84032 22.244 -0.837027 0.0102488 -0.547065
10.133 -8.38967 22.7054 -0.834146 0.0107269 -0.551439
10.119 -9.20104 22.7107 -0.833251 0.00910212 -0.55282
10.1112 -9.9786 22.7083 -0.830594 0.00721548 -0.55683
10.0914 -10.2492 22.7336 -0.828326 0.00960943 -0.560164
8.00603 19.4591 21.7066 -0.783521 -0.00877763 -0.621303
7.50699 19.531 22.3225 -0.769056 -0.00566707 -0.639129
7.12071 19.8023 22.7774 -0.7607 -0.00703033 -0.649065
7.15084 20.5454 22.7369 -0.758314 -0.0029757 -0.651883
7.69421 20.6489 22.0933 -0.773314 0.00845733 -0.633966
8.18925 20.6306 21.479 -0.785583 0.00582423 -0.61868
8.37386 19.981 21.2359 -0.791884 0.00350781 -0.610636
8.06255 19.4643 21.6353 -0.783523 -0.00877838 -0.621301
3.62974 19.8095 25.006 -0.476494 -0.0115761 -0.878787
3.33039 20.5453 25.1484 -0.487657 -0.0399559 -0.87212
2.61094 20.6813 25.601 -0.551041 -0.0098362 -0.834419
1.88801 20.5798 26.0705 -0.533592 0.0384249 -0.844869
1.18735 20.6106 26.4364 -0.401824 0.120886 -0.907703
0.452957 20.6039 26.6922 -0.2656 0.183876 -0.946386
-0.49382 20.596 26.9154 -0.187138 0.0449868 -0.980709
-0.718043 19.8678 26.9682 -0.187181 -0.0563304 -0.980709
-0.149327 19.4913 26.8843 -0.145308 -0.131713 -0.980238
0.617561 19.6224 26.6484 -0.296104 -0.0663676 -0.952709
1.38601 19.5732 26.3347 -0.376495 -0.0158125 -0.924809
2.06627 19.5775 25.9535 -0.523645 -0.0098013 -0.851872
2.72909 19.5878 25.5367 -0.526886 0.0174119 -0.849758
3.54617 19.5336 25.0483 -0.502377 0.00118437 -0.864648
3.58602 19.5679 25.0263 -0.472848 0.0115646 -0.881068
-2.22705 19.664 27.1105 -0.0478459 -0.00859003 -0.998818
-2.23528 20.4881 27.1072 -0.0526646 -0.00885554 -0.998573
-3.00772 20.6459 27.141 -0.0312818 0.0121356 -0.999437
-3.93364 20.5137 27.1601 -0.0117319 0.000659467 -0.999924
-3.95086 19.6997 27.1634 -0.00953043 -0.0119758 -0.999874
-3.26433 19.4697 27.1535 -0.0266555 -0.0114413 -0.999579
-2.39303 19.5081 27.1198 -0.0477495 -0.00854665 -0.998823
-11.3548 19.8307 22.7709 0.799181 -0.00287305 -0.601084
-11.766 19.4901 22.2197 0.807373 -0.00332837 -0.59003
-12.3271 19.5188 21.4413 0.813126 -0.00193321 -0.582084
-12.459 20.1864 21.2538 0.81818 0.000581786 -0.57496
-12.1636 20.6765 21.6723 0.813828 0.00352632 -0.581096
-11.6636 20.6922 22.3609 0.804465 0.0115717 -0.593877
