5.57325 20.0442 30.6666 -0.815722 0.00160466 -0.578442
5.42076 20.6854 30.8802 -0.816699 -0.00310574 -0.577053
5.42076 20.6854 30.8802 -0.816699 -0.00310574 -0.577053
4.98425 20.7125 31.5048 -0.822995 -0.0012547 -0.568046
4.69452 20.1441 31.9272 -0.824958 -0.000226805 -0.565194
4.86471 19.4915 31.6785 -0.822265 0.00426304 -0.569087
5.31974 19.4694 31.0248 -0.818496 0.00546147 -0.574487
5.56889 19.9699 30.6725 -0.815652 0.00201308 -0.57854
-5.59507 20.273 32.6978 0.0712036 0.0012332 -0.997461
-5.76506 19.513 32.6847 0.070478 0.00146305 -0.997512
-6.72533 19.4766 32.617 0.0724687 -0.00135936 -0.99737
-7.16146 20.0729 32.5848 0.0735998 2.08397e-05 -0.997288
-6.75095 20.7326 32.6159 0.0719426 0.00228668 -0.997406
-5.99743 20.7256 32.6696 0.0705825 0.00105157 -0.997505
-5.59436 20.3003 32.6979 0.0712037 0.00123327 -0.997461
-18.6453 20.2171 22.7418 0.835631 -1.05607e-05 -0.549291
-18.8342 19.5323 22.4543 0.835725 -0.000148792 -0.549148
-19.2513 19.4691 21.8193 0.836028 -0.000192984 -0.548686
-19.6184 19.7872 21.2599 0.836057 0.000121228 -0.548642
-19.6012 20.5322 21.2864 0.836141 0.000102993 -0.548515
-19.1956 20.6587 21.9046 0.835946 0.000536409 -0.548811
-18.78 20.7362 22.537 0.835647 -0.000115946 -0.549266
-18.6488 20.3292 22.7365 0.835604 0.000298383 -0.549332
-16.8817 -2.14731 21.4391 0.820284 0.0615945 -0.568628
-16.4549 -2.57971 22.0056 0.820961 0.066298 -0.567117
-15.9947 -3.05177 22.61 0.817528 0.0717875 -0.571397
-15.8234 -3.90535 22.7515 0.816557 0.068584 -0.573176
-15.7548 -4.71953 22.7531 0.816586 0.0666114 -0.573367
-15.7646 -5.47011 22.6536 0.817905 0.0644593 -0.57173
-16.1604 -5.11721 22.1287 0.817538 0.0659223 -0.572089
-16.5853 -4.7015 21.5686 0.818259 0.0665815 -0.570981
-16.8598 -4.1086 21.2449 0.817948 0.0671523 -0.57136
-16.9373 -3.29085 21.229 0.818762 0.066278 -0.570295
-16.9684 -2.52416 21.2725 0.819225 0.064454 -0.569839
-16.9258 -2.16877 21.3733 0.819621 0.061613 -0.569583
-16.3034 -19.2906 21.5133 0.814876 0.00685239 -0.579593
-16.5106 -19.9139 21.2179 0.814675 0.00219296 -0.579914
-16.276 -20.502 21.5429 0.812977 0.00451122 -0.582279
-15.7845 -20.5065 22.2314 0.813984 0.00361676 -0.580876
-15.4049 -20.205 22.7634 0.812612 0.00236032 -0.5828
-15.5009 -19.3737 22.6331 0.811501 0.00225832 -0.584346
-15.9699 -19.2799 21.9807 0.812983 0.00573833 -0.582257
-16.2458 -19.2877 21.5941 0.814052 0.0064548 -0.580756
-5.91122 -19.8884 30.3725 0.810865 0.00206419 -0.585227
-5.70617 -20.5053 30.655 0.812469 0.00368489 -0.582993
-5.21436 -20.5422 31.3438 0.814444 0.0026759 -0.580234
-5.00459 -19.9381 31.6402 0.815318 0.000272938 -0.579014
-5.18746 -19.2866 31.3811 0.814766 -0.00498111 -0.579766
-5.70813 -19.3238 30.6551 0.81138 -0.00136488 -0.584518
-5.90898 -19.8313 30.3756 0.810646 0.000928 -0.585535
5.0585 -19.6296 32.5267 -0.0678019 -0.00102915 -0.997698
5.60492 -19.2978 32.4888 -0.0701448 0.0007601 -0.997535
6.44484 -19.3842 32.4282 -0.0737791 0.00284924 -0.997271
6.56248 -20.2035 32.4184 -0.0742995 0.000977074 -0.997235
5.88549 -20.5278 32.4689 -0.073195 -0.00285187 -0.997314
5.11975 -20.4226 32.5238 -0.0696836 -0.00351428 -0.997563
5.05896 -19.6372 32.5267 -0.0687296 6.33346e-05 -0.997634
17.9985 -19.6916 22.7266 -0.835186 -1.76939e-05 -0.549968
18.2795 -19.2919 22.3 -0.835232 0.000580475 -0.549897
18.8011 -19.3156 21.5081 -0.834843 -0.000132404 -0.550488
18.9493 -20.0813 21.283 -0.834433 0.000595325 -0.55111
18.6935 -20.5487 21.6703 -0.835018 0.000494619 -0.550222
18.2292 -20.4831 22.3762 -0.835416 -0.000392186 -0.549618
18.0001 -19.9292 22.7242 -0.835334 -3.48334e-05 -0.549743
17.9998 -19.7237 22.7247 -0.835186 -1.63101e-05 -0.549967
17.3268 -2.94255 22.6594 -0.84116 0.0077352 -0.540731
17.2839 -2.14411 22.738 -0.841039 0.0081853 -0.540912
17.3247 -1.33528 22.687 -0.841081 0.00838693 -0.540845
17.4451 -0.628902 22.5105 -0.841259 0.0083937 -0.540568
17.7933 -0.224202 21.9748 -0.841163 0.00793246 -0.540723
18.1819 -0.0257917 21.3735 -0.841053 0.00794311 -0.540894
18.2322 -0.647439 21.286 -0.841084 0.00811648 -0.540843
18.2535 -1.42632 21.2412 -0.841098 0.00804852 -0.540823
18.1222 -2.16068 21.4343 -0.841051 0.00793944 -0.540898
17.724 -2.56458 22.0473 -0.841012 0.00815256 -0.540954
17.3597 -2.92093 22.6086 -0.841091 0.00787578 -0.540837
16.1709 19.4968 21.4925 -0.810433 -0.000574618 -0.58583
15.6937 19.5866 22.1512 -0.809825 -0.000820814 -0.58667
15.2995 19.7119 22.6946 -0.809427 0.00191643 -0.587217
15.3262 20.5522 22.6588 -0.810806 0.000669996 -0.585314
15.7688 20.6622 22.047 -0.808589 -0.000672212 -0.588372
16.2118 20.6033 21.4362 -0.810014 0.000710584 -0.58641
