-20.6021 19.5104 21.9419 0.836216 0.000528385 -0.5484
-20.175 19.4758 22.5932 0.836388 0.000286779 -0.548138
-20.175 19.4758 22.5932 0.836388 0.000286779 -0.548138
-20.0795 20.1864 22.7394 0.836426 0.000304098 -0.54808
-20.35 20.6954 22.327 0.836292 0.000253535 -0.548284
-20.8849 20.653 21.5115 0.835996 0.00049754 -0.548735
-21.0212 19.9741 21.3032 0.836138 0.000378901 -0.548518
-20.7558 19.4674 21.7075 0.836208 0.000466596 -0.548412
-20.6605 19.4909 21.8528 0.836194 0.00049356 -0.548433
-7.78527 20.0871 33.6555 0.0771666 0.00314773 -0.997013
-7.37598 20.6661 33.6889 0.0762489 0.00412339 -0.99708
-6.59568 20.6903 33.7469 0.0714168 0.00257338 -0.997443
-6.21494 20.0824 33.7734 0.0720932 0.000941437 -0.997397
-6.6501 19.4992 33.741 0.0744962 0.000738876 -0.997221
-7.53022 19.515 33.674 0.076587 0.00157565 -0.997062
-7.77152 19.9439 33.6562 0.0771665 0.00314774 -0.997013
5.30833 19.9391 33.0777 -0.831845 0.000493799 -0.555007
5.61018 19.4645 32.6254 -0.829379 0.00333192 -0.558671
6.07938 19.4582 31.9325 -0.82682 8.32038e-05 -0.562467
6.18327 20.1352 31.7784 -0.827787 -0.00150874 -0.56104
5.94562 20.6944 32.1289 -0.82933 -0.00118996 -0.558757
5.51556 20.6569 32.7685 -0.83048 -0.00158539 -0.557045
5.3167 20.2368 33.0652 -0.831985 0.000151949 -0.554798
16.8147 20.101 22.794 -0.8109 -9.98098e-05 -0.585185
17.0186 19.5125 22.5112 -0.81164 0.00151024 -0.584156
17.545 19.4532 21.7813 -0.810299 0.000884343 -0.586016
17.9426 19.7946 21.2299 -0.811048 -0.00372483 -0.584968
17.8757 20.5662 21.319 -0.812593 -0.00180079 -0.582829
17.4553 20.709 21.905 -0.81234 0.000953066 -0.583182
17.0121 20.6773 22.5212 -0.811082 0.00178723 -0.58493
16.8236 20.2361 22.7816 -0.810848 0.000322109 -0.585257
19.5798 1.52027 21.4325 -0.841277 0.00794702 -0.540545
19.6971 0.871266 21.2404 -0.84122 0.00801542 -0.540633
19.6934 0.0845078 21.2342 -0.841382 0.0080842 -0.54038
19.4807 -0.756865 21.5527 -0.84123 0.00808968 -0.540617
19.1092 -1.1035 22.1255 -0.841097 0.00825112 -0.540821
18.7384 -0.946693 22.7045 -0.841051 0.00815701 -0.540895
18.7221 -0.106576 22.7423 -0.841103 0.00831556 -0.540811
18.8127 0.724162 22.6142 -0.841102 0.00812817 -0.540815
19.1852 1.18812 22.0418 -0.841123 0.00826194 -0.540781
19.5388 1.50899 21.4962 -0.841394 0.00801538 -0.540363
19.7893 -19.274 22.215 -0.835323 0.000421258 -0.54976
20.217 -19.3262 21.5644 -0.83566 0.000108457 -0.549246
20.4301 -19.9052 21.2409 -0.835816 -0.00131184 -0.549007
20.2875 -20.5052 21.4591 -0.834868 -0.00154213 -0.550448
19.8624 -20.5389 22.1039 -0.835003 -0.000106815 -0.550246
19.485 -20.3686 22.6758 -0.834574 0.00104084 -0.550894
19.463 -19.4769 22.7104 -0.835185 0.000620303 -0.549969
19.7137 -19.2726 22.3299 -0.835321 0.000419387 -0.549762
7.15282 -19.6401 33.446 -0.0756136 -0.0049901 -0.997124
6.57293 -19.3146 33.4884 -0.0733719 -0.0017947 -0.997303
5.72153 -19.4093 33.551 -0.0725529 -0.00265329 -0.997361
5.6415 -20.2078 33.5591 -0.0729222 -0.00312629 -0.997333
6.39092 -20.5139 33.5059 -0.071196 -0.00491909 -0.99745
7.15141 -20.3764 33.451 -0.0729091 -0.00767316 -0.997309
7.14949 -19.7335 33.4468 -0.074737 -0.00559345 -0.997187
-5.62581 -19.7854 32.7013 0.823858 -0.00197353 -0.566792
-5.88227 -19.3044 32.3271 0.822262 -0.00291568 -0.569101
-6.3162 -19.3183 31.7023 0.820564 -0.0023998 -0.571549
-6.50377 -20.0362 31.4356 0.820185 -0.00138713 -0.572096
-6.11531 -20.5385 31.9945 0.820395 0.000236806 -0.571796
-5.65525 -20.431 32.6595 0.823547 0.000921561 -0.567247
-5.62623 -20.0019 32.7012 0.823613 -0.00130209 -0.567151
-16.968 -20.2152 22.7818 0.812739 -0.000932726 -0.582627
-17.4287 -20.5234 22.1401 0.811949 0.000236447 -0.583728
-17.9425 -20.5363 21.425 0.812782 0.000491323 -0.582566
-18.0755 -19.8923 21.2413 0.810463 0.000940667 -0.585789
-17.8174 -19.3259 21.5985 0.811271 -0.00225555 -0.584665
-17.3549 -19.3061 22.2416 0.812143 -0.00141903 -0.583457
-16.9947 -19.5709 22.7436 0.812383 -0.000785483 -0.583124
-16.9707 -20.1635 22.7779 0.81274 -0.000934527 -0.582626
-17.4061 -3.78715 22.6877 0.817193 0.0699172 -0.572107
-17.4275 -2.97287 22.7537 0.821507 0.0649242 -0.566487
-17.4823 -2.20916 22.76 0.821426 0.0605317 -0.567093
-17.665 -1.40741 22.5776 0.820548 0.0562048 -0.568808
-18.1032 -0.943771 21.9925 0.819311 0.0572618 -0.570483
-18.566 -0.478031 21.3753 0.819375 0.0597917 -0.570131
-18.6359 -1.17819 21.2011 0.820255 0.0585976 -0.568989
-18.5465 -1.95327 21.2507 0.819804 0.0586173 -0.569635
-18.4607 -2.75057 21.29 0.818837 0.060804 -0.570797
-18.0645 -3.19721 21.8108 0.819436 0.0626922 -0.569732
