1.62904 -15.1651 4.39745 7.29305e-05 0.0250444 0.999569
1.22572 -14.0544 4.3591 -0.0327577 0.0520972 0.998105
1.22572 -14.0544 4.3591 -0.0327577 0.0520972 0.998105
1.65746 -13.4385 4.3394 -0.0273045 0.0425801 0.998644
2.37309 -13.3528 4.31863 0.0604628 0.0426441 0.997259
2.79101 -14.1023 4.31878 0.114572 0.040399 0.992568
2.62523 -14.9573 4.36461 0.0898416 0.0321244 0.995438
2.27697 -15.2951 4.40233 0.0225841 0.0261444 0.998892
3.38312 -16.2354 4.28322 0.143451 -0.00537724 0.989643
2.76081 -16.7495 4.36269 0.0856534 0.00739841 0.99602
1.97511 -16.794 4.41574 0.0661958 0.0205032 0.997596
1.20678 -16.5818 4.43126 0.012564 -0.00483808 0.999909
0.423526 -16.0118 4.35487 -0.0929311 0.0306206 0.99491
0.00161951 -15.2997 4.29449 -0.120687 0.0125253 0.992612
-0.164945 -14.3957 4.26283 -0.120171 0.0118959 0.992682
0.0162764 -13.203 4.26616 -0.0668205 0.0178328 0.997572
0.57718 -12.4138 4.28338 -0.0478399 0.0151447 0.998717
1.38147 -11.8193 4.30637 -0.0444704 0.00939713 0.998929
2.3478 -11.7227 4.2893 0.0466956 -0.0128856 0.998826
3.25003 -12.1833 4.21727 0.129419 -0.022828 0.991327
3.94823 -13.1949 4.1432 0.159127 0.0343962 0.986206
4.15983 -14.3678 4.12989 0.187522 0.0182373 0.982091
4.02174 -15.3904 4.17241 0.182026 0.0167056 0.983152
3.48328 -16.1032 4.26942 0.143451 -0.00537716 0.989643
4.39536 -17.126 4.13129 0.227151 0.0073919 0.973784
5.03368 -16.5037 3.98823 0.225358 -0.00298785 0.974266
5.44476 -15.7437 3.89258 0.217132 0.0118107 0.975945
5.58871 -14.8594 3.84767 0.218711 0.0167342 0.975509
5.55269 -14.0089 3.83496 0.226618 0.00190823 0.973702
5.40091 -13.2283 3.87788 0.214526 -0.00545453 0.976703
4.89266 -12.0657 3.96529 0.166941 -0.00319672 0.985962
4.34521 -11.2347 4.06068 0.163059 -0.00254321 0.986605
3.66042 -10.6553 4.18734 0.160968 0.0112899 0.98628
2.88397 -10.2591 4.2553 0.0738555 0.027061 0.996902
1.87672 -10.0773 4.29647 0.000792599 -0.00305139 0.999995
0.731442 -10.3889 4.26538 -0.05842 0.0153796 0.998174
-0.0014899 -11.0831 4.22525 -0.0988755 0.0158911 0.994973
-0.679881 -11.7596 4.17407 -0.09615 0.0239767 0.995078
-1.11775 -12.3556 4.13343 -0.185461 0.00390681 0.982643
-1.32621 -13.0767 4.09784 -0.185765 0.00520884 0.98258
-1.56997 -14.1266 4.05919 -0.187118 0.0109821 0.982194
-1.4595 -14.9322 4.08068 -0.176197 0.0161005 0.984116
-1.35271 -15.9607 4.13134 -0.149197 0.0187833 0.988246
-0.959149 -16.6469 4.19527 -0.13579 0.0161679 0.990606
-0.2951 -17.3578 4.29881 -0.137242 0.0187042 0.990361
0.319317 -17.8595 4.39459 -0.118125 0.0475848 0.991665
1.34562 -18.2265 4.46744 0.0285344 0.0409236 0.998751
2.48418 -18.3085 4.39949 0.115349 0.0179009 0.993163
3.21279 -18.1755 4.31012 0.146033 0.0245359 0.988658
4.02781 -17.5824 4.18203 0.152127 -0.0196397 0.988166
4.37135 -17.1592 4.13755 0.191973 -0.00198182 0.980399
2.57726 -7.29941 4.26402 0.0655498 -0.00520186 0.997836
1.59815 -7.08366 4.31291 0.0206147 -0.00855129 0.999751
0.738384 -6.50662 4.30017 -0.0385663 0.0105573 0.9992
-0.392128 -6.27486 4.19349 -0.137366 0.00515688 0.990507
-1.56867 -6.42836 4.01488 -0.158859 0.0149243 0.987126
-1.94348 -7.1131 3.97238 -0.16589 -0.00385245 0.985886
-2.46745 -7.77527 3.84417 -0.235813 -0.00948388 0.971752
-2.97597 -8.34048 3.71996 -0.231894 -0.00165246 0.97274
-3.85289 -8.72166 3.48368 -0.276787 0.00459164 0.96092
-4.82083 -8.59088 3.19814 -0.288783 0.00626408 0.957374
-5.46742 -8.13985 3.00238 -0.307738 -0.000190259 0.951255
-5.89822 -7.42539 2.85703 -0.319753 -0.00746725 0.947472
-5.88023 -6.28876 2.87206 -0.325143 -0.00958779 0.945616
-5.37308 -5.70127 3.04128 -0.307926 -0.0125502 0.951328
-4.48712 -5.26068 3.32599 -0.288419 -0.0142283 0.957398
-3.59837 -5.31151 3.57517 -0.232595 -0.017029 0.972425
-2.42899 -5.39274 3.85554 -0.234417 -0.0141959 0.972032
-1.70077 -5.20073 3.98347 -0.167262 0.00900983 0.985871
-0.635808 -4.62334 4.14882 -0.126585 0.00299967 0.991951
-0.204605 -3.73256 4.21144 -0.098812 -0.0251218 0.994217
0.207592 -3.06267 4.24748 -0.0680701 -0.0117727 0.997611
0.896471 -2.34386 4.2886 -0.00479538 0.00714713 0.999963
1.57453 -1.87588 4.28769 -0.00241147 0.0143368 0.999894
2.78717 -1.52472 4.21023 0.0805588 0.0299485 0.996223
3.74156 -1.37899 4.11788 0.11654 0.0252125 0.992452
4.65054 -1.13626 3.97299 0.158851 0.0212898 0.987073
5.59844 -0.783594 3.76798 0.245109 0.0261815 0.969142
6.32072 -0.574939 3.56857 0.289943 0.0314533 0.956465
7.25129 -0.553129 3.2714 0.32492 0.0185451 0.945528
7.96957 -0.875576 3.02572 0.33192 0.0208034 0.943078
8.46201 -1.86079 2.87099 0.333707 0.0154677 0.94255
8.30486 -2.62095 2.93903 0.344769 0.0211709 0.938397
7.60718 -3.42395 3.20151 0.320308 0.00760847 0.94712
6.98318 -3.85766 3.40146 0.304018 0.0113449 0.952494
6.32762 -4.41943 3.61983 0.282494 0.0213012 0.958932
5.73718 -5.01341 3.80083 0.27127 0.0265704 0.962136
5.13683 -5.52731 3.95262 0.202633 0.0114739 0.979187
4.20108 -6.45054 4.10387 0.122829 0.00305308 0.992423
3.56626 -6.88324 4.18377 0.121737 0.000497055 0.992558
2.77373 -7.24619 4.2514 0.0655498 -0.00520187 0.997836
2.60731 -5.76893 4.32052 0.0532531 -0.04446 0.997591
1.69045 -5.42992 4.32269 -0.0169491 0.00373903 0.999844
0.930319 -4.61349 4.29373 -0.045803 0.00103535 0.99895
1.2462 -3.97567 4.30355 -0.065208 0.00266845 0.997723
1.80339 -3.42091 4.30403 0.000305312 0.0231815 0.999731
2.75392 -2.93414 4.25926 0.0615472 0.0531041 0.99669
3.49473 -2.76777 4.18242 0.138136 0.0332136 0.989856
4.30271 -2.66516 4.05639 0.174538 0.00859348 0.984613
5.22871 -2.44759 3.87925 0.19178 0.0159845 0.981308
5.93629 -2.13233 3.7051 0.274407 0.0170789 0.961462
6.85559 -2.22534 3.43576 0.290341 0.00841791 0.956886
6.13356 -2.71468 3.65914 0.282374 0.0127485 0.959174
5.58304 -3.30173 3.80488 0.221205 0.0295516 0.97478
4.7485 -4.02015 3.99469 0.18068 0.0135844 0.983448
4.10598 -4.68884 4.123 0.151236 0.036429 0.987826
3.48568 -5.2661 4.22358 0.12731 0.00209889 0.991861
2.85227 -5.67889 4.31146 0.0952412 -0.0492273 0.993329
2.70123 -5.7317 4.31717 0.0532531 -0.04446 0.997591
-3.34075 -6.7335 3.63869 -0.273432 -0.0134663 0.961796
-4.18726 -7.24497 3.39271 -0.28123 -0.00447715 0.959564
-4.10274 -6.7373 3.42247 -0.280943 -0.0134407 0.959592
-3.59812 -6.68312 3.56647 -0.272886 -0.0151332 0.961927
-10.5822 -10.1263 0.894668 -0.41021 -0.0234116 0.91169
-10.8444 -10.1906 0.775271 -0.407719 -0.0226051 0.912826
-10.8593 -10.315 0.765312 -0.408967 -0.0231415 0.912254
-10.7436 -10.6009 0.810535 -0.410527 -0.0219899 0.911583
-10.7569 -11.4272 0.799388 -0.416138 0.0186197 0.909111
-10.4932 -10.5991 0.925541 -0.420017 -0.0081597 0.907479
-10.5196 -10.3784 0.916794 -0.410527 -0.0219899 0.911583
-10.3553 1.21537 1.37472 -0.401261 -0.044187 0.914897
-11.1855 1.54318 1.01884 -0.415789 -0.0440051 0.908396
-11.7487 2.70157 0.815547 -0.419577 -0.0453847 0.906582
-11.8186 3.54877 0.827913 -0.418024 -0.0516144 0.906964
-11.896 4.29767 0.836859 -0.416236 -0.0538451 0.907661
-11.5644 5.10005 1.02936 -0.413556 -0.0476441 0.909228
-10.6215 5.68502 1.48285 -0.41083 -0.0416011 0.910762
-9.63697 5.73987 1.91215 -0.39709 -0.0419365 0.916821
-8.70083 5.47993 2.28495 -0.371252 -0.0438232 0.927451
-8.15733 4.87543 2.4678 -0.362682 -0.0445197 0.930849
-7.73504 3.92487 2.58849 -0.345899 -0.0442381 0.937224
-7.68434 3.05992 2.57156 -0.345461 -0.0368362 0.93771
-8.01972 2.18632 2.39975 -0.368767 -0.0432328 0.928516
-8.65998 1.56299 2.11452 -0.372116 -0.0458496 0.927053
-9.32098 1.24764 1.82405 -0.394316 -0.0452713 0.917859
-10.2231 1.2312 1.43348 -0.401261 -0.0441867 0.914897
-9.89486 2.69761 1.64938 -0.394334 -0.0456156 0.917834
-10.6526 3.31742 1.34948 -0.412014 -0.0504891 0.909777
-10.3597 4.23892 1.5272 -0.39868 -0.0450947 0.91598
-9.68211 4.31237 1.82542 -0.389621 -0.0443999 0.919855
-9.15855 3.79188 2.01681 -0.381463 -0.0435281 0.923359
-9.20024 2.98669 1.95939 -0.38367 -0.0466157 0.922293
-9.85077 2.70558 1.66872 -0.394872 -0.0471448 0.917524
-9.87387 2.69777 1.65841 -0.394335 -0.0456154 0.917834
-8.45822 10.1438 2.6202 -0.370394 -0.0352459 0.928206
-9.34674 10.559 2.27811 -0.395004 -0.0590215 0.916781
-9.84528 11.3476 2.10697 -0.4019 -0.040748 0.914777
-9.95809 12.1267 2.09293 -0.397881 -0.0391372 0.916585
-9.64372 12.926 2.25715 -0.395321 -0.031073 0.918017
-9.18386 13.5196 2.47349 -0.39308 -0.0289938 0.919047
-8.54062 13.8583 2.73089 -0.357397 -0.0429206 0.932897
-7.38832 13.8473 3.16599 -0.345128 -0.0465227 0.937402
-6.58976 13.2661 3.42057 -0.329354 -0.0514113 0.942738
-6.22245 12.4875 3.49864 -0.296823 -0.0449047 0.953876
-6.0673 11.5627 3.50339 -0.291793 -0.0493947 0.955181
-6.68175 10.6345 3.28018 -0.28549 -0.0415187 0.957482
-7.42719 10.1963 3.00373 -0.327585 -0.0526829 0.943352
-8.41609 10.1382 2.63679 -0.370394 -0.0352458 0.928206
-8.33333 11.4574 2.74497 -0.365883 -0.0532412 0.929135
-8.01707 12.2863 2.88476 -0.342843 -0.0251636 0.939056
-7.54395 11.6145 3.04198 -0.346138 -0.0144945 0.938072
-8.15599 11.4402 2.81345 -0.355166 -0.0336022 0.933951
-2.55279 10.2158 4.23538 -0.168257 -0.0330069 0.984837
-2.46712 8.97341 4.21795 -0.13497 -0.0301525 0.990391
-2.24063 8.21787 4.21653 -0.157523 -0.0328686 0.986968
-2.02016 7.49579 4.21871 -0.0754272 -0.0495746 0.995633
-1.51465 6.94303 4.24328 -0.0766502 -0.0258076 0.996724
-1.02422 6.10658 4.26703 -0.0826058 -0.0195826 0.99639
-0.734709 5.22771 4.27163 -0.100124 -0.0174694 0.994822
-0.401815 4.22089 4.27299 -0.0621543 -0.0290048 0.997645
0.281577 3.56667 4.30399 -0.0505251 -0.00513406 0.99856
1.43095 3.29053 4.32724 0.0238894 0.0119159 0.99904
2.20502 3.58383 4.27869 0.0686821 0.0237275 0.997219
2.74581 4.40381 4.20136 0.148971 0.0227586 0.98858
3.13289 5.68506 4.16444 0.150921 0.00512102 0.988087
3.30699 6.52998 4.13877 0.13825 0.00189047 0.990396
3.43561 7.43118 4.10353 0.142894 0.0266216 0.98938
3.52344 8.25504 4.08304 0.165747 0.0119538 0.986096
3.7334 9.05554 4.02413 0.227508 0.032471 0.973226
3.91499 10.059 3.9526 0.218617 0.0321021 0.975243
4.25265 11.1223 3.8707 0.236031 -0.0100341 0.971694
4.44659 11.8812 3.83142 0.241074 -0.00397519 0.970466
5.10064 12.5747 3.66385 0.263505 0.000495276 0.964488
5.5478 13.341 3.52888 0.283122 0.004278 0.959074
5.82907 14.0516 3.4369 0.290127 0.0119215 0.956914
5.8182 14.8773 3.44308 0.296889 -0.00544829 0.954896
5.37135 15.5194 3.58825 0.307675 -0.0372544 0.950762
4.76966 15.9243 3.76076 0.245328 -0.0032576 0.969435
3.8629 16.204 3.96841 0.210559 -0.00123041 0.97758
2.93836 16.4681 4.16198 0.193963 0.00864081 0.980971
2.22912 16.8414 4.29893 0.189651 0.00560526 0.981821
1.58171 17.3202 4.40963 0.156678 -0.0144427 0.987544
1.05193 18.0829 4.481 0.0882505 0.0013551 0.99602
0.749481 18.7756 4.51594 0.0899575 -0.0109681 0.995885
0.0673698 19.6942 4.56861 0.0561099 -0.000604693 0.998282
-0.621645 20.2396 4.61856 0.0477262 -0.0454991 0.997426
-1.47586 20.3125 4.62225 -0.00585445 -0.054997 0.998469
-2.51732 20.2332 4.55715 -0.109502 -0.0364909 0.993272
-3.18377 19.8045 4.46522 -0.184102 -0.0581484 0.981186
-3.71051 19.0256 4.34617 -0.17512 0.0233674 0.98427
-4.10111 18.112 4.26304 -0.219823 -0.0206694 0.975274
-3.82256 17.0328 4.32093 -0.189216 -0.00435589 0.981874
-3.43352 16.3869 4.38596 -0.182002 -0.0103562 0.983244
-2.60347 15.8375 4.46585 -0.106496 -0.0264399 0.993962
-1.71739 15.4445 4.5021 -0.047584 -0.0538846 0.99741
-1.03083 14.9571 4.51523 0.00137404 -0.0055895 0.999983
-0.29363 14.3869 4.49407 0.0552121 -0.0306029 0.998006
-0.351224 13.6184 4.48755 0.0290473 -0.0236452 0.999298
-0.935609 12.9173 4.48047 -0.0159971 -0.0233835 0.998895
-1.46411 12.304 4.43359 -0.0685167 -0.0201669 0.997446
-2.11696 11.417 4.33346 -0.11734 -0.0471166 0.991778
-2.47226 10.4842 4.26551 -0.144045 -0.0433759 0.988132
-2.49028 10.4248 4.2588 -0.170346 -0.0592845 0.983599
-0.965575 10.226 4.39434 -0.086 -0.0344819 0.995545
-1.00127 9.15821 4.35653 -0.0590286 -0.0378098 0.99754
-0.712917 8.23882 4.34177 -0.0228055 -0.0376456 0.998957
-0.0888472 7.40897 4.34157 -0.039859 -0.00551712 0.999167
0.207941 6.6745 4.34748 -0.0646194 0.00991271 0.997861
0.483541 5.84783 4.34984 -0.00974216 -0.0474702 0.998011
0.783682 5.12585 4.30418 0.0104196 -0.0224445 0.999099
1.42637 5.35985 4.30907 0.0384088 0.00703012 0.998079
1.66863 6.0956 4.3048 0.0853777 -0.0355636 0.995714
1.99525 6.89665 4.29787 0.102703 -0.0235419 0.994384
2.03331 7.68277 4.3095 0.130206 -0.00846798 0.991412
2.1589 8.4248 4.29906 0.142015 0.00714893 0.989839
2.35739 9.37197 4.26374 0.153244 0.0100125 0.988068
2.55668 10.1334 4.22504 0.172839 0.0017832 0.984948
2.8134 10.9778 4.1796 0.17097 0.00281747 0.985268
3.1349 12.1147 4.11528 0.176476 0.00801164 0.984272
3.60255 13.0106 4.03802 0.197274 -0.00791773 0.980316
4.0652 13.6765 3.9503 0.223283 -0.0134051 0.97428
4.10064 14.4599 3.92734 0.22491 0.0250351 0.974058
3.33459 14.7763 4.07685 0.191985 -0.0122563 0.981321
2.61181 15.0345 4.21856 0.179118 -0.0108715 0.983768
1.81496 15.3777 4.36895 0.160643 -0.0224888 0.986485
1.04911 15.9462 4.48314 0.0822917 -0.0231986 0.995491
0.827969 16.1089 4.49816 0.0427849 -0.0340432 0.998504
0.314784 16.7435 4.54102 0.04215 -0.0212428 0.998816
-0.118861 17.3753 4.56565 0.0428906 -0.00950973 0.999035
-0.440815 18.1215 4.58552 0.0358971 -0.0299825 0.998906
-1.20585 18.8347 4.61951 0.0184339 -0.00761607 0.999801
-2.00543 18.7345 4.58192 -0.0288537 0.0190409 0.999402
-2.47707 18.1064 4.54862 -0.122895 0.00720953 0.992394
-2.05972 17.1761 4.55676 -0.0410234 -0.0326126 0.998626
-1.34924 16.8253 4.56799 -0.0119916 -0.0359474 0.999281
-0.336756 16.2812 4.55277 0.0213596 -0.0397764 0.998756
0.203686 15.8885 4.51739 0.0420971 -0.033509 0.998551
0.90313 15.2384 4.46511 0.0469025 -0.0387929 0.998128
1.12528 14.2664 4.41187 0.0595207 -0.017798 0.997714
0.913682 13.2727 4.45355 0.0329701 0.0154476 0.998813
0.516834 12.4832 4.44086 0.0174715 -0.026283 0.999502
-0.212916 11.7127 4.44472 0.024181 -0.0123621 0.999612
-0.600668 11.061 4.42938 -0.0184869 -0.019502 0.999639
-0.884414 10.4257 4.41174 -0.0520064 -0.0357276 0.99731
0.479988 10.0247 4.41883 0.024545 -0.0351156 0.998634
0.977437 10.7673 4.42926 0.0041297 -0.00261128 0.999904
1.03438 10.2249 4.4037 0.0470148 -0.054798 0.99739
0.957544 9.39313 4.37423 0.0548027 -0.0143654 0.998394
0.472481 9.24463 4.39451 -0.0108815 -0.0401408 0.999135
0.476578 9.79598 4.40643 0.0509084 -0.0345822 0.997892
9.62089 5.13229 2.24422 0.388156 0.038674 0.920782
10.2865 5.93617 1.9322 0.392772 0.0360639 0.918929
10.9625 6.10811 1.61972 0.420155 0.0305265 0.906939
11.651 6.14612 1.29395 0.429894 0.0301562 0.902376
12.405 5.80449 0.938614 0.444139 0.0301417 0.895451
12.7078 4.76656 0.823632 0.444007 0.0305221 0.895503
12.812 3.84623 0.800705 0.431412 0.0158577 0.902016
12.7325 2.95437 0.847926 0.450358 -0.00160983 0.892847
12.3322 2.22676 1.06251 0.456533 0.0312471 0.889158
11.6222 1.92985 1.4212 0.434478 0.0255815 0.900319
10.7449 2.02324 1.83474 0.416574 0.0194109 0.908895
9.96397 2.7051 2.17538 0.411952 0.0218726 0.910943
9.43426 3.49992 2.387 0.357293 0.00873319 0.933951
9.41194 4.51984 2.35803 0.388157 0.038674 0.920782
10.7278 4.14723 1.78935 0.429173 0.0293131 0.902745
11.2594 4.70804 1.52511 0.422761 0.0236045 0.90593
11.6064 4.08963 1.37691 0.431444 0.0226749 0.90185
