-22.5895 9.33352 -22.6497 0.264145 0.9643 -0.0184762
-21.2927 8.96214 -23.9822 0.234888 0.97163 -0.0275906
-20.2161 8.68309 -24.7051 0.225595 0.97381 -0.0268782
-19.15 8.45817 -24.1428 0.222801 0.974604 -0.022491
-18.2084 8.27087 -22.9623 0.220384 0.975182 -0.0212298
-17.3952 8.11026 -21.8618 0.218172 0.975656 -0.0221132
-16.2023 7.87895 -20.4375 0.215282 0.976319 -0.0213295
-15.1333 7.67103 -19.3353 0.215995 0.97607 -0.0250516
-13.9397 7.43049 -18.4721 0.211064 0.977265 -0.0200854
-12.7974 7.19043 -18.0699 0.197745 0.979775 -0.0254471
-11.6269 6.98561 -17.7086 0.182368 0.982695 -0.0324509
-9.99241 6.67417 -17.7659 0.189452 0.981309 -0.0337851
-8.51946 6.37724 -18.4359 0.180212 0.983411 -0.0206677
-7.56237 6.18939 -19.1285 0.1785 0.983812 -0.0157079
-6.64569 6.01115 -19.9611 0.177589 0.983938 -0.018017
-5.60039 5.80201 -20.9249 0.179683 0.983529 -0.019564
-4.52169 5.58491 -21.7814 0.181251 0.983197 -0.0216949
-3.56613 5.38948 -22.5546 0.185043 0.982458 -0.0231207
-2.58656 5.1882 -23.2097 0.186714 0.98212 -0.024033
-1.45432 4.94905 -24.1159 0.18908 0.981659 -0.0243621
0.0330537 4.64119 -24.9518 0.189813 0.981481 -0.0258027
1.14944 4.4164 -25.3221 0.186913 0.981997 -0.0272861
2.82617 4.08441 -25.7978 0.184508 0.982427 -0.0281875
3.92735 3.87047 -26.2681 0.179708 0.983439 -0.0235006
5.0034 3.66325 -26.807 0.176612 0.984063 -0.0206884
6.12881 3.45189 -27.2397 0.174244 0.984479 -0.0207832
7.65397 3.18017 -27.5376 0.171575 0.984973 -0.0197576
9.2902 2.89019 -27.8714 0.17101 0.985085 -0.0190659
10.8319 2.6165 -28.1708 0.170564 0.985127 -0.0207842
12.1522 2.38251 -28.3794 0.173339 0.98461 -0.0221941
13.833 2.07804 -28.6251 0.177499 0.983812 -0.0245241
15.3359 1.80171 -28.718 0.181439 0.983117 -0.0235248
16.6269 1.55612 -28.8942 0.18346 0.982725 -0.0243817
17.8523 1.31741 -29.1622 0.187923 0.981862 -0.0251484
19.2979 1.02985 -29.49 0.191002 0.981243 -0.0260718
20.5477 0.784699 -29.491 0.194353 0.980566 -0.0267865
21.0597 0.725746 -27.9973 0.193615 0.980653 -0.028863
21.1706 0.743185 -26.7266 0.191757 0.980942 -0.0313114
21.5599 0.718168 -25.1617 0.19001 0.981214 -0.0334019
22.002 0.685932 -23.6351 0.185632 0.982056 -0.03328
22.2619 0.690316 -22.0514 0.185654 0.982058 -0.0330885
21.6956 0.829209 -21.0435 0.182903 0.982623 -0.0316016
20.4802 1.07352 -20.435 0.181447 0.982936 -0.0302326
19.319 1.30232 -19.9075 0.178882 0.983482 -0.0276306
17.9565 1.56524 -19.3703 0.17886 0.983486 -0.0276436
16.7358 1.79655 -18.8645 0.174494 0.984307 -0.026262
15.4524 2.03718 -18.3268 0.171821 0.984828 -0.0241933
14.2054 2.26404 -17.8139 0.169485 0.985225 -0.024607
13.0332 2.47656 -17.3433 0.168753 0.985353 -0.0245428
11.7502 2.70666 -16.7511 0.166261 0.985819 -0.0227687
10.6263 2.90487 -16.3373 0.165539 0.985958 -0.0220122
9.53959 3.09722 -15.9285 0.166006 0.985859 -0.0229025
8.4591 3.28963 -15.5379 0.168384 0.985427 -0.0240884
7.27345 3.50731 -15.0371 0.173114 0.984519 -0.027447
6.17779 3.72131 -14.4589 0.181604 0.98283 -0.0326504
4.6117 4.03838 -13.8231 0.19143 0.980949 -0.0330786
3.47364 4.27425 -13.4118 0.196187 0.980138 -0.0289353
2.11064 4.56635 -12.8177 0.198012 0.979768 -0.0290859
0.903997 4.82569 -12.3475 0.197937 0.979744 -0.0303062
-0.177853 5.05653 -11.9211 0.196968 0.979942 -0.0302933
-1.27405 5.29159 -11.4455 0.194737 0.980352 -0.0313088
-2.35393 5.52314 -10.8487 0.192451 0.980775 -0.03229
-3.23754 5.72731 -9.96025 0.193706 0.980503 -0.0330351
-3.9659 5.90286 -9.02255 0.194454 0.980327 -0.0338433
-4.75684 6.1013 -7.64273 0.199195 0.979625 -0.0256204
-5.40341 6.25928 -5.93726 0.198226 0.980103 -0.01019
-5.63571 6.31715 -4.7644 0.197594 0.980269 -0.00549787
-5.76093 6.34342 -3.39595 0.185644 0.982605 0.00388835
-5.62054 6.30869 -2.00405 0.181951 0.983277 0.00732505
-5.28391 6.22838 -0.706118 0.173169 0.984676 0.0205339
-4.87548 6.12676 0.592428 0.173737 0.984535 0.0224854
-4.44457 6.02768 1.83331 0.172445 0.984855 0.0179729
-3.71201 5.88202 3.3343 0.169163 0.985544 0.00923621
-3.0531 5.76374 4.54668 0.169489 0.985526 0.00335068
-2.4903 5.66366 5.56934 0.16825 0.985732 0.00459311
-1.53563 5.49368 6.71232 0.16796 0.985774 0.00631286
-0.297401 5.27408 7.56303 0.172624 0.984964 0.00622093
1.12767 5.01511 8.26147 0.175474 0.984467 0.00584339
2.64173 4.73976 9.00237 0.174111 0.984701 0.00676587
4.13288 4.47575 9.67736 0.171928 0.985099 0.00446568
5.28181 4.27663 10.1787 0.16886 0.985637 0.00249681
6.32623 4.09838 10.685 0.166352 0.986066 0.000841655
7.40986 3.91548 11.1795 0.16214 0.986763 -0.0026644
8.57037 3.72542 11.5575 0.162832 0.986646 -0.00382746
9.79082 3.53084 12.068 0.156389 0.987693 -0.00239912
10.9497 3.35169 12.5583 0.151127 0.988507 -0.00376194
12.2312 3.16382 13.2426 0.144481 0.989501 -0.00360811
13.5009 2.98334 14.0056 0.141256 0.989962 -0.00472617
14.6426 2.82382 14.6306 0.140172 0.990122 -0.00325794
15.7642 2.66867 15.1773 0.139094 0.990263 -0.00557756
17.0665 2.48848 15.8474 0.139882 0.990147 -0.0064494
18.392 2.30899 16.5202 0.142302 0.989806 -0.00591825
19.4927 2.15433 17.0963 0.142272 0.989814 -0.0050503
20.5247 2.01001 17.6702 0.140394 0.990074 -0.00650308
22.2065 1.77612 18.5857 0.141241 0.989952 -0.00679426
23.2244 1.63395 19.2408 0.144077 0.98954 -0.00725007
24.2527 1.49002 19.9346 0.142193 0.989821 -0.00580344
25.5047 1.31381 20.6082 0.141374 0.989943 -0.00517312
26.6919 1.14775 21.246 0.141222 0.989964 -0.00525134
27.7623 0.9989 21.9174 0.140934 0.990004 -0.00539008
28.7509 0.863507 22.6298 0.141033 0.989982 -0.00672272
30.2723 0.655432 23.7328 0.139528 0.990199 -0.00608103
30.9508 0.56763 24.9731 0.139328 0.99023 -0.0056883
31.0352 0.562602 26.3509 0.13616 0.99068 -0.00375786
31.0168 0.568997 27.8784 0.136216 0.990679 -0.00109692
31.1139 0.556282 29.0393 0.134412 0.990925 0.000961751
31.1216 0.55388 30.6106 0.132685 0.991158 0.000904018
31.0314 0.562293 32.0358 0.132097 0.991229 0.00385413
31.0436 0.555372 33.417 0.130915 0.991383 0.00442548
30.3625 0.638814 34.5044 0.130161 0.991463 0.0077276
28.9767 0.822201 34.4774 0.131753 0.991254 0.00746132
27.7104 0.990537 34.4257 0.132147 0.991196 0.00822582
26.4706 1.15855 34.2148 0.133296 0.99104 0.00841772
25.1743 1.33682 33.8549 0.134093 0.990932 0.0085823
23.8625 1.5188 33.3339 0.134501 0.990888 0.0071412
22.689 1.68164 32.8773 0.134959 0.990825 0.00726971
21.6204 1.83082 32.3572 0.135505 0.990754 0.00673385
20.2851 2.0174 31.7978 0.135755 0.990719 0.00687389
18.8068 2.22466 31.1565 0.1358 0.990711 0.0070492
17.5625 2.39976 30.5106 0.135148 0.990799 0.00723159
16.534 2.54442 29.9093 0.135586 0.990741 0.00699054
15.4019 2.70383 29.228 0.134815 0.990844 0.0072861
14.1303 2.88238 28.4677 0.135279 0.99078 0.00739869
12.9409 3.05158 27.581 0.136054 0.990682 0.00622486
11.9362 3.19566 26.8043 0.137039 0.990539 0.00730555
10.8509 3.35298 26.067 0.140665 0.990033 0.0069766
9.86691 3.50119 25.116 0.143037 0.989683 0.00818026
8.47944 3.71353 24.1427 0.145458 0.989328 0.00853345
7.06791 3.93549 23.1692 0.146651 0.989119 0.0113854
5.90271 4.11946 22.1478 0.14915 0.988783 0.00788925
4.89923 4.27143 21.3303 0.145679 0.989318 0.0052336
3.91745 4.42348 20.4621 0.14292 0.989677 0.00968211
2.5684 4.62289 19.4192 0.138656 0.990239 0.0137279
1.57043 4.77634 18.6609 0.138613 0.9902 0.0170529
0.633329 4.91937 17.9278 0.138124 0.990278 0.0164722
-0.309633 5.06765 17.2077 0.143339 0.989474 0.0198513
-1.54583 5.25922 16.5748 0.143973 0.989354 0.0211594
-3.11307 5.52532 16.1575 0.167083 0.985304 0.03486
-4.6119 5.79795 15.9527 0.182112 0.982413 0.040323
-5.85806 6.02971 16.1725 0.189626 0.980932 0.0425918
-7.22935 6.27554 16.7199 0.194062 0.980086 0.0421014
-8.61437 6.51485 17.5717 0.195293 0.979901 0.0406754
-9.56332 6.66284 18.5944 0.197967 0.979471 0.0378577
-10.5666 6.82268 19.67 0.194856 0.980161 0.0362849
-11.6094 6.98306 21.0575 0.194396 0.980432 0.031033
-12.456 7.11537 22.1474 0.192433 0.9809 0.0283611
-13.3122 7.25082 23.2554 0.191559 0.981087 0.0277947
-14.0977 7.37617 24.3204 0.191056 0.981248 0.0254696
-15.4269 7.62134 24.7659 0.191443 0.981223 0.0232753
-16.1723 7.80066 23.7921 0.199591 0.979461 0.0286215
-16.8911 7.97206 22.8623 0.197317 0.979919 0.0287064
-17.7603 8.18029 21.9401 0.209644 0.977133 0.0355104
-18.6527 8.40769 20.8645 0.21252 0.97646 0.0366167
-19.5843 8.65946 19.9155 0.2282 0.972387 0.0488497
-20.6519 9.00147 18.4528 0.245998 0.967815 0.0528114
-21.3071 9.22909 17.1889 0.254256 0.965741 0.0508607
-21.668 9.39809 15.743 0.25519 0.965981 0.0410254
-22.0095 9.54387 14.5664 0.263748 0.96345 0.0469152
-22.238 9.67392 13.0985 0.287522 0.957087 0.0324035
-22.1902 9.7073 11.3897 0.287561 0.957512 0.0168313
-22.2671 9.75908 10.1502 0.294557 0.955632 -0.00208948
-22.4507 9.81572 8.80858 0.301556 0.953424 -0.00269367
-22.6646 9.87053 7.44613 0.287952 0.957527 -0.00267013
-23.0182 9.97762 5.70732 0.287277 0.957847 0.000663682
-23.1913 10.0379 4.11038 0.290895 0.9567 -0.00419691
-23.5296 10.1179 2.50669 0.292374 0.956153 -0.0165654
-23.6677 10.1418 0.7298 0.302989 0.952939 -0.010263
-23.7569 10.151 -0.529431 0.319168 0.947364 -0.0188926
-23.9638 10.1859 -1.71969 0.289439 0.95707 -0.0152545
-24.3055 10.2899 -3.46791 0.312329 0.949974 -0.000565636
-24.6267 10.3565 -5.10684 0.311446 0.950062 -0.0125688
-24.7984 10.391 -6.54641 0.299253 0.953681 -0.0306601
-24.9626 10.3979 -8.06559 0.292146 0.95605 -0.0248667
-25.2477 10.4451 -9.83418 0.277238 0.96066 -0.0164474
-25.4164 10.4586 -11.2771 0.270762 0.962104 -0.0323173
-25.6992 10.4958 -12.5402 0.271552 0.961831 -0.0337408
-25.938 10.5144 -13.9084 0.282118 0.958707 -0.0359101
-26.1026 10.5112 -15.2522 0.281956 0.958713 -0.0370263
-26.2668 10.5071 -16.6028 0.278603 0.959345 -0.0451429
-26.2825 10.4592 -17.7515 0.276647 0.95997 -0.043845
-26.1615 10.38 -19.1726 0.258125 0.965753 -0.0263056
-24.9278 10.0125 -20.4653 0.264655 0.9641 -0.0213055
-23.897 9.71366 -21.2013 0.258212 0.965841 -0.0211868
-23.0528 9.46711 -22.1913 0.262874 0.964707 -0.0154127
-24.0473 9.72921 -22.748 0.271129 0.962372 -0.0159701
-23.1985 9.47888 -23.65 0.265598 0.963855 -0.0210166
-22.2454 9.19664 -24.5634 0.260758 0.965275 -0.0126699
-21.1622 8.9109 -25.5217 0.23988 0.970783 -0.00577105
-19.7993 8.5793 -25.9189 0.233681 0.972152 -0.0177054
-18.7532 8.34081 -25.3886 0.224505 0.97437 -0.0141639
-17.7753 8.14415 -24.2657 0.218678 0.975595 -0.0198542
-16.982 7.99188 -23.047 0.220384 0.975182 -0.0212293
-16.2134 7.84255 -22.1213 0.21305 0.976778 -0.0224553
-15.4078 7.6911 -21.0889 0.211546 0.977156 -0.0203437
-14.2498 7.46667 -19.9311 0.209559 0.977551 -0.0218666
-13.181 7.24813 -19.3443 0.20433 0.97873 -0.0161394
-11.6895 6.96434 -18.8373 0.185502 0.982484 -0.0177174
-10.3541 6.71241 -18.8303 0.185343 0.98251 -0.0179362
-9.29862 6.50665 -19.3024 0.182181 0.983132 -0.0161789
-8.15057 6.28237 -20.11 0.180531 0.983455 -0.0150227
-7.06904 6.06833 -21.0613 0.179165 0.98368 -0.0165443
-5.76284 5.80883 -22.1418 0.18148 0.983221 -0.0184968
-4.66484 5.58584 -23.0605 0.184501 0.982628 -0.0200397
-3.60335 5.37012 -23.6749 0.185879 0.982289 -0.0235768
-2.49866 5.13471 -24.6443 0.18693 0.982031 -0.0259401
-0.933465 4.80446 -25.6812 0.188628 0.981533 -0.0318057
0.735693 4.46491 -26.3097 0.186518 0.981975 -0.0305605
2.03035 4.2076 -26.7313 0.186516 0.982017 -0.0292033
3.22589 3.97755 -27.1556 0.179636 0.983509 -0.0209974
4.60551 3.71255 -27.8271 0.177832 0.983844 -0.0206385
6.2501 3.40804 -28.3816 0.171852 0.984925 -0.0197237
7.70641 3.15083 -28.6401 0.170569 0.985219 -0.015824
9.04716 2.91339 -28.9241 0.171978 0.984954 -0.0169769
10.5813 2.64067 -29.1873 0.171902 0.984961 -0.01739
11.8137 2.41837 -29.453 0.175366 0.984295 -0.0202717
13.2584 2.15666 -29.6766 0.177067 0.98396 -0.0215683
14.5231 1.9256 -29.7206 0.178652 0.983637 -0.0232749
15.9976 1.65013 -29.855 0.184226 0.982596 -0.0237746
17.3082 1.39501 -30.1698 0.187196 0.982021 -0.0243219
18.711 1.11744 -30.5357 0.190579 0.981381 -0.0239101
20.3983 0.780428 -30.7938 0.194435 0.9806 -0.0248843
21.628 0.546717 -30.3732 0.198138 0.979799 -0.0271015
21.9979 0.526102 -28.4845 0.199312 0.979496 -0.0293644
22.0496 0.561185 -27.0061 0.195317 0.980202 -0.0323622
22.4692 0.536698 -25.3777 0.189908 0.981131 -0.0360992
22.9129 0.504236 -23.8788 0.185039 0.982115 -0.0347441
23.1897 0.501517 -22.5043 0.18331 0.982453 -0.0344078
23.3611 0.510419 -21.3267 0.182433 0.982651 -0.033405
22.7305 0.66365 -20.2333 0.181713 0.982827 -0.0321179
21.6289 0.884869 -19.6977 0.18132 0.982922 -0.0314302
19.9601 1.21317 -18.9645 0.178802 0.983456 -0.029041
18.8999 1.41846 -18.5361 0.177725 0.983684 -0.0278839
17.796 1.62831 -18.1116 0.176011 0.984024 -0.0267655
16.002 1.96488 -17.4013 0.171671 0.9848 -0.0262741
14.8041 2.1838 -16.9032 0.169485 0.985225 -0.0246072
13.5453 2.41167 -16.4265 0.169153 0.985275 -0.0249137
12.2308 2.64849 -15.7799 0.166023 0.98585 -0.0231718
10.5507 2.94316 -15.191 0.165253 0.986 -0.0222477
9.39722 3.14901 -14.716 0.16824 0.985496 -0.0221806
8.16961 3.37115 -14.2688 0.172976 0.984585 -0.0258746
6.96132 3.59787 -13.6762 0.178527 0.983584 -0.025608
5.6876 3.85352 -13.0696 0.184542 0.98246 -0.02679
4.52354 4.08915 -12.6281 0.192843 0.980814 -0.0284284
3.12714 4.38205 -12.082 0.196461 0.980112 -0.027915
1.79728 4.6674 -11.5177 0.19885 0.979638 -0.0277131
0.387005 4.97151 -10.9703 0.200894 0.979202 -0.0283549
-0.883474 5.24403 -10.4448 0.197024 0.97993 -0.0303267
-1.92635 5.47217 -9.84828 0.194737 0.980352 -0.0313088
-3.20363 5.77029 -8.22607 0.197488 0.980006 -0.0242389
-3.9349 5.94922 -7.06322 0.199965 0.97956 -0.0214018
-4.42909 6.06557 -5.73523 0.193667 0.981 -0.0114884
-4.68831 6.13135 -4.35453 0.190874 0.981584 -0.00775267
-4.70758 6.14374 -3.01053 0.191562 0.981468 -0.00500794
-4.51735 6.1017 -1.80727 0.184149 0.982843 0.0103618
-4.019 5.98885 -0.290113 0.186519 0.982364 0.0131019
-3.58238 5.89242 0.98479 0.177095 0.984078 0.0135431
-3.07569 5.78201 2.35192 0.169163 0.985544 0.00923621
-2.28243 5.63366 3.82333 0.168888 0.985613 0.00600165
-1.5707 5.5076 5.1664 0.16854 0.985691 0.00287333
-0.356333 5.29152 6.23588 0.175246 0.984511 0.0051531
0.82014 5.0784 6.86192 0.175851 0.984402 0.00547849
1.81689 4.89736 7.45317 0.174915 0.984567 0.00571497
2.9169 4.69812 7.98098 0.174111 0.984701 0.00676544
4.57379 4.40326 8.71967 0.175436 0.984476 0.00281737
5.89112 4.17093 9.26738 0.174761 0.984605 -0.00330064
7.00396 3.97944 9.76747 0.170384 0.985369 -0.00406796
8.32352 3.75924 10.2911 0.161501 0.986843 -0.00766317
9.70065 3.54062 10.8832 0.158647 0.987318 -0.00582331
10.9207 3.35035 11.3916 0.151065 0.988504 -0.0063248
12.1568 3.16764 12.0114 0.149655 0.988723 -0.0049249
13.2341 3.0147 12.6582 0.143301 0.989659 -0.00631145
14.6253 2.81956 13.4166 0.140997 0.989995 -0.00541377
15.7977 2.6566 14.0126 0.140763 0.990022 -0.00645954
16.911 2.50229 14.5693 0.140222 0.9901 -0.00630255
18.1134 2.33831 15.2196 0.138794 0.990274 -0.00932305
19.3746 2.16354 15.8188 0.141864 0.989857 -0.00743318
20.4166 2.01672 16.3744 0.143199 0.989669 -0.00698435
21.5762 1.85477 17.0022 0.141966 0.989838 -0.0082036
22.8426 1.67758 17.6945 0.143822 0.989567 -0.00850743
24.1603 1.49306 18.4969 0.142728 0.989737 -0.00697045
25.3325 1.33003 19.3068 0.142009 0.989839 -0.00726686
26.8278 1.12157 20.1329 0.142317 0.989799 -0.00663848
28.2796 0.918521 20.9071 0.141709 0.989878 -0.00775097
29.3234 0.774246 21.6397 0.142641 0.989733 -0.00908835
30.5495 0.606795 22.529 0.140554 0.990037 -0.00841718
31.4345 0.488125 23.3375 0.140434 0.990051 -0.00878512
31.9283 0.431215 24.8775 0.136687 0.990586 -0.00744299
32.0078 0.428884 26.3742 0.136444 0.99064 -0.00399894
32.0048 0.432941 27.6851 0.13479 0.990872 -0.001612
32.0943 0.423701 28.9918 0.133527 0.991044 -0.00103031
32.0964 0.423253 30.3476 0.133626 0.991032 0.000109233
32.0352 0.429249 31.8973 0.132877 0.99113 0.00225334
31.9877 0.430045 33.3872 0.131726 0.991278 0.00396144
31.9466 0.431825 34.7304 0.125897 0.992028 0.00476556
31.1085 0.533209 35.6904 0.127879 0.991764 0.00701734
29.8989 0.69042 35.6762 0.130384 0.991429 0.00831993
28.1201 0.926406 35.6213 0.131693 0.991249 0.00904772
26.9337 1.08563 35.4726 0.133563 0.991001 0.00879708
25.0585 1.342 35.0484 0.134165 0.990916 0.00924063
23.5364 1.55435 34.4317 0.134923 0.990819 0.00856598
22.1916 1.74202 33.8243 0.134101 0.990935 0.00807649
21.0262 1.90471 33.272 0.135017 0.990807 0.00843919
19.8027 2.07574 32.7832 0.135086 0.990797 0.00854585
18.506 2.25794 32.1876 0.135285 0.990767 0.00888131
17.4098 2.41199 31.6178 0.134078 0.990936 0.00832794
16.3 2.56762 30.9955 0.13447 0.990882 0.00836333
15.0834 2.73892 30.2678 0.134763 0.990843 0.00825813
13.7904 2.92144 29.4996 0.135926 0.990692 0.00727311
12.7129 3.07453 28.7961 0.136055 0.990674 0.00742064
11.6915 3.21956 28.1529 0.136546 0.99061 0.00676539
10.6659 3.36761 27.4333 0.138016 0.990404 0.00714794
9.69133 3.51258 26.775 0.142942 0.989679 0.0100452
8.71728 3.66356 25.7698 0.145404 0.989326 0.00956186
7.80586 3.80381 25.0552 0.144186 0.989496 0.0104124
6.46159 4.01175 24.1213 0.144518 0.98942 0.0127893
5.34703 4.19266 23.0877 0.142118 0.989702 0.0162901
4.05803 4.38518 22.0523 0.136409 0.990572 0.012624
3.0119 4.54215 21.1614 0.137874 0.990363 0.0131369
1.60817 4.74932 20.1618 0.138228 0.990349 0.010127
0.371125 4.9342 19.129 0.130731 0.99113 0.0238971
-1.03501 5.15304 18.0592 0.138801 0.99001 0.0247751
-2.25861 5.34673 17.4726 0.159203 0.986919 0.0253854
-3.38175 5.53656 17.1363 0.16002 0.986677 0.0291054
-4.6535 5.76597 16.9603 0.175207 0.9838 0.0378459
-5.77014 5.96725 17.2073 0.18981 0.980844 0.043787
-7.25912 6.22491 17.9539 0.194703 0.979791 0.0458409
-8.29507 6.40055 18.7029 0.197844 0.97932 0.0422998
-9.31496 6.5609 19.8572 0.200954 0.978804 0.0394899
-10.1066 6.69121 20.8095 0.202028 0.978889 0.030418
-11.0401 6.83858 22.0076 0.196958 0.979962 0.0295282
-12.1183 7.01439 23.3915 0.191028 0.981211 0.0270671
-12.9045 7.13989 24.4083 0.191286 0.98117 0.0267345
-13.9163 7.29832 25.962 0.190575 0.981347 0.0252691
-15.0172 7.50493 26.3729 0.194598 0.980514 0.0268866
-16.132 7.74419 25.5991 0.199107 0.979701 0.0233017
-17.0522 7.96201 24.4064 0.198354 0.979736 0.0277558
-18.0844 8.20526 23.1556 0.205364 0.978166 0.0311872
-19.2075 8.49172 21.909 0.209311 0.977172 0.0363885
-20.1309 8.74204 20.8438 0.22785 0.972531 0.0476267
-21.2163 9.07776 19.5893 0.248382 0.966976 0.0571312
-22.1195 9.40785 17.9706 0.263943 0.96302 0.0540946
-22.5196 9.59172 16.5109 0.26132 0.964313 0.0425712
-23.0645 9.85577 14.8442 0.294208 0.954372 0.0511413
-23.2562 9.97175 13.6866 0.29705 0.95398 0.04102
-23.3371 10.0492 12.3963 0.311517 0.949581 0.0353984
-23.2964 10.0751 10.617 0.310643 0.950263 0.0220026
-23.4738 10.1397 8.94444 0.301556 0.953424 -0.00269336
-23.7246 10.2224 7.31311 0.317803 0.94815 0.00351087
-23.9708 10.298 6.05808 0.327686 0.944786 0.00141773
-24.1915 10.3671 4.84834 0.328794 0.944345 -0.0103636
-24.3662 10.4156 3.60631 0.342334 0.939272 -0.0239791
-24.5495 10.4553 2.40608 0.31676 0.948356 -0.0168645
-24.6927 10.4714 0.724855 0.326383 0.945068 -0.0145065
-24.7828 10.4939 -0.430123 0.316748 0.948507 -0.00249017
-25.0646 10.5538 -2.17818 0.333608 0.942551 -0.0173984
-25.2869 10.6205 -3.41676 0.324826 0.945689 -0.0113386
-25.5712 10.6827 -4.84886 0.324172 0.945609 -0.0271146
-25.8235 10.7301 -6.3746 0.318593 0.947722 -0.017933
-26.0067 10.7509 -7.91076 0.316669 0.948065 -0.0298851
-26.2611 10.7765 -9.20513 0.303973 0.951811 -0.040686
-26.3484 10.7549 -10.5639 0.290397 0.956073 -0.0398182
-26.6968 10.7978 -12.3267 0.283996 0.958311 -0.0314013
-26.9535 10.8181 -13.7962 0.288017 0.956984 -0.0346671
-27.1064 10.8151 -15.0583 0.295321 0.954541 -0.0404588
-27.2132 10.8005 -16.2105 0.277767 0.959546 -0.0459893
-27.406 10.786 -17.628 0.283505 0.957257 -0.0556906
-27.3511 10.7176 -18.7944 0.272009 0.961536 -0.0382147
-27.1509 10.6271 -19.972 0.261619 0.964946 -0.0207912
-26.2676 10.3743 -20.9595 0.262548 0.964768 -0.0163185
-25.129 10.0523 -21.6721 0.266782 0.963757 -0.000744636
-24.2442 9.79086 -22.4957 0.279385 0.960037 -0.0165274
-25.061 10.0154 -23.2676 0.279941 0.959977 -0.00870868
-23.8209 9.63845 -24.4766 0.281108 0.959601 -0.0120219
-22.6529 9.29313 -25.7517 0.251427 0.967712 -0.017844
-21.281 8.92386 -26.7651 0.246683 0.969007 -0.0131377
-20.1638 8.64548 -27.0436 0.232628 0.972382 -0.0188987
-18.6414 8.29383 -26.8394 0.22439 0.974398 -0.0140254
-17.5541 8.06306 -25.8476 0.218613 0.975625 -0.0191002
-16.9009 7.9353 -24.897 0.218645 0.97561 -0.0194771
-16.1652 7.79223 -23.8646 0.212396 0.976912 -0.0225089
-15.2976 7.63196 -22.7434 0.210365 0.977385 -0.021548
-14.545 7.49407 -21.6764 0.203687 0.97888 -0.0174655
-13.6847 7.33119 -20.6913 0.204919 0.978646 -0.016115
-12.6393 7.12886 -20.1536 0.196889 0.980319 -0.0144618
-11.3082 6.8739 -19.8547 0.185645 0.982455 -0.0178376
-9.91898 6.60628 -20.2337 0.182262 0.983111 -0.0164976
-8.82594 6.39129 -20.9673 0.181908 0.983175 -0.0166417
-7.85465 6.2004 -21.7711 0.18024 0.983551 -0.0118468
-6.99476 6.03141 -22.5377 0.185508 0.98252 -0.0155409
-6.06959 5.84601 -23.2951 0.183523 0.982888 -0.0158453
-5.07192 5.64091 -24.1237 0.186489 0.982234 -0.0208335
-4.02241 5.42566 -24.6651 0.188866 0.981691 -0.0247488
-3.1705 5.24259 -25.4376 0.188642 0.981737 -0.0246403
-2.11228 5.01656 -26.1604 0.190264 0.981264 -0.0303311
-1.14151 4.8091 -26.7751 0.189231 0.98143 -0.0313527
0.455372 4.48591 -27.3459 0.186519 0.981975 -0.030561
1.69863 4.24029 -27.7726 0.184099 0.982535 -0.0270528
2.96119 3.99987 -28.3174 0.172953 0.984596 -0.0256654
4.25523 3.75367 -28.885 0.177084 0.98402 -0.0184319
5.45865 3.53196 -29.2546 0.176336 0.984196 -0.0162253
6.6746 3.31301 -29.5829 0.170057 0.985343 -0.013448
8.08878 3.06392 -29.8768 0.171589 0.985022 -0.0169754
9.62675 2.79114 -30.1243 0.172573 0.984847 -0.0171456
11.359 2.47761 -30.5199 0.175581 0.984259 -0.0201586
12.6114 2.24949 -30.7529 0.177067 0.98396 -0.0215687
14.1453 1.97008 -30.7825 0.178665 0.983684 -0.0210787
15.3374 1.75056 -30.8426 0.182235 0.982979 -0.0233137
16.6551 1.49709 -31.1137 0.186969 0.982091 -0.0232495
17.9249 1.24572 -31.5256 0.188763 0.981739 -0.0235357
19.0447 1.02379 -31.7558 0.189811 0.98163 -0.0193281
20.7106 0.685865 -32.1627 0.196747 0.980171 -0.0233958
22.0746 0.415264 -31.897 0.19837 0.979802 -0.0252431
22.63 0.336862 -30.7507 0.195742 0.980186 -0.0301684
22.8774 0.325064 -29.4054 0.194394 0.980652 -0.023086
22.9835 0.348132 -27.7317 0.198685 0.979554 -0.0315303
23.3174 0.334313 -26.2814 0.192842 0.980427 -0.0396976
23.6886 0.339803 -24.4543 0.182146 0.982459 -0.0396594
24.0462 0.324717 -22.9921 0.182959 0.982525 -0.0342203
24.3149 0.330764 -21.4268 0.180965 0.982874 -0.0347475
24.3836 0.365016 -20.0349 0.181878 0.982757 -0.0332887
23.52 0.551325 -19.2337 0.180848 0.982962 -0.0328442
22.3542 0.785296 -18.6386 0.180354 0.983066 -0.0324746
20.8521 1.07719 -18.0864 0.178346 0.98344 -0.0322267
19.764 1.2869 -17.7016 0.176008 0.983935 -0.0298703
18.2844 1.56975 -17.1031 0.176065 0.983928 -0.0297812
16.813 1.84464 -16.5761 0.173815 0.984391 -0.027625
15.6273 2.06227 -16.1158 0.169444 0.985188 -0.0263411
14.5176 2.26366 -15.693 0.169178 0.985257 -0.0254617
13.3546 2.4734 -15.1666 0.166369 0.985797 -0.0229419
12.2795 2.66578 -14.6616 0.16484 0.986074 -0.0220471
10.9533 2.89798 -14.2054 0.165416 0.985969 -0.022415
9.80493 3.09932 -13.8316 0.16824 0.985496 -0.0221806
8.75585 3.29079 -13.3403 0.169297 0.98531 -0.0224436
7.56081 3.51543 -12.753 0.173817 0.984491 -0.0237376
6.12767 3.79754 -12.0719 0.186077 0.982217 -0.0249073
4.95518 4.0323 -11.6632 0.187281 0.981951 -0.0264209
3.38701 4.36069 -11.0123 0.193395 0.980803 -0.0246893
2.27837 4.59789 -10.5021 0.199093 0.979689 -0.0239041
1.15033 4.83841 -10.0927 0.201803 0.979132 -0.0240036
0.00894903 5.0823 -9.7365 0.20114 0.979278 -0.0236044
-1.27297 5.36178 -8.98694 0.19846 0.979806 -0.0243495
-2.14026 5.56286 -7.93997 0.19808 0.979891 -0.0240593
-3.05551 5.77829 -6.54988 0.200479 0.979546 -0.0172595
-3.49397 5.89171 -4.80324 0.193755 0.980985 -0.0112736
-3.71128 5.94745 -3.27126 0.193193 0.981151 -0.00440967
-3.49667 5.90816 -1.90899 0.194248 0.980952 -2.19467e-06
-3.00813 5.80399 -0.68349 0.182994 0.983044 0.0117509
-2.56049 5.70732 0.53867 0.181611 0.983328 0.00917142
-1.98755 5.59112 2.00815 0.178015 0.984008 0.00615836
-1.46556 5.49209 3.14159 0.175809 0.984417 0.00245917
-0.964546 5.40275 4.25256 0.173452 0.984842 0.000505733
-0.0708565 5.24428 5.10495 0.175091 0.984551 0.00176593
1.3462 4.98755 5.93477 0.179643 0.983726 0.00340414
2.6266 4.75474 6.70166 0.176078 0.984376 0.000591673
3.6714 4.56566 7.16317 0.178186 0.983995 -0.0017937
5.02289 4.32108 7.61974 0.178407 0.983956 -0.000674686
6.52742 4.05496 8.36343 0.174852 0.98459 -0.00286385
8.13797 3.78032 9.05628 0.170364 0.985361 -0.00636462
9.29746 3.59489 9.46811 0.160188 0.987062 -0.00700516
10.5062 3.40659 10.1064 0.158301 0.987366 -0.00696543
11.6133 3.23987 10.6204 0.148519 0.98888 -0.00717808
12.9075 3.05362 11.2549 0.146089 0.989249 -0.00619694
14.1202 2.88248 12.0008 0.142474 0.989775 -0.00683554
15.1656 2.73651 12.568 0.141857 0.989853 -0.00812665
16.2685 2.58326 13.0326 0.140763 0.990022 -0.00645981
17.5611 2.40368 13.7077 0.140835 0.989999 -0.00824879
18.6663 2.25021 14.3537 0.143743 0.989555 -0.0109144
20.0496 2.05569 14.9272 0.143353 0.989608 -0.0112519
21.4546 1.8619 15.7194 0.143097 0.989663 -0.00925264
22.6614 1.69192 16.3135 0.143773 0.989573 -0.00861787
23.7744 1.53623 17.0074 0.143992 0.989543 -0.00845847
24.9243 1.37494 17.6622 0.144216 0.989499 -0.00967709
25.9146 1.23874 18.4326 0.143373 0.98962 -0.00981959
26.8892 1.10354 19.0672 0.14482 0.989413 -0.00944925
28.0099 0.9454 19.4935 0.143566 0.989583 -0.0106629
29.2147 0.776588 20.1344 0.144999 0.989353 -0.0124463
30.3908 0.614135 20.9566 0.142654 0.989731 -0.00908836
31.6528 0.441843 21.8514 0.140573 0.990011 -0.0107519
32.5544 0.323723 22.6692 0.138937 0.990232 -0.0116864
32.8972 0.291861 24.2411 0.137687 0.990429 -0.00958434
32.92 0.30246 25.794 0.133661 0.990998 -0.00679644
32.9099 0.30873 27.1713 0.135221 0.99081 -0.00326718
33.1721 0.27831 28.829 0.133527 0.991044 -0.0010297
33.0435 0.293909 30.092 0.138368 0.990381 -0.000321032
32.9981 0.301818 31.4724 0.129908 0.991523 0.00207228
33.0902 0.28606 33.0261 0.128959 0.991645 0.00182983
32.9322 0.306194 34.2611 0.127503 0.991836 0.00138832
33.0784 0.283498 35.7069 0.125897 0.992028 0.00476557
32.8294 0.306489 36.8307 0.123387 0.992322 0.00848237
31.6761 0.449487 37.0151 0.125805 0.991994 0.0108883
30.4504 0.607955 36.8429 0.126407 0.991893 0.0130036
28.9318 0.807772 36.7673 0.130107 0.99143 0.0117751
27.7132 0.969426 36.7772 0.131362 0.991288 0.00960012
26.1682 1.17855 36.5216 0.133507 0.991001 0.00968089
24.6995 1.38169 36.0519 0.134486 0.990865 0.00995482
23.4688 1.55309 35.604 0.134148 0.99091 0.0100014
21.882 1.77461 34.8712 0.134235 0.990909 0.00897549
20.7363 1.93534 34.3048 0.134919 0.990815 0.00913409
19.0554 2.17006 33.6611 0.134946 0.990814 0.0088237
17.5334 2.38381 32.8957 0.134033 0.99093 0.00960069
16.1547 2.5772 32.1599 0.133806 0.990966 0.00911522
15.1657 2.71667 31.5274 0.134747 0.99083 0.00991047
13.9717 2.88459 30.9084 0.13502 0.990806 0.00857257
12.8757 3.04073 30.1598 0.134295 0.990897 0.0093254
11.4254 3.24712 29.2441 0.136872 0.990552 0.0084228
10.382 3.39932 28.5234 0.138215 0.99037 0.00794505
9.40679 3.54387 27.8007 0.141923 0.989835 0.00917287
8.33696 3.70953 26.7724 0.142117 0.989773 0.0123468
6.91986 3.92566 25.7441 0.144186 0.989496 0.0104127
5.87685 4.08632 25.0172 0.142864 0.989661 0.0124961
4.97637 4.22443 24.2317 0.137096 0.990413 0.0169178
3.94253 4.38274 23.3499 0.137268 0.990387 0.0170556
2.66696 4.57005 22.3633 0.126229 0.991808 0.0195707
1.70799 4.70804 21.5495 0.12573 0.991874 0.0194528
0.501634 4.87739 20.7465 0.128503 0.99143 0.0233852
-0.445766 5.0237 19.8859 0.130782 0.991116 0.0241815
-1.70865 5.22596 18.9192 0.139354 0.989891 0.0263519
-3.003 5.44064 18.318 0.150619 0.988062 0.032373
-4.33535 5.66512 18.1091 0.175207 0.9838 0.0378456
-5.47402 5.86628 18.1977 0.180804 0.982621 0.041498
-6.65913 6.06707 18.7965 0.187555 0.981356 0.0419985
-7.80779 6.25292 19.759 0.210748 0.97628 0.0463091
-8.60822 6.38431 20.6529 0.200864 0.978854 0.0387195
-9.39912 6.51615 21.672 0.207539 0.977819 0.0282467
-10.5119 6.70504 23.0127 0.195736 0.980348 0.0244416
-11.3239 6.84377 23.9756 0.194136 0.980731 0.021863
-11.9505 6.94151 24.9471 0.190124 0.98146 0.0242735
-12.6393 7.04454 26.1866 0.190575 0.981346 0.0252692
-13.5774 7.19664 27.2909 0.191354 0.981172 0.0261696
-14.9427 7.44975 27.8456 0.193475 0.980751 0.0263449
-16.0065 7.67991 27.2012 0.200584 0.979387 0.0238198
-16.8304 7.87001 26.3837 0.202763 0.978969 0.0224168
-17.5942 8.04911 25.3752 0.203508 0.97886 0.0204389
-18.4165 8.24069 24.4278 0.204168 0.978718 0.020663
-19.2552 8.44414 23.4491 0.209006 0.977215 0.036986
-20.0512 8.64667 22.607 0.209454 0.977131 0.0366629
-20.9413 8.8989 21.5024 0.226723 0.972039 0.061129
-21.8305 9.18302 20.4795 0.248873 0.966837 0.057344
-22.6456 9.46224 19.3666 0.254041 0.965411 0.0586196
-23.1342 9.676 18.0528 0.264155 0.962563 0.0607897
-23.5668 9.9097 16.5495 0.274858 0.958342 0.0776817
-24.0712 10.1467 15.2058 0.312798 0.948201 0.0518432
-24.2076 10.2604 14.0276 0.324481 0.945102 0.0312163
-24.3057 10.3545 12.7296 0.309354 0.949967 0.0425167
-24.3246 10.4042 11.0456 0.313926 0.949136 0.0243151
-24.408 10.4449 9.63795 0.328065 0.944602 0.00999163
-24.6803 10.546 8.0006 0.334247 0.942468 -0.00573649
-24.9169 10.6309 6.57849 0.351344 0.936245 0.00182799
-25.0881 10.6969 5.43693 0.35191 0.936009 -0.00428456
-25.2799 10.7567 4.16502 0.34608 0.938151 -0.00598772
-25.5017 10.8019 2.59049 0.361056 0.932163 -0.0266509
-25.6733 10.8292 1.21889 0.36456 0.930724 -0.0291453
-25.7606 10.8386 -0.111951 0.343403 0.939051 -0.0132052
-25.9466 10.8806 -1.70352 0.350101 0.936474 -0.0211138
-26.1821 10.9381 -2.9499 0.353826 0.934712 -0.033472
-26.4559 11.0035 -4.23887 0.322409 0.946347 -0.0209259
-26.7697 11.0754 -5.49665 0.324567 0.945483 -0.0267961
-26.814 11.0578 -6.65217 0.32158 0.946603 -0.0223646
-27.043 11.0881 -7.79717 0.319672 0.946459 -0.041906
-27.206 11.085 -9.16279 0.335277 0.941179 -0.0420832
-27.4406 11.0781 -10.7741 0.291549 0.955599 -0.042772
-27.6884 11.0907 -12.3816 0.287324 0.957133 -0.0366309
-27.9117 11.118 -13.5919 0.292273 0.955792 -0.0322137
-28.2001 11.1423 -15.3235 0.297097 0.954076 -0.0382674
-28.3774 11.1448 -16.572 0.303412 0.951847 -0.0434465
-28.3579 11.0717 -17.7914 0.305452 0.950112 -0.0631409
-28.4605 11.0157 -19.0611 0.268027 0.962432 -0.0434364
-28.5225 11.0013 -20.3915 0.267767 0.96348 0.00270541
-27.853 10.8205 -21.3053 0.27533 0.961199 0.017007
-26.8171 10.5285 -21.8027 0.284198 0.958764 0.00174091
-25.6936 10.2077 -22.783 0.273083 0.961897 -0.00863652
-24.8215 9.99999 -19.8142 0.262484 0.964698 -0.0214593
-25.1885 10.1075 -19.4227 0.264198 0.964231 -0.0214048
-25.539 10.2501 -17.7633 0.26508 0.963565 -0.0357012
-24.4335 9.91118 -18.9464 0.264197 0.964231 -0.0214063
-23.5773 9.66044 -19.8596 0.262483 0.964698 -0.0214593
-22.5465 9.36343 -20.9585 0.254988 0.966679 -0.0226379
-21.7234 9.12858 -21.8328 0.243349 0.969442 -0.0310289
-20.8542 8.88985 -22.7542 0.238888 0.970781 -0.0227235
-20.2 8.71426 -23.4465 0.22296 0.974554 -0.0230758
-19.2435 8.50206 -23.1672 0.222961 0.974554 -0.0230759
-20.008 8.69662 -22.3628 0.22312 0.974504 -0.0236608
-21.0064 8.96542 -21.3069 0.244553 0.969296 -0.0256638
-21.8983 9.21175 -20.3619 0.246362 0.968937 -0.0216142
-22.9414 9.50385 -19.2546 0.250698 0.967735 -0.0252732
-23.6953 9.7203 -18.4522 0.262277 0.964412 -0.0334784
-24.7152 10.0384 -17.3609 0.264271 0.963851 -0.0339474
-25.5745 10.3138 -16.4383 0.278173 0.959508 -0.0443201
-25.4211 10.31 -15.3171 0.27967 0.959521 -0.033219
-24.3655 9.97722 -16.45 0.266661 0.963238 -0.0326368
-23.4601 9.69219 -17.4199 0.262276 0.964412 -0.0334783
-22.4695 9.40039 -18.4732 0.251876 0.967584 -0.0184176
-21.4869 9.12524 -19.5157 0.246569 0.96891 -0.020424
-20.5762 8.87764 -20.4784 0.235604 0.971493 -0.0263152
-19.7043 8.64705 -21.3983 0.22768 0.973472 -0.0226567
-18.6102 8.37024 -22.5488 0.223849 0.97444 -0.0189223
-18.2107 8.29806 -21.685 0.220053 0.975277 -0.0202673
-19.2805 8.56753 -20.5609 0.223136 0.974481 -0.0244311
-20.3951 8.86349 -19.3849 0.234623 0.971643 -0.0293539
-21.2 9.08505 -18.5345 0.232952 0.972002 -0.0307535
-21.9676 9.29382 -17.7231 0.233817 0.971822 -0.0298457
-22.9504 9.58544 -16.6785 0.244538 0.968847 -0.0391875
-24.0401 9.91409 -15.5152 0.260007 0.965017 -0.0337563
-24.7864 10.1458 -14.7155 0.273902 0.961253 -0.0311449
-25.1288 10.2598 -14.3461 0.282037 0.95871 -0.0364685
-24.953 10.2544 -13.2493 0.270359 0.961786 -0.0432856
-23.8735 9.90774 -14.4083 0.260551 0.964935 -0.0318454
-23.065 9.65993 -15.2732 0.252579 0.967034 -0.0323961
-22.1831 9.40632 -16.2092 0.245679 0.968826 -0.031905
-21.3872 9.17474 -17.0536 0.238612 0.970365 -0.0381586
-20.3988 8.90682 -18.0965 0.232347 0.97219 -0.029361
-19.4566 8.64764 -19.0919 0.232656 0.972036 -0.0318932
-18.6209 8.43128 -19.9706 0.223137 0.974481 -0.0244311
-17.8067 8.2263 -20.826 0.21977 0.975299 -0.0221924
-17.6344 8.18335 -21.0069 0.218623 0.975553 -0.0223835
-17.054 8.06961 -20.3323 0.217475 0.975805 -0.0225733
-18.118 8.33278 -19.2165 0.215793 0.976138 -0.0242461
-18.9552 8.55271 -18.3364 0.231756 0.972259 -0.0316413
-19.9527 8.82473 -17.2841 0.231944 0.972237 -0.0309388
-21.1172 9.14105 -16.0566 0.237795 0.970821 -0.0310044
-22.0212 9.40138 -15.0975 0.245258 0.968955 -0.0312206
-23.054 9.70121 -14.0009 0.248815 0.967927 -0.0347544
-23.9786 9.99125 -13.0107 0.271353 0.96168 -0.0392253
-24.8794 10.2817 -12.044 0.271553 0.961832 -0.0337409
-24.6964 10.2667 -10.9573 0.27401 0.961418 -0.0243828
-23.5738 9.9076 -12.1628 0.263231 0.964003 -0.0375209
-22.4994 9.5833 -13.3073 0.249362 0.96785 -0.0329351
-21.4779 9.28577 -14.392 0.245484 0.968936 -0.0299992
-20.4653 9.0054 -15.4615 0.228314 0.973033 -0.0328504
-19.4874 8.74041 -16.4922 0.227804 0.973104 -0.0342774
-18.6326 8.51084 -17.3917 0.222689 0.974281 -0.0344315
-17.5849 8.23289 -18.4936 0.218114 0.975435 -0.0308792
-16.5123 7.96558 -19.6174 0.21616 0.976017 -0.0257862
-16.4472 7.94941 -19.6856 0.21374 0.976594 -0.0240791
-16.0054 7.87454 -18.8656 0.21385 0.976519 -0.0260528
-16.9905 8.12094 -17.8343 0.21894 0.97523 -0.0315071
-17.7631 8.32526 -17.0218 0.223018 0.974168 -0.0354783
-18.7169 8.58063 -16.0195 0.224063 0.973908 -0.036038
-19.5739 8.81056 -15.118 0.223892 0.973977 -0.0352345
-20.5645 9.08114 -14.0732 0.227787 0.972978 -0.0377786
-21.5304 9.34603 -13.054 0.23406 0.971514 -0.0371123
-22.6447 9.67543 -11.8693 0.257081 0.965828 -0.0329491
-23.6364 9.96495 -10.814 0.264019 0.96438 -0.0162697
-24.416 10.2032 -9.97554 0.273917 0.961574 -0.0185811
-24.5359 10.2559 -8.5667 0.275836 0.961203 -0.00169055
-23.4075 9.91976 -9.77863 0.264019 0.96438 -0.0162703
-22.5301 9.67576 -10.7109 0.257078 0.966184 -0.0199905
-21.7135 9.44257 -11.5772 0.237283 0.970911 -0.0320588
-20.9571 9.23224 -12.3772 0.236676 0.9711 -0.0308145
-19.9219 8.95012 -13.4691 0.222084 0.974366 -0.0359253
-18.6927 8.62179 -14.7619 0.221204 0.974436 -0.0392792
-17.3926 8.27298 -16.128 0.223018 0.974168 -0.0354781
-16.5543 8.04968 -17.0086 0.21894 0.97523 -0.0315059
-15.6489 7.82109 -17.9565 0.217528 0.97554 -0.0316641
-15.1884 7.70545 -18.4387 0.218139 0.975621 -0.0240498
-14.6166 7.59447 -17.7548 0.219326 0.975231 -0.028643
-15.6741 7.86696 -16.6482 0.214546 0.97625 -0.0300927
-16.8521 8.18064 -15.4126 0.218908 0.974858 -0.0415997
-17.6978 8.40548 -14.525 0.221204 0.974436 -0.0392797
-18.7949 8.6975 -13.3721 0.219525 0.974995 -0.0345596
-19.5727 8.90306 -12.5541 0.221202 0.974801 -0.0288542
-20.4581 9.13457 -11.623 0.230574 0.972561 -0.0309963
-21.3958 9.39274 -10.6313 0.240745 0.970312 -0.0231595
-22.265 9.62307 -9.7124 0.250736 0.967917 -0.0163416
-23.1565 9.8665 -8.76597 0.25403 0.967147 -0.00977039
-23.9265 10.0856 -7.94201 0.275511 0.960858 -0.0290703
-24.3492 10.2269 -7.4826 0.285601 0.957821 -0.0317837
-23.9953 10.1379 -6.5804 0.293119 0.955835 -0.0214715
-23.1291 9.87776 -7.51212 0.269086 0.962968 -0.01688
-22.3242 9.6568 -8.36925 0.247869 0.968761 -0.00793079
-21.4073 9.41577 -9.3401 0.235422 0.971833 -0.0108612
-20.4305 9.15944 -10.3717 0.231011 0.972682 -0.0228827
-19.4519 8.90981 -11.4003 0.222833 0.974394 -0.0300171
-18.4461 8.65198 -12.4566 0.216202 0.975764 -0.0337846
-17.3954 8.37573 -13.56 0.220366 0.974718 -0.0369198
-16.3979 8.11105 -14.6068 0.215786 0.975645 -0.0394133
-15.4366 7.85558 -15.6146 0.213022 0.975925 -0.0468091
-14.654 7.64794 -16.4344 0.215423 0.975874 -0.0355355
-13.7093 7.40107 -17.423 0.218624 0.975303 -0.0314384
-13.6331 7.38298 -17.5024 0.212814 0.976925 -0.0180924
-12.5255 7.16307 -17.3759 0.181984 0.982757 -0.0327059
-13.3553 7.36706 -16.5108 0.205065 0.977529 -0.0488355
-14.1221 7.56331 -15.7092 0.209568 0.976957 -0.0404614
-15.308 7.88261 -14.4656 0.213022 0.975925 -0.0468091
-16.4403 8.17594 -13.2796 0.21341 0.976106 -0.040911
-17.4099 8.42737 -12.2628 0.218283 0.975188 -0.0368912
-18.3046 8.65656 -11.3237 0.214119 0.976326 -0.0306778
-19.4357 8.94052 -10.1364 0.218467 0.975493 -0.0261709
-20.36 9.16657 -9.1661 0.222502 0.974829 -0.0142135
-21.1161 9.35928 -8.36824 0.230457 0.973014 -0.0115497
-22.0335 9.59503 -7.3969 0.243935 0.969707 -0.0128285
-23.1871 9.91018 -6.16757 0.248552 0.968602 -0.00572863
-23.8758 10.117 -5.42468 0.303973 0.952681 0.000202007
-23.9107 10.1432 -4.10088 0.318105 0.947693 -0.0262092
-23.0632 9.88609 -5.01673 0.267579 0.963455 -0.0124734
-21.9798 9.59826 -6.17136 0.250158 0.968184 0.00635178
-21.1857 9.38679 -7.01572 0.236441 0.97159 -0.0104264
-20.2706 9.16362 -7.98067 0.230456 0.973014 -0.01155
-19.1529 8.90358 -9.15236 0.215741 0.976251 -0.0197614
-18.1772 8.66773 -10.1754 0.20975 0.977323 -0.0290621
-17.0246 8.37417 -11.3854 0.2067 0.977857 -0.0327371
-15.7868 8.0581 -12.682 0.212259 0.976442 -0.0388297
-14.6849 7.77687 -13.8349 0.210185 0.9767 -0.0433467
-13.8698 7.5565 -14.6901 0.209125 0.976584 -0.0505107
-12.9006 7.30799 -15.7027 0.192521 0.979926 -0.0517819
-11.5962 7.00122 -17.0582 0.182753 0.982632 -0.0321964
-10.5642 6.8162 -16.847 0.186103 0.981976 -0.0329909
-11.6989 7.07406 -15.6711 0.181313 0.982554 -0.0414013
-13.0717 7.41598 -14.2397 0.192177 0.980157 -0.0485869
-14.3738 7.75291 -12.8777 0.203 0.978228 -0.0431312
-15.1308 7.94587 -12.0856 0.203982 0.978088 -0.0416479
-16.1503 8.20609 -11.0179 0.206501 0.977536 -0.0421929
-16.9259 8.39353 -10.2067 0.213128 0.976436 -0.0338902
-17.7405 8.596 -9.35212 0.206366 0.978175 -0.0242327
-18.7382 8.82857 -8.30717 0.209451 0.977638 -0.0188283
-19.8817 9.08409 -7.10961 0.214882 0.976615 -0.00705624
-20.8778 9.32083 -6.06079 0.228136 0.97362 -0.00434404
-21.947 9.58138 -4.92955 0.251942 0.967717 0.00692341
-22.9741 9.87061 -3.82779 0.276506 0.960997 -0.00535312
-23.5766 10.0504 -3.17754 0.30073 0.953688 -0.00638923
-23.2368 9.95949 -2.25896 0.289076 0.957228 -0.0122122
-22.4834 9.73459 -3.07178 0.276126 0.961097 -0.00692905
-21.2112 9.3994 -4.42866 0.232559 0.972567 0.0055225
-20.4448 9.22297 -5.23733 0.221576 0.975124 0.00606533
-19.595 9.02934 -6.13083 0.222503 0.974911 -0.00643718
-18.653 8.82513 -7.11685 0.206215 0.978502 -0.0031611
-17.6296 8.59501 -8.18838 0.206533 0.978301 -0.0164804
-16.8412 8.41467 -9.01337 0.206451 0.978245 -0.0203567
-15.9538 8.20173 -9.94161 0.200263 0.979233 -0.0315814
-14.7516 7.90453 -11.1992 0.203982 0.978088 -0.0416476
-13.4386 7.57492 -12.5715 0.195655 0.97937 -0.0505407
-11.9685 7.20632 -14.1055 0.192177 0.980157 -0.0485869
-11.1997 7.01586 -14.9069 0.192349 0.980043 -0.0501841
-10.1798 6.77552 -15.9661 0.191017 0.980827 -0.0386231
-9.33497 6.57643 -16.8431 0.191031 0.980823 -0.038642
-8.45144 6.37901 -17.7589 0.180211 0.983411 -0.020668
-2.85562 5.26247 -22.2651 0.185878 0.98229 -0.0235769
-3.67926 5.43635 -21.4128 0.184225 0.982646 -0.0216546
-4.91758 5.69228 -20.1321 0.180659 0.983353 -0.019487
-5.71873 5.85588 -19.3037 0.179684 0.98353 -0.0195635
-6.64246 6.0468 -18.3494 0.172863 0.984499 -0.0296735
-7.49396 6.21734 -17.4704 0.16863 0.985365 -0.024878
-8.53175 6.43756 -16.3972 0.183084 0.982205 -0.0418737
-9.64712 6.7004 -15.2393 0.190009 0.980857 -0.0426261
-10.8817 7.00253 -13.9546 0.190876 0.980326 -0.0502766
-11.6923 7.20346 -13.1096 0.190629 0.980376 -0.0502362
-13.0017 7.53033 -11.744 0.194856 0.979704 -0.0470321
-14.2287 7.83331 -10.4625 0.197286 0.97929 -0.0454899
-15.0467 8.03334 -9.60706 0.195766 0.979872 -0.0390765
-16.4322 8.34602 -8.16107 0.196248 0.980385 -0.0182145
-17.2055 8.52131 -7.35224 0.201223 0.979467 -0.0123714
-18.091 8.70752 -6.42671 0.207745 0.978183 -0.000784316
-19.0868 8.91792 -5.38522 0.204512 0.978858 0.00355138
-19.8852 9.09039 -4.54785 0.219181 0.975636 0.00971247
-20.7073 9.27468 -3.68213 0.232507 0.972576 0.00605653
-22.0906 9.63319 -2.20864 0.265487 0.964044 -0.0116797
-23.1811 9.96208 -1.03018 0.289791 0.956915 -0.0183048
-23.1912 9.96534 -1.01918 0.289791 0.956915 -0.0183041
-23.1696 9.9746 0.247211 0.296327 0.955015 -0.0117117
-22.1982 9.66862 -0.810865 0.279124 0.960212 -0.00908663
-21.072 9.355 -2.01709 0.266947 0.963694 -0.00577302
-20.2415 9.15894 -2.89521 0.229266 0.973352 0.00479754
-19.4099 8.98032 -3.76908 0.212085 0.977246 0.00310924
-18.5754 8.80787 -4.64239 0.206357 0.978426 0.010003
-17.526 8.59156 -5.73915 0.195718 0.980656 -0.00280457
-16.588 8.39833 -6.71855 0.200684 0.979641 -0.00541243
-15.4982 8.16998 -7.85479 0.190123 0.981601 -0.0177048
-14.6584 7.98974 -8.73013 0.199822 0.979402 -0.0290177
-13.8468 7.79152 -9.57893 0.200446 0.979008 -0.036948
-12.666 7.5058 -10.8119 0.191918 0.980329 -0.0460809
-11.719 7.27396 -11.7989 0.189859 0.980585 -0.0490629
-10.8717 7.06584 -12.6813 0.190381 0.980463 -0.0494642
-9.79828 6.79922 -13.8003 0.191123 0.980276 -0.050317
-8.83621 6.56499 -14.8009 0.186966 0.98127 -0.0464085
-8.00391 6.37657 -15.6631 0.178042 0.983342 -0.0366143
-6.89018 6.13818 -16.815 0.169255 0.985015 -0.0331466
-6.02792 5.95776 -17.7069 0.173826 0.984307 -0.0304144
-5.25808 5.79805 -18.5027 0.177459 0.983637 -0.0310982
-4.39774 5.61831 -19.3925 0.175279 0.984192 -0.0253601
-3.57708 5.44678 -20.2419 0.181891 0.982977 -0.0259311
-2.52449 5.22282 -21.3316 0.185233 0.982355 -0.0258538
-1.73354 5.0507 -22.1514 0.188476 0.981792 -0.0236735
-0.85726 4.86027 -23.0593 0.188791 0.981715 -0.0243721
-0.0838081 4.69186 -23.8606 0.188502 0.98177 -0.0243821
0.472663 4.56971 -24.437 0.189813 0.981481 -0.0258028
2.18142 4.23036 -24.9311 0.18609 0.982129 -0.0281754
1.33983 4.41426 -24.0598 0.186157 0.982165 -0.0264088
0.185867 4.66482 -22.8644 0.188498 0.981771 -0.024389
-1.00359 4.92412 -21.6317 0.188253 0.981809 -0.0247229
-1.85167 5.10881 -20.7526 0.188377 0.981764 -0.0255779
-2.63584 5.28046 -19.9393 0.185233 0.982354 -0.0258542
-3.45454 5.45425 -19.0915 0.181695 0.983018 -0.025732
-4.36521 5.64807 -18.1489 0.178128 0.983538 -0.0303855
-5.20093 5.82534 -17.2846 0.173779 0.984275 -0.03167
-6.24571 6.04557 -16.2036 0.170361 0.984596 -0.0393551
-7.09749 6.22818 -15.3214 0.170119 0.984642 -0.0392507
-8.21598 6.47814 -14.1634 0.184932 0.981665 -0.0461884
-9.02648 6.67334 -13.3211 0.190465 0.980324 -0.0518422
-9.80186 6.86744 -12.5133 0.189808 0.98037 -0.053368
-10.8264 7.11913 -11.4467 0.189586 0.980619 -0.0494333
-11.6898 7.32788 -10.5476 0.187917 0.981144 -0.0452062
-12.5146 7.52525 -9.68754 0.188235 0.981419 -0.0372038
-13.3432 7.71693 -8.82319 0.194344 0.980232 -0.0370764
-14.228 7.92011 -7.89906 0.199185 0.979735 -0.0210854
-15.1081 8.10768 -6.98173 0.189164 0.981931 -0.00531323
-16.0989 8.30653 -5.94981 0.192012 0.981365 -0.00742279
-17.0016 8.48306 -5.0097 0.203158 0.97907 0.0121694
-17.9093 8.66192 -4.06287 0.20538 0.978636 0.00950536
-18.9237 8.86422 -3.00221 0.218766 0.975615 0.0178095
-19.9632 9.0882 -1.90971 0.229448 0.973304 0.00576124
-21.0238 9.35348 -0.784066 0.24587 0.969248 -0.0102839
-22.0444 9.63304 0.310372 0.300028 0.953912 0.00599551
-22.6771 9.83151 0.999773 0.29792 0.954447 -0.0165843
-22.642 9.83916 2.2501 0.294981 0.955354 -0.0168853
-21.9067 9.59786 1.44693 0.300262 0.953667 -0.0190159
-21.0879 9.36036 0.564691 0.256474 0.966509 0.0090163
-20.0281 9.09627 -0.561927 0.243205 0.969933 0.00907682
-19.2658 8.92239 -1.36567 0.226096 0.974094 0.00474546
-18.2121 8.69499 -2.47264 0.210262 0.977443 0.0198704
-17.2368 8.51253 -3.48964 0.206669 0.978324 0.0130635
-16.1188 8.30351 -4.65335 0.19326 0.981103 0.00938135
-15.227 8.13872 -5.57973 0.19196 0.981402 0.00136772
-14.0885 7.91151 -6.76477 0.193064 0.981175 -0.0046759
-13.0608 7.68753 -7.83672 0.194974 0.980521 -0.0237557
-11.9338 7.43371 -9.01175 0.194839 0.980456 -0.0272605
-10.9499 7.20856 -10.0364 0.190983 0.980733 -0.0410913
-9.93059 6.9646 -11.0977 0.188212 0.980957 -0.0479604
-9.04776 6.74847 -12.0167 0.184945 0.981227 -0.0546676
-7.91974 6.4748 -13.1894 0.180077 0.982059 -0.0559656
-6.98262 6.25809 -14.1606 0.169094 0.984503 -0.046493
-5.87302 6.01463 -15.3098 0.175557 0.983812 -0.0359568
-4.68347 5.75695 -16.5426 0.176092 0.983709 -0.0361766
-3.90294 5.58901 -17.3507 0.177989 0.983574 -0.0300215
-3.09584 5.41578 -18.1862 0.186175 0.982129 -0.0275882
-2.23391 5.22661 -19.0794 0.187626 0.981854 -0.0275682
-1.14755 4.98846 -20.2062 0.188355 0.981731 -0.0269476
-0.351011 4.81376 -21.0321 0.188406 0.981769 -0.0251606
0.492052 4.62984 -21.9061 0.189453 0.981589 -0.0242857
1.30788 4.45072 -22.752 0.190407 0.981407 -0.0241827
2.10837 4.27789 -23.5809 0.188729 0.981785 -0.0218836
3.11914 4.05977 -24.627 0.189177 0.981694 -0.0221252
3.92321 3.89059 -25.4578 0.179755 0.983446 -0.0228511
4.20684 3.83177 -25.7504 0.179708 0.983439 -0.0235006
6.38736 3.41637 -26.7266 0.174383 0.984497 -0.0188682
5.59892 3.57516 -25.9137 0.1769 0.984015 -0.0205167
4.42956 3.81497 -24.707 0.179803 0.983452 -0.0222015
3.46178 4.01446 -23.708 0.184492 0.982584 -0.0221633
2.65198 4.18912 -22.8696 0.188933 0.981747 -0.0218644
1.54916 4.42804 -21.7269 0.191761 0.981202 -0.0216737
0.659081 4.62387 -20.8039 0.193731 0.980758 -0.0241403
-0.134711 4.7992 -19.9804 0.188909 0.981649 -0.0260499
-1.15084 5.02423 -18.9262 0.188355 0.981731 -0.026948
-2.1606 5.24749 -17.8792 0.186061 0.982081 -0.0299738
-3.36794 5.51552 -16.6273 0.183533 0.982426 -0.0339819
-4.3562 5.73294 -15.6025 0.178869 0.983259 -0.0347588
-5.47371 5.9789 -14.4439 0.174186 0.983664 -0.0454381
-6.30402 6.1656 -13.5827 0.17368 0.983766 -0.0451627
-7.15956 6.36211 -12.697 0.181289 0.981993 -0.0531346
-8.208 6.61546 -11.6075 0.182206 0.981832 -0.0529785
-9.29578 6.87192 -10.477 0.188044 0.9812 -0.0434202
-10.3953 7.13005 -9.33253 0.18856 0.981508 -0.0329831
-11.3257 7.33084 -8.36502 0.190483 0.981344 -0.0260667
-12.5439 7.60281 -7.09518 0.194031 0.980733 -0.0226994
-13.3368 7.76523 -6.26941 0.19444 0.9809 -0.00538473
-14.163 7.93049 -5.40955 0.191015 0.98157 0.00577311
-15.119 8.10791 -4.41671 0.188135 0.982111 0.0079404
-16.0363 8.27187 -3.46416 0.194623 0.980758 0.015375
-16.952 8.43748 -2.51166 0.195785 0.980469 0.0186958
-17.9701 8.62232 -1.45081 0.20188 0.97936 0.00990218
-18.9062 8.83014 -0.466256 0.227743 0.973662 0.0107071
-19.7791 9.03162 0.455859 0.231003 0.972951 -0.00226322
-20.8045 9.29823 1.54824 0.258344 0.965957 -0.01359
-21.6496 9.53763 2.45552 0.276965 0.960723 -0.017383
-22.4266 9.79446 3.30449 0.292376 0.95616 -0.0165645
-22.5465 9.83269 3.43553 0.290362 0.956822 -0.0135112
-22.4339 9.80453 4.59899 0.291428 0.956579 0.00511855
-21.5097 9.51786 3.59232 0.276966 0.960722 -0.0173826
-20.7415 9.29853 2.76731 0.258898 0.965798 -0.0143654
-19.7934 9.04824 1.7554 0.230109 0.973108 -0.0105067
-18.9937 8.85091 0.907358 0.229972 0.973155 -0.00908913
-17.8278 8.59094 -0.319664 0.206264 0.978496 0.00097585
-16.9086 8.40536 -1.28183 0.195785 0.980469 0.0186958
-15.5623 8.16557 -2.6822 0.194414 0.980771 0.017067
-14.7273 8.0205 -3.54874 0.187529 0.982102 0.0175846
-13.7557 7.84622 -4.55712 0.18891 0.981982 0.00502088
-12.8779 7.67979 -5.46916 0.192525 0.981271 -0.00643715
-12.0407 7.51291 -6.34008 0.185732 0.982587 -0.0051542
-11.2368 7.34194 -7.17709 0.194333 0.980683 -0.0222538
-10.3918 7.1607 -8.05599 0.187349 0.982015 -0.0233844
-9.43005 6.95381 -9.05602 0.188031 0.981706 -0.0299747
-8.51122 6.74028 -10.0121 0.186617 0.981781 -0.0357775
-7.69088 6.55295 -10.864 0.18348 0.982157 -0.0412701
-6.82839 6.35191 -11.7592 0.186471 0.981505 -0.043317
-6.05189 6.16968 -12.5639 0.174169 0.983506 -0.0488041
-5.04598 5.93816 -13.6077 0.182813 0.982322 -0.0402876
-3.88123 5.67338 -14.8171 0.180739 0.982747 -0.0392639
-3.05097 5.48913 -15.6783 0.183533 0.982426 -0.0339819
-1.68586 5.18144 -17.0949 0.185273 0.982167 -0.0319771
-0.83555 4.99049 -17.9772 0.190641 0.981206 -0.0298494
0.157969 4.7686 -19.0081 0.19038 0.981367 -0.0259711
1.07576 4.56216 -19.9608 0.194033 0.980721 -0.0231849
1.90658 4.37816 -20.8227 0.191946 0.981166 -0.0216614
2.84479 4.17298 -21.7953 0.191215 0.981337 -0.0203729
3.62819 4.00525 -22.6067 0.189355 0.98173 -0.0187094
4.49427 3.82645 -23.5013 0.185147 0.982568 -0.0167377
5.45094 3.62976 -24.4887 0.177141 0.984003 -0.0189643
6.36024 3.44783 -25.426 0.177336 0.983964 -0.0191542
7.28961 3.26527 -26.3832 0.171576 0.985017 -0.0173912
7.9039 3.14711 -27.0153 0.171576 0.984996 -0.0185743
9.11924 2.93657 -26.994 0.170621 0.985156 -0.0188891
7.92853 3.1661 -25.7685 0.170384 0.985198 -0.0188316
6.97549 3.35118 -24.7874 0.172208 0.984847 -0.0205312
6.12081 3.52013 -23.9068 0.177587 0.983941 -0.0179936
5.06761 3.73146 -22.8207 0.179973 0.983486 -0.0191137
4.0533 3.94138 -21.7727 0.185802 0.982324 -0.0227378
3.11256 4.14265 -20.7984 0.192388 0.981078 -0.0217367
2.30624 4.31916 -19.9624 0.192029 0.981138 -0.0222096
1.45056 4.51015 -19.0745 0.195623 0.980288 -0.0277025
0.651181 4.69314 -18.2442 0.193003 0.980831 -0.0268368
-0.158675 4.87624 -17.4036 0.191203 0.981085 -0.0302192
-1.37436 5.15394 -16.1411 0.191552 0.980895 -0.0339492
-2.24501 5.35111 -15.2372 0.187444 0.981654 -0.0349229
-3.26077 5.58464 -14.1821 0.184172 0.982158 -0.0380194
-4.43618 5.85116 -12.9619 0.182877 0.982223 -0.0423506
-5.27461 6.04672 -12.091 0.182571 0.982198 -0.0442056
-6.223 6.26563 -11.108 0.184197 0.981942 -0.0431379
-7.02308 6.45284 -10.2775 0.183524 0.982281 -0.0379836
-8.18328 6.7122 -9.07209 0.186616 0.981781 -0.0357772
-9.04932 6.90235 -8.17167 0.18639 0.982205 -0.0230892
-10.125 7.13163 -7.05352 0.186469 0.982252 -0.0202477
-10.9544 7.30837 -6.19088 0.190041 0.981681 -0.0137048
-12.0814 7.52731 -5.02022 0.184728 0.982788 -0.00185549
-13.118 7.7223 -3.94427 0.186084 0.98248 0.0103106
-13.891 7.85477 -3.14225 0.185862 0.98244 0.0163266
-15.1766 8.07182 -1.80845 0.18642 0.982231 0.0216926
-15.9486 8.20938 -1.00541 0.194883 0.980636 0.0193465
-16.7665 8.36723 -0.152078 0.206153 0.978519 0.000780114
-18.0022 8.62198 1.14239 0.205185 0.978704 0.00615013
-19.0553 8.86856 2.2542 0.236053 0.971739 0.00156157
-19.9642 9.09989 3.22086 0.246302 0.969178 -0.00539451
-20.7464 9.31863 4.05909 0.261122 0.965226 -0.012453
-21.5391 9.53524 4.9106 0.25671 0.966482 -0.00347723
-22.3127 9.766 5.75091 0.287276 0.957848 0.000663204
-22.4101 9.79512 5.85671 0.287261 0.957852 0.000915502
-22.0829 9.70071 6.78664 0.274103 0.961654 -0.00947178
-21.3063 9.47424 5.9456 0.262486 0.964936 1.53995e-05
-20.1447 9.16412 4.69892 0.258919 0.965866 -0.00796455
-19.3694 8.95472 3.8711 0.247047 0.968955 -0.00967739
-18.2788 8.68596 2.71514 0.226532 0.973994 0.00423464
-16.9662 8.40356 1.33642 0.205185 0.978704 0.00615013
-16.1095 8.22833 0.439316 0.200334 0.979718 0.00440949
-15.2545 8.06609 -0.451525 0.198311 0.980083 0.0104485
-14.3192 7.89937 -1.42408 0.189936 0.981504 0.023955
-13.3841 7.7439 -2.39408 0.187222 0.982059 0.0225274
-12.5479 7.60098 -3.26175 0.185087 0.982515 0.0201922
-11.7108 7.45724 -4.12917 0.184838 0.98276 0.00413719
-10.8566 7.29599 -5.01525 0.183068 0.983085 -0.00537468
-9.90793 7.11577 -5.99911 0.181815 0.983233 -0.0139848
-9.11708 6.94855 -6.82121 0.180518 0.983297 -0.0232407
-8.13954 6.74227 -7.83613 0.181019 0.983055 -0.0288825
-7.21029 6.53904 -8.80228 0.184651 0.982223 -0.0337923
-6.33801 6.3433 -9.70849 0.18664 0.981825 -0.0344229
-5.33255 6.11227 -10.7519 0.18821 0.981414 -0.0374667
-4.45091 5.90569 -11.6684 0.19163 0.980835 -0.0352292
-3.53454 5.69395 -12.6199 0.190182 0.981186 -0.0332473
-2.25307 5.4007 -13.9509 0.187504 0.981577 -0.0367232
-1.13973 5.1432 -15.1077 0.194902 0.980273 -0.032834
0.145744 4.84641 -16.4434 0.194646 0.980393 -0.0306867
1.04959 4.63887 -17.3823 0.195178 0.980347 -0.0287092
1.86988 4.45061 -18.2342 0.195186 0.980346 -0.0287167
3.04077 4.18685 -19.4495 0.192482 0.981052 -0.0220842
3.98007 3.98397 -20.4229 0.183579 0.982824 -0.0188346
4.78472 3.81652 -21.255 0.18271 0.982903 -0.0227644
5.6087 3.64633 -22.1062 0.17894 0.983679 -0.0188509
6.63417 3.44337 -23.1632 0.171549 0.984978 -0.0197225
7.57497 3.25978 -24.1321 0.172322 0.984837 -0.0200358
8.52614 3.07541 -25.1112 0.169211 0.98538 -0.0198649
9.56161 2.87608 -26.1768 0.16923 0.985375 -0.0199278
10.3532 2.72334 -26.9915 0.169811 0.985272 -0.0201046
10.8558 2.62632 -27.5089 0.170193 0.985202 -0.0202842
12.2189 2.38642 -27.6399 0.172065 0.984867 -0.0207305
11.3883 2.54925 -26.7842 0.169744 0.985276 -0.0204481
10.3226 2.75528 -25.6872 0.169229 0.985376 -0.0199015
9.50936 2.91184 -24.8503 0.169219 0.985378 -0.01987
8.63281 3.07999 -23.9484 0.169032 0.985428 -0.0189593
7.80538 3.24081 -23.0965 0.171383 0.985001 -0.0200339
6.94988 3.40765 -22.2153 0.171771 0.984937 -0.0198681
5.97538 3.59785 -21.2115 0.171784 0.984944 -0.0194017
5.17379 3.76202 -20.3836 0.183521 0.982826 -0.0192978
4.29875 3.94431 -19.4788 0.182725 0.982918 -0.0220087
3.39904 4.13829 -18.5468 0.19146 0.98122 -0.0234372
2.4041 4.36535 -17.5136 0.195175 0.980348 -0.0287205
1.62848 4.54337 -16.708 0.195018 0.980348 -0.0297729
0.83252 4.7276 -15.8809 0.194859 0.980346 -0.0308367
0.0327244 4.91255 -15.0498 0.194464 0.980376 -0.0323653
-0.762867 5.09816 -14.2228 0.195341 0.98017 -0.0333028
-1.81995 5.34578 -13.1234 0.194175 0.980461 -0.0314991
-3.11282 5.64065 -11.7806 0.190182 0.981186 -0.0332478
-4.17449 5.88857 -10.6772 0.192914 0.9806 -0.0347393
-5.18482 6.12377 -9.62691 0.194454 0.980328 -0.0338435
-6.10633 6.33572 -8.66851 0.187691 0.981643 -0.033894
-6.93372 6.5182 -7.80821 0.184079 0.982462 -0.0297141
-7.88838 6.72601 -6.81544 0.179648 0.983397 -0.0256254
-8.76828 6.9062 -5.9037 0.180518 0.983297 -0.0232405
-9.87172 7.11397 -4.76029 0.181959 0.983295 -0.00461454
-10.8362 7.29121 -3.76079 0.184216 0.982875 0.00456812
-11.8338 7.45809 -2.72722 0.181532 0.983175 0.0203102
-12.6042 7.58455 -1.92904 0.187221 0.982059 0.0225276
-13.4791 7.727 -1.02272 0.18787 0.981889 0.024468
-14.3439 7.87649 -0.124568 0.19088 0.981441 0.0183925
-15.5011 8.09849 1.08186 0.200502 0.979635 0.0106758
-16.7511 8.34433 2.38803 0.21147 0.977329 0.0104033
-17.8915 8.59265 3.586 0.226457 0.974021 0.000610585
-18.6991 8.78983 4.44049 0.246724 0.969035 -0.0099678
-19.7246 9.04898 5.53095 0.249013 0.968471 0.00757744
-20.5003 9.25531 6.36302 0.264241 0.964447 -0.0043999
-21.6883 9.59043 7.64499 0.275098 0.96141 0.00352296
-21.9986 9.678 7.98045 0.275098 0.96141 0.00352296
-21.5158 9.53782 8.74181 0.273913 0.961741 0.00504775
-20.7543 9.32328 7.91879 0.273846 0.96177 0.00264751
-19.7371 9.04832 6.82647 0.265415 0.964134 0.00098484
-18.7793 8.81502 5.80777 0.237261 0.971387 0.0107223
-17.7487 8.56234 4.7154 0.226937 0.973906 -0.00255836
-16.9143 8.37065 3.83669 0.209602 0.977783 -0.0025174
-16.004 8.17963 2.88305 0.203067 0.979159 0.00328485
-14.9969 7.98653 1.83272 0.199063 0.979908 0.0124447
-14.1727 7.82556 0.972546 0.196092 0.980538 0.00966594
-13.2206 7.65878 -0.0162387 0.185665 0.982487 0.0157303
-12.184 7.48583 -1.09133 0.183794 0.982689 0.0232757
-10.9421 7.28375 -2.37753 0.183929 0.982666 0.0231965
-10.086 7.14761 -3.26266 0.18175 0.983239 0.0144126
-8.75169 6.90518 -4.64497 0.184527 0.982824 0.00239468
-7.89694 6.74998 -5.52935 0.172425 0.984958 0.0113215
-6.74301 6.51476 -6.72628 0.185905 0.982412 -0.0175116
-5.86829 6.32305 -7.6361 0.188313 0.981628 -0.0307176
-4.80094 6.07867 -8.74659 0.194889 0.980209 -0.0347643
-5.7838 6.33092 -6.44589 0.198422 0.980062 -0.0103084
-6.57457 6.49754 -5.62465 0.193397 0.981062 -0.0107583
-7.35063 6.64264 -4.82093 0.183766 0.982969 0.00108235
-8.26542 6.80897 -3.87317 0.184827 0.982752 0.00606264
-9.1849 6.97602 -2.92053 0.18175 0.983239 0.0144127
-10.5326 7.18785 -1.52819 0.179782 0.983367 0.0258619
-11.6834 7.37389 -0.336888 0.186108 0.982283 0.0219798
-12.5959 7.53107 0.610658 0.184867 0.982634 0.0159542
-13.4443 7.6789 1.49189 0.190236 0.981683 0.0104263
-14.3124 7.84033 2.39552 0.198587 0.980041 0.00905641
-15.1002 7.99481 3.21696 0.198418 0.980104 0.00511304
-16.0923 8.19552 4.25425 0.209603 0.977783 -0.00251809
-16.8912 8.37521 5.09357 0.212914 0.977041 -0.00763422
-17.6917 8.55359 5.93555 0.215914 0.976394 0.0060068
-18.7168 8.78963 7.0201 0.234619 0.972067 0.00628023
-19.6717 9.02969 8.03887 0.245326 0.969434 -0.00368237
-20.9108 9.36061 9.37068 0.27398 0.961707 0.00744784
-21.6079 9.55582 10.1246 0.296947 0.954834 0.0107258
-21.3658 9.47329 11.1444 0.275836 0.961152 0.010123
-20.5697 9.26174 10.2857 0.269614 0.962963 0.00331563
-19.5328 8.9917 9.17252 0.243783 0.969734 0.0136209
-18.6 8.75901 8.17667 0.240848 0.970562 -0.000947001
-17.6103 8.52952 7.12925 0.216019 0.976382 0.00371501
-16.6478 8.3222 6.11683 0.215246 0.976534 0.00708847
-15.8731 8.1553 5.30409 0.213021 0.977029 -0.00610757
-14.9604 7.96119 4.34871 0.197916 0.980217 0.00191735
-13.8894 7.75 3.23091 0.194881 0.980808 0.00610556
-13.0124 7.58675 2.31863 0.189895 0.981757 0.00969372
-12.0821 7.41919 1.35183 0.190705 0.981477 0.0182686
-10.9274 7.22009 0.153434 0.187086 0.982148 0.0196134
-9.80325 7.04076 -1.00932 0.179502 0.983402 0.026436
-9.01541 6.91761 -1.82311 0.180062 0.98333 0.0252879
-8.02458 6.76218 -2.84622 0.17939 0.983734 0.0092978
-6.96303 6.56958 -3.94594 0.183653 0.982991 0.000725705
-6.45274 6.47463 -4.47481 0.184153 0.982897 0.000925505
-6.27734 6.44043 -3.38052 0.184651 0.982803 0.001125
-7.32241 6.62465 -2.29854 0.178965 0.983725 0.0160151
-8.13997 6.75298 -1.45441 0.170392 0.985013 0.0267567
-9.34433 6.93554 -0.211052 0.179502 0.983402 0.0264361
-10.5712 7.13418 1.05806 0.184777 0.982616 0.0179972
-11.7256 7.33927 2.25621 0.191512 0.981478 0.00483662
-12.5438 7.49207 3.10681 0.185811 0.982569 0.00572391
-13.5347 7.67682 4.13836 0.188651 0.982043 -0.00121891
-14.5022 7.86987 5.1478 0.191863 0.981396 -0.00715505
-15.373 8.05098 6.05781 0.20615 0.978506 -0.00532846
-16.4929 8.28364 7.23183 0.205163 0.978723 0.00303265
-17.3368 8.46825 8.12102 0.216504 0.976282 -0.000442228
-18.1176 8.64123 8.94537 0.222797 0.974863 0.00187096
-18.8794 8.81926 9.75533 0.243783 0.969734 0.0136209
-19.6674 9.00804 10.5948 0.26822 0.963316 0.00893491
-20.7581 9.29233 11.7687 0.271329 0.962407 0.0123388
-21.4326 9.46871 12.4982 0.272435 0.961469 0.036821
-21.5744 9.45592 13.9267 0.267266 0.962759 0.0407982
-20.4792 9.19021 12.7465 0.264653 0.963692 0.035438
-19.3593 8.91471 11.5452 0.244618 0.969526 0.0134689
-18.2312 8.67045 10.3509 0.227312 0.973789 0.00807608
-17.3945 8.47502 9.46136 0.225386 0.974267 -0.00205154
-16.5554 8.29074 8.57599 0.209327 0.977829 0.00565577
-15.7057 8.12236 7.68623 0.198272 0.980145 -0.00221198
-14.6389 7.90616 6.57 0.194882 0.980826 -0.000839408
-13.7225 7.72084 5.61301 0.191863 0.981396 -0.00715561
-12.9228 7.56104 4.77902 0.190999 0.981577 -0.00506434
-11.9401 7.37546 3.75572 0.188033 0.982161 0.00209136
-11.0136 7.19948 2.79165 0.189163 0.98194 0.00323277
-10.2111 7.05234 1.95801 0.183165 0.983021 0.0109515
-9.25316 6.89328 0.966562 0.178986 0.983692 0.0176997
-8.46522 6.76865 0.152698 0.174415 0.984428 0.021947
-7.62089 6.64105 -0.718648 0.173131 0.984476 0.0288369
-6.66249 6.49448 -1.70795 0.179574 0.983528 0.0206175
-6.19891 6.41844 -2.18705 0.182804 0.983084 0.0113339
-5.9875 6.36003 -1.13326 0.172896 0.984762 0.0187193
-6.97053 6.51146 -0.118478 0.173084 0.984631 0.0233385
-7.81117 6.63947 0.749136 0.174163 0.984518 0.0198009
-8.82952 6.80251 1.80078 0.176287 0.98421 0.0159034
-9.70871 6.95414 2.71192 0.183342 0.983035 0.00532151
-10.7594 7.14719 3.80353 0.189465 0.981885 0.0023941
-11.6497 7.3178 4.73103 0.188033 0.98216 0.00209126
-12.4272 7.46854 5.54107 0.191 0.981577 -0.00506441
-13.2305 7.62731 6.37774 0.190284 0.981728 -0.00161502
-14.1474 7.80915 7.33564 0.19361 0.981077 -0.00150923
-14.9259 7.96566 8.14929 0.197539 0.980292 0.00233615
-15.7496 8.12517 9.01061 0.198426 0.9801 0.00551816
-16.5726 8.28693 9.87304 0.209327 0.977829 0.00565615
-17.4182 8.47118 10.7681 0.229213 0.973206 0.0182032
-18.1802 8.63556 11.5745 0.229579 0.97313 0.0176444
-19.1096 8.82937 12.5576 0.231039 0.972452 0.0309469
-20.1468 9.06673 13.6656 0.258524 0.965327 0.0361944
-21.1911 9.30913 14.7862 0.263748 0.96345 0.0469149
-21.042 9.22604 15.9 0.255199 0.966018 0.0410269
-20.1937 9.03076 14.9902 0.249378 0.967773 0.0350099
-19.281 8.82999 14.0171 0.243491 0.969578 0.0250966
-18.2358 8.61535 12.9105 0.224588 0.974163 0.0237898
-17.1794 8.40694 11.7959 0.212239 0.977042 0.0185333
-16.2986 8.22189 10.8652 0.211388 0.977386 0.00570496
-15.374 8.04414 9.89599 0.19883 0.979986 0.00973262
-14.4975 7.87504 8.97927 0.192486 0.981282 0.00590632
-13.5878 7.69967 8.02894 0.194592 0.980878 0.00360002
-12.6276 7.51247 7.02726 0.188228 0.982125 -0.00105178
-11.818 7.35335 6.18415 0.191742 0.981434 -0.00468644
-10.6887 7.13202 5.00734 0.188628 0.982048 0.0005608
-9.58091 6.92442 3.85495 0.182637 0.983171 0.00435624
-8.45359 6.72634 2.68578 0.174824 0.984551 0.00981055
-7.46946 6.56228 1.66747 0.174562 0.984465 0.0189055
-6.60054 6.42583 0.77105 0.17267 0.984754 0.0211007
-5.88636 6.3177 0.0340109 0.173443 0.98459 0.0223489
-5.44842 6.22191 0.853369 0.173291 0.984661 0.0203063
-6.34719 6.36084 1.78037 0.174575 0.984432 0.0204422
-7.27355 6.50617 2.73621 0.179179 0.983687 0.0159723
-8.41833 6.70769 3.92346 0.183627 0.982982 0.00521577
-9.64047 6.93058 5.19219 0.18554 0.982635 0.00207664
-10.9279 7.18225 6.53388 0.189059 0.981956 -0.0044143
-11.8803 7.3696 7.52599 0.188394 0.982094 0.00024902
-12.7985 7.54343 8.48253 0.187069 0.982343 0.00255544
-13.9306 7.7597 9.66465 0.193127 0.981127 0.00953856
-14.9444 7.94637 10.7236 0.194478 0.980828 0.0124636
-15.8775 8.12592 11.7021 0.212239 0.977042 0.0185335
-16.8219 8.30008 12.6949 0.213054 0.976537 0.0313583
-17.7729 8.48552 13.6974 0.222204 0.974287 0.0372911
-18.9479 8.72244 14.9402 0.242488 0.96965 0.031279
-19.9163 8.9239 15.9681 0.249377 0.967773 0.0350099
-20.5149 9.05255 16.6071 0.249889 0.967369 0.0418731
-20.3175 8.95568 17.6667 0.247231 0.967923 0.0447497
-19.2094 8.73372 16.4918 0.233452 0.9717 0.0360487
-18.1524 8.51035 15.3689 0.224944 0.973915 0.0298265
-17.1349 8.31917 14.2988 0.214244 0.976353 0.0288811
-16.0754 8.12408 13.1856 0.206203 0.978137 0.0269738
-15.027 7.94021 12.0863 0.194027 0.980668 0.0253671
-13.9213 7.74087 10.9307 0.194122 0.980894 0.012817
-12.8734 7.5524 9.83811 0.1859 0.982523 0.00943204
-11.8845 7.36854 8.80742 0.187735 0.982218 0.00199277
-10.9562 7.1919 7.84049 0.189185 0.981941 0.000610965
-9.73036 6.95128 6.56272 0.189949 0.981788 -0.00352221
-8.65619 6.74574 5.44569 0.182458 0.983211 -0.00238352
-7.44543 6.52557 4.18893 0.182451 0.983198 0.00585047
-6.57987 6.37456 3.29173 0.168151 0.985719 0.00915968
-5.67771 6.23178 2.36066 0.169296 0.985505 0.0109258
-5.08625 6.14182 1.75123 0.170829 0.985109 0.0194387
-4.94612 6.09946 2.87824 0.170378 0.985326 0.0101715
-5.85362 6.24672 3.81504 0.16852 0.985674 0.00691156
-6.78229 6.40481 4.77648 0.1761 0.984369 0.00254423
-7.69948 6.5688 5.72773 0.179157 0.983819 -0.00166939
-8.76612 6.76955 6.83571 0.182665 0.983172 -0.00235257
-9.81673 6.9713 7.92955 0.190089 0.981767 -0.000185437
-10.7912 7.15869 8.94539 0.188282 0.982114 0.00140748
-11.592 7.30768 9.77962 0.188017 0.982139 0.00730225
-12.5255 7.47654 10.752 0.183898 0.982877 0.0115721
-13.5012 7.64279 11.7679 0.190308 0.981457 0.0229307
-14.3606 7.79337 12.6656 0.194026 0.980668 0.0253671
-15.4188 7.96948 13.7721 0.199174 0.979584 0.0272985
-16.2129 8.11259 14.6053 0.204609 0.978412 0.0290825
-17.1471 8.28368 15.5857 0.214261 0.976345 0.0290183
-18.1115 8.46318 16.6006 0.224944 0.973915 0.0298269
-18.9457 8.62759 17.4831 0.2305 0.972133 0.0427522
-19.7242 8.7753 18.3048 0.226749 0.972612 0.0510922
-19.9156 8.80991 18.5065 0.238001 0.969761 0.0540372
-19.2925 8.63197 19.1172 0.22675 0.972612 0.0510935
-18.049 8.40417 17.8076 0.22786 0.972922 0.0387744
-17.2107 8.25577 16.9273 0.2139 0.976358 0.0311826
-15.8883 8.01614 15.539 0.202253 0.978916 0.0285962
-15.1215 7.88358 14.7369 0.192856 0.980749 0.0306387
-14.308 7.7487 13.8867 0.192725 0.980839 0.0285034
-13.1452 7.55493 12.6724 0.184692 0.982533 0.0227493
-12.092 7.3808 11.576 0.185976 0.982328 0.0210698
-11.1667 7.22001 10.6129 0.188135 0.982116 0.00731288
-10.2611 7.05238 9.66954 0.189387 0.981883 0.00616143
-9.36886 6.88638 8.74014 0.187599 0.982244 -0.00180821
-8.59309 6.73834 7.93212 0.183399 0.983038 0.000100893
-7.66394 6.56509 6.96633 0.183033 0.983106 -0.00112574
-6.70902 6.39234 5.97577 0.175229 0.984527 -0.00140669
-5.89894 6.24696 5.13575 0.171606 0.985165 -0.000475113
-4.9801 6.09656 4.18686 0.167886 0.985795 0.0046705
-4.2968 5.98143 3.48065 0.169887 0.98544 0.00677913
-4.04401 5.9341 4.49397 0.16952 0.98552 0.00358307
-4.84616 6.06747 5.32273 0.166963 0.985958 0.00306967
-5.64591 6.20337 6.14908 0.171606 0.985165 -0.0004747
-6.44556 6.34659 6.97824 0.175162 0.984531 0.00411967
-7.41892 6.51941 7.98783 0.183095 0.983095 -6.89762e-06
-8.45708 6.71284 9.06726 0.1855 0.982644 -0.000853694
-9.32687 6.87333 9.97264 0.185435 0.982637 0.0062513
-10.1319 7.02033 10.8114 0.185393 0.982637 0.00733012
-10.9427 7.16699 11.6553 0.179342 0.983567 0.0207941
-11.7667 7.29914 12.5118 0.18266 0.982953 0.0209314
-12.6603 7.44371 13.4418 0.186572 0.982032 0.0283432
-13.4908 7.57559 14.3071 0.185954 0.982119 0.029378
-14.3922 7.72387 15.2488 0.192395 0.980799 0.031892
-15.5855 7.92562 16.4961 0.202253 0.978916 0.0285962
-16.3594 8.05717 17.3061 0.2139 0.976358 0.0311829
-17.2768 8.22008 18.2695 0.208089 0.977261 0.0407332
-18.1328 8.36636 19.1668 0.21108 0.976681 0.0392373
-18.8309 8.48703 19.8992 0.212726 0.976204 0.0421186
-17.912 8.27489 20.2053 0.210911 0.976531 0.0436315
-16.8659 8.09689 19.1092 0.208204 0.977195 0.0417297
-16.0721 7.96319 18.2785 0.210997 0.976825 0.035959
-14.8255 7.75462 16.9748 0.200773 0.979126 0.0316664
-13.4573 7.53127 15.5462 0.189005 0.981465 0.0316906
-12.6569 7.40558 14.7121 0.185954 0.982119 0.029378
-11.7582 7.26269 13.776 0.184587 0.982406 0.0283903
-10.7019 7.0986 12.6788 0.182239 0.982831 0.0288612
-9.67581 6.92743 11.612 0.185033 0.982695 0.00861142
-8.88762 6.78523 10.7913 0.185593 0.982607 0.00615013
-7.90384 6.60683 9.76753 0.184309 0.982852 0.00567516
-6.69213 6.38406 8.50821 0.17913 0.983823 0.00205665
-5.85481 6.23872 7.64076 0.175918 0.984394 0.00457049
-4.73188 6.04635 6.47904 0.171148 0.98524 0.00315584
-3.82528 5.89281 5.54257 0.169212 0.985572 0.00391722
-3.36851 5.81607 5.07056 0.169211 0.985574 0.00350753
-3.14481 5.77348 6.11325 0.169213 0.98557 0.00432701
-4.32976 5.97203 7.3368 0.171292 0.985196 0.00699173
-5.65529 6.19746 8.70799 0.177072 0.984163 0.00834177
-6.57833 6.35704 9.66445 0.188349 0.982077 0.00703579
-7.75639 6.56979 10.8891 0.192986 0.980979 0.020896
-8.6619 6.72799 11.8309 0.195984 0.980382 0.0210055
-9.48222 6.86878 12.684 0.186918 0.981947 0.0290068
-10.5623 7.0396 13.8065 0.182421 0.982803 0.0286497
-11.3705 7.16289 14.6454 0.186151 0.981883 0.0354165
-12.3018 7.30846 15.6154 0.187352 0.981753 0.0325484
-13.5207 7.50147 16.8862 0.190657 0.981172 0.0308329
-14.4225 7.64378 17.8264 0.190554 0.981042 0.035292
-15.6589 7.84991 19.1184 0.198695 0.97951 0.0328551
-17.0249 8.07383 20.5461 0.201155 0.978913 0.0355678
-17.6733 8.18584 21.2258 0.208568 0.977465 0.0325732
-16.9516 8.0171 21.7409 0.196154 0.980119 0.029838
-15.9168 7.848 20.6598 0.195547 0.980088 0.0344694
-14.8658 7.67519 19.562 0.196236 0.98008 0.0305661
-13.98 7.52878 18.6372 0.190586 0.981098 0.0335305
-12.7035 7.32863 17.3069 0.190825 0.980997 0.0350809
-11.7517 7.18012 16.3149 0.187612 0.981701 0.0326424
-10.8123 7.0333 15.3367 0.187314 0.981754 0.0327622
-10.0169 6.91214 14.5108 0.188671 0.981297 0.0381915
-9.16535 6.77875 13.6263 0.190388 0.981137 0.0335175
-8.36239 6.64562 12.7908 0.20051 0.979456 0.0214824
-7.58623 6.5112 11.9833 0.191111 0.981224 0.0260012
-6.45849 6.32155 10.8129 0.185661 0.982358 0.0224141
-5.32146 6.12627 9.63448 0.177469 0.984057 0.0116619
-4.33907 5.96514 8.61925 0.170139 0.985367 0.0102043
-3.49785 5.82524 7.75036 0.170229 0.985385 0.00615231
-2.77194 5.70437 7.00116 0.170575 0.985331 0.0052294
-1.92134 5.55502 7.39604 0.169268 0.985553 0.00577113
-2.75019 5.69299 8.25141 0.172992 0.984866 0.0105957
-3.60556 5.83111 9.13348 0.172038 0.984971 0.0153518
-4.68743 6.00611 10.2506 0.178673 0.983733 0.0185982
-5.75109 6.17352 11.3496 0.185238 0.982365 0.0254093
-6.62844 6.31856 12.2592 0.188504 0.981748 0.0252226
-7.6514 6.48843 13.3216 0.195813 0.980354 0.0237424
-8.82887 6.6818 14.5465 0.194395 0.980299 0.0349853
-9.84508 6.83705 15.6014 0.188455 0.981361 0.0376056
-11.1518 7.0408 16.9615 0.190533 0.980978 0.0371504
-12.0053 7.17296 17.8509 0.191323 0.980898 0.0351439
-12.8923 7.31283 18.7755 0.190825 0.980997 0.0350802
-14.0138 7.49266 19.9444 0.193541 0.980593 0.0313046
-15.2359 7.69244 21.2197 0.195588 0.980081 0.0344595
-16.0927 7.83444 22.1143 0.19499 0.980316 0.0309697
-16.3504 7.87721 22.3835 0.196154 0.980119 0.0298382
-15.8765 7.75888 23.1589 0.196649 0.980034 0.0293771
-15.0231 7.61744 22.2692 0.19412 0.980502 0.0305398
-13.8222 7.41997 21.0163 0.193512 0.980575 0.0320245
-13.0259 7.29041 20.1865 0.192972 0.98065 0.0329754
-11.8512 7.10337 18.962 0.191135 0.980951 0.0346916
-11.058 6.97715 18.1349 0.194761 0.980096 0.0384672
-10.1749 6.84006 17.2152 0.19454 0.98005 0.040709
-9.34137 6.71057 16.3471 0.194891 0.979948 0.041469
-8.10609 6.51858 15.0634 0.193554 0.980299 0.0393834
-7.08728 6.35649 14.005 0.190674 0.980936 0.0375093
-6.05431 6.191 12.9336 0.188504 0.981749 0.0252224
-4.90258 6.00623 11.7412 0.181996 0.982967 0.0255738
-4.07112 5.8755 10.8823 0.177378 0.98379 0.0263338
-3.22431 5.74908 10.0103 0.174083 0.98451 0.0208822
-2.07619 5.56382 8.82634 0.175819 0.984308 0.0150313
-1.14441 5.41647 7.86686 0.169929 0.985357 0.0139805
-0.376328 5.27707 8.34628 0.170542 0.985247 0.0142751
-1.50506 5.45554 9.50831 0.171853 0.98498 0.0167292
-2.50022 5.60756 10.5326 0.174136 0.984396 0.0253165
-3.47827 5.75349 11.5397 0.173331 0.984509 0.0264137
-4.73176 5.94484 12.8336 0.188537 0.981462 0.0344485
-5.64965 6.08639 13.7827 0.188595 0.981314 0.0381456
-6.51826 6.22009 14.6824 0.191151 0.980866 0.0369319
-7.35232 6.35028 15.5481 0.194021 0.980148 0.0408231
-8.38368 6.50877 16.6194 0.194489 0.979994 0.0422628
-8.63877 6.54823 16.8846 0.195293 0.979901 0.0406754
-6.22341 6.12447 15.6437 0.19203 0.98042 0.0435935
-5.1518 5.96231 14.5342 0.186992 0.981618 0.0382041
-4.14816 5.80947 13.4962 0.180968 0.982903 0.0339354
-3.36219 5.6985 12.6869 0.1741 0.984193 0.0324524
-2.35081 5.55213 11.6465 0.174072 0.984307 0.0289492
-1.57092 5.43708 10.8441 0.171053 0.984923 0.0258428
-0.752996 5.31436 10.0029 0.168988 0.985426 0.0194496
0.234084 5.16182 8.98777 0.171041 0.985135 0.0159468
0.478163 5.12351 8.73669 0.170792 0.985191 0.0151111
1.3104 4.97242 9.14997 0.170838 0.985171 0.0158752
0.442375 5.10858 10.0425 0.170015 0.985283 0.0176981
-0.59212 5.26377 11.1056 0.169434 0.985314 0.0211631
-1.60505 5.4103 12.1467 0.16568 0.985793 0.0275902
-2.42839 5.52286 12.9921 0.169539 0.985064 0.0300896
-3.25218 5.63904 13.8397 0.175117 0.983822 0.0377849
-4.40894 5.79816 15.0309 0.182119 0.982449 0.0403243
-4.55192 5.81956 15.1787 0.190317 0.980818 0.0421289
-3.43951 5.61642 15.2969 0.174512 0.983916 0.0381507
-2.23936 5.45037 14.0626 0.168451 0.984891 0.0401811
-1.43694 5.35045 13.2407 0.164262 0.985999 0.0286948
-0.618266 5.23619 12.3999 0.167099 0.985584 0.0264858
0.524841 5.07275 11.2265 0.163445 0.986388 0.0179899
1.77961 4.8799 9.93707 0.168987 0.985565 0.0102423
2.16946 4.81723 9.53612 0.169913 0.985373 0.0130589
3.10085 4.65509 9.84855 0.169925 0.985431 0.00716223
1.97001 4.8361 11.0113 0.168454 0.985658 0.0100509
0.749918 5.01609 12.2637 0.163586 0.986355 0.0185241
-0.472991 5.18152 13.5176 0.162979 0.986283 0.0261457
-1.34655 5.28842 14.4119 0.162137 0.985846 0.0426479
-2.39698 5.42368 15.4892 0.174756 0.983889 0.0377116
-2.62685 5.45545 15.7256 0.177472 0.983198 0.0427252
-1.4248 5.26005 15.7577 0.144782 0.989209 0.0224435
-0.642071 5.16734 14.957 0.142743 0.9894 0.0266948
0.224666 5.05867 14.0698 0.156855 0.98741 0.02044
1.33537 4.9058 12.9308 0.157856 0.987191 0.0231228
2.54635 4.73166 11.6886 0.160243 0.986922 0.0175475
3.61071 4.56077 10.5945 0.167564 0.985823 0.00869106
3.80941 4.52897 10.3902 0.169925 0.985431 0.00716262
4.85132 4.34959 10.5893 0.168685 0.985668 0.00172282
3.91268 4.50341 11.5543 0.164775 0.986311 0.00636845
2.78825 4.67879 12.7094 0.155744 0.987767 0.00777444
1.9247 4.80322 13.5952 0.150404 0.988452 0.0184526
0.886202 4.94138 14.659 0.153631 0.987937 0.0194465
-0.372477 5.10202 15.9476 0.143959 0.989403 0.0189172
-0.465608 5.11362 16.0428 0.143339 0.989474 0.0198513
0.263015 4.99749 16.5639 0.143514 0.98945 0.0198269
1.26515 4.86934 15.5386 0.14697 0.988981 0.0178113
2.29154 4.73145 14.4876 0.148544 0.988813 0.0135428
3.3559 4.58388 13.3967 0.158797 0.987283 0.00746168
4.17429 4.45483 12.5557 0.164438 0.986379 0.00395023
5.15809 4.29542 11.5445 0.166731 0.985994 0.00404533
5.62306 4.21668 11.0663 0.167519 0.985868 0.00128213
6.54468 4.06092 11.3895 0.166254 0.986083 0.000503472
5.36452 4.25651 12.6026 0.162589 0.986687 0.00359287
4.27767 4.43036 13.7195 0.161559 0.986846 0.00579967
3.28096 4.57898 14.7422 0.150015 0.988582 0.0141786
2.48728 4.68742 15.5551 0.147757 0.988899 0.0156768
1.12282 4.86734 16.9514 0.141244 0.989865 0.0147185
1.56855 4.79168 17.7626 0.141245 0.989865 0.0147189
2.52772 4.66538 16.7812 0.141017 0.989936 0.0118449
3.5427 4.52641 15.7422 0.14926 0.988771 0.00725158
4.75588 4.3487 14.4981 0.161271 0.9869 0.00445104
5.85956 4.17223 13.3641 0.161907 0.986806 0.000888481
7.00014 3.98404 12.1918 0.163803 0.986493 -0.000668042
7.07304 3.972 12.1169 0.161448 0.98688 -0.00150118
7.94888 3.82929 12.4883 0.161448 0.98688 -0.00150113
7.1371 3.96267 13.3218 0.162003 0.98679 0.000607002
6.14438 4.12462 14.3416 0.161907 0.986806 0.000888664
5.15133 4.2812 15.3618 0.159131 0.987253 0.00282485
4.16629 4.42771 16.3717 0.148397 0.988905 0.00675431
2.90991 4.60045 17.658 0.141274 0.989893 0.0123486
2.71298 4.62599 17.8593 0.141531 0.98985 0.0128515
2.97067 4.57611 18.8629 0.140308 0.989993 0.0150902
4.20178 4.41397 17.6039 0.146989 0.989091 0.00966798
5.51767 4.22022 16.255 0.155735 0.987783 0.00559115
6.49643 4.06471 15.25 0.159131 0.987253 0.00282485
7.33039 3.93 14.3934 0.161885 0.986809 0.000891439
8.41979 3.75195 13.2748 0.162121 0.986771 0.000322956
9.26623 3.61467 12.4063 0.155947 0.987764 -0.00169746
9.85104 3.52349 13.0768 0.155947 0.987764 -0.00169735
8.89487 3.67495 14.057 0.155603 0.987818 0.00170078
8.01051 3.81849 14.9648 0.161113 0.986936 -0.000237441
7.00845 3.98017 15.9935 0.161224 0.986915 0.00246665
5.68638 4.18742 17.3506 0.155735 0.987783 0.00559115
4.60328 4.34399 18.4603 0.145572 0.989268 0.0125717
3.77565 4.45502 19.3067 0.146445 0.989161 0.0107387
3.7299 4.46141 19.3536 0.142922 0.989687 0.00968163
4.43977 4.3508 19.8941 0.147326 0.989048 0.00891462
5.24244 4.24216 19.0731 0.145563 0.989269 0.0125625
6.47451 4.06083 17.8105 0.158427 0.987358 0.00491026
7.35522 3.92094 16.9066 0.161338 0.986889 0.00446446
8.21235 3.78368 16.0267 0.160733 0.986994 0.00294371
9.23156 3.61916 14.9807 0.158108 0.987421 0.00144561
10.112 3.4837 14.0791 0.15049 0.988611 -0.00118952
10.8651 3.36719 13.3081 0.151626 0.988436 -0.00201584
11.636 3.25272 13.789 0.144492 0.989499 -0.00361736
10.8037 3.37908 14.6404 0.150139 0.988665 0.000233211
9.82957 3.52539 15.6372 0.148816 0.988865 0.000720082
8.88711 3.67225 16.6031 0.160348 0.987057 0.00254024
7.82404 3.84237 17.694 0.156245 0.987718 0.000137232
6.79015 4.00577 18.755 0.156549 0.987667 0.00259308
5.57922 4.18089 19.9952 0.149316 0.988722 0.0115585
4.95288 4.26768 20.636 0.146446 0.989191 0.00741303
5.83158 4.13619 21.0042 0.145566 0.989331 0.00591058
7.10875 3.95036 19.6964 0.153574 0.988113 0.00684356
8.20131 3.78257 18.5758 0.156549 0.987667 0.00259305
9.32102 3.60382 17.4271 0.159072 0.987266 -0.0013469
10.3669 3.44372 16.3565 0.148628 0.988892 0.00125905
11.2021 3.31859 15.5019 0.145857 0.989305 0.000778972
11.9896 3.20411 14.6973 0.144816 0.989458 -0.00107172
12.4645 3.13329 14.2119 0.144487 0.9895 -0.00361295
13.3279 3.0104 14.5994 0.141424 0.989948 -0.00156576
12.2217 3.17126 15.7291 0.143763 0.989612 0.000152946
11.3419 3.2995 16.6281 0.14607 0.989265 -0.00440608
10.5484 3.41871 17.4398 0.145398 0.989372 -0.00157445
9.64738 3.55478 18.3618 0.151433 0.988466 -0.00182219
8.8631 3.67723 19.166 0.152923 0.988235 0.00250299
7.85204 3.83105 20.2026 0.152841 0.988248 0.00222928
6.9711 3.96332 21.105 0.151178 0.9885 0.00366057
6.40792 4.04698 21.6818 0.149822 0.988684 0.00758687
7.35586 3.90048 21.9786 0.150494 0.988584 0.00728407
8.47264 3.73367 20.8347 0.152392 0.988315 0.00311196
9.62278 3.55843 19.6562 0.15284 0.988248 0.0022293
10.455 3.43365 18.8042 0.143002 0.989722 -0.000819372
11.3627 3.30067 17.8761 0.143863 0.98959 -0.00384347
12.3701 3.1522 16.8464 0.141033 0.99 -0.00320016
13.2782 3.02081 15.9192 0.13987 0.990166 -0.00265656
14.0332 2.91173 15.1483 0.139843 0.990169 -0.00314644
14.5726 2.83806 15.8667 0.137614 0.990478 -0.00395267
13.4361 3.00091 17.0264 0.140465 0.990082 -0.00268338
12.5693 3.1264 17.9117 0.140981 0.99001 -0.00195324
11.48 3.28574 19.0253 0.143616 0.989633 0.000976618
10.6381 3.40604 19.8858 0.144072 0.989562 0.0030401
9.83957 3.52367 20.7027 0.150772 0.988568 0.000918301
8.85313 3.67175 21.7128 0.153421 0.988151 0.0043598
8.005 3.7978 22.5813 0.149263 0.988778 0.00613944
7.73489 3.83686 22.8577 0.149263 0.988778 0.00613946
8.51953 3.71553 23.3221 0.149024 0.988801 0.00806067
9.34917 3.59308 22.4727 0.149277 0.98879 0.00335291
10.2991 3.45228 21.5004 0.15081 0.988561 0.00184973
11.0826 3.33874 20.6996 0.143142 0.989701 0.00121377
12.0397 3.2022 19.7215 0.141919 0.989877 0.0014175
12.8452 3.08869 18.8985 0.139386 0.990238 0.000190199
13.7787 2.95537 17.9455 0.139209 0.990258 -0.00326429
14.7109 2.82232 16.9941 0.138274 0.99039 -0.00281235
15.6699 2.68619 16.0159 0.137614 0.990478 -0.00395286
16.553 2.56462 16.3836 0.139836 0.990152 -0.00667923
15.5542 2.70657 17.4023 0.136088 0.990693 -0.00266931
14.6617 2.83244 18.3127 0.13879 0.990318 -0.00285052
13.6525 2.97509 19.3429 0.139163 0.990269 0.00031801
12.8001 3.09496 20.2135 0.139763 0.990185 0.000804468
11.9667 3.2114 21.0646 0.139917 0.990162 0.00154655
11.0205 3.34603 22.0311 0.142747 0.989758 0.00124127
10.21 3.46285 22.8598 0.148012 0.988984 0.0015987
9.55844 3.55929 23.5269 0.147376 0.98907 0.00458894
10.054 3.47995 24.2871 0.146739 0.989146 0.0075789
10.8979 3.35899 23.4242 0.145254 0.989391 0.0025782
11.6991 3.24659 22.6058 0.140839 0.990029 0.00266977
12.6767 3.11053 21.6075 0.138956 0.990298 0.000822665
13.4783 2.99874 20.7891 0.138452 0.990369 0.000805732
14.7173 2.82592 19.5245 0.138401 0.990376 -0.000484309
15.7432 2.68295 18.4779 0.136837 0.99059 -0.00254592
16.6784 2.55131 17.524 0.137658 0.990477 -0.00224983
17.183 2.47999 17.0094 0.137933 0.990436 -0.00318007
18.2772 2.3281 17.1618 0.137933 0.990436 -0.00317977
17.3877 2.45492 18.069 0.137293 0.990526 -0.00302917
16.51 2.57827 18.9641 0.136688 0.990611 -0.00254618
15.4678 2.72288 20.027 0.135827 0.990732 -0.000694884
14.2123 2.89612 21.3081 0.137715 0.990472 0.000570907
13.0709 3.0541 22.4731 0.139098 0.990277 0.00189326
12.0541 3.19507 23.5114 0.139182 0.990265 0.00178218
11.1288 3.32206 24.4562 0.140224 0.990112 0.00384413
10.9972 3.34017 24.5905 0.141939 0.989867 0.00395756
11.5965 3.2521 25.2462 0.140752 0.990025 0.00627873
12.5381 3.12402 24.285 0.139402 0.990225 0.00468063
13.3838 3.00834 23.4216 0.13914 0.990271 0.00183777
14.572 2.84559 22.2092 0.137607 0.990486 0.00135362
15.4612 2.72412 21.302 0.135414 0.990789 0.000388071
16.5937 2.56857 20.147 0.135871 0.990726 -0.000581639
17.3824 2.45841 19.3426 0.137986 0.990432 -0.00183076
18.2341 2.33801 18.474 0.138316 0.990384 -0.00283525
18.792 2.25846 17.9049 0.140349 0.990096 -0.00346647
19.7916 2.11635 18.1532 0.139398 0.990216 -0.00644151
18.7331 2.26999 19.2331 0.138043 0.990424 -0.00187222
17.9076 2.38659 20.075 0.137986 0.990432 -0.00183076
16.851 2.53334 21.1525 0.136658 0.990618 5.50022e-05
15.6855 2.69235 22.3413 0.136008 0.990707 0.00125885
14.8661 2.8036 23.1771 0.136443 0.990647 0.0013645
14.048 2.91447 24.0115 0.136349 0.990656 0.00321779
12.8229 3.08014 25.2619 0.138504 0.990352 0.0043718
12.1568 3.16975 25.9416 0.138197 0.990393 0.00479697
13.0869 3.03849 26.2596 0.138159 0.990399 0.00469044
14.1005 2.90317 25.2258 0.136351 0.990654 0.00368479
15.0429 2.77663 24.2644 0.136471 0.990639 0.00309095
15.9642 2.65256 23.325 0.136141 0.990687 0.00213698
17.1392 2.49275 22.1266 0.136512 0.990638 0.0010488
18.2735 2.33605 20.9697 0.138281 0.990393 -7.15167e-05
19.1999 2.20614 20.025 0.138646 0.99034 -0.00207965
20.019 2.08925 19.1896 0.139897 0.990162 -0.0028598
20.6197 2.00245 18.5768 0.141315 0.989942 -0.00667939
21.5394 1.8735 18.9066 0.140938 0.990001 -0.00582314
20.6473 2.00338 19.8167 0.138341 0.99038 -0.00304229
19.736 2.13294 20.7461 0.137712 0.990472 -0.00106246
18.5516 2.29729 21.954 0.138281 0.990393 -7.15167e-05
17.772 2.40436 22.749 0.137116 0.990554 0.00140134
16.9868 2.51118 23.5497 0.136391 0.990652 0.00262047
15.9484 2.65106 24.6085 0.136205 0.990676 0.00299853
14.9067 2.79035 25.6708 0.136044 0.990695 0.00391622
13.8513 2.93114 26.7472 0.136464 0.990633 0.00496703
13.7324 2.94685 26.8685 0.136638 0.990605 0.00569215
14.2501 2.87119 27.6075 0.13573 0.990731 0.00542444
15.3252 2.72951 26.5114 0.136113 0.990685 0.00406542
16.1295 2.62235 25.6912 0.136189 0.990676 0.00369559
17.1228 2.48942 24.6785 0.136105 0.99069 0.00295953
18.1222 2.35456 23.6596 0.136115 0.990689 0.00269779
19.2042 2.20622 22.5562 0.137757 0.990466 0.000652504
20.424 2.03709 21.3123 0.139154 0.990271 0.000136731
21.2716 1.91681 20.4479 0.139885 0.990168 -0.000553094
22.063 1.80261 19.6406 0.141395 0.989949 -0.00305854
22.1628 1.78804 19.5388 0.141015 0.99 -0.00395535
23.0382 1.66405 19.9136 0.141921 0.989873 -0.00312818
22.1173 1.79761 20.853 0.13981 0.990178 -0.000553826
21.2611 1.91901 21.7263 0.139885 0.990168 -0.000553194
20.4825 2.02791 22.5203 0.13834 0.990384 0.000797185
19.3773 2.18098 23.6473 0.137493 0.990502 0.0011195
18.1687 2.3449 24.8795 0.135779 0.990736 0.00267303
17.2115 2.47346 25.8554 0.135728 0.99074 0.00355688
16.0609 2.62635 27.0283 0.135612 0.990754 0.00395624
15.0002 2.76652 28.1098 0.13491 0.990839 0.00610247
14.9293 2.77566 28.182 0.134997 0.990821 0.00704785
15.6656 2.67167 28.6982 0.134997 0.990821 0.0070479
16.4437 2.5701 27.9052 0.136257 0.990662 0.00470033
17.5362 2.42494 26.7914 0.136509 0.990628 0.00471226
18.321 2.32061 25.9914 0.136599 0.990618 0.00412672
19.388 2.17723 24.9037 0.137263 0.990529 0.00331231
20.1788 2.0688 24.0974 0.138114 0.990415 0.00157795
21.0494 1.94818 23.2096 0.138397 0.990377 0.00079106
22.1086 1.79961 22.1295 0.139743 0.990188 -0.000644031
22.964 1.67832 21.2571 0.139404 0.990235 -0.000645619
23.8642 1.54722 20.3387 0.141247 0.989968 -0.00366598
24.6419 1.43821 20.8132 0.140724 0.99004 -0.00428857
23.7343 1.57046 21.7391 0.140217 0.990119 -0.00189089
22.7011 1.71642 22.7928 0.139599 0.990208 -0.000208986
21.6351 1.86581 23.8798 0.138397 0.990377 0.000791082
20.503 2.02169 25.0341 0.138045 0.990423 0.00252642
19.3666 2.17559 26.1927 0.136599 0.990618 0.00412702
18.4908 2.292 27.0853 0.136498 0.990629 0.00471772
17.6673 2.40157 27.9247 0.136534 0.990625 0.00458718
16.6922 2.52976 28.9186 0.135565 0.990744 0.00696292
16.5417 2.54927 29.072 0.135565 0.990744 0.00696292
17.2076 2.45402 29.6599 0.134978 0.990825 0.00684148
18.1295 2.33407 28.7204 0.136496 0.990626 0.00542619
19.2572 2.18409 27.571 0.136481 0.990631 0.00476284
20.1385 2.06695 26.6727 0.136951 0.990568 0.00446253
21.2814 1.91194 25.5076 0.1378 0.990456 0.00288521
22.236 1.78112 24.5344 0.138003 0.99043 0.00210586
23.087 1.66233 23.6667 0.138393 0.990377 -0.000182691
23.9057 1.54731 22.8319 0.138831 0.990315 -0.00106434
24.765 1.42474 21.9556 0.140096 0.990133 -0.0030066
25.3086 1.34599 21.401 0.140723 0.99004 -0.0042886
25.9842 1.25264 21.9798 0.140167 0.990119 -0.00409383
25.0332 1.38938 22.9497 0.139537 0.990215 -0.0018414
24.2277 1.50271 23.771 0.138753 0.990327 -0.000422312
23.3121 1.63054 24.7046 0.138336 0.990383 0.00199288
22.4714 1.74609 25.5616 0.137972 0.990433 0.00249287
21.6654 1.85596 26.3831 0.137801 0.990456 0.00288531
20.8554 1.96522 27.2088 0.137414 0.990505 0.00419904
19.9343 2.08801 28.1476 0.136473 0.990632 0.00479965
19.1411 2.1934 28.9561 0.136496 0.990626 0.00542619
18.161 2.32211 29.9551 0.135656 0.990735 0.00648551
18.9213 2.21421 30.4467 0.136019 0.990679 0.00737988
20.1527 2.05275 29.1918 0.136289 0.99065 0.00622546
21.3258 1.89705 27.9963 0.136587 0.990619 0.00427961
22.4811 1.74191 26.8188 0.136802 0.990595 0.00267202
23.5556 1.59524 25.7235 0.137066 0.990561 0.00130656
24.6327 1.44695 24.6256 0.137755 0.990466 -0.000242974
25.4287 1.33508 23.814 0.138731 0.990329 -0.00138298
26.3519 1.20355 22.8726 0.139314 0.990246 -0.0022101
26.9703 1.11341 22.2418 0.141063 0.989986 -0.00536453
27.8092 0.996927 22.6541 0.140111 0.990114 -0.00656781
26.7426 1.15054 23.7418 0.137992 0.99043 -0.0024134
25.7659 1.28905 24.7377 0.13874 0.990327 -0.00199229
24.6993 1.43684 25.8249 0.13732 0.990526 0.000820749
23.699 1.5735 26.8444 0.13698 0.990572 0.00170742
22.3833 1.75041 28.1853 0.13666 0.99061 0.00408462
21.1826 1.90977 29.4089 0.136006 0.990694 0.00536375
20.3749 2.0157 30.2319 0.136129 0.990673 0.00603697
19.6748 2.10717 30.9453 0.135846 0.990705 0.00704548
20.9748 1.92928 30.8872 0.136011 0.990686 0.00653936
21.9098 1.80679 29.9344 0.135883 0.990706 0.00608099
22.8514 1.68229 28.975 0.1366 0.990616 0.00448126
23.7649 1.56057 28.0441 0.135831 0.990726 0.0033524
24.6451 1.44256 27.1472 0.136299 0.990663 0.00308288
25.4891 1.327 26.287 0.136773 0.990602 0.000497179
26.27 1.22002 25.4912 0.13712 0.990554 -0.000550378
27.0495 1.1101 24.6965 0.138051 0.990423 -0.00195922
27.883 0.991007 23.8466 0.139294 0.990247 -0.00280929
28.0696 0.964222 23.6564 0.139294 0.990247 -0.00280924
29.1888 0.808849 23.7831 0.138722 0.990318 -0.00520856
28.2769 0.939694 24.7129 0.137427 0.990506 -0.00340002
27.3781 1.06595 25.629 0.136844 0.990591 -0.00184591
26.4858 1.18993 26.5385 0.136324 0.990664 0.000812084
25.568 1.31488 27.4737 0.135662 0.990752 0.00259812
24.6989 1.43139 28.3593 0.135912 0.990717 0.00287469
23.9062 1.53685 29.1669 0.135749 0.990735 0.00406514
22.7732 1.68631 30.3212 0.135378 0.990778 0.00569753
21.4563 1.858 31.663 0.135506 0.990754 0.006734
22.3364 1.73524 32.0327 0.134842 0.990847 0.00636017
23.1834 1.62551 31.1698 0.134916 0.99084 0.00585665
23.988 1.52032 30.3502 0.135225 0.990801 0.00525349
24.8058 1.41228 29.5171 0.135301 0.990796 0.00401913
25.9789 1.2564 28.322 0.135662 0.990752 0.00259844
26.8007 1.14538 27.4846 0.136097 0.990695 0.00114276
27.5787 1.03959 26.6919 0.136908 0.990584 -0.000426693
28.4573 0.917171 25.7964 0.13709 0.990556 -0.00206529
29.4263 0.780544 24.8087 0.137427 0.990506 -0.00340003
29.6435 0.749386 24.5873 0.138722 0.990318 -0.00520857
30.4078 0.644623 25.0758 0.139329 0.99023 -0.00568841
29.4484 0.780668 26.0537 0.136712 0.990607 -0.00294614
28.4982 0.912965 27.0221 0.136173 0.990685 -0.00108998
27.4337 1.05819 28.1067 0.135531 0.990773 0.000810733
26.4256 1.19315 29.1337 0.134656 0.990889 0.00271688
25.4602 1.32097 30.1171 0.13444 0.990913 0.00414552
24.4622 1.45142 31.1337 0.134977 0.990836 0.00496377
23.677 1.55344 31.9335 0.134852 0.990845 0.00635755
23.2476 1.60907 32.3709 0.134847 0.990846 0.00635886
24.4449 1.44567 32.4177 0.134999 0.990824 0.00648658
25.3077 1.33441 31.5389 0.134481 0.990897 0.00619725
26.3364 1.20038 30.4913 0.134278 0.990931 0.00493776
27.5062 1.04568 29.2998 0.134737 0.990876 0.00324862
28.6402 0.893035 28.1445 0.135347 0.990798 0.000580941
29.4201 0.786933 27.35 0.135287 0.990806 -0.000338416
30.2327 0.673928 26.5219 0.13727 0.990528 -0.00338823
30.1993 0.680384 27.8233 0.134947 0.990853 6.21139e-05
29.1491 0.823414 28.8932 0.135003 0.990845 0.000865004
28.3476 0.930468 29.7095 0.133853 0.990997 0.00278512
27.489 1.04383 30.5839 0.133212 0.991079 0.00412101
26.6648 1.15129 31.4233 0.134222 0.990939 0.00482916
25.652 1.28223 32.4547 0.133771 0.990991 0.00643434
24.9976 1.36619 33.121 0.134283 0.99092 0.0067593
25.9791 1.23136 33.3877 0.134071 0.990947 0.00692684
27.0904 1.08936 32.2563 0.133771 0.990991 0.00643446
28.0953 0.95964 31.2331 0.133212 0.991079 0.0041214
28.9741 0.844075 30.3383 0.133885 0.990993 0.00266068
29.963 0.711869 29.3311 0.135155 0.990823 0.00150816
30.5607 0.631363 28.7224 0.134513 0.990912 -3.85184e-05
30.5377 0.632838 30.0126 0.133165 0.991093 0.00103161
29.6323 0.753549 30.9347 0.134494 0.990911 0.00248957
28.706 0.873819 31.8777 0.133432 0.99104 0.00591906
27.807 0.989487 32.7929 0.133605 0.991017 0.00596218
27.0836 1.08186 33.5294 0.132851 0.991116 0.00630735
28.0999 0.94413 33.7609 0.132147 0.991196 0.00822582
28.8795 0.844968 32.9674 0.131749 0.991268 0.00551744
29.7312 0.735442 32.1004 0.132063 0.99123 0.00467137
30.5164 0.633996 31.3012 0.132783 0.991144 0.00135963
30.1737 0.672793 32.9164 0.131731 0.991275 0.00466969
29.2408 0.791404 33.8658 0.132046 0.991218 0.00710618
13.5788 2.14367 -27.7682 0.175321 0.984233 -0.0233866
12.0067 2.45596 -26.1478 0.170671 0.985103 -0.0210699
10.4937 2.74854 -24.5905 0.168057 0.985557 -0.0208569
8.87129 3.05884 -22.9213 0.170256 0.985205 -0.0196203
7.241 3.3765 -21.2422 0.171783 0.984944 -0.0194018
5.80898 3.65814 -19.7662 0.175379 0.984261 -0.0217241
4.25132 3.98148 -18.1564 0.181762 0.983076 -0.0228914
2.86524 4.29687 -16.7174 0.195175 0.980348 -0.0287205
1.39919 4.63592 -15.1939 0.196366 0.98006 -0.0303809
0.173342 4.92171 -13.9196 0.196474 0.980014 -0.0311672
-1.37507 5.28384 -12.3089 0.194175 0.980461 -0.0314991
0.424355 4.904 -12.904 0.196652 0.979966 -0.0315269
1.87023 4.56626 -14.4078 0.196368 0.980046 -0.0308183
3.24969 4.24633 -15.8414 0.195234 0.980323 -0.0291739
4.66106 3.92847 -17.306 0.186251 0.982085 -0.0286231
6.24955 3.59812 -18.9472 0.174952 0.984317 -0.0226339
7.71561 3.3097 -20.4582 0.169535 0.985312 -0.0204508
9.1099 3.039 -21.8941 0.170058 0.985212 -0.0209132
10.4817 2.77745 -23.3054 0.167565 0.985654 -0.0201821
11.896 2.50483 -24.7608 0.169008 0.985378 -0.0215784
13.428 2.20504 -26.3386 0.17309 0.984639 -0.0229308
14.8922 1.90476 -27.8498 0.179676 0.983391 -0.0256617
15.1656 1.84742 -28.1322 0.180368 0.983277 -0.0251803
16.4596 1.60515 -28.1955 0.183365 0.982703 -0.0259286
14.7504 1.96588 -26.4293 0.178843 0.983605 -0.0231467
13.2867 2.26132 -24.9197 0.171757 0.984899 -0.0217775
11.9923 2.51479 -23.5869 0.167303 0.985683 -0.0209668
10.5127 2.79785 -22.0647 0.16604 0.985898 -0.0208533
9.03924 3.07959 -20.5484 0.168788 0.985419 -0.0214611
7.32192 3.41209 -18.7798 0.169536 0.985316 -0.020246
6.00832 3.67599 -17.4249 0.1807 0.98322 -0.0249978
4.67802 3.95648 -16.0491 0.192164 0.981027 -0.025674
3.28462 4.27624 -14.6023 0.196412 0.980063 -0.0299748
2.16929 4.53594 -13.4428 0.197642 0.979858 -0.0285619
4.37514 4.06308 -14.4595 0.19143 0.980949 -0.0330783
5.69264 3.76743 -15.8255 0.182416 0.982774 -0.0296743
7.01681 3.50107 -17.1919 0.173786 0.984534 -0.0221487
8.52001 3.20724 -18.7406 0.168281 0.985521 -0.0207349
9.88779 2.94439 -20.1488 0.166784 0.98575 -0.0219248
11.317 2.67129 -21.6193 0.16725 0.98569 -0.0210227
12.7169 2.40313 -23.0598 0.169112 0.985352 -0.0219864
13.97 2.15523 -24.3503 0.173193 0.98458 -0.0246235
15.6136 1.81645 -26.0469 0.179785 0.983396 -0.0247062
16.8825 1.54786 -27.3583 0.184992 0.982422 -0.0249982
18.065 1.29157 -28.5819 0.187887 0.981853 -0.02577
19.4388 1.02275 -28.7302 0.190769 0.981283 -0.0262922
18.145 1.30831 -27.3897 0.188058 0.981806 -0.0262789
16.8807 1.58239 -26.0817 0.184557 0.982445 -0.0272115
15.6151 1.84715 -24.7746 0.177873 0.98375 -0.0244246
14.121 2.15589 -23.2327 0.173378 0.9846 -0.0224018
12.8115 2.41195 -21.8844 0.168152 0.985546 -0.020599
11.5108 2.66197 -20.5458 0.167249 0.985668 -0.0220737
9.85821 2.97775 -18.8452 0.165318 0.986003 -0.0216122
8.15729 3.30435 -17.0941 0.168044 0.985543 -0.0215803
6.90301 3.55228 -15.801 0.174131 0.984503 -0.0207938
6.24182 3.68806 -15.1185 0.180095 0.983168 -0.0307703
8.49132 3.26879 -16.1651 0.168384 0.985427 -0.0240884
10.1356 2.95301 -17.8576 0.165299 0.985992 -0.0222747
11.4592 2.70002 -19.2197 0.166372 0.985818 -0.0219756
12.7191 2.45719 -20.5164 0.168117 0.985523 -0.0219138
14.0029 2.20748 -21.8381 0.17129 0.984967 -0.0223412
15.2823 1.95036 -23.157 0.177641 0.98381 -0.0236931
16.6822 1.65694 -24.6025 0.181005 0.983139 -0.0259927
18.3016 1.30993 -26.2766 0.18477 0.982407 -0.0271464
19.7864 0.98049 -27.8149 0.190393 0.981318 -0.0276872
20.3299 0.858621 -28.3785 0.193615 0.980653 -0.0288631
20.3486 0.890978 -27.1217 0.190645 0.981235 -0.0288644
19.0174 1.18964 -25.7424 0.18841 0.981662 -0.0290031
17.5593 1.5052 -24.2344 0.181005 0.983139 -0.0259927
16.1527 1.80092 -22.7818 0.179403 0.983471 -0.0244631
14.9112 2.05577 -21.5009 0.174422 0.984411 -0.022616
13.5917 2.31634 -20.1418 0.169456 0.985302 -0.0215409
12.2531 2.57603 -18.7639 0.16728 0.98566 -0.0221938
10.8317 2.84878 -17.301 0.16554 0.985955 -0.0221253
10.5543 2.90176 -17.0156 0.16554 0.985955 -0.0221253
12.6263 2.533 -17.8751 0.167382 0.985606 -0.0237311
14.0622 2.25281 -19.3533 0.169603 0.985248 -0.022844
15.4024 1.98646 -20.7341 0.174976 0.984275 -0.0242297
16.6372 1.73284 -22.0082 0.178512 0.983594 -0.0260219
18.4346 1.35383 -23.8646 0.181041 0.983101 -0.0271338
19.9241 1.02538 -25.4061 0.188979 0.981479 -0.0313839
20.7594 0.837091 -26.2716 0.190798 0.981169 -0.0300679
20.9477 0.835747 -25.1907 0.189044 0.981431 -0.0325038
19.5306 1.1518 -23.7235 0.184934 0.982292 -0.0300272
18.1753 1.44395 -22.3224 0.181397 0.983028 -0.0273988
16.8565 1.72075 -20.9606 0.177289 0.983846 -0.0248012
15.4619 2.0048 -19.5224 0.173882 0.984487 -0.0234474
14.5197 2.19263 -18.5516 0.169701 0.985232 -0.0227994
16.9018 1.74389 -19.7338 0.175258 0.984196 -0.0253658
18.5045 1.40971 -21.3881 0.180165 0.983271 -0.0268064
20.1359 1.05764 -23.0747 0.185 0.98228 -0.0300022
21.1001 0.84287 -24.0728 0.187874 0.981638 -0.0330204
21.5557 0.782699 -23.2689 0.186753 0.981847 -0.0331504
20.2617 1.06929 -21.9298 0.184941 0.982276 -0.0305072
19.111 1.31676 -20.7404 0.180126 0.983218 -0.0289435
20.7705 0.996991 -21.181 0.182175 0.98278 -0.0309168
21.5806 0.819246 -22.0189 0.182904 0.982622 -0.0316133
