47.5641 45.769 -24.5933 -0.65208 -0.757911 -0.0190319
46.7857 46.4285 -24.0921 -0.65546 -0.754984 -0.0192633
46.134 46.9776 -23.4521 -0.656828 -0.753777 -0.0198493
46.1118 46.9871 -23.0768 -0.65683 -0.753775 -0.0198495
46.8553 46.3504 -23.4014 -0.655365 -0.75506 -0.0194934
47.3785 45.9058 -23.6814 -0.65208 -0.757912 -0.0190296
48.0027 45.3835 -24.2661 -0.649623 -0.760015 -0.0189002
48.6028 44.8855 -24.7408 -0.647166 -0.762118 -0.0187809
48.5958 44.8956 -24.9073 -0.647285 -0.762024 -0.0184786
48.0245 45.3779 -24.7963 -0.649625 -0.760013 -0.0189042
47.7968 45.5713 -24.6946 -0.652083 -0.757909 -0.0190297
47.625 45.7336 -25.3969 -0.650209 -0.759617 -0.0144829
48.2317 45.222 -25.7054 -0.64529 -0.763808 -0.0140463
48.7723 44.7718 -26.0599 -0.64547 -0.763667 -0.0134223
49.3095 44.3267 -26.2342 -0.637497 -0.770276 -0.0152712
49.923 43.8238 -26.4564 -0.631784 -0.774842 -0.0215763
50.5086 43.3541 -26.5844 -0.624127 -0.780931 -0.0247451
50.0855 43.6729 -25.7685 -0.632712 -0.774121 -0.0203092
49.6585 44.0074 -25.1631 -0.640439 -0.767748 -0.0200257
49.1668 44.4001 -24.4786 -0.643937 -0.764826 -0.0191536
48.4709 44.9731 -23.8643 -0.649236 -0.760104 -0.0271141
47.9536 45.3979 -23.2871 -0.651166 -0.758591 -0.0228513
47.4338 45.8364 -22.9477 -0.653793 -0.756317 -0.0232168
46.5437 46.5932 -22.4346 -0.656736 -0.753759 -0.0233459
45.709 47.3181 -22.2795 -0.65906 -0.751756 -0.0224115
45.078 47.8702 -22.2373 -0.660214 -0.750809 -0.0200659
44.2212 48.6088 -21.7016 -0.660399 -0.750602 -0.0216593
44.0099 48.7994 -21.8619 -0.661309 -0.749836 -0.020414
44.3463 48.518 -22.4046 -0.660154 -0.750857 -0.0202449
44.9207 48.0275 -22.9528 -0.660278 -0.750758 -0.0198871
45.5538 47.4937 -23.81 -0.657418 -0.75334 -0.0167313
46.1862 46.9557 -24.4478 -0.656001 -0.754582 -0.0162384
46.6689 46.5469 -24.8699 -0.654708 -0.755731 -0.0151273
47.1718 46.1178 -25.198 -0.652457 -0.757675 -0.0148049
47.4886 45.8493 -25.3375 -0.650206 -0.75962 -0.0144825
47.2877 46.0312 -25.9958 -0.650515 -0.759433 -0.00804362
46.6628 46.5683 -25.7147 -0.65424 -0.756196 -0.0115439
46.0985 47.0493 -25.315 -0.657981 -0.752944 -0.00991455
45.5181 47.5468 -24.8131 -0.658544 -0.7524 -0.014462
45.0107 47.9768 -24.1125 -0.660178 -0.750902 -0.0176206
44.3025 48.5803 -23.3259 -0.659875 -0.751157 -0.0181099
43.6748 49.121 -22.8323 -0.661444 -0.749744 -0.0193691
43.2512 49.4807 -22.3135 -0.661054 -0.750045 -0.0209769
42.833 49.8309 -21.6614 -0.661028 -0.750057 -0.0213503
42.2705 50.3057 -20.8741 -0.663233 -0.747997 -0.0247816
42.7765 49.8535 -20.7052 -0.660858 -0.750213 -0.021144
43.5479 49.1782 -20.8708 -0.661113 -0.749984 -0.0212981
44.147 48.654 -21.0044 -0.660741 -0.750305 -0.0215313
44.8993 47.9934 -21.0484 -0.660438 -0.75057 -0.021574
45.394 47.5667 -21.3433 -0.660364 -0.750631 -0.021749
46.0244 47.0139 -21.3385 -0.658083 -0.752619 -0.0221567
46.5378 46.5735 -21.5945 -0.657099 -0.753478 -0.022179
47.0759 46.1152 -21.9931 -0.656985 -0.753382 -0.0277311
47.6197 45.6521 -22.2499 -0.655973 -0.754255 -0.0282561
48.2145 45.1541 -22.6801 -0.652489 -0.757324 -0.0268247
48.7681 44.6992 -23.3034 -0.651829 -0.757956 -0.0248385
49.3486 44.2218 -23.7759 -0.647531 -0.761592 -0.0261201
49.8339 43.8296 -24.1976 -0.643473 -0.764999 -0.0267478
50.4475 43.3509 -25.1505 -0.639877 -0.767864 -0.0307004
50.8045 43.0898 -25.7841 -0.626444 -0.778849 -0.0308827
51.2114 42.7948 -26.6506 -0.626205 -0.779022 -0.0314118
51.1682 42.8533 -27.3616 -0.619424 -0.784687 -0.0240805
50.4324 43.4404 -27.4405 -0.62302 -0.781902 -0.0218043
49.8513 43.9011 -27.357 -0.625411 -0.780062 -0.0181879
49.1986 44.4317 -27.2689 -0.640086 -0.768183 -0.0115513
48.5943 44.9369 -26.9318 -0.645649 -0.763527 -0.0128016
48.0224 45.4119 -26.437 -0.646135 -0.763179 -0.00634405
47.5314 45.8256 -26.1155 -0.646731 -0.76269 -0.00654799
