-0.878085 78.0247 -19.1457 -0.366194 -0.930429 -0.00283508
-1.86649 78.3972 -18.9834 -0.355742 -0.934517 -0.00992129
-2.95721 78.7842 -18.7485 -0.330685 -0.943741 0.00066111
-4.1901 79.196 -18.4445 -0.294855 -0.955129 -0.0182518
-5.15914 79.4626 -18.0165 -0.276716 -0.960696 -0.0210324
-6.07145 79.6804 -17.7199 -0.234794 -0.971942 -0.0141317
-7.14349 79.911 -17.4401 -0.193665 -0.98096 -0.0145121
-8.11845 80.0926 -17.2375 -0.171639 -0.985156 -0.00271209
-9.405 80.2833 -17.0067 -0.12755 -0.991813 0.0061813
-10.6505 80.4148 -17.0113 -0.074886 -0.996903 0.023991
-11.6896 80.4715 -17.1435 -0.0391239 -0.998807 0.0292348
-12.7633 80.5004 -17.4264 -0.0166409 -0.999786 0.0122506
-13.9447 80.4925 -17.7882 0.0124736 -0.999465 0.0302477
-15.1449 80.4608 -18.0603 0.0325009 -0.999381 0.0134624
-16.2512 80.3993 -18.3225 0.0790628 -0.99685 0.00618986
-17.366 80.2861 -18.5361 0.102363 -0.994626 0.0145572
-18.3704 80.1705 -18.6228 0.12594 -0.991826 0.0204868
-19.6072 80.0014 -18.6559 0.145496 -0.989313 0.00811546
-20.6699 79.8363 -18.7035 0.180004 -0.983656 0.00403414
-21.8851 79.6146 -18.6919 0.18419 -0.982877 0.000568579
-22.9901 79.395 -18.5593 0.207098 -0.978276 -0.00924814
-24.005 79.1628 -18.2981 0.226917 -0.973764 -0.0171085
-24.9025 78.9311 -17.9592 0.24475 -0.969452 -0.0161311
-25.8321 78.6792 -17.5124 0.257409 -0.966108 -0.0192487
-26.7034 78.4232 -16.9716 0.275409 -0.961049 -0.0231311
-27.7104 78.1002 -16.0456 0.291697 -0.95608 -0.0287163
-28.8534 77.7173 -15.2388 0.3044 -0.951765 -0.0385253
-29.6649 77.4197 -14.4171 0.319106 -0.946993 -0.0371023
-30.2438 77.1875 -13.598 0.329433 -0.943124 -0.0446292
-30.8628 76.9328 -12.8297 0.33968 -0.939583 -0.0423671
-31.6343 76.5991 -11.6548 0.34727 -0.936803 -0.0424605
-32.3178 76.2981 -10.6621 0.354169 -0.93417 -0.0434863
-32.7709 76.0813 -9.80636 0.359821 -0.931522 -0.0528673
-33.3627 75.7906 -8.75332 0.374789 -0.925912 -0.0471174
-33.9429 75.5042 -7.74432 0.384592 -0.921616 -0.0516902
-34.4316 75.2371 -6.72926 0.389361 -0.919731 -0.0497417
-35.0268 74.9109 -5.49311 0.40431 -0.913173 -0.0514508
-35.3929 74.6982 -4.58026 0.404524 -0.913138 -0.0503979
-35.8532 74.437 -3.69364 0.417685 -0.907029 -0.0532643
-36.438 74.0968 -2.5911 0.430011 -0.901029 -0.0568942
-36.6389 73.9333 -1.43369 0.436545 -0.898167 -0.0521914
-36.6249 73.8806 -0.258418 0.436931 -0.898681 -0.0382507
-36.6162 73.839 0.864608 0.436488 -0.899031 -0.034948
-36.5957 73.8121 1.83483 0.436498 -0.899097 -0.0330687
-36.5922 73.7666 3.17541 0.439818 -0.897532 -0.0315772
-36.5169 73.7727 4.27712 0.432728 -0.901149 -0.0253974
-36.5197 73.7494 5.2583 0.434687 -0.900353 -0.0202874
-36.4719 73.7487 6.51543 0.433898 -0.900868 -0.0127366
-36.5168 73.7144 7.59472 0.432158 -0.901727 -0.0113056
-36.6706 73.6362 8.94977 0.43341 -0.901189 0.00155525
-36.5711 73.6865 10.0404 0.422549 -0.906281 0.00739758
-36.5063 73.7315 11.0459 0.419073 -0.907856 0.0132346
-35.9851 73.9829 11.8202 0.413767 -0.910289 0.0118054
-35.137 74.3693 12.3985 0.408493 -0.912703 0.0102875
-34.3934 74.7001 12.9551 0.400498 -0.916223 0.0111414
-33.4637 75.1057 13.6345 0.394512 -0.918869 -0.00209927
-32.6788 75.4364 14.1494 0.387577 -0.921832 -0.00159158
-31.699 75.8388 14.8895 0.379024 -0.925372 -0.00462803
-30.6911 76.2387 15.6168 0.367214 -0.930081 -0.00850203
-29.9816 76.5116 16.2305 0.364727 -0.931096 -0.00583139
-28.9588 76.8959 17.2435 0.347458 -0.937695 0.00085769
-28.0721 77.2202 17.8421 0.337814 -0.94115 -0.0109249
-27.1793 77.5313 18.3691 0.325174 -0.945623 -0.00768247
-25.9825 77.9243 18.912 0.312922 -0.949682 -0.0135896
-24.981 78.2373 19.4138 0.286507 -0.957963 -0.0147587
-24.0107 78.5235 19.7653 0.282666 -0.959128 -0.0121186
-22.5996 78.9109 20.0687 0.257341 -0.966085 -0.0194155
-21.4541 79.191 19.9951 0.235414 -0.971763 -0.0159386
-20.2929 79.4606 19.6724 0.212168 -0.976955 -0.0219097
-19.2191 79.6839 19.6072 0.201628 -0.97913 -0.0255181
-18.1071 79.8874 19.3742 0.148891 -0.988845 -0.00153106
-16.8407 80.0551 18.9026 0.108371 -0.993971 -0.0166303
-15.8844 80.1626 18.5323 0.0744424 -0.997075 -0.0173136
-14.8924 80.2412 18.309 0.0749905 -0.997022 -0.017988
-13.8755 80.3206 18.0152 0.0511054 -0.998166 -0.0222227
-12.7713 80.3454 17.5915 -0.0105338 -0.999558 -0.0278044
-11.5934 80.3317 17.2447 -0.0237607 -0.999438 -0.0236539
-10.6443 80.3022 16.8923 -0.0729072 -0.996881 -0.0297151
-9.33803 80.214 16.49 -0.0904591 -0.995484 -0.0287762
-8.06584 80.054 16.2794 -0.163731 -0.986134 -0.0223458
-6.94634 79.8536 16.194 -0.183836 -0.982837 -0.0122796
-5.75451 79.5946 16.1445 -0.211071 -0.977311 -0.0173778
-4.60617 79.3166 16.2456 -0.250064 -0.968108 0.000258173
-3.48696 79.009 16.4401 -0.276544 -0.960889 -0.0068148
-2.53185 78.7238 16.6936 -0.294095 -0.955708 -0.00101029
-1.55902 78.4056 16.9242 -0.32284 -0.94641 -0.00266136
-0.617677 78.0767 17.1777 -0.336798 -0.941486 0.00519329
0.669127 77.5983 17.4097 -0.349488 -0.936929 0.00477181
1.94611 77.0934 17.6851 -0.382658 -0.923867 0.00449362
3.02563 76.6415 17.8703 -0.387443 -0.921888 0.00281599
3.95779 76.2391 17.8543 -0.402034 -0.915586 0.00524277
5.07823 75.7312 17.6538 -0.415822 -0.909414 0.00660553
6.29352 75.1589 17.4065 -0.430055 -0.902779 0.00659227
7.20774 74.7205 17.1875 -0.440008 -0.897993 0.000879406
8.66235 74.0075 17.0074 -0.442317 -0.896855 -2.6537e-05
9.58818 73.5456 16.8052 -0.450138 -0.892958 0.00050192
10.5887 73.0401 16.6309 -0.451571 -0.892234 0.000693701
11.51 72.5679 16.3384 -0.45747 -0.889225 -3.51227e-05
12.405 72.109 15.8925 -0.45647 -0.889738 -0.00124341
13.401 71.5956 15.3741 -0.460575 -0.887618 -0.00204058
14.2293 71.1673 14.8686 -0.46016 -0.887835 -0.00131096
15.0557 70.7383 14.2677 -0.460775 -0.887516 0.000610475
15.8606 70.3205 13.5208 -0.458706 -0.888587 0.00146502
16.853 69.8067 12.6366 -0.456167 -0.889878 0.00541925
17.5245 69.4582 11.6617 -0.452954 -0.891499 0.00784702
18.2777 69.0727 10.8507 -0.445809 -0.895076 0.00928211
18.8539 68.7717 10.068 -0.440296 -0.897669 0.0181358
19.3218 68.5202 9.2203 -0.443049 -0.896179 0.0239162
19.6098 68.3465 8.14173 -0.441193 -0.896589 0.0384226
19.6544 68.2731 6.93036 -0.443357 -0.895489 0.0390979
19.602 68.245 5.76341 -0.453179 -0.890572 0.0387925
19.4957 68.2424 4.64551 -0.46001 -0.886577 0.0486965
19.338 68.2711 3.65808 -0.470016 -0.881312 0.0486856
19.2188 68.2648 2.47573 -0.477132 -0.877338 0.0505773
19.1964 68.2188 1.34475 -0.482922 -0.874153 0.0514015
19.1134 68.2119 0.340903 -0.486543 -0.872545 0.044037
19.0889 68.1585 -0.972826 -0.495186 -0.867825 0.0406358
19.0496 68.1363 -2.01218 -0.502683 -0.863713 0.036139
19.2644 67.976 -2.96423 -0.504664 -0.862825 0.0291088
19.2587 67.9486 -4.01504 -0.505636 -0.862434 0.0230719
19.3713 67.8532 -5.34857 -0.504533 -0.863214 0.0175744
19.4667 67.7747 -6.45487 -0.503164 -0.864029 0.0166737
19.586 67.6895 -7.48985 -0.501182 -0.86524 0.0132547
19.5879 67.6733 -8.60381 -0.499494 -0.866273 0.0087806
19.4541 67.7393 -9.57809 -0.497641 -0.867338 0.00862382
19.0646 67.9491 -10.5063 -0.494375 -0.869155 0.0127718
18.4004 68.3106 -11.5543 -0.494118 -0.869276 0.0143652
17.7108 68.683 -12.4605 -0.491367 -0.870757 0.01836
17.0064 69.0661 -13.2051 -0.492279 -0.870236 0.0187156
16.337 69.4163 -14.1598 -0.491101 -0.870763 0.0243371
15.5514 69.8296 -15.1593 -0.490596 -0.871012 0.0255742
14.7033 70.2856 -15.9056 -0.492994 -0.869621 0.0267743
14.081 70.6156 -16.5828 -0.487214 -0.87297 0.0233462
13.3516 71.0082 -17.1459 -0.48655 -0.87335 0.0229616
12.3573 71.5479 -17.6172 -0.483064 -0.875236 0.0246385
11.2183 72.1633 -18.052 -0.482544 -0.875577 0.0227137
10.2499 72.6819 -18.4323 -0.477583 -0.87827 0.0235295
9.18315 73.2467 -18.7842 -0.469429 -0.882739 0.0198267
8.09776 73.813 -19.105 -0.465716 -0.884777 0.0166017
7.22553 74.262 -19.3169 -0.460137 -0.887708 0.015734
6.22388 74.7725 -19.4654 -0.452776 -0.891517 0.0138221
5.30092 75.2362 -19.5149 -0.441262 -0.897331 0.00891572
4.00407 75.8716 -19.4534 -0.436216 -0.899802 0.00668239
2.96617 76.3664 -19.3515 -0.419876 -0.907512 0.00385107
1.94789 76.8254 -19.2897 -0.41096 -0.911652 0.0013039
0.963157 77.2605 -19.2805 -0.394841 -0.918748 0.00157414
-0.208061 77.7503 -19.2348 -0.379018 -0.925389 -0.000375497
-0.517549 77.8771 -19.1919 -0.379018 -0.925389 -0.000370333
-0.735247 77.9763 -20.1635 -0.371042 -0.928507 -0.0115246
-1.94735 78.4427 -19.9119 -0.348874 -0.937021 -0.0133947
-3.04578 78.8308 -19.695 -0.324247 -0.945754 -0.0199403
-4.32716 79.2561 -19.3609 -0.315809 -0.94852 -0.0239684
-5.33707 79.5312 -19.0586 -0.248644 -0.968384 -0.0202192
-6.22428 79.7399 -18.676 -0.233122 -0.971998 -0.0295686
-7.27373 79.9568 -18.3797 -0.199394 -0.979615 -0.024423
-8.5112 80.1708 -18.1071 -0.148456 -0.988526 -0.00596842
-9.7986 80.3285 -17.8794 -0.124718 -0.992178 0.00222166
-10.7836 80.4133 -17.9569 -0.0848514 -0.996392 -0.00184728
-11.8352 80.4669 -18.1339 -0.0534553 -0.998507 0.00755917
-12.8267 80.4848 -18.4457 -0.0144104 -0.999714 0.0191099
-13.8006 80.4846 -18.7466 0.0207258 -0.999665 0.014139
-15.0264 80.449 -19.0123 0.0253857 -0.999585 0.0111927
-16.0269 80.3961 -19.2538 0.0609539 -0.997827 0.0250284
-17.0634 80.303 -19.4245 0.092319 -0.995408 0.0228716
-18.283 80.1713 -19.588 0.11407 -0.993354 0.0123006
-19.2988 80.0409 -19.6254 0.128726 -0.991616 0.0112793
-20.6875 79.8301 -19.6858 0.15863 -0.987299 0.00879853
-21.8144 79.6276 -19.6416 0.179177 -0.983766 -0.00866934
-22.9253 79.4133 -19.5247 0.193025 -0.981161 -0.00799041
-23.8885 79.2056 -19.3113 0.218665 -0.975685 -0.0149678
-25.2003 78.8799 -18.8852 0.245253 -0.969099 -0.0255646
-26.2502 78.5917 -18.3894 0.259382 -0.965312 -0.0293568
-27.3166 78.2764 -17.7144 0.276126 -0.960489 -0.0332238
-28.0163 78.0428 -17.0415 0.290533 -0.955957 -0.0416719
-29.0416 77.7 -16.2282 0.297994 -0.95385 -0.0357235
-29.8309 77.4167 -15.622 0.310968 -0.949485 -0.0421656
-30.4278 77.1835 -14.8746 0.331394 -0.942409 -0.0452082
-31.0243 76.9366 -14.087 0.335261 -0.941012 -0.0455264
-31.7231 76.6403 -13.1929 0.344823 -0.937474 -0.0467403
-32.3795 76.346 -12.2085 0.351689 -0.935156 -0.0422985
-32.9601 76.0863 -11.3504 0.355877 -0.933513 -0.0436158
-33.416 75.8699 -10.4722 0.358526 -0.932231 -0.0488444
-33.8574 75.6502 -9.63443 0.36217 -0.9304 -0.0563963
-34.5227 75.3048 -8.42098 0.382237 -0.921877 -0.0635036
-35.0068 75.0434 -7.49231 0.38706 -0.920028 -0.0608221
-35.5102 74.7529 -6.43926 0.393713 -0.91666 -0.0687321
-35.9974 74.4732 -5.29953 0.396337 -0.916818 -0.0486087
-36.5036 74.1939 -4.31731 0.408824 -0.910116 -0.0669433
-37.1964 73.7883 -3.15355 0.438471 -0.895317 -0.073844
-37.4616 73.5616 -2.09928 0.450438 -0.891003 -0.0567417
-37.4639 73.5008 -1.1 0.455316 -0.888958 -0.049411
-37.4465 73.4576 0.135013 0.443832 -0.895472 -0.0338123
-37.4372 73.4166 1.31967 0.445749 -0.894367 -0.0376142
-37.4406 73.3721 2.45473 0.444996 -0.895106 -0.0276531
-37.4254 73.3462 3.532 0.445328 -0.894941 -0.0276523
-37.3873 73.338 4.59555 0.442603 -0.896527 -0.0184934
-37.3989 73.3129 5.57584 0.447353 -0.894151 -0.0192138
-37.3231 73.3262 7.01708 0.448376 -0.893751 -0.012986
-37.493 73.2355 8.11442 0.442425 -0.896798 0.0038109
-37.4648 73.2545 9.21074 0.436209 -0.899839 0.00324589
-37.442 73.2793 10.3124 0.432034 -0.901705 0.0162922
-37.4082 73.3158 11.3556 0.425148 -0.904893 0.020429
-36.7025 73.6696 12.4828 0.409173 -0.91222 0.0207966
-35.7298 74.1178 13.1212 0.404547 -0.914295 0.0201807
-34.8916 74.4936 13.7735 0.392955 -0.919537 0.00617095
-34.1378 74.8186 14.3228 0.390613 -0.920555 -7.57047e-05
-33.2455 75.1969 14.8431 0.387585 -0.921829 -0.00159374
-32.4418 75.5309 15.4248 0.383375 -0.923584 -0.00319612
-31.7149 75.8273 16.0666 0.379156 -0.925331 0.00172858
-30.9576 76.1305 16.6127 0.370815 -0.928706 0.000954312
-30.1273 76.4543 17.4832 0.362789 -0.931868 0.00264659
-29.375 76.74 18.0855 0.350463 -0.936571 0.00330991
-28.5408 77.0509 18.617 0.339875 -0.940454 0.000805842
-27.6559 77.3608 19.1496 0.326385 -0.945229 -0.00385683
-26.8195 77.6488 19.5649 0.316788 -0.948432 0.00070794
-25.9505 77.9307 19.9939 0.306794 -0.951768 0.00391934
-25.0589 78.2085 20.4165 0.283466 -0.958981 -0.00160199
-24.0767 78.4954 20.7278 0.279398 -0.960147 -0.00739426
-23.0571 78.776 21.007 0.262327 -0.96485 -0.0151803
-21.8619 79.0763 21.1018 0.235358 -0.971877 -0.00735928
-20.8869 79.3133 20.8302 0.227655 -0.973625 -0.0128997
-19.8345 79.5444 20.6118 0.205747 -0.978524 -0.0115135
-18.7155 79.7576 20.4915 0.171505 -0.984503 -0.0366014
-17.7793 79.9162 20.24 0.129802 -0.991284 -0.0225262
-16.5979 80.0662 19.8335 0.108716 -0.993938 -0.0163501
-15.3642 80.1868 19.3894 0.0739004 -0.997127 -0.0166392
-14.302 80.2649 19.1597 0.0542914 -0.998038 -0.0311811
-13.3883 80.309 18.8088 0.0190287 -0.999394 -0.0291565
-12.3819 80.3185 18.4562 -0.0165425 -0.999476 -0.0278362
-11.4143 80.2968 18.2101 -0.0366471 -0.999267 -0.01109
-10.3877 80.2603 17.7829 -0.0757097 -0.996814 -0.0251114
-9.11572 80.1636 17.3857 -0.102262 -0.994173 -0.0341044
-7.78319 79.9881 17.1703 -0.152916 -0.987914 -0.0253358
-6.47884 79.748 17.1203 -0.19254 -0.981178 -0.0147498
-5.34287 79.4958 17.1204 -0.229517 -0.973303 -0.00181159
-4.18296 79.1995 17.1895 -0.261596 -0.96516 0.00582993
-3.12126 78.9027 17.5273 -0.287032 -0.957895 0.00707331
-2.18384 78.6138 17.7328 -0.306094 -0.951901 0.0138206
-1.2552 78.3028 17.9661 -0.323117 -0.946339 0.00458006
-0.273643 77.9519 18.1652 -0.34596 -0.93818 0.0091676
0.771295 77.5668 18.3928 -0.365086 -0.930719 0.0217955
1.94247 77.1042 18.6513 -0.386486 -0.922133 0.016839
2.83668 76.7282 18.7623 -0.387541 -0.92173 0.0139985
3.78691 76.3213 18.7997 -0.403955 -0.914756 0.00651695
4.82633 75.8541 18.6397 -0.416429 -0.909128 0.00710497
5.738 75.4316 18.4637 -0.423805 -0.905691 0.0106259
6.61012 75.0164 18.2991 -0.435552 -0.90014 0.0065871
7.57694 74.5435 18.0432 -0.439155 -0.898378 0.00769931
8.97552 73.8523 17.9443 -0.445813 -0.895116 0.00334363
9.90407 73.3861 17.7205 -0.452284 -0.891871 0.00240168
10.8274 72.9184 17.5645 -0.456059 -0.889949 -0.000851768
11.7696 72.4347 17.281 -0.458966 -0.888452 -0.000324024
12.8226 71.8908 16.7344 -0.45899 -0.888439 -0.00218316
13.7247 71.4256 16.2738 -0.460019 -0.887907 -0.00188199
14.5956 70.9762 15.6938 -0.460162 -0.887833 -0.00130973
15.4554 70.5303 15.139 -0.46022 -0.887797 -0.00375562
16.3868 70.0488 14.2819 -0.458337 -0.888777 0.000533831
17.0929 69.6855 13.672 -0.456947 -0.889494 0.000465355
17.6916 69.379 12.9297 -0.453407 -0.891303 0.000498437
18.5302 68.9552 11.9418 -0.450521 -0.892765 -0.00123166
19.1636 68.6359 11.2309 -0.4388 -0.898488 0.0126099
19.7302 68.3466 10.3038 -0.440917 -0.897427 0.0141438
20.3708 68.0035 8.8771 -0.438283 -0.898304 0.0294471
20.5072 67.8879 7.74952 -0.441435 -0.896464 0.038578
20.47 67.8605 6.76267 -0.440565 -0.896727 0.0422186
20.4309 67.8213 5.62674 -0.447817 -0.892938 0.0460504
20.2623 67.8228 4.21796 -0.461455 -0.885325 0.0563885
20.0836 67.8403 3.10097 -0.472297 -0.879806 0.0534986
20.0114 67.7983 1.86006 -0.477132 -0.877338 0.0505773
19.9328 67.77 0.711193 -0.489523 -0.870415 0.0522263
19.9724 67.6851 -0.318366 -0.495058 -0.86746 0.0490167
19.8702 67.6824 -1.46071 -0.500673 -0.86455 0.0429831
20.0627 67.5154 -2.72405 -0.51011 -0.859455 0.0330065
20.0957 67.4612 -3.88387 -0.509174 -0.860273 0.0258967
20.149 67.4055 -4.85262 -0.509951 -0.860004 0.018519
20.2855 67.3014 -6.03305 -0.505794 -0.862549 0.0134719
20.3919 67.2209 -7.29528 -0.504574 -0.863318 0.00890728
20.4706 67.166 -8.39278 -0.501469 -0.865134 0.00837097
20.324 67.2399 -9.71663 -0.499478 -0.866304 0.00621192
19.8174 67.5161 -10.8955 -0.493918 -0.869429 0.0117562
19.3519 67.7694 -11.7151 -0.49321 -0.869826 0.0120437
18.7031 68.1225 -12.5442 -0.491363 -0.870824 0.0151181
17.8086 68.6033 -13.6237 -0.491355 -0.870763 0.0183712
17.0099 69.021 -14.7269 -0.489852 -0.871379 0.0272147
16.2326 69.4256 -15.7645 -0.49148 -0.870396 0.0292927
15.3559 69.8957 -16.5549 -0.493016 -0.86963 0.0260506
14.7218 70.2357 -17.2497 -0.494719 -0.868744 0.0231629
13.6297 70.8284 -18.0902 -0.487313 -0.872919 0.023132
12.5454 71.4209 -18.5045 -0.484293 -0.874638 0.0214805
11.5279 71.9714 -18.8957 -0.48239 -0.875715 0.0205646
10.5387 72.5041 -19.3193 -0.477963 -0.878142 0.020323
9.52747 73.042 -19.6643 -0.473182 -0.880744 0.0197048
8.44831 73.6125 -19.9547 -0.465716 -0.884777 0.0166016
7.30451 74.2041 -20.2854 -0.460853 -0.887351 0.0148559
6.3884 74.6792 -20.395 -0.456784 -0.889483 0.0114194
5.37226 75.1959 -20.5081 -0.453833 -0.891072 0.00517181
4.50137 75.6269 -20.3861 -0.442165 -0.896928 -0.00250471
3.57203 76.0825 -20.3972 -0.43129 -0.9022 -0.004978
2.5609 76.5564 -20.2553 -0.414026 -0.910197 -0.0110941
1.54891 77.0153 -20.2423 -0.404817 -0.914287 -0.0112108
0.502021 77.4667 -20.1841 -0.389194 -0.921076 -0.010136
-0.180184 77.7497 -20.1854 -0.380748 -0.924596 -0.0119012
-0.262092 77.8013 -21.122 -0.38337 -0.923245 -0.0254338
-1.19628 78.1701 -21.0954 -0.364182 -0.931147 -0.0183664
-2.20953 78.555 -20.8669 -0.343298 -0.938923 -0.0237361
-3.23934 78.9275 -20.6246 -0.344093 -0.938684 -0.0217234
-4.16131 79.2334 -20.331 -0.293231 -0.954918 -0.0335886
-5.1799 79.5234 -20.0806 -0.280577 -0.959385 -0.0292856
-6.22154 79.7686 -19.7073 -0.212442 -0.976318 -0.0392167
-7.35055 80.005 -19.336 -0.201893 -0.978521 -0.0416608
-8.84368 80.2237 -18.9783 -0.125137 -0.991946 -0.0192606
-9.784 80.342 -18.892 -0.12142 -0.992485 -0.0151669
-10.8205 80.4107 -18.9381 -0.0556975 -0.998448 -0.000273002
-11.8972 80.4614 -19.1294 -0.0295156 -0.999529 -0.00839505
-13.0565 80.4806 -19.5551 -0.0108819 -0.999941 -1.09155e-05
-14.5742 80.4565 -19.8691 0.0179451 -0.999791 0.0092924
-15.5844 80.4073 -20.125 0.0656664 -0.997808 0.00823253
-16.8321 80.3097 -20.3604 0.0789367 -0.996827 0.0102621
-18.0229 80.1856 -20.5066 0.106311 -0.994234 0.0140074
-19.3147 80.0372 -20.6041 0.134262 -0.990887 -0.0107983
-20.4626 79.8728 -20.6634 0.153785 -0.98784 -0.0228498
-21.6339 79.6742 -20.6171 0.178872 -0.983713 -0.0176821
-22.6742 79.4757 -20.6309 0.193376 -0.980827 -0.0241752
-23.5817 79.2862 -20.3044 0.209014 -0.977673 -0.0190673
-24.7716 79.0122 -20.1128 0.228579 -0.973186 -0.0256897
-25.7739 78.7596 -19.6693 0.244591 -0.968738 -0.041495
-26.7892 78.4728 -19.1917 0.261542 -0.964385 -0.0393833
-27.6916 78.2078 -18.6268 0.267151 -0.962565 -0.0444597
-28.4234 77.9666 -18.0403 0.282848 -0.957827 -0.0498933
-29.3635 77.6412 -17.1874 0.289924 -0.956053 -0.0436461
-30.1356 77.3648 -16.6015 0.306553 -0.95071 -0.04665
-31.0491 77.0148 -15.5376 0.311613 -0.948402 -0.0578657
-31.7211 76.7221 -14.7045 0.330468 -0.94224 -0.0545385
-32.38 76.428 -13.8346 0.352005 -0.934279 -0.0563212
-32.9766 76.1544 -12.9503 0.354974 -0.933613 -0.048321
-33.5648 75.8894 -12.0541 0.355128 -0.93375 -0.0446754
-34.1963 75.5938 -10.7893 0.347729 -0.936652 -0.0420395
-34.7017 75.3449 -9.95837 0.355749 -0.931283 -0.0754366
-35.2202 75.0683 -9.17066 0.381648 -0.92189 -0.0668132
-35.6878 74.8042 -8.19561 0.386867 -0.920033 -0.0622371
-36.0883 74.5388 -7.16692 0.432778 -0.898324 -0.0737387
-36.5951 74.2398 -6.06881 0.414163 -0.909237 -0.0415531
-37.0995 73.9986 -5.00582 0.36611 -0.927932 -0.0469516
-37.8197 73.5578 -3.94496 0.436094 -0.89344 -0.107613
-38.2707 73.1988 -2.83932 0.467551 -0.878266 -0.0984733
-38.3489 73.0755 -1.72326 0.475286 -0.87784 -0.0591542
-38.2632 73.0711 -0.61105 0.457243 -0.888529 -0.0380174
-38.2752 73.026 0.595712 0.447682 -0.893547 -0.033973
-38.2571 72.9861 1.75908 0.450199 -0.892169 -0.0368138
-38.3582 72.885 3.1096 0.451953 -0.891798 -0.0208429
-38.2361 72.9265 4.11806 0.443845 -0.895754 -0.0243822
-38.3113 72.8584 5.50572 0.446592 -0.894522 -0.0196541
-38.2456 72.8659 6.71623 0.460628 -0.887509 -0.0122107
-38.3389 72.8121 7.81478 0.452614 -0.891706 0.00073427
-38.3079 72.8336 8.81668 0.450759 -0.892572 0.0114986
-38.3419 72.8386 9.92416 0.432739 -0.901311 0.0193817
-38.2991 72.8831 10.9121 0.429975 -0.902611 0.0203669
-38.3662 72.8827 11.8714 0.423113 -0.905187 0.0401539
-37.9446 73.1219 12.8665 0.414996 -0.908726 0.0446782
-37.1655 73.4948 13.2839 0.402273 -0.914468 0.0422995
-36.2912 73.889 13.851 0.388039 -0.921169 0.0291386
-35.4382 74.2668 14.4803 0.38713 -0.921922 0.0125279
-34.4605 74.6871 15.1728 0.386755 -0.922175 0.00361445
-33.642 75.0314 15.615 0.381236 -0.924456 -3.99366e-06
-32.8941 75.3403 16.247 0.384903 -0.922956 -0.000617421
-31.872 75.7676 17.117 0.378048 -0.925718 0.00493806
-30.8254 76.1856 18.0879 0.361718 -0.932277 0.00448988
-29.7923 76.5863 18.9275 0.351174 -0.936307 0.00262772
-28.8652 76.9312 19.4917 0.345186 -0.938534 -0.000622875
-27.8475 77.301 20.1593 0.314376 -0.949104 0.0192346
-26.7672 77.6696 20.6926 0.314937 -0.948881 0.0209145
-25.9661 77.9246 21.1757 0.299596 -0.954065 0.00179047
-24.9829 78.2315 21.4071 0.274676 -0.961486 0.00990297
-23.5649 78.6372 21.8358 0.266229 -0.963852 0.00751125
-22.4065 78.9441 21.9778 0.234043 -0.972171 0.009566
-21.1808 79.2321 22.027 0.224349 -0.974477 -0.00353884
-19.8894 79.5272 21.61 0.210918 -0.977503 -0.0012969
-18.6829 79.7493 21.5273 0.177048 -0.984136 -0.0110994
-17.6148 79.9249 21.1701 0.128332 -0.9917 -0.00695146
-16.5532 80.0637 20.8182 0.119651 -0.992784 -0.00304597
-15.5663 80.1592 20.4427 0.0793639 -0.996821 -0.00704603
-14.4817 80.2465 20.1243 0.0765934 -0.997031 -0.00793547
-13.3306 80.2833 19.822 0.0130294 -0.999867 -0.00859035
-12.2959 80.297 19.4543 -0.0158049 -0.99977 -0.0129019
-11.1722 80.2852 19.1101 -0.0194037 -0.999771 -0.00119018
-10.1652 80.2293 18.7031 -0.0762104 -0.996963 0.000610038
-9.07199 80.1571 18.3435 -0.0747583 -0.99713 -0.0119249
-7.61785 79.955 18.0904 -0.152588 -0.98828 0.00446384
-6.35789 79.7327 18.0247 -0.196272 -0.979773 0.0390267
-5.13329 79.4521 18.0915 -0.225234 -0.974279 0.00701892
-4.02328 79.1681 18.2048 -0.268373 -0.963177 0.0163168
-3.01669 78.8829 18.5896 -0.282349 -0.959239 0.00930662
-1.50796 78.3995 18.8599 -0.320542 -0.947032 0.0195867
-0.526716 78.0723 19.0685 -0.337359 -0.940716 0.0287877
0.617145 77.6497 19.3581 -0.360804 -0.932158 0.0276137
1.70094 77.2223 19.6414 -0.376356 -0.926283 0.0157985
2.6857 76.8121 19.7278 -0.389305 -0.920906 0.0193512
3.69512 76.3726 19.7241 -0.404101 -0.914637 0.0118988
4.86615 75.8479 19.5781 -0.414214 -0.910058 0.0139112
5.85615 75.3893 19.3921 -0.420763 -0.907023 0.0158131
7.38936 74.6447 18.9973 -0.436109 -0.899824 0.0111757
8.55641 74.0709 18.9386 -0.444106 -0.895892 0.011649
9.48417 73.6054 18.708 -0.453052 -0.891337 0.0137983
10.6658 73.001 18.558 -0.452763 -0.891631 0.000558373
11.597 72.5253 18.4419 -0.45822 -0.888831 0.00185149
12.6213 71.9918 17.9525 -0.461269 -0.887258 0.0019393
13.4952 71.5394 17.4362 -0.462315 -0.886698 -0.00561443
14.7663 70.8857 16.7347 -0.459571 -0.888139 -0.00192371
15.6119 70.4431 16.1367 -0.463002 -0.886306 -0.00948138
16.4083 70.0357 15.5689 -0.458522 -0.888679 -0.00263582
17.4078 69.522 14.598 -0.458973 -0.888449 -0.0016714
18.1766 69.1314 13.9025 -0.454833 -0.890572 -0.00291642
18.7439 68.8454 13.0917 -0.451077 -0.892479 -0.00331215
19.6298 68.4147 12.2866 -0.432414 -0.901675 -0.000778646
20.2937 68.0859 11.0904 -0.435935 -0.899853 0.0149815
20.87 67.8 10.3473 -0.423179 -0.90597 0.00709688
21.2018 67.6317 9.44596 -0.420298 -0.906684 0.0330281
21.3564 67.5001 8.19637 -0.427691 -0.902985 0.0412007
21.3351 67.4495 6.98923 -0.430402 -0.901335 0.0484683
21.2907 67.4143 5.97416 -0.439772 -0.89674 0.0495769
21.1801 67.3972 4.74573 -0.43367 -0.899252 0.0572391
20.9527 67.3986 3.45071 -0.472018 -0.879099 0.0662057
20.9288 67.3349 2.34779 -0.478019 -0.875875 0.0653081
20.7636 67.346 1.38976 -0.485781 -0.871661 0.0642508
20.7803 67.2447 -0.0524222 -0.490732 -0.869623 0.0542024
20.7585 67.187 -1.02649 -0.505251 -0.860978 0.0579932
20.8825 67.0449 -2.30553 -0.510108 -0.859456 0.0330157
20.9732 66.9511 -3.54378 -0.510914 -0.859232 0.0262056
20.9701 66.9194 -4.73929 -0.515013 -0.85692 0.0212
21.1073 66.816 -5.8002 -0.513876 -0.857775 0.0124215
21.1086 66.8015 -6.88316 -0.511143 -0.859464 0.00573906
21.3764 66.6405 -7.88743 -0.503197 -0.864152 0.00458291
21.3887 66.6305 -9.02596 -0.500804 -0.865558 0.00220499
21.281 66.688 -10.031 -0.491212 -0.870992 -0.00917289
20.6252 67.0599 -11.2441 -0.484906 -0.874545 0.00618381
19.9926 67.4027 -12.32 -0.485495 -0.874145 0.0116274
19.4524 67.6914 -13.146 -0.489673 -0.871811 0.0128516
18.7958 68.0491 -13.8423 -0.487041 -0.873274 0.013538
18.2513 68.3243 -14.7615 -0.484303 -0.874506 0.0262549
17.4254 68.7591 -15.5729 -0.490192 -0.871044 0.0315264
16.8248 69.0671 -16.453 -0.492485 -0.869784 0.0305814
16.1761 69.4099 -17.1323 -0.490693 -0.870748 0.0319244
15.073 70.0135 -18.1222 -0.496393 -0.867811 0.0220491
14.2704 70.4525 -18.7406 -0.488001 -0.872567 0.0219507
13.3267 70.9659 -19.3062 -0.487016 -0.873131 0.0213508
12.4422 71.4527 -19.5387 -0.484293 -0.874638 0.0214804
11.2794 72.0782 -20.1781 -0.481668 -0.876127 0.0199123
10.1825 72.6731 -20.3732 -0.475794 -0.879365 0.0183822
9.29904 73.1437 -20.7669 -0.474452 -0.88013 0.0160845
8.43666 73.6032 -20.9344 -0.46342 -0.886067 0.0112919
7.18455 74.2545 -21.2713 -0.462501 -0.886563 0.00977545
6.23772 74.7487 -21.3886 -0.463123 -0.886238 0.00335471
4.9101 75.4288 -21.3359 -0.459096 -0.888386 0.000160438
3.93097 75.9195 -21.3108 -0.436971 -0.899339 -0.012232
2.83217 76.441 -21.243 -0.430329 -0.90264 -0.00768347
1.91972 76.8646 -21.147 -0.415373 -0.909326 -0.024311
0.632558 77.4229 -21.1574 -0.397148 -0.917663 -0.012981
0.163406 77.6245 -21.1163 -0.383375 -0.923242 -0.0254362
-21.0287 79.3024 19.3306 0.222046 -0.974819 -0.0205853
-23.6613 78.6331 19.0211 0.27799 -0.960522 -0.0108773
-24.6964 78.3309 18.8957 0.28567 -0.958192 -0.0161495
-27.5715 77.4033 17.5511 0.33782 -0.941148 -0.010925
-24.9808 78.2656 17.8604 0.299936 -0.953678 -0.0231528
-22.3799 79.0037 18.1734 0.244429 -0.969497 -0.0181525
-19.5041 79.6458 18.499 0.19255 -0.981268 -0.00622045
-17.8869 79.9211 18.6765 0.145948 -0.989263 -0.00759581
-15.1254 80.2328 17.8012 0.0745084 -0.997047 -0.0186089
-17.8914 79.9286 17.6702 0.146803 -0.98913 -0.00839512
-20.6372 79.4377 17.3693 0.218694 -0.97548 -0.0247305
-23.4039 78.7582 17.0484 0.267952 -0.963164 -0.0227225
-26.0188 77.9457 16.7289 0.320058 -0.947317 -0.0123619
-28.7496 76.9789 16.4029 0.348196 -0.937337 -0.012597
-28.887 76.9281 16.3866 0.34927 -0.936963 -0.0104747
-30.2413 76.4176 15.2477 0.362313 -0.932001 -0.0101373
-27.5029 77.451 15.5489 0.339407 -0.940425 -0.0200714
-24.7384 78.38 15.8823 0.291184 -0.956456 -0.0200765
-22.1687 79.1097 16.1926 0.24748 -0.96858 -0.024612
-19.4601 79.7014 16.5097 0.172146 -0.984708 -0.0267476
-16.6273 80.1183 16.7662 0.112553 -0.993531 -0.0150809
-13.8946 80.3395 16.781 0.0550487 -0.998227 -0.0226437
-11.1556 80.3429 16.5172 -0.0332478 -0.998837 -0.0349292
1.03877 77.458 16.9217 -0.355013 -0.934861 0.000932687
2.41579 76.8943 16.7383 -0.382662 -0.923878 0.00449362
3.84972 76.2775 16.5476 -0.408454 -0.912771 -0.00379629
5.1931 75.6712 16.3705 -0.416652 -0.909066 -0.0010262
6.77224 74.9255 16.166 -0.431069 -0.902319 0.000896578
8.28695 74.1913 15.9765 -0.440543 -0.897729 -0.00203911
9.51315 73.5828 15.8252 -0.449769 -0.893144 -0.00127877
11.0152 72.8225 15.6436 -0.454832 -0.890577 0.000643457
12.0646 72.2841 15.5346 -0.45647 -0.889738 -0.00124341
14.0211 71.2751 14.3339 -0.461263 -0.887261 0.00192134
12.6771 71.972 14.453 -0.457147 -0.889389 -0.00175152
11.2883 72.6849 14.5971 -0.456392 -0.889776 -0.0022903
9.99062 73.3448 14.7469 -0.449112 -0.893473 -0.00198645
8.57203 74.0518 14.9212 -0.442565 -0.896735 -0.00155876
7.15189 74.7429 15.0997 -0.433161 -0.901307 -0.00414155
5.89286 75.3412 15.2633 -0.424855 -0.905261 0.000350235
4.5646 75.957 15.4392 -0.413516 -0.910497 0.000561946
3.25136 76.5397 15.614 -0.399288 -0.916821 -0.00296877
1.96615 77.0803 15.7855 -0.382386 -0.924002 -0.000359097
0.467772 77.6785 15.9839 -0.35965 -0.933087 -0.000305516
-0.840545 78.1594 16.1583 -0.336645 -0.941622 -0.00427991
-1.84445 78.4997 16.2931 -0.315429 -0.948948 0.00111065
-5.09094 79.4446 15.7148 -0.236007 -0.97146 -0.0237939
-3.29221 78.9595 15.4739 -0.268226 -0.963284 -0.0117825
-1.80918 78.4999 15.2753 -0.321439 -0.946789 -0.0163618
-0.536622 78.0619 15.1049 -0.338968 -0.940643 -0.0170763
1.17416 77.4036 14.8767 -0.369009 -0.929382 -0.00902932
2.87989 76.7026 14.6484 -0.383943 -0.923354 -0.00247407
4.13418 76.1538 14.4783 -0.408423 -0.912793 -0.000272083
5.76971 75.4008 14.26 -0.425839 -0.904786 -0.00484095
7.25119 74.6991 14.0648 -0.43512 -0.90037 -0.00185381
8.76584 73.958 13.8689 -0.444894 -0.895583 -0.000423362
10.1513 73.2645 13.7023 -0.448127 -0.89397 0.000279641
11.4296 72.6137 13.5567 -0.458039 -0.888932 0.000626922
12.6616 71.9794 13.4284 -0.458685 -0.888595 0.00268411
14.4391 71.0561 13.2678 -0.460713 -0.887546 0.00215742
15.2659 70.627 13.2054 -0.458706 -0.888587 0.00146483
16.3097 70.0821 12.1473 -0.456014 -0.889955 0.00551826
14.9482 70.7883 12.2033 -0.4611 -0.887322 0.00687307
13.6703 71.4528 12.2987 -0.460714 -0.887546 0.00220003
12.3973 72.1135 12.4218 -0.459503 -0.888174 0.00188885
11.1906 72.7352 12.5528 -0.454781 -0.890595 0.00387511
9.43846 73.6212 12.7622 -0.448048 -0.894009 0.000896223
7.98268 74.3452 12.9469 -0.437106 -0.899374 -0.00807362
6.59692 75.0194 13.1307 -0.43106 -0.902306 -0.00551609
4.98886 75.7646 13.3457 -0.416684 -0.909034 -0.00559367
3.65639 76.3669 13.526 -0.406462 -0.913652 -0.00540427
2.39464 76.9071 13.6966 -0.38387 -0.923383 -0.00268447
0.899871 77.5211 13.8986 -0.372978 -0.927708 -0.0156597
-0.644141 78.1114 14.1065 -0.347717 -0.937595 -0.00302361
-2.00379 78.5788 14.2889 -0.309118 -0.951004 -0.0061128
-3.53103 79.0426 14.4923 -0.277121 -0.960737 -0.0137054
-4.84287 79.3991 14.6669 -0.250535 -0.968008 -0.0138943
-6.49307 79.7824 14.8876 -0.206454 -0.977949 -0.0315057
-7.88943 80.0419 15.0744 -0.187594 -0.98222 -0.00723008
-9.21764 80.2353 15.25 -0.0724533 -0.997331 0.00906153
-10.7858 80.3533 15.4458 -0.0599696 -0.997728 -0.0307104
-12.2246 80.3923 15.6108 -0.0124939 -0.999827 -0.0137909
-13.6919 80.3704 15.7456 0.0482722 -0.99844 -0.0280734
-15.0865 80.2847 15.804 0.0825857 -0.996022 -0.0334555
-16.8175 80.1245 15.7571 0.0986284 -0.994478 -0.0358727
-18.1623 79.9398 15.6468 0.154259 -0.987642 -0.0276837
-19.5573 79.712 15.4967 0.178399 -0.983617 -0.0259022
-21.0371 79.4058 15.323 0.227318 -0.973626 -0.0194686
-22.3569 79.0837 15.1683 0.253149 -0.967046 -0.0271634
-23.7119 78.7131 15.0014 0.28628 -0.957831 -0.0245734
-25.1384 78.2721 14.8285 0.311585 -0.949886 -0.025138
-26.4694 77.8301 14.6716 0.322872 -0.946158 -0.0231967
-27.8263 77.3525 14.5146 0.34371 -0.938925 -0.0168501
-29.2415 76.8182 14.3578 0.362561 -0.931863 -0.0134296
-30.7119 76.2409 14.1965 0.371354 -0.92845 -0.00875554
-31.7346 75.8294 14.0828 0.385233 -0.922751 -0.0112064
-33.7141 74.9964 12.8539 0.399559 -0.916708 0.000190758
-32.4284 75.547 13.0077 0.390458 -0.920608 -0.00485338
-31.0497 76.1179 13.1666 0.373733 -0.927487 -0.00953923
-29.5623 76.7069 13.3242 0.365076 -0.930883 -0.0133146
-28.2279 77.2236 13.4707 0.354704 -0.934844 -0.0158374
-26.6937 77.7767 13.6423 0.331266 -0.94339 -0.0166751
-25.1356 78.2996 13.825 0.314346 -0.949018 -0.0234738
-23.6878 78.7456 13.9969 0.281034 -0.95945 -0.0217899
-22.3654 79.1032 14.1625 0.241791 -0.970231 -0.0137347
-20.5439 79.5441 14.3774 0.210671 -0.977277 -0.0234132
-19.0544 79.8236 14.5484 0.164342 -0.985929 -0.0305815
-17.5777 80.0516 14.6925 0.147981 -0.988329 -0.0361576
-16.1799 80.2195 14.7811 0.0890714 -0.995052 -0.0440291
-14.4658 80.352 14.7699 0.0560789 -0.998198 -0.0213548
-12.9047 80.4241 14.6592 0.0143556 -0.99922 -0.0367816
-11.5276 80.4142 14.5116 -0.0250847 -0.999106 -0.0340407
-9.78043 80.3035 14.2958 -0.101114 -0.994826 -0.00987617
-8.35428 80.1337 14.1161 -0.124257 -0.991914 -0.0258089
-6.98454 79.9073 13.933 -0.184534 -0.982356 -0.0303936
-5.48571 79.5894 13.7379 -0.23823 -0.970902 -0.0243948
-3.87868 79.1669 13.5258 -0.272275 -0.961984 -0.0212698
-2.4926 78.7415 13.3412 -0.302832 -0.953001 -0.00901077
-0.85336 78.194 13.1212 -0.333635 -0.942701 -0.00128876
0.639627 77.6353 12.9218 -0.366261 -0.930475 -0.00831404
2.03608 77.0703 12.732 -0.386867 -0.922131 -0.00305401
3.57037 76.4135 12.5208 -0.401599 -0.915802 -0.00499882
4.97733 75.7762 12.328 -0.418668 -0.908112 -0.00704928
6.28216 75.169 12.1545 -0.423311 -0.905983 -0.00159666
7.64488 74.5099 11.9656 -0.436227 -0.899835 0.00158655
9.36838 73.6549 11.74 -0.447853 -0.894106 0.00159752
10.6494 73.0081 11.5805 -0.45327 -0.891367 0.00349425
11.907 72.363 11.4383 -0.45764 -0.889122 0.00525712
13.539 71.5154 11.2793 -0.461846 -0.886936 0.00647713
14.7675 70.8743 11.185 -0.461102 -0.887321 0.00686426
16.0457 70.2109 11.1418 -0.459834 -0.887953 0.00958616
16.9679 69.7363 11.1296 -0.453022 -0.891465 0.00778514
18.1831 69.1091 10.223 -0.448735 -0.893508 0.0167498
16.8299 69.7932 10.1455 -0.452418 -0.89167 0.0155815
15.5884 70.4364 10.134 -0.463179 -0.886135 0.0151596
14.3328 71.0912 10.1893 -0.462619 -0.886499 0.0101602
13.0796 71.7466 10.2714 -0.463213 -0.886187 0.010284
11.7826 72.4202 10.3964 -0.458133 -0.888862 0.00618408
10.5282 73.067 10.5548 -0.455507 -0.890224 0.00386178
8.6551 74.0112 10.7959 -0.445474 -0.895291 0.00265147
7.29394 74.6783 10.9861 -0.436046 -0.899923 0.00156216
6.07682 75.2625 11.1601 -0.427095 -0.904198 0.00395751
4.85316 75.8409 11.3303 -0.427033 -0.90423 -0.00325235
3.49562 76.4518 11.5164 -0.398275 -0.917257 -0.00411078
1.89014 77.1327 11.7373 -0.384141 -0.923267 -0.00376635
0.623866 77.6401 11.9106 -0.35969 -0.933072 0.000660183
-0.638146 78.1196 12.0794 -0.337732 -0.941239 -0.00261427
-2.127 78.6275 12.2777 -0.311603 -0.950208 -0.00292594
-3.45937 79.0491 12.4552 -0.291153 -0.956657 -0.00616458
-4.90975 79.449 12.6456 -0.254872 -0.966919 -0.0104378
-6.3703 79.7915 12.8388 -0.230835 -0.972986 0.00356179
-7.77825 80.0677 13.0206 -0.175122 -0.984523 0.00686231
-9.48901 80.2883 13.2365 -0.107012 -0.993887 -0.0271385
-11.0667 80.4177 13.4313 -0.0677409 -0.997414 -0.0240134
-12.8496 80.4632 13.6261 -0.000964008 -0.99956 -0.0296376
-14.7468 80.3719 13.7691 0.0614073 -0.99743 -0.0369206
-16.637 80.2232 13.7651 0.0973758 -0.994799 -0.0298796
-18.0143 80.0266 13.6513 0.156233 -0.98708 -0.0355681
-19.371 79.8031 13.5089 0.181378 -0.982979 -0.0292207
-20.7736 79.51 13.3424 0.23928 -0.970817 -0.0160822
-22.1255 79.1831 13.1797 0.247226 -0.968563 -0.027665
-23.5161 78.8156 13.0103 0.269354 -0.962743 -0.0239701
-24.8887 78.397 12.85 0.300537 -0.953605 -0.0177637
-26.718 77.7885 12.6341 0.33278 -0.942806 -0.0193512
-28.2477 77.2331 12.4671 0.354711 -0.934842 -0.0158375
-29.5516 76.7254 12.327 0.364826 -0.930982 -0.013207
-30.839 76.2147 12.1943 0.376666 -0.926281 -0.0112391
-32.1217 75.6839 12.0489 0.388138 -0.921565 -0.00815956
-33.4148 75.1279 11.892 0.400885 -0.916125 -0.00255976
-34.8613 74.4864 11.7202 0.411408 -0.911448 0.00245986
-35.0118 74.4174 11.7032 0.412679 -0.910845 0.00757094
-35.8601 74.0236 10.6221 0.419062 -0.907861 0.0132333
-34.5718 74.6145 10.7689 0.411402 -0.911451 0.00246929
-33.2124 75.2192 10.9316 0.399299 -0.916819 -0.00173632
-31.4151 75.9863 11.1325 0.383834 -0.923361 -0.00874188
-30.054 76.5417 11.2776 0.373253 -0.927589 -0.0161287
-28.7759 77.0466 11.4083 0.364279 -0.931109 -0.0183679
-27.0839 77.6782 11.5932 0.343043 -0.939144 -0.0181871
-25.811 78.1215 11.7301 0.313855 -0.949253 -0.0203165
-24.3788 78.5801 11.9036 0.289246 -0.956922 -0.0252517
-22.8933 79.0093 12.0749 0.262002 -0.964852 -0.0203818
-21.5036 79.3592 12.2404 0.230268 -0.972826 -0.0242019
-19.9808 79.6986 12.4206 0.20836 -0.97779 -0.0226619
-18.6443 79.9508 12.5698 0.166893 -0.98564 -0.0256797
-17.3109 80.1542 12.7031 0.135343 -0.99053 -0.0230713
-15.8074 80.3329 12.7686 0.106937 -0.99411 -0.0175949
-13.9617 80.4525 12.7027 0.0581808 -0.998103 -0.0201446
-12.2311 80.4757 12.5417 -0.0248295 -0.999567 -0.0158164
-10.5675 80.402 12.3496 -0.078492 -0.996896 -0.00606924
-9.05076 80.2554 12.164 -0.121771 -0.992315 -0.0219708
-7.49447 80.0146 11.9682 -0.177585 -0.984099 -0.00346133
-6.12476 79.7459 11.7906 -0.206204 -0.978495 -0.00514733
-4.75459 79.4264 11.612 -0.252619 -0.967539 -0.00724655
-3.4217 79.0514 11.4357 -0.293075 -0.956012 -0.0122024
-1.86413 78.5492 11.2285 -0.321966 -0.946745 -0.00330068
-0.341239 78.0149 11.0267 -0.355304 -0.934726 -0.00684976
1.17366 77.43 10.8202 -0.366018 -0.930599 -0.00404091
2.56457 76.8552 10.6302 -0.392114 -0.919913 -0.00261193
3.90598 76.2671 10.444 -0.410541 -0.91184 0.00174458
5.28581 75.6325 10.2507 -0.427457 -0.904029 0.00364072
7.08045 74.7792 9.99065 -0.430877 -0.90241 0.000873847
8.31932 74.1717 9.81431 -0.443796 -0.896103 0.00660642
9.59361 73.5375 9.63756 -0.452012 -0.891997 0.00508889
10.8916 72.8713 9.45614 -0.457353 -0.88925 0.00797381
12.0946 72.2504 9.30972 -0.46103 -0.887339 0.00892161
13.2994 71.6193 9.21522 -0.463737 -0.885879 0.0129269
14.4995 70.9893 9.15358 -0.464673 -0.885383 0.0132543
15.8992 70.2556 9.13178 -0.46412 -0.885631 0.0158227
17.1832 69.5934 9.18997 -0.454783 -0.890343 0.0214979
18.4853 68.9374 9.28007 -0.449346 -0.89305 0.0234433
18.5163 68.8993 8.35327 -0.447624 -0.893784 0.0279987
17.1557 69.5864 8.20464 -0.458794 -0.888083 0.0285769
15.728 70.3257 8.11428 -0.462859 -0.88623 0.0189078
14.5114 70.9648 8.12584 -0.466609 -0.884288 0.0176427
13.2604 71.625 8.17746 -0.464116 -0.885691 0.0121833
11.6142 72.4858 8.3232 -0.461795 -0.886902 0.0122735
10.3897 73.1207 8.47246 -0.458046 -0.888886 0.00865308
9.00347 73.8227 8.68334 -0.448648 -0.893692 0.00534352
7.7037 74.4693 8.87498 -0.439609 -0.898175 0.00497857
6.18861 75.2064 9.09814 -0.433 -0.901393 0.00142564
4.71784 75.8951 9.31394 -0.421946 -0.906608 0.00495573
3.09291 76.6237 9.54056 -0.397976 -0.917388 -0.00378276
1.783 77.1891 9.72172 -0.377361 -0.926058 -0.00386623
0.227357 77.806 9.93329 -0.366018 -0.930599 -0.00404089
-1.30165 78.3601 10.1403 -0.325413 -0.945571 0.000989947
-2.57556 78.7909 10.3092 -0.31131 -0.950306 0.00201025
-3.99605 79.2211 10.4969 -0.268931 -0.963139 0.00633373
-5.48059 79.5969 10.6914 -0.225446 -0.974213 0.00912525
-6.79812 79.8927 10.8612 -0.198883 -0.98 -0.00670623
-8.41201 80.1829 11.0659 -0.156792 -0.987624 -0.0037706
-9.95407 80.3624 11.2568 -0.0773601 -0.996887 -0.0152382
-11.4431 80.4637 11.436 -0.0529229 -0.99851 -0.0132647
-13.0835 80.4935 11.6083 0.0137995 -0.999703 -0.0200698
-14.4814 80.4423 11.7178 0.0543366 -0.998215 -0.0247749
-15.9132 80.3477 11.7519 0.0746628 -0.996487 -0.0379323
-17.5968 80.1445 11.6616 0.144005 -0.988818 -0.0387575
-18.9938 79.9329 11.5176 0.182749 -0.981969 -0.048369
-20.8825 79.5382 11.2977 0.220506 -0.974951 -0.0291128
-22.5154 79.1361 11.1034 0.250827 -0.967852 -0.0186568
-24.011 78.7173 10.9337 0.289503 -0.956829 -0.0258046
-25.3007 78.3163 10.7818 0.320086 -0.946957 -0.0285881
-27.0016 77.7249 10.6006 0.335353 -0.941951 -0.016349
-28.3691 77.2255 10.4563 0.360263 -0.932632 -0.0201913
-29.8023 76.6581 10.303 0.375188 -0.926829 -0.0149168
-31.1088 76.1262 10.17 0.385473 -0.922636 -0.0123749
-32.4998 75.5362 10.0179 0.399219 -0.916816 -0.00854399
-33.8625 74.9349 9.86592 0.409529 -0.912276 -0.00614956
-35.1388 74.3529 9.72153 0.420112 -0.907463 -0.00403173
-35.7927 74.0523 9.6487 0.421144 -0.906993 0.00138637
-36.0033 73.9543 8.63564 0.428306 -0.903633 -0.000987212
-34.4669 74.6698 8.81118 0.417328 -0.908705 -0.00960725
-33.1549 75.2612 8.95862 0.40932 -0.912331 -0.0104688
-31.6975 75.8946 9.11533 0.388526 -0.92133 -0.014083
-30.1857 76.5211 9.26742 0.376277 -0.926354 -0.016876
-28.7705 77.0866 9.40704 0.364273 -0.93104 -0.0216518
-27.2507 77.6538 9.57001 0.345389 -0.938248 -0.0199452
-25.9436 78.1197 9.70695 0.33404 -0.942382 -0.0182448
-24.2936 78.6583 9.88632 0.29005 -0.956762 -0.0218498
-22.9919 79.031 10.0286 0.273807 -0.961654 -0.0158381
-21.6329 79.3849 10.186 0.247365 -0.968599 -0.0250188
-20.032 79.7516 10.3781 0.212161 -0.976661 -0.033484
-18.4096 80.057 10.5651 0.164617 -0.985755 -0.0344801
-16.9025 80.2731 10.6888 0.126833 -0.991256 -0.036413
-15.5301 80.4105 10.7275 0.0709445 -0.996941 -0.0327835
-13.8185 80.5043 10.6625 0.0318143 -0.999195 -0.0244284
-12.1876 80.5084 10.5051 -0.0413512 -0.99902 -0.0158146
-10.6031 80.4224 10.3216 -0.0644362 -0.997717 -0.0202182
-9.20997 80.2994 10.1514 -0.114202 -0.993313 -0.0169492
-7.6063 80.0506 9.94872 -0.189974 -0.981788 -0.00154123
-6.09043 79.7286 9.75409 -0.22081 -0.975317 1.27909e-05
-4.57515 79.3752 9.55826 -0.243099 -0.97 0.00179445
-3.02621 78.934 9.35534 -0.286009 -0.958204 0.00663044
-1.73551 78.5057 9.18352 -0.32379 -0.94612 0.00407295
-0.438207 78.0546 9.0099 -0.350739 -0.936469 -0.00267289
0.877157 77.5556 8.83187 -0.373465 -0.927643 -0.00170365
2.29152 76.9731 8.63792 -0.387583 -0.921823 0.00464034
3.66487 76.3717 8.44848 -0.40635 -0.913697 0.00605065
4.95067 75.7797 8.26339 -0.420375 -0.907326 0.00666111
6.18511 75.2002 8.07758 -0.424803 -0.905258 0.00704775
7.66568 74.4823 7.85645 -0.438862 -0.898541 0.00502293
8.92143 73.8579 7.66807 -0.451058 -0.892463 0.00750123
10.2267 73.1921 7.45156 -0.453404 -0.891259 0.00910873
11.5269 72.5169 7.27926 -0.461974 -0.886809 0.0122245
12.8432 71.8279 7.15242 -0.465019 -0.885193 0.0138085
14.4533 70.9765 7.09634 -0.46803 -0.883522 0.0183705
15.8434 70.2401 7.0967 -0.466242 -0.884347 0.0234247
17.4486 69.4039 7.23439 -0.460311 -0.887366 0.0263764
18.8751 68.6838 7.43446 -0.449903 -0.892371 0.0355163
19.1467 68.5097 6.51403 -0.449385 -0.89257 0.0370293
17.8658 69.1566 6.28088 -0.459387 -0.887752 0.0293248
16.5041 69.8654 6.11754 -0.466037 -0.884355 0.0269339
15.2389 70.5361 6.05985 -0.47028 -0.882236 0.0222795
13.977 71.2087 6.07138 -0.469016 -0.883031 0.0167339
12.6486 71.9123 6.12617 -0.464374 -0.885497 0.0158446
11.444 72.5487 6.25139 -0.465296 -0.885079 0.0116505
9.81531 73.3929 6.49207 -0.455082 -0.890399 0.00954366
8.34126 74.1434 6.73455 -0.451296 -0.892345 0.00719864
7.12636 74.7447 6.91808 -0.441109 -0.897453 -0.000524891
5.6604 75.4423 7.14023 -0.423311 -0.905984 0.000588136
4.31833 76.0662 7.33782 -0.420599 -0.907224 0.0064004
2.79219 76.754 7.5553 -0.406143 -0.913792 0.00570804
1.47459 77.3087 7.7366 -0.372759 -0.927927 -0.00147355
-0.158753 77.9522 7.95907 -0.349612 -0.936895 -0.000651041
-1.68165 78.4838 8.16211 -0.323295 -0.946298 9.2965e-05
-3.26805 78.9995 8.37223 -0.285882 -0.958244 0.00635323
-4.56931 79.3642 8.54258 -0.2572 -0.966335 -0.0067418
-5.93315 79.6956 8.71953 -0.221171 -0.975233 -0.00202814
-7.31414 79.9995 8.89723 -0.207216 -0.978292 0.00265363
-8.67916 80.2283 9.07106 -0.138718 -0.990107 0.021087
-10.3675 80.4193 9.28097 -0.0832038 -0.996013 -0.0321659
-11.8765 80.515 9.45899 -0.0346588 -0.999336 -0.0112023
-13.3692 80.5322 9.60464 0.00253391 -0.999927 -0.0118493
-15.3341 80.4566 9.70586 0.0590381 -0.997927 -0.0256327
-16.9136 80.309 9.661 0.121406 -0.992174 -0.0291625
-18.3173 80.1077 9.54789 0.173037 -0.984546 -0.0269713
-20.1838 79.7483 9.33606 0.196694 -0.980317 -0.0170474
-21.8854 79.3438 9.13097 0.245822 -0.969146 -0.0181125
-23.9761 78.7708 8.89809 0.277642 -0.960281 -0.0278481
-25.3584 78.3309 8.75902 0.31926 -0.947571 -0.0134699
-27.0821 77.7386 8.58275 0.330305 -0.943696 -0.018314
-28.4085 77.2507 8.44259 0.354943 -0.934664 -0.0204524
-29.7598 76.71 8.31346 0.373237 -0.927563 -0.0179412
-31.4154 76.0282 8.15881 0.388532 -0.921328 -0.0140901
-32.7238 75.4641 8.01724 0.407343 -0.913201 -0.0116136
-34.3473 74.7349 7.8471 0.417335 -0.908702 -0.00959664
-35.5945 74.1543 7.71199 0.427267 -0.904066 -0.0103992
-35.7144 74.0971 7.69706 0.431746 -0.901916 -0.0119766
-35.8346 74.0534 6.72034 0.430263 -0.902595 -0.0140265
-34.4719 74.6889 6.8592 0.417785 -0.908484 -0.010582
-33.0049 75.3521 7.00385 0.408927 -0.912412 -0.0168387
-31.6415 75.9517 7.14558 0.396135 -0.91798 -0.019766
-30.3784 76.4834 7.26359 0.380274 -0.924628 -0.0213507
-29.1039 76.9961 7.36797 0.368497 -0.929401 -0.0205799
-27.7321 77.5249 7.50967 0.346949 -0.937699 -0.0186327
-26.2249 78.0583 7.65528 0.330878 -0.943439 -0.0210263
-24.914 78.4946 7.77362 0.317429 -0.9481 -0.0185566
-23.5912 78.9045 7.91444 0.278416 -0.960355 -0.0142452
-22.218 79.2785 8.06439 0.254906 -0.966835 -0.015917
-20.6055 79.6642 8.2524 0.230129 -0.973151 -0.00417812
-18.9367 80.0131 8.44781 0.195527 -0.980599 -0.0139852
-17.5684 80.2538 8.59361 0.148059 -0.988734 -0.0219726
-16.1556 80.4215 8.67527 0.100645 -0.994638 -0.0237773
-14.6613 80.5114 8.66253 0.0439845 -0.998849 -0.0191424
-13.1593 80.5456 8.57939 0.0158299 -0.999741 -0.0163667
-11.6514 80.5187 8.42829 -0.0438053 -0.999011 -0.0076475
-10.1798 80.4306 8.24721 -0.111103 -0.993686 -0.0156183
-8.57671 80.2229 8.04458 -0.15709 -0.987524 -0.0109412
-6.95996 79.9299 7.83793 -0.210699 -0.977446 -0.0143217
-5.30023 79.5652 7.62368 -0.237417 -0.971362 -0.00945337
-3.79185 79.1498 7.42643 -0.284518 -0.958634 -0.00843412
-2.15541 78.6444 7.21057 -0.319826 -0.947334 -0.0163973
-0.673739 78.1346 7.01355 -0.339449 -0.94055 -0.0118595
0.855363 77.5591 6.80769 -0.364468 -0.931205 -0.00456573
2.14904 77.0279 6.63104 -0.396137 -0.918168 0.00656254
3.65158 76.365 6.41992 -0.405227 -0.914202 0.00511973
4.91371 75.7895 6.23721 -0.420517 -0.907284 0.000825803
6.32583 75.1257 6.02556 -0.430606 -0.902517 0.0064245
7.56441 74.5219 5.83679 -0.442817 -0.896513 0.0133533
8.9545 73.8212 5.61626 -0.452511 -0.891685 0.0114756
10.1543 73.2072 5.40085 -0.455528 -0.890129 0.012823
11.478 72.5163 5.21844 -0.463308 -0.886065 0.0153206
12.6924 71.8706 5.07886 -0.466691 -0.884303 0.0144426
14.016 71.1678 5.03316 -0.472875 -0.880906 0.0198311
15.4439 70.4008 5.02651 -0.473545 -0.88047 0.0229743
16.9548 69.5957 5.12628 -0.468889 -0.882722 0.0307477
18.324 68.8833 5.33869 -0.464484 -0.884963 0.0330988
18.8778 68.6013 5.44658 -0.453916 -0.890294 0.0365596
18.9971 68.4905 4.45175 -0.464226 -0.884564 0.0451785
17.7534 69.1375 4.18317 -0.469549 -0.882068 0.0384725
16.3249 69.8985 4.05925 -0.474921 -0.87954 0.0293211
15.076 70.572 4.01205 -0.473978 -0.880279 0.0213155
13.4987 71.422 4.02467 -0.472159 -0.881363 0.0162676
12.3046 72.0588 4.10312 -0.467917 -0.883602 0.0173549
11.018 72.7397 4.25713 -0.464599 -0.885366 0.0165963
9.81604 73.3655 4.44337 -0.456804 -0.889453 0.0142599
8.25369 74.1657 4.71422 -0.453104 -0.891392 0.0107864
6.93589 74.8181 4.92067 -0.442038 -0.896915 0.0120455
5.62445 75.4537 5.12105 -0.432348 -0.901672 0.0079649
4.35523 76.0435 5.30779 -0.415824 -0.909444 0.00143418
2.90395 76.6917 5.51375 -0.401967 -0.915623 0.00752428
1.45673 77.312 5.71288 -0.382147 -0.924068 0.00784216
0.177176 77.8287 5.88653 -0.356605 -0.934252 -0.00252443
-1.48453 78.4319 6.1071 -0.326239 -0.945227 -0.0106922
-2.92282 78.9104 6.29753 -0.304121 -0.952557 -0.0120839
-4.52028 79.3721 6.50817 -0.26476 -0.964187 -0.0156494
-5.91045 79.7201 6.68927 -0.230016 -0.97312 -0.0113938
-7.38104 80.0312 6.87915 -0.182396 -0.983208 -0.00586724
-8.8689 80.2802 7.06864 -0.147296 -0.98907 -0.00674116
-10.5251 80.4731 7.27887 -0.0702481 -0.997473 -0.010659
-11.9411 80.5412 7.45344 -0.0287906 -0.999461 -0.0157647
-13.4658 80.5647 7.59057 0.0132444 -0.999644 -0.0231828
-15.1962 80.509 7.66731 0.0450619 -0.998714 -0.0232208
-16.7292 80.3723 7.61645 0.116418 -0.993182 -0.00604446
-18.4921 80.1122 7.4622 0.153764 -0.988064 -0.00926782
-20.0074 79.8165 7.27975 0.205636 -0.978341 -0.0237096
-21.4995 79.4838 7.10448 0.236744 -0.971071 -0.0312151
-22.9926 79.0951 6.94878 0.274661 -0.960948 -0.0337524
-24.3307 78.706 6.80646 0.299628 -0.953775 -0.0231411
-25.7642 78.2381 6.68007 0.311402 -0.950086 -0.0191307
-27.1694 77.751 6.55491 0.335431 -0.941853 -0.019946
-28.5992 77.2173 6.41579 0.368489 -0.929404 -0.0205736
-30.0009 76.6573 6.29983 0.374868 -0.926847 -0.0207136
-31.4601 76.0511 6.17304 0.392934 -0.919232 -0.0248089
-33.0243 75.3663 6.02032 0.410936 -0.911422 -0.021036
-34.7859 74.5625 5.86071 0.423375 -0.905746 -0.0194421
-35.972 74.003 5.75025 0.430266 -0.902593 -0.0140191
-35.7028 74.1529 4.827 0.434125 -0.900632 -0.0199448
-34.135 74.8844 4.95165 0.419379 -0.907459 -0.0253024
-32.6221 75.5682 5.07715 0.407108 -0.91317 -0.0195669
-31.1444 76.2106 5.20724 0.390439 -0.920435 -0.0188756
-29.3945 76.9244 5.34792 0.373015 -0.927514 -0.0240245
-28.1306 77.4169 5.45168 0.353821 -0.935135 -0.0182227
-26.6007 77.974 5.58932 0.335425 -0.941856 -0.0199385
-25.1539 78.4587 5.70589 0.313906 -0.949283 -0.0179981
-23.8524 78.8738 5.83259 0.284034 -0.958602 -0.0201697
-22.1091 79.3624 6.0032 0.260313 -0.965441 -0.0126913
-20.5129 79.7293 6.18003 0.215665 -0.976166 -0.0242533
-19.1372 80.012 6.33616 0.191064 -0.981316 -0.022667
-17.4154 80.2887 6.51413 0.153773 -0.988063 -0.00925721
-15.4957 80.4875 6.62239 0.0721135 -0.997308 -0.013244
-14.127 80.5591 6.6213 0.0107949 -0.99994 -0.00158192
-12.7647 80.5644 6.52413 -0.00410704 -0.999915 0.0123362
-11.3921 80.5297 6.37412 -0.0428694 -0.999067 0.00528274
-10.0119 80.4263 6.20211 -0.097021 -0.995165 0.0152717
-8.64277 80.2452 6.02805 -0.159036 -0.987269 0.00270797
-6.95353 79.9515 5.81131 -0.193932 -0.980913 -0.0141671
-5.62714 79.6641 5.6387 -0.238794 -0.970895 -0.0184213
-4.3191 79.3309 5.46806 -0.263494 -0.964598 -0.0110109
-2.91554 78.9228 5.28341 -0.297011 -0.954822 -0.00999133
-1.46726 78.4357 5.09123 -0.341087 -0.94003 0.00155455
0.193592 77.8191 4.87065 -0.362829 -0.931837 0.00598796
1.45659 77.3048 4.70016 -0.380221 -0.924881 0.00515906
3.00051 76.6437 4.48925 -0.396868 -0.91787 0.00306841
4.63276 75.9125 4.2579 -0.41844 -0.908233 0.00455138
6.284 75.1272 4.01298 -0.43354 -0.901078 0.010038
7.67156 74.4458 3.79675 -0.444301 -0.895855 0.00634722
8.93584 73.8074 3.59275 -0.45257 -0.891691 0.00822468
10.1931 73.1583 3.372 -0.461811 -0.886916 0.0105228
11.9723 72.2182 3.12585 -0.467213 -0.884026 0.0144614
13.1765 71.576 3.03581 -0.473557 -0.880557 0.0190803
14.6025 70.8031 2.99756 -0.478116 -0.878052 0.0207339
15.9859 70.0496 3.03402 -0.478064 -0.877854 0.0287482
17.1841 69.4022 3.097 -0.476604 -0.878437 0.0345872
18.5624 68.6638 3.28806 -0.47656 -0.878077 0.0432637
18.6747 68.6046 3.31139 -0.468456 -0.882201 0.0476411
18.6715 68.5521 2.22098 -0.476559 -0.878079 0.0432209
17.2318 69.3349 2.05476 -0.479776 -0.876625 0.0366564
15.8506 70.0921 2.0211 -0.483518 -0.874826 0.0298289
14.2755 70.9558 2.02794 -0.480061 -0.876919 0.0235421
13.0587 71.6188 2.05742 -0.47453 -0.880068 0.0173779
11.5981 72.3994 2.18941 -0.466803 -0.884201 0.0168436
10.3757 73.0473 2.35692 -0.46506 -0.885158 0.0146458
9.10335 73.7105 2.5656 -0.456497 -0.889653 0.0112965
7.62421 74.4594 2.80059 -0.446931 -0.894516 0.00969396
6.12608 75.1923 3.03134 -0.43354 -0.901078 0.010038
4.83543 75.8104 3.22027 -0.423549 -0.90581 0.0107058
3.39598 76.4609 3.42463 -0.406812 -0.913457 0.0100254
2.02221 77.0635 3.61095 -0.389852 -0.920852 0.00689508
0.575377 77.6574 3.80463 -0.374236 -0.927312 0.00629012
-1.04227 78.2788 4.02091 -0.347397 -0.937715 0.00240683
-2.62578 78.8218 4.23156 -0.303683 -0.952773 0.00024734
-4.21376 79.3119 4.44131 -0.283019 -0.959113 0.0016298
-5.67521 79.689 4.6322 -0.228801 -0.972984 -0.030845
-7.13823 79.9955 4.8236 -0.184551 -0.982815 -0.00396194
-8.6906 80.2589 5.0235 -0.160929 -0.986783 -0.0190224
-10.055 80.4381 5.19529 -0.11048 -0.993808 -0.0118352
-11.6532 80.5466 5.38886 -0.0400595 -0.999192 -0.00338839
-13.3613 80.5786 5.55467 0.0075221 -0.999892 -0.0126326
-14.8884 80.5339 5.60381 0.060608 -0.998159 0.00229671
-16.4399 80.4178 5.53779 0.0959697 -0.995261 -0.0156603
-17.8427 80.2482 5.42105 0.144265 -0.989347 -0.0195096
-19.2689 80.0128 5.27573 0.187068 -0.982089 -0.0225349
-20.9355 79.6617 5.09336 0.221681 -0.97486 -0.0224714
-22.6261 79.2383 4.92529 0.260156 -0.965458 -0.0144899
-24.3203 78.7492 4.76292 0.301856 -0.95326 -0.0133494
-26.1241 78.1553 4.61146 0.319326 -0.947486 -0.0173527
-27.4137 77.7065 4.50668 0.341649 -0.939469 -0.025948
-28.8245 77.1763 4.37692 0.365522 -0.930644 -0.0172153
-30.2051 76.6235 4.28771 0.375392 -0.926642 -0.0203705
-31.4714 76.0951 4.18278 0.395718 -0.918157 -0.0198743
-32.8074 75.5097 4.09146 0.407192 -0.91301 -0.0246496
-34.4555 74.761 3.97216 0.423067 -0.905651 -0.0284621
-35.7735 74.1422 3.87109 0.431329 -0.901667 -0.0308533
-35.9022 74.1131 2.92055 0.434758 -0.900028 -0.0305695
-34.485 74.7784 3.01383 0.420509 -0.906717 -0.0321923
-33.2413 75.3436 3.09533 0.407398 -0.912801 -0.0286555
-31.7517 75.9997 3.17986 0.399017 -0.916634 -0.0238321
-30.3637 76.5822 3.26639 0.375037 -0.926605 -0.0274049
-29.0743 77.0963 3.35098 0.368146 -0.929362 -0.0274619
-27.5411 77.6813 3.4847 0.338837 -0.94076 -0.0126241
-26.2372 78.1356 3.58217 0.324375 -0.945718 -0.0199609
-24.943 78.5701 3.68212 0.306204 -0.951722 -0.0215285
-23.1624 79.1131 3.84036 0.272812 -0.96192 -0.0168225
-21.7976 79.4741 3.9685 0.253158 -0.967196 -0.0210623
-20.4036 79.8074 4.11503 0.209656 -0.977393 -0.0273543
-18.8882 80.0975 4.27033 0.167554 -0.98584 0.0066962
-17.4199 80.3261 4.40691 0.137834 -0.990433 -0.00661987
-15.4021 80.5444 4.54232 0.077098 -0.996522 -0.031627
-14.0107 80.5914 4.55932 0.00963803 -0.999786 -0.0183101
-12.5665 80.5989 4.46282 -0.00167002 -0.999871 -0.0159996
-11.1221 80.5339 4.31236 -0.0614178 -0.997895 -0.0208084
-9.463 80.382 4.11255 -0.117677 -0.992931 -0.0154839
-7.97199 80.1571 3.92272 -0.17449 -0.984625 -0.00816255
-6.58618 79.894 3.74132 -0.191167 -0.981556 -0.00154817
-5.01183 79.5374 3.53375 -0.269296 -0.963003 0.0102099
-3.6033 79.1334 3.34607 -0.284114 -0.958785 -0.0032287
-2.26279 78.7106 3.16809 -0.329021 -0.944314 0.0040106
-0.441697 78.0535 2.92716 -0.347394 -0.937716 0.00239858
1.14263 77.4204 2.71302 -0.380545 -0.92475 0.00475066
2.43231 76.8795 2.54398 -0.399247 -0.916794 0.00949764
3.66041 76.334 2.37886 -0.407035 -0.913398 0.00507485
5.03189 75.7047 2.18387 -0.429695 -0.902936 0.00832792
6.39143 75.0529 1.98611 -0.432735 -0.901458 0.0107066
7.67235 74.4232 1.79512 -0.447205 -0.894353 0.0118616
9.16016 73.6655 1.56434 -0.455451 -0.890175 0.0123691
10.8223 72.7949 1.3241 -0.466854 -0.884201 0.015373
12.073 72.1291 1.16292 -0.467544 -0.883821 0.0162164
13.4512 71.3829 1.08022 -0.480181 -0.876957 0.0192789
14.674 70.7095 1.04281 -0.481449 -0.876164 0.0233234
15.9682 69.9938 1.01857 -0.484932 -0.874079 0.0287679
17.2089 69.3058 1.01962 -0.486405 -0.873088 0.0335716
18.7689 68.4443 1.1407 -0.486547 -0.872543 0.0440468
18.5517 68.5157 0.0968934 -0.488625 -0.871645 0.0384835
17.1207 69.3183 0.0231117 -0.491888 -0.869945 0.0352383
15.3409 70.3134 0.0637911 -0.485536 -0.873845 0.0254894
14.121 70.9904 0.0918263 -0.482224 -0.875789 0.0213145
12.8342 71.6987 0.161788 -0.475363 -0.879621 0.0172452
11.5974 72.3682 0.275069 -0.47132 -0.881832 0.0151817
10.1353 73.1442 0.447523 -0.466802 -0.88427 0.0127614
8.76442 73.8554 0.655679 -0.453488 -0.891174 0.0125278
7.18739 74.6513 0.872483 -0.443645 -0.896086 0.014435
5.91291 75.2725 1.05311 -0.43221 -0.901731 0.00873229
4.67745 75.8581 1.2266 -0.42032 -0.90731 0.010952
3.36732 76.4573 1.40846 -0.404304 -0.914611 0.00496793
2.10135 77.0097 1.57347 -0.397807 -0.917468 -0.00103589
0.666868 77.6132 1.76178 -0.380831 -0.924637 -0.00388244
-0.829753 78.1906 1.95912 -0.352927 -0.935596 0.010086
-2.44418 78.7692 2.1745 -0.331413 -0.943473 0.00494983
-3.82381 79.1994 2.35858 -0.273002 -0.962012 -0.00185182
-5.25844 79.6027 2.55191 -0.258213 -0.966078 0.00446624
-6.76009 79.9417 2.75423 -0.213983 -0.976773 -0.011241
-8.12999 80.1938 2.93542 -0.157025 -0.987536 -0.010734
-9.62657 80.4123 3.12522 -0.144376 -0.989472 -0.0100122
-11.5798 80.5793 3.34401 -0.066082 -0.997753 -0.0110281
-13.2123 80.6287 3.48932 0.00679037 -0.999394 -0.0341428
-14.6884 80.597 3.5079 0.0400554 -0.999101 -0.0139
-16.039 80.5041 3.44662 0.103414 -0.994353 -0.0238131
-17.4221 80.3316 3.3485 0.131426 -0.991272 -0.0103625
-18.7601 80.1405 3.23273 0.152736 -0.988047 -0.0208665
-20.1703 79.8817 3.09157 0.197111 -0.980259 -0.0155004
-21.6177 79.5435 2.94205 0.254385 -0.966888 -0.0203942
-22.9332 79.1957 2.82184 0.280632 -0.959598 -0.0204301
-24.2501 78.8039 2.70471 0.295477 -0.95514 -0.0200139
-25.582 78.386 2.5995 0.320514 -0.94702 -0.0205743
-27.105 77.8544 2.49124 0.337353 -0.941149 -0.0207865
-28.5698 77.3186 2.37486 0.353583 -0.935189 -0.0199871
-30.0185 76.7492 2.27713 0.370691 -0.92854 -0.0200581
-31.5224 76.1207 2.21643 0.388219 -0.921305 -0.0219724
-32.8385 75.5534 2.15314 0.406993 -0.912935 -0.0300956
-34.1867 74.9479 2.08121 0.417404 -0.908309 -0.027364
-35.4365 74.3664 2.01871 0.425809 -0.90442 -0.0266795
-36.1805 74.0092 1.97512 0.438554 -0.898193 -0.030324
-36.1667 74.0497 1.05729 0.437369 -0.898565 -0.0358933
-34.9142 74.6439 1.11808 0.427098 -0.903474 -0.0363507
-33.4087 75.3333 1.16467 0.412045 -0.910643 -0.0307956
-32.1411 75.8858 1.21985 0.390236 -0.920126 -0.0329147
-30.796 76.4463 1.24877 0.381955 -0.923743 -0.0284384
-29.4859 76.9824 1.29863 0.371401 -0.928277 -0.0190793
-28.0724 77.5264 1.38722 0.352701 -0.935588 -0.0166399
-26.4261 78.122 1.49093 0.338446 -0.94074 -0.0214958
-25.0335 78.5842 1.60297 0.306002 -0.951846 -0.0187387
-23.5669 79.0346 1.72197 0.293462 -0.955398 -0.0330901
-22.1051 79.444 1.85438 0.248552 -0.968356 -0.0225438
-20.7469 79.7771 1.96855 0.217846 -0.975806 -0.0185872
-19.3586 80.0514 2.11208 0.17078 -0.985292 -0.0057434
-17.879 80.2816 2.24903 0.146613 -0.989138 -0.010484
-16.4336 80.4714 2.36567 0.105395 -0.994358 -0.0119638
-14.6829 80.612 2.44357 0.0514729 -0.998507 -0.0182643
-12.9338 80.6517 2.44615 -0.0146922 -0.999767 -0.0157825
-11.3072 80.571 2.30971 -0.0654284 -0.997835 -0.00672367
-9.83695 80.451 2.14934 -0.11744 -0.993028 -0.010155
-8.45675 80.2533 1.97071 -0.144371 -0.989473 -0.0100172
-6.81953 79.9642 1.75258 -0.21276 -0.977076 -0.00743051
-5.35275 79.6245 1.54915 -0.258276 -0.96607 0.00111864
-3.78331 79.1875 1.33104 -0.287745 -0.957694 0.00498446
-2.30715 78.7167 1.13327 -0.316548 -0.948544 0.00781936
-0.746528 78.1499 0.927243 -0.353146 -0.935542 0.00696948
0.938484 77.5036 0.708043 -0.376338 -0.92648 0.00212325
2.64282 76.7707 0.490799 -0.401425 -0.915857 0.00800587
3.97549 76.1713 0.316569 -0.419199 -0.90782 0.0116608
5.27401 75.5697 0.129977 -0.425689 -0.90482 0.00943295
6.86887 74.795 -0.0751314 -0.437789 -0.898924 0.0166354
8.53549 73.9574 -0.294387 -0.450975 -0.892443 0.0129248
10.1692 73.1135 -0.511821 -0.465757 -0.884831 0.0120154
11.4133 72.4502 -0.65099 -0.474935 -0.8799 0.014574
12.6664 71.7709 -0.774552 -0.474871 -0.879883 0.0174368
13.8908 71.0951 -0.861173 -0.484546 -0.874507 0.0212679
15.4782 70.2102 -0.895823 -0.489123 -0.871917 0.0227783
17.0607 69.3149 -0.958834 -0.493953 -0.868985 0.0295955
18.3018 68.6098 -0.964865 -0.495958 -0.867572 0.0366838
18.44 68.5308 -0.964121 -0.496917 -0.867028 0.0365476
18.5452 68.4305 -1.97424 -0.496 -0.867671 0.0336438
17.1647 69.2254 -1.93055 -0.496816 -0.867414 0.0276932
15.8981 69.9464 -1.87106 -0.49269 -0.869832 0.0254892
14.596 70.6789 -1.82451 -0.488478 -0.872435 0.01569
13.3904 71.3516 -1.78879 -0.484646 -0.874539 0.0173283
12.1798 72.0168 -1.6881 -0.477979 -0.878248 0.0147068
10.8793 72.7229 -1.54907 -0.474325 -0.880229 0.0146088
9.60151 73.3972 -1.41288 -0.461251 -0.887142 0.0150454
8.17622 74.1256 -1.24244 -0.451923 -0.891963 0.0129455
6.91106 74.7597 -1.08305 -0.440135 -0.897843 0.0126381
5.38655 75.5033 -0.894231 -0.433328 -0.901127 0.0140321
3.89876 76.2009 -0.684912 -0.417699 -0.908567 0.00569479
2.28854 76.9152 -0.481184 -0.399921 -0.916512 0.00829903
0.714785 77.5846 -0.286053 -0.369124 -0.929324 0.0102567
-0.844829 78.1866 -0.0840837 -0.351474 -0.936147 -0.00974491
-2.1305 78.6503 0.0801326 -0.337289 -0.941397 0.00284426
-3.7631 79.1775 0.299984 -0.288297 -0.957541 -0.000481688
-5.51518 79.6617 0.550234 -0.260389 -0.965449 0.010248
-6.99905 80.0177 0.767485 -0.201884 -0.979299 -0.0147026
-8.40981 80.2682 0.959142 -0.171921 -0.984952 -0.0176934
-9.92597 80.4772 1.15982 -0.100744 -0.994636 -0.0234353
-11.3394 80.5807 1.3093 -0.0738187 -0.996975 -0.0243071
-12.9662 80.6641 1.39692 -0.0126325 -0.999899 -0.0065281
-14.3935 80.6568 1.38053 0.0339077 -0.999292 -0.0163231
-15.8677 80.544 1.3219 0.105395 -0.994358 -0.0119637
-17.2418 80.3867 1.23403 0.139687 -0.990091 -0.0144212
-18.6178 80.1839 1.13385 0.146613 -0.989138 -0.0104839
-20.1751 79.9306 0.978505 0.187305 -0.981843 -0.0300345
-21.9822 79.4932 0.816432 0.242929 -0.969899 -0.0167764
-23.3142 79.1438 0.702909 0.280836 -0.959215 -0.0322159
-24.7655 78.6992 0.581859 0.311653 -0.94981 -0.0270872
-26.1091 78.252 0.478962 0.320642 -0.94701 -0.0189824
-27.4652 77.7723 0.382942 0.340902 -0.939956 -0.0163889
-28.9809 77.2023 0.301074 0.361962 -0.932051 -0.0162719
-30.2846 76.6896 0.26074 0.37402 -0.927031 -0.0268891
-31.7435 76.0854 0.245999 0.38531 -0.922327 -0.0291494
-33.2112 75.4526 0.215095 0.408551 -0.912232 -0.0303215
-34.9404 74.6682 0.205696 0.419742 -0.906871 -0.0374499
-35.9609 74.1872 0.152339 0.438255 -0.898096 -0.0368323
-35.8876 74.2603 -0.757678 0.437598 -0.898387 -0.0375425
-34.6467 74.8429 -0.732522 0.419735 -0.906873 -0.0374632
-33.3005 75.4504 -0.736656 0.404187 -0.913883 -0.0380914
-31.5195 76.2148 -0.749581 0.386732 -0.921593 -0.0332472
-30.189 76.7562 -0.746647 0.366599 -0.929868 -0.0308461
-28.8909 77.2606 -0.718777 0.352408 -0.93551 -0.0251106
-27.4878 77.783 -0.649177 0.339634 -0.940401 -0.0171774
-26.1519 78.2588 -0.557222 0.327707 -0.944666 -0.0146056
-24.6341 78.7692 -0.442357 0.3188 -0.94743 -0.0272413
-23.2972 79.1751 -0.329426 0.267646 -0.963486 -0.00783471
-21.6331 79.5949 -0.198799 0.237891 -0.971266 -0.00713534
-20.2515 79.9078 -0.0705923 0.201781 -0.979431 0.000450105
-18.7944 80.1683 0.0571571 0.153937 -0.98784 -0.0217929
-17.2714 80.3897 0.162622 0.127844 -0.991786 -0.00413789
-15.8415 80.5553 0.250505 0.0916205 -0.995794 0.000391144
-14.1168 80.6685 0.324448 0.0122518 -0.999879 -0.00960809
-12.5668 80.6659 0.335691 -0.0140974 -0.999852 -0.00990108
-10.8779 80.5712 0.242679 -0.0718743 -0.997166 -0.022239
-9.481 80.4369 0.0985811 -0.136039 -0.990703 -0.000411032
-7.92457 80.1881 -0.118603 -0.168647 -0.985663 0.0050854
-6.59207 79.923 -0.316467 -0.207556 -0.978067 0.0174635
-4.88802 79.4873 -0.576419 -0.265959 -0.963963 -0.00635015
-3.46873 79.0889 -0.774639 -0.281956 -0.959344 0.0126188
-1.91556 78.5693 -0.980107 -0.328553 -0.944415 0.0114986
-0.580879 78.0883 -1.14597 -0.354666 -0.934915 0.0120463
0.843238 77.5183 -1.32514 -0.377774 -0.925881 0.00560742
2.38282 76.8684 -1.50918 -0.396613 -0.91797 0.00542485
3.80062 76.2374 -1.68987 -0.419026 -0.907898 0.0117757
5.40819 75.4773 -1.90583 -0.430989 -0.902294 0.0106936
6.67293 74.8624 -2.05589 -0.435993 -0.899838 0.0142444
8.30496 74.045 -2.24254 -0.452978 -0.891426 0.0130787
9.55061 73.4059 -2.3742 -0.459036 -0.888246 0.0174522
10.8064 72.7466 -2.49557 -0.470026 -0.882517 0.0154477
12.1044 72.045 -2.63933 -0.480834 -0.876689 0.0146309
13.5523 71.2431 -2.73569 -0.484737 -0.874492 0.0171167
14.7762 70.5596 -2.76921 -0.490541 -0.87121 0.019047
15.9562 69.8901 -2.83317 -0.494242 -0.869115 0.0190698
17.2813 69.1278 -2.90014 -0.500107 -0.865676 0.022316
18.504 68.42 -2.97279 -0.503432 -0.863531 0.0295182
18.7875 68.2534 -3.01145 -0.504048 -0.863178 0.0293135
18.8147 68.2083 -4.03812 -0.503565 -0.863692 0.0214067
17.2241 69.1367 -3.85307 -0.499634 -0.865993 0.0205433
15.8304 69.9393 -3.77806 -0.496047 -0.868082 0.0192642
14.5683 70.6568 -3.71377 -0.490836 -0.871062 0.0181879
13.3475 71.3381 -3.69241 -0.484396 -0.874678 0.0173154
12.0285 72.0697 -3.62361 -0.479762 -0.877178 0.019671
10.5125 72.8797 -3.45501 -0.465014 -0.885036 0.0217513
9.03166 73.6535 -3.32105 -0.458348 -0.888559 0.019488
7.78637 74.2913 -3.19011 -0.447067 -0.894425 0.0116461
6.29745 75.033 -3.02736 -0.439425 -0.898223 0.0100567
4.66797 75.8199 -2.83401 -0.430991 -0.902293 0.0106949
3.41149 76.4035 -2.65885 -0.400506 -0.916257 0.00827881
1.91301 77.062 -2.48496 -0.398223 -0.917226 0.0107434
0.509224 77.6483 -2.31256 -0.370863 -0.928652 0.00810746
-1.22141 78.3057 -2.10186 -0.339058 -0.94066 0.0141121
-2.75051 78.8464 -1.90934 -0.309707 -0.950756 0.0120416
-4.49082 79.3727 -1.67583 -0.280828 -0.959757 -0.00142381
-6.03687 79.7814 -1.44857 -0.230261 -0.973058 0.0117116
-7.5109 80.1103 -1.2187 -0.198733 -0.98002 -0.00810528
-9.02393 80.3665 -0.982708 -0.147687 -0.98895 0.0128671
-10.5354 80.5612 -0.794166 -0.114943 -0.993309 0.0111946
-11.9072 80.6449 -0.742952 -0.0341232 -0.999403 0.00538392
-13.2772 80.676 -0.706966 0.00273276 -0.999946 -0.00998002
-14.7101 80.6608 -0.739259 0.0476394 -0.99886 0.00314317
-16.2135 80.5352 -0.838061 0.100545 -0.994802 -0.0160968
-17.7431 80.3482 -0.934052 0.147349 -0.988943 -0.0167619
-19.2551 80.1043 -1.03807 0.187232 -0.982313 0.0022943
-20.6698 79.8202 -1.1598 0.205535 -0.978386 -0.0227288
-22.1908 79.4763 -1.28452 0.235243 -0.971516 -0.0285769
-23.6294 79.0934 -1.3953 0.273942 -0.961694 -0.0100595
-24.9698 78.6788 -1.49991 0.297612 -0.954687 1.22969e-05
-26.5888 78.1281 -1.62394 0.329922 -0.943711 -0.0236988
-28.3259 77.4989 -1.72151 0.351122 -0.936057 -0.0226061
-29.631 77.0054 -1.76031 0.361086 -0.931874 -0.0350512
-30.9683 76.4745 -1.7528 0.376095 -0.926083 -0.0303675
-32.4 75.8789 -1.7131 0.390296 -0.920052 -0.0342593
-33.8181 75.2588 -1.67689 0.4063 -0.91305 -0.0354945
-35.1929 74.6319 -1.6721 0.4212 -0.905883 -0.0443555
-35.9379 74.2802 -1.67368 0.426997 -0.903251 -0.0425483
-35.6196 74.4784 -2.57345 0.418107 -0.90677 -0.0543514
-34.0122 75.2105 -2.5917 0.410824 -0.91096 -0.0370885
-32.4226 75.9048 -2.67346 0.391466 -0.919457 -0.0367838
-30.7785 76.5879 -2.76444 0.372967 -0.927308 -0.0315483
-29.0951 77.2445 -2.76827 0.354723 -0.934678 -0.0234429
-27.7433 77.7457 -2.72591 0.342625 -0.939193 -0.0228893
-26.1695 78.2995 -2.61697 0.324191 -0.94581 -0.0185268
-24.1381 78.9502 -2.47621 0.291534 -0.956503 -0.0104766
-22.503 79.4119 -2.38225 0.259797 -0.965507 -0.0173521
-20.8083 79.8156 -2.22609 0.215688 -0.976245 -0.020603
-19.3942 80.1009 -2.10142 0.177193 -0.984041 -0.0163383
-17.9034 80.3431 -1.99443 0.145264 -0.989271 -0.0154988
-16.3937 80.5487 -1.88864 0.109747 -0.99392 0.00884786
-15.0203 80.6529 -1.79113 0.0722276 -0.997244 -0.0169435
-13.6161 80.6799 -1.75364 -0.00307505 -0.999995 0.000133278
-11.9731 80.6297 -1.79618 -0.0634949 -0.997927 0.0104716
-10.1445 80.4998 -1.87429 -0.0797687 -0.99639 0.0290536
-8.77617 80.3175 -2.06869 -0.13408 -0.990841 0.0159987
-7.2487 80.0564 -2.31154 -0.192575 -0.98121 0.0119303
-5.60663 79.6773 -2.56533 -0.248835 -0.96851 0.00829381
-3.98739 79.2293 -2.79745 -0.278565 -0.960408 -0.00433719
-2.38368 78.7044 -3.00059 -0.322368 -0.946571 0.00904054
-0.959529 78.2008 -3.17821 -0.341268 -0.939939 0.00716143
0.509584 77.6369 -3.3462 -0.363496 -0.931556 0.00855477
1.86631 77.0705 -3.51433 -0.398953 -0.916917 0.0100099
3.24057 76.4716 -3.67264 -0.398521 -0.917142 0.00560569
4.54451 75.8719 -3.85537 -0.42699 -0.90424 0.00537963
5.80936 75.2605 -3.99506 -0.437568 -0.899117 0.0110588
7.15232 74.6005 -4.11704 -0.444973 -0.895467 0.0117718
8.42318 73.9531 -4.27411 -0.458859 -0.888419 0.0126837
9.80375 73.2349 -4.39672 -0.461269 -0.887105 0.0166309
11.057 72.572 -4.49021 -0.471206 -0.881783 0.0205923
12.2682 71.9164 -4.61156 -0.475307 -0.87962 0.0187424
13.5247 71.222 -4.64435 -0.483578 -0.875185 0.0142653
14.7626 70.5268 -4.6744 -0.491761 -0.870563 0.0170631
16.1463 69.7372 -4.74446 -0.497737 -0.867094 0.0201206
17.5149 68.9439 -4.86448 -0.501812 -0.864699 0.0219072
18.6263 68.2938 -5.04298 -0.503429 -0.863834 0.0187339
18.9853 68.0617 -6.13105 -0.502882 -0.864164 0.0181847
17.5994 68.8721 -5.89117 -0.50124 -0.865117 0.0181966
16.3303 69.6087 -5.72787 -0.499653 -0.866012 0.0192115
15.0761 70.3274 -5.65074 -0.493525 -0.869524 0.0190131
13.8709 71.0083 -5.64484 -0.488684 -0.872261 0.0186705
12.4322 71.808 -5.59157 -0.478425 -0.877961 0.0171459
10.9792 72.5928 -5.47 -0.473784 -0.880549 0.0127846
9.64267 73.3038 -5.37796 -0.462819 -0.88637 0.0120908
8.42063 73.9405 -5.27882 -0.459554 -0.888059 0.0126794
7.1175 74.6043 -5.1404 -0.445863 -0.895006 0.0130972
5.50299 75.396 -4.98822 -0.435098 -0.900311 0.0113809
4.13235 76.0594 -4.83241 -0.427418 -0.904023 0.00751352
2.82993 76.6417 -4.65858 -0.397099 -0.917736 0.00851301
1.36321 77.2721 -4.4883 -0.380055 -0.924794 0.017711
-0.231019 77.9192 -4.3108 -0.367134 -0.930103 0.0110128
-1.6314 78.4418 -4.15057 -0.340406 -0.940278 -0.000312344
-3.03601 78.9252 -3.97239 -0.305003 -0.952341 0.00440484
-4.47552 79.3673 -3.78102 -0.263089 -0.964696 0.0120838
-6.25426 79.828 -3.52007 -0.240428 -0.970524 0.0166806
-7.65586 80.1269 -3.30577 -0.191375 -0.981511 0.00350634
-8.98088 80.3339 -3.10424 -0.134008 -0.990955 0.0071335
-10.4165 80.5093 -2.94215 -0.0903298 -0.995911 -0.00136501
-11.9232 80.6393 -2.86452 -0.0771139 -0.997002 -0.00631784
-13.3059 80.6792 -2.81761 0.000356493 -0.999994 -0.00334814
-14.8431 80.6478 -2.81924 0.0436053 -0.998865 0.0191467
-16.6025 80.5102 -2.93926 0.088962 -0.996025 -0.0045305
-17.9871 80.3439 -3.03112 0.143387 -0.989599 -0.0116017
-19.5161 80.087 -3.15691 0.178463 -0.983933 -0.00519358
-20.9556 79.805 -3.29093 0.211762 -0.977128 -0.01945
-22.297 79.4835 -3.42715 0.256518 -0.96648 -0.0107321
-23.9707 79.012 -3.53538 0.281014 -0.959442 -0.022404
-25.6371 78.4984 -3.63013 0.310071 -0.950492 -0.0205041
-27.0623 78.0119 -3.71732 0.332007 -0.943034 -0.0214012
-28.3649 77.5425 -3.75893 0.34427 -0.938591 -0.0229062
-29.6485 77.0643 -3.78247 0.359273 -0.932849 -0.0267381
-31.2518 76.4253 -3.71863 0.375736 -0.926323 -0.0273471
-32.7273 75.8117 -3.60172 0.385343 -0.921996 -0.0378591
-34.1753 75.1797 -3.49139 0.406763 -0.912203 -0.0492916
-35.3792 74.6412 -3.45352 0.417682 -0.907031 -0.0532666
-34.932 74.8901 -4.35014 0.405031 -0.912916 -0.0503355
-33.3088 75.6052 -4.48688 0.391309 -0.919304 -0.0419172
-32.0445 76.136 -4.60046 0.378456 -0.924995 -0.0339885
-30.6267 76.7088 -4.71855 0.366635 -0.929798 -0.0324745
-29.2115 77.259 -4.7838 0.354155 -0.934786 -0.0273641
-27.8313 77.7647 -4.75648 0.338383 -0.940727 -0.0230315
-26.2467 78.3147 -4.71874 0.317306 -0.948193 -0.0157228
-24.816 78.7789 -4.6388 0.296035 -0.954998 -0.0184926
-23.1868 79.2524 -4.54169 0.264147 -0.964312 -0.0181488
-21.7989 79.6227 -4.41733 0.232641 -0.972452 -0.0146609
-20.1308 79.9935 -4.2531 0.208734 -0.977941 -0.00783465
-18.6709 80.2514 -4.11868 0.160254 -0.986584 -0.0311579
-17.2078 80.4451 -4.00903 0.106611 -0.994274 -0.00725547
-15.7 80.5951 -3.9189 0.0743232 -0.996679 -0.0332681
-14.2436 80.6627 -3.868 0.0199001 -0.999629 -0.0185762
-12.7596 80.6671 -3.90048 -0.0187933 -0.999778 -0.00954238
-11.349 80.5936 -3.97182 -0.0832639 -0.996477 -0.0100083
-9.5136 80.4216 -4.14343 -0.109716 -0.993962 -0.0013743
-7.67754 80.1357 -4.38351 -0.190676 -0.981615 -0.00861212
-6.30285 79.8382 -4.58688 -0.232307 -0.97263 -0.00486299
-4.94127 79.4881 -4.78155 -0.257815 -0.966184 0.00458106
-3.54427 79.0854 -4.97601 -0.298573 -0.954376 -0.00457654
-1.76379 78.4873 -5.19655 -0.332266 -0.943181 0.00290127
-0.230164 77.91 -5.36723 -0.361212 -0.932444 0.00855542
1.08183 77.3798 -5.49761 -0.379041 -0.925342 0.00841269
2.38872 76.8219 -5.6474 -0.398373 -0.917073 0.0166133
3.80348 76.1924 -5.81378 -0.405385 -0.913951 0.0188644
5.07061 75.5922 -5.9654 -0.427813 -0.903732 0.0156735
6.38205 74.9552 -6.10112 -0.439821 -0.898026 0.0103105
7.6679 74.3092 -6.21435 -0.448913 -0.893515 0.0103797
8.97347 73.638 -6.32755 -0.460091 -0.887765 0.0137594
10.2774 72.9548 -6.4142 -0.464586 -0.88541 0.0144581
11.5672 72.2596 -6.52002 -0.475188 -0.879768 0.0142633
12.8111 71.5779 -6.59704 -0.484479 -0.874609 0.0183889
14.0691 70.8745 -6.62248 -0.490499 -0.871227 0.0193355
15.4513 70.0908 -6.64344 -0.495464 -0.868382 0.0207006
16.8274 69.2999 -6.76249 -0.498308 -0.866818 0.0177443
18.0826 68.571 -6.95073 -0.501052 -0.865258 0.0165826
19.1259 67.9615 -7.13128 -0.502313 -0.86457 0.0142002
19.0578 67.9866 -8.10388 -0.501334 -0.86517 0.012066
17.7893 68.7227 -7.87154 -0.499306 -0.866273 0.0162734
16.5776 69.4235 -7.72097 -0.497907 -0.867035 0.0184245
15.0003 70.3268 -7.59626 -0.493694 -0.869407 0.0199287
13.8141 70.9967 -7.58339 -0.488009 -0.872596 0.0205726
12.5319 71.7105 -7.56752 -0.482595 -0.875603 0.0205223
11.119 72.484 -7.49253 -0.481054 -0.87646 0.0201075
9.69143 73.2454 -7.36953 -0.462008 -0.886724 0.0164193
8.20895 74.0168 -7.27536 -0.457107 -0.889261 0.0163886
6.64858 74.8054 -7.14226 -0.445806 -0.894977 0.0165394
5.14683 75.5376 -6.99615 -0.428201 -0.903532 0.0165469
3.83373 76.1544 -6.86617 -0.417886 -0.908246 0.0214857
2.49617 76.7542 -6.7151 -0.406815 -0.913434 0.0118352
0.840785 77.4714 -6.55302 -0.394804 -0.918592 0.017861
-0.449696 77.9868 -6.41526 -0.358667 -0.933445 0.00626341
-1.91742 78.5352 -6.26511 -0.336641 -0.941613 0.00619133
-3.38367 79.03 -6.0644 -0.298315 -0.954425 0.00895237
-4.8464 79.4592 -5.87092 -0.267552 -0.96354 -0.0025109
-6.59471 79.9159 -5.6305 -0.230739 -0.972944 -0.0117809
-8.03772 80.2029 -5.43236 -0.179155 -0.98382 -0.00152601
-9.85079 80.4609 -5.19638 -0.118052 -0.992789 -0.0208408
-11.8156 80.6328 -5.02557 -0.057103 -0.99828 0.0133072
-13.343 80.6892 -4.93779 0.00365494 -0.999971 -0.00661052
-14.7949 80.6683 -4.92674 0.0285628 -0.999454 -0.0166311
-16.1747 80.5581 -4.98235 0.099941 -0.994993 -0.000679898
-17.7769 80.3802 -5.08291 0.12133 -0.992376 -0.0216563
-19.1157 80.2057 -5.19162 0.161003 -0.986788 -0.0181246
-20.4987 79.931 -5.32816 0.21394 -0.976716 -0.0159856
-21.8486 79.6211 -5.46128 0.239887 -0.970794 -0.00361608
-23.2473 79.2524 -5.5781 0.268105 -0.963343 -0.00953645
-24.5539 78.8746 -5.67466 0.289833 -0.956992 -0.0127293
-25.8463 78.4696 -5.72987 0.305978 -0.951876 -0.0176015
-27.2047 78.0123 -5.76269 0.331262 -0.943221 -0.0244777
-28.6401 77.498 -5.76324 0.345371 -0.938104 -0.0260901
-30.2232 76.901 -5.69147 0.356169 -0.933965 -0.0292031
-31.6879 76.3176 -5.58531 0.366271 -0.929758 -0.0373699
-33.095 75.7353 -5.41581 0.385809 -0.921698 -0.0403039
-34.2805 75.2249 -5.30848 0.395257 -0.917479 -0.0447714
-34.2012 75.3092 -6.21776 0.388672 -0.920256 -0.0454189
-32.9119 75.856 -6.37721 0.379716 -0.924209 -0.040672
-31.6566 76.3685 -6.51397 0.364578 -0.930372 -0.0386252
-30.3313 76.8902 -6.63487 0.354156 -0.934699 -0.0301894
-28.8616 77.4427 -6.72485 0.344053 -0.938671 -0.0229049
-27.358 77.9796 -6.76099 0.329814 -0.943973 -0.0116981
-25.8265 78.4903 -6.76417 0.305645 -0.952065 -0.0123956
-24.0265 79.0486 -6.68538 0.275645 -0.961138 -0.0152589
-22.599 79.4327 -6.57812 0.256425 -0.966546 -0.00597795
-21.0945 79.7951 -6.4319 0.225542 -0.974233 -0.000426713
-19.441 80.153 -6.26409 0.17419 -0.984684 0.0074282
-17.6592 80.4046 -6.10613 0.12372 -0.992275 0.00911463
-15.721 80.6046 -5.99039 0.0984518 -0.995077 -0.0113993
-14.3071 80.6879 -5.9738 0.0343299 -0.999407 0.00253202
-12.3619 80.6676 -6.06352 -0.0476914 -0.998857 -0.00310424
-10.4844 80.551 -6.21433 -0.0882048 -0.996036 -0.0114712
-9.08561 80.3904 -6.38306 -0.11842 -0.992869 0.0137182
-7.70133 80.136 -6.56286 -0.194281 -0.980933 0.00509614
-6.03546 79.7843 -6.78265 -0.243865 -0.969731 0.0122863
-4.71699 79.4175 -6.95915 -0.282763 -0.959186 0.00290011
-3.33287 79.0037 -7.14708 -0.299304 -0.954099 0.0105798
-2.04288 78.5791 -7.3034 -0.340477 -0.940047 0.0196614
-0.763326 78.1003 -7.45597 -0.358655 -0.933449 0.00625934
1.02685 77.3792 -7.64314 -0.394481 -0.918901 0.00251372
2.61236 76.6927 -7.78806 -0.404591 -0.914398 0.0134994
3.84693 76.129 -7.91305 -0.415775 -0.909328 0.0158997
5.1972 75.499 -8.03667 -0.432302 -0.901597 0.015449
6.59852 74.8085 -8.15844 -0.44519 -0.895211 0.0200957
8.20896 73.9952 -8.27908 -0.450337 -0.892624 0.0204682
9.52316 73.315 -8.37684 -0.464506 -0.885396 0.0175627
10.7802 72.6458 -8.45352 -0.476206 -0.8791 0.0202806
12.3823 71.7696 -8.53947 -0.479972 -0.877061 0.0197478
13.6333 71.0745 -8.55934 -0.486155 -0.873645 0.0199514
14.9525 70.3323 -8.57277 -0.492347 -0.870219 0.0176914
16.2189 69.61 -8.66488 -0.496874 -0.86765 0.0173089
17.4379 68.9076 -8.79815 -0.497351 -0.867394 0.0164506
18.7478 68.1513 -9.01865 -0.49751 -0.867399 0.0101808
19.0665 67.9679 -9.07504 -0.497508 -0.8674 0.0101867
18.6743 68.18 -9.95088 -0.495622 -0.86842 0.0143097
17.4723 68.8706 -9.7618 -0.496207 -0.86807 0.0152692
16.1397 69.6354 -9.64361 -0.494449 -0.868997 0.0190874
14.4314 70.6041 -9.55335 -0.489269 -0.871938 0.0184655
13.0474 71.3775 -9.53606 -0.485304 -0.874091 0.0210718
11.4356 72.2651 -9.48249 -0.479024 -0.877501 0.0229853
9.98408 73.0452 -9.40042 -0.467037 -0.883936 0.0230878
8.69 73.728 -9.32525 -0.459795 -0.887803 0.0198489
7.47084 74.3494 -9.24333 -0.449038 -0.893356 0.0167431
5.8634 75.1537 -9.13306 -0.442617 -0.896499 0.0194707
4.4851 75.8147 -9.02021 -0.420022 -0.907294 0.0199771
3.26093 76.3822 -8.9081 -0.41875 -0.908036 0.0109411
1.97596 76.9538 -8.78994 -0.398489 -0.917123 0.00961166
0.540851 77.5693 -8.65028 -0.372991 -0.927447 0.0268303
-1.02217 78.1792 -8.49066 -0.351493 -0.936029 0.0173797
-2.71838 78.7885 -8.28065 -0.32746 -0.944531 0.0251244
-4.0411 79.2184 -8.11588 -0.290006 -0.957025 0.00032972
-5.49107 79.6273 -7.92383 -0.245872 -0.969099 0.0198724
-7.23644 80.0318 -7.71341 -0.201078 -0.979251 0.0252038
-8.69897 80.3205 -7.53016 -0.180433 -0.983529 0.0107029
-10.4934 80.5316 -7.31416 -0.0942524 -0.995364 0.019135
-12.064 80.65 -7.16271 -0.0603087 -0.998149 0.00787303
-13.9 80.6926 -7.05516 0.0111875 -0.999933 -0.00305885
-15.543 80.6224 -7.04076 0.0525082 -0.998605 -0.00564944
-17.5462 80.4238 -7.14282 0.116303 -0.993197 -0.00575839
-18.9395 80.2335 -7.26523 0.159744 -0.987118 0.00895461
-20.4966 79.9332 -7.42759 0.207546 -0.978197 0.00746502
-21.869 79.6127 -7.56041 0.233391 -0.972342 -0.00895012
-23.535 79.1949 -7.69827 0.254585 -0.966987 -0.0110996
-24.9811 78.7728 -7.77066 0.292978 -0.955961 -0.0173904
-26.2799 78.364 -7.78898 0.312996 -0.949583 -0.0180426
-27.6706 77.8884 -7.73858 0.325621 -0.945307 -0.0191209
-28.9761 77.4269 -7.66361 0.340541 -0.939746 -0.0301646
-30.6522 76.8006 -7.51873 0.354497 -0.934354 -0.0362575
-31.9621 76.2876 -7.38708 0.368943 -0.928574 -0.0403826
-33.6286 75.605 -7.21516 0.379126 -0.924029 -0.0493278
-33.7337 75.5612 -7.2032 0.3846 -0.921635 -0.0516913
-33.1724 75.837 -8.15182 0.374789 -0.925912 -0.0471164
-31.8503 76.3732 -8.30508 0.369154 -0.928393 -0.0425712
-30.3065 76.965 -8.46589 0.348086 -0.93665 -0.0390386
-28.9957 77.4449 -8.59531 0.334495 -0.941943 -0.0292496
-27.5394 77.96 -8.70548 0.321477 -0.946541 -0.026693
-26.1816 78.4167 -8.78283 0.311872 -0.949842 -0.0231446
-24.8707 78.8256 -8.79201 0.288646 -0.957209 -0.0208244
-23.5009 79.2217 -8.73359 0.24892 -0.968371 -0.0172387
-22.0146 79.5858 -8.62761 0.23739 -0.971335 -0.012423
-20.3395 79.9592 -8.47677 0.210634 -0.977534 0.00773161
-18.8799 80.2366 -8.31675 0.168537 -0.985671 0.00687799
-17.3784 80.4457 -8.1778 0.116567 -0.99318 0.00246315
-15.9618 80.6046 -8.08953 0.0668648 -0.997746 0.00558947
-14.5895 80.679 -8.07797 0.0250977 -0.999409 0.0234923
-13.0497 80.68 -8.16647 -0.0222485 -0.999725 0.00742279
-11.6208 80.6245 -8.28502 -0.0555746 -0.998406 -0.00979992
-10.1325 80.4972 -8.43833 -0.111563 -0.993754 0.00255764
-8.77854 80.3168 -8.59063 -0.164603 -0.986235 0.015662
-7.29935 80.0318 -8.79063 -0.199066 -0.979967 0.00619532
-5.8728 79.7089 -8.9636 -0.243921 -0.969719 0.0121768
-4.42393 79.3234 -9.15076 -0.274741 -0.961404 0.0148432
-3.13626 78.9109 -9.30514 -0.322837 -0.946354 0.0137657
-1.59256 78.3711 -9.49735 -0.333243 -0.942774 0.0112146
-0.291417 77.8807 -9.64019 -0.372799 -0.927711 0.0193155
1.18862 77.2792 -9.79325 -0.391984 -0.919797 0.0179184
2.7182 76.6115 -9.92477 -0.408942 -0.912441 0.0147561
4.31719 75.8748 -10.047 -0.422519 -0.906227 0.0151526
5.60396 75.2584 -10.1441 -0.438175 -0.898643 0.0210505
7.18482 74.4737 -10.2565 -0.444967 -0.895351 0.0187097
8.56432 73.7692 -10.3277 -0.458869 -0.888219 0.022503
9.89632 73.0688 -10.3895 -0.469509 -0.882641 0.0225149
11.6508 72.1229 -10.4716 -0.475355 -0.879476 0.0236356
12.8467 71.4662 -10.5099 -0.482994 -0.875348 0.0219845
14.0758 70.7819 -10.5299 -0.487202 -0.873047 0.0205557
15.3193 70.0808 -10.5687 -0.493073 -0.869761 0.0198886
16.9555 69.1484 -10.6667 -0.494185 -0.869169 0.0180758
18.0908 68.4995 -10.7749 -0.49412 -0.869275 0.0143509
17.6344 68.7423 -11.6731 -0.493017 -0.869848 0.0172743
16.3342 69.4823 -11.5901 -0.493625 -0.86946 0.0193334
15.146 70.1573 -11.5204 -0.490443 -0.871184 0.022464
13.7662 70.9319 -11.4945 -0.487226 -0.873029 0.0207452
12.2823 71.753 -11.4695 -0.482874 -0.875395 0.0227435
10.8557 72.5295 -11.4142 -0.474555 -0.87996 0.0216259
9.5128 73.2503 -11.3675 -0.46521 -0.884947 0.0211924
8.10503 73.9806 -11.3275 -0.457979 -0.888726 0.0205419
6.70887 74.69 -11.2718 -0.445329 -0.895198 0.0173996
5.35931 75.3538 -11.1695 -0.438842 -0.89836 0.0191411
4.11462 75.9517 -11.083 -0.422622 -0.906168 0.0157919
2.78511 76.5662 -10.9912 -0.411461 -0.911359 0.0111127
1.19107 77.2647 -10.876 -0.384982 -0.922856 0.0111899
-0.194927 77.8282 -10.7254 -0.368075 -0.929714 0.0123928
-1.48175 78.3161 -10.5891 -0.34173 -0.939693 0.0140973
-2.79912 78.783 -10.4416 -0.324894 -0.945709 0.00886882
-4.42985 79.3046 -10.2344 -0.298395 -0.954318 0.0154338
-6.11331 79.7523 -10.0269 -0.236669 -0.971574 0.00572448
-7.81633 80.1324 -9.80312 -0.199912 -0.979809 0.0029458
-9.31041 80.4086 -9.64749 -0.145376 -0.989375 -0.00142857
-10.6792 80.5657 -9.47835 -0.0904872 -0.995891 -0.00351095
-12.1446 80.6506 -9.30626 -0.01466 -0.999857 0.00842607
-13.807 80.6696 -9.18205 0.0113296 -0.999559 0.027439
-15.4361 80.6287 -9.12703 0.0257266 -0.999567 0.0143089
-17.0127 80.4833 -9.18489 0.121928 -0.992491 0.00972824
-18.5111 80.2875 -9.32814 0.135679 -0.990674 0.0124815
-19.8504 80.0544 -9.48371 0.180607 -0.983527 -0.00742665
-21.4464 79.7296 -9.63911 0.203973 -0.978873 -0.0142562
-22.9506 79.3787 -9.74244 0.243026 -0.969822 -0.0195982
-24.602 78.9249 -9.7993 0.277931 -0.96054 -0.0108341
-25.9395 78.5143 -9.79386 0.292298 -0.956254 -0.011861
-27.3023 78.069 -9.68906 0.319499 -0.947191 -0.0273796
-28.7824 77.5556 -9.57768 0.330041 -0.943467 -0.0307182
-30.0638 77.0947 -9.44657 0.344948 -0.938081 -0.0318558
-31.3706 76.5982 -9.27942 0.357259 -0.93314 -0.0401896
-32.5401 76.1381 -9.11534 0.366523 -0.929369 -0.0439779
-32.0631 76.3704 -10.1215 0.355913 -0.933555 -0.0424458
-30.7748 76.8612 -10.2987 0.348209 -0.93687 -0.0320228
-29.459 77.346 -10.4469 0.334431 -0.941897 -0.0314124
-28.0212 77.8521 -10.5975 0.325498 -0.945188 -0.0258852
-26.4674 78.3628 -10.7369 0.305031 -0.952189 -0.0170806
-25.1218 78.7767 -10.7977 0.29231 -0.95625 -0.0118637
-23.6154 79.2129 -10.7812 0.262675 -0.96487 -0.00522905
-21.8977 79.6498 -10.7146 0.229937 -0.972855 -0.0261275
-20.5415 79.9327 -10.614 0.178402 -0.983946 0.00475221
-19.0531 80.2003 -10.426 0.148698 -0.98887 0.00507644
-17.7146 80.3874 -10.2873 0.131724 -0.991285 -0.00176747
-16.0479 80.5741 -10.1789 0.0879062 -0.99607 0.0108622
-14.5934 80.6431 -10.2074 0.0210453 -0.999762 0.0057629
-13.086 80.6594 -10.3207 -0.00579964 -0.999976 0.00376362
-11.6916 80.6175 -10.4652 -0.0593825 -0.998169 0.0114891
-10.346 80.5284 -10.5991 -0.0867489 -0.996145 0.0130262
-8.97132 80.3442 -10.7685 -0.177703 -0.984076 0.00390409
-7.41238 80.0405 -10.9455 -0.206453 -0.978332 0.01562
-5.66189 79.6273 -11.1647 -0.248348 -0.968581 0.0132085
-4.3564 79.2619 -11.3325 -0.285285 -0.958234 0.0200272
-2.99587 78.8369 -11.4988 -0.315787 -0.948674 0.0171883
-1.72037 78.3869 -11.6426 -0.342438 -0.939431 0.0143197
-0.452698 77.9131 -11.7704 -0.369313 -0.929134 0.0178244
1.03227 77.3125 -11.9225 -0.376986 -0.926108 0.014338
2.31914 76.7622 -12.0242 -0.404479 -0.914536 0.0044548
3.79043 76.084 -12.1285 -0.420273 -0.907171 0.0202917
5.09866 75.4609 -12.2173 -0.432607 -0.901369 0.0196257
6.41398 74.8154 -12.305 -0.44304 -0.896301 0.0189742
7.99293 74.0172 -12.3465 -0.456296 -0.889666 0.016987
9.37631 73.2979 -12.3691 -0.464068 -0.885555 0.0207913
10.6028 72.6412 -12.3892 -0.475303 -0.879522 0.0229555
12.1011 71.8274 -12.4328 -0.479187 -0.877432 0.0221884
13.3987 71.1107 -12.4541 -0.483781 -0.874925 0.0214781
14.6575 70.4081 -12.4788 -0.490317 -0.871289 0.0210782
16.0095 69.6463 -12.4913 -0.490917 -0.870932 0.021845
16.6674 69.2723 -12.5334 -0.492279 -0.870236 0.0187156
16.0601 69.5923 -13.4495 -0.491565 -0.870494 0.0245705
14.6593 70.3819 -13.4496 -0.489738 -0.871534 0.0242134
13.4622 71.0502 -13.425 -0.48461 -0.874381 0.0247264
11.8568 71.9362 -13.389 -0.481912 -0.875896 0.0237966
10.6147 72.6097 -13.3768 -0.47468 -0.879875 0.0223341
9.42082 73.2498 -13.3765 -0.469148 -0.882892 0.0200526
8.20067 73.8891 -13.3736 -0.458561 -0.888415 0.0209897
6.89852 74.5501 -13.3493 -0.447062 -0.8943 0.0190472
5.31906 75.3289 -13.2778 -0.435388 -0.900124 0.0146383
3.86943 76.0231 -13.183 -0.421584 -0.906588 0.0191245
2.61015 76.603 -13.0844 -0.411178 -0.911475 0.0120585
1.32194 77.175 -12.9847 -0.395569 -0.917982 0.0288791
-0.122061 77.7635 -12.8669 -0.37197 -0.928168 0.0119567
-1.43968 78.2664 -12.7466 -0.337108 -0.94127 0.0192155
-2.71767 78.7228 -12.6088 -0.33076 -0.943598 0.0148637
-4.29093 79.2264 -12.4202 -0.301063 -0.953389 0.0202833
-5.99282 79.6902 -12.2025 -0.24765 -0.968642 0.0200605
-7.70241 80.0839 -11.9903 -0.202758 -0.979128 0.0140592
-9.03103 80.3294 -11.8201 -0.148307 -0.988666 0.0233466
-10.6802 80.5319 -11.6401 -0.104375 -0.994065 0.0306704
-12.1848 80.6327 -11.496 -0.0309493 -0.999448 0.0120889
-14.1325 80.6458 -11.3149 0.00778688 -0.999949 0.00635695
-16.176 80.5384 -11.2485 0.0791068 -0.996772 0.0136772
-17.9674 80.3557 -11.374 0.123255 -0.992345 0.0077586
-19.4665 80.1236 -11.5353 0.167075 -0.985911 0.00810871
-20.9341 79.857 -11.6802 0.189248 -0.981809 0.0153642
-22.3748 79.5398 -11.7471 0.241257 -0.970433 0.00733466
-23.7997 79.1682 -11.7957 0.26002 -0.965598 -0.00307984
-25.1746 78.7722 -11.782 0.283274 -0.958987 -0.0100364
-26.9721 78.2223 -11.6658 0.299948 -0.953792 -0.017653
-28.3792 77.7571 -11.5187 0.322026 -0.946272 -0.0294718
-29.7705 77.2671 -11.3495 0.337342 -0.940958 -0.0282492
-31.073 76.7862 -11.1941 0.344139 -0.938007 -0.0413687
-31.3569 76.6796 -11.1637 0.347264 -0.936806 -0.0424587
-30.5693 77.0117 -12.1864 0.341036 -0.939186 -0.0403051
-29.2751 77.4753 -12.3534 0.332538 -0.942425 -0.0354055
-27.8908 77.9498 -12.5438 0.309911 -0.950531 -0.0211053
-26.3834 78.4262 -12.6789 0.298459 -0.954194 -0.0208847
-24.9224 78.8554 -12.7767 0.275778 -0.96116 -0.0108649
-23.4178 79.2688 -12.807 0.257621 -0.966244 0.00197725
-22.1033 79.5911 -12.7618 0.244326 -0.969534 0.0175616
-20.5573 79.9142 -12.6687 0.189242 -0.98181 0.0153719
-18.985 80.1927 -12.5414 0.14484 -0.989438 -0.00576202
-17.3269 80.4216 -12.3978 0.10424 -0.994518 0.00822035
-15.6801 80.5704 -12.3016 0.082691 -0.996555 0.00638657
-14.1466 80.6347 -12.3995 0.00409418 -0.999882 0.0147853
-12.6987 80.6285 -12.5344 -0.00808639 -0.99964 0.025588
-11.2989 80.5532 -12.6676 -0.0666325 -0.997475 0.0245628
-9.46638 80.3621 -12.8582 -0.125355 -0.991619 0.0312744
-7.722 80.0663 -13.0655 -0.200014 -0.979469 0.0251933
-6.37259 79.7752 -13.2318 -0.209619 -0.977782 -0.00167025
-4.80131 79.3654 -13.4275 -0.264862 -0.964155 0.0159442
-3.28067 78.8893 -13.6139 -0.306269 -0.951942 0.00251818
-1.9421 78.4271 -13.7607 -0.343521 -0.939145 0.000360077
-0.661221 77.9517 -13.8809 -0.351543 -0.936036 0.0159278
0.781756 77.3814 -14.0031 -0.378649 -0.925308 0.0207245
2.34773 76.7076 -14.1232 -0.405141 -0.914125 0.0153619
4.00667 75.9366 -14.2575 -0.421553 -0.906602 0.0191456
5.38156 75.2791 -14.3215 -0.439716 -0.8979 0.0206056
6.88386 74.535 -14.3692 -0.44803 -0.893785 0.0204555
8.29125 73.8181 -14.4014 -0.458568 -0.888411 0.0209973
9.51501 73.1782 -14.3754 -0.468211 -0.883411 0.0190722
11.0528 72.349 -14.3614 -0.477218 -0.878609 0.0175754
12.3985 71.612 -14.3478 -0.484016 -0.874752 0.0231718
13.9546 70.7503 -14.3825 -0.486206 -0.873468 0.0256424
15.2367 70.0292 -14.3969 -0.490498 -0.871069 0.0254996
15.5808 69.8354 -14.4005 -0.490547 -0.87104 0.025542
14.4398 70.4493 -15.3193 -0.488544 -0.872171 0.0253713
12.8012 71.3633 -15.3041 -0.484511 -0.874473 0.0233609
11.4872 72.0905 -15.3345 -0.485201 -0.874135 0.0216531
10.2197 72.7779 -15.379 -0.471367 -0.881674 0.0215545
9.02192 73.4161 -15.3964 -0.46404 -0.885568 0.0208905
7.72218 74.0858 -15.4028 -0.454948 -0.89029 0.0201647
6.23499 74.8369 -15.3777 -0.444261 -0.895678 0.0198311
4.98306 75.4487 -15.3445 -0.43609 -0.899723 0.0180016
3.42998 76.186 -15.2624 -0.421574 -0.906655 0.0158731
1.98844 76.8477 -15.1537 -0.407965 -0.912792 0.0193541
0.623063 77.4317 -15.0611 -0.381732 -0.924189 0.0124745
-0.911104 78.0401 -14.9231 -0.358162 -0.933608 0.00975942
-2.43371 78.6065 -14.7808 -0.327097 -0.944984 0.00351212
-3.88062 79.0772 -14.6066 -0.298677 -0.954353 -0.00130925
-5.59792 79.574 -14.3964 -0.24858 -0.968429 0.0187927
-6.99299 79.8986 -14.2193 -0.202827 -0.979136 0.0124329
-8.60795 80.2045 -14.0317 -0.155556 -0.987563 0.0228219
-10.2769 80.4424 -13.8468 -0.122095 -0.992372 0.0170277
-11.9049 80.5754 -13.6862 -0.0645436 -0.997776 0.0166711
-13.2819 80.6115 -13.5615 -0.0076033 -0.999854 0.0152895
-14.8473 80.6138 -13.4392 0.00290938 -0.999984 0.00481197
-16.434 80.4939 -13.4162 0.0951248 -0.995363 0.0142572
-17.9468 80.3426 -13.5058 0.120446 -0.992646 0.0121189
-19.4798 80.1016 -13.61 0.183438 -0.98292 0.0148045
-21.3181 79.743 -13.7344 0.205368 -0.978665 0.00630235
-22.7147 79.4326 -13.7943 0.229172 -0.973379 0.00377405
-24.5303 78.9751 -13.7824 0.251065 -0.967952 -0.00587937
-26.0398 78.5427 -13.682 0.279847 -0.959977 -0.0113666
-27.418 78.1248 -13.5542 0.293372 -0.955753 -0.021645
-28.7186 77.6982 -13.386 0.319316 -0.946904 -0.0375542
-29.6517 77.3777 -13.248 0.324487 -0.944988 -0.0413093
-29.079 77.6117 -14.2795 0.313252 -0.949075 -0.0336172
-27.6091 78.0873 -14.4811 0.29216 -0.956082 -0.0234522
-26.2754 78.4899 -14.6186 0.277276 -0.960639 -0.0170634
-24.6592 78.9492 -14.7574 0.260199 -0.965472 -0.0126316
-22.8853 79.391 -14.8007 0.222 -0.975033 -0.0051174
-21.5002 79.6977 -14.7493 0.205711 -0.978589 0.006877
-20.0497 79.9832 -14.6812 0.174804 -0.9846 0.00236419
-18.5067 80.249 -14.5752 0.138091 -0.989933 0.0310291
-17.0621 80.4099 -14.5028 0.102686 -0.994357 0.0266243
-15.5987 80.5536 -14.4431 0.0568089 -0.996894 0.0545483
-14.2335 80.5891 -14.5392 0.00685192 -0.999443 0.0326739
-12.6845 80.5779 -14.6777 -0.0243229 -0.999439 0.023006
-11.302 80.5097 -14.8158 -0.0762061 -0.996921 0.0184944
-9.94384 80.3671 -14.9564 -0.113787 -0.993483 0.00668788
-8.58884 80.1764 -15.117 -0.159981 -0.986928 0.0194516
-6.86537 79.8595 -15.3133 -0.207432 -0.978195 0.0102983
-5.29445 79.4853 -15.5062 -0.249717 -0.968314 0.00310853
-3.75403 79.0357 -15.6812 -0.305901 -0.95206 -0.00245472
-2.39798 78.592 -15.8285 -0.32859 -0.944472 0.0014505
-0.739419 77.9698 -15.9856 -0.368008 -0.929821 0.00182779
0.746362 77.3675 -16.1196 -0.385171 -0.922814 0.00761316
2.03093 76.8073 -16.1995 -0.406276 -0.913634 0.0146143
3.39376 76.1877 -16.3018 -0.423249 -0.905976 0.00819285
5.16171 75.3418 -16.3786 -0.436102 -0.899818 0.0118994
6.38783 74.7382 -16.3997 -0.449938 -0.892806 0.0212799
8.22173 73.8071 -16.434 -0.453585 -0.89095 0.0216497
9.48468 73.1451 -16.3897 -0.469727 -0.882533 0.0221834
10.8965 72.3875 -16.3573 -0.478061 -0.877967 0.0251214
12.4354 71.5402 -16.2791 -0.484678 -0.874391 0.0229726
13.2913 71.0654 -16.2707 -0.487412 -0.872824 0.0246552
11.5065 72.0245 -17.3118 -0.481515 -0.876057 0.0258525
10.1244 72.7776 -17.3659 -0.47637 -0.87895 0.0227688
8.79405 73.4836 -17.3999 -0.466017 -0.884377 0.0265607
7.33749 74.2376 -17.4249 -0.45409 -0.890811 0.0160447
6.12027 74.8521 -17.4158 -0.447483 -0.894122 0.017437
4.89944 75.4544 -17.392 -0.437198 -0.899268 0.0131955
3.48075 76.1352 -17.3362 -0.426281 -0.904555 0.00809092
2.20643 76.7184 -17.2606 -0.405314 -0.914157 0.00603248
0.854357 77.3131 -17.1664 -0.390578 -0.920564 0.00317321
-0.40358 77.8333 -17.0725 -0.370611 -0.928788 7.88586e-05
-1.93443 78.4251 -16.9203 -0.337552 -0.941307 -0.000139189
-3.2504 78.8752 -16.7894 -0.309936 -0.950694 -0.0109844
-4.57402 79.2776 -16.6551 -0.280131 -0.95991 -0.0100137
-5.94967 79.6339 -16.5082 -0.228958 -0.973421 0.0054087
-7.39933 79.949 -16.3351 -0.197636 -0.980217 -0.010662
-8.9168 80.2229 -16.1418 -0.162132 -0.986749 -0.00634243
-10.4504 80.4198 -15.962 -0.114736 -0.99339 0.00342738
-11.9001 80.5202 -15.807 -0.0464089 -0.998391 0.0325737
-13.3088 80.5662 -15.6647 -0.0311018 -0.999126 0.0279431
-14.8926 80.5425 -15.5518 0.0273693 -0.998611 0.0450115
-16.4728 80.444 -15.5121 0.0935811 -0.995019 0.0343534
-18.2932 80.2441 -15.6113 0.111537 -0.993496 0.0229008
-19.9 80.0013 -15.7124 0.162125 -0.98667 0.0140526
-21.3594 79.73 -15.7607 0.207674 -0.978196 0.00179211
-23.0406 79.361 -15.8017 0.222035 -0.975024 -0.00533383
-24.7508 78.9362 -15.7152 0.247492 -0.968838 -0.010052
-26.3552 78.4877 -15.5686 0.277916 -0.960291 -0.0245622
-27.6845 78.0895 -15.4273 0.291698 -0.956079 -0.0287164
-26.3716 78.5072 -16.5129 0.275409 -0.961049 -0.0231313
-24.9557 78.8969 -16.6476 0.254362 -0.967001 -0.0144677
-23.2236 79.3235 -16.7892 0.225394 -0.974234 -0.0081458
-21.7737 79.6357 -16.8229 0.202486 -0.979282 0.0024103
-20.1184 79.9495 -16.7808 0.176179 -0.984278 0.0125894
-18.7636 80.1633 -16.6734 0.120276 -0.992569 0.0184618
-17.1959 80.3393 -16.601 0.102018 -0.994395 0.0277607
-15.8367 80.4638 -16.5753 0.0715752 -0.996888 0.0330347
-14.2281 80.5252 -16.6569 0.0149023 -0.999393 0.0314812
-12.8672 80.5231 -16.7514 -0.0292339 -0.999197 0.0273886
-12.765 80.5197 -16.7614 -0.0306996 -0.999206 0.0254082
-15.3568 80.4678 -17.6304 0.0486709 -0.998468 0.0263291
-16.7067 80.3646 -17.6222 0.0928925 -0.995662 0.00524269
-18.4326 80.1827 -17.6844 0.124818 -0.991937 0.0219348
-20.1717 79.9297 -17.834 0.160878 -0.986939 0.00832669
-21.5535 79.6804 -17.8562 0.188249 -0.982105 0.00571139
-22.975 79.3896 -17.821 0.224085 -0.974527 -0.00909913
-24.1931 79.1057 -17.6929 0.24512 -0.969366 -0.0156402
