-18.9357 97.5084 11.0579 -0.174418 0.984449 -0.0170542
-20.2204 97.2411 11.1703 -0.215723 0.976164 -0.0235391
-21.1398 97.035 11.4342 -0.227793 0.97338 -0.0253316
-22.1806 96.778 11.8001 -0.262144 0.964712 -0.0247349
-23.2165 96.4941 11.9957 -0.280827 0.959401 -0.0261901
-24.4041 96.1423 12.3302 -0.305369 0.95212 -0.014768
-25.3631 95.8362 12.7766 -0.328883 0.944197 -0.0180107
-26.3709 95.486 13.2374 -0.349534 0.936831 -0.0130388
-27.4716 95.0761 13.6957 -0.364598 0.931009 -0.0170183
-28.631 94.6209 14.3511 -0.37966 0.925087 -0.00623693
-29.4566 94.2843 14.7508 -0.3934 0.919297 -0.0112621
-30.274 93.9383 15.1334 -0.394677 0.918738 -0.0122805
-31.1974 93.5307 15.306 -0.40882 0.912548 -0.0110966
-32.2184 93.0671 15.5032 -0.422183 0.90646 -0.00960825
-33.2871 92.5581 15.3088 -0.432789 0.90148 -0.000764537
-34.6706 91.8845 14.8952 -0.437701 0.89912 -0.000522365
-35.6653 91.3916 14.3686 -0.442349 0.896808 0.00788913
-36.4803 90.983 13.6628 -0.455726 0.890097 0.00602774
-37.113 90.6628 12.763 -0.457836 0.889021 0.00530602
-37.5224 90.4583 11.8729 -0.461738 0.886977 0.00780735
-37.8733 90.2847 10.8991 -0.463042 0.886276 0.010369
-37.9809 90.2401 9.83651 -0.465214 0.885139 0.0102064
-38.0659 90.2088 8.71797 -0.465947 0.884735 0.0117097
-38.0363 90.2371 7.67521 -0.462159 0.886745 0.00962665
-38.0183 90.2571 6.6765 -0.463313 0.886139 0.00990641
-38.0335 90.26 5.69894 -0.46309 0.886262 0.00928535
-38.0456 90.2668 4.39166 -0.461861 0.886896 0.00990253
-38.1658 90.2191 3.17844 -0.461259 0.887206 0.0102915
-38.4081 90.1054 2.09147 -0.462001 0.886818 0.0104603
-38.5821 90.026 1.07222 -0.462395 0.886625 0.00935626
-38.7262 89.9603 -0.165393 -0.465174 0.88518 0.00832831
-38.731 89.9697 -1.40838 -0.464205 0.885692 0.00785951
-38.5527 90.0754 -2.72711 -0.468836 0.883233 0.00924856
-38.3286 90.2048 -3.7181 -0.46172 0.886937 0.0123398
-37.9447 90.4205 -4.84615 -0.461421 0.887124 0.0100656
-37.4408 90.6915 -5.7314 -0.455769 0.890058 0.00839159
-36.6442 91.1086 -6.70548 -0.449057 0.893437 0.0107431
-35.9681 91.4555 -7.35263 -0.449116 0.893369 0.0136318
-35.0265 91.9321 -8.0069 -0.440507 0.897701 0.00931342
-34.0636 92.403 -8.30876 -0.431846 0.901837 0.0138534
-33.1725 92.8297 -8.42955 -0.422215 0.906332 0.0172465
-32.0695 93.3336 -8.36052 -0.411533 0.911135 0.0217654
-31.1774 93.7238 -8.27341 -0.400371 0.916163 0.0186558
-29.932 94.2544 -7.998 -0.385892 0.922456 0.0127526
-29.0082 94.6305 -7.69778 -0.376005 0.926448 0.017716
-27.9307 95.0538 -7.1421 -0.369589 0.929082 0.0145385
-26.7909 95.469 -6.61029 -0.336331 0.941669 0.0118526
-25.9131 95.7706 -6.33252 -0.313788 0.949279 0.019565
-24.8075 96.1239 -5.96816 -0.309338 0.950791 0.0175361
-23.6026 96.4819 -5.63116 -0.272363 0.961981 0.0178203
-22.2066 96.8535 -5.31085 -0.248481 0.96843 0.0165838
-20.9617 97.1491 -5.11726 -0.221336 0.974934 0.0226691
-19.8587 97.3699 -4.99488 -0.17813 0.983796 0.0203544
-18.8245 97.554 -4.8499 -0.159612 0.987019 0.0156063
-17.7243 97.7221 -4.80545 -0.149496 0.988652 0.0145467
-16.7491 97.8438 -4.8084 -0.119381 0.992741 0.0146373
-15.6208 97.9626 -4.73847 -0.105886 0.994192 0.0184289
-14.6213 98.0312 -4.72329 -0.0644964 0.997893 0.00704152
-13.4066 98.0736 -4.6579 -0.0216927 0.999636 -0.00177244
-12.4143 98.079 -4.66238 -0.0053092 0.999984 -0.00188884
-11.1084 98.0448 -4.66993 0.0291376 0.999548 0.00515519
-9.776 97.9808 -4.44726 0.0730223 0.997026 0.00801048
-8.78105 97.8833 -4.43273 0.118638 0.992934 0.0023501
-7.73448 97.7487 -4.48769 0.15751 0.987517 -0.00119452
-6.70837 97.5852 -4.26198 0.168625 0.985614 -0.00223792
-5.687 97.4026 -4.13865 0.17449 0.984648 0.00461682
-4.53362 97.1586 -3.99558 0.214319 0.976756 0.00276889
-3.39175 96.8723 -3.89367 0.247154 0.968831 0.0167962
-2.46115 96.62 -3.80371 0.275484 0.961193 0.0146978
-1.47931 96.3238 -3.60193 0.309937 0.950643 0.0146965
-0.419513 95.9662 -3.40969 0.322991 0.946365 0.00841026
0.712764 95.5678 -3.06229 0.341843 0.939757 -0.000521016
1.7767 95.1693 -2.10132 0.349925 0.936754 -0.00243173
2.30192 94.9821 -1.24239 0.35707 0.933992 -0.00607271
2.64762 94.8526 -0.297975 0.365965 0.930583 -0.00893281
2.71577 94.8377 0.705022 0.36149 0.932333 -0.00703278
2.63455 94.8762 1.7141 0.362178 0.932089 -0.00619054
2.25126 95.0319 2.70157 0.356352 0.934309 -0.00639737
1.68434 95.2515 3.58044 0.351368 0.936198 -0.00861639
0.943452 95.5304 4.5461 0.335367 0.942054 -0.00787679
0.316324 95.7602 5.24992 0.324814 0.945678 -0.00445076
-0.537919 96.0471 6.11282 0.312333 0.949834 -0.0138747
-1.34619 96.3061 6.65348 0.298017 0.954446 -0.0148189
-2.21952 96.5784 7.08484 0.274418 0.96145 -0.0175639
-3.29994 96.8776 7.50181 0.248723 0.968509 -0.0112513
-4.31254 97.1222 7.76152 0.219601 0.975557 -0.00798696
-5.42449 97.3549 8.1363 0.182225 0.983204 -0.0102038
-6.43908 97.5408 8.37183 0.168378 0.985554 -0.0182462
-7.6385 97.7314 8.7591 0.131077 0.99128 -0.0135296
-8.75271 97.8682 9.10716 0.105819 0.994384 -0.00162459
-9.99097 97.9766 9.35106 0.0650886 0.997718 -0.0179533
-11.5218 98.0493 9.61999 0.0207476 0.999547 -0.0218229
-12.8845 98.0753 9.87672 0.00304522 0.999695 -0.0245266
-13.8613 98.0635 10.092 -0.0392394 0.99909 -0.0167233
-15.1202 97.9825 10.3567 -0.0901792 0.995725 -0.019978
-16.5516 97.8458 10.6465 -0.113292 0.993232 -0.0255837
-17.6958 97.7033 10.9059 -0.144842 0.98938 -0.0121865
-18.6736 97.5512 11.0289 -0.163502 0.986297 -0.0220074
-18.5297 97.5964 11.9856 -0.174418 0.984449 -0.0170546
-19.5055 97.4136 12.0881 -0.183786 0.982614 -0.0235981
-20.9338 97.1079 12.3828 -0.223363 0.97444 -0.0234994
-21.8305 96.8978 12.748 -0.25 0.967845 -0.0249824
-22.9046 96.6137 13.0171 -0.271255 0.962102 -0.0260144
-23.8359 96.3449 13.1639 -0.280965 0.959351 -0.0265281
-24.8613 96.0255 13.6157 -0.318522 0.94767 -0.0192465
-25.7473 95.7267 14.0313 -0.330287 0.943689 -0.0186894
-26.9035 95.3134 14.5014 -0.354196 0.934924 -0.0183518
-27.8604 94.9492 14.986 -0.363303 0.931472 -0.019262
-29.1959 94.4056 15.7357 -0.386322 0.92215 -0.0195183
-30.2655 93.9556 16.1724 -0.403424 0.914882 -0.0155142
-31.2704 93.5102 16.3269 -0.409944 0.912033 -0.0118149
-32.2572 93.0583 16.5014 -0.431009 0.902322 -0.00677539
-33.4989 92.4615 16.356 -0.43441 0.900696 -0.00579849
-34.3681 92.0363 16.1464 -0.44434 0.895856 -0.00210227
-35.5658 91.4389 15.6304 -0.446174 0.894937 -0.0040435
-36.2774 91.0779 15.0491 -0.454034 0.890976 0.00250676
-37.164 90.6284 14.3861 -0.458883 0.888487 0.00369863
-37.7866 90.3079 13.4861 -0.462123 0.886811 0.00293032
-38.2292 90.0832 12.4341 -0.463861 0.885881 0.00697213
-38.7109 89.8398 11.3349 -0.468575 0.883369 0.00982345
-38.8149 89.7965 10.2346 -0.469123 0.883079 0.00976613
-38.8971 89.7695 8.85633 -0.467155 0.884112 0.0104361
-38.8791 89.7941 7.67556 -0.468625 0.883325 0.0112939
-38.8434 89.825 6.70787 -0.467623 0.883848 0.0118982
-38.8904 89.8125 5.60241 -0.464827 0.88535 0.00954736
-38.8719 89.8358 4.50557 -0.462072 0.886775 0.0109672
-38.9481 89.8084 3.46237 -0.462904 0.886354 0.00984238
-39.3016 89.6367 2.02635 -0.466003 0.884756 0.00699345
-39.4983 89.5438 0.724893 -0.469058 0.883145 0.00624932
-39.6164 89.4893 -0.303392 -0.469746 0.882774 0.00697179
-39.5617 89.5316 -1.80554 -0.469951 0.882656 0.0079728
-39.4696 89.5919 -2.91545 -0.468212 0.883539 0.011678
-39.1955 89.7508 -3.893 -0.467346 0.883973 0.0133829
-38.8425 89.9516 -4.96748 -0.46441 0.885548 0.0112119
-38.3033 90.2484 -6.04668 -0.463388 0.886079 0.0116163
-37.6891 90.5786 -6.97793 -0.458124 0.888828 0.0103097
-36.8669 91.0104 -7.80448 -0.449041 0.89342 0.0127368
-35.9569 91.4819 -8.58405 -0.446695 0.894564 0.014634
-35.0471 91.9387 -9.03148 -0.438129 0.898775 0.0156755
-34.0005 92.4509 -9.33589 -0.430268 0.902519 0.0178371
-33.0866 92.889 -9.44964 -0.427885 0.903608 0.0200093
-32.1464 93.3226 -9.35287 -0.420742 0.906917 0.0218583
-31.2448 93.7208 -9.3072 -0.404546 0.914131 0.0265827
-30.2691 94.1409 -9.10988 -0.395221 0.918305 0.0227028
-29.1679 94.592 -8.76764 -0.381189 0.924178 0.0243067
-28.3081 94.9287 -8.41759 -0.374632 0.926855 0.0235981
-27.4799 95.2465 -7.92301 -0.356182 0.933925 0.028321
-26.5454 95.5785 -7.50823 -0.33081 0.943427 0.0210257
-25.3891 95.9606 -7.14154 -0.310829 0.950126 0.0254307
-24.5077 96.2335 -6.83642 -0.297792 0.954361 0.0223473
-23.3832 96.5627 -6.54814 -0.274048 0.961511 0.0198606
-22.1879 96.8773 -6.26426 -0.250548 0.967896 0.020084
-21.2056 97.1139 -6.07474 -0.225484 0.974062 0.0189881
-19.9909 97.3645 -5.97491 -0.19243 0.980906 0.0270839
-18.9978 97.5361 -5.8318 -0.170575 0.985287 0.0106938
-17.9842 97.7036 -5.75151 -0.141334 0.989703 0.0193028
-17.0039 97.8333 -5.75398 -0.124103 0.992045 0.0191349
-16.0276 97.9399 -5.73526 -0.0783365 0.996675 0.0191355
-14.8675 98.0331 -5.69858 -0.0685327 0.997436 0.0151551
-13.8591 98.0764 -5.68842 -0.0295764 0.999331 0.0204434
-12.5903 98.0896 -5.62538 0.00927967 0.999461 0.031492
-11.35 98.0606 -5.66889 0.0310343 0.999044 0.0256927
-10.3297 98.0257 -5.58212 0.0632195 0.997863 0.00821859
-9.17713 97.9321 -5.39957 0.105796 0.994288 0.00576347
-8.12506 97.8131 -5.53255 0.122226 0.991683 0.0345459
-6.83139 97.6175 -5.258 0.161094 0.986703 0.0140731
-5.65238 97.4045 -5.10178 0.190914 0.981387 0.0115669
-4.27334 97.1101 -4.94406 0.226299 0.973833 0.0100341
-3.33478 96.8744 -4.84862 0.252438 0.967349 0.0179204
-2.25963 96.5778 -4.79511 0.264815 0.964124 0.0183917
-1.25492 96.2658 -4.52802 0.303378 0.952698 0.0159475
-0.317439 95.9485 -4.36875 0.326712 0.944862 0.0206246
0.834326 95.5306 -4.14467 0.339503 0.940481 0.0147461
1.74879 95.184 -3.54884 0.354891 0.934857 0.00783254
2.47684 94.9071 -2.79443 0.361169 0.93246 0.00215086
3.22474 94.6158 -1.62237 0.366937 0.930229 -0.00542748
3.5532 94.4872 -0.66437 0.376392 0.92644 -0.00533983
3.64537 94.4615 0.607037 0.375945 0.9266 -0.00881396
3.59131 94.4939 1.63717 0.382957 0.923743 -0.00655221
3.3025 94.6233 2.72185 0.378064 0.925739 -0.00866941
2.7631 94.8431 3.59675 0.36117 0.932393 -0.0140901
2.18333 95.0781 4.52819 0.347366 0.937667 -0.0106597
1.55442 95.3173 5.25686 0.343329 0.939089 -0.0141082
0.820987 95.5913 6.27211 0.333388 0.94265 -0.0159119
-0.0539777 95.9 6.9326 0.312328 0.949835 -0.0138807
-1.36839 96.3334 7.77006 0.295667 0.955082 -0.0199978
-2.261 96.6043 8.13487 0.271566 0.962357 -0.0109651
-3.22442 96.8681 8.49215 0.246684 0.969045 -0.00989366
-4.30589 97.1288 8.73146 0.216158 0.976175 -0.0165355
-5.49907 97.3842 9.1869 0.188146 0.982002 -0.0164961
-6.72614 97.6032 9.4685 0.154635 0.987957 -0.0054255
-7.64103 97.746 9.79805 0.120495 0.992611 -0.00638651
-8.71256 97.8692 10.0999 0.110739 0.993685 -0.0180781
-9.66462 97.9721 10.2879 0.0875914 0.995813 -0.0114557
-10.655 98.0344 10.4248 0.0602526 0.998099 -0.0129497
-11.8016 98.0792 10.6969 0.0219959 0.999489 -0.0232045
-13.0911 98.0919 10.8828 -0.0148814 0.999845 -0.00942393
-14.3455 98.054 11.2554 -0.0586945 0.998248 -0.00744001
-15.3624 97.9806 11.3587 -0.0915322 0.995618 -0.0190591
-16.3705 97.8909 11.5943 -0.103093 0.994371 -0.0218713
-17.3672 97.7678 11.8032 -0.139502 0.989848 -0.0254744
-18.3694 97.6224 11.9604 -0.154458 0.987746 -0.0203228
-18.0992 97.6906 12.8846 -0.155968 0.987243 -0.0299872
-19.5591 97.4433 13.1988 -0.185479 0.982034 -0.0345743
-20.6767 97.1995 13.4271 -0.232001 0.972306 -0.0282205
-21.8464 96.9279 13.7028 -0.248751 0.967507 -0.0400292
-23.0233 96.6105 14.0333 -0.276661 0.96027 -0.0363116
-23.9712 96.3375 14.2364 -0.308609 0.950461 -0.0372163
-24.901 96.0388 14.7003 -0.324692 0.945173 -0.0333463
-25.8864 95.7158 15.0679 -0.356092 0.933586 -0.0401903
-26.7374 95.4054 15.4626 -0.365552 0.930187 -0.032913
-27.7543 95.0232 16.0304 -0.38065 0.923549 -0.0428053
-28.8212 94.5844 16.5972 -0.391346 0.91973 -0.0295877
-29.6735 94.2316 16.997 -0.395195 0.917762 -0.0390292
-30.9844 93.6555 17.4068 -0.40465 0.914399 -0.0115412
-31.9258 93.2243 17.5834 -0.430666 0.902487 -0.00656645
-32.8351 92.7907 17.4971 -0.43258 0.90145 -0.0149383
-33.7149 92.3675 17.3322 -0.438493 0.898633 -0.01074
-34.7364 91.8588 17.1796 -0.444067 0.895964 -0.00725317
-35.6135 91.4189 16.8599 -0.452878 0.891566 -0.00346616
-36.5995 90.915 16.2088 -0.455821 0.890068 -0.00235908
-37.2798 90.5662 15.6241 -0.459588 0.888132 -0.000438116
-38.0164 90.184 14.8443 -0.462193 0.886779 0.000293227
-38.6013 89.8793 13.8996 -0.463751 0.88596 0.00191315
-38.9531 89.6996 12.9523 -0.465795 0.884872 0.00577201
-39.4163 89.4594 12.0373 -0.469921 0.882681 0.00656399
-39.6748 89.3302 11.0861 -0.471497 0.88181 0.0099894
-39.8058 89.2708 10.086 -0.471876 0.881626 0.00821843
-39.8348 89.2714 8.69218 -0.4707 0.882222 0.011244
-39.7759 89.3165 7.70085 -0.47024 0.882444 0.0129113
-39.7058 89.3687 6.69354 -0.468864 0.883157 0.0140783
-39.7341 89.3759 5.23879 -0.46445 0.885499 0.0131822
-39.7137 89.4004 4.15039 -0.463982 0.885807 0.00797485
-40.0058 89.2574 2.77224 -0.468489 0.883445 0.00608157
-40.2477 89.1409 1.48055 -0.468731 0.883309 0.00740503
-40.4198 89.0567 0.293848 -0.470278 0.882501 0.00515819
-40.4408 89.051 -0.926189 -0.476536 0.879128 0.00485108
-40.4511 89.0548 -1.90677 -0.477198 0.878758 0.00817146
-40.3772 89.1078 -2.89184 -0.471256 0.881945 0.00952808
-40.1187 89.2592 -3.86094 -0.471774 0.88157 0.0162301
-39.705 89.502 -5.16177 -0.466674 0.884291 0.0151386
-39.1803 89.792 -6.28117 -0.465711 0.884864 0.0112952
-38.6813 90.0672 -7.16019 -0.461868 0.88683 0.0144971
-37.867 90.5073 -8.16745 -0.455638 0.889978 0.018244
-37.134 90.8961 -8.90321 -0.448944 0.89335 0.0193703
-36.3215 91.3179 -9.50953 -0.446713 0.894465 0.0192606
-35.4503 91.7616 -9.91276 -0.447974 0.893716 0.0242953
-34.5353 92.219 -10.277 -0.440534 0.897183 0.030564
-33.2977 92.8145 -10.6238 -0.422866 0.905861 0.0245041
-32.1925 93.3283 -10.476 -0.420735 0.90692 0.0218597
-30.723 93.9804 -10.2317 -0.404075 0.914184 0.0304182
-29.7645 94.385 -9.94907 -0.389009 0.920449 0.0371377
-28.8373 94.7559 -9.65951 -0.382198 0.923206 0.0401867
-27.8084 95.1517 -9.33644 -0.365953 0.93038 0.0217253
-26.9597 95.4757 -8.93871 -0.356181 0.933926 0.0283215
-26.1071 95.7598 -8.48474 -0.323639 0.945591 0.0334055
-24.995 96.1136 -7.95614 -0.305894 0.950957 0.0458574
-24.0081 96.4188 -7.66545 -0.294482 0.95457 0.0437057
-22.9126 96.734 -7.47118 -0.26901 0.96209 0.0420961
-21.6018 97.057 -7.05066 -0.235209 0.970867 0.0431852
-20.6446 97.2714 -6.98963 -0.20422 0.977588 0.0477801
-19.4146 97.4985 -6.85673 -0.186683 0.98122 0.0485323
-18.2477 97.699 -6.78447 -0.168635 0.98486 0.0401615
-17.2355 97.8327 -6.71747 -0.131175 0.990691 0.0364047
-16.09 97.9645 -6.72189 -0.0931404 0.994886 0.0384566
-14.9206 98.0667 -6.73478 -0.0835456 0.99538 0.0473063
-13.5243 98.1136 -6.64787 -0.0189466 0.998913 0.0414766
-12.4115 98.1171 -6.64577 0.0100522 0.999245 0.0368207
-11.3849 98.1055 -6.63862 0.0243262 0.998695 0.0436766
-9.86618 98.0157 -6.55697 0.0737342 0.996583 0.0371668
-8.90114 97.9335 -6.45556 0.103246 0.993734 0.0428091
-7.96018 97.8169 -6.57814 0.146581 0.988923 0.0231212
-6.82429 97.6381 -6.28476 0.163296 0.98621 0.0231485
-5.85938 97.4658 -6.08039 0.178774 0.982745 0.0449084
-4.39034 97.1637 -5.91064 0.196589 0.97913 0.0515517
-3.41297 96.9183 -5.8261 0.240954 0.969698 0.040329
-2.36826 96.639 -5.83627 0.26386 0.963432 0.0466467
-1.09803 96.2334 -5.47587 0.296353 0.954624 0.0273822
-0.157026 95.9142 -5.32738 0.336964 0.941217 0.0229227
1.06473 95.4669 -5.13788 0.348645 0.936746 0.0291403
1.86035 95.1576 -4.62175 0.353299 0.935386 0.0151873
3.06461 94.6756 -3.71683 0.367988 0.929691 0.0122959
3.76581 94.399 -2.66634 0.370212 0.928935 -0.00152421
4.1854 94.2243 -1.84456 0.379813 0.925054 -0.000683395
4.54073 94.0825 -0.518999 0.388788 0.921303 -0.00660062
4.59311 94.0687 0.534083 0.385061 0.922858 -0.00601769
4.49679 94.119 1.80361 0.389347 0.921061 -0.00694655
4.23478 94.2401 2.93102 0.391605 0.920034 -0.0126329
3.65875 94.4946 3.911 0.37369 0.927423 -0.0155649
3.05973 94.7435 4.83707 0.364849 0.930998 -0.0112867
2.47681 94.992 5.67011 0.354119 0.934867 -0.0200147
1.81412 95.2468 6.67008 0.333379 0.942654 -0.015907
1.00029 95.5528 7.44586 0.327407 0.944431 -0.0287163
-0.0833443 95.9326 8.12562 0.308888 0.950841 -0.0221331
-0.935703 96.221 8.59006 0.300531 0.953378 -0.0257544
-2.0804 96.5689 9.11603 0.272404 0.962033 -0.0169585
-3.02989 96.8413 9.47118 0.253905 0.966824 -0.0279822
-4.29089 97.1558 9.91754 0.211733 0.977024 -0.0243111
-5.21809 97.3647 10.1645 0.202166 0.978219 -0.0444368
-6.16425 97.5433 10.3171 0.153685 0.987296 -0.0400618
-7.22347 97.7115 10.7704 0.131194 0.991113 -0.0219626
-8.27389 97.8427 10.9806 0.111061 0.993342 -0.0306045
-9.40941 97.9732 11.284 0.0999418 0.994574 -0.0288688
-10.3655 98.0481 11.3816 0.0509699 0.997969 -0.0382023
-11.3852 98.103 11.6337 0.0270243 0.998944 -0.0371674
-12.4564 98.1328 11.773 0.0201974 0.998936 -0.0414652
-13.4909 98.1295 12.1429 -0.0379515 0.998454 -0.0366984
-14.6057 98.0715 12.297 -0.0657657 0.996622 -0.0491822
-15.9825 97.9642 12.5162 -0.0972102 0.993954 -0.0510467
-17.1208 97.8317 12.7554 -0.143087 0.988694 -0.0448352
-17.662 97.7537 12.8441 -0.14601 0.988661 -0.035067
1.25256 95.3655 -1.87254 0.346217 0.938153 0.00158303
1.86288 95.1475 -0.87082 0.345184 0.938481 -0.0100461
2.08368 95.0713 -0.520992 0.34362 0.939026 -0.0124898
2.16467 95.0548 1.41633 0.357514 0.933864 -0.00900927
1.4498 95.3123 0.282753 0.344153 0.938854 -0.0105629
0.823424 95.5302 -0.728842 0.343741 0.939 -0.0110247
0.249473 95.7349 -1.68628 0.324198 0.945987 0.00212493
-0.327413 95.9321 -2.66717 0.321439 0.946929 -0.00137285
-0.375818 95.9484 -2.74969 0.32025 0.947332 0.00143147
-1.58684 96.3529 -2.92158 0.314588 0.949221 0.00359845
-0.92385 96.1329 -1.78693 0.311904 0.950114 -0.000366997
-0.295526 95.9222 -0.711281 0.326062 0.945348 -0.00135053
0.385455 95.6989 0.415588 0.322751 0.946464 -0.00616432
0.997959 95.488 1.40584 0.34449 0.938776 -0.00505867
1.61679 95.2673 2.39675 0.349339 0.936961 -0.00812692
1.70249 95.2361 2.53019 0.350489 0.936546 -0.00630894
1.13712 95.4542 3.49942 0.338349 0.940997 -0.00663492
0.496645 95.6719 2.47171 0.333584 0.942641 -0.0122246
-0.116517 95.8776 1.47535 0.327343 0.944855 -0.00981718
-0.710701 96.0679 0.490727 0.310847 0.950431 -0.00737124
-1.28923 96.2537 -0.49019 0.312551 0.949901 -0.000466654
-1.97529 96.4693 -1.67815 0.28915 0.957272 0.00464981
-2.56714 96.6451 -2.70579 0.278607 0.960402 0.00256649
-2.86652 96.7314 -3.23174 0.265128 0.964213 -3.23255e-05
-3.98647 97.0251 -3.31818 0.25378 0.967262 0.000124116
-3.28601 96.8458 -2.03282 0.255393 0.966802 -0.00827851
-2.63095 96.6647 -0.875559 0.289826 0.957077 0.00196156
-1.93609 96.4629 0.346417 0.287196 0.957866 -0.00346203
-1.29321 96.2642 1.45223 0.310133 0.950677 -0.00558595
-0.685105 96.0775 2.46063 0.316243 0.948615 -0.0109355
0.0136566 95.8523 3.59565 0.320694 0.947141 -0.00897391
0.466854 95.6995 4.3322 0.337436 0.941337 -0.00467671
-0.322065 95.9714 5.00239 0.313934 0.949444 0.00131038
-0.926499 96.1727 3.99966 0.305059 0.952331 0.00234779
-1.55287 96.3608 2.97135 0.29314 0.956039 -0.00766161
-2.14684 96.5324 1.96857 0.292832 0.956126 -0.00855301
-2.70118 96.6941 0.997678 0.259816 0.965658 0.000644196
-3.32356 96.8531 -0.108523 0.257073 0.96639 0.0017345
-3.90291 97.007 -1.16268 0.2336 0.972325 -0.00402908
-4.5548 97.1614 -2.36436 0.226165 0.974089 0.000354681
-5.04484 97.2678 -3.33396 0.219394 0.975635 -0.00135231
-6.1523 97.4869 -3.44792 0.179562 0.983739 -0.00380385
-5.54851 97.384 -2.21739 0.186784 0.982394 -0.00370844
-5.03202 97.2722 -1.21402 0.226795 0.973943 0.000129031
-4.48238 97.1485 -0.177023 0.233198 0.972428 -0.00137664
-3.85302 96.9967 0.980772 0.242455 0.970122 -0.00891224
-3.29746 96.8536 1.98268 0.25848 0.966016 8.81557e-05
-2.71023 96.6961 2.99839 0.259619 0.96571 -0.00162989
-2.13081 96.5388 3.99169 0.264716 0.964321 0.00320071
-1.41319 96.3193 5.198 0.297558 0.954702 0.0015696
-1.33233 96.294 5.33216 0.298964 0.954264 -0.000246534
-1.8868 96.471 6.40375 0.286237 0.958022 -0.0161957
-2.59483 96.6712 5.23103 0.272976 0.962016 -0.00294655
-3.16201 96.8199 4.2591 0.254734 0.966998 -0.00498568
-3.8059 96.9854 3.13553 0.24834 0.968671 -0.00210628
-4.35238 97.1253 2.15905 0.230355 0.973082 -0.00695868
-4.93929 97.2589 1.07279 0.217755 0.975999 -0.0028319
-5.48369 97.3634 0.018476 0.198543 0.980092 -0.00103511
-6.14443 97.497 -1.28459 0.192122 0.981371 -0.000624965
-6.67774 97.5906 -2.36716 0.1654 0.986161 -0.0113411
-7.22538 97.6683 -3.5348 0.161321 0.98688 -0.00652626
-7.22764 97.6686 -3.53959 0.157695 0.987488 -0.000667212
-8.26152 97.8212 -3.5257 0.12143 0.992598 -0.00214231
-7.62989 97.7433 -2.12218 0.140411 0.990092 -0.00155129
-7.13691 97.6705 -1.10646 0.157565 0.987508 -0.000755437
-6.64091 97.5875 -0.0901002 0.178064 0.98401 0.00425937
-5.94105 97.4579 1.3015 0.196549 0.980493 -0.00160008
-5.2879 97.3289 2.55389 0.203251 0.97909 -0.00850451
-4.57516 97.1756 3.85718 0.239211 0.970966 -0.00176128
-4.01819 97.0483 4.82731 0.239459 0.970906 -0.00129948
-3.41764 96.8967 5.86353 0.253682 0.967267 -0.0063323
-3.09878 96.817 6.39823 0.25326 0.967373 -0.00691782
-3.90633 97.0262 7.07103 0.223513 0.974689 -0.00485786
-4.59044 97.1768 5.90981 0.225527 0.974235 -0.00190531
-5.21019 97.322 4.81773 0.216538 0.976258 0.00566822
-5.82462 97.4496 3.72502 0.200436 0.979672 -0.00820236
-6.57774 97.5873 2.27629 0.185252 0.982691 -0.000798301
-7.09868 97.6738 1.21671 0.162602 0.98669 -0.00160902
-7.63266 97.7463 0.118673 0.122369 0.992479 -0.00341825
-8.14082 97.8116 -0.929546 0.125024 0.992154 -0.000224354
-8.61376 97.8541 -1.97124 0.106684 0.994284 -0.00426933
-9.09152 97.9085 -3.0753 0.0961709 0.995349 0.00557108
-9.45455 97.9476 -3.92858 0.0959699 0.995375 0.00433334
-10.4267 98.0089 -3.90353 0.0598527 0.998206 0.00120868
-9.97515 97.984 -2.75644 0.0720128 0.997398 0.00329033
-9.44685 97.9428 -1.46944 0.0837214 0.996377 -0.0149744
-8.98985 97.9106 -0.431444 0.0920861 0.995739 -0.00498918
-8.46448 97.8549 0.68715 0.116561 0.993081 -0.0142835
-7.95483 97.81 1.76114 0.127762 0.991769 -0.00843903
-7.36842 97.7267 2.97952 0.173856 0.984769 -0.00182099
-6.85047 97.6418 3.98175 0.168844 0.985593 -0.00995431
-6.19423 97.5287 5.19319 0.174259 0.984687 0.00501903
-5.40588 97.3528 6.62413 0.202947 0.979181 -0.00408472
-5.00429 97.2726 7.32981 0.197016 0.980399 0.00157534
-6.21421 97.5043 7.42344 0.179545 0.983721 0.00750888
-6.85021 97.6306 6.21605 0.180594 0.983521 0.00851632
-7.37498 97.7242 5.19819 0.138252 0.990396 -0.00167726
-7.93659 97.8075 4.12003 0.144522 0.989489 0.00508242
-8.61332 97.9027 2.74365 0.116252 0.99322 0.000711713
-9.19766 97.9444 1.47451 0.0748056 0.997166 -0.0080437
-9.8287 97.9815 0.0619641 0.0770764 0.997001 -0.00700777
-10.34 98.01 -1.15328 0.0550903 0.998481 -0.000621459
-10.8584 98.036 -2.47706 0.0516194 0.998666 -0.00131836
-11.3513 98.0526 -3.76353 0.0318731 0.999492 -0.000445702
-12.415 98.0801 -4.01195 -0.0110689 0.999865 -0.0121622
-11.9932 98.082 -2.83766 0.0343842 0.999311 -0.0139515
-11.5706 98.0743 -1.69828 0.0102439 0.999929 0.00609321
-11.1381 98.0571 -0.567921 0.0310967 0.999494 0.00667735
-10.595 98.044 0.775484 0.0556794 0.998426 -0.00676911
-10.0823 98.0136 1.95001 0.0722468 0.997357 -0.0077602
-9.61276 97.9885 3.00386 0.0634535 0.997955 -0.00771957
-9.12284 97.9514 4.0722 0.103734 0.9946 0.00325323
-8.62146 97.886 5.10565 0.112553 0.993644 0.0018111
-8.07322 97.8172 6.2488 0.138918 0.99026 0.00928336
-7.53585 97.7274 7.28357 0.151446 0.988456 -0.00431904
-7.20266 97.6743 7.90504 0.153526 0.988139 0.00321388
-8.18215 97.8095 8.41555 0.129118 0.991548 0.0126854
-8.79942 97.8999 7.22514 0.121252 0.992427 0.0196804
-9.29638 97.9604 6.198 0.103324 0.994646 0.00157596
-9.78338 97.9907 5.11834 0.0608338 0.998147 0.00129159
-10.2816 98.0287 4.02163 0.0380193 0.999143 0.0163832
-10.7366 98.0599 2.98896 0.0612786 0.998116 -0.0030004
-11.205 98.0804 1.89821 0.0463751 0.998915 -0.00424863
-11.7076 98.0789 0.661572 0.0220481 0.999644 -0.0150537
-12.118 98.0758 -0.425295 0.0114155 0.999933 0.00174244
-12.5957 98.085 -1.7401 0.0110357 0.999928 0.00466938
-13.073 98.0863 -3.08648 -0.0320274 0.999486 0.00109888
-13.4248 98.0742 -4.13312 -0.0216943 0.999763 -0.0017838
-14.3886 98.0378 -4.16816 -0.0410987 0.999152 0.00266884
-13.9856 98.0639 -2.84765 -0.0461031 0.998714 -0.0210944
-13.6125 98.0842 -1.75129 -0.010523 0.999891 -0.0103243
-13.2369 98.0752 -0.686811 -0.0120299 0.99979 0.0165655
-12.827 98.0804 0.481666 -0.0286695 0.999588 -0.00167356
-12.2519 98.1034 2.01592 -0.000343104 0.999975 -0.00699719
-11.7991 98.0909 3.13612 0.0245839 0.999632 0.0114786
-11.3595 98.0673 4.17326 0.0431966 0.999045 0.00664272
-10.8501 98.0462 5.33849 0.0483064 0.998827 -0.00321478
-10.2552 98.0187 6.63611 0.0378926 0.999255 0.00735463
-9.74632 97.9737 7.71699 0.0721246 0.996935 0.0303053
-9.26917 97.931 8.68118 0.0901745 0.995854 0.0119456
-10.5007 98.0147 8.68967 0.0605928 0.998146 0.00570465
-11.0806 98.042 7.45056 0.0302849 0.999518 0.00677664
-11.6218 98.0706 6.29533 0.026104 0.999648 0.00471177
-12.0738 98.08 5.20221 0.0187187 0.999824 0.00139445
-12.5431 98.0883 4.03961 0.0154115 0.999828 0.0102783
-12.9763 98.0957 2.96179 -0.016901 0.999828 0.0076037
-13.4406 98.0735 1.68186 -0.047001 0.998889 -0.0034719
-13.9669 98.0579 0.173141 -0.0341625 0.999334 0.0127939
-14.3826 98.05 -1.04679 -0.0518536 0.99865 0.00299901
-14.7688 98.0179 -2.25872 -0.0771859 0.996963 -0.0103489
-15.1226 97.9928 -3.45277 -0.0831447 0.996527 0.0045694
-15.3178 97.983 -4.06889 -0.0839137 0.996415 0.0107763
-16.3223 97.883 -4.25094 -0.107722 0.994166 0.00545677
-15.9619 97.9241 -3.0444 -0.0824006 0.996598 -0.00163797
-15.6206 97.9592 -1.8655 -0.0921255 0.995744 -0.00269063
-15.2976 97.9856 -0.779548 -0.0858909 0.996262 0.00923339
-14.8536 98.0017 0.589969 -0.0519461 0.998633 0.00579639
-14.5053 98.0234 1.66757 -0.0475618 0.99886 -0.00401358
-14.0841 98.0595 2.87594 -0.0513452 0.998588 -0.0136459
-13.6516 98.0759 4.07375 -0.038309 0.999262 0.00287079
-13.2385 98.0772 5.19553 -0.0142586 0.999874 0.00703631
-12.7359 98.0799 6.44961 0.00140026 0.999983 0.00570838
-12.2292 98.0688 7.64147 0.0068982 0.999897 0.0126062
-11.7453 98.0562 8.75158 0.027126 0.999625 0.0036421
-12.738 98.0737 9.36479 0.00722297 0.999973 0.00131521
-13.2346 98.0651 8.12458 -0.0299574 0.999538 -0.00519814
-13.6886 98.0539 7.00717 -0.023742 0.999576 0.0168284
-14.1458 98.0526 5.8121 -0.0577787 0.998329 6.51088e-05
-14.532 98.0339 4.72751 -0.0657979 0.997726 0.014614
-14.9856 98.0118 3.38275 -0.0667338 0.997771 0.000727436
-15.3418 97.9638 2.28888 -0.0978039 0.995037 -0.0183065
-15.8376 97.9191 0.702826 -0.0948871 0.995449 0.00883392
-16.2544 97.9028 -0.751756 -0.0893454 0.995924 0.0123675
-16.5999 97.8549 -1.94958 -0.120299 0.992715 -0.00663827
-16.938 97.8102 -3.11985 -0.118547 0.992943 -0.00329255
-17.2498 97.7797 -4.27122 -0.111965 0.993695 0.00586228
-18.1298 97.6521 -4.21752 -0.14949 0.988656 0.0145392
-17.7964 97.6911 -2.91963 -0.141692 0.989909 -0.002007
-17.4393 97.7455 -1.551 -0.151288 0.988486 -0.00262897
-17.1222 97.7865 -0.378657 -0.131472 0.991289 0.00784313
-16.7729 97.8222 0.932769 -0.132113 0.991235 -0.000177519
-16.3792 97.8608 2.27731 -0.1063 0.994332 0.00187195
-15.9288 97.9195 3.7909 -0.109833 0.993883 -0.0115569
-15.4759 97.9562 5.19192 -0.102647 0.994681 0.00859895
-15.0181 97.9961 6.52064 -0.0777685 0.996968 0.00257335
-14.4472 98.0235 8.05745 -0.050429 0.998689 -0.00877891
-13.9535 98.0538 9.33254 -0.0376951 0.999267 -0.00672887
-13.8791 98.0579 9.52119 -0.0376951 0.999267 -0.00672887
-15.0518 97.9848 9.67118 -0.0857291 0.996316 -0.00241931
-15.5213 97.9458 8.41617 -0.0906764 0.995868 0.00503316
-15.9691 97.9027 7.07511 -0.103695 0.994589 0.00626108
-16.3584 97.8641 5.88079 -0.102364 0.994747 -6.96758e-05
-16.7017 97.8314 4.74394 -0.116404 0.993133 0.0116794
-17.0708 97.7856 3.50122 -0.135759 0.990742 0.000163339
-17.4122 97.7472 2.28692 -0.140894 0.99002 0.00306168
-17.7966 97.6857 0.790882 -0.132122 0.991233 -0.000175321
-18.1466 97.6432 -0.574964 -0.160392 0.987053 7.07837e-05
-18.4706 97.5906 -1.91583 -0.158648 0.98733 0.0030786
-18.801 97.5359 -3.29444 -0.169465 0.985535 0.00136302
-19.0348 97.5083 -4.31204 -0.167703 0.985671 0.0180968
-19.9429 97.3467 -4.41098 -0.181195 0.983413 0.00823522
-19.6396 97.3914 -2.97466 -0.169285 0.985566 -0.0014137
-19.3714 97.4332 -1.68578 -0.176978 0.984129 0.0130257
-19.0916 97.483 -0.484684 -0.181569 0.983344 -0.00819687
-18.7983 97.5339 0.717404 -0.163258 0.986583 0.00128931
-18.5247 97.5738 1.84651 -0.153801 0.988102 0.000341772
-18.2388 97.6225 3.00672 -0.149046 0.98883 0.000164968
-17.8282 97.679 4.56176 -0.145492 0.989327 0.00795983
-17.5172 97.7147 5.70875 -0.130023 0.991509 -0.00217803
-17.1071 97.7735 7.13222 -0.131457 0.991314 -0.00400316
-16.7218 97.8221 8.40164 -0.100101 0.994974 -0.0025955
-16.3775 97.8606 9.48029 -0.100984 0.994872 -0.00573251
-16.2616 97.8744 9.83127 -0.100982 0.994872 -0.00572726
-17.3581 97.7463 10.201 -0.150077 0.988654 -0.00638057
-17.7338 97.6845 8.93282 -0.147736 0.989024 -0.00239197
-18.1132 97.6291 7.59518 -0.144452 0.989505 0.00377625
-18.4588 97.5691 6.2474 -0.158805 0.987288 -0.00657413
-18.7946 97.5167 4.94484 -0.167082 0.985915 0.00739277
-19.1573 97.4657 3.45829 -0.178028 0.983962 0.0111584
-19.4442 97.419 2.21442 -0.184213 0.982876 0.00447048
-19.7654 97.3702 0.782372 -0.184412 0.982784 0.0113345
-20.1166 97.2896 -0.776961 -0.193702 0.981016 -0.00932111
-20.4591 97.2245 -2.45098 -0.203089 0.97913 0.00775364
-20.6853 97.1865 -3.55945 -0.203651 0.978927 0.0150774
-20.8789 97.1567 -4.63596 -0.221212 0.975121 0.0142866
-21.7882 96.9505 -4.70948 -0.248497 0.968491 0.0165843
-21.5891 96.9791 -3.51315 -0.230999 0.972842 0.0147505
-21.2931 97.034 -2.01416 -0.235617 0.971822 0.00685668
-21.0445 97.0937 -0.692613 -0.232979 0.972477 -0.00316728
-20.7652 97.1673 0.686496 -0.236974 0.97151 -0.00325813
-20.4967 97.2147 1.96118 -0.227929 0.973283 0.027732
-20.2397 97.2461 3.16359 -0.220048 0.975247 0.0217415
-19.9683 97.294 4.38461 -0.215439 0.976517 -0.0011495
-19.6494 97.355 5.73602 -0.19405 0.980988 -0.00258423
-19.3442 97.4199 7.0054 -0.188973 0.981963 -0.00621166
-19.0695 97.4764 8.12113 -0.183801 0.982959 0.00289212
-18.7758 97.5222 9.24303 -0.157715 0.987482 -0.00211251
-18.4618 97.5766 10.3941 -0.16723 0.985794 -0.0156237
-19.6117 97.3619 10.4461 -0.209209 0.977857 -0.00528123
-19.888 97.3 9.33992 -0.207901 0.978084 0.0113165
-20.144 97.2526 8.24048 -0.218271 0.975858 0.0077176
-20.4151 97.1957 7.09499 -0.210408 0.977587 -0.00722903
-20.6693 97.1304 5.87193 -0.214878 0.976641 1.80568e-05
-20.9068 97.0847 4.77167 -0.21991 0.975513 0.00367047
-21.168 97.0198 3.52373 -0.233836 0.972247 0.00747421
-21.4212 96.9834 2.28559 -0.250924 0.967837 0.0181304
-21.6906 96.94 0.893028 -0.2651 0.964182 0.00870384
-21.8923 96.8871 -0.246453 -0.245734 0.969287 -0.00987929
-22.1037 96.8339 -1.45397 -0.235392 0.97188 0.00633617
-22.3439 96.7844 -2.75422 -0.254971 0.966899 0.00981081
-22.5352 96.7462 -4.04139 -0.255433 0.966784 0.00906812
-22.664 96.722 -4.90533 -0.257289 0.966058 0.0230943
-23.5203 96.4913 -4.94376 -0.278423 0.960376 0.0125659
-23.3185 96.5253 -3.35948 -0.260923 0.965319 0.00882723
-23.1185 96.5729 -1.96103 -0.272799 0.962069 0.00188224
-22.9343 96.6187 -0.826547 -0.260103 0.965541 0.00874751
-22.7258 96.6665 0.433919 -0.267149 0.963641 0.00531109
-22.4564 96.719 1.98518 -0.276866 0.960752 0.0173394
-22.2162 96.7587 3.2699 -0.270213 0.962745 0.0103692
-21.99 96.8158 4.44425 -0.2598 0.965647 0.00544631
-21.7059 96.8829 5.91209 -0.233128 0.972419 0.00723392
-21.4401 96.9485 7.19787 -0.241337 0.97044 -0.00171402
-21.2143 97.0022 8.34137 -0.235713 0.971823 -0.000201192
-20.9596 97.0673 9.58355 -0.222765 0.974872 7.23594e-05
-20.7556 97.1136 10.5454 -0.224895 0.974382 0.00135761
-21.9268 96.8304 10.4306 -0.247898 0.968772 -0.00519455
-22.2145 96.7532 8.87979 -0.259241 0.96581 -0.00239546
-22.408 96.6892 7.69901 -0.271642 0.962376 -0.00649761
-22.6398 96.6368 6.46005 -0.264907 0.964273 0.00142651
-22.8886 96.5664 5.0518 -0.274585 0.961537 0.00699872
-23.1004 96.5105 3.83903 -0.282059 0.959382 0.00541932
-23.3606 96.4518 2.3392 -0.276979 0.960712 0.017731
-23.5776 96.4125 1.06141 -0.276342 0.960899 0.017568
-23.7985 96.3685 -0.400073 -0.273182 0.96191 0.0100193
-23.9716 96.3222 -1.56162 -0.28384 0.958715 0.0173447
-24.1237 96.2871 -2.70316 -0.291594 0.956527 0.00546869
-24.2635 96.2623 -3.8572 -0.292173 0.95591 0.0295163
-24.4427 96.2287 -5.31121 -0.278415 0.960378 0.0125772
-24.451 96.2276 -5.37101 -0.285601 0.958228 0.0152282
-25.292 95.9572 -5.17992 -0.305289 0.952235 0.00682947
-25.1771 95.9774 -4.02995 -0.321155 0.946881 0.0166216
-25.0103 96.0106 -2.62643 -0.299939 0.953869 0.0130564
-24.8618 96.0446 -1.45586 -0.301251 0.953533 0.00469096
-24.6858 96.0864 -0.144222 -0.30007 0.953817 0.0138046
-24.4964 96.129 1.23401 -0.295697 0.955225 0.0104688
-24.3237 96.1721 2.39896 -0.286382 0.958024 0.013239
-24.0675 96.2254 3.97035 -0.278915 0.960279 0.00837078
-23.835 96.2848 5.40929 -0.28754 0.957737 0.0077871
-23.6137 96.3515 6.78613 -0.287669 0.957729 -0.00160817
-23.4146 96.4063 7.98169 -0.28473 0.958606 0.00201039
-23.2288 96.4671 9.2229 -0.27602 0.961141 -0.00456149
-22.9836 96.547 10.7632 -0.278651 0.960365 -0.00725681
-24.0124 96.2433 11.3269 -0.283722 0.958793 -0.0147447
-24.1895 96.1784 9.9132 -0.295222 0.955422 -0.00346764
-24.3598 96.1279 8.72079 -0.293402 0.955989 -0.000500999
-24.587 96.0535 7.17385 -0.303039 0.952978 0.00041543
-24.7568 96.0002 5.97188 -0.300076 0.953914 -0.00118626
-24.9798 95.9345 4.44974 -0.303413 0.952822 0.00841258
-25.1976 95.8852 2.97076 -0.30707 0.951611 0.0120246
-25.3937 95.8371 1.54999 -0.311643 0.950093 0.0141848
-25.5483 95.7998 0.400999 -0.314391 0.949223 0.0115417
-25.6954 95.7625 -0.849257 -0.324208 0.94594 0.00926956
-25.8528 95.7199 -2.1536 -0.325414 0.94554 0.00773481
-25.9928 95.6887 -3.39586 -0.321992 0.94656 0.0186051
-26.1354 95.6714 -4.82846 -0.330133 0.943708 0.0206676
-26.2329 95.6537 -5.91543 -0.317905 0.947868 0.0219576
-27.1028 95.3498 -6.19613 -0.349483 0.936726 0.0201596
-27.0246 95.3559 -4.98545 -0.351292 0.936151 0.0146772
-26.9136 95.3716 -3.74387 -0.341908 0.93944 0.0234961
-26.7609 95.4021 -2.25346 -0.337151 0.941438 0.00497428
-26.6163 95.4446 -0.997241 -0.33561 0.941958 0.00897252
-26.4941 95.4761 0.230665 -0.340615 0.940177 0.00691128
-26.3489 95.5161 1.37158 -0.331872 0.943236 0.0129101
-26.1662 95.5652 2.811 -0.329039 0.94427 0.00941149
-26.0064 95.6078 4.12807 -0.313375 0.949545 0.0126404
-25.8153 95.6613 5.54444 -0.318327 0.947981 0.000730356
-25.6559 95.711 6.76051 -0.319218 0.947668 0.00491773
-25.4653 95.7746 8.24178 -0.323795 0.946056 -0.0116106
-25.2879 95.8342 9.66369 -0.324214 0.945971 0.00493632
-25.1433 95.8785 10.926 -0.317217 0.948346 0.00370962
-25.0655 95.9174 11.7477 -0.314362 0.949067 -0.0211805
-26.035 95.5965 12.5418 -0.329716 0.94394 -0.0162719
-26.1499 95.539 11.3897 -0.331018 0.943516 -0.0143202
-26.3114 95.4831 9.70023 -0.339266 0.94069 0.000628631
-26.506 95.4162 8.05747 -0.328265 0.944571 -0.00532479
-26.6566 95.3737 6.79328 -0.31968 0.947509 0.0056618
-26.8461 95.3117 5.20723 -0.338573 0.940926 0.00519692
-26.9954 95.2687 3.84006 -0.328441 0.944505 0.00614989
-27.1295 95.224 2.59271 -0.350063 0.936697 0.00741617
-27.2681 95.1903 1.41242 -0.356169 0.934373 0.00947583
-27.421 95.1416 0.0470564 -0.340616 0.940177 0.00691088
-27.5477 95.1065 -1.29579 -0.356989 0.934072 0.00824823
-27.6999 95.065 -2.86182 -0.359911 0.93295 0.008235
-27.8042 95.0445 -4.08952 -0.354984 0.934744 0.0154878
-27.8999 95.0334 -5.39756 -0.362564 0.931811 0.0166238
-27.9746 95.0241 -6.54936 -0.359813 0.932841 0.0185115
-28.8498 94.6824 -6.94173 -0.375555 0.926676 0.0151447
-28.7804 94.6934 -5.7411 -0.375948 0.926591 0.00955607
-28.6755 94.7104 -4.21983 -0.368682 0.929319 0.0209483
-28.5753 94.7251 -2.93393 -0.36158 0.932259 0.0123395
-28.4265 94.7706 -1.26104 -0.359916 0.932948 0.00823302
-28.3299 94.7946 -0.107946 -0.362876 0.931763 0.0117563
-28.1845 94.8361 1.33639 -0.360811 0.932609 0.00750989
-28.026 94.8904 2.95752 -0.348631 0.93726 0.000288765
-27.9094 94.9361 4.12484 -0.377125 0.92605 0.0144279
-27.8014 94.9637 5.28844 -0.366237 0.93051 0.00452925
-27.6384 95.0156 6.75282 -0.34654 0.937988 0.00942979
-27.5116 95.0471 8.01618 -0.344883 0.938613 0.00780101
-27.4066 95.0805 9.19382 -0.345457 0.938428 0.00346196
-27.2944 95.1228 10.3255 -0.346153 0.938172 -0.00352579
-27.1834 95.1667 11.555 -0.351517 0.936177 -0.00294493
-27.0694 95.218 12.7071 -0.34832 0.937283 -0.0132137
-28.0874 94.8383 13.4817 -0.356185 0.934392 -0.00661341
-28.1507 94.8028 12.3133 -0.367197 0.930063 -0.0121858
-28.2331 94.764 11.135 -0.369853 0.92909 -0.000808704
-28.3499 94.7197 9.75326 -0.362908 0.931825 -0.000544385
-28.4485 94.6845 8.54687 -0.363897 0.931414 0.00677215
-28.5628 94.6527 7.26014 -0.370224 0.928916 0.007064
-28.678 94.6151 6.03147 -0.36624 0.930509 0.00453885
-28.776 94.5808 4.89829 -0.374527 0.927202 0.00505907
-28.9363 94.5319 3.21611 -0.371365 0.928476 0.00458192
-29.051 94.4941 1.96799 -0.383333 0.923574 0.00819131
-29.1729 94.4571 0.528656 -0.372993 0.927803 0.00755494
-29.3056 94.4138 -1.11935 -0.376284 0.926468 0.0081641
-29.4154 94.3894 -2.55334 -0.386252 0.922256 0.0159285
-29.5304 94.3613 -3.90072 -0.377259 0.926027 0.0122578
-29.6192 94.3447 -5.31043 -0.381133 0.924461 0.0104524
-29.6878 94.3343 -6.53829 -0.37888 0.925317 0.015418
-29.7272 94.3307 -7.31969 -0.388059 0.921514 0.0148688
-30.5799 93.9709 -7.41376 -0.39579 0.91821 0.0155124
-30.5149 93.9757 -5.93106 -0.390076 0.920725 0.0102678
-30.4561 93.988 -4.79818 -0.389962 0.920785 0.00922535
-30.3522 94.0099 -3.12193 -0.394619 0.918692 0.0167736
-30.2459 94.0303 -1.77741 -0.386542 0.922197 0.0117409
-30.1595 94.0575 -0.629243 -0.389756 0.920912 0.00322746
-30.0688 94.0823 0.650139 -0.393194 0.919341 0.0144987
-29.9582 94.113 2.07346 -0.394019 0.919083 0.00602182
-29.852 94.1527 3.294 -0.387083 0.922035 0.00429994
-29.7436 94.1919 4.54629 -0.374528 0.927202 0.0050632
-29.6327 94.2316 5.94884 -0.381824 0.924208 0.00702023
-29.5358 94.2589 7.15002 -0.37593 0.926598 0.00963547
-29.4283 94.2916 8.41144 -0.383644 0.923439 0.00876436
-29.3347 94.3241 9.59289 -0.378402 0.925639 0.00221187
-29.2603 94.3548 10.7308 -0.370041 0.929013 0.00213429
-29.1656 94.393 12.0606 -0.388678 0.921373 -0.00152462
-29.1014 94.4268 13.295 -0.391457 0.920194 -0.00216218
-29.0934 94.4319 13.9737 -0.377756 0.925905 -0.00092565
-30.0959 94.007 14.4659 -0.39513 0.918608 -0.0057301
-30.1216 93.9879 13.2391 -0.394829 0.918751 -0.00277649
-30.1831 93.9627 11.8779 -0.399858 0.916577 -0.000791551
-30.2529 93.9324 10.4776 -0.392675 0.919677 0.000539776
-30.3363 93.9041 9.05748 -0.400389 0.916333 0.00474297
-30.4503 93.8631 7.60988 -0.394028 0.91906 0.00837624
-30.5607 93.8334 6.15572 -0.399149 0.916764 0.0149529
-30.6542 93.799 4.90236 -0.400409 0.916336 -0.000758747
-30.7465 93.7675 3.49202 -0.403328 0.915051 0.00282749
-30.8573 93.727 2.15567 -0.394019 0.919083 0.00601671
-30.9603 93.6951 0.860663 -0.397443 0.917572 0.0100288
-31.0402 93.6763 -0.397864 -0.403613 0.914878 0.00976785
-31.1321 93.6503 -1.79467 -0.400491 0.916265 0.00803399
-31.2456 93.6184 -3.3422 -0.405232 0.914092 0.0149121
-31.3141 93.6071 -4.67479 -0.408915 0.912492 0.0121093
-31.3688 93.6008 -6.10412 -0.408509 0.912685 0.0112799
-31.3949 93.6125 -7.32612 -0.403087 0.915026 0.0157583
-32.2394 93.2394 -7.51658 -0.409897 0.911976 0.0168449
-32.2013 93.2283 -5.98925 -0.410902 0.91151 0.0176049
-32.1636 93.2275 -4.74645 -0.408782 0.912553 0.0120307
-32.1119 93.235 -3.57278 -0.408813 0.912535 0.0123156
-32.0395 93.2517 -2.25259 -0.412809 0.910783 0.007966
-31.9659 93.2756 -1.00178 -0.40794 0.912967 0.00867779
-31.8836 93.2982 0.41122 -0.402496 0.915403 0.00586865
-31.8065 93.3194 1.59064 -0.40483 0.914283 0.0140841
-31.7108 93.3476 2.84681 -0.405246 0.914184 0.00664504
-31.6128 93.382 4.31591 -0.410976 0.911618 0.00720247
-31.5154 93.4148 5.96552 -0.413544 0.910429 0.0100392
-31.4327 93.4371 7.2148 -0.403221 0.915003 0.0135055
-31.3409 93.4671 8.63249 -0.40543 0.914123 0.00246798
-31.2594 93.4973 9.86478 -0.400561 0.916265 0.0029462
-31.1954 93.5217 11.1764 -0.400946 0.916094 0.00360541
-31.1414 93.5406 12.5243 -0.405991 0.913877 -0.000836819
-31.0892 93.5671 14.2344 -0.410642 0.911782 -0.00509819
-31.0869 93.5685 14.3071 -0.409522 0.912267 -0.00775431
-32.0575 93.1316 14.5379 -0.422017 0.906534 -0.00993195
-32.095 93.109 13.3251 -0.415775 0.909465 -0.00198161
-32.1315 93.0939 12.1359 -0.412799 0.910817 0.00299357
-32.1895 93.0761 10.6627 -0.416091 0.909311 0.00461666
-32.2487 93.0531 9.29862 -0.417642 0.908607 0.002756
-32.3382 93.0191 7.78663 -0.418521 0.908163 0.00898595
-32.4165 92.9999 6.47043 -0.413206 0.910579 0.010376
-32.4801 92.9842 5.32693 -0.413991 0.910274 0.00353572
-32.5427 92.9615 3.98882 -0.41437 0.910065 0.0088664
-32.6592 92.9253 2.38837 -0.422947 0.906091 0.0107419
-32.7653 92.8962 0.685233 -0.415571 0.90951 0.00958112
-32.8183 92.8822 -0.454597 -0.418865 0.908009 0.0084399
-32.904 92.8585 -2.20145 -0.414093 0.910209 0.006797
-32.9715 92.8409 -3.51446 -0.425266 0.905018 0.00956135
-33.0223 92.8382 -4.89234 -0.42415 0.905432 0.0170373
-33.0603 92.8432 -6.15281 -0.418102 0.908243 0.0169064
-33.0952 92.8485 -7.41953 -0.423522 0.905762 0.0149624
-33.1036 92.8526 -7.91954 -0.42282 0.906097 0.0145262
-33.9581 92.4457 -7.70559 -0.430892 0.902329 0.0116031
-33.9193 92.4442 -6.35974 -0.424814 0.905136 0.0161798
-33.8936 92.4344 -5.18873 -0.425553 0.904782 0.0165558
-33.8512 92.4338 -4.03792 -0.424942 0.905068 0.0166099
-33.7985 92.4433 -2.64738 -0.42509 0.905102 0.009388
-33.7334 92.4601 -1.23581 -0.426129 0.904617 0.00912388
-33.6923 92.472 -0.089867 -0.42681 0.904305 0.00814196
-33.6263 92.4894 1.38283 -0.426656 0.904374 0.00854582
-33.5266 92.5138 2.94948 -0.422943 0.906093 0.0107352
-33.4402 92.5394 4.32545 -0.426922 0.904219 0.0111747
-33.376 92.5599 5.63387 -0.42699 0.904239 0.00561723
-33.3125 92.5786 7.018 -0.423607 0.905821 0.00674937
-33.2539 92.596 8.1917 -0.417814 0.908521 0.00469686
-33.1942 92.6151 9.48403 -0.426803 0.904337 0.00360855
-33.1519 92.6282 10.6213 -0.429136 0.903218 0.00630262
-33.1005 92.6466 12.176 -0.425113 0.905137 0.00228806
-33.0593 92.6632 13.479 -0.422804 0.906221 -0.000327293
-33.0248 92.6818 14.5679 -0.428091 0.903735 -0.000725454
-34.0112 92.2047 14.026 -0.437476 0.89923 -0.000819385
-34.04 92.1989 12.7735 -0.433594 0.9011 0.0040346
-34.0684 92.1888 11.4876 -0.431854 0.901943 0.00121941
-34.1074 92.1764 10.2501 -0.433836 0.900941 0.00956694
-34.1526 92.1685 8.94974 -0.429868 0.902853 0.00842626
-34.2064 92.1502 7.59167 -0.431391 0.902156 0.00406188
-34.2688 92.1324 5.98601 -0.432226 0.901733 0.00766484
-34.3527 92.1052 4.3914 -0.431949 0.901854 0.0088885
-34.4233 92.0865 3.04133 -0.432614 0.901522 0.0101824
-34.5027 92.068 1.64215 -0.43024 0.902581 0.0155314
-34.5686 92.0528 0.175129 -0.430851 0.90239 0.00779243
-34.6012 92.0451 -0.953721 -0.431817 0.90193 0.00752154
-34.6522 92.0318 -2.16446 -0.43468 0.900539 0.00910968
-34.7039 92.0228 -3.43268 -0.431569 0.902018 0.0105618
-34.7477 92.0174 -4.61881 -0.432455 0.901494 0.0170458
-34.7852 92.0222 -5.93608 -0.433643 0.900936 0.0163469
-34.8018 92.0332 -7.22849 -0.443073 0.896408 0.0118208
-34.8022 92.0365 -7.46221 -0.44153 0.897176 0.0112412
-35.6633 91.6007 -6.79005 -0.447267 0.89432 0.0120048
-35.629 91.5977 -5.44953 -0.44464 0.895598 0.0141574
-35.5966 91.5926 -4.0032 -0.443722 0.8961 0.0107619
-35.5479 91.6021 -2.61956 -0.444824 0.895565 0.00976239
-35.5013 91.6144 -1.47827 -0.442697 0.89663 0.00860966
-35.468 91.6253 -0.25666 -0.436037 0.899878 0.00952662
-35.3948 91.637 1.53209 -0.439506 0.898155 0.01232
-35.3333 91.6486 2.81935 -0.439249 0.898308 0.0101563
-35.2819 91.6625 4.05807 -0.440436 0.897752 0.00756567
-35.2102 91.6842 5.33172 -0.437158 0.899337 0.00928413
-35.1414 91.7056 6.89715 -0.432999 0.901366 0.00717902
-35.1079 91.7135 8.12944 -0.435284 0.90027 0.0065082
-35.0718 91.7205 9.27543 -0.435703 0.900044 0.00913003
-35.0361 91.7244 10.4712 -0.442701 0.896629 0.00853484
-34.9946 91.737 11.6915 -0.442441 0.896781 0.00550728
-34.9848 91.7344 13.2154 -0.441738 0.897133 0.00443003
-34.9741 91.7345 14.1489 -0.445049 0.895495 0.00442187
-35.9143 91.2724 13.3582 -0.447561 0.894251 0.00222192
-35.9228 91.2752 12.1926 -0.450772 0.892621 0.00566498
-35.9591 91.2677 10.7821 -0.451898 0.892037 0.0076545
-35.9947 91.2618 9.36347 -0.444744 0.895616 0.00863184
-36.0166 91.264 8.17962 -0.443502 0.896153 0.0147072
-36.0495 91.2596 6.92407 -0.446677 0.89469 0.00310442
-36.097 91.2459 5.62177 -0.447585 0.894206 0.0080113
-36.1923 91.2122 3.98892 -0.443205 0.896374 0.00905736
-36.2258 91.2094 2.8037 -0.448856 0.893513 0.0127386
-36.2954 91.1959 1.28004 -0.450421 0.892718 0.013276
-36.3506 91.187 -0.298933 -0.454137 0.890908 0.00651818
-36.3866 91.1773 -1.64075 -0.445265 0.895376 0.0064364
-36.4292 91.1668 -2.86894 -0.445129 0.89541 0.0100891
-36.4626 91.1656 -4.11879 -0.444871 0.895517 0.011796
-36.4823 91.1695 -5.25523 -0.447151 0.894391 0.0110092
-36.4832 91.1747 -5.63643 -0.447081 0.894399 0.0130228
-37.3506 90.7274 -4.91572 -0.456604 0.889553 0.0144107
-37.3252 90.722 -3.55086 -0.450074 0.892917 0.0114746
-37.2695 90.7323 -2.01629 -0.456553 0.889681 0.00523517
-37.2348 90.7369 -0.744762 -0.456516 0.889684 0.00738334
-37.1956 90.7471 0.737982 -0.453863 0.891021 0.00944772
-37.1506 90.7535 2.10844 -0.44988 0.893018 0.0112455
-37.1046 90.7606 3.36081 -0.454191 0.890837 0.0109591
-37.0348 90.7804 4.922 -0.454173 0.890882 0.00742848
-36.9738 90.801 6.16371 -0.455518 0.890197 0.00732301
-36.9382 90.8057 7.54808 -0.456728 0.889551 0.00997143
-36.9042 90.8074 8.93795 -0.455406 0.890244 0.00835498
-36.9018 90.7952 10.1475 -0.458159 0.888807 0.0105791
-36.8591 90.8031 11.627 -0.459283 0.888254 0.00792646
-36.8526 90.8022 12.1073 -0.458615 0.8886 0.00785654
