-22.6316 99.7769 -0.798937 -0.249016 0.968364 0.0132252
-21.2135 100.113 -0.505316 -0.222451 0.974714 0.0211508
-19.8998 100.385 -0.179323 -0.205658 0.978525 0.00950533
-18.6817 100.602 0.325974 -0.167874 0.985792 0.0056413
-17.5817 100.764 0.97451 -0.144375 0.989481 -1.79422e-05
-16.3657 100.91 1.66534 -0.107529 0.994143 0.0107863
-15.4709 100.997 2.34221 -0.0925111 0.995596 0.0151632
-14.6677 101.059 3.3071 -0.0636798 0.9979 0.00486205
-14.7225 101.049 4.61547 -0.0647639 0.997887 0.00515435
-15.5967 100.978 5.52706 -0.0862129 0.996268 -0.00415055
-16.6893 100.868 6.22722 -0.114621 0.993332 -0.00520564
-17.6145 100.758 6.8156 -0.139434 0.990231 0.000710215
-18.5879 100.605 7.38261 -0.16658 0.985909 -0.0153366
-19.6497 100.424 7.89285 -0.196778 0.980157 -0.0239015
-21.0246 100.136 8.30691 -0.223157 0.974745 -0.00857609
-22.0087 99.9089 8.69451 -0.237631 0.971346 0.00165645
-22.9661 99.6606 9.13839 -0.263385 0.96469 0.00163028
-24.4929 99.216 9.41016 -0.282074 0.959341 -0.00738938
-25.5796 98.8692 9.64403 -0.320742 0.947078 -0.0129173
-26.844 98.4347 9.79989 -0.340724 0.940124 -0.00859457
-27.9715 98.023 10.0532 -0.350728 0.936408 -0.0113851
-28.948 97.6458 10.3704 -0.374181 0.92734 -0.00534598
-30.1802 97.1444 10.7666 -0.385967 0.92246 -0.00984126
-31.432 96.6111 10.9424 -0.397402 0.917593 -0.0097143
-32.5695 96.1118 11.1302 -0.410428 0.911833 -0.00685802
-33.6421 95.6192 11.1158 -0.420815 0.907122 -0.00199614
-34.6416 95.1477 10.6284 -0.425492 0.904961 0.000592248
-34.7042 95.1205 9.51478 -0.425319 0.905032 0.00388888
-34.2041 95.3615 8.52932 -0.416733 0.909018 0.00416721
-33.6612 95.6166 7.56424 -0.418451 0.908206 0.00741106
-33.2977 95.7903 6.54325 -0.409124 0.912388 0.0128631
-33.1906 95.8509 5.38729 -0.413347 0.910557 0.00554845
-33.341 95.7916 4.07663 -0.410452 0.911865 0.00556319
-33.7397 95.6185 2.93328 -0.413497 0.910477 0.00713546
-34.2639 95.3838 1.90314 -0.421232 0.906928 0.00602788
-35.0933 94.9997 0.940804 -0.431354 0.902161 0.0050523
-35.7798 94.6754 0.155786 -0.434436 0.900673 0.00722083
-36.3521 94.4082 -0.980599 -0.43556 0.900115 0.00897637
-36.1939 94.498 -2.24806 -0.437552 0.89915 0.0084371
-35.4978 94.8481 -3.26198 -0.435013 0.900283 0.0159415
-34.626 95.2764 -3.86125 -0.429067 0.903115 0.0168788
-33.5559 95.7825 -4.06175 -0.418386 0.908059 0.0195339
-32.4852 96.2638 -3.77976 -0.41065 0.911672 0.0148364
-31.3671 96.7487 -3.33264 -0.393862 0.918854 0.0240655
-30.4064 97.1425 -2.96681 -0.382329 0.923425 0.0333307
-29.3877 97.5473 -2.56522 -0.366634 0.930214 0.0167712
-28.2926 97.964 -2.02281 -0.361251 0.932207 0.0220601
-27.1625 98.3744 -1.5802 -0.337928 0.941073 0.0136606
-25.8571 98.8234 -1.38604 -0.310587 0.950507 0.0085483
-24.8298 99.1521 -1.15325 -0.294798 0.955416 0.0147577
-23.7417 99.4725 -1.00628 -0.27739 0.960604 0.0167164
-23.0547 99.6665 -0.890601 -0.265179 0.964006 0.0168558
-22.5666 99.809 -1.86016 -0.251189 0.967849 0.013097
-21.1629 100.146 -1.57029 -0.221633 0.974931 0.0177295
-19.845 100.422 -1.30345 -0.205453 0.978385 0.0234742
-18.8308 100.601 -0.950863 -0.173009 0.984611 0.0244486
-17.7392 100.761 -0.44637 -0.145614 0.989003 0.0258588
-16.6961 100.889 0.296652 -0.119848 0.992493 0.0243868
-15.6469 100.994 0.765569 -0.0991905 0.994884 0.0162665
-14.7365 101.065 1.55456 -0.074948 0.997056 0.0162103
-14.0016 101.104 2.3702 -0.0525458 0.998538 0.0126717
-13.2126 101.133 3.43946 -0.04031 0.999169 0.00599349
-13.349 101.128 4.58173 -0.0352842 0.999363 -0.00532526
-14.0736 101.094 5.54925 -0.0642088 0.997824 -0.0149683
-14.8472 101.047 6.31292 -0.087332 0.995988 -0.0158601
-16.0325 100.95 7.11141 -0.102909 0.994663 -0.00742094
-17.1478 100.832 7.77045 -0.143939 0.98941 -0.0187093
-18.1081 100.703 8.28289 -0.153389 0.98782 -0.023765
-19.2487 100.528 8.91963 -0.184279 0.982528 -0.0190186
-20.3754 100.303 9.23608 -0.214078 0.976537 -0.0178902
-21.4394 100.057 9.58049 -0.245006 0.969438 -0.0126973
-22.4308 99.8146 10.1118 -0.257233 0.966177 -0.0114661
-23.5592 99.5016 10.3662 -0.274414 0.961484 -0.0141631
-24.9646 99.0799 10.6195 -0.302389 0.953114 -0.0115848
-26.0367 98.7314 10.8186 -0.321689 0.946714 -0.0156355
-27.5525 98.1903 10.9971 -0.341551 0.939799 -0.0108709
-28.5282 97.8227 11.3391 -0.359241 0.933074 -0.0178792
-29.7501 97.3395 11.7856 -0.373889 0.927358 -0.0146186
-31.1433 96.749 11.9587 -0.401345 0.915783 -0.0162648
-32.2289 96.2717 12.2092 -0.40665 0.913552 -0.00762793
-33.4747 95.7031 12.1968 -0.420617 0.907205 -0.00770216
-34.4453 95.2475 12.0952 -0.430835 0.902399 -0.0035461
-35.3388 94.8126 11.5716 -0.434896 0.900477 -0.000273336
-35.9709 94.5104 10.171 -0.440888 0.897555 0.00333501
-35.7042 94.6462 9.13289 -0.434672 0.900553 0.00792086
-35.218 94.887 8.11202 -0.427191 0.904129 0.00730224
-34.5141 95.2273 7.10781 -0.418451 0.908206 0.00741106
-34.1349 95.4158 5.93708 -0.41598 0.909338 0.00807888
-34.1161 95.4346 4.77661 -0.415896 0.909379 0.00779436
-34.4137 95.3061 3.74278 -0.42004 0.907486 0.00443159
-35.1337 94.9723 2.43175 -0.426563 0.904452 0.00255412
-35.8196 94.6486 1.63361 -0.434284 0.900768 -0.000410561
-36.7028 94.2227 0.599112 -0.439759 0.898088 0.00653046
-37.3396 93.9214 -0.63215 -0.442234 0.896865 0.00793195
-37.4518 93.8781 -1.94637 -0.444698 0.895641 0.00828874
-36.9798 94.1242 -3.14013 -0.438416 0.898679 0.0127413
-36.0706 94.5858 -4.23084 -0.437087 0.899271 0.0163212
-34.9859 95.1247 -4.966 -0.435803 0.899871 0.0174196
-33.9474 95.6249 -5.234 -0.427127 0.903951 0.0207895
-32.8717 96.1184 -5.05158 -0.416767 0.908614 0.0269254
-31.7322 96.6183 -4.62938 -0.405464 0.913664 0.0285743
-30.5946 97.0937 -4.12842 -0.384563 0.922663 0.0267638
-29.615 97.4922 -3.81304 -0.383302 0.92331 0.0240595
-28.1289 98.0544 -3.13118 -0.353022 0.935044 0.0324056
-27.0052 98.4528 -2.54656 -0.346173 0.937564 0.0334101
-25.8534 98.8478 -2.43353 -0.318174 0.947798 0.0184989
-24.7798 99.1858 -2.1809 -0.300411 0.953658 0.0170319
-23.6539 99.5166 -2.06925 -0.279039 0.960143 0.0162217
-23.0763 99.6785 -1.98855 -0.251185 0.96785 0.013102
-22.8261 99.769 -3.01955 -0.256968 0.965895 0.0318362
-21.7315 100.044 -2.72375 -0.234909 0.97132 0.036123
-20.3679 100.347 -2.48626 -0.205406 0.977935 0.0372336
-19.0614 100.587 -2.14758 -0.182009 0.981768 0.054815
-18.0198 100.753 -1.79413 -0.160842 0.986009 0.0437815
-16.9862 100.892 -1.35298 -0.138689 0.990093 0.0219177
-16.0619 100.996 -0.684308 -0.124648 0.991497 0.0373609
-14.7386 101.09 0.210089 -0.0703306 0.99699 0.0323115
-13.7822 101.134 0.910028 -0.0665428 0.997542 0.0219386
-12.894 101.159 1.91126 -0.0351078 0.999138 0.0188651
-12.227 101.162 2.77521 -0.016606 0.999827 0.008413
-11.886 101.167 3.85576 -0.00892404 0.999848 -0.00895736
-12.2194 101.17 4.87194 -0.0360842 0.999329 -0.00621265
-13.1461 101.172 6.20501 -0.031324 0.998915 -0.0344499
-14.1061 101.125 7.21577 -0.0703248 0.997292 -0.0215227
-15.0225 101.079 7.79094 -0.112991 0.992098 -0.0545411
-16.0494 100.987 8.45835 -0.122279 0.991894 -0.0345604
-17.283 100.847 9.0076 -0.154653 0.986229 -0.0586151
-18.2337 100.723 9.55368 -0.173198 0.983974 -0.0415163
-19.3858 100.529 10.1211 -0.193451 0.980486 -0.0341508
-20.6731 100.264 10.4461 -0.23801 0.970778 -0.030672
-22.3489 99.863 11.1378 -0.26129 0.964183 -0.0410324
-23.546 99.5267 11.4461 -0.282494 0.958525 -0.0373189
-24.6111 99.2111 11.6323 -0.295478 0.955141 -0.0159113
-25.6488 98.8837 11.9055 -0.309607 0.950605 -0.0218045
-27.1415 98.3722 12.1539 -0.350749 0.936139 -0.0226929
-28.1523 97.9884 12.3668 -0.354495 0.934577 -0.0299475
-29.2186 97.579 12.6826 -0.379724 0.924624 -0.0291965
-30.3818 97.1023 12.9602 -0.390927 0.920153 -0.0206249
-31.4141 96.6552 13.2155 -0.410389 0.911658 -0.0214842
-32.6677 96.0933 13.2009 -0.418891 0.907547 -0.0264411
-33.7825 95.572 13.3435 -0.426795 0.904201 -0.0156867
-34.7809 95.0944 13.2561 -0.438582 0.89864 -0.00962824
-35.6892 94.6472 12.7784 -0.438845 0.898545 -0.00568185
-36.5046 94.2435 11.8302 -0.443764 0.896143 -0.000965519
-37.0701 93.9624 10.404 -0.454721 0.890608 0.00681871
-36.9348 94.043 9.29441 -0.443615 0.896161 0.0100683
-36.3154 94.3625 7.87781 -0.437027 0.899413 0.00795851
-35.4591 94.7891 6.80924 -0.425199 0.905015 0.012386
-34.951 95.0471 5.38908 -0.418072 0.908355 0.0099765
-35.3203 94.8813 4.12789 -0.421449 0.90684 -0.00158607
-35.8849 94.6188 3.18686 -0.425444 0.904984 -0.000933453
-36.537 94.3037 2.27757 -0.431751 0.901888 -0.0116135
-37.4182 93.87 1.41188 -0.442652 0.896684 -0.00267994
-38.1742 93.5032 0.187369 -0.441602 0.897181 0.00737212
-38.4489 93.3763 -1.06169 -0.444966 0.895521 0.00695656
-38.4436 93.3863 -2.14756 -0.448972 0.893488 0.00860709
-38.1364 93.5517 -3.21935 -0.449638 0.893187 0.00447032
-37.3962 93.9327 -4.36303 -0.446764 0.894586 0.0108785
-36.4922 94.3953 -5.30479 -0.443374 0.896205 0.0153435
-35.5844 94.8569 -5.99302 -0.437851 0.898875 0.0175932
-34.6374 95.3254 -6.31898 -0.434825 0.900014 0.030036
-33.3827 95.9178 -6.28467 -0.426819 0.903721 0.0333698
-32.271 96.4237 -6.02819 -0.416963 0.908186 0.0366102
-31.2073 96.8874 -5.66646 -0.40411 0.914178 0.0312109
-30.1957 97.3042 -5.15856 -0.387148 0.921117 0.0407469
-29.2457 97.6883 -4.82087 -0.384818 0.92194 0.0440341
-28.1397 98.0995 -4.32465 -0.358561 0.931856 0.0554873
-27.1266 98.4516 -3.79704 -0.345219 0.93732 0.0474931
-26.0761 98.8133 -3.55049 -0.327438 0.943842 0.0441237
-25.0481 99.1392 -3.41523 -0.305486 0.951615 0.0332613
-23.6971 99.5367 -3.13844 -0.282139 0.958385 0.0435397
-23.5375 99.583 -3.12456 -0.269661 0.962115 0.0375698
-35.3453 94.9069 -2.14477 -0.434325 0.900713 0.00884567
-35.3746 94.8796 -0.855191 -0.430635 0.902478 0.00936011
-35.3786 94.8759 -0.685979 -0.430635 0.902478 0.00936011
-34.5512 95.2569 0.649559 -0.423943 0.905638 0.00958126
-34.5057 95.2926 -0.774194 -0.429331 0.903109 0.00831393
-34.4738 95.3223 -1.9914 -0.430104 0.902689 0.0128089
-34.4537 95.3485 -3.19761 -0.428644 0.903389 0.0124032
-33.5704 95.7599 -3.31618 -0.418155 0.908165 0.0195412
-33.5884 95.7336 -2.11276 -0.41947 0.907727 0.00874959
-33.629 95.7016 -0.82522 -0.419314 0.907782 0.0103686
-33.6782 95.6665 0.407257 -0.420955 0.907054 0.00702825
-33.7334 95.6303 1.72163 -0.419154 0.90788 0.00800532
-32.9481 95.9727 3.49673 -0.41204 0.911154 0.0047094
-32.8952 96.007 2.34659 -0.412809 0.910738 0.0120727
-32.8309 96.0432 1.0857 -0.41009 0.912044 0.00128821
-32.7607 96.089 -0.388375 -0.40711 0.913313 0.0110094
-32.7124 96.1287 -1.71188 -0.405846 0.913842 0.0135246
-32.6842 96.1583 -2.89095 -0.417344 0.908608 0.0159675
-32.6819 96.1648 -3.14032 -0.414263 0.909993 0.0172926
-31.7836 96.5526 -2.80782 -0.399637 0.916233 0.0284151
-31.8259 96.5185 -1.60656 -0.39299 0.919432 0.0142732
-31.8763 96.4797 -0.331894 -0.395748 0.918319 0.00863849
-31.9391 96.4369 0.934979 -0.39502 0.918612 0.0105088
-32.0131 96.3933 2.30078 -0.398457 0.917168 0.00587572
-32.0775 96.3614 3.47798 -0.401082 0.916039 0.00229366
-32.1654 96.3075 5.13984 -0.395937 0.918231 0.00930104
-32.2245 96.2683 6.43195 -0.402956 0.915114 0.0138891
-32.3011 96.2232 7.9181 -0.402913 0.915226 0.00477384
-32.3637 96.1935 9.09622 -0.404823 0.914395 0.00106177
-32.4255 96.1712 10.4519 -0.403151 0.915121 -0.00468239
-32.4277 96.1705 10.5073 -0.403408 0.915005 -0.00536568
-31.5706 96.5472 10.2876 -0.40348 0.914974 -0.00515186
-31.5072 96.5718 8.97292 -0.402427 0.915452 -0.000162837
-31.4375 96.6041 7.70311 -0.40313 0.915138 0.00304375
-31.3675 96.6394 6.44134 -0.390717 0.920466 0.00906781
-31.305 96.6781 5.22725 -0.396266 0.918099 0.00817975
-31.2235 96.7222 3.85438 -0.387676 0.921789 0.0034215
-31.1175 96.7807 2.12489 -0.383899 0.923334 0.00865164
-31.0407 96.8261 0.81267 -0.395961 0.918166 0.0136376
-30.9525 96.8798 -0.827572 -0.39358 0.919233 0.0102281
-30.9039 96.9208 -2.07573 -0.394612 0.918727 0.0149058
-30.8921 96.9307 -2.37746 -0.390754 0.920435 0.0105583
-29.9836 97.304 -2.18692 -0.368552 0.929427 0.0182973
-30.0351 97.2623 -1.06617 -0.38092 0.924487 0.0149498
-30.1268 97.2095 0.542042 -0.383898 0.923307 0.0112335
-30.1983 97.1666 1.73719 -0.384187 0.923212 0.00896794
-30.2782 97.1244 2.92016 -0.385565 0.922668 0.00480824
-30.3741 97.076 4.2557 -0.382864 0.923772 0.00777982
-30.4482 97.037 5.44325 -0.38099 0.924555 0.00664739
-30.5145 96.9996 6.58456 -0.382655 0.923859 0.0077991
-30.6064 96.9561 8.13813 -0.387954 0.921679 8.77879e-05
-30.6806 96.9233 9.38724 -0.391945 0.919988 -0.00135123
-30.7203 96.9112 10.1809 -0.39359 0.919272 -0.00504409
-29.8661 97.27 10.0694 -0.379102 0.925311 -0.00904209
-29.8028 97.2898 8.85994 -0.38128 0.92446 0.000453043
-29.7113 97.3278 7.48991 -0.382049 0.924142 0.000311428
-29.6381 97.3646 6.36417 -0.377711 0.925913 0.00444925
-29.5619 97.4014 5.21797 -0.368355 0.929679 -0.0035746
-29.4671 97.4451 3.95097 -0.37357 0.927584 0.0058667
-29.358 97.4996 2.54956 -0.374232 0.927285 0.00963631
-29.2702 97.5492 1.26008 -0.366568 0.930376 0.00536012
-29.1869 97.5863 0.0842027 -0.366269 0.930478 0.00765772
-29.1132 97.6284 -1.06836 -0.365609 0.930617 0.0167837
-29.0741 97.6567 -1.78304 -0.362775 0.931756 0.0150008
-28.1611 98.0018 -1.2767 -0.356097 0.934292 0.0171082
-28.2588 97.9485 -0.0482117 -0.355741 0.934538 0.00929345
-28.3705 97.8952 1.36696 -0.351448 0.936177 0.0075697
-28.5123 97.8259 3.16158 -0.354951 0.934853 0.00769908
-28.6017 97.783 4.28641 -0.353843 0.935303 -0.00165477
-28.7063 97.74 5.60255 -0.365219 0.930917 0.00281194
-28.7909 97.7017 6.71466 -0.363339 0.931633 0.0066279
-28.8751 97.6617 7.85561 -0.36268 0.931903 0.00456232
-28.969 97.6288 9.14471 -0.362134 0.932099 -0.00714123
-29.0022 97.6196 9.62371 -0.368162 0.929737 -0.00676465
-28.1128 97.9589 9.21103 -0.359816 0.932985 -0.00844464
-28.0044 98.0009 7.75886 -0.353623 0.935388 0.000662765
-27.8824 98.0428 6.33524 -0.347076 0.937837 -0.000853086
-27.7777 98.0878 5.10232 -0.342334 0.939541 0.00839483
-27.6729 98.1325 3.90139 -0.341862 0.939749 0.00150725
-27.5363 98.1951 2.35146 -0.345275 0.938468 0.00790265
-27.4001 98.2584 0.862332 -0.346726 0.937926 0.00872332
-27.2798 98.317 -0.494328 -0.336543 0.94163 0.00845615
-27.2702 98.3214 -0.596727 -0.333422 0.942607 0.0179531
-26.2724 98.6758 -0.882771 -0.328898 0.944103 0.0222607
-26.4461 98.5937 0.859601 -0.324837 0.945722 0.00952926
-26.5995 98.526 2.26351 -0.324026 0.946033 0.00542732
-26.7262 98.4769 3.48022 -0.33029 0.943851 0.00733026
-26.884 98.4119 5.08062 -0.33488 0.942255 0.00314223
-26.9935 98.3683 6.22656 -0.343774 0.939052 -0.00138469
-27.1104 98.3282 7.48073 -0.343161 0.939271 -0.00314643
-27.2098 98.2942 8.62796 -0.339214 0.940693 -0.00548077
-27.2429 98.2849 9.09057 -0.339217 0.940692 -0.00547379
-26.3707 98.5931 8.87393 -0.320157 0.947331 -0.00799323
-26.2454 98.6289 7.61563 -0.321154 0.947019 -0.00380959
-26.1292 98.6638 6.48702 -0.319939 0.947393 0.00928002
-25.9979 98.7193 5.17723 -0.322656 0.946482 0.0080553
-25.844 98.7822 3.77149 -0.311449 0.950172 0.0131496
-25.7074 98.8317 2.54393 -0.309344 0.950927 -0.00660828
-25.5552 98.8874 1.3169 -0.311601 0.950101 0.0145901
-25.4251 98.944 0.216091 -0.308237 0.951242 0.011335
-25.3337 98.9826 -0.568857 -0.301418 0.953401 0.0131643
-24.3848 99.2726 -0.394914 -0.279182 0.960139 0.013769
-24.5509 99.2149 0.831284 -0.282352 0.95929 0.00624125
-24.691 99.161 1.95199 -0.297521 0.954637 0.0122211
-24.8401 99.1056 3.08608 -0.294451 0.955637 0.00746282
-25.0191 99.0451 4.50494 -0.312353 0.949949 0.00574777
-25.2084 98.9751 6.13189 -0.308814 0.951107 0.00550741
-25.3353 98.9301 7.33735 -0.312373 0.949956 -0.0025831
-25.4789 98.8917 8.54824 -0.308293 0.951204 -0.0128977
-25.5 98.8871 8.71569 -0.314553 0.949197 -0.00903262
-24.6358 99.1651 8.86454 -0.291969 0.956339 -0.0130238
-24.4709 99.2047 7.34919 -0.292523 0.956253 -0.00334969
-24.2749 99.2712 5.77821 -0.293944 0.955794 0.00735422
-24.1298 99.3269 4.63042 -0.292072 0.956396 0.000371038
-23.9673 99.3718 3.50744 -0.284931 0.958547 0.00121494
-23.8032 99.4209 2.36652 -0.283888 0.958844 0.00514631
-23.6331 99.4822 1.26126 -0.282353 0.95929 0.00624028
-23.452 99.5375 0.105601 -0.279077 0.960253 0.00546973
-23.3944 99.5607 -0.31251 -0.277392 0.960611 0.016716
-22.4262 99.8181 -0.116708 -0.258013 0.966113 0.00737456
-22.6591 99.7537 1.19102 -0.267409 0.963514 0.0115149
-22.8938 99.6742 2.64131 -0.269252 0.963041 0.00736257
-23.0987 99.6179 3.94222 -0.261982 0.965073 0.000405392
-23.2831 99.5731 5.14351 -0.270013 0.962849 -0.00380315
-23.5321 99.4956 6.86135 -0.296293 0.955095 0.00201836
-23.699 99.4443 8.13149 -0.293294 0.956008 -0.00527219
-23.743 99.4329 8.51427 -0.292629 0.956182 -0.00915044
-22.8612 99.6913 8.50174 -0.263276 0.964655 0.0112666
-22.6951 99.734 7.36201 -0.247657 0.968841 0.00368029
-22.529 99.7786 6.22559 -0.237739 0.971319 0.00449794
-22.3384 99.8252 5.01468 -0.241277 0.970435 -0.00644734
-22.1516 99.8698 3.88131 -0.250445 0.968129 0.00188959
-21.8915 99.9401 2.34193 -0.231945 0.972727 -0.00158872
-21.6346 100.004 0.937007 -0.218457 0.975783 0.011147
-21.4613 100.046 0.0919221 -0.219274 0.975662 0.00152929
-20.5241 100.252 0.426608 -0.21171 0.977327 0.00323936
-20.7742 100.189 1.64556 -0.218457 0.975783 0.011147
-20.988 100.143 2.72725 -0.209517 0.977805 -0.000548346
-21.2075 100.098 3.87982 -0.210895 0.977505 -0.002509
-21.4084 100.052 4.99631 -0.217628 0.976027 -0.00306453
-21.6418 99.987 6.33775 -0.221531 0.975136 0.0058046
-21.8285 99.9461 7.64727 -0.220494 0.975376 -0.00488451
-21.8619 99.9404 7.85367 -0.223088 0.974758 -0.00884779
-20.9273 100.151 7.47573 -0.223015 0.974772 -0.00911556
-20.7089 100.204 6.18584 -0.225083 0.974262 0.0122513
-20.4689 100.26 4.95236 -0.206032 0.978497 -0.00977012
-20.1879 100.317 3.56874 -0.204058 0.978952 -0.00350933
-19.9392 100.364 2.36847 -0.201406 0.979507 -0.00125046
-19.7094 100.415 1.27585 -0.180926 0.983491 -0.00347586
-19.5773 100.439 0.703184 -0.179715 0.983615 0.0142958
-18.6488 100.603 1.04616 -0.157806 0.98747 -0.000658153
-18.9306 100.556 2.24693 -0.166847 0.985959 -0.00680393
-19.1961 100.513 3.46445 -0.171679 0.985152 0.00117113
-19.4655 100.464 4.68181 -0.192946 0.981144 -0.0112816
-19.8032 100.386 6.24425 -0.196831 0.980361 0.0122154
-19.9879 100.344 7.21041 -0.192464 0.981123 -0.0188327
-19.0139 100.537 6.94729 -0.173835 0.984772 0.00227199
-18.7626 100.576 5.7746 -0.17788 0.984052 3.24355e-06
-18.4529 100.647 4.4684 -0.138954 0.990289 0.00453212
-18.1499 100.683 3.18024 -0.135923 0.990688 -0.00785935
-17.7824 100.732 1.65887 -0.137537 0.990492 0.00298622
-16.9592 100.84 2.408 -0.107889 0.99414 0.0066943
-17.2617 100.806 3.58773 -0.131122 0.991361 -0.00324906
-17.5836 100.761 4.87263 -0.131122 0.991354 0.00489538
-17.888 100.716 6.11005 -0.152058 0.988368 -0.00270684
-17.9531 100.707 6.39585 -0.152279 0.988332 -0.00345703
-16.8074 100.857 5.6093 -0.117284 0.993082 0.00570185
-16.4733 100.899 4.33115 -0.10002 0.994983 -0.00228084
-16.0619 100.936 2.82303 -0.106307 0.994308 -0.00714435
-16.0393 100.938 2.7367 -0.107731 0.994159 0.00650858
-15.2481 101.013 3.50296 -0.0882318 0.996077 -0.00672115
-15.5653 100.984 4.58108 -0.0865304 0.996216 0.00811575
-34.0928 95.4066 9.78762 -0.425328 0.905031 0.00388076
-34.0981 95.4036 10.068 -0.425492 0.904962 0.000592402
-33.261 95.7898 10.2235 -0.415187 0.90973 -0.00345404
-33.2098 95.8154 8.95554 -0.416724 0.909024 0.00416438
-33.1545 95.8468 7.81739 -0.403759 0.914857 0.0038423
