-19.6718 36.8992 -12.8393 0.162015 0.986773 0.00539984
-18.9548 36.7862 -13.6947 0.161961 0.986787 0.00445117
-17.9345 36.6158 -13.1601 0.162762 0.986653 0.00499263
-17.0121 36.4599 -12.5696 0.166555 0.986019 0.00509291
-15.6328 36.2223 -11.6739 0.166769 0.985984 0.00495071
-14.7821 36.0733 -10.9333 0.166782 0.985982 0.00459817
-13.7973 35.9015 -10.094 0.169636 0.985498 0.00412465
-12.6536 35.7015 -9.1825 0.171637 0.985159 0.00157562
-11.5688 35.5095 -8.2712 0.176374 0.984323 -0.000137069
-10.7586 35.3648 -7.35769 0.176021 0.984386 -0.000519196
-10.0355 35.2344 -6.57014 0.177945 0.98404 -0.00112168
-9.26495 35.0962 -5.65665 0.18002 0.983657 -0.00349777
-8.20777 34.906 -4.47788 0.182476 0.983201 -0.00397873
-7.46337 34.773 -3.41543 0.184425 0.982827 -0.00620112
-6.90805 34.6761 -2.46269 0.183732 0.98295 -0.00717573
-6.44084 34.5963 -1.46171 0.18803 0.982123 -0.00885403
-6.18412 34.5562 -0.421084 0.18439 0.982811 -0.0088791
-5.99763 34.5339 0.740495 0.1846 0.982744 -0.011686
-5.77782 34.5094 1.9958 0.183343 0.982949 -0.0139934
-5.88765 34.5474 3.18501 0.183098 0.982991 -0.0142843
-6.36492 34.6516 4.29142 0.179502 0.983655 -0.0141538
-7.13785 34.8044 5.19717 0.177888 0.983959 -0.0134487
-8.08155 34.9852 6.08982 0.170619 0.985219 -0.0152682
-8.83168 35.1267 6.89495 0.16508 0.986163 -0.0152059
-9.70711 35.2796 7.45978 0.160151 0.986966 -0.0158207
-11.0432 35.4995 8.13491 0.154095 0.98798 -0.0122886
-12.024 35.6528 8.60862 0.147081 0.98904 -0.0129023
-13.1679 35.8182 9.06911 0.134326 0.990858 -0.0125222
-14.2666 35.9661 9.35061 0.128556 0.991661 -0.00906833
-15.4305 36.1103 9.55714 0.119761 0.992784 -0.00607075
-16.4773 36.235 9.63719 0.11206 0.993698 -0.00239237
-17.5913 36.3559 9.57572 0.102216 0.99476 0.0019823
-18.9494 36.4964 9.36506 0.100451 0.994913 0.00762643
-19.2713 36.54 8.21196 0.0999037 0.994922 0.0120187
-19.3798 36.5656 7.02828 0.106445 0.994188 0.0161358
-19.3879 36.5846 5.81846 0.109286 0.993899 0.0147404
-19.3739 36.6029 4.62957 0.113146 0.993469 0.0139347
-19.4409 36.63 3.47606 0.121032 0.992496 0.0174367
-19.4705 36.6589 1.97888 0.122924 0.992269 0.0171142
-19.438 36.6738 0.735539 0.126479 0.991808 0.0178806
-19.4174 36.6865 -0.385651 0.132762 0.991022 0.0155333
-19.4892 36.7189 -1.69978 0.135969 0.990562 0.0172158
-19.5012 36.7449 -2.96639 0.139583 0.990072 0.0158158
-19.5134 36.7677 -4.27113 0.142279 0.989708 0.0153325
-19.4809 36.7796 -5.39022 0.146092 0.989159 0.0148401
-19.5513 36.814 -6.89439 0.150222 0.988538 0.0148604
-19.6041 36.8401 -8.13813 0.154474 0.987921 0.0121193
-19.6037 36.8585 -9.55218 0.155769 0.98772 0.0120217
-19.6301 36.877 -10.8094 0.156458 0.987644 0.00898605
-19.6062 36.8835 -11.9526 0.158913 0.98726 0.00741421
-19.6055 36.884 -12.0453 0.16158 0.986844 0.00549014
-20.6834 37.0598 -12.1415 0.160063 0.98706 0.00946715
-20.7266 37.0765 -13.4735 0.162601 0.986677 0.00541893
-20.6468 37.0684 -14.5377 0.16362 0.986517 0.00346763
-20.6029 37.0652 -15.7386 0.164169 0.986429 0.00229369
-19.3857 36.8621 -15.2013 0.163269 0.986581 0.00110995
-18.4546 36.7073 -14.6509 0.163512 0.986538 0.00272104
-17.4486 36.5388 -14.1041 0.163852 0.986481 0.00276351
-16.425 36.3652 -13.3821 0.166903 0.985962 0.00457851
-15.155 36.1459 -12.5826 0.166936 0.985957 0.00468219
-14.1802 35.9749 -11.7677 0.171288 0.985205 0.00565551
-13.1604 35.795 -11.0035 0.171306 0.985212 0.00336368
-12.1379 35.6124 -10.1203 0.173378 0.984848 0.00392689
-11.253 35.4545 -9.41703 0.176475 0.984304 0.00123475
-10.1836 35.2595 -8.36464 0.180138 0.98364 0.000344316
-9.36251 35.11 -7.35859 0.181023 0.983479 -0.000702552
-8.54932 34.9612 -6.50614 0.183213 0.983067 -0.00359229
-7.70286 34.8071 -5.45302 0.184601 0.982804 -0.00413275
-6.70001 34.6244 -4.22572 0.184583 0.982796 -0.00644247
-6.13135 34.5236 -3.08717 0.18727 0.982275 -0.008112
-5.56046 34.4229 -2.05679 0.188397 0.982059 -0.00814784
-5.09806 34.3436 -1.07414 0.187089 0.982287 -0.0105023
-5.08353 34.3554 0.208664 0.187029 0.982285 -0.0116792
-4.69485 34.2972 1.40148 0.185963 0.982461 -0.0136952
-4.68173 34.3136 2.71068 0.185468 0.982538 -0.0148281
-4.94821 34.3804 3.79593 0.185979 0.982428 -0.0156925
-5.44717 34.4904 4.82707 0.184276 0.982753 -0.0154715
-6.53722 34.7107 6.03592 0.177443 0.983949 -0.0188679
-7.39977 34.8785 6.83805 0.174327 0.984529 -0.0176785
-8.13521 35.023 7.7341 0.167263 0.985764 -0.0167243
-9.13619 35.1997 8.33288 0.161601 0.986673 -0.0189914
-10.3074 35.3951 8.90165 0.152096 0.988197 -0.0182642
-11.3018 35.5574 9.46816 0.147141 0.988996 -0.0151209
-12.2826 35.7059 9.8717 0.140334 0.990019 -0.0128028
-13.2838 35.8471 10.2084 0.130067 0.991428 -0.0124016
-14.3366 35.9846 10.4531 0.122161 0.992454 -0.0103828
-15.5435 36.1329 10.6505 0.116028 0.993214 -0.00625331
-16.6206 36.2544 10.7184 0.11056 0.993861 -0.00404578
-17.7077 36.367 10.6375 0.100171 0.994968 0.000218471
-19.1313 36.5039 10.4834 0.0929075 0.995639 0.00742351
-20.202 36.6099 10.0313 0.091272 0.995761 0.0113538
-20.316 36.6342 8.96965 0.0952505 0.995345 0.0147
-20.3651 36.6562 7.79837 0.101365 0.994735 0.0150834
-20.5438 36.6946 6.54456 0.104298 0.99436 0.0188444
-20.4291 36.7073 5.36456 0.107309 0.994001 0.0211357
-20.4104 36.7287 4.20634 0.113109 0.993365 0.0207375
-20.5552 36.7703 3.00214 0.115748 0.993045 0.0215567
-20.4618 36.7823 1.8751 0.12015 0.992517 0.0217559
-20.4812 36.8068 0.705558 0.12468 0.992034 0.0179654
-20.4158 36.8193 -0.363156 0.126443 0.991736 0.0216768
-20.5397 36.8578 -1.4904 0.133402 0.990877 0.0191548
-20.5991 36.8872 -2.60716 0.136083 0.99043 0.0230196
-20.5767 36.9081 -3.67443 0.136114 0.990496 0.0197257
-20.5145 36.9189 -4.7818 0.142668 0.989621 0.0171466
-20.5902 36.9534 -6.04121 0.14369 0.989447 0.018633
-20.6061 36.9806 -7.30153 0.14826 0.988809 0.0166101
-20.647 37.0081 -8.55417 0.15178 0.988315 0.0140291
-20.6572 37.0319 -10.1079 0.156394 0.987619 0.0122421
-20.6809 37.0504 -11.362 0.159271 0.987179 0.0104293
-20.6905 37.0588 -11.955 0.159875 0.987072 0.0113714
-21.6903 37.2207 -11.9353 0.161074 0.986857 0.0128791
-21.7019 37.2078 -10.716 0.159758 0.987067 0.0132612
-21.6929 37.1884 -9.55191 0.15696 0.987445 0.0177003
-21.6663 37.1605 -8.17285 0.155286 0.987673 0.0196771
-21.6697 37.1346 -6.93781 0.153613 0.987869 0.0226328
-21.688 37.1097 -5.84575 0.143666 0.989318 0.0247051
-21.6047 37.0737 -4.79933 0.139061 0.990046 0.021696
-21.6203 37.053 -3.69202 0.137415 0.990272 0.0217359
-21.6362 37.0281 -2.57124 0.131502 0.991012 0.0243864
-21.6573 37.002 -1.45998 0.123353 0.992107 0.0225259
-21.5748 36.9653 -0.285376 0.123095 0.992147 0.0221834
-21.5609 36.934 0.975049 0.120603 0.992444 0.0224931
-21.5208 36.9055 2.10165 0.120309 0.99248 0.0225678
-21.559 36.8769 3.3047 0.112844 0.993272 0.0255713
-21.5276 36.839 4.74304 0.106682 0.994029 0.0229253
-21.586 36.8162 6.03117 0.103633 0.994284 0.0256626
-21.647 36.7966 7.10535 0.0970891 0.994979 0.0243184
-21.5091 36.756 8.31346 0.0934927 0.995463 0.0173791
-21.5404 36.739 9.46526 0.0860413 0.99603 0.0221911
-21.4529 36.7083 10.6385 0.0758209 0.996973 0.0171768
-20.5077 36.622 11.2661 0.0853838 0.996305 0.0084946
-19.3456 36.5198 11.6209 0.0864016 0.996235 0.00709516
-18.2719 36.4207 11.6698 0.0950658 0.995471 3.62315e-06
-17.0817 36.3075 11.8007 0.0963798 0.995317 -0.00588555
-15.5312 36.1396 11.695 0.111158 0.993727 -0.0122691
-14.0598 35.9653 11.4745 0.119194 0.992686 -0.0191543
-13.0111 35.8277 11.2107 0.130237 0.991307 -0.0184557
-11.8245 35.6561 10.8276 0.139561 0.989987 -0.021159
-10.8551 35.507 10.4509 0.149348 0.988523 -0.0227471
-9.81465 35.3394 10.0344 0.153675 0.987947 -0.0185704
-8.7796 35.1638 9.41943 0.162831 0.986412 -0.0218731
-7.83258 34.9943 8.88309 0.16694 0.985758 -0.0203298
-7.0512 34.8423 8.11832 0.171415 0.984931 -0.0229847
-6.34833 34.6976 7.16436 0.174884 0.984403 -0.0191137
-5.32227 34.495 6.45888 0.183928 0.982782 -0.017588
-4.66616 34.3567 5.60864 0.184575 0.982645 -0.0184616
-4.02467 34.2152 4.42972 0.188116 0.982026 -0.0154336
-3.69877 34.1358 3.29261 0.188519 0.981975 -0.0136459
-3.60246 34.1008 2.15513 0.187572 0.982105 -0.0168295
-3.62193 34.0878 1.05151 0.189684 0.981754 -0.0133648
-3.94027 34.1345 -0.0651128 0.188487 0.981996 -0.0125218
-3.93333 34.1206 -1.10483 0.189737 0.981737 -0.0138618
-4.63093 34.2384 -2.55122 0.19165 0.981421 -0.00907859
-5.15885 34.3333 -3.46654 0.189388 0.981869 -0.00810434
-5.7622 34.4408 -4.74049 0.189597 0.981839 -0.00670004
-6.53541 34.5865 -5.67614 0.188183 0.982125 -0.00272388
-7.2235 34.7129 -6.45883 0.18495 0.98274 -0.00389473
-7.98567 34.8533 -7.49173 0.184832 0.982769 -0.00104007
-8.82777 35.0098 -8.39357 0.183102 0.983093 -0.00117334
-9.48331 35.1322 -9.26234 0.181664 0.98336 0.000882094
-10.4301 35.3084 -10.0958 0.17622 0.984342 0.0040427
-11.323 35.4702 -10.8702 0.175278 0.984516 0.0025074
-12.1741 35.6239 -11.5475 0.175594 0.984457 0.00328197
-13.1333 35.796 -12.4106 0.17225 0.985043 0.00459368
-14.1241 35.9711 -13.097 0.170208 0.985401 0.00374717
-15.0118 36.127 -13.7532 0.166227 0.986077 0.00455857
-16.0658 36.3083 -14.394 0.167228 0.985912 0.00334365
-16.9755 36.4629 -15.0718 0.163847 0.986482 0.00277309
-17.9347 36.622 -15.536 0.16359 0.986528 0.000117439
-19.0878 36.8143 -16.386 0.163413 0.986557 0.00123327
-20.5551 37.0589 -17.2053 0.16622 0.986087 -0.00180889
-21.4414 37.2081 -17.7691 0.164857 0.986314 0.00154821
-21.7433 37.258 -16.7054 0.167049 0.985948 0.0011826
-21.6959 37.2458 -15.3745 0.165575 0.986191 0.00348212
-21.7229 37.2442 -14.1406 0.162426 0.986706 0.0053654
-21.7113 37.2352 -12.9866 0.162665 0.986652 0.00752104
-21.693 37.2263 -12.2937 0.162538 0.986632 0.0113453
-18.62 36.726 -12.6577 0.161771 0.986815 0.00518414
-19.1108 36.8015 -11.7847 0.161516 0.986853 0.00575965
-17.8628 36.5988 -12.1869 0.163442 0.986538 0.00544882
-18.6205 36.7155 -10.8392 0.161077 0.986917 0.0069836
-18.9221 36.7602 -10.3027 0.156211 0.987666 0.0106343
-19.0513 36.7556 -8.26102 0.15347 0.988095 0.0107084
-18.1718 36.6337 -9.82189 0.160093 0.987038 0.0112575
-17.3936 36.516 -11.2042 0.163193 0.98658 0.00530324
-17.1754 36.4818 -11.5915 0.16353 0.986525 0.00504364
-16.2604 36.327 -11.4002 0.166384 0.986048 0.0051341
-17.103 36.4585 -9.90593 0.163565 0.986498 0.0081967
-17.9082 36.5768 -8.47778 0.158654 0.987276 0.0106853
-18.6301 36.6782 -7.19446 0.155142 0.987825 0.0115449
-18.8883 36.7119 -6.73377 0.15122 0.98841 0.0133314
-18.9544 36.6933 -4.78875 0.146264 0.989146 0.0140135
-18.2382 36.6027 -6.07107 0.152687 0.98821 0.0113263
-17.4868 36.4989 -7.41044 0.154947 0.987881 0.00903335
-16.7802 36.3946 -8.66556 0.160406 0.987027 0.00683965
-16.0026 36.2756 -10.0447 0.16678 0.985983 0.00460045
-15.7326 36.2325 -10.5227 0.167691 0.985822 0.00588572
-15.0079 36.1081 -9.99415 0.165871 0.986142 0.00331104
-15.8926 36.2487 -8.42597 0.162788 0.986642 0.00620119
-16.6829 36.3693 -7.02299 0.157596 0.987477 0.00719913
-17.355 36.4647 -5.82381 0.152868 0.988202 0.00939848
-18.0117 36.5527 -4.64887 0.145393 0.989292 0.0127405
-18.776 36.6448 -3.27542 0.143212 0.989561 0.016116
-18.9168 36.6611 -3.02188 0.143169 0.989594 0.0143374
-18.8309 36.6229 -1.33438 0.135896 0.990604 0.0153596
-17.9568 36.5212 -2.91464 0.142418 0.989748 0.0107778
-17.2118 36.4277 -4.25233 0.151133 0.988474 0.00879754
-16.4859 36.3272 -5.55081 0.153742 0.988086 0.00699262
-15.8022 36.2249 -6.76927 0.160333 0.987048 0.00539933
-15.1002 36.1163 -8.01597 0.162535 0.986693 0.00428392
-14.2668 35.9798 -9.49298 0.16935 0.985552 0.00272184
-13.5643 35.8586 -8.92253 0.169062 0.985605 0.0013251
-14.2712 35.9779 -7.67084 0.167025 0.98595 0.00210197
-14.9626 36.087 -6.44186 0.161052 0.986941 0.00313294
-15.8083 36.217 -4.93582 0.157322 0.98752 0.00733016
-16.5047 36.3149 -3.69036 0.151142 0.988477 0.0082957
-17.2047 36.4074 -2.4328 0.143654 0.989582 0.00948047
-17.8756 36.4914 -1.22042 0.137529 0.990435 0.0111776
-18.6052 36.5717 0.107739 0.132548 0.991095 0.0126892
-18.7497 36.5876 0.372054 0.132548 0.991095 0.0126894
-18.8979 36.5793 2.51645 0.121414 0.992487 0.0151281
-18.2363 36.5094 1.29604 0.132264 0.991173 0.00908826
-17.5533 36.4309 0.0449287 0.133819 0.990942 0.0112919
-16.8615 36.3465 -1.21182 0.14429 0.989498 0.00858562
-16.1961 36.2567 -2.4127 0.150336 0.98859 0.009399
-15.4423 36.1512 -3.7647 0.154967 0.98789 0.00760358
-14.7052 36.0407 -5.08015 0.161049 0.986941 0.00313754
-13.9682 35.923 -6.39155 0.165287 0.986244 0.00139783
-13.2898 35.8104 -7.59491 0.168289 0.985738 0.000204177
-12.8295 35.7309 -8.40897 0.171511 0.985182 0.00119606
-12.0976 35.6032 -7.8899 0.171379 0.985205 0.000820792
-12.8361 35.7315 -6.58404 0.16982 0.985474 0.00161296
-13.5485 35.8512 -5.3182 0.165392 0.986227 0.00121658
-14.2034 35.9564 -4.15188 0.15718 0.987554 0.00553695
-15.0301 36.0795 -2.67333 0.153354 0.988152 0.00616019
-15.9141 36.2065 -1.08246 0.147566 0.989046 0.00341492
-16.6184 36.3004 0.196854 0.141424 0.989912 0.00861278
-17.3697 36.3925 1.56984 0.136421 0.990632 0.00617945
-18.0291 36.466 2.78595 0.128477 0.991613 0.0140441
-18.7866 36.5393 4.18796 0.117343 0.992991 0.014154
-18.6992 36.5074 5.91684 0.109287 0.993901 0.0147373
-17.9066 36.4318 4.43362 0.117307 0.993014 0.0127489
-17.1719 36.3513 3.07654 0.127864 0.99172 0.0119473
-16.4988 36.2712 1.83707 0.136554 0.990622 0.00459013
-15.8524 36.188 0.656486 0.140184 0.990092 0.00812759
-15.1265 36.0889 -0.661975 0.149023 0.988832 0.00192613
-14.445 35.9857 -1.89058 0.155403 0.987842 0.00414843
-13.6879 35.8698 -3.24622 0.159811 0.987138 0.0043135
-12.9656 35.7525 -4.53476 0.16705 0.985948 0.000165435
-12.2094 35.6221 -5.87865 0.168159 0.985759 0.00125547
-11.5482 35.5062 -7.04818 0.175554 0.98447 4.13688e-05
-10.8581 35.3831 -6.45525 0.175549 0.984471 3.85835e-05
-11.6317 35.5222 -5.08496 0.174203 0.984708 -0.00192535
-12.4349 35.6624 -3.6577 0.167635 0.985849 -0.000131419
-13.1232 35.777 -2.42851 0.161821 0.98682 0.00034204
-13.787 35.8823 -1.23725 0.15413 0.98805 -0.00128589
-14.5114 35.996 0.0716784 0.152823 0.988247 0.00362886
-15.2915 36.1032 1.48868 0.142338 0.989794 0.00694078
-15.9586 36.1922 2.71019 0.137098 0.990538 0.0062354
-16.6411 36.2758 3.96798 0.130327 0.991442 0.00757874
-17.3792 36.3593 5.33734 0.12126 0.992581 0.00889449
-18.1048 36.4305 6.70337 0.112273 0.993595 0.0127829
-18.7121 36.485 7.86121 0.105459 0.994378 0.00951801
-18.16 36.4194 8.73646 0.104614 0.994497 0.00557215
-17.4374 36.3511 7.3525 0.112333 0.993648 0.00675188
-16.7944 36.2809 6.13858 0.126405 0.99197 0.00421276
-16.1554 36.2065 4.94451 0.129848 0.991524 0.00441335
-15.2868 36.0954 3.34054 0.138455 0.990367 0.00193778
-14.5125 35.9881 1.92277 0.148092 0.988954 0.00628606
-13.7967 35.8834 0.621856 0.155019 0.98791 0.00153486
-13.146 35.7801 -0.553316 0.157194 0.987568 0.000393624
-12.1739 35.6182 -2.29972 0.164319 0.986407 -0.000166078
-11.4559 35.494 -3.57886 0.172583 0.984994 -0.00142697
-10.3636 35.2972 -5.51657 0.176034 0.98438 -0.0029217
-10.2448 35.2749 -5.72668 0.17803 0.984018 -0.00385218
-9.86771 35.2107 -4.57971 0.179732 0.983708 -0.00399665
-10.747 35.3717 -3.01965 0.172659 0.984976 -0.00334324
-11.433 35.4936 -1.79622 0.16829 0.985732 -0.00324876
-12.1762 35.6221 -0.462298 0.160608 0.987014 -0.00278509
-12.9052 35.742 0.852502 0.156943 0.987607 -0.000982126
-13.8255 35.881 2.52323 0.150507 0.988609 -0.00090597
-14.681 36.0073 4.09276 0.143995 0.989578 -8.94459e-05
-15.5287 36.1213 5.66219 0.130971 0.991386 5.22787e-05
-16.3738 36.2247 7.25099 0.123954 0.992283 0.00304469
-17.0177 36.2962 8.47665 0.116781 0.993146 0.00480065
-17.111 36.3063 8.65575 0.116784 0.993146 0.00479797
-16.202 36.2014 8.84413 0.113029 0.993592 -0.000449562
-15.5158 36.1162 7.53787 0.125063 0.992142 0.00356868
-14.8448 36.0309 6.27803 0.130447 0.991455 -0.000490615
-14.0766 35.9208 4.84753 0.142504 0.989792 -0.00197822
-13.2522 35.7954 3.33336 0.150345 0.98863 -0.00266309
-12.6012 35.6946 2.14682 0.156913 0.987612 -0.000451003
-11.901 35.5804 0.879143 0.158739 0.987319 -0.00173131
-11.0246 35.4293 -0.697637 0.166685 0.986002 -0.00412196
-10.2851 35.2932 -2.01955 0.174005 0.984736 -0.00427138
-9.62258 35.1714 -3.19722 0.175129 0.984538 -0.00381647
-8.99015 35.0507 -4.31779 0.181178 0.983444 -0.00340724
-8.37404 34.9415 -3.59331 0.182074 0.98327 -0.00535857
-9.12085 35.0848 -2.26986 0.177235 0.984162 -0.00353498
-9.93085 35.2367 -0.82596 0.17339 0.984833 -0.00636956
-10.7386 35.3846 0.622338 0.167659 0.985835 -0.00444864
-11.4919 35.517 1.98132 0.164137 0.986426 -0.00484073
-12.158 35.6265 3.19122 0.156817 0.987616 -0.00485185
-12.871 35.7434 4.49618 0.150578 0.988576 -0.00656957
-13.5571 35.8489 5.76533 0.140395 0.990079 -0.00566356
-14.2839 35.956 7.11954 0.136508 0.990639 -0.000776673
-14.9152 36.0429 8.30984 0.123649 0.992318 -0.00390519
-15.2322 36.0835 8.91305 0.12121 0.992625 -0.00215903
-14.146 35.9451 8.76244 0.129502 0.991558 -0.00642074
-13.3094 35.8219 7.18583 0.135111 0.990808 -0.00668612
-12.6113 35.7146 5.88711 0.146599 0.989172 -0.0069181
-11.9309 35.6011 4.63424 0.150611 0.988571 -0.00655197
-11.1829 35.472 3.26845 0.156622 0.987645 -0.00516698
-10.4609 35.3453 1.95993 0.164137 0.986426 -0.00484715
-9.80096 35.2238 0.771114 0.17225 0.985034 -0.00616278
-9.02363 35.0764 -0.620003 0.176762 0.984224 -0.007677
-8.29732 34.9374 -1.91458 0.181846 0.983312 -0.00548483
-7.86833 34.8534 -2.67522 0.182161 0.983247 -0.00654939
-7.43935 34.7805 -1.62085 0.18128 0.983412 -0.00613731
-8.15452 34.9217 -0.346844 0.180143 0.98361 -0.00769652
-8.95503 35.0774 1.08529 0.176449 0.984258 -0.0101376
-9.79242 35.236 2.59484 0.170819 0.985261 -0.00904261
-10.4799 35.3639 3.84047 0.160988 0.986925 -0.0079059
-11.2913 35.507 5.32438 0.157218 0.987488 -0.0122712
-12.1251 35.6514 6.86526 0.147655 0.988961 -0.0123975
-12.7038 35.7441 7.94402 0.136291 0.990643 -0.00714656
-11.5835 35.5786 7.74119 0.149033 0.988812 -0.00627335
-10.9117 35.4613 6.49433 0.152587 0.988218 -0.0119622
-10.1647 35.3249 5.1218 0.161474 0.986819 -0.0106627
-9.33476 35.1685 3.6107 0.167927 0.985736 -0.0111689
-8.60916 35.0282 2.29978 0.170718 0.985283 -0.00852822
-7.94877 34.8975 1.1133 0.178347 0.98392 -0.00969556
-7.11293 34.7306 -0.381484 0.180056 0.983625 -0.00784613
-6.80955 34.67 -0.922612 0.184414 0.982823 -0.00705492
-6.64118 34.6523 0.601669 0.180212 0.983586 -0.00904426
-7.30373 34.7877 1.78975 0.180468 0.983484 -0.0138242
-7.98546 34.9268 3.01618 0.176128 0.984277 -0.0133493
-8.66882 35.0622 4.24875 0.167134 0.985883 -0.0100122
-9.45007 35.2132 5.67281 0.167068 0.985874 -0.0118934
-10.0904 35.3335 6.84826 0.160752 0.986914 -0.0125988
-8.31254 35.0161 5.44968 0.171592 0.985087 -0.0126244
-7.59637 34.8731 4.15175 0.176284 0.984268 -0.0118792
-6.82985 34.715 2.77297 0.180098 0.983537 -0.0148284
-6.32302 34.6088 1.86404 0.180125 0.983562 -0.012686
