-18.5387 21.4193 2.10816 0.832418 -0.551866 -0.0502381
-18.6977 21.2254 1.60214 0.832542 -0.551706 -0.0499389
-18.5196 21.5349 1.154 0.832288 -0.552029 -0.0506015
-18.325 21.7882 1.59412 0.832641 -0.551562 -0.0498798
-18.3711 21.6585 2.25847 0.832443 -0.551829 -0.0502354
-18.4149 21.5918 2.26548 0.83255 -0.551617 -0.0507697
-18.6114 21.2604 2.6365 0.832552 -0.551525 -0.0517301
-18.2344 21.7928 3.02374 0.832723 -0.551087 -0.0536284
-17.9529 22.225 2.95342 0.833274 -0.550194 -0.0542244
-17.9936 22.2337 2.20837 0.833031 -0.550856 -0.0511552
-18.0162 22.2572 1.56628 0.832688 -0.551542 -0.0493234
-18.1262 22.1462 0.95071 0.832173 -0.552299 -0.0495308
-18.4039 21.7559 0.644889 0.832107 -0.552276 -0.0508832
-18.7278 21.2961 0.350421 0.831753 -0.552707 -0.0519654
-18.9943 20.9235 0.0509773 0.831801 -0.552406 -0.0543538
-19.0836 20.7466 0.486276 0.83261 -0.551304 -0.0531372
-19.0139 20.7801 1.25252 0.832738 -0.551272 -0.0514299
-18.9968 20.7534 1.82661 0.83308 -0.550862 -0.0502989
-18.8758 20.8908 2.32561 0.832955 -0.551069 -0.0500917
-18.6676 21.1821 2.5696 0.832007 -0.55235 -0.0517067
-18.8506 20.8676 3.00051 0.831559 -0.553154 -0.0502846
-18.5093 21.3413 3.41165 0.831674 -0.552693 -0.0533716
-18.1359 21.8738 3.70974 0.830802 -0.553875 -0.0546894
-17.8386 22.287 4.00881 0.829406 -0.5554 -0.0600114
-17.6016 22.6442 4.00397 0.830562 -0.55352 -0.0614944
-17.6073 22.7086 3.34894 0.83525 -0.546319 -0.0623983
-17.6617 22.6904 2.7304 0.838645 -0.542179 -0.0521122
-17.6845 22.7092 2.12639 0.833703 -0.549988 -0.0495137
-17.6964 22.7494 1.46301 0.832618 -0.551787 -0.0477403
-17.7565 22.7089 0.892727 0.832492 -0.551837 -0.0493179
-17.9415 22.4699 0.4384 0.832337 -0.552223 -0.0475872
-18.2574 22.0172 0.184182 0.830893 -0.554323 -0.0483952
-18.6407 21.4775 -0.180197 0.831491 -0.552972 -0.0533434
-18.9376 21.0657 -0.519317 0.830879 -0.55368 -0.0554899
-19.2347 20.6431 -0.75388 0.833296 -0.549878 -0.0570308
-19.479 20.2775 -0.789928 0.833614 -0.549714 -0.0538716
-19.4623 20.2458 -0.221109 0.829697 -0.555298 -0.0569781
-19.3881 20.2953 0.388123 0.833195 -0.550258 -0.0547907
-19.3529 20.2852 1.0498 0.834418 -0.548818 -0.0504551
-19.3288 20.2665 1.6632 0.832856 -0.551261 -0.049596
-19.2836 20.2827 2.21879 0.833926 -0.549359 -0.0526533
-19.1313 20.4641 2.76918 0.834847 -0.548385 -0.0479755
-18.9382 20.7434 2.91491 0.831979 -0.5526 -0.0494392
