-6.68644 32.7663 -19.7519 0.264156 -0.964479 -0.00121744
-7.04195 32.669 -19.9881 0.264608 -0.964355 -0.00177015
-6.77557 32.7427 -20.3274 0.264459 -0.964396 -0.00150816
-6.44726 32.8318 -19.92 0.263254 -0.964726 -0.0010754
-6.44999 32.831 -19.8501 0.263371 -0.964694 -0.00127543
-5.99981 32.9536 -19.9071 0.262305 -0.964985 -0.000764016
-5.99394 32.9558 -20.4045 0.261992 -0.965069 -0.00106273
-6.22368 32.8939 -20.7267 0.261233 -0.965275 -0.00158747
-6.83032 32.7289 -20.7668 0.2638 -0.96457 -0.00362735
-7.35917 32.5832 -20.6516 0.264783 -0.964299 -0.00405364
-7.48447 32.5472 -20.0252 0.267256 -0.963624 -0.00188428
-7.37438 32.5769 -19.5347 0.266663 -0.96379 -8.55945e-05
-6.9389 32.6969 -19.3178 0.264258 -0.964452 2.27477e-05
-6.48228 32.8218 -19.3192 0.263948 -0.964537 -0.000345887
-5.99235 32.9554 -19.461 0.26247 -0.96494 -0.000277551
-5.98957 32.9563 -19.7113 0.262597 -0.964905 -0.000400913
-5.53961 33.0787 -19.7723 0.26266 -0.964888 0.000539517
-5.52201 33.0834 -19.2552 0.262938 -0.964813 -0.000636382
-5.79126 33.0097 -18.8973 0.261147 -0.965294 -0.00144934
-6.39996 32.8444 -18.872 0.264492 -0.964387 0.000691644
-6.86043 32.7184 -18.8622 0.263946 -0.964538 0.000322191
-7.40851 32.5684 -18.9005 0.266664 -0.963782 0.00383096
-7.83409 32.4493 -19.0174 0.269351 -0.963039 0.00209001
-7.85295 32.4438 -19.498 0.269458 -0.963012 -0.00109831
-7.9198 32.4265 -20.0964 0.267761 -0.963484 -0.00192388
-7.87165 32.4416 -20.6625 0.266202 -0.96391 -0.00366304
-7.82822 32.4554 -21.135 0.267294 -0.963606 -0.00402821
-7.36113 32.5851 -21.2544 0.264852 -0.964282 -0.00381805
-6.82658 32.7317 -21.2308 0.263378 -0.964683 -0.00437354
-6.37098 32.8552 -21.2167 0.26023 -0.965543 -0.00260318
-5.89292 32.984 -21.2232 0.261685 -0.965153 0.000157019
-5.49256 33.0921 -20.9028 0.261345 -0.965245 -0.00105438
-5.52045 33.0842 -20.3897 0.261304 -0.965256 -0.000785344
-5.54409 33.0776 -19.9121 0.262132 -0.965032 -0.000422374
