-20.3658 21.1737 -20.2844 0.838945 -0.544214 -0.00135407
-20.4005 21.1191 -19.8398 0.839022 -0.544096 -0.00115249
-20.086 21.6045 -19.7687 0.839331 -0.543619 -0.00113206
-19.8741 21.9322 -20.0596 0.839312 -0.543649 -0.00109015
-20.0501 21.661 -20.3299 0.839194 -0.543831 -0.00090501
-20.2968 21.2802 -20.3607 0.839257 -0.543734 -0.0010253
-20.2837 21.3011 -20.803 0.839072 -0.54402 -0.000827448
-20.5547 20.8837 -20.7762 0.838489 -0.544916 -0.00122179
-20.7103 20.6427 -20.2573 0.83886 -0.544346 -0.00150647
-20.6959 20.6635 -19.7593 0.838858 -0.544348 -0.00152166
-20.5625 20.8686 -19.3752 0.838926 -0.544245 -0.00109388
-20.3183 21.2448 -19.3255 0.839142 -0.543911 -0.0012766
-19.9663 21.7883 -19.3015 0.839309 -0.543653 -0.00132969
-19.7231 22.164 -19.3378 0.839424 -0.543476 -0.000884704
-19.6213 22.3224 -19.9369 0.839623 -0.543168 -0.00104316
-19.6207 22.3244 -20.4344 0.839708 -0.543038 -0.000942533
-19.781 22.0769 -20.7715 0.839555 -0.543274 -0.000270639
-20.0786 21.6176 -20.7912 0.839223 -0.543787 -0.000879373
-20.1909 21.4444 -20.8031 0.83923 -0.543776 -0.000792219
-20.1561 21.4988 -21.2498 0.839255 -0.543737 -0.000828304
-20.4322 21.0727 -21.2574 0.83908 -0.544008 -0.000278824
-20.7837 20.5334 -21.2241 0.838097 -0.545515 -0.00252969
-20.9306 20.3064 -20.9071 0.837737 -0.546071 -0.00188188
-20.957 20.2636 -20.3559 0.83808 -0.545542 -0.00229134
-20.9411 20.2859 -19.8813 0.839206 -0.543812 -0.00157193
-20.9336 20.2965 -19.3573 0.838728 -0.54455 -0.000889191
-20.8355 20.4469 -18.9695 0.838794 -0.544447 -0.0011899
-20.5927 20.821 -18.8822 0.838792 -0.544451 -0.00105557
-20.3336 21.2202 -18.856 0.838869 -0.544331 -0.00162095
-20.0816 21.609 -18.8549 0.839343 -0.543599 -0.00167568
-19.8316 21.9954 -18.8502 0.839705 -0.543042 -0.00136512
-19.5063 22.498 -18.8744 0.839221 -0.543791 -0.00084256
-19.3544 22.7329 -19.2515 0.839173 -0.543861 -0.00166173
-19.3682 22.7136 -19.8268 0.83982 -0.542864 -0.000746648
-19.3663 22.7176 -20.2775 0.840042 -0.542517 -0.00208473
-19.3564 22.7334 -20.8207 0.839634 -0.543152 -0.000642182
-19.5621 22.4159 -21.2244 0.839439 -0.543454 -0.000422144
-19.8216 22.0152 -21.23 0.839321 -0.543636 -0.000814316
-20.0609 21.6457 -21.2604 0.83926 -0.54373 -0.000826947
-20.0968 21.5903 -21.2456 0.839253 -0.543741 -0.000829
