22.8814 21.2837 -4.26624 -0.843113 -0.537536 -0.0146855
22.6247 21.678 -3.9567 -0.843183 -0.537424 -0.0147542
22.5636 21.7566 -3.32376 -0.843137 -0.5375 -0.0146027
22.8195 21.353 -3.24302 -0.843158 -0.537455 -0.0150529
22.9168 21.2148 -3.77337 -0.843049 -0.537639 -0.0145935
22.899 21.2535 -4.17034 -0.843029 -0.537671 -0.0145568
23.2013 20.7838 -4.33439 -0.843137 -0.537503 -0.0145105
23.19 20.7798 -3.53227 -0.843103 -0.537551 -0.0147446
23.0604 20.9649 -2.87307 -0.842995 -0.537716 -0.0148597
22.786 21.3869 -2.57219 -0.843077 -0.53758 -0.0151548
22.4984 21.8316 -2.34413 -0.843385 -0.537093 -0.015233
22.2747 22.1839 -2.37788 -0.84353 -0.536878 -0.0148126
22.251 22.2361 -2.92243 -0.843263 -0.537302 -0.0146451
22.264 22.2356 -3.65517 -0.843085 -0.537582 -0.0145858
22.3278 22.1511 -4.2201 -0.843128 -0.537504 -0.0149709
22.5757 21.7727 -4.60927 -0.843314 -0.537227 -0.0144406
22.879 21.3046 -4.88974 -0.843187 -0.53742 -0.0146705
23.2063 20.7939 -4.99473 -0.843199 -0.537399 -0.0147614
23.1998 20.7964 -4.7105 -0.843162 -0.53746 -0.0146105
23.496 20.3312 -4.68877 -0.843172 -0.537446 -0.0145853
23.5091 20.3307 -5.42673 -0.84319 -0.537417 -0.0146258
23.4151 20.4939 -6.00098 -0.84325 -0.537318 -0.0147783
23.1192 20.9509 -5.73059 -0.843304 -0.537232 -0.0148407
22.805 21.4354 -5.42409 -0.843078 -0.537585 -0.0149095
22.4939 21.9149 -5.1259 -0.843064 -0.537618 -0.0144868
22.1317 22.4743 -4.7595 -0.843781 -0.536467 -0.0153927
21.9799 22.6983 -4.26721 -0.843144 -0.537471 -0.0152884
21.9525 22.7213 -3.55821 -0.842844 -0.537957 -0.0146713
21.9301 22.7411 -2.96538 -0.843329 -0.537217 -0.013918
21.9211 22.7375 -2.3054 -0.843626 -0.536735 -0.0145013
21.9364 22.694 -1.59736 -0.843432 -0.537025 -0.0150614
22.1491 22.3518 -1.3069 -0.843564 -0.536832 -0.01455
22.4486 21.8891 -1.6167 -0.843837 -0.53639 -0.0149667
22.7241 21.4637 -1.87574 -0.843116 -0.537498 -0.0158337
23.0271 20.9981 -2.19052 -0.842877 -0.537898 -0.0149505
23.3338 20.5249 -2.46009 -0.842964 -0.537764 -0.0148867
23.4767 20.3182 -3.09535 -0.842991 -0.537723 -0.0148266
23.5063 20.2899 -3.75515 -0.842919 -0.537844 -0.0145286
23.494 20.3261 -4.38433 -0.843184 -0.537431 -0.0144502
