7.38902 35.306 -19.8398 -0.781721 -0.623627 -0.000903492
7.75722 34.8441 -19.7735 -0.782132 -0.623113 -0.000565648
7.7509 34.853 -20.2586 -0.781974 -0.623309 -0.00126307
7.40496 35.2869 -20.1743 -0.78197 -0.623314 -0.00146023
7.17879 35.5715 -20.5331 -0.782035 -0.623233 -0.00162751
7.08196 35.6916 -19.9634 -0.782226 -0.622993 -0.00160702
7.15967 35.5926 -19.4607 -0.780697 -0.624908 -0.00127427
7.54195 35.1145 -19.3189 -0.781861 -0.623452 0.00101699
7.9744 34.5717 -19.3663 -0.782191 -0.623037 0.00109171
8.12232 34.3861 -19.826 -0.782333 -0.62286 -0.00104186
8.12342 34.3866 -20.444 -0.781825 -0.623491 -0.00289465
7.89578 34.6724 -20.7455 -0.781454 -0.62396 -0.0015685
7.50925 35.1569 -20.7525 -0.781843 -0.623475 -0.000583528
7.3151 35.4006 -20.7287 -0.782099 -0.623154 -0.000330441
7.36887 35.3332 -21.2268 -0.782777 -0.622302 0.000514253
7.7546 34.85 -21.2264 -0.781629 -0.623743 -0.000438555
8.09651 34.423 -21.2298 -0.780185 -0.625548 -0.000860683
8.42528 34.012 -21.0016 -0.779927 -0.625862 -0.00314357
8.42566 34.0072 -20.2944 -0.781062 -0.624442 -0.00363869
8.41842 34.0127 -19.5834 -0.783581 -0.621287 -0.00185867
8.40439 34.0297 -19.0522 -0.78366 -0.62119 0.000105475
8.0661 34.4565 -18.8799 -0.783575 -0.621297 0.00104368
7.75024 34.8553 -18.8521 -0.783919 -0.620861 0.00126549
7.41691 35.2725 -18.8591 -0.779275 -0.626677 0.00236795
7.08552 35.6832 -18.8792 -0.779149 -0.626822 -0.00286468
6.84731 35.9823 -19.1699 -0.780828 -0.624743 -0.00203777
6.80611 36.0364 -19.7078 -0.782322 -0.622863 -0.00360773
6.77446 36.0791 -20.2721 -0.782614 -0.622499 -0.00331033
6.79769 36.0521 -20.7763 -0.783939 -0.620835 -0.00110843
6.95403 35.8556 -21.2029 -0.783387 -0.621534 -0.000157789
7.27166 35.4555 -21.2322 -0.782773 -0.622307 0.000515464
