7.87293 35.2719 -19.7081 -0.782557 -0.622579 -0.000102981
7.58193 35.6375 -19.969 -0.782045 -0.623222 -0.000433515
7.70362 35.4852 -20.3921 -0.782909 -0.622135 -0.00106555
8.01722 35.0907 -20.304 -0.78272 -0.622374 -0.000354667
7.96621 35.1547 -19.7569 -0.782377 -0.622806 0.000101282
8.01768 35.0908 -19.282 -0.782468 -0.622685 0.00260057
8.31548 34.7154 -19.5777 -0.783192 -0.621779 0.000131299
8.32526 34.7029 -20.1202 -0.782911 -0.622134 -8.82582e-05
8.27593 34.7654 -20.6857 -0.782953 -0.62208 -0.000971729
7.88542 35.2571 -20.7922 -0.782998 -0.622024 -0.000673043
7.54865 35.6809 -20.7766 -0.783088 -0.62191 -0.00129469
7.29631 35.9979 -20.4766 -0.782736 -0.622351 -0.00167883
7.29698 35.9958 -19.9364 -0.782489 -0.622661 -0.00174971
7.31274 35.9741 -19.4494 -0.782322 -0.622868 -0.0026449
7.61799 35.5915 -19.2839 -0.78126 -0.624204 0.000135716
7.86713 35.2799 -19.2864 -0.782469 -0.622685 0.00260522
7.86358 35.2861 -18.858 -0.781328 -0.624111 0.00333572
8.1649 34.907 -18.8462 -0.783863 -0.620927 0.00226718
8.45485 34.5404 -18.8742 -0.7841 -0.620634 0.00085325
8.60005 34.3567 -19.2707 -0.783917 -0.620864 -0.000505907
8.60348 34.3528 -19.7356 -0.78279 -0.622286 1.62841e-05
8.61441 34.3388 -20.2892 -0.783042 -0.621967 -0.00117405
8.60553 34.3514 -20.8363 -0.782479 -0.622669 -0.00289406
8.45754 34.5387 -21.2175 -0.782658 -0.622447 -0.00225596
8.11277 34.9715 -21.2418 -0.782282 -0.622922 -0.00113715
7.80304 35.3613 -21.2312 -0.783156 -0.621824 -0.00108254
7.43572 35.8246 -21.245 -0.783695 -0.621144 -0.00153866
7.08212 36.2688 -21.1258 -0.782194 -0.62303 -0.00258402
6.99157 36.3815 -20.7491 -0.782105 -0.623145 -0.00113191
7.01431 36.3523 -20.2035 -0.783506 -0.621383 -0.00121573
6.98605 36.3855 -19.6705 -0.782756 -0.622321 -0.00305263
6.99227 36.3754 -19.2026 -0.782475 -0.622675 -0.00290043
7.2368 36.0666 -18.9238 -0.782248 -0.622954 -0.00410884
7.63515 35.5718 -18.8599 -0.779113 -0.62687 0.00160977
7.64229 35.5629 -18.8597 -0.781039 -0.624472 0.0035773
