-25.0778 21.1589 -19.7844 0.838955 -0.5442 0.00105903
-24.8143 21.5644 -19.8366 0.838504 -0.544896 0.000445666
-24.5756 21.9321 -20.0124 0.839005 -0.544124 -2.43974e-05
-24.7116 21.7224 -20.2643 0.838981 -0.54416 -3.77649e-05
-24.9801 21.3085 -20.3707 0.839 -0.544131 0.000748954
-25.1485 21.0498 -19.9186 0.838842 -0.544373 0.00107627
-25.3921 20.6744 -19.9593 0.838807 -0.544426 0.00140603
-25.3762 20.6975 -20.5128 0.839099 -0.543974 0.00203908
-25.1055 21.1146 -20.8127 0.83913 -0.543931 0.000536399
-24.7914 21.5993 -20.7692 0.83907 -0.544024 0.000493549
-24.4453 22.1332 -20.6928 0.839256 -0.543736 7.20689e-05
-24.3011 22.3557 -20.2838 0.839347 -0.543596 -0.000351534
-24.3132 22.3364 -19.7372 0.839411 -0.543497 -0.000801624
-24.4408 22.1393 -19.3481 0.838557 -0.544814 -0.000697317
-24.7973 21.5912 -19.3588 0.838251 -0.545284 0.000256374
-25.1217 21.0925 -19.3041 0.838048 -0.545594 0.00144903
-25.3818 20.692 -19.5022 0.838302 -0.545203 0.00174266
-25.4069 20.6523 -19.7521 0.838462 -0.544955 0.0023147
-25.6641 20.2565 -19.786 0.838236 -0.545301 0.00260814
-25.6518 20.2732 -20.2476 0.839327 -0.543608 0.00426748
-25.6395 20.2888 -20.8475 0.840766 -0.54139 0.00245835
-25.4348 20.6062 -21.1491 0.840066 -0.542483 -0.000471192
-25.1273 21.0806 -21.2455 0.839151 -0.543899 0.000381408
-24.8333 21.5344 -21.2289 0.83922 -0.543791 0.000142551
-24.5843 21.9185 -21.1847 0.839231 -0.543775 0.000123677
-24.3226 22.3226 -21.2194 0.839149 -0.543902 -0.000386614
-24.0775 22.7006 -21.1046 0.839177 -0.543858 -6.94009e-05
-24.0683 22.7151 -20.5511 0.839282 -0.543696 0.000203915
-24.0442 22.7526 -19.8795 0.840329 -0.542076 -0.000860949
-24.059 22.7279 -19.4054 0.838978 -0.544161 -0.00211136
-24.1002 22.6628 -18.9211 0.838834 -0.544385 -0.00156513
-24.4395 22.1409 -18.8616 0.837599 -0.546284 -0.000686309
-24.7006 21.7403 -18.8884 0.837607 -0.546272 0.000321618
-25.0156 21.2567 -18.8745 0.837706 -0.546119 0.00129003
-25.2727 20.862 -18.8548 0.838615 -0.54472 0.00215723
-25.5426 20.4466 -18.8634 0.838227 -0.54532 0.000880574
-25.6603 20.2648 -19.3018 0.837874 -0.545859 0.00204017
-25.6658 20.2545 -19.6686 0.838235 -0.545304 0.00260924
