-23.9961 21.7364 -3.43566 0.831929 -0.55214 -0.0550973
-24.0261 21.7463 -3.97683 0.83192 -0.552014 -0.0564721
-24.1617 21.5878 -4.42319 0.831453 -0.552672 -0.0569196
-24.3976 21.2393 -4.48883 0.831789 -0.552156 -0.057019
-24.3617 21.2184 -3.7587 0.831935 -0.552023 -0.0561671
-24.0847 21.5977 -3.38238 0.831965 -0.552092 -0.0550359
-24.0295 21.6781 -3.35503 0.831929 -0.552141 -0.0550918
-24.1541 21.4405 -2.847 0.832306 -0.551723 -0.0535588
-23.8404 21.8874 -2.57868 0.832528 -0.551508 -0.0523179
-23.6582 22.1937 -2.91022 0.83163 -0.55277 -0.0532543
-23.6874 22.2145 -3.57416 0.831284 -0.553022 -0.0559724
-23.7234 22.2277 -4.22874 0.831288 -0.552948 -0.0566508
-23.8778 22.0501 -4.76433 0.832044 -0.551962 -0.0551362
-24.1664 21.6494 -5.09177 0.831418 -0.552761 -0.0565631
-24.5152 21.1627 -5.46197 0.831307 -0.552862 -0.0571993
-24.7572 20.7944 -5.42015 0.831536 -0.552495 -0.0574233
-24.7144 20.786 -4.71878 0.831715 -0.55225 -0.0571912
-24.6982 20.7511 -4.14931 0.832177 -0.551523 -0.0574865
-24.6306 20.796 -3.60002 0.832266 -0.551512 -0.0562769
-24.4196 21.0678 -3.13255 0.832565 -0.551248 -0.0544222
-24.2207 21.3464 -2.91328 0.832305 -0.551725 -0.0535597
-24.36 21.0924 -2.47142 0.833097 -0.550274 -0.0561057
-24.6839 20.6388 -2.83564 0.832929 -0.550684 -0.0545569
-24.9386 20.2917 -3.21857 0.833096 -0.550293 -0.0559366
-24.9575 20.3201 -3.77692 0.832702 -0.550642 -0.0583215
-25.0144 20.3032 -4.42379 0.831816 -0.551953 -0.0585513
-25.0367 20.3356 -5.05603 0.831869 -0.551953 -0.0578134
-25.0909 20.3129 -5.609 0.830086 -0.554565 -0.0584295
-25.0279 20.4755 -6.26683 0.82991 -0.55488 -0.057938
-24.6695 21.0091 -6.22052 0.831797 -0.552184 -0.0566198
-24.3644 21.4357 -5.91141 0.831185 -0.553127 -0.056411
-24.0687 21.8553 -5.66571 0.83159 -0.55247 -0.0568746
-23.8028 22.2144 -5.28496 0.830108 -0.554936 -0.0543934
-23.5116 22.6256 -4.99575 0.832403 -0.551464 -0.0546858
-23.4195 22.701 -4.38032 0.830825 -0.55342 -0.0587866
-23.3813 22.6793 -3.63189 0.829772 -0.555163 -0.0571742
-23.3402 22.6755 -2.96791 0.830164 -0.555066 -0.0522305
-23.2913 22.6978 -2.40546 0.830796 -0.55439 -0.0492808
-23.2688 22.6808 -1.86567 0.831635 -0.552819 -0.0526681
-23.3252 22.559 -1.47803 0.831712 -0.552589 -0.0538488
-23.6336 22.1261 -1.79383 0.831143 -0.553708 -0.0510788
-23.9467 21.6788 -2.056 0.833147 -0.550736 -0.0505579
-24.2293 21.278 -2.35076 0.834239 -0.548734 -0.0541188
-24.2905 21.1912 -2.40902 0.833097 -0.550275 -0.0561025
