-8.15383 36.0588 19.8409 0.811753 -0.583992 0.00325521
-8.29445 35.8649 20.2469 0.811642 -0.584151 0.00202878
-8.62713 35.4021 20.1628 0.811736 -0.584023 -0.00122944
-8.60508 35.4338 19.6572 0.810812 -0.585304 -0.000167083
-8.25048 35.9241 19.6356 0.811024 -0.58501 0.0018846
-8.23439 35.9464 19.6464 0.810624 -0.585563 0.00227411
-8.22009 35.963 19.1852 0.81216 -0.583389 0.00733125
-7.92226 36.3778 19.3264 0.811637 -0.584153 0.00326766
-7.87149 36.4518 19.9307 0.81159 -0.584218 0.00334997
-7.91354 36.3962 20.4465 0.812842 -0.582474 0.00361378
-8.24697 35.9316 20.7058 0.81276 -0.582599 0.000784419
-8.59597 35.445 20.701 0.813084 -0.582144 -0.000464919
-8.87393 35.057 20.6341 0.812801 -0.582537 -0.00209584
-8.92769 34.9838 20.1414 0.812845 -0.582475 -0.00221994
-8.91664 35.0022 19.5991 0.811614 -0.58419 -0.00197546
-8.76195 35.2169 19.2511 0.809217 -0.587505 0.00106993
-8.46271 35.628 19.2227 0.808795 -0.588041 0.00764381
-8.3232 35.8194 19.1869 0.810477 -0.585716 0.00748836
-8.24315 35.9252 18.735 0.814165 -0.580596 0.00520597
-8.67085 35.3414 18.7631 0.803509 -0.595288 0.00230958
-8.95225 34.9558 18.766 0.809942 -0.586505 -0.00259472
-9.13298 34.7049 18.9943 0.810936 -0.585132 -0.00194615
-9.18797 34.6249 19.5403 0.812473 -0.582983 -0.00432594
-9.18802 34.6212 20.0649 0.812696 -0.582677 -0.00368169
-9.19699 34.6061 20.5619 0.813113 -0.582104 -0.00130868
-9.11063 34.7262 21.0675 0.812445 -0.583038 -0.000441621
-8.85482 35.0814 21.1525 0.811344 -0.584539 -0.003704
-8.50577 35.5703 21.1691 0.814131 -0.580679 0.00127287
-8.21415 35.9781 21.1576 0.812913 -0.582385 0.000559033
-7.8998 36.4165 21.1477 0.813229 -0.581939 -0.00130849
-7.65705 36.7576 21.0269 0.816054 -0.577972 0.00145123
-7.63126 36.7914 20.5022 0.814671 -0.579896 0.00565133
-7.609 36.8176 20.0312 0.810374 -0.585891 0.00503615
-7.61884 36.8003 19.5433 0.81116 -0.584812 0.00373322
-7.6398 36.7686 19.0348 0.81169 -0.584066 0.00498546
-7.8007 36.5451 18.7497 0.8106 -0.585596 -0.00213777
-8.09381 36.1363 18.7678 0.812698 -0.58268 0.00231347
-8.09657 36.1324 18.7673 0.816177 -0.577793 0.0030789
