-25.6817 21.6818 -19.7405 0.839047 -0.544057 0.00151607
-26.0562 21.1043 -19.7116 0.839029 -0.544082 0.00226487
-26.3077 20.7151 -19.9923 0.839052 -0.544044 0.00270799
-26.0709 21.0788 -20.3587 0.839342 -0.543597 0.00265053
-25.7737 21.5379 -20.3755 0.83928 -0.543698 0.00125586
-25.5128 21.9407 -20.3276 0.839032 -0.544082 0.000490066
-25.4818 21.9895 -19.8508 0.838794 -0.544447 0.00134784
-25.6045 21.8007 -19.7501 0.838792 -0.544451 0.00135181
-25.6622 21.7136 -19.2608 0.838366 -0.545103 0.00227968
-25.9553 21.262 -19.2365 0.83921 -0.543803 0.00225536
-26.2391 20.8241 -19.2028 0.839572 -0.543247 0.00139791
-26.4307 20.5275 -19.4006 0.837228 -0.546773 0.00622722
-26.5011 20.4175 -19.8735 0.839043 -0.54406 0.0023716
-26.4886 20.4332 -20.382 0.839684 -0.543058 0.00421492
-26.3367 20.6654 -20.7879 0.84013 -0.542376 0.00298558
-26.024 21.1498 -20.8647 0.83992 -0.542707 0.00165154
-25.6698 21.698 -20.8389 0.839603 -0.543201 -0.000257532
-25.3901 22.1303 -20.8237 0.839095 -0.543984 -0.000804517
-25.2062 22.4134 -20.2933 0.838836 -0.544384 -7.80377e-05
-25.2038 22.4177 -19.7686 0.838665 -0.544647 0.000973735
-25.2895 22.2866 -19.3239 0.838325 -0.545169 0.000855961
-25.5645 21.864 -19.2445 0.838365 -0.545105 0.00227784
-25.6053 21.8033 -18.7861 0.837629 -0.546231 0.00283386
-25.3234 22.2356 -18.7784 0.837452 -0.54651 0.00103738
-25.0314 22.6837 -18.8406 0.838203 -0.545358 -0.000446955
-24.9567 22.7988 -19.3174 0.838854 -0.544357 0.000315502
-24.9551 22.8006 -19.8166 0.838656 -0.544661 0.000807975
-24.9665 22.7822 -20.4628 0.838385 -0.545078 0.000330367
-24.9946 22.7397 -21.0197 0.837827 -0.545936 -0.000508241
-25.2669 22.3217 -21.3484 0.838853 -0.544355 -0.00168431
-25.6398 21.7452 -21.2805 0.839839 -0.542831 -0.00216258
-25.9058 21.3321 -21.2948 0.840355 -0.542036 0.000803075
-26.1945 20.8832 -21.3015 0.840816 -0.541314 0.00267688
-26.5011 20.4075 -21.3098 0.840216 -0.542242 0.00336665
-26.6423 20.1913 -20.8794 0.841189 -0.540729 0.00357709
-26.6808 20.1365 -20.3628 0.840176 -0.542288 0.00495089
-26.6982 20.1136 -19.8522 0.839043 -0.54406 0.0023716
-26.6718 20.1555 -19.179 0.83931 -0.543653 0.000406144
-26.5181 20.3929 -18.8012 0.839602 -0.543203 0.000257725
-26.2175 20.8582 -18.7754 0.840397 -0.541971 0.000749094
-25.9535 21.2671 -18.7736 0.840184 -0.5423 0.00129722
-25.6596 21.7199 -18.7976 0.838003 -0.545654 0.0034723
