-8.57811 36.6692 19.8303 0.811856 -0.583851 0.00287647
-8.66202 36.5546 20.2239 0.811815 -0.583908 0.00293859
-8.95311 36.1495 20.1596 0.811944 -0.583732 0.00183448
-8.90344 36.2164 19.678 0.810661 -0.585507 0.00316613
-8.64806 36.5709 19.6645 0.811962 -0.583697 0.00385164
-8.6784 36.5251 19.1913 0.81229 -0.583236 0.00460973
-8.35482 36.9768 19.249 0.813212 -0.581952 0.00408996
-8.29243 37.0662 19.772 0.811872 -0.583828 0.002815
-8.29923 37.0591 20.2472 0.812123 -0.583475 0.00362234
-8.46037 36.8375 20.6855 0.812711 -0.582661 0.00251116
-8.87568 36.259 20.7145 0.812263 -0.58329 0.00143769
-9.17834 35.8373 20.627 0.812109 -0.583505 0.000547312
-9.25047 35.7365 20.0983 0.811243 -0.584708 0.00134835
-9.27911 35.6955 19.6045 0.810487 -0.585752 0.00208706
-9.17586 35.8369 19.214 0.809804 -0.586694 0.00275091
-8.78071 36.3827 19.1993 0.811285 -0.584629 0.00479395
-8.76244 36.4035 18.756 0.812177 -0.583366 0.00719662
-9.07706 35.9687 18.735 0.809005 -0.587726 0.00942795
-9.4295 35.4872 18.761 0.808909 -0.587916 -0.00466358
-9.57306 35.2888 19.2035 0.810041 -0.586373 -0.000565236
-9.55967 35.3075 19.7672 0.810737 -0.585411 0.000775121
-9.571 35.292 20.307 0.811067 -0.584952 -0.0011115
-9.55889 35.3067 20.7696 0.812626 -0.582782 -0.00205014
-9.40568 35.5194 21.1478 0.813167 -0.582025 -0.00239613
-9.12791 35.9088 21.1513 0.814235 -0.580525 0.0022426
-8.82112 36.3363 21.2085 0.81257 -0.582861 0.00163178
-8.5095 36.771 21.1999 0.812889 -0.582414 0.00232327
-8.24251 37.1433 21.1301 0.812741 -0.582621 0.00226541
-8.00868 37.4694 20.9455 0.813268 -0.581884 0.00226663
-7.99681 37.4828 20.4671 0.81317 -0.58201 0.00443457
-8.01916 37.447 20.0026 0.811095 -0.584913 0.00150952
-7.9818 37.4993 19.3778 0.815894 -0.578201 -6.36082e-05
-8.02257 37.4401 18.9053 0.816234 -0.577696 0.00541955
-8.33134 37.0065 18.7449 0.813694 -0.581276 0.00445198
-8.63664 36.5789 18.7424 0.812799 -0.582497 0.00736404
