-9.61706 37.2368 -20.156 0.286431 -0.9581 -0.000799989
-9.36003 37.3135 -19.6334 0.286167 -0.95818 -0.000164196
-9.01706 37.4157 -19.9283 0.285441 -0.958396 0.000600588
-9.21969 37.3552 -20.3964 0.285216 -0.958463 -0.00055186
-9.41907 37.2959 -20.3539 0.285215 -0.958464 -0.000559227
-9.45194 37.2864 -20.763 0.284792 -0.958589 -0.000839708
-8.84426 37.4665 -20.825 0.283622 -0.958935 0.000533775
-8.60167 37.5388 -20.4692 0.284899 -0.958557 0.00104518
-8.59902 37.5402 -19.8791 0.285481 -0.958384 0.000690165
-8.6005 37.5401 -19.4447 0.285399 -0.958408 0.00128833
-8.98967 37.4244 -19.2811 0.286659 -0.958032 0.000969606
-9.50958 37.2691 -19.2295 0.286392 -0.958112 0.00053267
-9.95821 37.1349 -19.3319 0.286306 -0.958138 0.000357972
-10.042 37.1097 -19.9524 0.28648 -0.958086 -0.000119276
-10.1248 37.0854 -20.4085 0.286407 -0.958107 -0.00144208
-9.78602 37.1869 -20.7565 0.285439 -0.958396 -0.00123255
-9.70484 37.211 -20.7521 0.285443 -0.958395 -0.00123534
-9.69216 37.2154 -21.2079 0.282265 -0.959336 -0.000596797
-10.1596 37.0771 -21.2364 0.283962 -0.958831 -0.00286994
-10.5318 36.9647 -20.9719 0.287524 -0.957767 -0.00355114
-10.5666 36.953 -20.3821 0.286801 -0.95799 -0.000643458
-10.4881 36.9763 -19.92 0.286894 -0.957962 -0.000104684
-10.5519 36.9578 -19.3193 0.284553 -0.958659 0.00055938
-10.2661 37.0427 -18.8878 0.286458 -0.958093 -0.000655439
-9.84544 37.1687 -18.8288 0.287074 -0.957908 -0.000125666
-9.37198 37.3106 -18.7946 0.28674 -0.958008 0.00085802
-8.92862 37.4433 -18.8616 0.286994 -0.957931 0.00164282
-8.5005 37.571 -18.8713 0.284948 -0.958539 0.00272779
-8.14455 37.6763 -19.1371 0.284304 -0.958732 0.00195393
-8.13273 37.6794 -19.6074 0.28512 -0.958491 0.000458168
-8.1863 37.663 -20.0696 0.2855 -0.958378 0.00140755
-8.14717 37.6735 -20.5977 0.284477 -0.95868 0.00232744
-8.17694 37.6632 -21.0873 0.282957 -0.95913 0.00203734
-8.75035 37.4933 -21.2705 0.28273 -0.959192 0.00358614
-9.17004 37.3698 -21.2999 0.283051 -0.959105 0.000201462
-9.57385 37.2505 -21.2087 0.284125 -0.958787 -0.000235477
