-26.3413 21.4455 -6.72428 0.831265 -0.553448 -0.0519053
-26.1105 21.7563 -6.33832 0.831706 -0.552851 -0.0511966
-26.0252 21.8223 -5.67439 0.832135 -0.552082 -0.052501
-26.1805 21.5622 -5.40197 0.83161 -0.552813 -0.0531201
-26.428 21.2327 -5.84584 0.831467 -0.55306 -0.0528031
-26.5127 21.1719 -6.5532 0.831266 -0.55344 -0.0519733
-26.5037 21.2117 -6.83289 0.831265 -0.553448 -0.0519053
-26.3768 21.4499 -7.33744 0.830989 -0.553779 -0.0527934
-26.6819 21.025 -7.69918 0.831918 -0.552495 -0.0515888
-26.84 20.7604 -7.41797 0.832339 -0.551863 -0.051559
-26.8229 20.7306 -6.82028 0.831817 -0.552674 -0.0513047
-26.7856 20.7241 -6.14687 0.831043 -0.553779 -0.0519325
-26.6872 20.8104 -5.49653 0.830821 -0.554087 -0.0521947
-26.3899 21.2142 -5.05699 0.830691 -0.554153 -0.0535487
-26.1062 21.6103 -4.75289 0.831543 -0.552764 -0.0546509
-25.7925 22.0605 -4.53032 0.831766 -0.552358 -0.0553752
-25.6885 22.2424 -4.77944 0.832174 -0.551684 -0.0559505
-25.7463 22.2186 -5.42373 0.832034 -0.552113 -0.0537649
-25.7538 22.2608 -5.98447 0.832713 -0.551306 -0.0514904
-25.8043 22.2373 -6.55227 0.832357 -0.552 -0.0497702
-26.0926 21.8491 -7.05108 0.831328 -0.553483 -0.0504889
-26.2562 21.6197 -7.22145 0.830988 -0.55378 -0.0527939
-26.1458 21.8311 -7.71571 0.829899 -0.555468 -0.0521865
-26.4432 21.4148 -8.01224 0.832592 -0.551185 -0.0546404
-26.7417 20.9978 -8.34339 0.833122 -0.549931 -0.0590189
-27.0626 20.5361 -8.62864 0.834279 -0.548944 -0.0513695
-27.1925 20.3029 -8.23709 0.832991 -0.551079 -0.0493803
-27.1641 20.294 -7.66961 0.833149 -0.550662 -0.051315
-27.129 20.2927 -7.07652 0.833119 -0.550834 -0.0499459
-27.1132 20.2593 -6.43938 0.830654 -0.554505 -0.0503896
-27.0564 20.2926 -5.87772 0.83102 -0.553782 -0.0522652
-26.9871 20.334 -5.20825 0.829653 -0.555896 -0.0515292
-26.7544 20.6445 -4.81329 0.83011 -0.554974 -0.0540571
-26.4649 21.0512 -4.54354 0.830716 -0.553993 -0.0547898
-26.1268 21.5265 -4.22188 0.831108 -0.553297 -0.0558668
-25.8107 21.9746 -3.9483 0.83156 -0.552648 -0.0555784
-25.4054 22.5406 -3.52109 0.830571 -0.554064 -0.0562576
-25.3321 22.7081 -4.08807 0.830896 -0.553583 -0.056193
-25.3685 22.7174 -4.70922 0.830727 -0.553648 -0.0580096
-25.455 22.651 -5.3426 0.832941 -0.550748 -0.0537122
-25.4445 22.7232 -5.92199 0.83392 -0.549427 -0.0520038
-25.4908 22.7046 -6.48876 0.83308 -0.551048 -0.0482032
-25.573 22.6368 -7.14828 0.831258 -0.553925 -0.0466715
-25.8877 22.193 -7.45972 0.830475 -0.554851 -0.0495019
-26.0782 21.9262 -7.65381 0.829899 -0.555468 -0.0521865
