10.4983 39.5307 20.2269 -0.112119 -0.993693 -0.00171045
10.5949 39.5206 19.796 -0.111907 -0.993717 -0.00167191
10.1652 39.569 19.6534 -0.111043 -0.993815 -0.00128868
9.84821 39.604 19.8556 -0.110462 -0.993879 -0.00185966
10.1017 39.5754 20.1623 -0.110599 -0.993864 -0.0012707
10.3227 39.5506 20.2102 -0.112081 -0.993698 -0.00159351
10.2951 39.5536 20.6397 -0.113284 -0.993561 0.00154636
9.84257 39.6038 20.6583 -0.109291 -0.994009 0.000814432
9.38494 39.6542 20.5338 -0.107697 -0.994184 -0.000316363
9.37168 39.6566 20.0733 -0.109891 -0.99394 -0.0023555
9.35469 39.6595 19.5484 -0.110585 -0.993865 -0.00184659
9.69339 39.6223 19.2105 -0.110897 -0.993832 -0.0007116
10.1584 39.5703 19.2304 -0.111146 -0.993803 -0.00149568
10.7004 39.5096 19.2574 -0.112416 -0.99366 -0.00134724
11.06 39.4688 19.4979 -0.110978 -0.993823 -0.000412269
11.1366 39.4595 19.952 -0.110465 -0.993877 -0.00231701
11.1016 39.4618 20.4416 -0.113743 -0.993505 -0.00328836
10.8275 39.4918 20.8016 -0.116189 -0.993218 -0.00319353
10.3864 39.5434 20.7893 -0.113284 -0.993561 0.00154636
10.2297 39.5622 21.1993 -0.111469 -0.993664 0.00459938
9.78396 39.611 21.1578 -0.109851 -0.993944 0.00287275
9.33453 39.6598 21.144 -0.103525 -0.994618 0.0042942
8.91253 39.7038 20.9068 -0.105644 -0.994403 -0.00150121
8.8773 39.709 20.4583 -0.107775 -0.994164 -0.0046311
8.92424 39.7062 19.9796 -0.110886 -0.993828 -0.00308285
8.90553 39.7109 19.4365 -0.113687 -0.993501 -0.00513014
8.93284 39.7089 18.9533 -0.115585 -0.993298 -9.02061e-06
9.38703 39.6567 18.8042 -0.111256 -0.993788 0.000712088
9.92878 39.5966 18.738 -0.110061 -0.993924 -0.00127701
10.3633 39.5482 18.793 -0.111255 -0.993789 -0.00226447
10.8521 39.4925 18.7681 -0.114269 -0.993448 -0.00100985
11.3652 39.4343 18.7964 -0.11162 -0.993751 0.000955599
11.5357 39.4156 19.1908 -0.11073 -0.99385 0.00113305
11.5615 39.4127 19.6754 -0.110484 -0.993877 -0.000850467
11.5587 39.4112 20.3527 -0.108842 -0.994052 -0.003693
11.536 39.4086 20.8913 -0.116359 -0.99318 -0.00728639
11.1662 39.4503 21.1711 -0.117876 -0.993001 -0.00742949
10.7244 39.5032 21.2353 -0.119987 -0.99276 -0.00467805
10.3966 39.5423 21.2637 -0.117078 -0.99312 -0.00125328
