-9.72935 38.0771 20.2369 0.813734 -0.581237 0.000260918
-9.49118 38.4105 19.9443 0.814049 -0.580796 2.94701e-05
-9.69807 38.1208 19.6681 0.813826 -0.581108 -0.000162751
-9.97921 37.727 19.7872 0.813891 -0.581017 0.000195236
-9.93719 37.7862 20.1299 0.813657 -0.581345 0.000306749
-10.2347 37.3694 20.1956 0.814121 -0.580695 0.000158972
-10.2512 37.3459 19.5442 0.814061 -0.580779 0.000221497
-10.0239 37.6645 19.2284 0.81431 -0.580429 -0.000910371
-9.62637 38.2216 19.2343 0.813594 -0.581433 -0.00103914
-9.30614 38.6698 19.3194 0.814288 -0.580459 0.00108186
-9.22784 38.78 19.9417 0.814732 -0.579837 -5.5461e-05
-9.29644 38.6836 20.4915 0.814374 -0.58034 -0.000551258
-9.61108 38.2428 20.6869 0.813532 -0.58152 4.2815e-05
-9.98233 37.7235 20.6604 0.813565 -0.581473 0.000933494
-10.2271 37.38 20.4559 0.814548 -0.580091 0.00157
-10.5148 36.9763 20.3786 0.81516 -0.579231 -0.00148199
-10.4453 37.076 20.9827 0.81708 -0.576513 0.00356263
-10.0628 37.6127 21.1325 0.811422 -0.584454 0.00215179
-9.66686 38.165 21.1441 0.813256 -0.581906 -2.25186e-05
-9.3504 38.6074 21.1053 0.813636 -0.581373 -0.00110585
-9.00277 39.0936 21.0664 0.813159 -0.582038 -0.0018164
-8.9759 39.1333 20.3823 0.815693 -0.578483 -0.00159698
-8.97211 39.1397 19.8728 0.815257 -0.5791 -0.000585029
-8.97092 39.141 19.3481 0.816624 -0.577164 0.001811
-9.07086 38.9986 18.825 0.814684 -0.579904 0.0016405
-9.37729 38.5704 18.7326 0.812679 -0.582708 -0.00139815
-9.69976 38.1196 18.8072 0.813103 -0.582119 -0.00114576
-9.99279 37.7086 18.762 0.815427 -0.578858 -0.00150096
-10.3709 37.176 18.788 0.815129 -0.579276 0.000958655
-10.5256 36.9614 19.1906 0.813066 -0.582169 0.00120702
-10.5236 36.9647 19.7285 0.813612 -0.581408 0.000412707
-10.5095 36.9838 20.1319 0.814613 -0.580005 -0.000242837
