-10.4476 38.5031 -20.0361 0.294741 -0.955576 0.000919241
-10.0897 38.6135 -20.461 0.294664 -0.955601 0.000378532
-9.80421 38.7015 -20.2419 0.294274 -0.955721 0.000427443
-9.88554 38.6767 -19.7148 0.294139 -0.955762 0.00114834
-10.4305 38.5087 -19.8404 0.294445 -0.955667 0.00151246
-10.8407 38.382 -19.812 0.295654 -0.955294 0.00159331
-10.7394 38.414 -19.3821 0.295296 -0.955404 0.00183061
-10.3568 38.5326 -19.2623 0.294782 -0.955561 0.00251419
-9.80379 38.7028 -19.2597 0.294118 -0.955765 0.00274498
-9.44604 38.8123 -19.4456 0.292271 -0.956332 0.00263496
-9.291 38.8592 -19.9673 0.292468 -0.956275 0.000846109
-9.36745 38.8359 -20.6 0.293084 -0.956087 -0.000346214
-9.76294 38.7143 -20.8343 0.294422 -0.955671 -0.00210452
-10.2436 38.5656 -20.8483 0.297528 -0.954711 -0.000607905
-10.6473 38.4405 -20.7619 0.29686 -0.95492 0.00106911
-10.8453 38.3797 -20.2717 0.295939 -0.955206 0.00140723
-10.8427 38.3811 -19.949 0.295821 -0.955242 0.00177518
-11.2498 38.255 -19.9487 0.296062 -0.955167 0.00170881
-11.2601 38.2509 -20.3963 0.295681 -0.955282 0.0031105
-11.275 38.2445 -20.8416 0.299687 -0.954027 0.00416203
-11.0411 38.3172 -21.1984 0.300174 -0.953882 0.00115668
-10.5804 38.4611 -21.2398 0.292919 -0.95612 0.000353544
-10.0694 38.621 -21.2588 0.30012 -0.953889 -0.000586396
-9.58512 38.7701 -21.2646 0.292615 -0.956226 -0.0027367
-9.10464 38.9168 -21.1264 0.293049 -0.956097 -0.000649094
-8.90728 38.9771 -20.7952 0.292752 -0.956188 -0.000264006
-8.89809 38.9792 -20.2792 0.290602 -0.956841 -0.00161098
-8.89636 38.9803 -19.587 0.292 -0.956417 0.00139675
-8.96951 38.9589 -19.1123 0.291824 -0.956467 0.00299821
-9.31601 38.8539 -18.8865 0.289932 -0.957037 0.00394737
-9.72772 38.7273 -18.8215 0.294111 -0.95577 0.0018003
-10.2098 38.5793 -18.8374 0.293848 -0.955843 0.00354169
-10.6404 38.4461 -18.8395 0.297699 -0.954651 0.00284873
-11.0604 38.3154 -18.846 0.295824 -0.955242 -0.0010743
-11.2233 38.2647 -19.2579 0.295103 -0.955465 0.00105376
-11.2421 38.2583 -19.6273 0.295524 -0.955331 0.00275527
