10.157 38.7215 -20.2343 -0.783889 -0.6209 0.0011297
9.98582 38.9374 -19.7618 -0.782712 -0.622384 -0.000469454
9.71798 39.2742 -19.9128 -0.783178 -0.621794 -0.00210146
9.96015 38.97 -20.3727 -0.784117 -0.620613 0.000286019
10.0871 38.8096 -20.348 -0.78412 -0.620608 0.000616332
10.1144 38.7748 -20.798 -0.784324 -0.620352 -2.95748e-05
9.77184 39.2079 -20.7923 -0.784166 -0.620551 -0.000885122
9.43748 39.6302 -20.589 -0.784394 -0.62026 -0.00132023
9.39805 39.6776 -20.0858 -0.78285 -0.622207 -0.00205876
9.43487 39.6291 -19.5205 -0.78235 -0.62283 -0.00318474
9.70755 39.2861 -19.3433 -0.78225 -0.62296 -0.00249952
9.99755 38.9234 -19.3336 -0.781661 -0.623701 0.0010362
10.2993 38.5439 -19.3861 -0.783025 -0.621989 0.0015802
10.4315 38.376 -19.7737 -0.783606 -0.621252 0.00259246
10.4407 38.3627 -20.3364 -0.784289 -0.620392 0.00201839
10.3183 38.517 -20.7454 -0.784115 -0.620615 0.000619511
10.2188 38.6429 -20.7757 -0.784313 -0.620366 0.000150102
10.2272 38.632 -21.241 -0.784581 -0.620026 0.000620079
9.84104 39.1207 -21.2407 -0.784534 -0.620085 -0.000598792
9.52481 39.5206 -21.2109 -0.783782 -0.621032 -0.00197592
9.19521 39.9368 -21.1584 -0.78445 -0.620192 0.000676782
9.10293 40.0529 -20.5193 -0.786298 -0.617843 -0.00238071
9.10925 40.0419 -19.9544 -0.784273 -0.620402 -0.00413365
9.1168 40.0276 -19.4086 -0.781851 -0.623439 -0.00579118
9.19981 39.9195 -19.0078 -0.781838 -0.623442 -0.0069105
9.66688 39.3383 -18.8776 -0.778618 -0.627477 0.000301001
10.0359 38.8766 -18.9079 -0.780626 -0.624983 0.00422851
10.3932 38.427 -18.8441 -0.783121 -0.621867 0.00165492
10.6466 38.107 -19.0612 -0.783488 -0.621405 0.00175262
10.7106 38.0237 -19.7337 -0.784154 -0.620559 0.00298545
10.7223 38.0068 -20.2964 -0.784471 -0.620162 0.00202766
10.6884 38.048 -20.7774 -0.785685 -0.618625 0.0012792
10.5774 38.1884 -21.1936 -0.785544 -0.618806 0.000519182
10.2922 38.5497 -21.243 -0.784583 -0.620024 0.000623368
