-10.0864 39.4058 20.0716 0.816312 -0.577609 -0.00150309
-10.2421 39.1863 19.7354 0.816278 -0.577659 -0.00104782
-10.5329 38.7753 19.9548 0.81605 -0.577981 -0.000209631
-10.2919 39.1149 20.2758 0.815819 -0.578307 -0.000882138
-10.157 39.3058 20.1759 0.816313 -0.577607 -0.00149756
-10.0882 39.4014 20.6864 0.815999 -0.578051 -0.00150394
-10.3855 38.9821 20.71 0.815603 -0.57861 -0.00122553
-10.7232 38.5071 20.6633 0.814882 -0.579626 -0.00104717
-10.8072 38.389 20.0238 0.81547 -0.578799 0.000318289
-10.8264 38.3616 19.372 0.815233 -0.579133 0.000199851
-10.5192 38.7941 19.2583 0.815707 -0.578465 0.000855247
-10.1994 39.2469 19.2582 0.817697 -0.575648 0.000201796
-9.83965 39.7573 19.4874 0.817417 -0.576041 -0.0024646
-9.81865 39.7845 19.9945 0.816826 -0.576876 -0.00283525
-9.8491 39.7391 20.5253 0.815512 -0.578732 -0.00284494
-10.0122 39.5087 20.6608 0.815782 -0.578356 -0.00183522
-9.96543 39.573 21.1329 0.815545 -0.578689 -0.00202538
-9.64918 40.0181 21.0925 0.814866 -0.579645 -0.00216994
-9.56225 40.1435 20.562 0.815444 -0.578802 -0.00586877
-9.56802 40.1391 20.0303 0.816448 -0.577404 -0.00409349
-9.56926 40.1433 19.4653 0.820452 -0.571691 -0.00530461
-9.59867 40.1048 18.8755 0.819972 -0.572401 -0.00118057
-9.91081 39.6585 18.7647 0.819093 -0.57366 -0.00118483
-10.2097 39.232 18.793 0.818606 -0.574356 7.49316e-09
-10.5312 38.7759 18.7896 0.815537 -0.578703 0.00167831
-10.8392 38.3437 18.7731 0.813558 -0.581482 -0.0010004
-11.0986 37.9786 19.0668 0.814996 -0.579467 -0.000466194
-11.113 37.958 19.5988 0.815525 -0.578721 -3.03485e-05
-11.0981 37.9797 20.138 0.815245 -0.579116 0.000528517
-11.087 37.9974 20.7832 0.813581 -0.581447 0.00205251
-10.938 38.2061 21.1377 0.812773 -0.58258 -0.00118049
-10.6072 38.6682 21.1271 0.81418 -0.580602 -0.00354011
-10.2972 39.1056 21.154 0.815589 -0.57863 -0.00125537
-10.0655 39.4319 21.132 0.815549 -0.578684 -0.00202763
