-34.0781 21.0515 -20.0268 0.838757 -0.544506 -0.000183747
-33.7446 21.5652 -19.7522 0.83877 -0.544486 -0.000698174
-33.5139 21.9208 -19.8793 0.838867 -0.544336 -0.00079114
-33.6646 21.6891 -20.2654 0.839172 -0.543866 -0.00049951
-33.994 21.1813 -20.2952 0.838821 -0.544407 -0.000291266
-34.0431 21.1058 -20.7418 0.83884 -0.544377 -0.000320656
-34.2922 20.7221 -20.6834 0.838642 -0.544683 -0.000212069
-34.3264 20.6693 -20.0548 0.838526 -0.544861 -0.000152232
-34.3099 20.6945 -19.5287 0.838681 -0.544623 -6.77424e-05
-34.0819 21.0455 -19.3262 0.838558 -0.544812 -0.0003857
-33.8316 21.4308 -19.324 0.838624 -0.544711 -0.000367603
-33.5533 21.8594 -19.3056 0.838605 -0.54474 -0.00075653
-33.3173 22.2229 -19.4292 0.838675 -0.544631 -0.00151166
-33.2411 22.3413 -19.8902 0.839246 -0.54375 -0.0013674
-33.2635 22.3081 -20.4206 0.839309 -0.543653 -0.00113085
-33.487 21.9637 -20.7637 0.839242 -0.543758 -0.000486619
-33.7548 21.5504 -20.7503 0.839152 -0.543897 -0.000401154
-33.9155 21.3025 -20.7393 0.838839 -0.544379 -0.000320402
-33.9243 21.2891 -21.1942 0.839097 -0.543981 -0.00023088
-34.1859 20.885 -21.2303 0.839372 -0.543554 0.0021264
-34.5168 20.3755 -21.1875 0.83843 -0.545003 0.00255341
-34.5825 20.2759 -20.5524 0.83779 -0.545992 -0.000163924
-34.5889 20.2651 -20.0449 0.838456 -0.544968 -0.00104923
-34.5841 20.2722 -19.4591 0.839188 -0.54384 0.00104767
-34.4685 20.4516 -18.9356 0.838371 -0.545099 0.000967946
-34.2156 20.8399 -18.8696 0.837754 -0.546046 0.000234154
-33.9019 21.3222 -18.8697 0.838644 -0.54468 -0.000465285
-33.6293 21.7419 -18.8266 0.838795 -0.544447 -0.000221561
-33.3476 22.1755 -18.862 0.838044 -0.545601 -0.000527207
-33.0149 22.6866 -19.047 0.837732 -0.54608 -0.00101607
-33.0011 22.7093 -19.5 0.83851 -0.544878 -0.0030014
-32.981 22.7435 -20.1117 0.839354 -0.543584 -0.00127078
-33.0059 22.7062 -20.6081 0.839372 -0.543556 -0.00117195
-33.084 22.5865 -21.1849 0.839195 -0.543831 -0.000454415
-33.3515 22.1735 -21.2359 0.839498 -0.543361 -0.00147939
-33.6337 21.7374 -21.2222 0.839187 -0.543843 0.000844882
-33.8501 21.4036 -21.1964 0.839093 -0.543987 -0.000199178
