12.724 44.1516 20.2131 -0.128932 -0.991651 0.00200729
13.221 44.0869 19.9454 -0.129888 -0.991529 0.000204365
12.9905 44.1167 19.6913 -0.127242 -0.991872 0.000364986
12.52 44.177 19.695 -0.128086 -0.991762 0.00119076
12.5095 44.1789 19.9579 -0.128931 -0.991652 0.00201192
12.081 44.2339 20.0976 -0.125542 -0.992086 0.0022422
12.0012 44.2428 19.5451 -0.125705 -0.992066 0.00181076
12.2707 44.2085 19.2146 -0.122133 -0.992514 -0.000606928
12.7716 44.1452 19.2127 -0.128064 -0.991763 -0.00228421
13.291 44.0781 19.2165 -0.129252 -0.991607 -0.00302072
13.6702 44.0281 19.3982 -0.130758 -0.991414 -0.000668031
13.6822 44.0263 20.004 -0.130489 -0.99145 0.0002553
13.6518 44.0308 20.5159 -0.131365 -0.991332 0.00185576
13.1874 44.0927 20.7198 -0.13063 -0.991424 0.00365667
12.4813 44.1847 20.6684 -0.128648 -0.991681 0.00420559
12.083 44.2353 20.53 -0.126763 -0.991924 0.00428507
12.0752 44.2356 20.3621 -0.126751 -0.991926 0.00403288
11.623 44.2933 20.3306 -0.12777 -0.991771 0.00750744
11.535 44.3068 20.8026 -0.127209 -0.991865 0.00468228
11.7861 44.2757 21.1363 -0.126078 -0.992014 0.00342804
12.2866 44.2119 21.1498 -0.126538 -0.991942 0.00603949
12.9306 44.1281 21.1068 -0.129311 -0.991593 0.00475164
13.4014 44.0671 21.1865 -0.129888 -0.991514 0.00530232
13.9937 43.9855 21.1491 -0.139861 -0.990171 -0.000714319
14.1897 43.9595 20.6782 -0.131193 -0.99135 -0.00367154
14.1808 43.9604 20.2048 -0.130633 -0.991423 0.00396209
14.1762 43.9614 19.6686 -0.12994 -0.99152 -0.00135613
14.1555 43.9645 19.0331 -0.134603 -0.990898 -0.00172458
13.7224 44.0229 18.7712 -0.130749 -0.991406 -0.00416125
13.1792 44.0941 18.7549 -0.128885 -0.991652 -0.00382096
12.7031 44.1556 18.7776 -0.129854 -0.991518 -0.00520146
12.0785 44.2318 18.7971 -0.119871 -0.992776 0.00106272
11.5452 44.2992 18.9458 -0.125354 -0.99211 0.0022238
11.5376 44.3014 19.5082 -0.125247 -0.992124 0.00200297
11.6304 44.2911 20.0618 -0.124807 -0.992174 0.00367605
11.6332 44.2911 20.1481 -0.124803 -0.992175 0.0036682
