36.1892 21.6914 -18.1109 -0.829884 -0.557288 0.0268661
36.1365 21.7349 -18.8799 -0.828681 -0.559192 0.0243482
36.0966 21.77 -19.4885 -0.828246 -0.560039 0.0191015
36.3971 21.3119 -19.9241 -0.827943 -0.56055 0.0171723
36.4276 21.2879 -19.2758 -0.827837 -0.560642 0.0191416
36.4874 21.2245 -18.6326 -0.829979 -0.557266 0.0242924
36.4883 21.2504 -18.0264 -0.829425 -0.55801 0.0260553
36.5143 21.2397 -17.4333 -0.829843 -0.557401 0.0257744
36.2506 21.6521 -16.9894 -0.831596 -0.554921 0.0225011
36.2015 21.6986 -17.5903 -0.831644 -0.554656 0.0269205
36.1825 21.7123 -17.8842 -0.829884 -0.557288 0.0268641
35.8589 22.1947 -17.9223 -0.831076 -0.555359 0.0298158
35.8439 22.182 -18.5918 -0.828885 -0.558798 0.026348
35.7726 22.2584 -19.2618 -0.828447 -0.559615 0.0225057
35.78 22.2241 -19.9018 -0.828502 -0.559606 0.0206562
35.8468 22.1045 -20.509 -0.826799 -0.562159 0.0195335
36.2712 21.4806 -20.5386 -0.826047 -0.56343 0.0138582
36.622 20.9654 -20.5623 -0.825628 -0.564095 0.0116231
36.7148 20.8437 -19.9443 -0.827607 -0.561112 0.0148034
36.7749 20.779 -19.1522 -0.828442 -0.559742 0.019302
36.81 20.7497 -18.5158 -0.829609 -0.557902 0.0222371
36.8158 20.7711 -17.8494 -0.82997 -0.55715 0.0271024
36.8319 20.7795 -17.1891 -0.827515 -0.560744 0.0280332
36.6314 21.103 -16.6053 -0.82593 -0.563129 0.0269482
36.2863 21.6227 -16.3217 -0.830016 -0.557498 0.0163491
35.9697 22.0967 -16.1531 -0.831369 -0.555678 0.00530629
35.9016 22.1852 -16.777 -0.833827 -0.551765 0.0165556
35.8446 22.2464 -17.3559 -0.833559 -0.551802 0.0263297
35.8603 22.1988 -17.8042 -0.83136 -0.555005 0.0284621
35.5347 22.6862 -17.8425 -0.833513 -0.551434 0.0342962
35.4955 22.7004 -18.4968 -0.827221 -0.560638 0.0372986
35.439 22.7555 -19.1942 -0.829171 -0.558622 0.0203448
35.4576 22.7058 -19.7907 -0.828753 -0.559228 0.0207993
35.435 22.7112 -20.4988 -0.826852 -0.561947 0.023075
35.7018 22.2975 -21.1463 -0.826149 -0.563167 0.0178966
36.093 21.7253 -21.1397 -0.82567 -0.563936 0.0156375
36.4194 21.2479 -21.2007 -0.823383 -0.567383 0.0107409
36.7841 20.7188 -21.1527 -0.824505 -0.565816 0.00663087
37.0453 20.3428 -20.8228 -0.824803 -0.565355 0.00858499
37.0851 20.2928 -20.2241 -0.82622 -0.563267 0.00901626
37.0941 20.2945 -19.5695 -0.827678 -0.560991 0.0154273
37.1047 20.2965 -18.8992 -0.832493 -0.553782 0.0166351
37.1422 20.2634 -18.268 -0.832189 -0.554009 0.0231202
37.135 20.3028 -17.6711 -0.83145 -0.554683 0.0317794
37.1566 20.3025 -17.08 -0.831314 -0.554997 0.0295971
37.1 20.428 -16.3767 -0.822738 -0.567095 0.0388008
36.7735 20.9175 -16.0611 -0.824435 -0.565457 0.0235999
36.4524 21.3857 -15.8177 -0.827093 -0.56202 0.00393665
36.1082 21.8923 -15.5692 -0.829249 -0.558711 -0.0136964
35.7804 22.3743 -15.324 -0.831431 -0.555442 -0.0143779
35.6129 22.636 -15.6886 -0.833336 -0.552646 -0.00806228
35.5796 22.6872 -16.3617 -0.837037 -0.547119 0.00335964
35.5581 22.7021 -16.9459 -0.837828 -0.545278 0.0267538
35.5279 22.7145 -17.5456 -0.837051 -0.545914 0.0356306
35.5284 22.7049 -17.695 -0.833438 -0.551583 0.0337096
37.4716 21.9106 19.7526 -0.821406 -0.570256 -0.00962502
37.8288 21.3916 19.8954 -0.82449 -0.565862 -0.00408371
37.932 21.2476 19.2439 -0.826363 -0.563085 -0.00741407
37.8506 21.3715 18.8681 -0.828258 -0.560259 -0.00996712
37.6001 21.7316 19.3665 -0.825349 -0.564551 -0.00905656
37.5442 21.811 19.5149 -0.82355 -0.567133 -0.010633
37.2444 22.2485 19.2099 -0.819514 -0.572941 -0.0116139
37.096 22.448 19.8626 -0.818753 -0.574066 -0.00938373
37.1899 22.3055 20.46 -0.819664 -0.572792 -0.00776646
37.604 21.7126 20.4344 -0.821194 -0.570642 -0.00285217
37.9488 21.2141 20.516 -0.823273 -0.56764 -0.00263046
38.2326 20.8017 20.0955 -0.826694 -0.56265 -0.000265166
38.2494 20.7788 19.3295 -0.827964 -0.560774 -0.00276801
38.2289 20.8128 18.7106 -0.829815 -0.558034 -0.00214346
38.228 20.8169 18.0599 -0.833979 -0.551784 -0.00265403
38.2314 20.812 17.3763 -0.836535 -0.547908 0.00234527
38.2281 20.8103 16.7129 -0.838153 -0.545379 0.00780567
38.2038 20.8357 16.067 -0.840191 -0.542142 0.0124841
38.1927 20.8248 15.1987 -0.842843 -0.537742 0.0211178
38.1762 20.82 14.4709 -0.843793 -0.536004 0.0267091
38.1762 20.7863 13.8251 -0.843092 -0.537029 0.028188
38.1606 20.7705 13.0929 -0.843202 -0.536734 0.0304508
38.1246 20.7899 12.4551 -0.843228 -0.536622 0.0316828
38.0622 20.8511 11.834 -0.843471 -0.536212 0.0321388
38.0442 20.8272 10.988 -0.84363 -0.535889 0.033336
38.0211 20.8174 10.2605 -0.843923 -0.535368 0.034275
37.9947 20.814 9.56045 -0.843948 -0.535322 0.0343804
37.8779 20.9475 8.76699 -0.843896 -0.535426 0.0340314
37.8571 20.9447 8.20135 -0.844586 -0.534371 0.0334893
37.899 20.8438 7.64003 -0.84479 -0.534085 0.0328909
37.8767 20.8439 7.06692 -0.84471 -0.534249 0.0323053
37.8502 20.8475 6.42812 -0.844713 -0.534278 0.031731
37.8248 20.8516 5.82045 -0.844819 -0.534089 0.0320815
37.7882 20.8781 5.30348 -0.844823 -0.534025 0.0330218
37.7061 21.0197 5.49633 -0.845464 -0.533065 0.0321274
37.7709 20.9462 5.97723 -0.844787 -0.534153 0.0318633
37.7726 20.982 6.62549 -0.844711 -0.534281 0.0317465
37.7194 21.1023 7.22455 -0.844848 -0.533999 0.032822
37.7356 21.1211 7.94721 -0.844799 -0.534071 0.0329138
37.725 21.1755 8.55705 -0.844055 -0.535229 0.0331866
37.7347 21.209 9.32907 -0.843849 -0.535487 0.0342326
37.7082 21.299 10.0823 -0.843966 -0.535306 0.0341869
37.7297 21.3119 10.8188 -0.843902 -0.535448 0.0335373
37.7291 21.3617 11.6157 -0.843377 -0.536362 0.0321179
37.7185 21.4163 12.2565 -0.843114 -0.536808 0.0315626
37.7394 21.4217 12.9109 -0.84308 -0.536896 0.0309518
37.7482 21.4526 13.6872 -0.843723 -0.535945 0.0298844
37.7877 21.4309 14.4315 -0.844952 -0.534099 0.0281832
37.7591 21.503 15.0582 -0.84482 -0.534706 0.0192069
37.7248 21.5754 15.7047 -0.842195 -0.53904 0.0119773
37.7184 21.5955 16.3813 -0.841299 -0.540549 0.00432409
37.7412 21.5604 17.0362 -0.83694 -0.547208 -0.0083266
37.7075 21.6041 17.7052 -0.832594 -0.553841 -0.0068772
37.6338 21.7021 18.3459 -0.830167 -0.557355 -0.0133681
37.3836 22.0573 18.8873 -0.823114 -0.567487 -0.0196012
37.3517 22.1008 18.9404 -0.819757 -0.572425 -0.0176463
37.0407 22.5503 18.6744 -0.80894 -0.587531 -0.00954342
37.2975 22.205 18.2297 -0.818182 -0.574043 -0.0312621
37.3803 22.1016 17.5404 -0.834551 -0.55026 -0.0254547
37.3919 22.1035 16.8666 -0.843493 -0.537071 -0.00822263
37.3665 22.1455 16.2074 -0.84552 -0.53394 0.00219943
37.413 22.0626 15.4657 -0.845527 -0.533801 0.0117807
37.4162 22.0395 14.8335 -0.84632 -0.532387 0.0174974
37.4042 22.0174 14.0671 -0.844891 -0.533815 0.0345436
37.4097 21.9689 13.4218 -0.842627 -0.537571 0.0315901
37.4155 21.9241 12.814 -0.842011 -0.538548 0.0313602
37.4122 21.8877 12.0889 -0.842616 -0.537639 0.0306903
37.41 21.8517 11.4086 -0.844648 -0.534356 0.0321112
37.4132 21.8075 10.7579 -0.844673 -0.534274 0.0328196
37.403 21.7786 10.055 -0.844481 -0.534455 0.0347729
37.4049 21.7358 9.44322 -0.842236 -0.537951 0.0353334
37.4081 21.6918 8.83441 -0.842268 -0.538053 0.0329159
37.4129 21.6407 8.08863 -0.845044 -0.533779 0.0312895
37.3972 21.6236 7.4095 -0.844825 -0.533978 0.0337341
37.4045 21.5732 6.78026 -0.844402 -0.534727 0.0324433
37.4194 21.5113 6.1362 -0.844577 -0.534497 0.0316696
37.3919 21.5144 5.44141 -0.845106 -0.53373 0.0304675
37.4202 21.4221 4.6709 -0.847713 -0.529101 0.0376582
37.4008 21.4048 4.02412 -0.8443 -0.534467 0.038754
37.3982 21.3557 3.28858 -0.843294 -0.536029 0.0390956
37.4102 21.2879 2.54413 -0.843191 -0.536829 0.0290378
37.404 21.2648 1.93239 -0.847296 -0.530352 0.0285101
37.3745 21.2716 1.25185 -0.846103 -0.531976 0.033338
37.4048 21.1743 0.478206 -0.844714 -0.534182 0.0332873
37.4094 21.1212 -0.264975 -0.844419 -0.534694 0.0325367
37.4279 21.0522 -0.93483 -0.845028 -0.533907 0.0294367
37.4588 20.9626 -1.6552 -0.847168 -0.530373 0.0317867
37.4289 20.9657 -2.34425 -0.846068 -0.531871 0.0358073
37.4311 20.9214 -2.95096 -0.845345 -0.533014 0.0358905
37.4198 20.8958 -3.5965 -0.844902 -0.533729 0.0356751
37.4058 20.876 -4.24101 -0.845443 -0.532984 0.0339575
37.4133 20.824 -4.87807 -0.846188 -0.531888 0.0325555
37.4133 20.7833 -5.50155 -0.846986 -0.530393 0.0360006
37.4201 20.7226 -6.26354 -0.846926 -0.530618 0.0340667
37.4107 20.6973 -6.90231 -0.846957 -0.530635 0.0330119
37.3887 20.6874 -7.62556 -0.847388 -0.529884 0.0339929
37.3907 20.6448 -8.25745 -0.845823 -0.532509 0.0318745
37.4033 20.5893 -8.88101 -0.845796 -0.532705 0.0292515
37.4385 20.4966 -9.55652 -0.846911 -0.53095 0.0288851
37.3904 20.5399 -10.1315 -0.848553 -0.528109 0.0325234
37.3973 20.4857 -10.757 -0.849927 -0.525523 0.0376596
37.4224 20.4034 -11.27 -0.847341 -0.529295 0.0431331
37.3527 20.4527 -12.017 -0.845881 -0.531461 0.0450997
37.4546 20.299 -11.9144 -0.846442 -0.530631 0.0443561
37.4844 20.3134 -11.1584 -0.84717 -0.529585 0.0429274
37.5092 20.3249 -10.5146 -0.848027 -0.528701 0.0362171
37.5443 20.31 -9.86542 -0.847182 -0.530361 0.0316215
37.5885 20.2736 -9.25908 -0.846648 -0.531361 0.0290377
37.5652 20.3468 -8.60722 -0.846648 -0.531322 0.0297191
37.5983 20.3361 -7.90242 -0.846749 -0.530956 0.0332068
37.6308 20.3254 -7.23591 -0.846995 -0.530619 0.0322965
37.6647 20.308 -6.62593 -0.847409 -0.530047 0.0307688
37.6991 20.2973 -5.94105 -0.847533 -0.529552 0.0355206
37.7231 20.3057 -5.25079 -0.847003 -0.530322 0.0366646
37.7503 20.3118 -4.50111 -0.846233 -0.531699 0.0344191
37.7584 20.3449 -3.79662 -0.84628 -0.531544 0.035647
37.7838 20.3512 -3.10926 -0.845626 -0.532505 0.0368015
37.8294 20.3211 -2.48566 -0.84466 -0.534169 0.0348103
37.8383 20.3463 -1.85698 -0.845806 -0.532508 0.0323533
37.8729 20.3297 -1.21913 -0.845796 -0.532598 0.0311199
37.9037 20.3177 -0.590148 -0.846916 -0.530671 0.0334766
37.9351 20.3133 0.119941 -0.844553 -0.534301 0.0353763
37.9616 20.3129 0.801652 -0.844903 -0.533992 0.0314906
37.9753 20.3278 1.42065 -0.84584 -0.532539 0.0309147
38.0084 20.3135 2.05898 -0.84597 -0.532248 0.0323434
38.0268 20.3283 2.74764 -0.844742 -0.534082 0.0341616
38.0446 20.3472 3.43409 -0.84475 -0.533802 0.0381084
38.0891 20.3241 4.09038 -0.843429 -0.536009 0.0363519
38.1154 20.3236 4.71239 -0.844335 -0.534729 0.0340918
38.1322 20.3383 5.37775 -0.844519 -0.534527 0.0326862
38.1625 20.3411 6.21187 -0.844408 -0.534735 0.0321506
38.1869 20.3422 6.87765 -0.844599 -0.534441 0.0320214
38.2017 20.3628 7.60969 -0.845307 -0.533286 0.0325844
38.2303 20.3632 8.32651 -0.844405 -0.534576 0.0347592
38.2729 20.341 9.02487 -0.844034 -0.535196 0.0342349
38.3201 20.3154 9.78524 -0.843923 -0.535348 0.0345912
38.3531 20.3048 10.4229 -0.843059 -0.536633 0.0356844
38.3579 20.3457 11.1809 -0.843348 -0.536311 0.033673
38.4124 20.3038 11.8934 -0.843629 -0.535963 0.0321552
38.4427 20.2953 12.5467 -0.843734 -0.535821 0.0317603
38.4574 20.3115 13.2108 -0.841989 -0.538604 0.0308623
38.4982 20.2835 13.867 -0.843041 -0.537008 0.0300632
38.5009 20.3128 14.5094 -0.842006 -0.538795 0.0269559
38.5299 20.2998 15.2221 -0.840829 -0.540824 0.0227099
38.5161 20.3438 15.8321 -0.840976 -0.540756 0.0184861
38.548 20.3141 16.509 -0.836917 -0.547182 0.0126081
38.5476 20.3277 17.1852 -0.834229 -0.55137 0.00729518
38.5631 20.3104 17.962 -0.836796 -0.547408 0.0094741
38.5622 20.3152 18.5869 -0.831575 -0.555412 0.000974638
38.5694 20.304 19.3915 -0.829865 -0.557962 7.12989e-05
38.5641 20.3129 20.0856 -0.829023 -0.559214 0.000533661
38.5705 20.3077 20.7576 -0.827881 -0.560882 -0.00081208
38.2973 20.7118 21.0663 -0.825042 -0.565028 0.00625994
37.9205 21.2548 21.1257 -0.820312 -0.571915 -0.00116105
37.5249 21.823 21.0501 -0.821853 -0.569694 0.00101217
37.1515 22.3501 21.0998 -0.816964 -0.576558 -0.0108941
36.8599 22.7747 20.834 -0.821035 -0.570846 -0.00584711
36.757 22.9262 20.254 -0.815426 -0.578828 -0.00616233
36.7747 22.9098 19.6338 -0.81849 -0.574437 -0.00985039
36.8956 22.7504 19.0588 -0.818637 -0.573942 -0.0202558
36.9442 22.6878 18.8276 -0.818112 -0.574924 -0.00687125
