-57.4472 17.8938 -11.2677 -0.104706 0.99446 0.00548768
-57.5489 17.8928 -12.3326 -0.105707 0.994349 0.00976037
-57.7421 17.878 -13.4486 -0.103009 0.994675 0.00333126
-58.0266 17.8531 -14.6949 -0.0974671 0.995239 0.000272739
-58.322 17.8222 -15.7483 -0.0989552 0.99509 -0.00193766
-58.6955 17.7855 -16.8136 -0.0847069 0.996403 0.00114498
-59.0639 17.7575 -17.8169 -0.0846148 0.996411 0.000652261
-58.4042 17.8131 -17.9717 -0.0910306 0.995816 0.00219481
-57.3542 17.9173 -17.8819 -0.103962 0.994567 0.00234831
-56.0715 18.0604 -17.8864 -0.11585 0.993267 -0.000481157
-54.8521 18.2071 -17.9141 -0.12462 0.992204 -0.000482168
-53.6449 18.3629 -17.901 -0.130679 0.991424 0.000990085
-52.5272 18.5115 -17.967 -0.132635 0.991165 0.000721798
-51.448 18.657 -17.9936 -0.135827 0.990731 0.000286672
-49.9235 18.8709 -18.0475 -0.142309 0.98982 0.00229526
-48.786 19.0376 -18.0241 -0.149573 0.988662 0.0132305
-47.4662 19.2515 -18.1031 -0.184255 0.982772 0.0120618
-46.4343 19.4599 -18.219 -0.218045 0.975535 0.0278812
-45.2473 19.7476 -18.1854 -0.258911 0.965712 0.0191197
-44.3168 19.9927 -17.874 -0.290051 0.953292 0.0821866
-44.0068 20.0073 -16.8856 -0.261145 0.959655 0.104242
-44.0735 20.0008 -15.7158 -0.281219 0.95897 -0.0135725
-44.1184 20.0097 -14.5445 -0.309541 0.950857 0.00740145
-44.1199 20.0156 -13.3248 -0.290658 0.956783 -0.00917422
-44.2193 19.9826 -11.9036 -0.261469 0.965017 0.0194072
-44.1651 19.9883 -10.4528 -0.318016 0.948076 -0.00418566
-44.1712 19.9935 -9.24006 -0.294769 0.955442 -0.0155532
-44.1831 20.0058 -7.94578 -0.304956 0.952356 -0.00438673
-44.1564 19.9844 -6.56253 -0.249301 0.967482 0.0427554
-44.083 19.9449 -5.31993 -0.257829 0.965114 0.0455939
-44.0984 19.9083 -4.22154 -0.251201 0.967897 0.00860807
-44.1354 19.89 -3.14305 -0.275914 0.960789 0.0274823
-44.0501 19.8677 -1.73484 -0.274951 0.9606 0.0406168
-44.0169 19.8592 -0.366349 -0.262603 0.964888 -0.00550076
-44.0594 19.8381 0.785065 -0.31563 0.947122 0.0294208
-43.9925 19.8199 1.92926 -0.308944 0.950868 -0.0200768
-44.0111 19.8796 3.20686 -0.315804 0.947721 -0.0432874
-44.0888 19.895 4.48389 -0.327186 0.944548 -0.026908
-44.119 19.9058 5.85926 -0.327637 0.944689 0.00919821
-44.0737 19.8883 7.2339 -0.333093 0.94243 0.0295588
-44.0749 19.8628 8.41123 -0.346227 0.938074 0.0120169
-44.0864 19.8718 9.56755 -0.306508 0.950701 -0.0471317
-43.9642 19.9252 10.6503 -0.316963 0.948308 0.013593
-43.9268 19.9456 11.7678 -0.301365 0.95347 -0.00857527
-44.081 19.8993 12.9183 -0.328007 0.944663 -0.00475344
-44.2136 19.8535 14.1516 -0.330679 0.943738 0.00324182
-44.0773 19.8803 15.7272 -0.309819 0.950792 0.00241893
-44.002 19.8685 16.9329 -0.328295 0.944505 -0.0026579
-44.3136 19.7837 18.0614 -0.329704 0.943758 -0.0244458
-45.5716 19.4492 18.232 -0.233194 0.971923 -0.0202821
-46.8029 19.1679 18.0878 -0.202932 0.978822 0.00856817
-48.1033 18.9282 18.168 -0.169137 0.985404 -0.00403883
-49.1684 18.7638 18.162 -0.153328 0.988175 0.000405757
-50.7156 18.5299 18.211 -0.149444 0.988756 0.00521425
-52.1063 18.3206 18.2138 -0.149311 0.988762 0.00742234
-53.327 18.1378 18.2973 -0.145268 0.989356 0.00852319
-54.4299 17.9811 18.3091 -0.134231 0.990912 0.00870402
-55.766 17.8045 18.3077 -0.125885 0.992042 0.00219444
-56.9293 17.6689 18.2216 -0.113161 0.993534 0.00916531
-57.2097 17.6467 17.0623 -0.113941 0.993453 0.00831396
-56.9941 17.684 15.9475 -0.112161 0.993628 0.0110263
-56.8516 17.7152 14.7954 -0.105862 0.994325 0.0105272
-56.768 17.7446 13.5128 -0.111394 0.993456 0.0252371
-56.725 17.7796 12.3014 -0.112211 0.993373 0.0248769
-56.673 17.8094 11.2454 -0.111522 0.993639 0.0156032
-56.7196 17.8208 10.1564 -0.112028 0.993592 0.0149569
-56.8879 17.8178 8.83706 -0.103131 0.994591 0.0122065
-56.9673 17.8239 7.70431 -0.105807 0.994216 0.018425
-56.9721 17.8462 6.31406 -0.105302 0.994207 0.020934
-56.7755 17.8919 4.84585 -0.10991 0.993806 0.0164241
-56.6478 17.9233 3.59457 -0.111497 0.993684 0.0126591
-56.5929 17.944 2.36268 -0.100091 0.994935 0.00646344
-56.6948 17.934 1.28192 -0.102314 0.994735 0.00467521
-56.7973 17.9325 0.201441 -0.100614 0.994919 0.00356439
-56.8256 17.9357 -0.934915 -0.093167 0.995626 0.00701999
-56.8157 17.942 -1.99592 -0.0994595 0.995023 0.0060451
-56.9097 17.9339 -3.12541 -0.0967907 0.995297 0.00146112
-57.2279 17.9032 -4.34039 -0.0981013 0.995166 0.00350802
-57.5377 17.8771 -5.64632 -0.0894087 0.995989 0.0010548
-57.6597 17.8645 -6.70495 -0.083952 0.996469 0.000768317
-57.6228 17.8723 -7.85024 -0.1027 0.994704 0.00406898
-57.4684 17.8877 -9.2023 -0.106903 0.994264 0.000723904
-57.4176 17.8957 -10.3015 -0.110954 0.993825 0.00124347
-57.4269 17.8955 -10.8643 -0.111018 0.993817 0.00147471
-58.4561 17.7958 -10.9447 -0.0834314 0.996506 0.00389732
-58.4917 17.788 -9.7304 -0.0874289 0.996157 0.000876899
-58.6037 17.7798 -8.60942 -0.088817 0.996043 -0.00302439
-58.6889 17.7759 -7.5205 -0.088825 0.99604 -0.00386795
-58.6713 17.7796 -6.20624 -0.0791193 0.996865 -0.000109533
-58.4873 17.7926 -4.97592 -0.0815063 0.996672 0.00127133
-58.2195 17.8116 -3.94717 -0.084943 0.996384 0.00017007
-57.8724 17.8435 -2.56994 -0.0879448 0.996125 -0.00127432
-57.806 17.8471 -1.48496 -0.0870105 0.996195 0.00499702
-57.8549 17.8361 -0.386171 -0.0870863 0.996173 0.00738291
-57.8142 17.8325 0.676257 -0.089351 0.995994 0.00355661
-57.6707 17.839 1.81453 -0.0898774 0.995927 0.00711476
-57.6806 17.8271 3.0681 -0.0972953 0.995196 0.0109186
-57.7395 17.8062 4.26887 -0.0904721 0.995827 0.0119918
-57.9219 17.77 5.48873 -0.0874752 0.996005 0.0177328
-58.1024 17.7261 6.68842 -0.0965466 0.995139 0.0193108
-58.0159 17.7173 7.99867 -0.0855 0.996179 0.0178035
-57.9148 17.7076 9.32914 -0.0976243 0.995139 0.0129198
-57.7616 17.7018 10.7053 -0.0969719 0.99515 0.0165383
-57.775 17.6724 12.0704 -0.097621 0.994911 0.0249386
-57.809 17.6411 13.267 -0.0951139 0.99529 0.0186917
-57.8435 17.6167 14.4316 -0.102749 0.994613 0.0137058
-58.0094 17.5817 15.7045 -0.0983969 0.99509 0.0103212
-58.2348 17.5453 16.8882 -0.0980427 0.995105 0.0124363
-58.5595 17.5019 17.9516 -0.0982009 0.995125 0.00904605
-58.6164 17.4865 19.1376 -0.088764 0.996029 0.0068761
-57.4372 17.6011 19.34 -0.101188 0.994834 0.0081674
-56.058 17.7597 19.3173 -0.120454 0.992683 0.00842291
-54.9402 17.9021 19.344 -0.130215 0.991444 0.00906648
-53.8693 18.0498 19.3325 -0.141874 0.989855 0.00765076
-52.7819 18.2103 19.2969 -0.149252 0.988755 0.00933379
-51.616 18.387 19.3018 -0.149961 0.98867 0.0065725
-50.5184 18.555 19.2767 -0.15255 0.988277 0.00615377
-49.3178 18.7381 19.2133 -0.151125 0.988511 0.00250328
-48.0745 18.9352 19.2331 -0.161019 0.98695 -0.00166735
-46.7427 19.1719 19.1415 -0.177128 0.984175 0.00448751
-45.6572 19.4083 19.2337 -0.243297 0.969146 0.0275838
-44.2814 19.835 19.2475 -0.325453 0.945365 -0.0191179
-43.2844 20.1837 19.1138 -0.397801 0.917427 -0.0086902
-43.1006 20.1996 17.7381 -0.366032 0.929077 -0.0366892
-43.0504 20.2069 16.6573 -0.372301 0.927442 -0.0252473
-43.1504 20.2058 15.4829 -0.388869 0.918139 0.0536148
-43.2094 20.2099 13.8837 -0.380008 0.92457 0.0258377
-43.0801 20.2722 12.5502 -0.354151 0.934773 -0.0141146
-43.034 20.2462 11.468 -0.353993 0.932158 -0.0670542
-43.1148 20.2362 10.2202 -0.39322 0.917919 0.044298
-43.1136 20.2154 8.9578 -0.377231 0.925553 -0.0155529
-43.1371 20.2382 7.70476 -0.362294 0.931789 0.0185603
-43.1237 20.2541 6.57425 -0.383996 0.923283 -0.00933122
-43.1716 20.2295 5.02205 -0.382426 0.923984 -0.00166397
-43.065 20.2344 3.79436 -0.38061 0.92387 -0.0384489
-43.0394 20.193 2.48137 -0.409706 0.91126 -0.0417849
-43.0522 20.1669 1.41337 -0.39263 0.919695 0.00144626
-43.0913 20.1638 0.310518 -0.426655 0.90413 0.0226833
-43.0392 20.1854 -0.782018 -0.407338 0.912644 -0.0207626
-43.0892 20.2016 -1.89756 -0.42143 0.904834 0.0605965
-43.1212 20.1896 -2.98341 -0.403384 0.914881 -0.0165376
-43.1002 20.2066 -4.11729 -0.32204 0.946526 0.0194489
-43.108 20.2299 -5.176 -0.31125 0.949342 0.0394286
-43.1341 20.2948 -6.24909 -0.315655 0.947442 0.052121
-43.1786 20.3227 -7.47798 -0.296106 0.955111 0.00918952
-43.1874 20.3118 -8.61065 -0.298619 0.95411 -0.0223802
-43.1614 20.3193 -9.72872 -0.380845 0.924638 0.00151249
-43.1686 20.3353 -10.9007 -0.332484 0.942843 0.0223947
-43.1562 20.3492 -12.0754 -0.302349 0.952522 -0.0358704
-43.1677 20.3419 -13.273 -0.346507 0.937222 -0.0393491
-43.1614 20.323 -14.7694 -0.314141 0.949348 0.00228038
-43.0754 20.2757 -16.1915 -0.281794 0.957996 -0.0532071
-43.0536 20.3193 -17.25 -0.329203 0.925906 0.17229
-43.2555 20.417 -18.6278 -0.411348 0.907499 0.085046
-44.0313 20.1709 -19.2532 -0.339841 0.938413 0.0623578
-45.241 19.7807 -19.2677 -0.266409 0.96349 0.0267112
-46.2885 19.5189 -19.2581 -0.217092 0.976066 0.0129067
-47.3645 19.289 -19.2032 -0.197635 0.980207 0.00987696
-48.4819 19.0902 -19.0724 -0.156482 0.987649 0.00798019
-49.9222 18.874 -19.1286 -0.142241 0.989826 0.00327918
-51.0263 18.7166 -19.0565 -0.137162 0.990548 0.0010658
-52.0762 18.5716 -19.0119 -0.134282 0.990941 0.000523789
-53.3254 18.4044 -18.9801 -0.131449 0.991321 -0.00144933
-54.5573 18.2433 -18.9379 -0.126793 0.991926 -0.00151874
-55.8171 18.09 -18.9319 -0.118054 0.993006 -0.00148551
-57.2572 17.93 -18.958 -0.108478 0.994098 -0.000502635
-58.3995 17.8135 -19.0498 -0.0936929 0.995571 -0.00076751
-59.4715 17.7225 -19.2057 -0.0832016 0.996529 0.00262124
-60.6476 17.6343 -19.3542 -0.0675886 0.997707 -0.00340243
-60.7506 17.6301 -18.2492 -0.0668861 0.997758 -0.00221985
-60.1271 17.6718 -17.2963 -0.0765779 0.997059 0.00284765
-59.6573 17.7046 -16.2896 -0.0708332 0.997487 -0.00165823
-59.2472 17.7408 -15.168 -0.0822035 0.996606 0.00109491
-58.9444 17.7683 -14.001 -0.0837371 0.996487 -0.000981654
-58.6048 17.7944 -12.3202 -0.0830187 0.996519 0.00693263
-58.477 17.7949 -11.1568 -0.0816464 0.996645 0.00520892
-59.484 17.7135 -10.7908 -0.0748993 0.997182 0.00289936
-59.622 17.71 -11.8776 -0.0742998 0.997223 0.00421363
-59.7995 17.6982 -12.9795 -0.0737285 0.997277 0.00134561
-60.1183 17.6731 -14.4454 -0.0737083 0.997278 -0.00171441
-60.5892 17.6391 -15.8021 -0.0688131 0.997622 -0.00302807
-61.0893 17.6076 -16.8514 -0.0598165 0.998209 -0.000397736
-61.7381 17.5678 -17.8393 -0.0570577 0.99837 -0.00115848
-62.3818 17.5256 -18.992 -0.0633395 0.997908 -0.0104132
-62.1025 17.5409 -20.0833 -0.051131 0.998688 -0.00288231
-60.8557 17.6169 -20.3152 -0.0676536 0.997703 -0.00354003
-59.7857 17.6954 -20.3243 -0.0773546 0.996992 -0.00475934
-58.7215 17.7827 -20.1932 -0.0911822 0.995833 -0.00133344
-57.389 17.9151 -19.9942 -0.101984 0.994775 -0.00380593
-56.1148 18.0525 -19.9849 -0.113295 0.993519 -0.00657704
-54.8272 18.2076 -19.932 -0.119559 0.992819 -0.00386804
-53.7844 18.3422 -19.9887 -0.128772 0.991671 -0.00256129
-52.5959 18.5017 -20.0897 -0.133033 0.991112 -9.00057e-05
-51.5188 18.6502 -20.0229 -0.138236 0.990393 0.00280893
-50.479 18.7982 -20.1926 -0.143322 0.989667 0.00196941
-49.3887 18.956 -20.1541 -0.143417 0.98964 0.00662801
-48.1126 19.1575 -20.1638 -0.157067 0.987563 0.00691816
-47.0168 19.3656 -20.3044 -0.214411 0.976738 0.00322482
-45.783 19.6624 -20.3425 -0.288119 0.957224 0.0266445
-44.2806 20.1404 -20.3754 -0.326004 0.945355 -0.00499558
-43.1064 20.5848 -20.3666 -0.396356 0.917932 0.0154444
-42.3239 20.9102 -19.8349 -0.410951 0.910555 0.0448245
-42.2848 20.8725 -18.7622 -0.432359 0.899107 0.0662757
-42.2343 20.7722 -17.5595 -0.472921 0.871484 0.129852
-42.2201 20.7033 -16.4883 -0.518391 0.854385 0.0352285
-42.1897 20.7197 -15.3839 -0.478796 0.877723 -0.018885
-42.2258 20.7181 -14.2065 -0.389173 0.921087 -0.0120057
-42.2664 20.7018 -13.0812 -0.403874 0.91478 0.00757016
-42.197 20.7306 -12.0246 -0.388095 0.921548 -0.0049594
-42.1878 20.7214 -10.9549 -0.378619 0.925453 0.00382592
-42.182 20.7279 -9.84593 -0.392996 0.919532 0.00384771
-42.186 20.7186 -8.51379 -0.377204 0.926111 -0.00598518
-42.1898 20.7058 -7.43504 -0.399947 0.916517 0.00199756
-42.1661 20.7039 -6.34903 -0.412831 0.909772 0.0421243
-42.1549 20.6543 -5.22318 -0.467896 0.883006 0.0366068
-42.1391 20.6191 -4.13342 -0.449311 0.893213 0.00947719
-42.1809 20.62 -3.07374 -0.488829 0.872065 -0.0234404
-42.195 20.6206 -1.83204 -0.484828 0.874607 0.0018428
-42.1687 20.623 -0.66058 -0.492334 0.87015 -0.0211388
-42.1745 20.6124 0.414101 -0.466703 0.884043 0.0151535
-42.1379 20.621 1.48277 -0.503252 0.863908 -0.0200187
-42.1138 20.6305 2.55824 -0.465912 0.88324 0.00402768
-42.1183 20.6505 3.69598 -0.455072 0.890448 -0.00340419
-42.1974 20.6318 4.76352 -0.392148 0.919526 -0.0253321
-42.184 20.6438 5.85099 -0.432298 0.901718 -0.000271156
-42.1703 20.6585 6.91405 -0.413443 0.910363 -0.0174038
-42.1954 20.642 8.02329 -0.407642 0.913041 0.0125934
-42.1849 20.6386 9.15963 -0.419248 0.90787 -0.00145094
-42.1804 20.6224 10.5106 -0.409336 0.911865 0.0174826
-42.1425 20.6332 11.6197 -0.407539 0.912049 -0.0455819
-42.1774 20.6416 12.8318 -0.400532 0.916263 -0.001663
-42.2134 20.6251 13.94 -0.384663 0.922745 0.0201488
-42.1771 20.6191 15.0465 -0.424346 0.905465 0.00793559
-42.1451 20.588 16.2642 -0.474508 0.879122 0.0232792
-42.1541 20.6232 17.3762 -0.443312 0.89557 -0.0377983
-42.1664 20.653 18.5935 -0.432269 0.90132 -0.0276733
-42.1307 20.6912 19.6573 -0.404983 0.914284 0.00863717
-43.0545 20.2924 20.3417 -0.396019 0.918225 -0.00375322
-44.5125 19.7741 20.2918 -0.333396 0.942765 0.00643749
-45.7326 19.4156 20.2539 -0.278116 0.960364 -0.0187636
-46.9552 19.1493 20.2114 -0.195232 0.980521 -0.0188808
-48.1163 18.9315 20.289 -0.173143 0.984745 -0.0102466
-49.2569 18.7469 20.2927 -0.159187 0.987236 -0.00501819
-50.4815 18.5561 20.3716 -0.15504 0.987906 0.0019278
-51.8319 18.3457 20.3482 -0.151703 0.988342 0.0128906
-53.1922 18.1409 20.351 -0.14508 0.9894 0.00619909
-54.2917 17.983 20.364 -0.138406 0.990363 0.00500617
-55.4028 17.8324 20.4136 -0.129401 0.991561 0.00785645
-56.5132 17.6942 20.3529 -0.116096 0.99321 0.00747765
-57.8507 17.544 20.3946 -0.105729 0.994313 0.0119086
-59.1248 17.4238 20.1931 -0.0929832 0.995544 0.0155622
-59.8779 17.3791 19.3759 -0.0760768 0.996988 0.0146646
-59.7156 17.4047 18.233 -0.0790868 0.996787 0.0124685
-59.2894 17.4557 16.842 -0.0813732 0.996591 0.0134319
-59.0555 17.488 15.7493 -0.0850059 0.996337 0.00935257
-58.8915 17.5184 14.4616 -0.0861414 0.996185 0.0139792
-58.8522 17.5426 13.3374 -0.0895518 0.995806 0.0187097
-58.9308 17.5681 11.878 -0.0912584 0.995427 0.0280787
-58.9464 17.592 10.6648 -0.0863262 0.996111 0.0163209
-58.9768 17.6086 9.44524 -0.0804282 0.99671 0.0100444
-59.0889 17.62 8.22963 -0.0878086 0.995942 0.019715
-59.1287 17.6448 6.76986 -0.0670929 0.997571 0.0187223
-58.9875 17.6752 5.72203 -0.082841 0.996399 0.0178605
-58.7933 17.713 4.44132 -0.0807882 0.996658 0.0120779
-58.7438 17.7376 3.10302 -0.0822174 0.996504 0.0147489
-58.744 17.7516 1.58591 -0.0748832 0.997157 0.00647919
-58.8553 17.7525 0.362193 -0.0679098 0.997688 0.00248175
-58.8854 17.7587 -0.850713 -0.0791615 0.996815 0.00662422
-58.8066 17.7665 -1.95715 -0.0730508 0.997325 0.00239069
-58.9449 17.7591 -3.02943 -0.0769114 0.997023 -0.00108919
-59.3532 17.7268 -4.04637 -0.070772 0.997491 -0.00167596
-59.5996 17.71 -5.08104 -0.0681922 0.997672 0.000723616
-59.7265 17.699 -6.2286 -0.067666 0.997701 -0.00345659
-59.7043 17.6965 -7.32883 -0.0788145 0.996873 -0.0043334
-59.6848 17.6958 -8.43409 -0.072072 0.997399 -0.000963127
-59.5242 17.7086 -9.4795 -0.0709619 0.997477 0.00202483
-59.4705 17.7145 -10.2155 -0.073466 0.997298 1.32736e-05
-44.9161 19.7793 -15.2974 -0.252209 0.967671 0.00167061
-47.0558 19.3213 -17.5429 -0.188417 0.981752 0.0257391
-47.0681 19.3195 -17.5555 -0.175273 0.984365 0.0174596
-49.5175 18.9243 -17.4117 -0.138693 0.990302 0.00817365
-47.5448 19.1972 -15.3948 -0.152339 0.988326 0.00189501
-45.563 19.6087 -13.3207 -0.254308 0.966985 -0.0163646
-44.8974 19.805 -12.6046 -0.270765 0.962628 0.00570611
-44.8969 19.7825 -9.95787 -0.261089 0.96531 -0.00297788
-46.7642 19.3582 -11.922 -0.206767 0.978271 -0.0152372
-48.8617 19.0092 -14.088 -0.131887 0.991262 0.00248028
-50.9899 18.7201 -16.2625 -0.133979 0.990984 -0.00100678
-51.9306 18.592 -17.22 -0.134488 0.990915 -0.000650272
-54.4064 18.264 -17.0937 -0.123805 0.992304 -0.00221395
-52.1246 18.5688 -14.7674 -0.133423 0.991058 -0.00175838
-49.9203 18.8689 -12.5142 -0.132462 0.991187 -0.00162514
-47.8902 19.1592 -10.4318 -0.153895 0.988057 -0.00771766
-45.6452 19.6076 -8.0973 -0.234733 0.971946 -0.0148683
-44.9474 19.7976 -7.35628 -0.267765 0.963297 0.0190168
-44.7377 19.7449 -4.49714 -0.245446 0.969387 0.00672825
-46.8539 19.331 -6.71048 -0.185168 0.982641 0.0114215
-48.9123 19.0097 -8.83153 -0.138806 0.99032 0.000398272
-50.9115 18.7365 -10.8784 -0.134905 0.990858 -0.00122042
-52.9087 18.4642 -12.9238 -0.134131 0.990963 0.000595788
-55.1001 18.1807 -15.158 -0.124453 0.992224 -0.00166405
-57.1102 17.9443 -17.1975 -0.109311 0.994007 -0.00138752
-57.2547 17.9304 -14.7069 -0.102762 0.994706 0.000233179
-55.2504 18.1561 -12.6703 -0.125499 0.992092 0.00206445
-53.2838 18.4095 -10.6616 -0.135894 0.990722 0.00186821
-51.3538 18.6706 -8.68475 -0.137246 0.990531 0.00345736
-49.213 18.9636 -6.48841 -0.143406 0.989664 -0.00035894
-47.3026 19.2302 -4.52087 -0.145154 0.989259 0.0172372
-45.3265 19.5552 -2.47177 -0.195058 0.980588 -0.0200021
-44.5953 19.7156 -1.7005 -0.21779 0.975984 -0.004718
-44.6339 19.6774 0.923112 -0.215426 0.97618 0.0257655
-46.7544 19.292 -1.29714 -0.143494 0.989528 0.0155841
-48.7333 19.0208 -3.34028 -0.131408 0.991311 0.00580286
-50.6934 18.7529 -5.35605 -0.141329 0.989959 0.0026327
-52.709 18.476 -7.4275 -0.138351 0.990373 0.00458022
-54.6643 18.2222 -9.42648 -0.12826 0.991729 0.00489998
-56.6622 17.9859 -11.4639 -0.116719 0.993162 0.00252092
-56.9361 17.9544 -11.743 -0.116719 0.993162 0.00252108
-56.6471 17.976 -8.8055 -0.111641 0.99374 0.00420294
-54.7182 18.1981 -6.83737 -0.132903 0.991119 0.00441336
-52.676 18.472 -4.74182 -0.138264 0.990384 0.00480513
-50.6089 18.758 -2.61311 -0.139758 0.990179 0.00368405
-48.4156 19.0481 -0.353784 -0.13751 0.990474 0.00728409
-46.4212 19.3188 1.71122 -0.154076 0.988027 0.00794049
-44.5351 19.7304 3.71471 -0.233195 0.971957 -0.0303199
-44.6471 19.7204 6.26157 -0.283336 0.958681 0.025511
-46.7758 19.2426 3.99949 -0.165525 0.986179 0.00726665
-48.7195 18.9868 1.98703 -0.136126 0.990609 0.0127649
-50.7166 18.7289 -0.0716215 -0.140814 0.989989 0.00966809
-52.6277 18.4629 -2.04163 -0.145308 0.989352 0.0082279
-54.7305 18.1921 -4.20146 -0.125159 0.992115 0.00662398
-56.8175 17.942 -6.33691 -0.100909 0.994888 -0.00388445
-57.1013 17.917 -6.62496 -0.096434 0.995262 0.0124376
-56.2791 18.0015 -3.1386 -0.111402 0.993752 0.0068455
-54.1366 18.2473 -0.944302 -0.135175 0.990816 0.00328795
-52.2106 18.5011 1.03705 -0.140833 0.989989 0.00939015
-50.1488 18.774 3.16675 -0.138102 0.990345 0.0119966
-48.2338 19.0161 5.14457 -0.140598 0.989896 0.018388
-46.1887 19.3008 7.26269 -0.224421 0.974472 0.00631716
-44.7142 19.6759 8.84149 -0.253373 0.967367 -0.00155565
-44.4382 19.7844 11.8124 -0.301334 0.95348 -0.00861548
-46.4611 19.2467 9.63092 -0.215196 0.976509 0.0109785
-48.4729 18.9396 7.54492 -0.134041 0.990855 0.0154449
-50.5433 18.6894 5.41084 -0.138764 0.990216 0.0146991
-52.5478 18.4327 3.34439 -0.138437 0.990307 0.0113141
-54.4707 18.1888 1.36113 -0.134702 0.990885 0.00159031
-56.3042 17.9846 -0.516657 -0.0997291 0.995005 0.00430661
-55.7398 18.0329 2.71212 -0.112788 0.993583 0.00847716
-53.8129 18.2474 4.69228 -0.125651 0.991987 0.013147
-51.8538 18.4874 6.70741 -0.138459 0.990287 0.0126753
-49.7452 18.7504 8.88075 -0.135386 0.990731 0.0110423
-47.676 19.0296 11.0192 -0.154655 0.987891 0.0123376
-45.7754 19.3521 13.0063 -0.237347 0.946378 -0.219168
-44.9024 19.6129 13.9473 -0.290983 0.956708 -0.00618618
-44.6102 19.6914 16.937 -0.271785 0.962317 0.00886608
-46.5039 19.2277 14.9002 -0.219421 0.975544 -0.0129953
-48.4498 18.8925 12.8678 -0.152737 0.988247 0.00625625
-50.609 18.6128 10.6378 -0.136458 0.990586 0.0108723
-52.5769 18.3634 8.60927 -0.13847 0.990299 0.0115684
-54.5884 18.1222 6.54208 -0.122143 0.992418 0.0137032
-56.2573 17.9495 4.83206 -0.110039 0.993786 0.0167505
-56.3419 17.8963 7.38943 -0.108408 0.993946 0.0178451
-54.3687 18.1092 9.40978 -0.130717 0.991366 0.010304
-52.4431 18.3482 11.3923 -0.138669 0.990261 0.0124481
-50.4002 18.6097 13.4999 -0.137709 0.990412 0.0109498
-48.41 18.8879 15.5596 -0.151554 0.988437 0.00496247
-46.6033 19.216 17.4589 -0.209009 0.977913 -0.000723232
-49.1277 18.7704 17.4657 -0.150269 0.988644 0.00178853
-51.0243 18.5025 15.4982 -0.144977 0.989398 0.00852787
-53.0736 18.2274 13.3846 -0.144878 0.989341 0.0146243
-55.0743 17.9942 11.3299 -0.122843 0.9923 0.0158189
-56.1575 17.8809 10.2184 -0.113555 0.99351 0.00658269
-56.1671 17.8294 12.8529 -0.116827 0.992816 0.0258456
-54.084 18.0597 14.9824 -0.143791 0.989582 0.00713054
-52.0128 18.3437 17.118 -0.144786 0.989424 0.00878871
-51.8491 18.3661 17.2869 -0.146318 0.989204 0.00810255
-53.9314 18.0547 17.7768 -0.139857 0.990114 0.0107094
-55.9955 17.8011 15.6595 -0.119909 0.992719 0.0114074
-56.3664 17.7613 15.2804 -0.109628 0.993889 0.0129335
