-15.3478 48.3748 -19.8975 0.384736 -0.923024 -0.00219732
-15.4235 48.3447 -20.4062 0.384879 -0.922963 -0.00261119
-15.8964 48.1469 -20.2173 0.384967 -0.922927 -0.00254433
-15.8581 48.1614 -19.7255 0.385972 -0.922507 -0.00256946
-15.5403 48.2943 -19.7553 0.384684 -0.923047 -0.00170572
-15.5441 48.2917 -19.2972 0.385995 -0.9225 -0.00121991
-15.9717 48.1128 -19.3055 0.387227 -0.921981 -0.00178372
-16.383 47.941 -19.6161 0.38745 -0.921883 -0.00375234
-16.3113 47.973 -20.1211 0.385871 -0.922546 -0.00350126
-16.3134 47.9737 -20.5766 0.386582 -0.922248 -0.00348244
-16.003 48.1046 -20.8025 0.38573 -0.922603 -0.00386514
-15.5663 48.2869 -20.8513 0.383821 -0.923402 -0.00328078
-15.1034 48.479 -20.7699 0.383518 -0.923527 -0.00339572
-14.9096 48.5584 -20.4352 0.38374 -0.923437 -0.00291026
-14.9462 48.5418 -19.8004 0.383563 -0.923514 -0.00129808
-15.042 48.5015 -19.3059 0.385054 -0.922894 -2.07416e-05
-15.2662 48.408 -19.2791 0.385518 -0.9227 -0.000618326
-15.2761 48.4037 -18.8414 0.386685 -0.922211 0.00142334
-14.7597 48.6195 -18.8742 0.383728 -0.92344 0.00333425
-14.5351 48.7123 -19.2116 0.382451 -0.923975 0.000980161
-14.513 48.7215 -19.6649 0.383207 -0.923662 -0.000354702
-14.5551 48.7046 -20.146 0.382358 -0.924014 -0.000712488
-14.4849 48.7354 -20.7348 0.382497 -0.923953 -0.00253082
-14.6473 48.6694 -21.1586 0.3821 -0.924118 -0.00247682
-15.1078 48.4788 -21.2209 0.383207 -0.923656 -0.00349522
-15.7018 48.2321 -21.2548 0.383777 -0.923418 -0.00380531
-16.2063 48.0218 -21.2383 0.386045 -0.922461 -0.00591411
-16.6799 47.8219 -21.1409 0.388477 -0.921452 -0.00338756
-16.7457 47.7928 -20.5769 0.386148 -0.922434 -0.00188066
-16.7207 47.8015 -20.0748 0.385995 -0.922489 -0.00458595
-16.7818 47.7729 -19.5242 0.387588 -0.921819 -0.00491086
-16.7344 47.791 -19.0565 0.38832 -0.92152 -0.00287695
-16.3847 47.9375 -18.86 0.387832 -0.921723 -0.00351475
-15.9308 48.1289 -18.8555 0.388594 -0.921404 -0.00304897
-15.5755 48.2783 -18.8537 0.386297 -0.922374 0.000877538
