-15.876 48.0456 20.1035 0.729645 -0.683825 -0.00101795
-15.5259 48.419 20.2162 0.726073 -0.687597 -0.000515183
-15.538 48.4064 19.696 0.723028 -0.690818 -0.000859501
-15.898 48.0226 19.8404 0.729669 -0.6838 -0.000982627
-16.2079 47.6874 19.8735 0.735686 -0.677317 -0.00266634
-16.1695 47.732 19.362 0.736078 -0.676858 -0.00719801
-15.8727 48.0555 19.2581 0.733434 -0.679693 -0.00956216
-15.5258 48.4248 19.2149 0.723892 -0.68986 -0.00857657
-15.1822 48.7825 19.4059 0.722988 -0.69079 -0.00985572
-15.1054 48.859 19.9888 0.723534 -0.690287 -0.00174903
-15.1765 48.7851 20.4617 0.722958 -0.690844 0.00817228
-15.444 48.507 20.6981 0.724448 -0.689311 0.0049906
-15.7842 48.145 20.6906 0.729142 -0.684359 0.00202541
-16.147 47.7541 20.5518 0.73325 -0.679956 0.000830039
-16.2129 47.6814 20.0032 0.734539 -0.678561 -0.000769302
-16.5307 47.3347 20.0483 0.737925 -0.674877 0.00269698
-16.5155 47.3527 19.5677 0.7391 -0.673594 -0.00104162
-16.4903 47.3828 18.9528 0.742815 -0.669476 -0.00520658
-16.2008 47.7057 18.7597 0.739079 -0.673387 -0.0163693
-15.876 48.0601 18.7915 0.734183 -0.678809 -0.0139242
-15.4782 48.4844 18.7332 0.719046 -0.694733 -0.0178483
-15.144 48.8278 18.7709 0.714496 -0.699636 -0.000763185
-14.8712 49.1069 18.9895 0.717245 -0.696817 -0.00232788
-14.8114 49.1653 19.7518 0.719387 -0.694602 -0.0027351
-14.8367 49.1379 20.5091 0.722236 -0.691585 -0.00605171
-14.8799 49.096 21.0206 0.717186 -0.696849 0.00652693
-15.3217 48.6413 21.1487 0.721345 -0.692453 0.0129672
-15.6472 48.2949 21.1194 0.730365 -0.682998 0.00896888
-15.999 47.9168 21.1389 0.734831 -0.678227 0.00550198
-16.354 47.5319 21.0799 0.738698 -0.674022 0.00427706
-16.5069 47.362 20.7006 0.737786 -0.675025 0.00258651
-16.5275 47.3388 20.2051 0.738251 -0.674522 0.00212209
