-42.5229 26.5421 -19.8144 0.942807 -0.333283 -0.0013092
-42.6008 26.325 -20.2826 0.938045 -0.346488 0.0043133
-42.776 25.8533 -20.313 0.936942 -0.34947 0.00321963
-42.9695 25.338 -20.2081 0.934444 -0.356106 0.00140518
-42.928 25.4464 -19.7943 0.933908 -0.357512 -0.000662788
-42.7022 26.0512 -19.8513 0.93748 -0.348037 -0.000930409
-42.5994 26.3317 -19.8177 0.939609 -0.342248 -0.00131784
-42.6038 26.314 -19.3669 0.938659 -0.344683 -0.0106563
-42.7886 25.8144 -19.3512 0.937937 -0.346772 -0.00474704
-42.9648 25.3521 -19.3204 0.931811 -0.362901 0.00546488
-43.1269 24.9347 -19.5028 0.930179 -0.367101 0.00197916
-43.1441 24.8883 -19.9953 0.929875 -0.367872 0.00149322
-43.1458 24.8858 -20.5093 0.929519 -0.36876 -0.00322056
-43.0027 25.25 -20.7781 0.933644 -0.358139 0.00675012
-42.8103 25.7577 -20.7784 0.936329 -0.351121 0.00175178
-42.58 26.3755 -20.7788 0.93726 -0.348583 0.00575829
-42.4119 26.8309 -20.71 0.939966 -0.340907 0.0157012
-42.3599 26.987 -20.2967 0.939598 -0.342147 0.00955813
-42.3542 27.018 -19.749 0.940977 -0.338363 0.00703768
-42.4294 26.8005 -19.3591 0.94302 -0.3327 -0.00483263
-42.5469 26.4683 -19.3436 0.938655 -0.344693 -0.0106457
-42.6068 26.289 -18.9003 0.938623 -0.344652 -0.013525
-42.4027 26.8362 -18.8468 0.939817 -0.335713 -0.0635604
-42.2361 27.3497 -19.035 0.949896 -0.308873 -0.0479093
-42.2039 27.4642 -19.4791 0.944089 -0.328888 0.0229834
-42.1852 27.4792 -20.0388 0.937378 -0.347725 0.0202604
-42.1956 27.4303 -20.51 0.937381 -0.348241 0.00671742
-42.1992 27.4184 -20.9915 0.943067 -0.332495 0.00850311
-42.316 27.0791 -21.2089 0.944133 -0.329149 0.0165182
-42.5116 26.541 -21.2315 0.935663 -0.3521 0.0236769
-42.6833 26.0999 -21.2257 0.936889 -0.349265 -0.015929
-42.8901 25.5386 -21.2522 0.935663 -0.352393 0.0188067
-43.0687 25.0685 -21.2333 0.92829 -0.371032 0.024573
-43.2818 24.533 -21.1842 0.928933 -0.37003 0.0126896
-43.3424 24.4024 -20.6285 0.914576 -0.404356 -0.00692398
-43.3261 24.4313 -20.162 0.921657 -0.387544 -0.00437437
-43.3162 24.4555 -19.6618 0.929537 -0.368726 0.00176347
-43.311 24.4708 -19.158 0.931345 -0.364085 0.00618794
-43.1735 24.8261 -18.9195 0.930858 -0.365327 0.00620885
-42.908 25.493 -18.8552 0.929134 -0.369655 -0.00327543
-42.7501 25.9032 -18.8994 0.937361 -0.347993 -0.0159854
