-16.3589 49.5366 -20.3315 0.39191 -0.920003 -0.00106911
-16.7196 49.3826 -19.9703 0.393678 -0.919248 -0.000194064
-16.38 49.527 -19.6722 0.391438 -0.920204 -0.000516878
-16.0312 49.6755 -20.0915 0.389999 -0.920814 -0.00128904
-16.1856 49.6104 -20.289 0.390994 -0.920392 -0.0010963
-16.1654 49.6199 -20.7643 0.392313 -0.919829 -0.00222116
-15.7127 49.8115 -20.5514 0.390006 -0.920811 -0.00127853
-15.6368 49.8427 -20.077 0.389695 -0.920942 -0.00191851
-15.7227 49.8053 -19.5239 0.388063 -0.921632 -0.00141293
-16.0839 49.6523 -19.2907 0.388762 -0.921338 0.000800177
-16.6188 49.4259 -19.2707 0.390674 -0.920523 0.00309092
-17.0252 49.2523 -19.5404 0.394144 -0.919047 0.00125164
-17.1384 49.2031 -20.0352 0.396239 -0.918147 0.000924122
-17.0194 49.2541 -20.5586 0.395036 -0.918664 -0.00164196
-16.3786 49.529 -20.7577 0.392312 -0.919829 -0.00222148
-16.341 49.547 -21.2136 0.391546 -0.920147 -0.00455725
-15.8178 49.7677 -21.2311 0.387766 -0.921757 -0.000586692
-15.3257 49.9763 -21.0289 0.390808 -0.920472 0.000217136
-15.2565 50.0045 -20.3841 0.389997 -0.920812 -0.00271662
-15.2549 50.0036 -19.8647 0.389865 -0.920864 -0.00382237
-15.2938 49.9855 -19.3668 0.387533 -0.921853 -0.00193081
-15.4349 49.9256 -18.8764 0.387716 -0.921778 -0.00127835
-15.8796 49.7386 -18.8699 0.387684 -0.921792 -0.000193949
-16.4717 49.4894 -18.8664 0.388575 -0.921413 0.00212606
-16.9048 49.3066 -18.863 0.390539 -0.920556 0.00755856
-17.3791 49.1036 -18.8935 0.394883 -0.918688 0.00887712
-17.4564 49.0675 -19.4001 0.395805 -0.918329 0.00316734
-17.5216 49.0377 -19.9333 0.397363 -0.91766 0.00164553
-17.5205 49.0374 -20.4446 0.397302 -0.917687 0.00109444
-17.4 49.0907 -21.0365 0.396805 -0.917897 -0.00311607
-16.9111 49.3023 -21.1964 0.39542 -0.918496 -0.00276106
-16.4753 49.4901 -21.2636 0.393489 -0.919319 -0.00364588
