-18.5159 49.0782 15.8142 0.484027 -0.873657 0.0366426
-19.5625 48.4334 16.5602 0.545358 -0.838176 -0.00670159
-20.1814 48.0049 17.4069 0.572879 -0.819508 -0.0146967
-20.9581 47.4388 17.9708 0.587416 -0.808791 -0.0282645
-21.8718 46.7538 18.0572 0.608132 -0.792828 -0.0396862
-22.8322 45.9759 18.1249 0.646544 -0.760816 -0.0560385
-23.8655 45.0783 18.0791 0.664838 -0.741876 -0.0872398
-24.7039 44.3449 17.7024 0.676965 -0.724811 -0.127936
-25.5076 43.8673 16.382 0.6808 -0.714689 -0.16041
-26.3805 43.238 15.8072 0.65555 -0.723022 -0.216885
-27.2398 42.5995 15.4463 0.65041 -0.722479 -0.233982
-28.096 41.8323 15.479 0.646096 -0.719147 -0.255503
-29.0056 40.9657 15.6095 0.647295 -0.707566 -0.283476
-29.8786 40.2185 15.5074 0.628248 -0.713323 -0.310604
-30.0243 40.4404 14.6951 0.628035 -0.715057 -0.307027
-29.8804 41.0026 13.6609 0.616544 -0.725769 -0.305177
-29.7316 41.6215 12.4359 0.59603 -0.752219 -0.280203
-29.6865 42.0528 11.2445 0.596361 -0.761518 -0.25383
-29.8192 42.3259 10.0611 0.569824 -0.791903 -0.218488
-29.3773 42.785 9.48818 0.569802 -0.798624 -0.193717
-28.2486 43.4946 9.81622 0.555679 -0.808707 -0.192908
-27.1993 44.1629 10.0826 0.566245 -0.807157 -0.166596
-26.029 44.9537 10.1769 0.563331 -0.81089 -0.158479
-24.952 45.662 10.2958 0.533397 -0.835693 -0.130786
-23.8003 46.3569 10.2761 0.50565 -0.855053 -0.114708
-22.845 46.9537 9.8777 0.474933 -0.874376 -0.0974197
-21.9205 47.4937 9.30542 0.457169 -0.884189 -0.0959485
-20.9255 48.0009 8.59199 0.403539 -0.913154 -0.0551209
-20.1096 48.3687 7.77325 0.364968 -0.930414 -0.031675
-19.1595 48.7263 7.33033 0.327998 -0.944348 -0.0249849
-18.138 49.0645 8.23252 0.312485 -0.949908 -0.00530273
-17.2037 49.3539 8.98093 0.289771 -0.956978 0.00608192
-16.2305 49.6573 9.46417 0.275988 -0.960981 0.0186263
-15.2194 49.9489 9.95488 0.23367 -0.971267 0.0451452
-14.0308 50.2391 10.395 0.215137 -0.974895 0.0574089
-12.8074 50.4814 10.5174 0.169282 -0.983051 0.069514
-11.6956 50.6672 10.6716 0.140364 -0.987561 0.0700393
-10.778 50.8226 11.153 0.126732 -0.989459 0.0700698
-10.6939 50.9364 12.4461 0.11947 -0.988897 0.0883703
-10.4137 51.0725 13.6658 0.101714 -0.991678 0.07892
-10.1337 51.2059 14.8836 0.0790044 -0.993308 0.0818799
-9.64685 51.3207 16.0046 0.048125 -0.996004 0.0736656
-8.80649 51.425 17.3392 0.0262167 -0.998847 0.0399652
-9.68863 51.4325 17.9711 0.0171241 -0.998942 0.0426811
-11.099 51.4014 17.9928 0.0165791 -0.996623 0.0804182
-12.3783 51.3534 17.9347 0.0266888 -0.994682 0.0979623
-13.4489 51.2209 17.3088 0.0487837 -0.990078 0.130557
-14.2808 50.9386 16.3439 0.151253 -0.957231 0.239413
-15.4884 50.5075 15.5467 0.305039 -0.929816 0.190714
-16.6267 50.0382 15.5401 0.386137 -0.91105 0.135698
-17.642 49.5347 15.5608 0.467958 -0.879032 0.0882705
-18.2079 49.2305 15.7005 0.471835 -0.878819 0.0648046
-18.0491 49.4049 16.7923 0.530935 -0.846874 0.0302176
-16.8196 50.1408 16.6954 0.521543 -0.836205 0.169572
-15.5743 50.756 16.7021 0.385338 -0.866953 0.307457
-14.6482 51.1576 17.4891 0.0681157 -0.968843 0.235984
-14.1755 51.3884 18.5172 0.0345174 -0.987842 0.151578
-13.2503 51.4766 19.1443 0.010436 -0.995036 0.09897
-11.7202 51.48 19.1699 0.000669841 -0.998153 0.0607492
-10.4735 51.4868 19.2778 0.00142532 -0.998818 0.048204
-9.10035 51.4802 19.0606 0.0142535 -0.99937 0.0324197
-7.7533 51.4946 19.0566 0.0182239 -0.999655 0.0189328
-6.55943 51.5139 19.0745 0.0141564 -0.999733 0.018242
-6.49616 51.5075 18.4577 0.022039 -0.999726 0.00782851
-7.16907 51.4748 17.5502 0.0268827 -0.999413 0.0210586
-7.81516 51.4293 16.6182 0.0355344 -0.998883 0.0305603
-8.49542 51.3612 15.6555 0.0554592 -0.997355 0.0469746
-8.97467 51.2697 14.607 0.0787697 -0.995259 0.0570579
-9.26233 51.166 13.4212 0.0896513 -0.993107 0.0754934
-9.5639 51.0239 11.9592 0.102555 -0.992263 0.0699704
-9.53063 50.9438 10.775 0.11613 -0.990901 0.0676727
-9.48882 50.8764 9.63497 0.10757 -0.992608 0.0560294
-10.8216 50.7102 9.48286 0.127279 -0.990024 0.0597478
-11.9615 50.553 9.47442 0.158217 -0.985936 0.0538393
-13.1641 50.3445 9.32506 0.174369 -0.983753 0.042733
-14.4076 50.0922 9.0534 0.205344 -0.977929 0.0385921
-15.4714 49.8406 8.58162 0.23453 -0.971403 0.0273321
-16.67 49.5151 7.93608 0.260996 -0.965104 0.00342667
-17.5503 49.2576 7.19728 0.300941 -0.953641 0.00189627
-18.3999 48.9908 6.41357 0.301907 -0.953263 -0.0118538
-19.1601 48.7745 5.4395 0.315748 -0.948543 -0.0146356
-19.9694 48.48 5.68654 0.349826 -0.936375 -0.0259722
-20.5807 48.2198 6.59629 0.382721 -0.923651 -0.0198501
-21.5701 47.7652 7.61946 0.39783 -0.916639 -0.0387912
-22.5881 47.2489 8.38106 0.435606 -0.899199 -0.0374194
-23.5379 46.6836 8.88629 0.495074 -0.862155 -0.107235
-24.7743 45.915 9.20051 0.508868 -0.854171 -0.10698
-25.8539 45.2575 9.04688 0.550275 -0.825959 -0.122426
-27.2173 44.3774 8.9208 0.548183 -0.819988 -0.163906
-28.1997 43.7885 8.63315 0.548413 -0.824552 -0.13913
-29.1541 43.1913 8.3914 0.558762 -0.819433 -0.127712
-30.2457 42.4944 7.97434 0.591919 -0.794564 -0.135278
-31.1502 41.9415 7.36844 0.578918 -0.804173 -0.134507
-31.9032 41.4743 6.90444 0.597122 -0.786987 -0.155234
-31.3406 41.5938 8.43943 0.601021 -0.784536 -0.152421
-30.9032 41.6771 9.55829 0.619384 -0.750732 -0.222094
-30.6583 41.3663 11.0238 0.596221 -0.760543 -0.257088
-30.6468 40.9674 12.1749 0.612425 -0.743397 -0.26888
-30.8 40.3829 13.3208 0.612025 -0.723993 -0.318213
-30.9516 39.7859 14.3688 0.625745 -0.708771 -0.325711
-31.2044 39.1268 15.3167 0.624133 -0.70983 -0.326496
-31.4179 38.4127 16.3911 0.635385 -0.690248 -0.346185
-31.0833 38.5986 16.6695 0.660863 -0.686387 -0.303533
-30.0353 39.518 16.78 0.647086 -0.697665 -0.307358
-29.1281 40.3949 16.735 0.653335 -0.696664 -0.296193
-28.2226 41.2742 16.6543 0.660662 -0.695543 -0.282392
-27.1867 42.2628 16.5921 0.660207 -0.711781 -0.239778
-26.1002 43.1323 17.0753 0.670454 -0.710508 -0.213705
-25.4412 43.5669 18.0201 0.698212 -0.703045 -0.135008
-25.0435 43.8453 19.061 0.702281 -0.709832 -0.054226
-24.1714 44.6904 19.202 0.690715 -0.722067 -0.0384668
-23.1486 45.6302 19.2569 0.667758 -0.743601 -0.0340244
-22.2131 46.4326 19.2566 0.631853 -0.774512 -0.026586
-21.3129 47.1349 19.2074 0.599826 -0.799743 -0.0249116
-20.1793 47.9741 19.1046 0.585033 -0.810996 -0.00474373
-19.4681 48.4838 18.4799 0.571811 -0.820382 -0.00200478
-19.0371 48.7853 17.4713 0.547842 -0.836506 0.0108451
-18.1356 49.3518 16.8245 0.530938 -0.846872 0.0302132
-17.9953 49.4939 17.9403 0.577101 -0.816502 0.0167042
-17.0937 50.2013 17.8857 0.617262 -0.772181 0.150744
-16.0979 50.8913 17.8097 0.465205 -0.83422 0.296076
-15.2931 51.3549 18.3461 -0.128455 -0.973195 0.190765
-15.1871 51.4498 19.5594 0.055523 -0.997971 0.0311481
-14.5912 51.5126 20.4181 0.0626246 -0.996947 0.0466424
-13.3001 51.5622 20.3855 0.000272963 -0.998176 0.0603698
-12.0664 51.5631 20.372 -0.00591222 -0.996724 0.0806667
-10.923 51.5409 20.3951 -0.011344 -0.998826 0.0470917
-9.48043 51.5228 20.2941 -0.0126814 -0.999451 0.0306144
-8.03903 51.521 20.2513 0.00640295 -0.999666 0.0250179
-6.7169 51.5302 20.3704 0.0107458 -0.999883 0.0109095
-5.22538 51.5445 20.2817 0.00974822 -0.999894 0.0108565
-3.78429 51.5626 20.3079 0.017355 -0.999842 -0.00371667
-2.41582 51.5861 20.281 0.0167657 -0.999853 -0.00361803
-0.93615 51.6069 20.3628 0.0123562 -0.999919 -0.00316098
0.202124 51.6174 20.2756 0.00746859 -0.999941 -0.00783526
1.40647 51.6293 20.3805 0.0141926 -0.999606 -0.0242107
2.89521 51.6522 20.4379 0.0187623 -0.999598 -0.0212555
4.07973 51.6751 20.3681 0.01945 -0.999636 -0.0186761
5.64091 51.713 20.2878 0.0235469 -0.999318 -0.0284342
6.84692 51.7507 20.3493 0.032853 -0.999209 -0.0224106
7.99162 51.7952 20.3282 0.0362633 -0.99919 -0.0166181
9.51036 51.8597 20.3347 0.0419831 -0.999098 -0.00491242
10.7662 51.919 20.4326 0.0490437 -0.998792 0.00263804
11.967 51.9799 20.2749 0.0508418 -0.998702 0.00289455
13.2729 52.0463 20.3615 0.0521577 -0.998638 -0.000988201
14.5446 52.1083 20.377 0.0452818 -0.998939 -0.0062849
15.0059 52.1215 19.3554 0.0444806 -0.998834 0.0187494
15.2392 52.0796 18.3183 0.130347 -0.980636 0.130923
16.243 51.862 17.7934 -0.181179 -0.954766 0.23579
17.4482 51.6009 17.8524 -0.264224 -0.946858 0.183427
18.5147 51.2208 17.7163 -0.360882 -0.913784 0.186449
19.5348 50.7477 17.8875 -0.515611 -0.847885 0.123439
20.4331 50.244 18.4478 -0.54389 -0.835144 0.0819604
21.3158 49.6265 18.9643 -0.627277 -0.7759 0.0539287
21.0186 49.8634 20.0752 -0.613486 -0.789592 -0.0134103
21.7216 49.3028 20.0621 -0.635121 -0.772411 -0.00131414
21.6503 49.3631 19.0373 -0.627097 -0.778911 -0.00688226
22.0915 48.9944 18.0458 -0.617475 -0.786574 0.00509772
22.8256 48.3761 17.774 -0.664115 -0.74579 -0.0499383
23.6969 47.6056 17.6908 -0.668377 -0.738484 -0.0889478
23.739 47.5982 17.4344 -0.658468 -0.747653 -0.0848971
22.9662 48.2968 16.8661 -0.658486 -0.751719 -0.0362618
22.2615 48.8632 16.1919 -0.589749 -0.807578 0.00367795
21.4681 49.4108 15.4324 -0.502745 -0.864339 0.0128526
20.7386 49.811 14.4002 -0.485509 -0.874037 0.0184429
20.2499 50.034 13.3776 -0.418937 -0.904732 0.0557116
19.9231 50.0607 12.1893 -0.372817 -0.924693 0.0757892
19.7241 50.0546 10.9792 -0.33904 -0.938865 0.0582996
19.7823 49.9718 9.57114 -0.324367 -0.943634 0.0608739
19.8277 49.8923 8.29944 -0.317221 -0.947168 0.0472499
19.8118 49.8351 7.15709 -0.298642 -0.952106 0.0656244
19.802 49.7258 5.65198 -0.302298 -0.950273 0.0748188
19.7486 49.6322 4.17355 -0.31157 -0.948337 0.0598503
19.6787 49.5766 3.02007 -0.315232 -0.946472 0.0694194
19.8405 49.451 1.87536 -0.307921 -0.949813 0.0550293
19.7163 49.3962 0.4324 -0.318832 -0.945917 0.0598869
19.7043 49.3094 -1.00127 -0.315247 -0.94688 0.0585048
19.7229 49.216 -2.15493 -0.32389 -0.942924 0.0772296
19.636 49.1554 -3.30811 -0.305046 -0.948562 0.0843648
19.628 49.0782 -4.55521 -0.332141 -0.941188 0.0609623
20.1233 48.8297 -5.54387 -0.341174 -0.937876 0.0631612
21.1057 48.3989 -6.60627 -0.378681 -0.923147 0.0654227
22.0681 47.9253 -7.34021 -0.42939 -0.89924 0.0820656
22.9307 47.4448 -7.91869 -0.459024 -0.882617 0.101408
23.8617 46.8905 -8.45374 -0.464209 -0.878258 0.114777
25.1085 46.1336 -8.89698 -0.494713 -0.857819 0.138888
26.0553 45.537 -9.03327 -0.513855 -0.842496 0.161719
27.1688 44.8938 -8.90176 -0.506327 -0.846912 0.162399
28.2254 44.2641 -8.68699 -0.533382 -0.8274 0.175822
29.1445 43.7793 -8.22307 -0.522284 -0.829995 0.195776
30.2026 43.2438 -7.53535 -0.548771 -0.817271 0.175835
31.1194 42.8243 -6.46459 -0.564975 -0.812822 0.141859
31.9327 42.4589 -5.33564 -0.558868 -0.816712 0.143578
32.7446 42.0423 -4.40504 -0.562342 -0.818778 0.115649
33.5694 41.5814 -3.51232 -0.575399 -0.81005 0.112831
34.5342 40.9944 -2.57818 -0.577191 -0.812608 0.0807296
35.2776 40.5284 -1.8193 -0.587397 -0.806466 0.067639
36.0517 39.9911 -1.19358 -0.60705 -0.792833 0.0539046
36.9709 39.3335 -0.176791 -0.620795 -0.78275 0.0435584
37.6442 38.8434 0.663244 -0.624063 -0.780056 0.0453397
38.2636 38.3842 1.50525 -0.637083 -0.770467 0.0217277
38.9726 37.8031 2.23678 -0.648857 -0.760874 0.0074218
39.82 37.0922 3.14305 -0.647942 -0.761484 0.0176968
40.5333 36.4803 3.80262 -0.673481 -0.739203 0.00110236
41.4604 35.6261 4.73619 -0.676482 -0.736398 -0.00816612
42.1781 34.9405 5.56819 -0.689108 -0.724637 -0.00562307
42.8745 34.2491 6.42651 -0.705744 -0.708453 -0.00347828
43.4275 33.673 7.38683 -0.703846 -0.710003 -0.0222689
43.9409 33.1359 8.46404 -0.703938 -0.710031 -0.0180872
44.443 32.6089 9.82306 -0.707316 -0.70669 -0.0163073
44.5815 32.444 11.0585 -0.708213 -0.705844 -0.0148043
44.5593 32.454 12.5464 -0.710887 -0.703186 -0.0070207
44.3325 32.7014 13.9059 -0.702589 -0.710204 0.0444832
43.8559 33.2322 14.8273 -0.69579 -0.715876 0.0561234
43.3384 33.7897 15.6209 -0.636884 -0.762492 0.113949
42.5564 34.5088 16.4213 -0.543226 -0.835598 0.0817382
41.7732 35.057 17.0233 -0.483877 -0.871876 0.0544059
40.9098 35.4913 17.6172 -0.417861 -0.907947 -0.0318333
39.6673 36.0205 18.0011 -0.370315 -0.927455 -0.0519011
38.6799 36.3484 18.4435 -0.333623 -0.937161 -0.102103
37.3779 36.8032 18.6488 -0.329324 -0.915477 -0.231187
36.134 37.2695 18.7555 -0.387569 -0.893939 -0.225085
35.0982 37.7193 18.7656 -0.408703 -0.891386 -0.195942
33.9244 38.3783 18.7605 -0.553104 -0.820587 -0.143922
33.0106 39.042 18.717 -0.591269 -0.793964 -0.141471
32.1078 39.7466 18.6571 -0.609502 -0.775604 -0.164111
31.0936 40.5225 18.7278 -0.576471 -0.794311 -0.191706
30.6806 40.7068 19.683 -0.592044 -0.805046 -0.0372111
31.303 40.2004 20.4252 -0.612179 -0.790535 -0.0170889
32.2425 39.4438 20.4296 -0.577333 -0.81574 -0.0354215
33.3297 38.6084 20.3643 -0.603317 -0.794283 -0.0715437
34.3006 37.9132 20.4489 -0.564077 -0.81193 -0.15029
35.3876 37.2225 20.3681 -0.532485 -0.826828 -0.179034
36.4798 36.74 20.4041 -0.348743 -0.921174 -0.143959
37.5924 36.4248 20.4002 -0.25924 -0.958152 -0.111723
38.6949 36.1229 20.3562 -0.274745 -0.957855 -0.0838413
39.8399 35.774 20.3836 -0.307251 -0.948765 -0.0737708
41.2118 35.2959 20.4028 -0.345245 -0.935952 -0.0692847
42.3879 34.7271 20.4795 -0.455891 -0.889961 -0.0115441
43.5043 34.0635 20.4524 -0.537728 -0.842933 -0.0169556
44.2347 33.5838 19.8996 -0.556617 -0.83064 -0.00685009
44.3207 33.5238 18.7709 -0.570868 -0.819437 0.0403084
44.6581 33.0034 17.8651 -0.745933 -0.618456 0.231074
45.2108 31.9739 17.8302 -0.913688 -0.39868 0.0670933
45.6861 30.8983 17.7505 -0.906837 -0.41793 -0.05461
46.1969 29.8249 17.9379 -0.874091 -0.392731 -0.277229
46.6555 29.1419 18.6866 -0.561333 -0.823266 -0.056726
46.6154 29.1119 19.8672 -0.620417 -0.784147 -0.0140141
47.4845 28.4318 20.3051 -0.56591 -0.823556 -0.0387446
48.4098 27.7887 20.3944 -0.565124 -0.824767 -0.0160933
49.3627 27.1688 20.2974 -0.497422 -0.865872 -0.00307166
50.3753 26.6563 20.2695 -0.45551 -0.889971 -0.0191798
51.5773 26.1357 20.3389 -0.364271 -0.930877 -0.0223813
52.8405 25.6714 20.2339 -0.34856 -0.936816 -0.0287466
54.0132 25.2478 20.2766 -0.323087 -0.946058 -0.0187041
55.4301 24.7878 20.3367 -0.301162 -0.953568 -0.00296998
56.6943 24.4123 20.3649 -0.275557 -0.961253 -0.00567057
57.97 24.0556 20.4694 -0.261281 -0.965177 -0.0101633
59.0693 23.7862 20.3568 -0.238197 -0.971209 -0.00250308
60.1386 23.5457 20.098 -0.203077 -0.97909 -0.0117913
61.0918 23.3623 19.4477 -0.186669 -0.982419 -0.00273642
61.9867 23.2111 18.2709 -0.175848 -0.984347 -0.0114346
62.4643 23.148 17.12 -0.160673 -0.986935 -0.00736063
62.6989 23.1082 15.8692 -0.164382 -0.98639 -0.00254084
62.6378 23.1225 14.5325 -0.160217 -0.987081 -0.00129374
62.2681 23.1812 13.4873 -0.156614 -0.987652 0.00397692
61.5135 23.318 12.3509 -0.185726 -0.982582 -0.00625462
60.7301 23.4776 11.1853 -0.192623 -0.981238 -0.00828452
59.9502 23.637 10.2298 -0.234203 -0.972068 0.0152348
59.1878 23.8051 9.11867 -0.243708 -0.969745 0.00380633
58.4598 23.9782 7.89309 -0.241248 -0.970382 0.0125703
58.054 24.066 6.8004 -0.254267 -0.967081 0.0100988
58.0647 24.0322 5.61142 -0.273721 -0.961512 0.023891
58.0199 24.0173 4.46189 -0.285297 -0.958146 0.0237156
57.9613 24.0065 3.139 -0.260659 -0.965116 0.0230604
57.9466 23.9691 1.78377 -0.276155 -0.960228 0.0406381
57.8927 23.9448 0.623535 -0.296089 -0.954868 0.0209437
57.7942 23.9428 -0.598856 -0.250789 -0.967418 0.0317241
57.7673 23.9089 -1.85477 -0.271591 -0.961662 0.0371019
57.8103 23.8395 -3.10975 -0.271601 -0.961585 0.0394588
57.8183 23.7865 -4.32078 -0.269903 -0.961499 0.0516864
57.7505 23.757 -5.47517 -0.249459 -0.968079 0.0243381
57.7739 23.7177 -6.62021 -0.278454 -0.959796 0.0326319
57.6756 23.7093 -7.77007 -0.245421 -0.968673 0.0355674
57.8531 23.5935 -9.30747 -0.240707 -0.969882 0.0372611
57.9211 23.5223 -10.4678 -0.245153 -0.967931 0.0548683
58.2115 23.3933 -11.6538 -0.21772 -0.975091 0.0423769
58.6473 23.2471 -12.7222 -0.220202 -0.974358 0.0462264
59.2953 23.066 -13.7096 -0.199019 -0.979415 0.0337224
59.7807 22.9357 -14.8281 -0.19406 -0.980637 0.0263041
60.2001 22.8081 -16.0648 -0.201492 -0.978927 0.0331449
60.4853 22.7368 -17.2159 -0.180569 -0.983427 0.0161701
60.4931 22.7207 -18.3558 -0.1661 -0.986074 0.00827804
60.5095 22.6894 -19.4866 -0.171325 -0.984928 0.0228012
59.8794 22.7848 -20.2402 -0.189299 -0.981818 0.0141352
58.6126 23.0304 -20.441 -0.19573 -0.980537 0.014877
57.009 23.3641 -20.428 -0.205183 -0.978615 0.0145333
55.7324 23.6516 -20.2307 -0.216378 -0.976038 0.0230106
54.6049 23.9122 -20.2207 -0.224836 -0.973828 0.0332861
53.2357 24.247 -20.1263 -0.241149 -0.969513 0.0434855
51.956 24.5551 -20.2469 -0.245797 -0.967425 0.0605887
50.8611 24.8582 -20.1559 -0.274143 -0.957554 0.0890867
49.758 25.1937 -20.1632 -0.298948 -0.947503 0.113438
48.3779 25.7041 -20.2657 -0.358527 -0.926341 0.115546
47.2889 26.1648 -20.2117 -0.397943 -0.909068 0.123436
45.99 26.8428 -20.3031 -0.506576 -0.858851 0.075869
45.4565 27.2251 -19.4296 -0.509674 -0.858053 0.0630637
45.3614 27.394 -18.2881 -0.404002 -0.794892 0.392531
44.9136 28.4207 -17.8504 -0.821096 -0.521464 0.232112
44.702 28.9928 -17.4288 -0.86027 -0.463751 0.211828
45.4841 28.0006 -17.1069 -0.685372 -0.652103 0.324078
46.5121 27.3228 -16.5466 -0.591995 -0.795678 0.12821
47.5544 26.7245 -16.0174 -0.453319 -0.865968 0.202707
48.8094 26.1902 -15.5587 -0.443445 -0.883508 0.150323
50.0149 25.7146 -15.0776 -0.407712 -0.903202 0.134155
51.0027 25.4004 -14.5294 -0.365054 -0.925881 0.0973634
52.0282 25.0987 -14 -0.340196 -0.933648 0.111265
53.046 24.8743 -12.6527 -0.319119 -0.943067 0.0937436
53.6044 24.7942 -11.4606 -0.329315 -0.940557 0.0830973
54.162 24.6787 -10.2695 -0.35491 -0.932946 0.0604167
54.6263 24.5974 -9.19921 -0.341049 -0.935915 0.0880271
54.4722 24.7094 -8.06087 -0.33906 -0.939265 0.0524449
54.5243 24.7761 -6.63745 -0.342027 -0.938354 0.0500998
54.5836 24.8165 -5.42422 -0.3553 -0.934179 0.0327317
54.6734 24.8315 -4.18875 -0.36583 -0.929164 0.0527994
54.818 24.8381 -3.01326 -0.357507 -0.933252 0.0350502
54.7515 24.9197 -1.74593 -0.371346 -0.927328 0.0465286
54.4418 25.0988 -0.439221 -0.367644 -0.929357 0.0334873
54.3391 25.1785 0.738586 -0.369424 -0.928747 0.0309067
54.0164 25.3522 2.03094 -0.409047 -0.911612 0.0405485
53.6449 25.5749 3.2631 -0.40341 -0.914348 0.0332709
53.2123 25.8122 4.30875 -0.445893 -0.894744 0.0247155
52.3948 26.2475 5.11083 -0.470971 -0.881758 0.0262577
51.4823 26.7578 5.63503 -0.516066 -0.856105 0.0275764
50.3678 27.4413 6.10989 -0.541602 -0.840334 0.00847086
49.3822 28.1046 6.25294 -0.576667 -0.816693 0.0083466
48.3996 28.8656 6.40433 -0.626052 -0.779653 0.000762397
47.5266 29.6191 6.27322 -0.66669 -0.745274 -0.00957069
46.339 30.7404 6.21354 -0.696436 -0.717619 0.000590681
45.3166 31.7718 5.71082 -0.713011 -0.701026 0.0133064
44.5813 32.5253 5.11613 -0.718525 -0.695484 0.00459737
43.8908 33.2356 4.39624 -0.71872 -0.695256 0.00702153
43.2132 33.9216 3.77152 -0.713611 -0.700507 0.0070203
42.5903 34.5247 3.0503 -0.694079 -0.719751 0.0144979
41.7919 35.2776 2.24948 -0.697013 -0.716936 0.0113645
41.1395 35.8819 1.50824 -0.65651 -0.75313 0.0423002
40.3648 36.5444 0.844141 -0.670076 -0.741475 0.0348349
39.587 37.1889 -0.0903813 -0.654657 -0.755294 0.0308913
38.893 37.7321 -0.86701 -0.638532 -0.767374 0.0584275
38.1332 38.3024 -1.57818 -0.634904 -0.769378 0.0703871
37.4531 38.7858 -2.34226 -0.630148 -0.773171 0.0715101
36.7054 39.2869 -3.27098 -0.620839 -0.778504 0.0921401
35.8356 39.854 -4.09858 -0.604841 -0.789246 0.106074
35.047 40.3167 -5.03768 -0.5751 -0.810165 0.113098
34.183 40.7999 -5.89213 -0.576122 -0.808522 0.1199
33.2743 41.2979 -6.65596 -0.556859 -0.813699 0.166742
32.3069 41.7753 -7.56686 -0.569965 -0.802843 0.17488
31.4103 42.186 -8.50657 -0.558794 -0.804802 0.200107
30.8707 42.2883 -9.5437 -0.553311 -0.797525 0.240416
30.6585 42.066 -10.7502 -0.551632 -0.795071 0.25212
30.7334 41.6468 -11.838 -0.583749 -0.756319 0.295327
30.7744 41.1845 -12.8633 -0.559289 -0.759605 0.331958
30.8321 40.6884 -13.8838 -0.572477 -0.746812 0.33844
31.1891 39.9345 -14.896 -0.586312 -0.728145 0.355026
31.7136 39.1002 -15.7345 -0.571824 -0.723089 0.387505
32.3221 38.2491 -16.417 -0.571876 -0.719214 0.394575
32.9503 37.4379 -16.9766 -0.555781 -0.720663 0.414385
33.5023 36.6803 -17.5853 -0.523039 -0.750826 0.403349
34.4801 35.8939 -17.8383 -0.513675 -0.77778 0.36125
35.5113 35.0628 -18.2541 -0.462826 -0.801805 0.377696
36.3601 34.4062 -18.5832 -0.447422 -0.858405 0.250907
37.3986 33.797 -18.6929 -0.510765 -0.8402 0.158998
38.7461 33.4185 -18.8506 -0.294922 -0.941648 0.152002
39.9554 33.0219 -18.8187 -0.364214 -0.929156 0.0633825
41.2796 32.4573 -18.7224 -0.430796 -0.899471 0.0588481
42.4747 31.8436 -18.5743 -0.512026 -0.858108 0.0384608
43.0603 31.5092 -19.1856 -0.497795 -0.86713 -0.0166006
42.9384 31.5966 -20.2479 -0.475043 -0.879926 -0.00802394
41.9647 32.106 -20.3706 -0.446266 -0.894635 0.0149593
40.7719 32.6156 -20.3443 -0.346414 -0.936855 0.0479609
39.7112 32.9927 -20.3608 -0.321835 -0.945903 0.0411109
38.4176 33.3937 -20.3518 -0.284964 -0.957933 0.030796
37.0342 33.8574 -20.4283 -0.367476 -0.928833 0.0255167
35.943 34.411 -20.4158 -0.51685 -0.855729 0.0243915
34.8156 35.17 -20.3661 -0.582639 -0.812384 0.0237308
33.7985 35.8693 -20.4109 -0.567735 -0.822664 0.030027
33.3402 36.2204 -19.6106 -0.560887 -0.826654 0.0452749
33.382 36.3867 -18.3848 -0.459777 -0.839463 0.289667
32.6008 37.1472 -17.933 -0.578539 -0.701582 0.415018
31.7594 37.9094 -17.8965 -0.607966 -0.701026 0.372747
30.8484 38.6954 -17.9507 -0.623351 -0.701264 0.34585
29.8447 39.589 -17.9674 -0.635358 -0.700126 0.325778
28.9424 40.4494 -17.8533 -0.637955 -0.703527 0.313143
27.9744 41.3043 -17.9209 -0.64895 -0.710297 0.272658
27.0933 42.105 -17.89 -0.630135 -0.737721 0.242276
26.1652 42.8963 -17.9239 -0.653523 -0.725235 0.21666
25.3132 43.6486 -18.1621 -0.692243 -0.700385 0.173099
24.9736 43.8666 -19.2157 -0.713213 -0.699604 0.0304525
24.6702 44.1342 -20.3882 -0.689852 -0.723933 0.00507995
23.708 45.0208 -20.484 -0.670982 -0.741166 0.0213561
22.7944 45.844 -20.4559 -0.667783 -0.744089 0.0199455
21.7473 46.7249 -20.4961 -0.626491 -0.779186 0.0194365
20.8508 47.4095 -20.5057 -0.592435 -0.805397 0.0188831
19.4 48.4068 -20.3931 -0.556738 -0.830541 0.0133433
18.3182 49.1065 -20.3546 -0.537078 -0.843494 -0.000361683
18.1722 49.1998 -19.2073 -0.528939 -0.848604 0.0097775
17.7217 49.501 -18.0595 -0.564964 -0.823609 0.0308681
16.671 50.2791 -17.9908 -0.591691 -0.798322 -0.112182
15.4628 50.9666 -17.989 -0.283085 -0.912944 -0.293932
14.745 51.3351 -18.7872 -0.00526719 -0.990705 -0.135927
14.667 51.3923 -19.9294 -0.000370776 -0.99988 -0.0154633
13.762 51.4033 -20.3882 -0.0094826 -0.999508 -0.0298811
12.4679 51.4146 -20.3957 -0.00951956 -0.999453 -0.03163
11.0272 51.4231 -20.453 -0.0040313 -0.999417 -0.0338958
9.79173 51.4181 -20.4218 0.00297568 -0.999458 -0.03277
8.66981 51.4119 -20.4281 0.00720996 -0.999554 -0.028986
7.52376 51.4008 -20.3887 0.0115934 -0.999635 -0.0243912
6.31037 51.3884 -20.384 0.00715074 -0.999946 -0.00748709
5.11782 51.3825 -20.384 0.00216047 -0.999972 -0.00689215
3.81036 51.3769 -20.452 0.00937303 -0.999939 -0.00250894
2.51491 51.3629 -20.4909 0.00786999 -0.999956 0.00500796
1.25565 51.3586 -20.4622 0.00169325 -0.999901 0.0139375
0.057533 51.3582 -20.4564 -0.000911725 -0.99988 0.0154876
-1.1217 51.3556 -20.4056 0.00542411 -0.999866 0.0154238
-2.28787 51.3521 -20.3998 -0.00166394 -0.999972 0.00728032
-3.50263 51.3504 -20.3652 0.00598308 -0.999951 0.00791409
-4.90453 51.3453 -20.3733 0.00179656 -0.999998 0.000689984
-6.02223 51.346 -20.3877 -0.00108377 -0.999996 0.00273938
-7.41602 51.3432 -20.4488 0.00102624 -0.999926 0.0119501
-8.68874 51.3521 -20.4038 -0.0149566 -0.999884 0.00289818
-9.84486 51.3716 -20.5357 -0.0193024 -0.999812 0.00162495
-11.309 51.3896 -20.4844 -0.0125681 -0.999887 -0.00827754
-12.7684 51.3984 -20.4311 -0.00545421 -0.999921 -0.0112934
-14.064 51.4009 -20.4901 0.00549269 -0.999944 -0.00904374
-15.1188 51.3922 -20.0826 0.00398961 -0.999956 -0.00850921
-15.1295 51.348 -18.8132 -0.00872074 -0.995378 -0.088904
-15.8161 51.1276 -17.9641 0.220804 -0.941619 -0.250935
-17.1352 50.6659 -17.7776 0.292212 -0.942305 -0.161067
-18.3027 50.2157 -17.9368 0.404038 -0.906907 -0.118781
-19.016 49.8937 -18.7004 0.48587 -0.873544 -0.0291618
-19.0125 49.9045 -19.858 0.517122 -0.855826 0.0121253
-19.7902 49.4268 -20.5464 0.534804 -0.844953 -0.00622382
-20.8401 48.7521 -20.4328 0.57658 -0.815771 -0.017466
-21.8337 47.9673 -20.4058 0.653044 -0.757181 -0.01451
-22.8888 47.0099 -20.3936 0.688314 -0.725339 0.00841771
-23.7437 46.1744 -20.4452 0.69999 -0.714085 0.00986742
-24.4885 45.4368 -19.9984 0.71519 -0.698795 0.0117187
-24.4957 45.4897 -18.7568 0.728183 -0.683656 0.0446649
-24.2442 45.8377 -17.846 0.686204 -0.720678 0.0987267
-23.4772 46.6155 -17.3339 0.67929 -0.729993 0.0747286
-22.6784 47.379 -16.5873 0.657661 -0.750671 0.0630506
-21.9463 47.9596 -15.7707 0.570337 -0.820137 0.0319468
-21.2114 48.4335 -14.8961 0.500255 -0.865632 -0.0206549
-20.3709 48.8777 -13.6727 0.484808 -0.874311 -0.0119766
-19.9484 49.0492 -12.3792 0.410365 -0.911816 -0.0138508
-19.9817 49.0155 -11.1048 0.349677 -0.936411 -0.0292505
-20.1052 48.9264 -9.81591 0.370801 -0.928058 -0.0264672
-19.9964 48.907 -8.4664 0.353029 -0.9347 -0.0411264
-20.0323 48.8515 -7.31647 0.33718 -0.94135 -0.0130285
-20.1894 48.7676 -6.08836 0.339988 -0.939969 -0.0294275
-20.1734 48.7165 -4.64264 0.32854 -0.943606 -0.040852
-20.2326 48.6432 -3.31728 0.316827 -0.94804 -0.0231591
-20.3592 48.5723 -2.0669 0.313051 -0.948299 -0.0522277
-20.3129 48.5301 -0.759968 0.331447 -0.94234 -0.0462378
-20.2956 48.4954 0.617272 0.318145 -0.947638 -0.027646
-20.3389 48.4371 1.97195 0.320284 -0.946576 -0.0375735
-20.4017 48.3852 3.1021 0.328357 -0.944381 -0.0180471
-20.5553 48.3037 4.31837 0.35698 -0.933693 -0.0279719
-21.084 48.0546 5.41412 0.379226 -0.924067 -0.0478243
-22.0483 47.591 6.55668 0.411377 -0.910951 -0.0306019
-23.0117 47.0867 7.2874 0.454049 -0.887374 -0.0800428
-23.866 46.5816 7.86802 0.490396 -0.868281 -0.0741338
-24.8734 46.0016 7.98372 0.508346 -0.85616 -0.0914701
-26.002 45.3374 7.83801 0.510873 -0.85314 -0.105641
-27.1981 44.5765 7.81472 0.538454 -0.835013 -0.113209
-28.1595 43.9965 7.50219 0.538979 -0.834401 -0.115228
-29.2545 43.3076 7.18424 0.558363 -0.821587 -0.114928
-30.1677 42.7408 6.70137 0.569436 -0.813569 -0.117671
-31.1386 42.1531 6.07407 0.568714 -0.813149 -0.123778
-32.0364 41.5889 5.551 0.589874 -0.799494 -0.112118
-33.0787 40.9138 4.72648 0.605597 -0.786544 -0.119988
-33.8273 40.4424 3.85679 0.624311 -0.774543 -0.101583
-34.6263 39.8553 3.18531 0.641268 -0.763945 -0.0718589
-35.3386 39.3312 2.42476 0.639749 -0.76469 -0.0772707
-36.0545 38.7855 1.61444 0.649027 -0.758688 -0.0559676
-36.6997 38.2844 0.819125 0.659989 -0.750019 -0.0409188
-37.3907 37.6978 0.133445 0.668962 -0.742944 -0.0173397
-38.0006 37.1442 -0.670916 0.678998 -0.734102 -0.00675562
-38.5881 36.5962 -1.59327 0.673194 -0.739416 0.00821934
-39.2028 36.022 -2.37729 0.691306 -0.722302 0.0149132
-39.8522 35.3468 -3.16627 0.715992 -0.69719 0.0357929
-40.7316 34.3973 -4.02355 0.726312 -0.686552 0.0331896
-41.5425 33.4913 -4.77418 0.730195 -0.681755 0.0450145
-42.104 32.8385 -5.48359 0.738772 -0.67239 0.0459142
-42.7428 32.0584 -6.36725 0.744825 -0.66453 0.0602933
-43.1046 31.5698 -7.36123 0.743855 -0.665896 0.0570885
-43.4851 31.0246 -8.61738 0.738467 -0.670855 0.0679747
-43.7193 30.6448 -9.88904 0.737757 -0.671968 0.064602
-43.6634 30.5975 -11.0299 0.730073 -0.680416 0.0634654
-43.5781 30.5783 -12.3123 0.723296 -0.688665 0.0508178
-43.3951 30.6981 -13.4598 0.723506 -0.689692 0.0293106
-43.142 30.9641 -14.8234 0.709515 -0.702524 -0.0304128
-42.7257 31.4689 -16.1262 0.697046 -0.704454 -0.133686
-41.9149 32.125 -16.9619 0.502538 -0.860158 -0.0348282
-40.9967 32.5652 -17.5594 0.372954 -0.92472 0.0577907
-39.8562 33.0217 -18.006 0.357744 -0.923235 0.129068
-38.8235 33.3136 -18.3385 0.354713 -0.916332 0.180448
-37.647 33.7323 -18.387 0.356353 -0.888155 0.285261
-36.634 34.1974 -18.3857 0.485502 -0.800585 0.351079
-35.624 34.9203 -18.2976 0.569184 -0.761526 0.310012
-34.6935 35.5636 -18.4064 0.574433 -0.792167 0.2039
-33.8229 36.0687 -18.8761 0.523858 -0.839536 0.131659
-33.8296 35.9561 -20.0145 0.626088 -0.77798 0.0437088
-34.6236 35.285 -20.4241 0.65127 -0.758753 -0.00636971
-35.536 34.5641 -20.3901 0.583746 -0.807993 0.0790799
-36.6926 33.8034 -20.3837 0.5046 -0.85881 0.088449
-37.9033 33.234 -20.409 0.2778 -0.950008 0.142521
-39.0173 32.9383 -20.3298 0.22455 -0.965415 0.125277
-40.5776 32.5742 -20.3626 0.259525 -0.964053 0.0567287
-41.6843 32.2227 -20.4253 0.350147 -0.936532 0.0111494
-43.1534 31.554 -20.4071 0.443445 -0.895789 0.0121615
-43.4979 31.394 -19.3088 0.504596 -0.862868 -0.00133736
-43.7408 31.1465 -18.164 0.574931 -0.739287 -0.350584
-44.2728 30.0521 -17.9714 0.898868 -0.416073 -0.13745
-44.7417 29.0288 -17.9 0.926064 -0.371137 -0.0017028
-45.1875 27.9689 -17.896 0.84467 -0.482601 0.23158
-45.6838 26.9784 -18.4709 0.606952 -0.724839 0.22349
-45.6965 26.8245 -19.6247 0.735649 -0.676891 0.0252447
-46.2765 26.2652 -20.3639 0.667329 -0.732378 -0.13142
-47.5183 25.5199 -20.3162 0.353027 -0.933781 -0.0584598
-48.7798 25.1236 -20.2452 0.241842 -0.97027 0.00940298
-50.0727 24.8115 -20.2223 0.220774 -0.974535 0.0300852
-51.4185 24.5271 -20.1276 0.207347 -0.978152 0.0150074
-52.8307 24.2262 -20.1038 0.209727 -0.977555 0.0199803
-54.0223 23.9703 -20.1208 0.208971 -0.977761 0.0177465
-55.67 23.6145 -20.1136 0.211065 -0.97735 0.0154309
-57.0402 23.328 -20.2 0.200726 -0.979542 0.0143708
-58.291 23.0802 -20.2314 0.187306 -0.982286 0.00544912
-59.5466 22.8565 -20.3616 0.17031 -0.985258 0.0161219
-60.7743 22.6604 -20.257 0.14158 -0.989831 0.0137636
-61.7225 22.5331 -19.7577 0.128463 -0.991703 0.00478979
-61.4016 22.587 -18.6444 0.140994 -0.989949 0.0103612
-60.7652 22.6881 -17.691 0.148923 -0.988834 0.00532745
-60.35 22.7573 -16.6003 0.163646 -0.986502 -0.00217785
-59.8432 22.842 -15.5917 0.183286 -0.983058 0.00110578
-59.4275 22.9232 -14.335 0.189625 -0.981844 0.004963
-59.3034 22.9531 -13.1897 0.180821 -0.983486 0.00467995
-59.173 22.9873 -11.8902 0.201243 -0.979464 0.0113424
-59.0731 23.0226 -10.6191 0.202967 -0.979151 0.0064147
-59.052 23.0361 -9.42691 0.195816 -0.980597 0.00929597
-59.1559 23.02 -8.2536 0.192834 -0.981231 0.000124362
-59.3176 22.9909 -6.79301 0.177063 -0.984194 0.0032047
-59.2704 22.9955 -5.4804 0.173517 -0.984757 -0.0120689
-59.0335 23.0252 -4.15001 0.200284 -0.979643 -0.0136205
-58.701 23.0763 -3.04529 0.19892 -0.979887 -0.0158866
-58.3831 23.1243 -1.61819 0.213685 -0.976848 -0.0100244
-58.3114 23.1206 -0.0295043 0.211343 -0.977354 -0.0106794
-58.1074 23.1453 1.31572 0.208899 -0.97778 -0.017527
-57.9874 23.1451 2.80108 0.202279 -0.979175 -0.0172897
-58.0921 23.0946 4.09354 0.202013 -0.979026 -0.0264514
-58.1761 23.0533 5.52844 0.188772 -0.9819 -0.0153948
-58.2064 23.0259 7.0959 0.188902 -0.981915 -0.0126202
-58.217 22.998 8.36015 0.187183 -0.982106 -0.0207572
-57.9959 23.0106 9.4873 0.191579 -0.980887 -0.034034
-57.9469 22.9725 10.7882 0.202843 -0.978408 -0.0396454
-57.9754 22.9244 11.968 0.178088 -0.983453 -0.0332265
-58.0213 22.8727 13.2163 0.178585 -0.983307 -0.0348515
-58.3234 22.7899 14.4164 0.185131 -0.982652 -0.0109997
-58.6553 22.706 15.7411 0.172532 -0.984751 -0.0211795
-58.9972 22.6304 16.9888 0.156047 -0.987623 -0.0156627
-59.3785 22.556 18.0644 0.161869 -0.986775 -0.00856929
-59.3393 22.5479 19.4268 0.157843 -0.987368 -0.013789
-58.2018 22.7291 20.1008 0.175409 -0.984397 -0.013898
-56.9614 22.9514 20.2853 0.18124 -0.983311 -0.0158873
-55.6791 23.1929 20.3153 0.189959 -0.981638 -0.0173949
-54.332 23.4613 20.3023 0.194473 -0.980737 -0.0182851
-52.9247 23.7496 20.2953 0.20013 -0.979421 -0.0260277
-51.7274 24.0011 20.3443 0.213012 -0.976648 -0.027997
-50.1529 24.3767 20.2875 0.243606 -0.969474 -0.0278647
-49.0295 24.6835 20.1985 0.291953 -0.953777 -0.0580442
-47.7841 25.11 20.2295 0.348428 -0.936018 -0.030116
-46.6057 25.5727 20.3181 0.363909 -0.929307 -0.0629141
-45.4513 26.1855 20.0461 0.481157 -0.875125 -0.0508048
-45.2934 26.3371 18.9551 0.463303 -0.883011 -0.0751144
-45.0245 26.7813 17.9668 0.632547 -0.594025 -0.497009
-44.4778 27.8535 17.8463 0.917464 -0.378111 -0.120826
-44.0262 28.9164 17.786 0.892987 -0.441283 0.00506468
-43.4134 30.0068 17.7449 0.910207 -0.324211 0.25606
-43.4361 29.7729 17.1086 0.827984 -0.547801 0.119817
-44.0724 28.8094 16.3422 0.847721 -0.529667 -0.0167068
-44.6557 28.039 15.761 0.787926 -0.603645 -0.109475
-45.3571 27.3517 15.0846 0.742894 -0.650375 -0.158495
-46.0089 26.835 14.3286 0.621502 -0.747367 -0.224258
-46.9095 26.3987 13.4527 0.545534 -0.817887 -0.182902
-48.0228 25.9208 12.3943 0.434768 -0.897199 -0.0775239
-48.7765 25.6234 11.5312 0.428049 -0.90096 -0.0689878
-49.6451 25.3283 10.5132 0.387932 -0.91672 -0.0955653
-50.4874 25.0718 9.54293 0.363315 -0.926959 -0.0892199
-51.2481 24.8606 8.53509 0.350167 -0.934899 -0.057592
-51.9028 24.6968 7.41835 0.321742 -0.944293 -0.0692284
-52.6312 24.5304 5.91524 0.315163 -0.948094 -0.0414123
-53.0006 24.4455 4.79847 0.31717 -0.947893 -0.0299559
-53.8516 24.2071 3.43882 0.308683 -0.950814 -0.0258205
-54.1299 24.1634 2.15433 0.303692 -0.951974 -0.0389474
-54.0098 24.2386 0.713813 0.292657 -0.955918 -0.0239429
-53.7991 24.3401 -0.627486 0.303862 -0.952499 -0.0203552
-53.4979 24.4697 -1.77455 0.319119 -0.947494 -0.0204374
-53.0314 24.6602 -2.91871 0.342889 -0.939031 -0.0254442
-52.523 24.8685 -4.14577 0.334065 -0.942495 -0.0101734
-51.5592 25.2337 -4.77965 0.371775 -0.9279 -0.012025
-50.6369 25.6299 -5.38144 0.393854 -0.919118 0.00383488
-49.3199 26.2256 -5.75876 0.442396 -0.896738 0.012112
-48.3033 26.783 -5.82369 0.515938 -0.856295 -0.0238095
-47.1824 27.5509 -5.72196 0.635243 -0.772145 0.0160849
-46.35 28.2675 -5.44527 0.668823 -0.7421 0.0443146
-45.5205 29.0918 -4.87552 0.712277 -0.701551 0.0220756
-44.7518 29.9081 -4.46 0.721478 -0.69242 0.00488145
-43.9778 30.7871 -4.00499 0.752712 -0.658083 0.0187529
-43.1309 31.7836 -3.43397 0.760722 -0.648884 0.0154807
-42.4261 32.623 -2.75003 0.757041 -0.65326 0.00290602
-41.8367 33.2782 -1.94774 0.741674 -0.670639 0.0127557
-41.0523 34.147 -1.08849 0.74924 -0.661802 -0.025623
-40.3278 34.9022 -0.311655 0.723719 -0.689687 -0.0237039
-39.606 35.5904 0.342035 0.698256 -0.715336 -0.0262761
-38.7673 36.3574 1.20452 0.694439 -0.718199 -0.0440927
-38.0764 36.9793 1.98165 0.702172 -0.709369 -0.0612394
-37.2727 37.6353 2.77886 0.656476 -0.750743 -0.073599
-36.5645 38.1685 3.68138 0.655033 -0.752035 -0.0733122
-35.7114 38.8042 4.47514 0.64426 -0.757401 -0.106177
-34.9653 39.3168 5.27165 0.629492 -0.76613 -0.129363
-34.1872 39.8326 5.93335 0.618998 -0.772365 -0.142458
-33.4129 40.3335 6.70185 0.630289 -0.761707 -0.149657
-32.7147 40.6916 7.66829 0.616409 -0.768964 -0.169439
-32.1944 40.8619 8.73524 0.612222 -0.773332 -0.164096
-31.7599 40.9117 9.80999 0.606715 -0.764074 -0.219291
-31.6413 40.5431 11.173 0.596172 -0.75776 -0.26529
-31.6929 40.0174 12.4535 0.606772 -0.735405 -0.301674
-31.8016 39.4583 13.5088 0.610264 -0.717698 -0.335392
-32.1147 38.6248 14.69 0.612156 -0.711787 -0.344419
-32.6081 37.5842 15.9037 0.628629 -0.691133 -0.356334
-33.0552 36.8076 16.6131 0.616986 -0.693204 -0.372518
-33.6497 36.0035 17.1145 0.613535 -0.688121 -0.387382
-34.2043 35.101 17.8415 0.594936 -0.686691 -0.417685
-33.3536 35.8352 17.8972 0.626147 -0.681993 -0.377919
-32.4392 36.7349 17.8182 0.646602 -0.677646 -0.350276
-31.5558 37.5719 17.8824 0.673178 -0.667266 -0.318711
-30.6508 38.5293 17.7865 0.673379 -0.680705 -0.287798
-29.8005 39.3141 17.8505 0.664995 -0.699413 -0.261923
-28.9561 40.1254 17.8419 0.663537 -0.705043 -0.250266
-28.0404 41.0351 17.7886 0.690563 -0.684509 -0.233603
-27.2249 41.8415 17.7684 0.667301 -0.706677 -0.235178
-26.3119 42.6592 18.0092 0.69546 -0.685445 -0.21504
-25.956 42.9086 19.0252 0.739137 -0.670851 -0.0602333
-25.6868 43.1597 20.2782 0.712026 -0.702152 -0.000985129
-24.6902 44.1382 20.4057 0.693561 -0.720246 -0.014796
-23.7189 45.0643 20.4021 0.681258 -0.731616 -0.024992
-22.7877 45.9112 20.3676 0.658272 -0.752609 -0.0151165
-21.9194 46.6476 20.43 0.638053 -0.769983 -0.00385703
-20.9199 47.4256 20.3964 0.608877 -0.793263 0.00160308
-19.9419 48.1425 20.3504 0.584772 -0.811144 0.00406579
-18.6863 49.0288 20.1183 0.572986 -0.819565 0.000255676
-18.5484 49.1241 19.0005 0.571475 -0.820619 -0.000378262
-18.199 49.3532 18.0438 0.561336 -0.827295 0.0220037
-18.1363 49.3956 18.0059 0.577102 -0.816501 0.016705
-49.6043 24.6152 17.8477 0.255151 -0.965666 -0.0488489
-50.9032 24.2856 17.9142 0.237761 -0.970346 -0.0425648
-52.3441 23.9549 17.9491 0.21337 -0.975946 -0.0439227
-54.0004 23.5863 17.9452 0.218537 -0.975328 -0.0312485
-55.3332 23.3026 18.0078 0.199182 -0.979781 -0.0187301
-56.5741 23.0572 17.8157 0.182464 -0.983136 -0.0122567
-56.4363 23.1053 16.5152 0.206521 -0.978281 -0.0177591
-56.0915 23.2153 15.11 0.209753 -0.977251 -0.0313725
-55.876 23.3053 13.862 0.218136 -0.975416 -0.0310756
-55.7308 23.4085 12.1002 0.235454 -0.971127 -0.0383952
-55.6377 23.4777 10.8488 0.224959 -0.97377 -0.0341491
-55.7481 23.4924 9.59223 0.222556 -0.974584 -0.0255752
-55.8746 23.5211 8.03044 0.240702 -0.970261 -0.0249231
-55.9218 23.541 6.71854 0.245167 -0.969114 -0.0266603
-55.5577 23.6676 5.51796 0.258557 -0.965726 -0.0228446
-55.2384 23.7522 5.58398 0.262047 -0.964849 -0.0199356
-54.719 23.8596 6.79725 0.26643 -0.963296 -0.0327916
-54.0409 23.9984 8.12178 0.278065 -0.959895 -0.0357934
-53.506 24.1087 9.20285 0.274342 -0.960737 -0.0414951
-52.8186 24.2549 10.2714 0.271243 -0.960966 -0.0543533
-51.9925 24.4465 11.1529 0.299435 -0.952259 -0.0595151
-51.1215 24.6497 12.1015 0.309465 -0.948289 -0.0705706
-50.255 24.8482 13.2693 0.323269 -0.942844 -0.0808833
-49.2088 25.1 14.2824 0.377283 -0.915052 -0.14141
-48.1984 25.3647 15.0979 0.400604 -0.901086 -0.161515
-47.2261 25.6968 15.9327 0.468483 -0.865821 -0.174728
-46.8149 25.7195 17.0455 0.447115 -0.885729 -0.105743
-47.7105 25.2625 17.6718 0.391326 -0.916811 -0.0758787
-49.0777 24.757 17.7956 0.295096 -0.953194 -0.0508273
-48.998 24.7434 19.0057 0.315463 -0.948721 -0.0202587
-50.2692 24.3963 19.0992 0.254454 -0.965858 -0.0471116
-51.4536 24.1007 19.0572 0.23304 -0.971362 -0.0442116
-53.0175 23.7636 19.1806 0.212239 -0.976516 -0.036466
-54.3373 23.4858 19.1294 0.204158 -0.978682 -0.0223055
-55.6323 23.2211 19.1697 0.196294 -0.980418 -0.0149331
-56.9062 22.9801 19.0486 0.181125 -0.983363 -0.0138446
-58.1227 22.7634 18.7612 0.174518 -0.984589 -0.0113567
-57.9713 22.8038 17.5243 0.17462 -0.9846 -0.00815569
-57.5781 22.8845 16.3259 0.187832 -0.981951 -0.0215501
-57.2277 22.9894 14.9356 0.187929 -0.981789 -0.027724
-56.96 23.0744 13.7233 0.205606 -0.978123 -0.0316573
-56.8747 23.1594 11.9847 0.208346 -0.97736 -0.0365893
-56.7714 23.2242 10.608 0.223274 -0.97423 -0.0318643
-56.8715 23.2474 9.38571 0.213709 -0.976346 -0.0328063
-57.0506 23.2398 8.13235 0.215189 -0.976377 -0.00268581
-57.05 23.273 6.542 0.211046 -0.977225 -0.0221499
-56.9056 23.3335 5.29328 0.226682 -0.973774 -0.0194843
-56.8562 23.3671 3.94214 0.227283 -0.973748 -0.0125202
-56.8419 23.3987 2.67474 0.245436 -0.969166 -0.0218856
-56.9308 23.4032 1.37893 0.227853 -0.973588 -0.0144436
-57.0779 23.3889 0.158638 0.228177 -0.973327 -0.0228931
-57.1921 23.3867 -1.30995 0.24309 -0.969791 -0.0188042
-57.3049 23.388 -2.64312 0.233957 -0.971976 -0.0229653
-57.7914 23.2903 -4.30731 0.232584 -0.972559 -0.00557809
-58.0891 23.2278 -5.50115 0.231212 -0.972885 -0.00587661
-58.1661 23.2168 -6.73898 0.220277 -0.975398 0.00613894
-57.9641 23.2599 -7.9761 0.220291 -0.975387 -0.00544299
-57.8754 23.2737 -9.55184 0.224827 -0.974253 0.0139749
-57.9753 23.246 -11.1402 0.210957 -0.977432 0.00199315
-58.1312 23.1962 -12.4883 0.214143 -0.976748 0.0099926
-58.2208 23.1687 -13.8524 0.20459 -0.97878 0.0115194
-58.4059 23.1211 -15.1006 0.201138 -0.979557 0.0033798
-59.151 22.9649 -16.7419 0.178062 -0.983999 0.00624982
-59.706 22.8636 -17.9289 0.168967 -0.985576 0.0069845
-59.6657 22.8557 -19.0431 0.170504 -0.98527 0.0130586
-58.3672 23.0854 -19.0735 0.179089 -0.983731 0.0141765
-56.6895 23.4198 -18.95 0.202599 -0.979121 0.0166065
-55.1561 23.7465 -18.9239 0.211488 -0.977184 0.0195894
-53.753 24.0546 -18.931 0.215148 -0.976148 0.0284698
-52.5228 24.3199 -18.9588 0.217428 -0.975343 0.0378096
-51.218 24.6049 -19.0223 0.210591 -0.977053 0.0319237
-49.7355 24.9493 -19.081 0.227403 -0.970978 0.0725745
-48.345 25.2873 -19.0457 0.205308 -0.967142 0.149949
-47.0996 25.6918 -19.1703 0.415469 -0.904812 0.0932787
-46.5272 26.2355 -18.5211 0.611938 -0.722706 0.321269
-46.2467 26.8827 -17.3747 0.649186 -0.733228 0.202175
-45.4856 27.7916 -16.8867 0.765558 -0.623001 0.141383
-44.6363 29.1738 -16.799 0.830276 -0.556718 0.0265702
-43.8848 30.2942 -16.5109 0.792187 -0.587537 -0.165044
-43.9691 30.0535 -15.3748 0.772595 -0.634806 -0.0109187
-44.1829 29.8192 -14.1743 0.752226 -0.65789 0.0316074
-44.3093 29.7444 -12.868 0.735233 -0.675671 0.0538557
-44.4252 29.7469 -11.4064 0.725591 -0.684868 0.0664606
-44.5041 29.7753 -10.1395 0.729868 -0.681359 0.0538819
-44.2921 30.1445 -8.62468 0.725897 -0.685063 0.0613327
-44.0264 30.5349 -7.43182 0.739758 -0.670616 0.0550262
-43.6157 31.0851 -6.30136 0.749916 -0.659667 0.0496409
-43.1119 31.7281 -5.27546 0.752008 -0.6578 0.0418684
-43.5632 31.2164 -5.11696 0.752574 -0.657416 0.0374434
-44.2803 30.3841 -5.48833 0.740965 -0.670843 0.0267247
-45.0314 29.5498 -6.00122 0.728561 -0.683314 0.0473761
-45.897 28.6304 -6.45745 0.708584 -0.704362 0.0410734
-46.8905 27.7629 -6.8855 0.632749 -0.773612 0.0329675
-47.9375 26.9996 -7.01856 0.576648 -0.815855 0.0431127
-49.1837 26.291 -6.94126 0.456803 -0.889535 0.000817761
-50.5099 25.6764 -6.60512 0.396782 -0.917859 0.00991606
-51.6658 25.1974 -6.13549 0.367129 -0.929965 0.00434359
-52.689 24.8146 -5.48561 0.341993 -0.939622 4.3869e-05
-53.5761 24.5009 -4.60852 0.317396 -0.948286 -0.00368944
-54.0514 24.3168 -3.41373 0.307922 -0.951014 -0.0207403
-54.5537 24.141 -2.11697 0.296495 -0.954749 -0.0232354
-54.8707 24.0121 -0.896328 0.294823 -0.955271 -0.0231514
-55.0168 23.9449 0.305912 0.288563 -0.957331 -0.0157665
-55.186 23.8616 1.73447 0.281045 -0.959483 -0.0201416
-55.0736 23.8495 3.16301 0.275975 -0.960874 -0.0236321
-54.5655 23.9645 4.52395 0.276756 -0.960717 -0.0207004
-53.8481 24.1462 5.7063 0.2811 -0.959319 -0.0262566
-53.3027 24.2568 7.18599 0.290762 -0.956161 -0.0348298
-52.5432 24.4309 8.45842 0.287114 -0.956715 -0.047333
-51.8861 24.5812 9.59921 0.302934 -0.950803 -0.0648407
-51.0362 24.7925 10.5052 0.333545 -0.939974 -0.0720817
-50.1936 25.0232 11.5821 0.358165 -0.931445 -0.0617341
-49.3827 25.2571 12.5781 0.39417 -0.912204 -0.111866
-48.344 25.5829 13.569 0.448459 -0.879966 -0.155265
-47.3485 25.912 14.4114 0.439875 -0.883527 -0.160702
-46.3742 26.3474 15.3509 0.536297 -0.827219 -0.167492
-45.4315 26.9096 16.4845 0.731994 -0.656253 -0.169027
-45.7006 26.5007 17.0975 0.607534 -0.752886 -0.253111
-45.8732 26.0912 18.2843 0.549286 -0.819591 -0.16295
-47.2632 25.3747 18.9336 0.387604 -0.921013 -0.0387003
-48.4792 24.9167 18.9673 0.315464 -0.948721 -0.0202587
56.0967 24.6739 7.82928 -0.306478 -0.95161 0.022588
55.8374 24.7322 6.40868 -0.321789 -0.946796 0.00534726
55.7807 24.7456 5.28006 -0.312533 -0.949895 0.00479571
54.8044 25.1253 5.85194 -0.3774 -0.925675 0.0177566
53.9828 25.5022 6.67014 -0.424378 -0.905107 0.0216977
52.9966 25.9628 7.35463 -0.444435 -0.895561 -0.00985666
52.0061 26.4682 7.87488 -0.466387 -0.88441 -0.0140984
51.0154 27.026 8.24728 -0.525911 -0.850012 -0.0253908
49.699 27.8826 8.56323 -0.568034 -0.823001 -0.00276105
48.5907 28.6984 8.6862 -0.623226 -0.78176 0.0209858
47.6832 29.4706 8.70146 -0.674838 -0.737828 -0.00316144
46.7524 30.3333 8.71704 -0.692741 -0.720967 -0.0178132
46.1049 30.9544 9.10053 -0.70528 -0.708773 -0.0139992
46.1965 30.83 10.4121 -0.703081 -0.71095 -0.0150757
46.2138 30.7652 11.9184 -0.706138 -0.707111 -0.0361542
46.1442 30.7756 13.1372 -0.721348 -0.691919 -0.0300417
45.8682 30.9881 14.3946 -0.742402 -0.666189 -0.070855
45.9781 30.7592 15.3536 -0.767394 -0.637469 -0.0528789
46.9113 29.6538 15.8127 -0.724314 -0.682657 -0.0907179
47.6462 28.7759 16.5353 -0.64952 -0.744937 -0.145132
48.2437 28.2108 17.3573 -0.569782 -0.814652 -0.106848
48.8918 27.6663 18.0441 -0.533885 -0.83599 -0.122958
50.0335 27.0026 18.0163 -0.451817 -0.885111 -0.1059
51.2617 26.4195 17.9499 -0.431501 -0.900609 -0.0506783
52.5613 25.8651 17.8889 -0.377694 -0.925465 -0.0274497
53.6153 25.4584 17.9725 -0.34528 -0.938157 -0.0233672
55.0526 24.9605 17.9449 -0.315093 -0.948761 -0.0224356
56.1242 24.6123 17.898 -0.291528 -0.95644 -0.0120393
57.2965 24.2685 18.0549 -0.268687 -0.963195 -0.00794128
58.6813 23.9048 18.0753 -0.232847 -0.972235 -0.0232577
59.8292 23.6442 17.218 -0.216035 -0.976381 -0.00316319
60.2355 23.5646 16.0969 -0.201091 -0.979388 -0.0190006
60.1486 23.6 14.7715 -0.206954 -0.978267 -0.0127998
59.3514 23.7905 13.357 -0.24511 -0.969488 0.00368591
58.635 23.9769 12.2277 -0.263423 -0.96466 -0.00317336
57.9475 24.1626 11.2923 -0.274337 -0.961517 0.00937005
57.2282 24.3665 10.1024 -0.284242 -0.958704 0.00960136
56.5361 24.5576 8.8126 -0.3086 -0.950866 0.0249162
56.1899 24.6501 8.09065 -0.307262 -0.951315 0.0242326
57.1731 24.3313 7.65116 -0.28178 -0.95931 0.0180226
56.9615 24.3724 6.51873 -0.279563 -0.959956 0.0181448
56.8772 24.3868 5.38919 -0.290062 -0.956717 0.0229721
56.8472 24.3649 4.17982 -0.321089 -0.946548 0.0298552
56.8313 24.3324 2.65847 -0.300534 -0.953338 0.0287414
56.8834 24.2764 1.47325 -0.314509 -0.948582 0.0357239
56.6554 24.3209 0.303409 -0.304462 -0.952269 0.0173383
56.5244 24.3221 -1.07374 -0.316696 -0.947595 0.0405499
56.5821 24.2545 -2.18834 -0.299556 -0.953389 0.0362865
56.6866 24.1643 -3.54043 -0.302532 -0.951641 0.0531434
56.6423 24.1233 -4.70204 -0.307957 -0.950865 0.0319152
56.6197 24.0889 -5.83147 -0.306022 -0.951114 0.0416313
56.6249 24.035 -7.07196 -0.300088 -0.953187 0.0371596
56.5267 24.0044 -8.21583 -0.289693 -0.955328 0.0582353
56.6083 23.9151 -9.53137 -0.272393 -0.961232 0.0388049
56.8528 23.795 -10.6506 -0.277666 -0.959564 0.0461034
57.1483 23.6455 -12.0567 -0.252957 -0.966467 0.0442003
57.6162 23.4718 -13.176 -0.246983 -0.968165 0.0406864
58.2148 23.2875 -14.1379 -0.217903 -0.975209 0.0379582
58.7305 23.1345 -15.27 -0.205392 -0.97833 0.0261456
59.1044 23.0219 -16.4622 -0.208145 -0.977683 0.0284949
59.3366 22.9429 -17.72 -0.191804 -0.981348 0.0129121
59.2593 22.9323 -18.9363 -0.19076 -0.98123 0.0282583
58.0028 23.1774 -19.21 -0.205189 -0.978213 0.0301491
56.5801 23.4908 -19.2438 -0.216746 -0.975628 0.0342025
55.4571 23.7417 -19.1299 -0.233826 -0.971662 0.0326815
54.268 24.0437 -19.038 -0.255099 -0.965722 0.0480133
53.084 24.351 -18.9522 -0.252899 -0.965222 0.0662499
51.9215 24.6468 -19.0287 -0.266725 -0.960195 0.0797607
50.7154 25.0169 -18.9891 -0.306947 -0.946492 0.0996413
49.5262 25.4213 -18.9858 -0.349526 -0.930035 0.113135
48.4291 25.8408 -19.0026 -0.366688 -0.922167 0.121883
47.4024 26.2982 -18.9988 -0.407219 -0.901274 0.147911
46.3984 26.7875 -18.8722 -0.407169 -0.906016 0.0929935
46.6732 26.9153 -17.6777 -0.494245 -0.845353 0.20273
48.0573 26.3086 -17.0586 -0.46097 -0.872519 0.16192
49.1705 25.8498 -16.6483 -0.430768 -0.894865 0.116857
50.1995 25.4801 -16.2172 -0.337703 -0.933901 0.117411
51.1913 25.1859 -15.7213 -0.333702 -0.934726 0.122173
52.3462 24.873 -15.0302 -0.299989 -0.947803 0.108057
53.2971 24.6604 -13.9314 -0.319121 -0.945548 0.0602105
54.1278 24.4769 -13.0729 -0.29818 -0.951406 0.0766028
54.7404 24.372 -11.8823 -0.306045 -0.9494 0.0704636
55.1607 24.3035 -10.624 -0.31712 -0.946979 0.0507954
55.7168 24.2094 -9.44305 -0.304483 -0.949745 0.0726203
55.6907 24.2661 -8.3174 -0.32114 -0.946181 0.0401411
55.6769 24.3526 -6.8865 -0.325532 -0.944555 0.0429387
55.7247 24.4005 -5.41829 -0.313902 -0.948771 0.0360394
55.7899 24.4218 -4.20153 -0.3304 -0.942256 0.0534709
55.9203 24.4386 -3.19662 -0.320934 -0.946782 0.0246166
55.7791 24.5355 -1.70341 -0.328269 -0.94343 0.0437975
55.5265 24.6919 -0.09581 -0.322924 -0.945773 0.0351153
55.3946 24.7789 1.32068 -0.340625 -0.939833 0.0196604
55.0506 24.9374 2.44635 -0.35482 -0.934906 -0.00733163
54.7164 25.1194 3.75291 -0.401615 -0.914804 0.0423855
54.1143 25.4073 4.95788 -0.403159 -0.914989 0.0160347
53.1369 25.8898 5.88066 -0.443474 -0.896064 0.0200172
52.2867 26.3342 6.50271 -0.457561 -0.889177 -0.0012681
51.2935 26.888 6.95884 -0.5122 -0.858856 0.00168673
49.9823 27.6998 7.29827 -0.542439 -0.840079 0.00508321
48.8174 28.5282 7.54094 -0.596553 -0.802274 -0.0178539
47.8686 29.3006 7.54244 -0.639491 -0.76857 -0.0187669
46.7889 30.3004 7.51994 -0.690806 -0.723009 0.00678013
45.7455 31.3292 7.20905 -0.711358 -0.702751 -0.00694944
44.961 32.1367 6.7017 -0.716697 -0.69738 -0.0025731
44.1959 32.9236 6.34376 -0.71642 -0.697668 -0.0012166
44.0007 33.1238 6.5125 -0.716283 -0.697772 -0.00567681
44.4673 32.6332 7.48048 -0.711351 -0.702811 -0.00405342
45.0993 31.9659 9.00268 -0.715696 -0.69831 -0.0119523
45.3569 31.6766 10.3101 -0.713507 -0.700503 -0.0142704
45.4333 31.5715 11.4336 -0.716129 -0.697748 -0.0171566
45.3531 31.6196 12.6643 -0.725443 -0.687859 -0.0224895
45.1526 31.7925 13.8547 -0.731982 -0.680692 -0.0293327
44.6613 32.4017 15.2505 -0.778511 -0.627136 0.0249157
44.2385 33.0288 16.3034 -0.700701 -0.697208 0.151391
44.0213 33.3446 16.7527 -0.69653 -0.702997 0.143262
44.8518 32.3018 16.6196 -0.787752 -0.606584 0.102461
45.5459 31.2278 16.5316 -0.826387 -0.558284 -0.0197216
46.269 30.1709 16.705 -0.78274 -0.606107 -0.118408
47.1268 29.0597 17.3937 -0.653458 -0.731956 -0.192919
47.5994 28.4864 18.5219 -0.587302 -0.798661 -0.130522
48.5417 27.748 19.2334 -0.550576 -0.829567 -0.0915273
49.6868 27.0677 19.1366 -0.481527 -0.870522 -0.101601
50.7225 26.5523 19.1532 -0.405626 -0.90986 -0.0873124
51.8535 26.0995 19.0565 -0.372437 -0.925355 -0.0684807
53.2632 25.5424 19.1002 -0.3554 -0.93365 -0.0445611
54.3443 25.159 19.1352 -0.323043 -0.946131 -0.020456
55.4217 24.8069 19.106 -0.300068 -0.953634 -0.020808
56.6602 24.4346 19.1605 -0.276867 -0.960722 -0.017448
57.8246 24.1102 19.2926 -0.254108 -0.967116 -0.0107633
59.1945 23.7669 19.217 -0.22631 -0.973972 -0.0127551
60.3996 23.5093 18.5087 -0.200109 -0.979732 -0.00891227
61.0001 23.3959 17.5509 -0.188462 -0.981923 -0.00845587
61.3868 23.3383 16.423 -0.179142 -0.983822 0.00131918
61.4751 23.3274 15.299 -0.187998 -0.982145 -0.00436985
61.2469 23.3672 14.1023 -0.186117 -0.982504 0.0067738
60.4288 23.5375 12.8572 -0.212046 -0.977256 -0.00265089
59.8191 23.6736 11.8892 -0.224443 -0.974428 -0.000490704
59.0883 23.8509 10.9716 -0.241523 -0.970312 0.00485662
58.4368 24.0134 10.0442 -0.260283 -0.965274 0.0198945
57.8539 24.155 9.0498 -0.255342 -0.966693 0.0172874
57.3382 24.2894 8.00487 -0.28178 -0.95931 0.0180226
9.1794 51.2612 -16.107 -0.0460541 -0.997894 -0.0427774
9.77409 51.1347 -14.5768 -0.07299 -0.995044 -0.0673574
10.1933 51.0262 -13.3798 -0.097373 -0.993231 -0.0633257
10.3709 50.9414 -12.2119 -0.0963093 -0.993852 -0.0546113
10.4007 50.8746 -10.9152 -0.10413 -0.993708 -0.0403732
10.9892 50.7801 -9.87877 -0.103411 -0.994175 -0.0303781
12.2095 50.634 -9.74223 -0.129307 -0.991343 -0.0227713
13.4578 50.4504 -9.55202 -0.152246 -0.988311 -0.00794475
14.6166 50.2466 -9.32669 -0.192761 -0.981236 -0.00427811
15.7971 49.9904 -8.83693 -0.235447 -0.971825 0.0102421
16.8403 49.741 -8.25034 -0.270273 -0.962276 0.026306
17.9244 49.4632 -7.49585 -0.280728 -0.959077 0.0369286
19.0377 49.0962 -7.88365 -0.324713 -0.944745 0.0418845
19.9872 48.7005 -8.73605 -0.373987 -0.924931 0.0680843
20.985 48.2262 -9.41787 -0.401454 -0.912609 0.0773248
22.1893 47.5525 -10.2408 -0.459062 -0.884658 0.0814942
23.1698 46.9396 -10.7225 -0.498013 -0.857098 0.130039
24.4625 46.1102 -11.0707 -0.520249 -0.837476 0.166863
25.4403 45.4575 -11.2349 -0.527787 -0.82376 0.206622
26.4817 44.7592 -11.2855 -0.54698 -0.808539 0.216973
27.5791 44.0668 -11.1065 -0.549544 -0.80133 0.236373
28.7005 43.2687 -11.215 -0.547621 -0.79622 0.257134
28.7701 42.8363 -12.3802 -0.551876 -0.792734 0.258798
28.8425 42.2972 -13.6223 -0.570021 -0.765902 0.297424
29.008 41.6461 -14.9092 -0.574431 -0.756782 0.31193
28.1719 42.0724 -15.5088 -0.593931 -0.751021 0.288468
27.2232 42.8022 -15.5779 -0.599951 -0.755377 0.263561
25.9616 43.7632 -15.7044 -0.599865 -0.762502 0.24239
24.9958 44.4629 -16.0524 -0.62405 -0.758062 0.1886
24.0393 45.0575 -16.9674 -0.646494 -0.748744 0.144071
23.4873 45.3782 -18.0444 -0.65871 -0.744841 0.106361
22.5502 46.1894 -18.1713 -0.652307 -0.754661 0.070322
21.5696 46.9756 -18.1807 -0.595972 -0.801436 0.0501743
20.4193 47.7969 -18.0445 -0.550311 -0.833592 0.0477788
19.5616 48.3892 -17.1822 -0.529668 -0.84755 0.0318886
18.7789 48.8937 -16.2475 -0.499706 -0.866106 0.00795143
17.7854 49.4361 -15.7876 -0.450335 -0.892535 -0.0240932
16.5451 50.0212 -15.6735 -0.436389 -0.893373 -0.103575
15.4244 50.4697 -15.7619 -0.322354 -0.936391 -0.132926
14.0894 50.8748 -16.2726 -0.222262 -0.958652 -0.173702
13.1753 51.1418 -17.1628 -0.0823722 -0.987806 -0.131704
12.4098 51.2821 -18.0488 -0.0276126 -0.996282 -0.0816037
11.1722 51.319 -18.1318 -0.020087 -0.997868 -0.0620892
9.64133 51.3351 -18.0655 -0.00390377 -0.9988 -0.0488113
8.43979 51.345 -17.9998 -0.00292158 -0.999566 -0.0293071
8.85136 51.2943 -16.754 -0.0335043 -0.998856 -0.0341219
8.85355 51.2941 -16.7506 -0.0335047 -0.998856 -0.0341187
7.7859 51.3129 -16.255 -0.0335738 -0.998878 -0.0333865
7.02465 51.3538 -17.2658 -0.0240354 -0.999609 -0.0109023
6.1552 51.3741 -18.2274 -0.00196939 -0.999996 -0.00197124
5.33805 51.3771 -18.9833 -0.000638972 -0.999987 -0.00227877
6.5365 51.3771 -19.1432 0.00194836 -0.999946 -0.00933434
7.80188 51.3761 -19.2062 0.000331264 -0.999801 -0.0192184
9.01126 51.3781 -19.2202 -0.000492797 -0.999582 -0.0287664
10.1928 51.3804 -19.2737 -0.0019521 -0.999295 -0.0373151
11.3998 51.383 -19.2931 -0.00156081 -0.999414 -0.0340951
12.6864 51.359 -19.2406 -0.00823077 -0.998728 -0.0488812
13.6281 51.3365 -18.7847 -0.0234517 -0.993726 -0.109359
14.1305 51.1416 -17.7229 -0.0698174 -0.975398 -0.208635
15.1554 50.7859 -16.9285 -0.202035 -0.952391 -0.228327
16.3366 50.283 -16.8359 -0.456368 -0.881924 -0.118054
17.3878 49.71 -16.892 -0.49436 -0.866854 -0.0641024
18.3118 49.1456 -17.2247 -0.51645 -0.85605 0.00485591
18.9799 48.714 -18.2187 -0.528589 -0.848642 0.0200057
19.7468 48.1902 -19.1136 -0.547205 -0.836122 0.038298
20.8025 47.4694 -19.3234 -0.576168 -0.816713 0.0305141
21.7845 46.745 -19.3146 -0.624404 -0.779706 0.0437233
22.8125 45.878 -19.3041 -0.659624 -0.750589 0.0382256
23.8333 44.9517 -19.2947 -0.680164 -0.731428 0.048884
24.3438 44.553 -18.3873 -0.67275 -0.733945 0.0934463
24.9318 44.1971 -17.2928 -0.661606 -0.729062 0.173506
26.1024 43.3025 -16.786 -0.638691 -0.732695 0.233965
27.4238 42.2325 -16.6991 -0.617439 -0.736919 0.275172
28.5714 41.259 -16.7153 -0.618714 -0.724712 0.303291
29.687 40.3095 -16.7096 -0.61372 -0.71382 0.337356
30.3604 39.6906 -16.8108 -0.600109 -0.716399 0.355323
30.2084 40.4472 -15.4695 -0.602002 -0.721828 0.34109
29.8448 41.2702 -14.2732 -0.580825 -0.74799 0.320978
29.7606 41.8398 -13.08 -0.564685 -0.764309 0.311212
29.7416 42.3329 -11.872 -0.554401 -0.781862 0.284032
29.6581 42.7548 -10.7601 -0.549726 -0.795418 0.25517
29.7328 43.1109 -9.40209 -0.548423 -0.809107 0.211135
29.2538 43.4392 -9.3883 -0.548485 -0.809066 0.211134
28.2331 43.9895 -9.85223 -0.533571 -0.815195 0.225285
27.1424 44.6449 -10.0733 -0.530054 -0.824431 0.198316
26.0794 45.297 -10.1655 -0.533062 -0.829462 0.166845
24.8021 46.126 -9.94515 -0.503356 -0.849486 0.158131
23.6894 46.8198 -9.62438 -0.483993 -0.86335 0.142072
22.7267 47.3891 -9.2374 -0.457548 -0.881777 0.114223
21.7514 47.9583 -8.51031 -0.400594 -0.909206 0.113437
20.8156 48.4207 -7.86661 -0.384439 -0.920356 0.0717683
19.9442 48.8059 -7.15315 -0.340287 -0.939137 0.0471767
19.1162 49.1439 -6.13959 -0.320866 -0.946258 0.0404976
18.4239 49.4413 -4.95753 -0.289083 -0.955168 0.0625664
17.7155 49.5941 -6.13447 -0.296772 -0.954143 0.0389311
16.5756 49.8506 -7.03015 -0.238765 -0.970156 0.0422997
15.1076 50.1639 -7.84041 -0.208512 -0.977788 0.0213071
13.9367 50.3803 -8.26687 -0.164644 -0.986115 0.0196242
12.6444 50.5715 -8.50877 -0.125442 -0.992088 0.00496794
11.4245 50.7172 -8.66025 -0.107997 -0.994077 -0.012143
10.2051 50.8414 -8.73271 -0.0927497 -0.995647 -0.00917822
9.04268 50.9384 -8.61085 -0.07573 -0.997004 -0.0157653
9.17058 50.9565 -9.7297 -0.088203 -0.995716 -0.0265949
9.28173 50.9954 -11.1572 -0.0954792 -0.994433 -0.0445661
9.11318 51.0864 -12.7796 -0.0835132 -0.995303 -0.0489568
8.75092 51.1698 -13.9264 -0.0680883 -0.996619 -0.0458593
8.36217 51.256 -15.107 -0.0460517 -0.997894 -0.0427754
8.09222 51.2857 -15.7365 -0.0336486 -0.9989 -0.0326514
6.98835 51.3241 -15.3051 -0.0392135 -0.998964 -0.0210044
6.26932 51.365 -16.3372 -0.0364935 -0.999253 -0.00241632
5.18549 51.3861 -17.4576 -0.0145815 -0.999873 0.00645589
4.11617 51.3909 -18.2125 -0.0113489 -0.999841 0.0137567
2.95367 51.3881 -18.6285 -2.57173e-05 -0.999726 0.0234211
1.69283 51.3828 -18.8884 -0.00198333 -0.999822 0.0187553
0.120779 51.3847 -18.9501 -0.00116493 -0.999808 0.0195494
-1.21094 51.3882 -18.7668 -0.00156221 -0.999608 0.0269728
-2.60388 51.3857 -18.8382 0.00628174 -0.999384 0.034515
-4.31747 51.3753 -18.954 0.00340842 -0.999257 0.0383668
-5.64957 51.3708 -18.9602 0.00361243 -0.999447 0.0330526
-6.94713 51.3667 -18.9534 0.00878008 -0.999555 0.0284134
-8.29056 51.3647 -18.9444 0.000642272 -0.999815 0.019217
-9.51393 51.3719 -18.8227 -0.000460884 -0.99998 0.00628857
-10.7659 51.3757 -18.9659 0.000504681 -0.999987 -0.0050307
-12.0332 51.3649 -18.5503 0.012952 -0.999519 -0.0281677
-13.143 51.3285 -18.1346 0.0209091 -0.998715 -0.0461625
-14.2509 51.2348 -17.5426 0.0881821 -0.991513 -0.0924774
-15.2412 51.0278 -16.8211 0.171377 -0.976876 -0.126482
-16.2179 50.7081 -16.2174 0.233917 -0.966803 -0.102835
-17.0026 50.3868 -15.3863 0.280075 -0.952339 -0.120862
-17.6708 50.0793 -14.3738 0.307001 -0.946897 -0.0955819
-18.0996 49.8106 -13.1914 0.347983 -0.934129 -0.0756061
-18.3331 49.6614 -12.0483 0.302049 -0.949294 -0.0872181
-18.4054 49.5667 -10.8687 0.317034 -0.94691 -0.0532838
-18.4491 49.4857 -9.64493 0.289989 -0.954681 -0.0670148
-18.3727 49.4571 -8.18586 0.280333 -0.95906 -0.0393374
-18.4256 49.3738 -6.6872 0.298959 -0.952886 -0.0446609
-18.5042 49.2871 -5.37065 0.271049 -0.961622 -0.0423348
-18.5451 49.2146 -4.0096 0.300948 -0.952564 -0.0440343
-18.6133 49.1369 -2.52896 0.295009 -0.954877 -0.0342146
-18.6522 49.0779 -1.10014 0.295547 -0.954705 -0.034323
-18.6407 49.0431 0.234265 0.3013 -0.953222 -0.0241789
-18.6263 49.0125 1.60657 0.300751 -0.953308 -0.0263979
-18.7154 48.9473 3.16618 0.307569 -0.951391 -0.0159271
-18.4157 49.017 4.35465 0.284974 -0.958365 -0.0171
-17.7249 49.2086 5.38825 0.280898 -0.959686 -0.00828592
-16.8326 49.4583 6.25658 0.266611 -0.963753 -0.009953
-15.7424 49.7417 7.15577 0.231464 -0.972738 0.0056428
-14.7153 49.9791 7.71989 0.21453 -0.976461 0.0223641
-13.523 50.2277 8.13009 0.188194 -0.981862 0.0230199
-12.1811 50.4619 8.26127 0.161149 -0.986384 0.0328389
-10.5409 50.6845 8.24975 0.122325 -0.991646 0.0405658
-9.10245 50.8319 7.82058 0.105261 -0.993699 0.0385145
-8.20909 50.8951 7.03315 0.0953424 -0.994863 0.0340079
-7.19089 50.9542 5.92552 0.084387 -0.995989 0.0297571
-6.30158 50.9982 4.93358 0.0696037 -0.997423 0.0174063
-5.46483 51.0417 4.01015 0.0631809 -0.997862 0.0167266
-4.41573 51.0934 2.98572 0.0610252 -0.997964 0.0178423
-3.33038 51.1469 2.04181 0.047475 -0.998858 0.00473108
-2.28697 51.1873 0.938506 0.0338954 -0.999413 0.00493011
-1.41436 51.2143 0.060719 0.0350413 -0.999386 -0.000153896
-0.538936 51.2375 -0.851539 0.0206862 -0.999782 0.00294205
0.529072 51.2403 -1.91823 0.000138676 -0.999992 0.00409195
1.28955 51.2333 -2.81829 -0.0222352 -0.999638 -0.0151559
2.35887 51.227 -3.79281 -0.0233546 -0.999529 -0.0198902
3.32329 51.2179 -4.86023 -0.032713 -0.999349 -0.0152042
4.45434 51.1868 -5.9733 -0.0485853 -0.998799 -0.00636947
5.27235 51.1551 -6.84651 -0.0668894 -0.997262 -0.0315256
6.45825 51.1077 -7.80068 -0.0632509 -0.997494 -0.0317039
7.61609 51.056 -8.92563 -0.0773336 -0.996494 -0.0319265
7.96055 51.0661 -10.052 -0.0866506 -0.995746 -0.0313285
8.02326 51.1176 -11.5121 -0.0839911 -0.995643 -0.0405133
7.92545 51.1781 -12.7172 -0.0741016 -0.99641 -0.0408434
7.50195 51.2509 -13.8297 -0.0674627 -0.997271 -0.0293064
7.11963 51.3111 -15.052 -0.046551 -0.998376 -0.0323763
-46.07 28.3957 -7.79026 0.67071 -0.739422 0.03617
-45.2687 29.2093 -7.36069 0.71335 -0.699172 0.0443719
-45.0733 29.3632 -8.07615 0.713349 -0.699171 0.0443786
-45.2286 29.0784 -9.38648 0.700325 -0.710947 0.0625559
-45.286 28.9429 -10.5376 0.696358 -0.716028 0.0488823
-45.2001 28.8882 -11.9823 0.68838 -0.721272 0.0767591
-45.0902 28.8805 -13.1955 0.729273 -0.681753 0.0580758
-45.0018 28.8759 -14.3176 0.728811 -0.681974 0.0612099
-45.0317 28.6946 -15.486 0.746998 -0.655554 0.110646
-45.7602 27.7847 -15.7689 0.766167 -0.630304 0.125319
-46.7078 26.7405 -16.3422 0.659598 -0.73273 0.167442
-47.286 26.1186 -17.2715 0.493287 -0.838379 0.231924
-48.116 25.5737 -17.9294 0.343509 -0.918168 0.197408
-49.3661 25.1586 -17.8913 0.320879 -0.94172 0.100998
-50.5372 24.8211 -17.8992 0.238622 -0.969337 0.0581794
-51.8285 24.5241 -17.8755 0.218615 -0.973705 0.0640708
-52.9349 24.2737 -17.7895 0.218455 -0.974976 0.0412228
-54.2696 23.9701 -17.7445 0.220409 -0.975007 0.0279556
-55.9014 23.6088 -17.7095 0.211255 -0.977281 0.0171264
-57.0764 23.3596 -17.8116 0.198536 -0.980037 0.0105208
-58.3491 23.111 -17.7798 0.185273 -0.98259 0.0102261
-57.841 23.2161 -16.7827 0.195246 -0.980699 0.0103703
-57.3659 23.3253 -15.7614 0.205683 -0.97855 0.0115558
-57.1306 23.3957 -14.2768 0.216381 -0.976239 0.0105173
-57.0716 23.4215 -12.9917 0.232136 -0.972547 0.0162732
-56.9061 23.4811 -11.8729 0.235315 -0.971767 0.017199
-56.8437 23.5049 -10.6866 0.241684 -0.970253 0.00951871
-56.7445 23.5412 -9.48605 0.26321 -0.964604 0.0160892
-56.7841 23.5446 -8.34396 0.27811 -0.960313 -0.0119323
-56.9716 23.4954 -6.91192 0.260277 -0.965527 0.00351245
-56.9271 23.5062 -5.65967 0.254634 -0.967027 -0.00457468
-56.5868 23.5941 -4.48778 0.265864 -0.963974 -0.00836472
-56.191 23.6907 -3.16894 0.265253 -0.963958 -0.0185732
-56.0744 23.6883 -1.95867 0.257862 -0.965871 -0.0223921
-55.5626 23.8414 -2.30941 0.279925 -0.959861 -0.0175907
-55.2833 23.9411 -3.33024 0.27453 -0.961415 -0.0136746
-54.8853 24.079 -4.3935 0.283204 -0.958972 -0.0108308
-54.312 24.2668 -5.43044 0.305636 -0.952099 -0.00461327
-53.4702 24.543 -6.28553 0.323839 -0.946091 0.00629898
-52.2465 24.9777 -7.1209 0.345857 -0.938264 0.0052534
-51.172 25.3903 -7.60877 0.380717 -0.92465 0.00871166
-50.1282 25.825 -7.90885 0.412395 -0.910486 0.0307593
-49.0669 26.3245 -8.12426 0.445633 -0.894752 0.0288138
-47.9241 26.9768 -8.19034 0.531802 -0.846791 0.0114726
-46.9923 27.6371 -8.10181 0.598248 -0.799056 0.050628
-46.2092 28.2805 -7.85248 0.624906 -0.779115 0.0458047
52.0621 24.8184 -16.4728 -0.299895 -0.949194 0.0953612
53.1557 24.5462 -15.8189 -0.279176 -0.957578 0.0714512
54.1072 24.3437 -14.7821 -0.276972 -0.958886 0.0618343
54.861 24.1896 -13.888 -0.271325 -0.960901 0.0536955
55.4474 24.0763 -12.8929 -0.284277 -0.956639 0.063457
56.033 23.9501 -12.1177 -0.283241 -0.957475 0.0549105
56.4043 23.7819 -13.3126 -0.259339 -0.964759 0.0445278
57.1812 23.515 -14.6405 -0.242202 -0.969213 0.0441185
57.7159 23.3497 -15.8891 -0.21991 -0.975138 0.0239554
58.0292 23.235 -17.0526 -0.227052 -0.973341 0.0324557
57.4351 23.3417 -18.0311 -0.220242 -0.975039 0.0268403
56.102 23.64 -18.0448 -0.22402 -0.973658 0.0416619
54.9507 23.9208 -17.9326 -0.24281 -0.968773 0.0489487
53.76 24.241 -17.8103 -0.262143 -0.963468 0.0543365
52.4296 24.605 -17.7934 -0.27057 -0.959381 0.0774013
51.0948 25.0076 -17.7936 -0.301146 -0.949343 0.0883987
50.025 25.3821 -17.7987 -0.338132 -0.934529 0.11085
50.3433 25.3089 -17.4089 -0.332254 -0.939957 0.0780279
51.5222 24.9566 -16.829 -0.308952 -0.94719 0.0859056
51.9714 24.8414 -16.5292 -0.299896 -0.949194 0.0953605
-20.663 48.8675 -17.836 0.536565 -0.843053 -0.0352337
-21.0125 48.6416 -17.7861 0.536102 -0.841841 -0.062432
-20.806 48.7824 -17.9966 0.539227 -0.841448 -0.0328268
-19.9165 49.3697 -18.3553 0.494767 -0.86841 -0.0327232
-20.3909 49.0619 -19.1771 0.542451 -0.839879 0.0187227
-21.3177 48.3934 -19.2298 0.620989 -0.7835 0.0162614
-22.2845 47.589 -19.241 0.650631 -0.759344 0.00871037
-23.1483 46.7849 -19.2605 0.69164 -0.721772 0.0259772
-23.349 46.6283 -18.5015 0.691833 -0.720859 0.0415734
-22.6132 47.3525 -17.9403 0.674278 -0.737174 0.0438646
-21.8833 47.975 -17.2714 0.619097 -0.785309 -0.00288124
-21.1108 48.5325 -16.4004 0.558743 -0.829144 -0.0156312
-20.3725 48.941 -15.4986 0.497927 -0.866434 -0.0368994
-19.6495 49.2754 -14.5166 0.43816 -0.89693 -0.0471459
-18.9237 49.5645 -14.059 0.389068 -0.918998 -0.0637896
-18.467 49.8574 -15.2097 0.396728 -0.913412 -0.0910243
-17.8263 50.2135 -16.2475 0.339832 -0.933947 -0.11071
-18.6178 49.9523 -16.9155 0.396119 -0.910998 -0.114699
-19.5057 49.5521 -17.5727 0.465626 -0.883386 -0.0531111
-19.8059 49.4207 -18.0354 0.500504 -0.865123 -0.0318405
40.238 35.7186 19.2293 -0.326733 -0.943719 -0.0510712
41.4256 35.2342 19.2698 -0.431975 -0.901523 -0.00187243
42.6649 34.571 19.3061 -0.491325 -0.870924 -0.00949053
43.4604 34.1209 18.6206 -0.538785 -0.841248 0.0257751
43.6563 33.8491 17.4601 -0.6507 -0.736714 0.177126
43.1776 34.1914 17.5219 -0.557216 -0.824037 0.102338
42.3061 34.7625 17.9673 -0.516507 -0.856262 0.00601293
41.4556 35.2101 18.582 -0.414555 -0.909722 -0.00811403
40.6966 35.5633 19.114 -0.372933 -0.926032 -0.0191326
20.9031 49.8551 17.5119 -0.531058 -0.841138 0.0980234
21.3082 49.5605 16.7496 -0.556222 -0.829562 0.0235147
20.4474 50.0328 15.8509 -0.48843 -0.871456 0.0447017
19.814 50.3045 14.8704 -0.381768 -0.922702 0.0536159
19.1844 50.4654 13.6687 -0.318027 -0.944902 0.0767141
18.7529 50.609 13.6878 -0.311191 -0.946454 0.085941
18.0999 50.9269 14.778 -0.258591 -0.956721 0.133477
17.5472 51.2178 15.7786 -0.261105 -0.955668 0.1361
17.6281 51.2995 16.5742 -0.288426 -0.950653 0.114323
18.8283 50.8727 16.5627 -0.406128 -0.909734 0.0862853
20.2953 50.1748 17.0992 -0.495549 -0.867884 0.0347642
20.5709 50.0247 17.2793 -0.507168 -0.856863 0.0794562
-41.6502 32.3373 -19.2678 0.427126 -0.900512 0.0814923
-42.5562 31.885 -18.5546 0.457113 -0.887622 -0.0552549
-41.8101 32.2087 -18.3562 0.36732 -0.927149 -0.073965
-40.5697 32.6839 -18.944 0.340763 -0.939544 0.033732
-41.119 32.4752 -19.2102 0.226895 -0.965914 -0.00862139
-41.5557 32.3827 -19.2619 0.367571 -0.918051 0.127055
-41.6981 31.0416 19.434 0.324644 -0.944786 -0.0186806
-41.6904 31.0438 19.4366 0.287024 -0.957854 -0.0115141
-41.6332 31.0636 20.3716 0.158709 -0.98689 0.0119756
-40.5028 31.2777 20.3366 0.19799 -0.977516 -0.0419872
-39.57 31.4302 20.322 0.121944 -0.98532 -0.116323
-38.6151 31.6571 20.391 0.373526 -0.921396 -0.10703
-37.7208 32.1503 20.4443 0.541308 -0.835006 -0.098742
-36.8645 32.7114 20.4358 0.579429 -0.812923 -0.058264
-35.9311 33.401 20.4049 0.610295 -0.787487 -0.0860482
-35.1263 34.012 20.2944 0.596857 -0.80106 -0.0454445
-34.9271 34.193 19.4783 0.572041 -0.818902 -0.0465643
-34.9673 34.3122 18.5297 0.49471 -0.853239 -0.165062
-35.0281 34.4619 17.9814 0.468461 -0.826679 -0.311683
-35.7813 33.8436 18.2832 0.556099 -0.808702 -0.191614
-36.5235 33.2979 18.4416 0.56788 -0.797588 -0.201436
-37.3674 32.6486 18.6233 0.477322 -0.85201 -0.198209
-38.1685 32.1537 18.6974 0.455265 -0.854339 -0.246582
-39.0937 31.8826 18.6539 0.180798 -0.896767 -0.403882
-40.0979 31.6025 18.6357 0.237939 -0.949811 -0.203087
-41.1636 31.3059 18.1884 0.348227 -0.932084 -0.0770869
-42.0523 30.9446 18.0015 0.364023 -0.930976 -0.0277524
-42.9755 30.5062 18.2316 0.441194 -0.893455 0.0729304
-42.9959 30.5207 19.2012 0.389969 -0.920828 0.000399683
-42.774 30.655 20.2367 0.408996 -0.911442 0.0387795
-41.8622 31.0256 20.3746 0.337556 -0.916168 0.216082
-41.8183 31.0388 20.372 0.132915 -0.991107 0.00628883
13.3012 52.0337 18.7857 0.0276797 -0.998887 0.0320446
13.6321 52.0553 19.2413 0.0423787 -0.998929 0.0162932
13.5678 52.0361 18.6799 0.0308626 -0.998055 0.0541562
12.8447 51.9712 17.8467 -0.0119654 -0.997935 0.0631102
11.3767 51.935 18.4164 0.0351778 -0.999249 0.0139962
10.1754 51.892 18.64 0.0450587 -0.998974 -0.00451877
8.82999 51.8462 18.6724 0.0280986 -0.999462 -0.0169249
7.71117 51.8115 18.7436 0.0306864 -0.999343 -0.0192654
6.33107 51.7708 18.7114 0.0313651 -0.999283 -0.0211065
5.07485 51.74 18.8396 0.0195576 -0.999322 -0.0311777
3.8092 51.7075 18.825 0.0259105 -0.999123 -0.0328455
2.45538 51.6808 18.8673 0.016684 -0.999572 -0.0239952
0.884674 51.6597 18.8027 0.0151878 -0.999473 -0.0286227
-0.692483 51.6311 18.767 0.0162 -0.999737 -0.0162017
-1.83704 51.6075 18.9063 0.0197609 -0.999742 -0.0111679
-3.16561 51.5816 18.7842 0.0222783 -0.999721 -0.00785157
-4.40147 51.5536 18.508 0.0247777 -0.999659 -0.00821928
-5.66936 51.5198 17.5451 0.0297947 -0.999548 -0.00403079
-6.5487 51.4777 16.3899 0.0402561 -0.998998 0.0173793
-7.27794 51.4188 15.3913 0.0578923 -0.997777 0.0330164
-7.88444 51.324 14.0587 0.0778792 -0.995288 0.057768
-8.24595 51.2105 12.7464 0.0943888 -0.992989 0.0711223
-8.36445 51.122 11.6048 0.0989622 -0.992928 0.0655762
-8.39018 51.0445 10.471 0.101211 -0.99296 0.0615153
-8.1834 50.9964 9.30261 0.103052 -0.993139 0.05527
-7.31698 51.023 8.13286 0.0916287 -0.994826 0.0438823
-6.42699 51.0682 7.28573 0.0836218 -0.995667 0.0406807
-5.60363 51.0989 6.31108 0.0848512 -0.995703 0.0371052
-4.53448 51.1482 5.48311 0.0732982 -0.996623 0.0370222
-3.67972 51.1795 4.60583 0.0613245 -0.997518 0.034591
-2.83553 51.207 3.85015 0.0594745 -0.997875 0.0263656
-2.08532 51.2247 2.99828 0.055485 -0.998057 0.0283539
-1.03976 51.258 2.06734 0.0502266 -0.998451 0.0233758
-0.205062 51.2668 1.23404 0.0333088 -0.999077 0.0271248
0.631898 51.2706 0.242844 0.0182082 -0.99953 0.0244041
1.53519 51.2652 -0.585961 0.0112158 -0.999631 0.0241405
2.26325 51.2396 -1.51021 -0.00630558 -0.999579 0.0283257
3.12318 51.2182 -2.35041 -0.0104361 -0.999724 0.0210247
4.03561 51.1951 -3.16027 -0.0186917 -0.999817 0.00394855
4.90016 51.1617 -4.15579 -0.0336813 -0.99942 0.00487911
5.76779 51.1232 -4.95567 -0.0445187 -0.998986 0.00656779
6.5738 51.0765 -5.96478 -0.0492213 -0.998738 0.00995993
7.45903 51.0245 -6.7471 -0.0527358 -0.998608 0.0011258
8.46954 50.9643 -7.24696 -0.0606231 -0.998115 -0.009564
10.0076 50.8543 -7.59153 -0.0823679 -0.996561 0.00383928
11.1616 50.7504 -7.51177 -0.0891072 -0.995993 0.00740899
12.4558 50.6148 -7.41325 -0.117289 -0.992918 0.0142599
13.7176 50.4389 -7.01158 -0.161842 -0.986677 0.0114314
14.8234 50.251 -6.60038 -0.173391 -0.984732 0.0154287
15.8717 50.0489 -6.07328 -0.207581 -0.977766 0.0297389
16.8763 49.8409 -5.44723 -0.246958 -0.96821 0.0397702
17.4509 49.7378 -4.44494 -0.244403 -0.968707 0.0432924
17.9987 49.6438 -3.39595 -0.266536 -0.96242 0.0520183
18.0169 49.7077 -2.22011 -0.247968 -0.966419 0.0674249
17.9805 49.8032 -0.939108 -0.2477 -0.966881 0.0615299
17.9668 49.8941 0.260606 -0.264081 -0.961103 0.0808879
17.9826 49.9825 1.48941 -0.265018 -0.9622 0.0627362
18.004 50.0616 2.85943 -0.271664 -0.960607 0.058586
17.9911 50.15 4.19884 -0.252608 -0.965053 0.06973
18.0605 50.2319 5.59088 -0.269715 -0.959942 0.075922
18.0273 50.3321 6.83016 -0.255141 -0.964312 0.0707454
18.0751 50.3896 8.01698 -0.263979 -0.963016 0.0539915
18.049 50.4704 9.15318 -0.248619 -0.966883 0.0576767
18.0088 50.575 10.344 -0.249016 -0.965952 0.0692225
17.9751 50.6818 11.6448 -0.26532 -0.960261 0.0866296
17.8309 50.82 12.8171 -0.296056 -0.951289 0.0860239
17.3421 51.0464 13.8627 -0.234208 -0.967833 0.0919036
16.5514 51.3441 15.0549 -0.195865 -0.972476 0.12507
15.7211 51.6432 16.196 -0.160618 -0.97985 0.118729
14.5254 51.8735 17.1001 -0.0553972 -0.993623 0.0982024
13.3183 51.9473 17.525 -0.00312534 -0.997689 0.0678766
12.9385 51.9654 17.7727 -0.00755732 -0.997811 0.065498
59.4969 23.7297 16.0914 -0.239681 -0.970772 -0.0124711
58.5901 23.9372 17.068 -0.238617 -0.971013 -0.0139662
58.2529 24.016 17.4336 -0.239644 -0.970792 -0.0115802
57.139 24.3186 17.3056 -0.268207 -0.963321 -0.00877861
58.015 24.0944 16.3462 -0.246601 -0.968717 -0.027842
59.0686 23.851 15.2059 -0.242823 -0.969935 -0.0162269
59.4664 23.7576 14.775 -0.243767 -0.969721 -0.0147702
58.7314 23.9445 14.215 -0.247751 -0.968802 -0.00651119
57.8645 24.1595 15.1607 -0.249926 -0.968118 -0.0168931
57.0146 24.376 16.0942 -0.277881 -0.960381 -0.0212241
56.1794 24.6122 17.0223 -0.297946 -0.9544 -0.0186975
54.8739 25.0359 17.1494 -0.33017 -0.943454 -0.0297087
55.8962 24.7102 15.9828 -0.296605 -0.954989 -0.00474535
56.7707 24.472 15.0098 -0.279633 -0.959871 -0.0212644
57.6393 24.2347 14.0486 -0.266755 -0.963752 -0.00496698
58.4361 24.0275 13.1785 -0.257202 -0.966358 -0.000432513
57.9363 24.1641 12.364 -0.260184 -0.96553 -0.00745759
56.8148 24.4767 13.5984 -0.277628 -0.96066 -0.00736307
55.978 24.7233 14.5348 -0.295294 -0.955077 -0.0250752
55.1529 24.971 15.4657 -0.344274 -0.938478 -0.0271132
54.3625 25.2404 16.3753 -0.347381 -0.937173 -0.0321435
53.6601 25.4639 17.193 -0.335572 -0.941612 -0.0275498
52.6516 25.8589 17.016 -0.368525 -0.928963 -0.034899
53.6567 25.5206 15.8343 -0.347381 -0.937173 -0.0321436
54.5442 25.2117 14.8023 -0.359834 -0.9327 -0.0242946
55.3713 24.9336 13.8544 -0.335514 -0.941758 -0.0228678
56.4523 24.5991 12.6393 -0.318419 -0.947883 -0.0112695
57.3175 24.3468 11.6819 -0.276752 -0.960927 -0.00514639
56.8835 24.4757 10.7928 -0.292986 -0.956076 0.00878357
55.9833 24.7653 11.7991 -0.317577 -0.948184 -0.00960238
55.1594 25.0424 12.7351 -0.336874 -0.940895 -0.0351133
54.3051 25.3311 13.714 -0.363136 -0.931368 -0.0262002
53.4916 25.6294 14.665 -0.37519 -0.926067 -0.0403998
52.6966 25.9239 15.6073 -0.388776 -0.920033 -0.0489112
51.6927 26.2868 16.8126 -0.420217 -0.905648 -0.0567425
51.6128 26.3181 16.911 -0.421071 -0.905427 -0.0538605
50.3339 26.9248 17.1446 -0.466305 -0.881666 -0.0722798
51.2662 26.5443 15.9795 -0.429052 -0.900233 -0.0741268
52.1062 26.1979 14.9427 -0.463643 -0.88567 -0.0249773
53.0705 25.8314 13.7932 -0.390109 -0.919963 -0.0385143
53.9207 25.5141 12.7949 -0.376958 -0.925384 -0.0395833
54.805 25.1881 11.7702 -0.349028 -0.93705 -0.0108241
55.7263 24.8508 10.7175 -0.331223 -0.94354 0.00487157
56.4712 24.5985 9.88583 -0.301138 -0.953537 0.00909228
55.9741 24.7467 9.06969 -0.324638 -0.945458 0.0268282
55.1756 25.0402 9.96682 -0.331887 -0.943284 0.00819105
54.3162 25.375 10.9549 -0.364091 -0.931336 0.00711914
53.4199 25.7485 12.0108 -0.406358 -0.913684 -0.00733352
52.3887 26.1722 13.2471 -0.43807 -0.89818 -0.0369862
51.4594 26.5676 14.3861 -0.472729 -0.877975 -0.0754101
50.6375 26.9077 15.4058 -0.466912 -0.879228 -0.0946116
49.7637 27.278 16.515 -0.46654 -0.881835 -0.0686109
49.2652 27.5383 17.1894 -0.525396 -0.849407 -0.0496705
48.5706 28.0436 16.7918 -0.573259 -0.814344 -0.0906528
49.5104 27.5615 15.5181 -0.537455 -0.836002 -0.110646
50.2739 27.203 14.5236 -0.514591 -0.849547 -0.116038
51.083 26.8287 13.4976 -0.464388 -0.884755 -0.0394005
51.8404 26.4749 12.5499 -0.463161 -0.885323 -0.0410396
52.6549 26.1001 11.5499 -0.41595 -0.909381 -0.00329107
53.4517 25.7419 10.5937 -0.398296 -0.917202 0.0100785
54.359 25.3578 9.53301 -0.37544 -0.926843 0.00249943
55.3981 24.9346 8.34548 -0.346568 -0.937825 0.0193522
55.4661 24.9081 8.26912 -0.351879 -0.93598 0.0110555
55.2776 24.9585 7.11854 -0.3661 -0.930443 0.0157047
54.3124 25.3773 8.22134 -0.389683 -0.920937 0.00469108
53.4662 25.7378 9.20034 -0.412444 -0.910975 -0.00390575
52.487 26.1998 10.3737 -0.432575 -0.901528 -0.011217
51.7333 26.5675 11.3026 -0.47199 -0.88155 -0.00974615
50.8925 26.9837 12.3653 -0.512829 -0.857706 -0.0366936
50.144 27.3747 13.3434 -0.507366 -0.860559 -0.0449184
49.2049 27.8569 14.5769 -0.547208 -0.827752 -0.124059
48.388 28.2845 15.6966 -0.575171 -0.814773 -0.0729665
48.1238 28.4799 16.1043 -0.614489 -0.774745 -0.148909
47.6081 28.9904 15.5504 -0.706847 -0.698793 -0.109801
48.295 28.5298 14.5029 -0.677539 -0.719198 -0.153934
49.1565 28.0322 13.3282 -0.571022 -0.817757 -0.0721651
49.8639 27.6229 12.3611 -0.542512 -0.837452 -0.0659917
50.563 27.221 11.4186 -0.534779 -0.844706 -0.0219763
51.4328 26.743 10.2921 -0.478403 -0.878119 -0.00612177
52.2438 26.3284 9.28706 -0.445354 -0.895347 0.00366241
53.0538 25.9322 8.31477 -0.434434 -0.900694 0.00412694
53.5865 25.6907 7.69353 -0.406596 -0.913546 0.0106799
51.5882 26.684 8.71182 -0.474454 -0.880162 -0.0144653
50.7799 27.1315 9.74248 -0.498967 -0.866505 -0.014178
50.0098 27.6045 10.7837 -0.574009 -0.818486 -0.0243854
49.2017 28.1289 11.9197 -0.587895 -0.808153 -0.0356274
48.5205 28.556 12.8997 -0.611094 -0.788269 -0.072082
47.8459 29.028 13.9101 -0.660099 -0.745499 -0.0921984
47.2062 29.4902 14.9076 -0.701849 -0.705091 -0.101264
46.6096 30.1404 14.5967 -0.742404 -0.666195 -0.0708515
47.2138 29.6502 13.6111 -0.703373 -0.707353 -0.0701229
47.9204 29.088 12.4515 -0.665656 -0.744371 -0.0530377
48.7598 28.5074 11.194 -0.612398 -0.788558 -0.0560849
49.426 28.0361 10.2173 -0.591912 -0.805395 -0.0312768
50.1254 27.5756 9.23892 -0.557354 -0.830102 -0.0169576
49.1081 28.2852 9.26671 -0.589289 -0.807913 -0.00392704
48.4214 28.801 10.3035 -0.638903 -0.768839 -0.0262651
47.6575 29.3888 11.4995 -0.647897 -0.759248 -0.0614117
46.8726 30.051 12.8407 -0.705662 -0.707205 -0.0436191
46.5549 30.3243 13.3867 -0.721044 -0.688693 -0.0761436
46.7996 30.1939 11.5689 -0.698657 -0.714634 -0.0343104
47.4327 29.6442 10.4784 -0.667808 -0.743576 -0.0335856
47.9797 29.184 9.58361 -0.637266 -0.770502 -0.0147626
47.089 29.9872 9.63731 -0.680995 -0.732108 -0.0162547
46.6653 30.3739 10.3889 -0.694137 -0.719511 -0.0218357
56.8869 23.5494 -15.8566 -0.238503 -0.970509 0.0350556
56.0144 23.8097 -14.9334 -0.258266 -0.964677 0.0519327
55.5976 23.9454 -14.4889 -0.262339 -0.963195 0.0586
54.7736 24.1429 -14.9309 -0.262342 -0.963194 0.0585961
55.6246 23.8623 -15.8427 -0.251241 -0.966141 0.0587307
56.5848 23.581 -16.8604 -0.234451 -0.971164 0.0432792
56.746 23.535 -17.0306 -0.22705 -0.973342 0.0324555
55.823 23.7376 -17.3814 -0.230977 -0.971879 0.0458422
54.95 24.0028 -16.4505 -0.250238 -0.966653 0.0544306
54.1956 24.2589 -15.6377 -0.278073 -0.9581 0.0686996
53.6422 24.3641 -16.3738 -0.274445 -0.959341 0.0659164
54.4431 24.0919 -17.2406 -0.252601 -0.966127 0.0528341
52.9364 24.5253 -16.9486 -0.27393 -0.959343 0.0679992
52.8701 24.5501 -16.8756 -0.278952 -0.95757 0.0724209
27.4721 43.9294 -11.7908 -0.547199 -0.798412 0.251222
28.1365 43.1221 -12.8426 -0.550896 -0.782442 0.290342
28.2574 42.9637 -13.0312 -0.564787 -0.770387 0.295837
28.1306 42.5024 -14.4753 -0.587197 -0.757322 0.285767
27.5402 43.3095 -13.5021 -0.564098 -0.776715 0.280191
26.8969 44.13 -12.4543 -0.556976 -0.790694 0.254129
26.5981 44.4845 -11.9683 -0.548542 -0.801979 0.236497
25.5232 45.2498 -11.8369 -0.53671 -0.818057 0.206701
26.2141 44.4609 -12.9419 -0.562832 -0.788618 0.247591
26.9977 43.4431 -14.25 -0.58195 -0.768016 0.267369
27.3918 42.9066 -14.9112 -0.598496 -0.753855 0.271117
26.4871 43.5626 -15.0485 -0.595584 -0.762145 0.253801
25.7111 44.5728 -13.7292 -0.593439 -0.769166 0.237096
25.038 45.3746 -12.631 -0.552853 -0.800211 0.232415
24.4714 45.965 -11.7711 -0.508952 -0.8434 0.172175
23.1654 46.8361 -11.3424 -0.510239 -0.847939 0.143719
23.8801 46.189 -12.4023 -0.519541 -0.832731 0.191405
24.5633 45.4827 -13.4479 -0.566571 -0.796317 0.211841
25.199 44.7453 -14.4801 -0.587756 -0.777481 0.223757
25.5143 44.3287 -15.0292 -0.604821 -0.764678 0.222394
24.7853 44.8114 -15.4007 -0.618287 -0.7585 0.205908
24.0718 45.6385 -14.229 -0.574113 -0.797161 0.186892
23.2977 46.4336 -13.0314 -0.531897 -0.829866 0.168548
22.5955 47.0675 -11.9982 -0.509314 -0.848457 0.143941
21.856 47.6563 -10.953 -0.455337 -0.883073 0.113357
21.5893 47.8279 -10.5911 -0.442923 -0.8914 0.0960472
18.7617 49.1624 -8.46866 -0.314549 -0.948169 0.0450968
19.621 48.7917 -9.51022 -0.37707 -0.924152 0.0613267
20.562 48.3247 -10.6607 -0.41992 -0.904335 0.0764558
21.3604 47.8057 -11.7272 -0.468034 -0.874651 0.126215
22.2698 47.1051 -13.0055 -0.517785 -0.844558 0.136456
23.0445 46.4014 -14.142 -0.560199 -0.813333 0.157054
23.7621 45.6365 -15.2809 -0.601182 -0.778613 0.179838
24.1468 45.202 -15.9136 -0.627957 -0.762598 0.155286
23.609 45.511 -16.5709 -0.627957 -0.762599 0.155286
22.9071 46.2634 -15.4409 -0.591332 -0.797883 0.117089
22.2103 46.9208 -14.3915 -0.554834 -0.820616 0.136927
21.3617 47.6248 -13.1793 -0.495289 -0.861464 0.112107
20.5244 48.2015 -12.0391 -0.435531 -0.89661 0.0800205
19.5848 48.7266 -10.8549 -0.387345 -0.920316 0.0546034
18.6375 49.1425 -9.70848 -0.334208 -0.941939 0.0324839
17.6241 49.5189 -8.53043 -0.289611 -0.956958 0.0188652
16.8703 49.7195 -9.04747 -0.253099 -0.967213 0.0209729
17.7824 49.4351 -10.0728 -0.32325 -0.94606 0.0219245
18.7073 49.0601 -11.164 -0.376932 -0.925623 0.0338307
19.7988 48.5118 -12.5088 -0.422316 -0.905115 0.0491561
20.6325 47.9879 -13.6081 -0.466151 -0.879439 0.096389
21.4352 47.395 -14.7309 -0.534699 -0.840717 0.085394
22.304 46.625 -16.0071 -0.586205 -0.80144 0.118565
23.0122 45.919 -17.1304 -0.635734 -0.764241 0.108526
23.1775 45.7341 -17.4183 -0.646354 -0.755607 0.106227
22.339 46.4269 -17.5605 -0.627066 -0.775663 0.0716584
21.4462 47.2302 -16.2034 -0.567693 -0.819768 0.0755338
20.4668 47.9777 -14.82 -0.501451 -0.861923 0.0750746
19.6704 48.4841 -13.755 -0.465411 -0.883328 0.0558889
18.8095 48.9657 -12.6572 -0.399828 -0.915637 0.0417763
17.8236 49.3845 -11.4787 -0.330778 -0.943605 0.013978
16.8522 49.7115 -10.378 -0.278579 -0.960409 0.00297916
16.0066 49.9341 -9.44604 -0.236727 -0.971576 -0.000294639
15.1274 50.1494 -9.82929 -0.211153 -0.97742 -0.00805788
16.1342 49.9072 -10.9258 -0.25707 -0.966392 -0.00152447
17.0756 49.6384 -11.9736 -0.300254 -0.953841 -0.00583038
18.0124 49.2997 -13.0577 -0.395619 -0.918349 0.0109363
18.9789 48.8296 -14.2572 -0.459415 -0.887863 0.0252419
19.7926 48.3369 -15.3365 -0.509824 -0.859251 0.0420384
20.7479 47.6675 -16.6574 -0.543462 -0.836829 0.0660819
21.3652 47.1661 -17.561 -0.581435 -0.812337 0.0451866
18.9217 48.8173 -15.597 -0.474153 -0.880312 0.0151388
17.8778 49.3579 -14.2599 -0.41871 -0.907995 0.0150926
16.871 49.7276 -13.0797 -0.326938 -0.944816 -0.02084
15.8326 50.0073 -11.9265 -0.259607 -0.965197 -0.0316042
14.5293 50.2723 -10.523 -0.194533 -0.980512 -0.0274413
14.2208 50.3281 -10.1924 -0.191149 -0.981535 -0.0071652
13.2454 50.4958 -10.4844 -0.15781 -0.987367 -0.0142207
14.3107 50.3436 -11.6159 -0.184602 -0.982075 -0.0380763
15.374 50.1618 -12.7493 -0.235273 -0.969379 -0.0703695
16.457 49.9161 -13.9354 -0.302556 -0.950413 -0.0719418
17.3879 49.6051 -15.0194 -0.415576 -0.908856 -0.0357529
17.4248 49.59 -15.0644 -0.429863 -0.902156 -0.0365021
16.0793 50.1178 -14.8244 -0.331534 -0.940132 -0.0789749
15.1216 50.2969 -13.7871 -0.257162 -0.959809 -0.112405
14.1295 50.4421 -12.7369 -0.190093 -0.979552 -0.0658931
12.8627 50.5894 -11.4042 -0.145415 -0.988804 -0.0334711
11.968 50.6813 -10.4644 -0.127173 -0.99166 -0.0208942
11.0565 50.8028 -10.8396 -0.10414 -0.993743 -0.0403792
12.0537 50.7245 -11.8802 -0.144957 -0.988029 -0.0527869
13.1046 50.6424 -12.975 -0.15657 -0.985728 -0.0618493
14.1807 50.5489 -14.093 -0.200922 -0.974244 -0.10237
15.2048 50.4416 -15.1631 -0.287532 -0.945978 -0.149837
14.2694 50.7185 -15.4656 -0.194068 -0.970248 -0.144761
13.1778 50.7554 -14.3542 -0.165612 -0.977882 -0.127746
11.897 50.8187 -13.0366 -0.119934 -0.988954 -0.0870984
11.1037 50.8632 -12.2136 -0.117515 -0.990885 -0.0658595
11.0056 50.95 -13.4343 -0.0913039 -0.993357 -0.0700407
12.3119 50.9266 -14.7653 -0.111215 -0.988692 -0.100593
13.4938 50.9227 -15.9596 -0.154567 -0.977283 -0.145009
12.5931 51.0843 -16.3391 -0.0775592 -0.990608 -0.112608
11.5006 51.0554 -15.2447 -0.0725949 -0.993831 -0.0838404
10.5457 51.0548 -14.2791 -0.0847441 -0.993552 -0.0753127
10.3612 51.1524 -15.4035 -0.0650682 -0.995974 -0.0616588
11.5406 51.1866 -16.583 -0.0598063 -0.991834 -0.112644
12.0051 51.211 -17.0431 -0.0498349 -0.99299 -0.107177
10.9234 51.2695 -17.2705 -0.0371992 -0.996054 -0.0805797
9.88595 51.2353 -16.2367 -0.0496718 -0.996025 -0.0739442
9.6909 51.3014 -17.3525 -0.0204884 -0.998943 -0.0411479
9.74836 51.3026 -17.4096 -0.012191 -0.998906 -0.045138
-10.0956 51.353 16.7947 0.0383489 -0.99735 0.0618295
-10.6813 51.3691 17.376 0.0309438 -0.997846 0.0578498
-11.6983 51.2906 17.0864 0.0463443 -0.992539 0.112776
-10.6921 51.2649 16.0864 0.0613779 -0.994621 0.0834347
-10.5855 51.2625 15.9801 0.0613736 -0.994622 0.0834324
-10.84 51.1422 14.9356 0.090284 -0.991371 0.0950399
-11.8568 51.1644 15.9506 0.0845073 -0.989756 0.115074
-12.8587 51.2124 16.9386 0.0642518 -0.989165 0.132005
-12.889 51.214 16.9684 0.0578168 -0.991658 0.115201
-13.446 51.0533 16.2487 0.159193 -0.971901 0.173395
-12.4564 51.0211 15.2666 0.101624 -0.988898 0.10841
-11.542 51.0126 14.3462 0.103686 -0.989518 0.100511
-11.0707 51.0201 13.8667 0.108841 -0.989812 0.0917972
-11.3214 50.8917 12.82 0.132875 -0.986429 0.0964462
-12.3385 50.8678 13.8592 0.151216 -0.982433 0.109355
-13.302 50.853 14.8386 0.168256 -0.976536 0.134416
-13.8651 50.8297 15.4124 0.164389 -0.969483 0.181876
-14.6415 50.5859 14.9442 0.249717 -0.953557 0.168437
-13.5429 50.6726 13.8033 0.201536 -0.972034 0.120552
-12.3364 50.7311 12.5607 0.141926 -0.984198 0.105887
-11.423 50.7742 11.6167 0.128374 -0.987936 0.0866176
-12.3247 50.6101 11.2449 0.14664 -0.986058 0.0786556
-13.3943 50.5392 12.3554 0.179654 -0.97818 0.104351
-14.5096 50.4289 13.5225 0.250744 -0.96121 0.114906
-15.4343 50.3025 14.5152 0.249723 -0.953555 0.168437
-15.5555 50.2992 14.6385 0.305962 -0.932628 0.191291
-16.7376 49.8643 14.6882 0.386619 -0.912176 0.13587
-15.5258 50.1234 13.3266 0.296821 -0.947016 0.122713
-14.4907 50.2837 12.21 0.242749 -0.96527 0.0965748
-13.5777 50.3994 11.2433 0.194442 -0.977333 0.0837374
-14.6361 50.1538 11.0615 0.210345 -0.974955 0.0722284
-15.5411 49.9981 12.0397 0.268433 -0.959381 0.0867907
-16.405 49.8088 13.0007 0.334307 -0.940276 0.0641893
-17.2435 49.5688 13.9755 0.391983 -0.91704 0.0733954
-18.0454 49.2779 14.9607 0.449968 -0.891276 0.0561786
-20.4724 47.8249 16.8973 0.561393 -0.826796 -0.0352977
-19.5994 48.4229 15.6458 0.525765 -0.850502 -0.0147299
-18.8278 48.8559 14.6004 0.482804 -0.875693 0.00779965
-17.9127 49.2369 13.4491 0.413958 -0.909773 0.0308411
-16.8975 49.582 12.2426 0.334306 -0.940276 0.0641889
-15.8231 49.8465 11.037 0.273492 -0.960241 0.0560324
-15.3538 49.9364 10.5273 0.249161 -0.96667 0.0588815
-16.2047 49.6874 10.1323 0.280171 -0.959024 0.0421672
-17.2878 49.3976 11.3624 0.309111 -0.949603 0.052007
-18.1632 49.0934 12.4041 0.391142 -0.919564 0.0375607
-19.0187 48.7356 13.4644 0.447896 -0.893764 0.0240027
-19.7824 48.328 14.4776 0.504739 -0.863259 -0.00468392
-20.5096 47.8629 15.488 0.525764 -0.850503 -0.0147307
-21.2608 47.2954 16.5886 0.574406 -0.816408 -0.0594646
-21.7071 46.9222 17.2643 0.604443 -0.794771 -0.0546611
-22.8333 46.0208 17.5453 0.643074 -0.763367 -0.0610515
-22.1998 46.6054 16.5311 0.593156 -0.801362 -0.0773607
-21.436 47.2586 15.3739 0.55217 -0.83022 -0.0764396
-20.7178 47.7826 14.3437 0.514359 -0.856897 -0.0340963
-19.7893 48.3438 13.0736 0.449911 -0.892889 -0.0181541
-19.0263 48.7164 12.0987 0.386695 -0.922202 0.00319714
-18.1589 49.0621 11.0459 0.344596 -0.938705 0.00925746
-17.1014 49.4005 9.8073 0.297742 -0.954513 0.01593
-18.0601 49.0822 9.56678 0.321103 -0.947031 0.00493882
-19.1102 48.7052 10.8186 0.365802 -0.930692 -0.00112861
-19.9991 48.2718 11.9368 0.437448 -0.898593 -0.0342175
-20.9669 47.6895 13.2496 0.502681 -0.862509 -0.0582256
-21.8333 47.0773 14.4881 0.545894 -0.83579 -0.0587805
-22.529 46.4807 15.5363 0.581012 -0.808681 -0.0919733
-23.1486 45.8901 16.5143 0.622252 -0.776105 -0.102293
-23.7209 45.2752 17.4931 0.64757 -0.754586 -0.106078
-24.4274 44.694 17.154 0.6761 -0.727182 -0.118723
-23.8694 45.3491 16.1672 0.629951 -0.763618 -0.141594
-23.2386 46.0148 15.1308 0.596953 -0.792711 -0.123514
-22.6004 46.6047 14.1451 0.558249 -0.823287 -0.102744
-21.6746 47.3208 12.7942 0.518202 -0.851892 -0.0758144
-20.7441 47.9113 11.5 0.467508 -0.881898 -0.0607698
-20.0006 48.3441 10.5305 0.418117 -0.907546 -0.0392121
-19.1991 48.685 9.54515 0.348234 -0.937388 -0.00611594
-18.5459 48.9275 8.76234 0.313341 -0.949622 -0.00588579
-19.1878 48.7033 8.1471 0.339172 -0.940711 -0.00505392
-20.037 48.3626 9.18398 0.39117 -0.920014 -0.0236576
-21.001 47.8665 10.4201 0.443775 -0.894014 -0.0616734
-21.9652 47.2495 11.751 0.486133 -0.869634 -0.086092
-22.7308 46.6866 12.8469 0.517841 -0.848542 -0.108708
-23.4366 46.0621 13.9097 0.58676 -0.797162 -0.142287
-24.0957 45.3781 14.9781 0.612155 -0.77715 -0.145964
-24.7142 44.6621 16.0402 0.64296 -0.753013 -0.139908
-24.8028 44.5578 16.1945 0.648268 -0.746619 -0.149364
-25.449 44.0895 15.7367 0.648212 -0.735382 -0.197571
-24.7987 44.9045 14.5804 0.620442 -0.767888 -0.159376
-24.2017 45.5563 13.5929 0.585282 -0.797975 -0.143813
-23.3919 46.3283 12.3394 0.541189 -0.832719 -0.117023
-22.6583 46.9042 11.2806 0.493784 -0.864613 -0.092857
-21.7441 47.5289 9.9844 0.478419 -0.874745 -0.0770497
-21.7055 47.5549 9.92982 0.459862 -0.885102 -0.0715613
-23.2995 46.5893 10.7203 0.499828 -0.858528 -0.114463
-24.1838 45.8569 12.025 0.545118 -0.829857 -0.119098
-24.8048 45.2337 13.0152 0.570285 -0.805986 -0.158626
-25.3823 44.5698 13.983 0.615682 -0.768641 -0.173571
-25.9218 43.8858 14.9431 0.648206 -0.735428 -0.197419
-25.9879 43.7942 15.0675 0.648207 -0.735427 -0.197419
-26.7864 43.1834 14.8494 0.640465 -0.732608 -0.230412
-26.2082 43.9776 13.7786 0.620158 -0.754177 -0.21592
-25.5618 44.743 12.6895 0.579837 -0.790583 -0.196897
-24.9301 45.4096 11.6611 0.552362 -0.816805 -0.166509
-24.575 45.7561 11.1188 0.527231 -0.834079 -0.162292
-25.3797 45.2815 10.8082 0.573389 -0.8017 -0.168826
-26.0118 44.6249 11.8329 0.572511 -0.800167 -0.178785
-26.6096 43.9229 12.8384 0.591018 -0.776808 -0.217411
-27.3254 42.9602 14.1328 0.617574 -0.747192 -0.245572
-27.6381 42.5036 14.7255 0.638981 -0.72402 -0.259804
-28.6918 41.5021 14.9521 0.631302 -0.723984 -0.278037
-28.1129 42.3971 13.8789 0.611706 -0.741831 -0.274777
-27.503 43.258 12.7658 0.590623 -0.773574 -0.229668
-26.791 44.124 11.535 0.566443 -0.800937 -0.194017
-26.3325 44.6266 10.7719 0.562245 -0.811234 -0.160562
-27.2814 43.9563 10.7655 0.571681 -0.801846 -0.173851
-27.9876 43.1254 11.9638 0.590414 -0.77487 -0.225806
-28.5816 42.322 13.0165 0.608286 -0.747981 -0.265543
-29.1204 41.5082 13.9971 0.616675 -0.73267 -0.287935
-29.4225 41.0294 14.5495 0.624093 -0.721666 -0.299508
-29.2355 41.9836 12.4895 0.586742 -0.76439 -0.267284
-28.6902 42.718 11.5341 0.583926 -0.775959 -0.238574
-28.1388 43.3945 10.5983 0.558956 -0.80968 -0.178849
-29.1475 42.6218 10.6835 0.582597 -0.781026 -0.224896
-29.1679 42.5968 10.7177 0.582599 -0.781025 -0.224896
-47.9645 25.1989 16.9494 0.416757 -0.907543 -0.0517555
-47.5684 25.4079 16.4696 0.448099 -0.887681 -0.105975
-48.3178 25.129 15.9533 0.420893 -0.894902 -0.148325
-49.1284 24.7962 16.8744 0.250758 -0.961534 -0.112128
-49.2885 24.7388 17.0528 0.24802 -0.966726 -0.0626652
-50.7131 24.3666 17.2406 0.233593 -0.971006 -0.0507999
-49.6825 24.7367 16.0946 0.260535 -0.958956 -0.111911
-48.9771 25.0449 15.2895 0.348498 -0.929568 -0.120222
-49.7841 24.8298 14.8174 0.299964 -0.947439 -0.111267
-50.7374 24.4568 15.8876 0.260882 -0.962777 -0.0707231
-51.5473 24.1918 16.7752 0.228812 -0.972111 -0.0514316
-52.0183 24.0609 17.2795 0.224756 -0.973479 -0.0427024
-53.2115 23.7869 17.2007 0.222839 -0.974153 -0.0369919
-52.4132 24.0107 16.3446 0.22881 -0.972112 -0.0514316
-51.5896 24.2619 15.4512 0.239765 -0.969119 -0.0576385
-50.7812 24.5482 14.5647 0.278805 -0.955252 -0.0988001
-50.3269 24.7429 14.0536 0.302941 -0.946978 -0.107046
-51.1152 24.5386 13.5696 0.291777 -0.953883 -0.0705217
-52.1494 24.1709 14.7026 0.241392 -0.968394 -0.0627972
-53.0567 23.8909 15.6833 0.234846 -0.970638 -0.052059
-53.9352 23.6445 16.6222 0.219859 -0.974808 -0.0375663
-54.6295 23.4642 17.3584 0.212308 -0.976835 -0.0268205
-55.6455 23.2593 17.0893 0.203534 -0.978826 -0.0217679
-54.7773 23.4733 16.1733 0.215341 -0.976049 -0.030924
-53.9846 23.6821 15.3313 0.237535 -0.970237 -0.0470942
-53.1374 23.934 14.4211 0.238041 -0.97011 -0.0471526
-52.368 24.1778 13.5884 0.257494 -0.964363 -0.0608423
-51.5586 24.4677 12.6974 0.30479 -0.95051 -0.0602841
-52.0449 24.3778 11.8785 0.288498 -0.954595 -0.074277
-52.9709 24.0622 12.8943 0.259478 -0.963783 -0.0615993
-53.7572 23.8145 13.7441 0.239833 -0.969424 -0.0519293
-54.6065 23.5622 14.6545 0.228762 -0.972548 -0.042629
-55.5083 23.3261 15.6089 0.214355 -0.976395 -0.0265513
-55.29 23.4316 14.0426 0.218715 -0.975162 -0.0349649
-54.3552 23.7004 13.046 0.240242 -0.969595 -0.0465698
-53.4274 23.9906 12.0451 0.253597 -0.965718 -0.0554691
-52.7693 24.2058 11.3273 0.264368 -0.963037 -0.0516554
-53.4542 24.0485 10.7354 0.265848 -0.962946 -0.0453807
-54.3681 23.7613 11.7212 0.253711 -0.966262 -0.0443589
-55.1689 23.5258 12.5774 0.235454 -0.971127 -0.0383952
-55.1714 23.5251 12.5801 0.234287 -0.971141 -0.0446536
-54.9814 23.6355 11.0451 0.245674 -0.96887 -0.0305682
-54.093 23.9043 10.0927 0.256003 -0.965858 -0.0397504
-53.9119 23.9628 9.89654 0.274276 -0.960526 -0.0465075
-54.41 23.8599 9.10603 0.267087 -0.962658 -0.0442046
-54.9799 23.6839 9.71737 0.255641 -0.966187 -0.0336111
-55.0345 23.7134 8.45017 0.24727 -0.968437 -0.0314297
-54.7478 23.8005 8.1424 0.257567 -0.965678 -0.0335366
-46.0072 28.3902 -8.86232 0.659651 -0.750365 0.0425869
-45.689 28.6318 -9.3853 0.676101 -0.734728 0.0553404
-45.7349 28.4942 -10.7153 0.696406 -0.715975 0.0489714
-46.4986 27.9184 -9.46245 0.626938 -0.776741 0.0601878
-46.9074 27.6625 -8.86877 0.575369 -0.817075 0.0365912
-47.7351 27.0732 -9.07735 0.543905 -0.837105 0.0585057
-46.8527 27.593 -10.327 0.594894 -0.801698 0.0581506
-46.1926 28.0527 -11.3538 0.637264 -0.767633 0.068073
-45.6847 28.4039 -12.1656 0.689577 -0.71991 0.0788249
-45.5694 28.3493 -13.6678 0.684602 -0.723038 0.0923914
-46.2381 27.8475 -12.588 0.646207 -0.7558 0.105748
-46.9682 27.412 -11.5102 0.576358 -0.810484 0.104534
-47.7368 26.9661 -10.4348 0.544153 -0.835114 0.0805053
-48.5331 26.5324 -9.36764 0.493578 -0.868204 0.0510052
-49.0228 26.3235 -8.76658 0.44322 -0.895549 0.0393377
-50.4114 25.6778 -8.47025 0.412578 -0.910412 0.0304709
-49.5419 26.0236 -9.49931 0.430533 -0.899986 0.0683101
-48.711 26.3599 -10.5029 0.473294 -0.87808 0.0704915
-47.7288 26.8164 -11.7553 0.520633 -0.845387 0.119427
-46.9479 27.2144 -12.8242 0.601907 -0.791835 0.103462
-46.1445 27.7537 -14.0248 0.68778 -0.717186 0.112265
-45.5067 28.2302 -15.0312 0.748015 -0.65715 0.0928814
-46.1728 27.5011 -15.2208 0.691286 -0.698222 0.186037
-47.1492 26.9501 -13.8531 0.62424 -0.772371 0.117335
-47.9728 26.5144 -12.7444 0.49421 -0.862154 0.111566
-48.7883 26.1957 -11.7401 0.463433 -0.879065 0.111692
-49.7092 25.868 -10.6513 0.397357 -0.915676 0.0603695
-50.7737 25.4847 -9.41285 0.362376 -0.931061 0.0425276
-51.6512 25.1762 -8.41615 0.353008 -0.935165 0.0291946
-52.2141 24.9833 -7.79139 0.345183 -0.938469 0.0111794
-55.9909 23.7575 -5.03673 0.258088 -0.966083 0.00859591
-54.8348 24.0986 -6.27353 0.294934 -0.955517 0.00141437
-53.8565 24.4114 -7.33169 0.306582 -0.951844 -0.000462338
-53.0224 24.6861 -8.24944 0.321399 -0.946833 0.0144711
-52.2188 24.9523 -9.14102 0.339513 -0.939776 0.0393956
-51.4098 25.2035 -10.0419 0.350614 -0.935365 0.046492
-50.398 25.5378 -11.1956 0.365334 -0.927746 0.076276
-49.5893 25.7837 -12.1231 0.414846 -0.904293 0.100779
-48.6493 26.0938 -13.2264 0.435072 -0.893401 0.112015
-47.8416 26.407 -14.2168 0.547378 -0.818854 0.172788
-47.0005 26.7576 -15.2824 0.593136 -0.77435 0.220387
-46.8143 26.8332 -15.5178 0.627146 -0.754241 0.194443
-47.3126 26.3615 -16.1372 0.523159 -0.832402 0.182787
-48.1326 26.0507 -15.1204 0.482901 -0.864011 0.142449
-49.1318 25.7858 -13.9782 0.406836 -0.900019 0.156364
-50.0206 25.5209 -12.9557 0.360619 -0.929585 0.0763221
-50.9831 25.2553 -11.8702 0.335274 -0.939317 0.0726215
-52.0729 24.9358 -10.6516 0.338557 -0.939473 0.0526337
-52.8681 24.6983 -9.77064 0.314445 -0.948748 0.0316445
-53.6775 24.457 -8.88147 0.317995 -0.947876 0.0202798
-54.4798 24.2021 -8.00078 0.314163 -0.949254 0.0147788
-55.3849 23.9358 -7.02294 0.279123 -0.960211 -0.00927421
-56.228 23.6933 -6.12067 0.25593 -0.966677 -0.00591918
-56.2713 23.6819 -7.41978 0.267598 -0.963522 -0.004163
-55.4066 23.9267 -8.34677 0.278465 -0.960432 0.00522737
-54.5519 24.1628 -9.27128 0.289015 -0.957083 0.0214935
-53.4366 24.483 -10.4936 0.315497 -0.948168 0.0379335
-52.6309 24.7115 -11.3807 0.311511 -0.94905 0.0476008
-51.7212 24.9504 -12.3842 0.323971 -0.943974 0.0629024
-50.828 25.1876 -13.3812 0.331216 -0.940469 0.0762485
-49.8854 25.4116 -14.4323 0.345807 -0.928973 0.132013
-48.9796 25.6239 -15.4502 0.36465 -0.922934 0.123382
-48.2001 25.8437 -16.3589 0.395207 -0.899252 0.187503
-47.7386 25.9384 -16.8773 0.458414 -0.869745 0.182756
-48.6444 25.5125 -17.1493 0.357583 -0.922331 0.146425
-49.59 25.3 -16.077 0.327783 -0.936963 0.121075
-50.4865 25.1252 -15.087 0.312804 -0.943481 0.109535
-51.5946 24.8978 -13.87 0.305043 -0.949431 0.0743576
-52.4677 24.677 -12.9027 0.308463 -0.949566 0.0563405
-53.5525 24.4031 -11.712 0.288194 -0.956607 0.0429788
-54.6251 24.1083 -10.5376 0.294678 -0.955043 0.0325201
-55.4848 23.8845 -9.60776 0.265001 -0.964107 0.0165257
-55.9651 23.7614 -9.09202 0.264426 -0.964258 0.0169175
-56.2403 23.6688 -10.1395 0.249664 -0.968225 0.0144506
-55.3437 23.8909 -11.1033 0.255754 -0.966598 0.0166931
-54.4618 24.1177 -12.0624 0.278353 -0.960201 0.0230896
-53.5019 24.3573 -13.1109 0.276294 -0.960198 0.0409944
-52.5561 24.5778 -14.1486 0.27119 -0.960582 0.0611345
-51.5538 24.7828 -15.2466 0.275903 -0.958446 0.072518
-50.6877 24.9357 -16.1933 0.284101 -0.953511 0.10051
-49.7344 25.1118 -17.2453 0.275259 -0.956711 0.0945342
-51.0754 24.7566 -17.1102 0.235387 -0.968147 0.0853514
-51.9719 24.5995 -16.1284 0.245463 -0.967552 0.0599286
-52.8508 24.4305 -15.1688 0.253014 -0.965528 0.061158
-53.7183 24.243 -14.2175 0.257165 -0.965404 0.0431443
-54.5517 24.0508 -13.3081 0.255923 -0.966205 0.0308571
-55.4291 23.8429 -12.3581 0.25422 -0.966937 0.0201435
-56.1405 23.6716 -11.5889 0.253575 -0.967202 0.0148025
-56.3553 23.6015 -12.7096 0.237091 -0.971368 0.0152167
-55.5287 23.786 -13.597 0.23936 -0.970684 0.0219167
-54.4788 24.0183 -14.7347 0.255714 -0.965772 0.0435248
-53.5804 24.2059 -15.7147 0.237446 -0.970599 0.039462
-52.5309 24.4122 -16.862 0.245464 -0.967551 0.0599307
-52.1705 24.4757 -17.257 0.23586 -0.970519 0.0496317
-53.5284 24.1593 -17.1177 0.229753 -0.972686 0.033108
-54.4246 23.9809 -16.1398 0.240262 -0.969916 0.0392054
-55.4014 23.7796 -15.078 0.230765 -0.972495 0.0316256
-56.3958 23.5664 -14.0064 0.233651 -0.972186 0.0161484
-56.4292 23.5358 -15.3167 0.218998 -0.975403 0.0250918
-55.5053 23.7236 -16.3104 0.223692 -0.974404 0.0223357
-54.907 23.846 -16.9606 0.223732 -0.9743 0.0261413
-56.1632 23.5639 -16.9459 0.214162 -0.976688 0.0146844
-56.7463 23.4469 -16.3214 0.20398 -0.978823 0.0172311
