-29.4096 41.0364 20.2067 0.712368 -0.701795 0.00379462
-29.0373 41.4107 20.1987 0.707271 -0.706903 0.00744831
-28.6755 41.7699 20.1177 0.702873 -0.711272 0.0070734
-28.2834 42.1552 20.1251 0.700151 -0.713966 0.00618045
-27.9548 42.4764 20.1291 0.698549 -0.715529 0.00691779
-27.5839 42.8387 20.1261 0.699627 -0.714467 0.00764181
-27.2488 43.1684 20.1562 0.702378 -0.711776 0.00638921
-26.8233 43.5894 20.1721 0.703499 -0.710694 0.00195118
-26.4444 43.9646 20.1982 0.703556 -0.710637 0.00194036
-26.0301 44.3755 20.2173 0.704166 -0.71003 -0.00290143
-25.6349 44.7685 20.2369 0.706766 -0.707441 -0.00293065
-25.2985 45.1051 20.228 0.707654 -0.706559 -0.00068509
-25.1284 45.2759 19.8572 0.708345 -0.705864 0.00167315
-25.4435 44.9612 19.7561 0.705984 -0.708226 0.00136463
-25.8132 44.5929 19.7898 0.705331 -0.708868 -0.00374811
-26.1944 44.2137 19.7477 0.705787 -0.708422 -0.00180746
-26.5261 43.8837 19.7452 0.705637 -0.708568 0.00113508
-26.9098 43.501 19.7463 0.705277 -0.708918 0.00433897
-27.3189 43.0952 19.7497 0.702692 -0.711455 0.00734024
-27.7224 42.6991 19.7515 0.698294 -0.715761 0.00830814
-28.1774 42.2561 19.8121 0.698693 -0.715393 0.00631565
-28.5384 41.9024 19.8483 0.700481 -0.71365 0.00535839
-28.9071 41.5383 19.9175 0.704089 -0.710103 0.00350047
-29.3388 41.1059 19.805 0.708784 -0.705414 0.00393977
-29.6657 40.7762 19.7765 0.71139 -0.702797 0.00120234
-30.0106 40.4282 19.7301 0.708966 -0.70524 -0.00185922
-30.3749 40.0617 19.6782 0.709134 -0.705055 -0.00479256
-30.7011 39.7341 19.7062 0.708405 -0.705783 -0.00575148
-31.0625 39.3713 19.7401 0.70852 -0.705663 -0.00614329
-31.3682 39.064 19.8084 0.706875 -0.707328 -0.00378332
-31.2647 39.1649 20.197 0.707129 -0.707065 -0.00525483
-30.9003 39.5307 20.1355 0.708467 -0.705718 -0.00602397
-30.4785 39.9548 20.1311 0.709918 -0.704274 -0.00382383
-30.1368 40.2993 20.2021 0.711038 -0.703152 -0.00141976
-29.6764 40.7661 20.1941 0.711387 -0.702799 0.00120645
-29.5041 40.9403 20.1879 0.711819 -0.702356 0.00251108
-29.5386 40.9078 20.6336 0.712365 -0.701799 0.00380675
-29.1912 41.2617 20.6897 0.711508 -0.702633 0.0076472
-28.8399 41.6129 20.6068 0.704904 -0.709181 0.0122257
-28.3763 42.0699 20.6512 0.699736 -0.714346 0.00880068
-28.0376 42.4003 20.6419 0.698864 -0.715228 0.00619515
-27.6048 42.8234 20.6507 0.699754 -0.714368 0.00482409
-27.2268 43.1936 20.639 0.701147 -0.713 0.00435293
-26.8872 43.5291 20.6357 0.702439 -0.711714 0.00653934
-26.5319 43.8781 20.6595 0.700223 -0.713922 0.00175436
-26.1662 44.2374 20.6675 0.701425 -0.712728 -0.00456649
-25.7953 44.6045 20.6806 0.705066 -0.709108 -0.00685028
-25.4318 44.9685 20.6801 0.709642 -0.704545 -0.0048906
-25.1051 45.298 20.6758 0.710705 -0.703487 -0.0019518
-24.7909 45.6148 20.583 0.710048 -0.704153 0.000306251
-24.7882 45.6176 20.0861 0.70828 -0.705931 0.000980193
-24.7554 45.6493 19.5549 0.708265 -0.705942 0.00253866
-25.0217 45.3809 19.2311 0.709669 -0.704523 0.00340938
-25.4557 44.9481 19.2907 0.706089 -0.708122 0.00126181
-25.823 44.5845 19.2723 0.704283 -0.709917 -0.00104339
-26.2382 44.1724 19.2678 0.705247 -0.708954 -0.00302622
-26.5703 43.8398 19.2536 0.709367 -0.704834 -0.000435811
-26.9286 43.4779 19.285 0.70931 -0.704847 0.00672857
-27.3321 43.0761 19.2632 0.702231 -0.71184 0.0124814
-27.7058 42.71 19.2892 0.698542 -0.715522 0.00794674
-28.045 42.3808 19.3293 0.697888 -0.716185 0.00559522
-28.38 42.0551 19.3273 0.697961 -0.716123 0.00266132
-28.7296 41.7121 19.3522 0.702638 -0.711543 0.00110774
-29.1085 41.3349 19.3037 0.707903 -0.706305 0.0025359
-29.4537 40.9884 19.2776 0.708413 -0.705794 0.00217792
-29.7812 40.6591 19.2698 0.707925 -0.706282 -0.000639657
-30.1588 40.2815 19.2271 0.708329 -0.705871 -0.00408655
-30.5341 39.9057 19.2522 0.70733 -0.706822 -0.00914436
-30.8727 39.5668 19.2669 0.707896 -0.706274 -0.00773882
-31.2075 39.2306 19.2229 0.710006 -0.704168 -0.00617018
-31.5914 38.843 19.2635 0.709234 -0.704954 -0.00483602
-31.7735 38.6583 19.6408 0.708249 -0.705956 -0.00281237
-31.7636 38.6668 20.1746 0.707623 -0.706583 -0.00288007
-31.6511 38.7767 20.621 0.705859 -0.708341 -0.00396842
-31.1671 39.2589 20.6686 0.706963 -0.70723 -0.00546114
-30.771 39.6567 20.627 0.709243 -0.704946 -0.0050398
-30.3803 40.0501 20.6498 0.710686 -0.703488 -0.00552114
-29.9373 40.5004 20.658 0.714774 -0.699352 -0.00210443
-29.6363 40.8081 20.6361 0.714248 -0.69989 0.00199205
-29.6562 40.79 21.105 0.718662 -0.695354 0.00279608
-29.311 41.1456 21.1289 0.713903 -0.700142 0.0118217
-28.9635 41.4983 21.1345 0.711011 -0.703041 0.0140195
-28.5603 41.8965 21.1453 0.69711 -0.716898 0.00976413
-28.1604 42.2854 21.1531 0.696227 -0.717817 0.00265938
-27.7498 42.6855 21.1256 0.69851 -0.715577 0.00582058
-27.3104 43.1145 21.1173 0.699587 -0.714542 0.0026754
-26.9761 43.4426 21.0925 0.70295 -0.711234 -0.00276297
-26.6261 43.79 21.1245 0.69885 -0.715193 0.0103956
-26.2676 44.1298 21.1228 0.694798 -0.71898 -0.0180042
-25.826 44.5617 21.1378 0.706703 -0.707028 -0.0254781
-25.4666 44.9287 21.1537 0.728638 -0.684684 -0.0110083
-25.0404 45.3635 21.1709 0.710221 -0.703979 0.000666978
-24.7098 45.6972 21.1543 0.710487 -0.703709 0.0014425
-24.4153 45.9934 20.9463 0.709354 -0.704851 0.00146969
-24.364 46.0446 20.3463 0.708582 -0.705627 -0.000473159
-24.4139 45.9942 19.8876 0.711392 -0.702752 -0.00782402
-24.3917 46.0118 19.3501 0.706013 -0.70815 0.007451
-24.6004 45.8023 18.7882 0.708469 -0.705704 -0.00727035
-25.0661 45.3327 18.7435 0.708638 -0.705545 0.00529935
-25.4194 44.9812 18.7911 0.700524 -0.713592 0.00653994
-25.8021 44.6065 18.7424 0.696611 -0.717444 -0.00279757
-26.1665 44.249 18.7827 0.70389 -0.710084 -0.0160228
-26.5675 43.8442 18.7776 0.715946 -0.698076 -0.00886167
-27.0357 43.3659 18.8066 0.712346 -0.701758 0.00997004
-27.3955 43.0015 18.792 0.69652 -0.7168 0.0325206
-27.7591 42.6517 18.7892 0.699688 -0.714391 0.00905379
-28.0985 42.3251 18.8082 0.695023 -0.718985 0.00148066
-28.5055 41.9309 18.8155 0.695728 -0.718305 0.00044107
-28.982 41.4593 18.8183 0.709025 -0.705175 0.000590952
-29.3897 41.0506 18.7834 0.708401 -0.705803 0.00313619
-29.7182 40.723 18.8115 0.706564 -0.707649 -0.000289489
-30.1178 40.3255 18.7634 0.703082 -0.71107 -0.00709867
-30.4761 39.9695 18.7885 0.703546 -0.710587 -0.00894364
-30.849 39.5974 18.7996 0.708655 -0.705453 -0.0119934
-31.1909 39.2531 18.743 0.711543 -0.702574 -0.0096805
-31.6418 38.796 18.7622 0.712962 -0.701181 -0.00555658
-31.9745 38.4569 18.7636 0.714501 -0.699627 -0.0031917
-32.1694 38.2578 19.1143 0.712963 -0.701201 0.00122766
-32.1484 38.2802 19.5958 0.710189 -0.703987 0.00407498
-32.1127 38.3182 20.0931 0.705647 -0.708539 0.00301117
-32.1464 38.2856 20.5876 0.702702 -0.711477 0.000559162
-32.0491 38.3804 21.0544 0.7012 -0.712957 -0.0031429
-31.7099 38.7145 21.1345 0.702536 -0.711617 -0.00651988
-31.3485 39.0733 21.1286 0.704899 -0.709228 -0.0106771
-31.0065 39.4157 21.1426 0.70855 -0.705641 -0.00530786
-30.5878 39.8373 21.1053 0.709106 -0.705084 -0.00500804
-30.1926 40.2362 21.1627 0.710979 -0.703189 -0.0058492
-29.7707 40.6716 21.1098 0.720576 -0.693367 0.00120272
-29.7311 40.7126 21.1055 0.71867 -0.695346 0.00279209
