-28.5215 42.9544 20.1957 0.700866 -0.713286 0.0029112
-28.1533 43.3177 20.1731 0.703428 -0.710757 0.00368299
-27.6804 43.7877 20.1556 0.705544 -0.708651 0.00469052
-27.3119 44.156 20.1557 0.706506 -0.70767 0.0070891
-26.875 44.5909 20.1587 0.706468 -0.707742 0.00181586
-26.4288 45.0332 20.1898 0.704444 -0.709756 -0.00173976
-26.085 45.3737 20.1965 0.703385 -0.710804 -0.00260975
-25.7765 45.6797 20.1182 0.704182 -0.710016 -0.00236933
-25.4312 46.0218 20.1475 0.704198 -0.710004 -0.000380544
-25.043 46.4067 20.1124 0.705206 -0.708997 0.00114995
-24.6799 46.7686 20.1639 0.706728 -0.707473 0.00360536
-24.3 47.1433 20.2322 0.700086 -0.713979 0.0106132
-23.882 47.5493 20.1793 0.695701 -0.718239 0.011501
-23.9187 47.5072 19.7651 0.696805 -0.717168 0.0115008
-24.3866 47.0511 19.7401 0.697242 -0.716769 0.00972639
-24.7472 46.699 19.7504 0.701802 -0.712335 0.00588255
-25.1606 46.2901 19.743 0.703794 -0.710403 0.000652776
-25.517 45.9373 19.7659 0.703478 -0.710716 -0.00124718
-25.8709 45.5872 19.7746 0.703734 -0.71046 -0.0018372
-26.2044 45.2571 19.7682 0.703213 -0.710975 -0.00242677
-26.5335 44.9303 19.8508 0.705219 -0.708984 -0.00277204
-26.8636 44.6017 19.8021 0.707131 -0.707081 0.00124768
-27.2013 44.2639 19.7596 0.707825 -0.706371 0.00486606
-27.5341 43.9306 19.7356 0.707067 -0.70712 0.00616254
-27.9536 43.513 19.7273 0.704408 -0.709782 0.00414008
-28.383 43.0891 19.7097 0.700779 -0.713371 0.00330743
-28.8304 42.6499 19.7208 0.700505 -0.713642 0.00274713
-29.1673 42.3189 19.7285 0.701597 -0.712567 0.0029779
-29.5204 41.9704 19.7035 0.704808 -0.709394 0.00252187
-29.9041 41.5886 19.7321 0.707053 -0.707158 0.000515263
-29.9594 41.5341 20.1173 0.708505 -0.705705 0.000370789
-29.5959 41.8972 20.1298 0.705209 -0.708993 0.00303285
-29.2213 42.2678 20.1652 0.700581 -0.713566 0.00309193
-28.7862 42.6949 20.1728 0.7005 -0.713647 0.00274814
-28.6274 42.8507 20.1992 0.69992 -0.714218 0.00219923
-28.6229 42.8568 20.672 0.700076 -0.714061 0.003181
-28.2487 43.2256 20.6531 0.703134 -0.711051 0.00247096
-27.8835 43.5881 20.6365 0.705363 -0.708841 0.00274373
-27.4748 43.9978 20.6485 0.707733 -0.706447 0.00683913
-27.0139 44.4574 20.6451 0.70531 -0.708863 0.00710009
-26.6519 44.8141 20.6366 0.701453 -0.712703 -3.30713e-05
-26.3117 45.1471 20.6736 0.699834 -0.714296 -0.00376687
-25.8515 45.6034 20.634 0.704423 -0.709772 -0.0033184
-25.5084 45.944 20.6159 0.704877 -0.709322 -0.00312525
-25.0429 46.4086 20.6085 0.708121 -0.706052 -0.00352281
-24.6289 46.8227 20.6794 0.70884 -0.705319 0.00762424
-24.2718 47.1792 20.6742 0.701265 -0.712622 0.0199288
-23.934 47.5083 20.6768 0.694463 -0.719147 0.0234299
-23.5915 47.8355 20.6618 0.688334 -0.725241 0.0148651
-23.4264 47.9897 20.256 0.692363 -0.721536 0.00437551
-23.4261 47.9867 19.7879 0.701151 -0.712958 0.00331905
-23.5237 47.8854 19.3458 0.698326 -0.715718 0.00943943
-23.8617 47.5546 19.2675 0.695066 -0.71881 0.0135789
-24.2147 47.2115 19.2497 0.695752 -0.718202 0.0106624
-24.5813 46.8565 19.3097 0.695684 -0.718294 0.00867786
-24.9383 46.5078 19.2596 0.700875 -0.713276 0.00339482
-25.3952 46.0589 19.2942 0.703731 -0.710464 -0.00145023
-25.7965 45.6611 19.2786 0.701605 -0.712558 -0.00156379
-26.2075 45.2569 19.2912 0.702539 -0.711627 -0.00504367
-26.5659 44.9012 19.2881 0.707188 -0.706998 -0.00618756
-26.9719 44.4939 19.3078 0.708968 -0.705236 -0.000405668
-27.3078 44.1548 19.2608 0.709706 -0.704473 0.00544943
-27.6415 43.8186 19.2544 0.70513 -0.709017 0.00926276
-28.0535 43.4112 19.261 0.70261 -0.711552 0.00571873
-28.4071 43.0631 19.2383 0.699577 -0.714544 0.00415145
-28.7452 42.7315 19.2391 0.700843 -0.713306 0.00353083
-29.1397 42.3439 19.2374 0.701146 -0.713007 0.00396237
-29.5001 41.9889 19.2442 0.702408 -0.711768 0.00312911
-29.8404 41.6523 19.259 0.7045 -0.709704 0.000960888
-30.1773 41.3165 19.2317 0.706698 -0.707502 -0.00423484
-30.3884 41.102 19.5817 0.712047 -0.702103 -0.00635402
-30.3754 41.1126 20.0616 0.712759 -0.701408 -0.00109341
-30.3305 41.1584 20.6497 0.716327 -0.697747 0.00309476
-29.9894 41.5079 20.6467 0.712124 -0.702019 0.00691657
-29.5728 41.9253 20.6314 0.705783 -0.708394 0.00681905
-29.0948 42.3949 20.6385 0.699501 -0.714617 0.00455646
-28.7278 42.7539 20.6677 0.699713 -0.714418 0.00283873
-28.7845 42.7006 21.1277 0.697575 -0.716508 0.00229613
-29.1346 42.36 21.1278 0.69779 -0.71629 0.00424973
-29.5129 41.9939 21.1741 0.698535 -0.715449 0.0133669
-29.8531 41.6559 21.1298 0.712373 -0.701602 0.0167105
-30.2594 41.2352 21.1778 0.721529 -0.692342 0.0060413
-30.6618 40.8175 21.1137 0.717187 -0.69688 0.000333353
-30.7614 40.7148 20.6568 0.720926 -0.693011 -0.00135076
-30.7035 40.7758 20.1579 0.716875 -0.6972 -0.00155445
-30.718 40.7676 19.6343 0.707923 -0.706046 -0.0155899
-30.7225 40.7744 19.1467 0.698029 -0.716016 -0.00874871
-30.4297 41.0682 18.7631 0.705719 -0.708469 -0.00565812
-29.9893 41.5057 18.7684 0.703505 -0.710666 -0.00580394
-29.6452 41.8455 18.7756 0.701014 -0.713147 0.000228707
-29.1572 42.3244 18.7615 0.700458 -0.713689 0.00241029
-28.7205 42.753 18.7615 0.700764 -0.713372 0.00540598
-28.3001 43.1667 18.7936 0.698712 -0.715403 -0.000716286
-27.8259 43.629 18.7968 0.70193 -0.712062 0.0161547
-27.4713 43.9833 18.7638 0.716428 -0.697445 0.0173861
-27.1155 44.3491 18.8109 0.712496 -0.701671 -0.00260468
-26.6752 44.7963 18.7704 0.710951 -0.703222 -0.00450592
-26.2417 45.2273 18.8069 0.702189 -0.711956 -0.00704783
-25.7837 45.6713 18.8058 0.699455 -0.714599 0.0105411
-25.4024 46.053 18.826 0.704776 -0.709426 -0.00235117
-24.9878 46.4608 18.7832 0.69883 -0.715265 -0.00571574
-24.6009 46.8319 18.8037 0.694318 -0.719635 0.0069851
-24.2188 47.2004 18.764 0.692514 -0.721267 0.0138312
-23.8025 47.6007 18.7799 0.691716 -0.721891 0.0197923
-23.4464 47.9488 18.7805 0.702319 -0.71177 0.0111922
-23.1235 48.2698 18.9316 0.697804 -0.716161 0.0131976
-23.0545 48.3479 19.4917 0.700011 -0.713976 0.0149207
-23.0389 48.3667 20.0207 0.697442 -0.716577 -0.00617766
-23.1274 48.2709 20.6316 0.687792 -0.725796 -0.00745838
-23.1935 48.2167 21.1202 0.680651 -0.732498 0.0124458
-23.5574 47.8792 21.1726 0.686871 -0.726492 0.0204164
-23.9453 47.5102 21.1213 0.683525 -0.729292 0.0287913
-24.328 47.1375 21.1649 0.712656 -0.701173 0.0218548
-24.7168 46.737 21.1621 0.726286 -0.687257 0.00558613
-25.0454 46.3995 21.1085 0.700071 -0.713995 -0.00924643
-25.5698 45.8804 21.0789 0.70104 -0.713079 -0.00161224
-25.9302 45.5222 21.1541 0.704717 -0.709465 -0.0057673
-26.2622 45.1919 21.1929 0.706744 -0.707443 -0.00609189
-26.6433 44.8228 21.1762 0.693349 -0.720597 -0.00275013
-26.9973 44.4813 21.1165 0.69998 -0.713767 0.0237859
-27.3435 44.1369 21.1244 0.70967 -0.704219 0.02108
-27.736 43.7395 21.1162 0.709996 -0.704153 0.0086023
-28.0895 43.3816 21.1002 0.702808 -0.711322 -0.00665538
-28.4902 42.9876 21.1777 0.70017 -0.713968 -0.000115435
-28.6907 42.7921 21.1424 0.69797 -0.716125 0.00137469
