-26.8733 45.6427 -19.8051 0.711512 -0.702673 0.00114788
-27.2574 45.2528 -19.7948 0.713293 -0.700866 0.000790566
-27.6778 44.8238 -19.8364 0.715443 -0.698669 -0.00168513
-28.0993 44.3908 -19.8052 0.7174 -0.69665 -0.00393569
-28.5529 43.9193 -19.7886 0.721265 -0.69266 1.84798e-05
-28.8414 43.6171 -20.0601 0.723662 -0.69015 -0.00188404
-28.5706 43.9019 -20.3064 0.722856 -0.690994 -0.00244602
-28.2314 44.2547 -20.2559 0.720041 -0.693931 -0.000659042
-27.8675 44.6303 -20.2626 0.716051 -0.698047 -0.00112192
-27.5239 44.9818 -20.2485 0.713899 -0.700249 -0.000580964
-27.0615 45.4518 -20.2587 0.712097 -0.702081 -0.000814982
-26.6471 45.87 -20.2019 0.708336 -0.705874 0.00109546
-26.2883 46.2295 -20.2552 0.707268 -0.706943 0.00153125
-25.7615 46.752 -20.2411 0.703729 -0.710463 0.00281898
-25.4123 47.0948 -20.2685 0.700377 -0.713759 0.00445167
-25.0083 47.4911 -20.2758 0.700869 -0.713267 0.00565701
-24.8671 47.6301 -19.9338 0.70011 -0.714034 -0.00133796
-24.4873 48.0016 -20.1133 0.698831 -0.715264 -0.00437368
-24.1038 48.381 -20.1729 0.703175 -0.710929 -0.011176
-23.7255 48.7534 -20.2988 0.697824 -0.716125 -0.0143642
-23.2268 49.2324 -20.2708 0.690988 -0.722766 -0.0120087
-22.8369 49.602 -20.3049 0.68568 -0.727832 -0.00994084
-22.4967 49.915 -20.1355 0.678246 -0.734793 -0.0078665
-22.7315 49.6938 -19.7666 0.685298 -0.728233 -0.0065123
-23.1573 49.292 -19.8599 0.690849 -0.722898 -0.0121013
-23.5544 48.9112 -19.9045 0.695816 -0.71805 -0.0156539
-23.9754 48.5004 -19.8096 0.697976 -0.716025 -0.0117284
-24.2983 48.1852 -19.8241 0.701219 -0.712924 -0.00563508
-24.6923 47.8013 -19.7915 0.698278 -0.715819 -0.00221557
-25.0882 47.4144 -19.8914 0.698865 -0.715249 0.00135664
-25.4664 47.0441 -19.8808 0.699764 -0.714361 0.00395775
-25.9008 46.6161 -19.8926 0.703098 -0.711067 0.00609288
-26.3274 46.1918 -19.9359 0.707907 -0.706291 0.00438013
-26.6901 45.8285 -19.8108 0.710258 -0.703927 0.00340451
-26.6919 45.8292 -19.3306 0.711675 -0.70248 0.00629194
-27.1599 45.3522 -19.3462 0.714653 -0.699475 0.00133272
-27.5087 44.9971 -19.3102 0.713411 -0.700746 2.62731e-06
-27.8532 44.6449 -19.3316 0.71585 -0.698253 0.0012015
-28.2324 44.2545 -19.3365 0.719178 -0.694822 0.00225537
-28.5774 43.8937 -19.3265 0.724655 -0.689111 0.000457495
-28.9207 43.5311 -19.3531 0.727108 -0.686522 -0.00154732
-29.1557 43.2826 -19.645 0.727906 -0.68565 -0.00611106
-29.1513 43.2913 -20.1548 0.724663 -0.689087 -0.00469976
-29.0381 43.4141 -20.6807 0.723737 -0.690061 -0.00421822
-28.686 43.783 -20.7779 0.724132 -0.689645 -0.00432222
-28.2109 44.2791 -20.7669 0.721155 -0.692756 -0.00489757
-27.8433 44.6588 -20.7309 0.717003 -0.697051 -0.00479758
-27.4124 45.0982 -20.7109 0.711528 -0.702639 -0.0044821
-27.0613 45.4523 -20.749 0.709625 -0.704578 -0.00133607
-26.6786 45.8374 -20.6979 0.709078 -0.70513 0.000663796
-26.3214 46.1953 -20.6998 0.706042 -0.70817 -0.000164642
-25.9118 46.6028 -20.746 0.704388 -0.70981 -0.00262545
-25.4551 47.0492 -20.7582 0.700403 -0.713723 0.00597398
-25.0351 47.4613 -20.7229 0.699089 -0.714975 0.00868545
-24.6864 47.8048 -20.669 0.703989 -0.710186 0.00428661
-24.2518 48.2407 -20.7106 0.70737 -0.706843 -0.00082096
-23.8567 48.6362 -20.7429 0.701711 -0.712242 -0.0170017
-23.4382 49.044 -20.754 0.690432 -0.723085 -0.0211558
-23.0413 49.4209 -20.7278 0.688178 -0.725243 -0.0207663
-22.6235 49.8097 -20.7783 0.678908 -0.73405 -0.0159386
-22.2255 50.1682 -20.5864 0.672823 -0.739699 -0.01241
-22.119 50.2597 -20.0002 0.675091 -0.737734 -0.0002159
-22.1652 50.2189 -19.4914 0.6814 -0.731792 0.0132086
-22.5051 49.9032 -19.3058 0.683363 -0.730043 0.00242251
-22.9266 49.5051 -19.3297 0.690118 -0.723674 -0.00573028
-23.319 49.1303 -19.3927 0.694368 -0.719524 -0.0117457
-23.7166 48.7449 -19.369 0.697078 -0.716896 -0.0119275
-24.0764 48.3948 -19.355 0.696903 -0.717054 -0.012657
-24.4388 48.0447 -19.3522 0.696284 -0.717746 -0.00538163
-24.8724 47.6247 -19.3336 0.695066 -0.718935 -0.00390967
-25.2297 47.2776 -19.3894 0.697212 -0.716854 0.00293781
-25.6541 46.8628 -19.4295 0.699759 -0.714366 0.00396136
-26.0372 46.4866 -19.4287 0.703901 -0.710172 0.0122787
-26.402 46.1222 -19.3767 0.707563 -0.706545 0.0121975
-26.4929 46.0314 -19.3556 0.710938 -0.703159 0.0104072
-26.5232 46.0075 -18.8571 0.71559 -0.69836 0.0146961
-26.0616 46.4721 -18.8969 0.706604 -0.707166 0.0250237
-25.6669 46.8564 -18.8692 0.695404 -0.718571 0.00832622
-25.2851 47.2249 -18.8868 0.695179 -0.718836 0.000411416
-24.8891 47.6061 -18.8671 0.693843 -0.720119 -0.00264572
-24.4398 48.0406 -18.8838 0.693103 -0.720827 -0.00223527
-24.009 48.452 -18.8746 0.700657 -0.713254 -0.0176184
-23.6471 48.8044 -18.8611 0.697464 -0.716529 -0.0114215
-23.2632 49.1782 -18.8957 0.695944 -0.71806 -0.00719547
-22.828 49.5955 -18.8076 0.691895 -0.721983 -0.00463045
-22.4302 49.98 -18.8311 0.69796 -0.715967 0.01561
-21.9629 50.4209 -18.8653 0.678844 -0.733985 0.0207461
-21.7969 50.553 -19.511 0.666396 -0.745283 0.0216774
-21.7674 50.5693 -20.0627 0.661269 -0.750118 -0.00398577
-21.8852 50.4744 -20.8554 0.662762 -0.748774 -0.0091573
-22.0214 50.3629 -21.2342 0.659463 -0.751494 -0.0190147
-22.399 50.0268 -21.2274 0.672864 -0.739457 -0.0212385
-22.9012 49.5699 -21.237 0.675169 -0.737014 -0.030548
-23.3569 49.1413 -21.2328 0.689381 -0.723447 -0.0368353
-23.7117 48.7974 -21.2084 0.723478 -0.688988 -0.0369244
-24.076 48.4241 -21.2213 0.715742 -0.698153 -0.0171673
-24.4475 48.043 -21.2079 0.710484 -0.703707 0.00304214
-24.799 47.6866 -21.1418 0.709264 -0.704821 0.0124711
-25.2055 47.2862 -21.2626 0.698825 -0.715182 0.0125349
-25.5749 46.9308 -21.2272 0.697446 -0.716634 -0.00197943
-25.9725 46.5474 -21.2248 0.696411 -0.717273 -0.0179547
-26.4021 46.1163 -21.162 0.718425 -0.695436 -0.00753907
-26.7707 45.7423 -21.2322 0.707 -0.707209 0.00242562
-27.1877 45.3266 -21.2699 0.702546 -0.711595 0.00179454
-27.6081 44.9058 -21.1798 0.710765 -0.703341 -0.01044
-28.0641 44.4366 -21.2565 0.721103 -0.69275 -0.0101855
-28.4296 44.0549 -21.2207 0.721346 -0.692552 -0.00568073
-28.768 43.6981 -21.2545 0.725824 -0.687865 0.00206992
-29.1431 43.3058 -21.2298 0.7225 -0.69137 -0.00148836
-29.3799 43.0587 -20.9662 0.721225 -0.692552 -0.0105625
-29.4455 42.9825 -20.2927 0.724762 -0.688962 -0.00712907
-29.4769 42.9419 -19.7135 0.728878 -0.684595 -0.00820695
-29.4751 42.9366 -19.1187 0.732163 -0.681106 -0.00561059
-29.2335 43.1938 -18.8367 0.731598 -0.681679 -0.00886114
-28.8159 43.6437 -18.8688 0.730357 -0.683041 0.00195005
-28.4527 44.0288 -18.8298 0.724115 -0.689638 0.00751805
-28.06 44.4377 -18.8679 0.717823 -0.696159 0.00898881
-27.6785 44.8253 -18.8214 0.711406 -0.702776 0.00144936
-27.2048 45.3077 -18.8659 0.717798 -0.696244 -0.000180643
-26.8531 45.6693 -18.8148 0.724487 -0.689173 0.0126056
-26.5962 45.9331 -18.8444 0.714373 -0.699654 0.0125088
