22.919 50.2916 -10.0403 -0.413885 -0.904031 0.106861
23.9795 49.706 -10.5756 -0.461232 -0.878353 0.125541
24.9418 49.1616 -10.8234 -0.46637 -0.875535 0.126241
25.9108 48.6163 -10.9253 -0.465894 -0.870921 0.156334
26.8853 48.0693 -10.9597 -0.491661 -0.855498 0.162457
27.8721 47.5098 -10.8621 -0.504515 -0.840542 0.197368
29.0834 46.7232 -11.0861 -0.497841 -0.841856 0.207795
29.1663 46.3621 -12.2173 -0.501352 -0.83359 0.231894
29.4048 45.8437 -13.3008 -0.508675 -0.807955 0.297102
29.7551 45.1456 -14.5021 -0.510857 -0.79309 0.331713
30.1074 44.5132 -15.4119 -0.507008 -0.786034 0.353488
30.3304 43.9405 -16.3709 -0.489679 -0.792468 0.363606
29.5703 44.5811 -16.059 -0.531762 -0.765061 0.363197
28.7179 45.2739 -15.8288 -0.540245 -0.766413 0.347486
27.8267 45.9557 -15.7571 -0.558227 -0.776363 0.292647
26.9168 46.624 -15.7416 -0.587557 -0.767369 0.256752
26.058 47.2733 -15.7529 -0.58213 -0.771645 0.256298
24.9369 48.1287 -15.7415 -0.581386 -0.789957 0.194556
23.9569 48.8383 -15.7445 -0.572417 -0.804772 0.157101
22.9442 49.5593 -15.5934 -0.549633 -0.827295 0.116134
21.8425 50.2578 -15.484 -0.513866 -0.855668 0.0614378
20.6202 50.937 -15.4792 -0.456276 -0.889476 0.025381
19.3382 51.5399 -15.5235 -0.389038 -0.921209 -0.00488918
18.3208 51.9661 -15.6759 -0.35141 -0.932947 -0.0782301
16.9374 52.4677 -15.7353 -0.303239 -0.945412 -0.119341
15.8633 52.6982 -15.5849 -0.168683 -0.979581 -0.108617
14.6408 52.9085 -15.8839 -0.101558 -0.985252 -0.137714
13.7135 53.0462 -16.5294 -0.0597744 -0.992903 -0.102812
12.9881 53.1648 -17.5014 -0.0189079 -0.996102 -0.0856372
11.9345 53.2298 -18.2743 -0.000727687 -0.998475 -0.0549436
10.7881 53.232 -18.3281 0.00462897 -0.999653 -0.0259067
9.42289 53.2432 -18.3018 -0.0152139 -0.999791 -0.0135592
8.29106 53.2577 -18.2435 -0.0114073 -0.999933 -0.00195096
8.34824 53.2562 -17.2861 -0.0220381 -0.999729 0.00655263
9.26732 53.2091 -15.8856 -0.0404677 -0.998831 -0.0227522
9.67892 53.1388 -14.3701 -0.0615785 -0.997706 -0.0281146
9.92695 53.0778 -13.2227 -0.0745472 -0.996566 -0.0360278
10.0623 53.0279 -12.1257 -0.078493 -0.996368 -0.0328648
10.2014 52.9801 -10.732 -0.0736103 -0.996989 -0.0243532
10.7454 52.9351 -9.9129 -0.0564487 -0.99839 -0.00552008
11.9945 52.8553 -9.90146 -0.0723036 -0.997354 0.00759732
13.3045 52.7531 -9.78167 -0.0864747 -0.996214 0.0054077
14.607 52.6195 -9.35316 -0.106472 -0.994085 0.0213169
15.888 52.4753 -8.80904 -0.128157 -0.991428 0.0249665
16.9735 52.3246 -8.2989 -0.188857 -0.981856 -0.00419051
18.0314 52.1007 -7.70338 -0.225298 -0.972556 0.0581018
19.0198 51.9002 -6.96277 -0.255441 -0.965478 0.0510115
19.8751 51.6257 -7.77833 -0.290839 -0.954484 0.0586407
20.8116 51.2614 -8.64302 -0.338198 -0.939293 0.0531694
21.6702 50.888 -9.2969 -0.369447 -0.926895 0.0654081
22.5395 50.4932 -9.80343 -0.401783 -0.909272 0.107972
23.1354 50.3134 -8.88564 -0.399047 -0.912212 0.0929053
22.2074 50.7634 -8.29804 -0.372853 -0.923142 0.0937497
21.2131 51.196 -7.48192 -0.335284 -0.939464 0.0706539
20.2555 51.5867 -6.59045 -0.316626 -0.945266 0.0788634
19.412 51.8816 -5.54386 -0.252886 -0.96525 0.0658836
18.7736 52.0597 -5.04652 -0.224999 -0.972816 0.0548161
17.8513 52.2145 -6.34789 -0.215179 -0.975541 0.0392724
16.9219 52.3547 -7.1208 -0.17935 -0.982978 0.0398306
15.6988 52.5276 -7.69374 -0.134588 -0.99034 0.0333615
14.4359 52.6666 -8.19817 -0.10946 -0.993039 0.0434991
13.0216 52.7883 -8.70382 -0.0821193 -0.996553 0.0117679
11.6786 52.8867 -8.84813 -0.0621106 -0.998025 0.00941255
10.5171 52.9511 -8.84714 -0.0502395 -0.998705 0.00724623
9.24852 53.0158 -8.80869 -0.0509923 -0.99866 -0.00485446
8.98982 53.0388 -9.47209 -0.0579683 -0.998109 -0.019517
9.11443 53.0604 -10.7549 -0.0735159 -0.996954 -0.0260312
8.97063 53.1075 -11.9612 -0.0789424 -0.996288 -0.0343233
8.79791 53.1656 -13.2848 -0.070688 -0.997017 -0.0302193
8.47932 53.2186 -14.4914 -0.0646607 -0.997521 -0.0277569
8.00842 53.2598 -15.591 -0.0461447 -0.998907 -0.00740801
7.22699 53.2865 -16.8221 -0.0228406 -0.999689 0.0100438
6.44776 53.2903 -17.7621 -0.0187554 -0.999499 0.0254998
5.61376 53.2803 -18.5006 -0.00529853 -0.999525 0.030354
4.9434 53.2679 -19.3958 -0.00290996 -0.999953 0.00925777
6.09784 53.2619 -19.3919 -0.00142833 -0.999988 -0.00377488
7.40745 53.2588 -19.3819 -0.00313447 -0.999995 -0.000884149
8.64896 53.2534 -19.3563 -0.00448341 -0.999989 0.00130584
9.85763 53.2507 -19.3867 0.00276521 -0.999949 -0.00841068
11.1323 53.259 -19.4171 0.0106094 -0.999793 -0.0173329
12.4695 53.268 -19.3526 0.000706345 -0.999606 -0.027042
13.5395 53.2604 -18.9467 0.0118905 -0.9991 -0.0407196
13.958 53.1899 -17.8684 0.00114089 -0.994763 -0.102199
14.8179 53.0508 -16.9525 -0.0607843 -0.985301 -0.159217
15.8944 52.8652 -16.6286 -0.178474 -0.963642 -0.19823
17.061 52.5811 -16.7484 -0.351229 -0.91533 -0.189981
18.1019 52.1692 -16.8463 -0.391833 -0.911264 -0.122737
19.2296 51.6581 -16.7083 -0.418216 -0.906927 -0.0415506
20.7214 50.9102 -16.6541 -0.494101 -0.868213 -0.0135319
21.9252 50.1735 -16.6332 -0.54984 -0.833094 0.0354412
23.0089 49.3965 -16.7506 -0.582264 -0.805481 0.100604
24.0906 48.5322 -16.8256 -0.593592 -0.792251 0.137887
25.1106 47.7121 -16.7951 -0.607796 -0.76691 0.20505
26.1528 46.7986 -16.9861 -0.630499 -0.733072 0.25485
27.0285 46.1458 -16.8311 -0.599319 -0.748304 0.284328
27.9207 45.4235 -16.8646 -0.563507 -0.761403 0.320493
28.912 44.6105 -16.9593 -0.570703 -0.739049 0.357917
29.6159 43.8296 -17.5912 -0.501228 -0.795144 0.34089
29.8481 43.3403 -18.5662 -0.521372 -0.828972 0.202428
30.2643 42.8951 -19.3633 -0.587125 -0.803142 0.101228
31.2304 42.2002 -19.352 -0.586689 -0.80114 0.118198
32.2484 41.6318 -19.2846 -0.321815 -0.921908 0.215687
33.4502 41.1413 -19.2009 -0.402395 -0.886547 0.228284
33.9509 41.0061 -18.8868 -0.367713 -0.888133 0.275368
33.0193 41.6307 -18.1949 -0.390499 -0.874029 0.289109
32.246 42.3167 -17.3457 -0.448754 -0.823376 0.345407
31.6728 42.9903 -16.6279 -0.46856 -0.796879 0.381196
31.255 43.693 -15.6742 -0.472981 -0.806992 0.353628
30.9638 44.296 -14.7032 -0.495844 -0.799655 0.338658
30.6104 44.8959 -13.7725 -0.489579 -0.80848 0.326607
30.2796 45.5307 -12.6345 -0.499597 -0.815169 0.293091
30.1407 45.9972 -11.4956 -0.496808 -0.829443 0.255354
30.0986 46.3867 -10.0705 -0.502707 -0.843786 0.187909
30.0048 46.5872 -9.33584 -0.491496 -0.853535 0.172683
29.0609 47.0803 -9.6189 -0.493626 -0.853726 0.16579
27.9931 47.6661 -9.77456 -0.501884 -0.852367 0.146914
27.0045 48.209 -9.87285 -0.471696 -0.872259 0.129103
25.7767 48.8868 -9.77911 -0.457845 -0.877 0.145578
24.7502 49.4403 -9.61343 -0.450394 -0.883112 0.130719
23.5351 50.1133 -9.12957 -0.438179 -0.89327 0.0990836
23.5259 50.1182 -9.12464 -0.413982 -0.905647 0.0902694
23.8895 50.046 -8.08883 -0.419033 -0.900792 0.113949
24.8533 49.5418 -8.41236 -0.441482 -0.890194 0.112461
25.9648 48.9427 -8.70675 -0.453323 -0.883905 0.114937
26.9285 48.406 -8.80485 -0.475576 -0.87129 0.12103
28.0933 47.7957 -8.68027 -0.487033 -0.862221 0.137738
29.3251 47.1733 -8.2505 -0.485934 -0.861619 0.146562
30.171 46.8169 -7.59636 -0.479306 -0.864885 0.149129
30.9857 46.4729 -6.74766 -0.485038 -0.86723 0.112473
31.8142 46.102 -5.84465 -0.491021 -0.865587 0.0979978
32.4858 45.8152 -5.01675 -0.508116 -0.854977 0.103987
33.2474 45.4413 -4.25413 -0.505523 -0.858766 0.0834771
33.9796 45.088 -3.43319 -0.515058 -0.853386 0.0796454
34.7516 44.685 -2.66221 -0.516335 -0.853656 0.068335
35.6234 44.222 -1.68023 -0.528424 -0.847741 0.0458609
36.3749 43.7932 -0.958304 -0.528122 -0.847899 0.0464081
37.2177 43.3011 -0.111431 -0.541424 -0.839768 0.0401226
38.077 42.7766 0.792192 -0.547832 -0.835672 0.0391497
38.8534 42.2989 1.69527 -0.556927 -0.830152 0.0260699
39.4847 41.8931 2.62187 -0.566179 -0.824154 0.0145695
40.1561 41.441 3.4103 -0.566746 -0.823891 0.00159355
41.0926 40.795 4.23797 -0.577978 -0.815956 -0.00412206
41.8422 40.2497 4.84733 -0.587359 -0.809309 -0.0044152
42.7042 39.6243 5.61546 -0.579202 -0.815153 -0.00715763
43.4778 39.0434 6.37207 -0.604442 -0.796519 -0.0138552
44.0041 38.6334 7.25281 -0.598228 -0.801268 -0.00959077
44.7595 38.0503 8.34116 -0.607551 -0.794256 -0.00618497
45.1592 37.7414 9.62058 -0.603973 -0.796998 -0.00324096
45.4233 37.5337 10.725 -0.612207 -0.790691 0.00324817
45.623 37.3875 11.8287 -0.60834 -0.793614 0.00996185
45.497 37.5026 12.8994 -0.603446 -0.797181 0.0188615
45.102 37.839 14.0707 -0.586354 -0.808874 0.0437275
44.4727 38.343 15.0138 -0.591244 -0.80634 -0.0157111
43.6766 38.8913 15.9984 -0.534382 -0.844807 0.0271404
42.6771 39.5006 16.9197 -0.513855 -0.857871 -0.00327166
41.4991 40.1253 17.5969 -0.477108 -0.878384 -0.0284602
40.3187 40.7138 17.9966 -0.447832 -0.893256 -0.0384231
39.1768 41.2576 18.3246 -0.423084 -0.904385 -0.053795
38.1143 41.7484 18.5035 -0.430906 -0.899281 -0.0749063
36.7717 42.3475 18.8065 -0.43512 -0.894039 -0.106153
35.3757 43.0175 18.7412 -0.437608 -0.893143 -0.103123
34.3587 43.5491 18.7126 -0.455514 -0.879022 -0.140272
33.2342 44.1192 18.6909 -0.455231 -0.880161 -0.134143
32.2454 44.6809 18.6943 -0.499215 -0.850177 -0.167281
31.2126 45.2966 18.6823 -0.494761 -0.85823 -0.136578
30.2156 45.8941 18.6553 -0.509061 -0.844922 -0.164206
29.2639 46.487 18.6913 -0.584816 -0.800791 -0.127362
28.3271 47.1955 18.7526 -0.623557 -0.778498 -0.0710664
27.4115 47.9447 18.4832 -0.594529 -0.799729 -0.0834828
26.5227 48.6322 18.4167 -0.610473 -0.789791 -0.0595864
25.7758 49.1918 18.4814 -0.604637 -0.790593 -0.0965694
25.8028 49.1281 19.6265 -0.603251 -0.797159 -0.0200225
26.286 48.7443 20.4142 -0.621796 -0.783164 0.00484981
27.208 47.9971 20.4904 -0.64005 -0.768312 -0.00490341
28.2713 47.1218 20.4405 -0.63377 -0.773499 -0.00584125
29.1414 46.4384 20.4532 -0.602119 -0.797281 -0.0423857
30.067 45.7786 20.3136 -0.527638 -0.8482 -0.0464251
31.2315 45.0632 20.3928 -0.51023 -0.855571 -0.0875444
32.3438 44.4041 20.3893 -0.502279 -0.861227 -0.0764088
33.3624 43.8466 20.3557 -0.477849 -0.875558 -0.0711214
34.4364 43.2919 20.3677 -0.440209 -0.897003 -0.0400208
35.597 42.7557 20.3196 -0.418345 -0.90531 -0.0734879
36.8747 42.1762 20.3618 -0.396968 -0.916473 -0.0499414
37.8771 41.7349 20.3598 -0.413999 -0.909544 -0.0365333
38.9126 41.2699 20.4459 -0.40031 -0.915809 -0.032305
39.9995 40.7816 20.4093 -0.411704 -0.911033 -0.0201183
41.0295 40.31 20.3353 -0.429595 -0.903015 0.00345423
42.2453 39.714 20.361 -0.450138 -0.892959 -0.000715108
43.3679 39.1363 20.4182 -0.467567 -0.883682 -0.0220928
44.5179 38.4937 20.3658 -0.506687 -0.86213 0.00075922
45.6525 37.797 20.4103 -0.553126 -0.832813 0.0217753
46.4499 37.262 19.8323 -0.580909 -0.813834 0.00124329
46.4714 37.215 18.6426 -0.549775 -0.834007 0.0467009
46.971 36.6875 17.8575 -0.727661 -0.643934 0.203286
47.705 35.6886 17.8053 -0.8298 -0.556453 0.0294211
48.298 34.7542 17.8499 -0.842977 -0.529597 -0.0944279
48.8784 33.8289 18.0622 -0.725404 -0.616394 -0.306346
49.106 33.4702 19.1618 -0.670104 -0.741367 -0.0113496
49.355 33.198 20.3742 -0.733325 -0.677126 0.0569276
50.2049 32.3869 20.3494 -0.651252 -0.758036 0.0308795
51.1335 31.7985 20.4196 -0.515411 -0.856769 0.0172951
52.2227 31.175 20.3898 -0.461135 -0.88621 -0.0111404
53.4706 30.588 20.4147 -0.421122 -0.906519 -0.0296711
54.5487 30.0873 20.4584 -0.419478 -0.907278 -0.0297375
55.6262 29.6168 20.4377 -0.389 -0.920972 -0.0221538
56.8577 29.0909 20.3722 -0.387705 -0.921484 -0.0227419
57.8877 28.6648 20.3619 -0.381602 -0.924057 -0.022281
59.1732 28.1724 20.1977 -0.358006 -0.933616 -0.0139169
60.1503 27.8213 19.5438 -0.338641 -0.940883 -0.007862
60.9815 27.5458 18.7824 -0.327911 -0.944581 -0.015104
61.495 27.3855 17.6276 -0.324485 -0.945839 -0.00525098
61.6553 27.3315 16.4827 -0.318502 -0.947838 0.00858862
61.5263 27.3626 15.3286 -0.307083 -0.951664 0.00585779
61.2613 27.4328 14.0499 -0.320325 -0.947102 0.01795
60.7611 27.6089 12.9103 -0.343037 -0.93932 -0.00164572
60.0449 27.8513 11.6751 -0.345546 -0.938253 0.0166972
59.3378 28.1136 10.789 -0.381746 -0.924263 0.00272215
58.7649 28.3366 9.80565 -0.38343 -0.923438 0.0156036
58.261 28.5374 8.14945 -0.43264 -0.901493 0.0103357
58.1929 28.5325 6.56387 -0.433628 -0.900762 0.0242915
58.1388 28.5042 5.10546 -0.424124 -0.905129 0.0289152
58.1649 28.4561 3.50101 -0.402397 -0.915332 0.0155978
58.1939 28.3974 2.2796 -0.390882 -0.919598 0.0393909
58.1599 28.376 1.06117 -0.415552 -0.908601 0.0376967
58.1549 28.3139 -0.104629 -0.404816 -0.913218 0.0464464
58.0268 28.3249 -1.22388 -0.418814 -0.907026 0.04358
57.9974 28.2629 -2.42555 -0.409824 -0.911224 0.0414105
57.9812 28.2243 -3.77986 -0.411876 -0.911096 0.016177
57.9505 28.1887 -5.02458 -0.414563 -0.908464 0.0532138
58.0637 28.066 -6.32993 -0.397651 -0.91622 0.0491418
57.9758 28.0328 -7.56014 -0.397243 -0.915927 0.0572259
57.9958 27.942 -8.83554 -0.386273 -0.919892 0.0677624
57.9392 27.8703 -10.3479 -0.379563 -0.923602 0.0537764
58.168 27.7085 -11.7003 -0.366537 -0.928991 0.0512529
58.3835 27.5521 -12.9224 -0.346957 -0.935955 0.0600702
58.7744 27.3434 -14.2022 -0.331664 -0.942376 0.0439028
59.1927 27.1581 -15.2015 -0.321895 -0.946262 0.0311683
59.4826 27.0306 -16.3144 -0.290792 -0.95659 0.0193632
59.7993 26.8985 -17.5708 -0.275215 -0.96063 0.0367592
59.9624 26.8043 -18.9459 -0.265666 -0.963461 0.0341353
59.5818 26.8985 -19.9615 -0.270467 -0.962624 0.0142274
58.2145 27.2805 -20.3853 -0.278941 -0.960082 0.019403
57.0732 27.6172 -20.4201 -0.283806 -0.958707 0.018326
55.6378 28.0478 -20.4032 -0.293775 -0.955285 0.0335698
54.319 28.4678 -20.3977 -0.305431 -0.951397 0.0392415
53.0821 28.8729 -20.3394 -0.337601 -0.939815 0.0493097
52.0401 29.2686 -20.3072 -0.368679 -0.927626 0.0557713
50.9503 29.7422 -20.2823 -0.393601 -0.914499 0.0936469
49.9214 30.2208 -20.3339 -0.450652 -0.890045 0.0603572
48.8819 30.7853 -20.2752 -0.498098 -0.86274 0.0810088
48.0045 31.3613 -20.1006 -0.547913 -0.834511 0.0581601
48.0346 31.4397 -18.9846 -0.490859 -0.868827 0.0575964
47.7618 31.9435 -18.0469 -0.628126 -0.603467 0.451891
47.2052 32.8965 -18.0206 -0.855969 -0.392406 0.336652
47.9307 32.001 -17.7354 -0.62813 -0.603458 0.451894
48.9184 31.4278 -17.215 -0.569851 -0.788843 0.226203
50.1042 30.8139 -16.5296 -0.513053 -0.83436 0.197259
51.0862 30.3773 -16.0773 -0.472539 -0.85817 0.200626
52.0949 29.9813 -15.3455 -0.444075 -0.880814 0.164129
52.9641 29.6478 -14.6436 -0.434699 -0.890368 0.133585
53.7332 29.4131 -13.8861 -0.428939 -0.893218 0.133366
54.4 29.2315 -12.8485 -0.416796 -0.903152 0.101525
54.8823 29.1124 -11.7707 -0.438098 -0.893755 0.096083
55.3296 29.0303 -10.6149 -0.428697 -0.89931 0.0842753
55.4826 29.0878 -9.19858 -0.451392 -0.888545 0.0816215
55.6118 29.1149 -8.06899 -0.477206 -0.875347 0.0777222
55.5598 29.2427 -6.75154 -0.458449 -0.885234 0.0786511
55.5286 29.3707 -5.32576 -0.487252 -0.871355 0.0576808
55.4775 29.4715 -4.16748 -0.481651 -0.874594 0.055627
55.5059 29.5409 -2.74605 -0.501193 -0.863277 0.0596509
55.5014 29.6108 -1.57103 -0.520661 -0.85293 0.0377168
55.4486 29.7079 -0.236979 -0.496124 -0.866375 0.0570591
55.3535 29.8242 1.0515 -0.493118 -0.869319 0.0334641
55.0982 30.0351 2.33098 -0.517662 -0.854397 0.0450758
54.4667 30.49 3.65433 -0.533726 -0.844378 0.0464916
53.8439 30.934 4.62011 -0.548336 -0.835624 0.0325656
53.1463 31.4373 5.38614 -0.578115 -0.815675 0.0213809
52.3067 32.0579 6.00254 -0.586026 -0.809858 0.0265417
51.3758 32.762 6.4293 -0.609024 -0.793128 0.00619877
50.424 33.5048 6.76289 -0.618403 -0.785809 0.00906689
49.5653 34.1937 6.84237 -0.62936 -0.777108 -0.00295867
48.6264 34.9586 6.93852 -0.632981 -0.774165 -0.00199598
47.7266 35.6918 6.85804 -0.629973 -0.776617 0.000659791
46.8731 36.3836 6.56806 -0.630021 -0.776575 0.00193591
45.9622 37.1142 6.19028 -0.62412 -0.781299 0.00681604
45.0713 37.8116 5.54955 -0.618744 -0.785592 -0.00057636
44.381 38.3527 4.89408 -0.614966 -0.788551 0.00195141
43.6615 38.9048 3.97632 -0.603847 -0.797099 0.000900191
42.8103 39.5357 3.20391 -0.594642 -0.803935 0.00945887
42.1083 40.0349 2.43482 -0.587564 -0.808878 0.021464
41.1731 40.6823 1.46742 -0.581031 -0.813512 0.0245071
40.2744 41.2765 0.432719 -0.570707 -0.820151 0.0405704
39.3934 41.8298 -0.506786 -0.558257 -0.828125 0.0505758
38.6613 42.2739 -1.34679 -0.560282 -0.826889 0.0483567
37.8754 42.7677 -2.09209 -0.562007 -0.82493 0.0586903
37.1778 43.1473 -2.92001 -0.543146 -0.8359 0.0791456
36.2481 43.6402 -3.9133 -0.532063 -0.842752 0.0817179
35.4021 44.079 -4.71898 -0.522977 -0.846534 0.0992998
34.4471 44.5456 -5.76108 -0.526985 -0.843988 0.0998585
33.6875 44.9226 -6.47193 -0.51367 -0.850177 0.115486
32.9135 45.2815 -7.21186 -0.505103 -0.854386 0.122045
31.9074 45.6967 -8.21909 -0.507593 -0.846214 0.162084
31.1902 45.9463 -9.12067 -0.505002 -0.844914 0.17615
31.097 45.6951 -10.5343 -0.499318 -0.846386 0.185222
31.1055 45.3686 -11.6503 -0.499749 -0.830575 0.245757
31.372 44.8154 -12.7943 -0.494092 -0.814604 0.303488
31.7419 44.2521 -13.6809 -0.478434 -0.818633 0.317693
32.1872 43.4476 -14.9913 -0.471434 -0.806983 0.355707
32.6047 42.8523 -15.8097 -0.441514 -0.808098 0.389927
33.2103 42.106 -16.7602 -0.428092 -0.829317 0.359057
34.0632 41.3224 -17.7173 -0.418098 -0.850994 0.317811
35.0737 40.7374 -18.1896 -0.393302 -0.892204 0.221454
36.0017 40.234 -18.6561 -0.365179 -0.902178 0.229608
37.0993 39.7527 -18.7725 -0.371394 -0.902057 0.219908
38.2134 39.3143 -18.8348 -0.341372 -0.924749 0.16824
39.5249 38.8168 -18.7965 -0.358552 -0.926911 0.110798
40.6142 38.3789 -18.7197 -0.394995 -0.912392 0.107331
41.6567 37.8978 -18.6699 -0.441109 -0.894136 0.0744361
42.905 37.2372 -18.6676 -0.52509 -0.850756 0.0222546
43.9718 36.538 -18.6799 -0.574064 -0.81773 0.0420417
44.8844 35.8826 -18.6555 -0.621233 -0.781688 0.0550817
45.4576 35.4227 -19.284 -0.615288 -0.788061 0.0194834
45.2046 35.6095 -20.4254 -0.593837 -0.804584 0.00139805
44.3116 36.2674 -20.5038 -0.564238 -0.8256 0.00443701
43.3959 36.8758 -20.2755 -0.545735 -0.837238 0.034716
42.2544 37.5128 -20.3396 -0.44645 -0.892892 0.0453646
41.1693 37.997 -20.384 -0.354414 -0.933416 0.0559102
40.1048 38.4298 -20.3387 -0.37345 -0.924067 0.0814569
39.0377 38.7932 -20.411 -0.32258 -0.942447 0.0879567
37.9934 39.1575 -20.3676 -0.330933 -0.936086 0.119122
36.9591 39.5249 -20.494 -0.360591 -0.924474 0.123781
35.7736 39.9932 -20.381 -0.351394 -0.924013 0.150241
34.7271 40.4264 -20.3122 -0.359226 -0.923019 0.135961
33.5303 40.8805 -20.394 -0.401454 -0.90798 0.120028
32.4773 41.3443 -20.4334 -0.448096 -0.887155 0.0982174
31.4214 41.9616 -20.441 -0.547861 -0.834932 0.0505643
30.3456 42.7227 -20.4636 -0.594939 -0.801556 0.0594779
29.4574 43.3717 -20.4164 -0.572248 -0.819355 0.0297016
29.0191 43.7219 -19.5251 -0.557287 -0.826733 0.0711589
28.906 43.9508 -18.3733 -0.388739 -0.864922 0.317477
28.1462 44.7204 -17.9704 -0.58235 -0.71943 0.3771
27.1963 45.5642 -17.9438 -0.627191 -0.714652 0.309354
26.336 46.302 -17.9482 -0.627207 -0.732461 0.264787
25.38 47.16 -17.9433 -0.653668 -0.724952 0.216869
24.4733 47.9908 -17.8882 -0.643845 -0.747056 0.165041
23.5603 48.7761 -18.0053 -0.652101 -0.749562 0.113674
22.7038 49.5191 -17.9016 -0.636813 -0.76767 0.0717796
21.811 50.221 -17.8352 -0.622744 -0.782002 -0.0257664
20.8489 50.8864 -17.871 -0.523069 -0.847534 -0.0899121
19.8514 51.4473 -17.9184 -0.445261 -0.889121 -0.105864
18.7942 51.9772 -17.9003 -0.44189 -0.891773 -0.0938526
17.7753 52.5158 -17.941 -0.442476 -0.874809 -0.197294
16.6158 52.9549 -17.7728 -0.347765 -0.905009 -0.244987
15.4474 53.1729 -17.7251 -0.056626 -0.971795 -0.228925
14.7436 53.2698 -18.5986 0.0483392 -0.997613 -0.0493203
14.3921 53.299 -19.7835 0.0139646 -0.999786 -0.0132571
13.6454 53.3051 -20.4757 0.00933558 -0.999833 -0.0157162
12.52 53.2946 -20.5292 0.0119953 -0.999763 -0.0181507
11.3922 53.2799 -20.4666 0.0119567 -0.999797 -0.0162247
10.2471 53.2628 -20.4924 0.0152394 -0.999834 -0.0099666
9.02337 53.2543 -20.4789 -0.00549067 -0.999953 -0.00801916
7.78487 53.2633 -20.4592 -0.00804348 -0.999932 -0.00849829
6.49476 53.2723 -20.5089 -0.00509094 -0.999907 -0.012643
5.39099 53.2735 -20.5144 0.00351249 -0.999823 -0.0182559
4.14798 53.2677 -20.4979 0.00153986 -0.99994 -0.00967352
3.01729 53.2731 -20.4764 -0.00398238 -0.999984 -0.00401395
1.78377 53.2804 -20.4935 -0.0119831 -0.999928 -0.000464707
0.461159 53.2953 -20.5916 -0.0107368 -0.999926 0.00413857
-0.637662 53.307 -20.5988 -0.00927033 -0.999866 0.0134942
-1.73941 53.3248 -20.5416 -0.0176503 -0.999792 0.0102163
-2.98944 53.3529 -20.5726 -0.0222225 -0.999695 0.010748
-4.26701 53.3827 -20.4741 -0.0159367 -0.999797 0.0123136
-5.49952 53.4001 -20.4496 -0.0168084 -0.999568 0.0238326
-6.71097 53.4064 -20.4277 0.00114357 -0.999918 0.0127743
-7.86278 53.415 -20.4932 -0.0114677 -0.99988 0.0101427
-9.04516 53.438 -20.4331 -0.0161923 -0.999867 0.00181227
-10.3972 53.4705 -20.4786 -0.0298023 -0.999453 -0.0142743
-11.5363 53.5067 -20.4668 -0.0310068 -0.999475 -0.009381
-12.7516 53.5374 -20.4906 -0.0173662 -0.9998 -0.0091104
-13.9512 53.5467 -20.4763 -0.000801605 -0.999942 -0.0107022
-14.4904 53.54 -19.8387 0.00524056 -0.999932 -0.0100507
-14.4764 53.524 -18.6137 0.000184563 -0.99983 -0.0184237
-15.3178 53.4801 -17.996 0.0347778 -0.99221 -0.117825
-16.4127 53.3971 -17.8928 0.0768777 -0.976261 -0.202496
-17.6352 53.1868 -17.9691 0.24308 -0.95146 -0.188694
-19.0118 52.7779 -17.9563 0.301086 -0.940313 -0.158613
-20.1441 52.383 -18.0425 0.35301 -0.931787 -0.0809356
-21.1459 51.8905 -17.9544 0.506789 -0.855284 -0.107956
-22.1442 51.1967 -17.9319 0.594703 -0.803521 -0.0255139
-23.0292 50.4725 -17.9279 0.690814 -0.720262 0.0543834
-23.8145 49.783 -17.8623 0.672539 -0.733028 0.101792
-23.6448 49.9786 -17.4684 0.651416 -0.754026 0.0842761
-22.9498 50.5953 -16.6791 0.588341 -0.807924 0.0271879
-22.2053 51.0959 -15.756 0.514752 -0.85715 0.0179936
-21.531 51.4895 -14.8594 0.450466 -0.892779 0.00507498
-20.7913 51.8488 -13.5583 0.399375 -0.915542 -0.0112245
-20.4518 51.9259 -12.4372 0.334531 -0.933922 -0.125154
-20.3706 51.855 -11.0881 0.323804 -0.94415 -0.0610837
-20.3968 51.7897 -9.9482 0.309441 -0.949104 -0.0558761
-20.4159 51.7465 -8.82164 0.318255 -0.947467 -0.0275789
-20.4693 51.6808 -7.63349 0.284256 -0.957462 -0.0496536
-20.4317 51.6553 -6.19478 0.26251 -0.964534 -0.0275743
-20.4409 51.6106 -4.83961 0.258277 -0.964978 -0.0453664
-20.4365 51.5488 -3.59725 0.264661 -0.963771 -0.0304943
-20.4906 51.5091 -2.39532 0.253607 -0.966806 -0.0311162
-20.2836 51.5116 -0.778299 0.25467 -0.966558 -0.0301484
-20.3266 51.4642 0.385833 0.252142 -0.967181 -0.0313937
-20.4557 51.3889 1.53332 0.263968 -0.963884 -0.0343338
-20.3957 51.3594 3.0225 0.254552 -0.966691 -0.0258715
-20.7047 51.2493 4.21629 0.284224 -0.958 -0.0275204
-21.1757 51.0686 5.32093 0.304928 -0.95219 -0.0187869
-21.9669 50.776 6.04329 0.33388 -0.941617 -0.0433714
-23.005 50.3278 6.7976 0.384979 -0.920825 -0.0622327
-24.0315 49.8231 7.55341 0.430433 -0.900156 -0.0650021
-25.0773 49.2493 8.17963 0.469014 -0.879664 -0.0784435
-26.3081 48.5694 8.1782 0.489455 -0.866952 -0.0934263
-27.4039 48.0044 7.76484 0.497188 -0.86047 -0.111268
-28.3625 47.4979 7.41401 0.500078 -0.859208 -0.108089
-29.4032 46.9533 6.85166 0.491298 -0.866809 -0.0852586
-30.3649 46.4351 6.36746 0.520684 -0.850045 -0.0794428
-31.4949 45.7989 5.83794 0.524575 -0.847432 -0.0814233
-32.3205 45.3435 5.22068 0.523091 -0.849388 -0.0696717
-33.2054 44.8322 4.56122 0.561596 -0.825524 -0.0542474
-34.0953 44.2956 3.79531 0.558216 -0.82702 -0.0665406
-34.993 43.7626 2.763 0.564486 -0.823096 -0.0621439
-35.8335 43.2271 1.93343 0.569105 -0.821098 -0.0437227
-36.7506 42.6342 1.00403 0.572491 -0.819399 -0.0280506
-37.5112 42.1043 0.230554 0.590751 -0.806546 -0.0222679
-38.2008 41.6211 -0.499848 0.584388 -0.811173 -0.0221066
-38.911 41.1157 -1.29524 0.600238 -0.79972 -0.00196098
-39.5436 40.6276 -2.09996 0.597341 -0.801942 0.0078806
-40.2665 40.0645 -2.79498 0.611486 -0.790861 0.0223177
-40.885 39.5458 -3.54932 0.624693 -0.780477 0.0247671
-41.6308 38.925 -4.26636 0.627114 -0.778543 0.0244716
-42.2643 38.3816 -4.9973 0.611812 -0.790036 0.0391138
-43.0376 37.7325 -5.76162 0.620542 -0.782765 0.0469765
-43.7109 37.1512 -6.44938 0.626546 -0.777374 0.055616
-44.3616 36.5776 -7.22954 0.622715 -0.780785 0.0510073
-44.9169 36.0703 -8.2747 0.617763 -0.78468 0.0514101
-45.1014 35.847 -9.39358 0.615413 -0.786141 0.0570048
-45.2763 35.619 -10.6275 0.615868 -0.78579 0.0569154
-45.2383 35.5486 -12.0026 0.609922 -0.790149 0.0604981
-45.0318 35.6353 -13.3043 0.615935 -0.786766 0.0397991
-44.7931 35.7925 -14.5812 0.598928 -0.800548 0.00410435
-44.3572 36.0967 -15.7038 0.545349 -0.838135 0.0111205
-43.8337 36.4094 -16.7836 0.519331 -0.854331 0.020339
-42.8825 36.9019 -17.7539 0.467111 -0.882437 0.0557861
-41.9974 37.3255 -18.3248 0.435095 -0.89856 0.0572889
-40.9672 37.7917 -18.4589 0.423694 -0.901925 0.0835169
-39.858 38.2767 -18.644 0.40405 -0.908882 0.103327
-38.8048 38.7405 -18.6431 0.393697 -0.911837 0.116406
-37.7378 39.2077 -18.6446 0.395168 -0.908924 0.132768
-36.5706 39.7679 -18.5664 0.430855 -0.881575 0.192606
-35.5104 40.2964 -18.5288 0.441808 -0.878987 0.179052
-34.5241 40.814 -18.474 0.398201 -0.887903 0.230308
-33.4284 41.3656 -18.4944 0.456755 -0.836472 0.302394
-32.4454 42.0335 -18.5999 0.619343 -0.756524 0.209956
-31.5573 42.7501 -18.6157 0.650124 -0.728987 0.213982
-30.6963 43.453 -18.6575 0.629709 -0.76755 0.119722
-29.726 44.2593 -18.6566 0.624582 -0.762743 0.167547
-28.7955 45.0013 -18.7493 0.609786 -0.779832 0.141504
-28.5142 45.1345 -19.7089 0.620454 -0.783846 0.0222382
-28.9672 44.7241 -20.4805 0.645092 -0.763584 0.0282169
-29.8188 43.9709 -20.4921 0.644433 -0.763446 0.0430767
-30.6987 43.2289 -20.4843 0.658953 -0.749536 0.0630635
-31.6191 42.4291 -20.4328 0.663039 -0.746044 0.060684
-32.4678 41.65 -20.4785 0.637874 -0.768638 0.0310818
-33.5301 40.897 -20.436 0.479374 -0.875414 0.0611399
-34.5402 40.393 -20.4804 0.398518 -0.906556 0.138488
-35.6031 39.9397 -20.365 0.405306 -0.90564 0.124537
-36.7024 39.4394 -20.4349 0.401604 -0.911954 0.0827448
-38.1289 38.8209 -20.3414 0.378922 -0.920688 0.0929312
-39.4372 38.289 -20.2856 0.384253 -0.919437 0.0835785
-40.4467 37.8679 -20.3494 0.387196 -0.920277 0.0563038
-41.7463 37.3253 -20.2932 0.396287 -0.917558 0.0323235
-42.7968 36.8735 -20.212 0.399807 -0.915923 0.0352134
-43.8859 36.3425 -20.3071 0.437791 -0.898935 0.0159981
-44.965 35.7707 -20.314 0.497035 -0.867398 -0.0235123
-45.6843 35.3374 -19.7255 0.524155 -0.851546 -0.0111667
-45.8191 35.2296 -18.4682 0.521606 -0.852688 -0.0291744
-46.4375 34.5508 -17.9422 0.791702 -0.604492 -0.0883047
-47.0811 33.6175 -17.9644 0.839539 -0.543025 -0.0172837
-47.8052 32.5971 -17.9379 0.829598 -0.503714 0.200631
-48.324 31.7684 -18.3709 0.417296 -0.898964 0.133145
-48.5017 31.6765 -19.6075 0.574546 -0.818353 -0.0139525
-49.1388 31.2314 -20.2986 0.567131 -0.823415 0.0186969
-50.1585 30.614 -20.2511 0.483386 -0.87185 0.0762552
-51.2433 30.0258 -20.212 0.419766 -0.905033 0.068636
-52.3853 29.4984 -20.1579 0.421089 -0.904512 0.0673965
-53.5064 29.0253 -20.2415 0.374251 -0.926648 0.032729
-54.6305 28.6064 -20.2332 0.328335 -0.943638 0.0417569
-55.7686 28.2278 -20.2186 0.31692 -0.948071 0.0268896
-56.8795 27.8663 -20.2257 0.303855 -0.952411 0.0241985
-58.0693 27.491 -20.2237 0.297498 -0.954652 0.0116033
-59.2495 27.1306 -20.2958 0.28306 -0.958805 0.023885
-60.5878 26.7524 -20.2667 0.260777 -0.96528 0.0151654
-61.0083 26.6549 -19.0778 0.262798 -0.964734 0.0147804
-60.4743 26.8189 -17.8599 0.255947 -0.966591 0.00814574
-60.0351 26.9412 -16.5923 0.291623 -0.956496 0.00415589
-59.7683 27.048 -15.309 0.292782 -0.955637 0.0322074
-59.3052 27.2324 -14.1901 0.301689 -0.953041 0.0263801
-59.1982 27.304 -13.0247 0.304684 -0.951926 0.0316848
-59.1192 27.3611 -11.9276 0.319949 -0.946988 0.0291034
-59.1063 27.3789 -10.4779 0.322502 -0.946566 0.00247418
-59.1334 27.3664 -8.84766 0.347239 -0.937769 0.00196823
-59.3332 27.2965 -7.40218 0.319405 -0.947589 0.00742728
-59.4399 27.2618 -6.22074 0.32082 -0.947134 -0.00328441
-59.3426 27.2927 -5.06128 0.343314 -0.939105 -0.00374747
-59.1465 27.3484 -3.86635 0.320781 -0.94692 -0.0210345
-58.9772 27.3743 -2.63722 0.302882 -0.952067 -0.0390229
-58.6707 27.458 -1.42583 0.345978 -0.937733 -0.0309166
-58.417 27.5184 -0.0146564 0.323256 -0.946225 -0.0128173
-58.3869 27.4967 1.10857 0.352779 -0.934716 -0.0405277
-58.2391 27.4739 2.50171 0.332009 -0.941791 -0.0506907
-58.1597 27.4508 3.61754 0.327744 -0.944333 -0.0286091
-58.0916 27.4219 5.0793 0.356621 -0.933472 -0.0371709
-58.1447 27.3298 6.5608 0.333298 -0.941628 -0.0474305
-58.1715 27.2611 7.82252 0.340001 -0.939598 -0.0387984
-58.0735 27.2339 8.98889 0.328851 -0.943008 -0.0509283
-58.0097 27.1876 10.3094 0.300045 -0.953379 -0.0322581
-58.1484 27.085 11.7481 0.295278 -0.954104 -0.0494246
-58.2424 26.9906 12.9248 0.292215 -0.955391 -0.0410597
-58.3366 26.913 14.0446 0.29384 -0.954789 -0.0443925
-58.5671 26.7973 15.1855 0.288239 -0.956787 -0.0384256
-58.7399 26.7123 16.2967 0.262856 -0.964199 -0.0350416
-58.977 26.6159 17.4996 0.247116 -0.968733 -0.0221497
-59.1714 26.5529 18.7219 0.244795 -0.969374 -0.0163155
-58.7828 26.6214 20.0193 0.240509 -0.970582 -0.00880842
-57.5223 26.946 20.2874 0.257494 -0.966124 -0.017327
-56.3206 27.26 20.3791 0.256534 -0.966174 -0.0260871
-55.2153 27.5607 20.3539 0.260567 -0.96514 -0.024688
-53.6896 27.9821 20.3839 0.27096 -0.961021 -0.0549519
-52.5388 28.3065 20.3715 0.269516 -0.960579 -0.0680566
-51.1552 28.7252 20.3455 0.32337 -0.944766 -0.0533817
-49.9084 29.1784 20.2833 0.365792 -0.927567 -0.0735527
-48.8647 29.7495 20.295 0.613048 -0.789714 -0.0228786
-47.9859 30.4494 20.2946 0.676996 -0.733855 0.0388879
-47.7883 30.5974 19.2448 0.662795 -0.740028 -0.114286
-47.6362 30.9019 18.072 0.630019 -0.638043 -0.419701
-47.1809 31.9324 17.7731 0.838464 -0.474002 -0.266115
-46.6266 32.9173 17.7702 0.85478 -0.51281 0.000520502
-46.2169 33.4754 17.3595 0.815641 -0.577967 0.00999213
-46.9616 32.5252 16.7108 0.77623 -0.62904 -0.04213
-47.6863 31.8174 16.112 0.69809 -0.703086 -0.135428
-48.4795 31.2561 15.2879 0.643487 -0.745177 -0.17503
-49.295 30.7768 14.5804 0.55904 -0.812289 -0.166315
-50.1078 30.3847 13.7658 0.528203 -0.835537 -0.15126
-50.8596 30.0492 13.0337 0.521176 -0.838347 -0.159844
-51.6524 29.74 12.1913 0.478562 -0.86908 -0.125209
-52.4585 29.4561 11.1819 0.455755 -0.882665 -0.114847
-53.1009 29.242 10.2752 0.454063 -0.884253 -0.109185
-53.7057 29.0564 9.14427 0.468551 -0.878849 -0.089912
-54.1233 28.9661 7.83258 0.437656 -0.895665 -0.0790026
-54.5065 28.8838 6.6254 0.455232 -0.885124 -0.0965394
-54.8682 28.8016 5.54533 0.442512 -0.894158 -0.0661047
-55.2554 28.6656 4.50299 0.448269 -0.892484 -0.050274
-55.4092 28.6716 3.14829 0.432322 -0.900506 -0.0454288
-55.4241 28.7281 1.93122 0.454817 -0.889128 -0.0509176
-55.3564 28.8105 0.716902 0.458476 -0.887325 -0.0456449
-55.2914 28.9011 -0.384411 0.468495 -0.883016 -0.0281016
-55.0353 29.0798 -1.60114 0.479673 -0.876489 -0.0409954
-54.5478 29.3891 -2.88501 0.473375 -0.880634 -0.019999
-54.0022 29.7161 -3.96247 0.490636 -0.871224 -0.015655
-53.1131 30.244 -4.88717 0.521277 -0.853354 0.00754304
-52.1517 30.835 -5.49741 0.544111 -0.838944 0.0108082
-51.3075 31.3755 -6.0095 0.553393 -0.832678 0.0156713
-50.3889 31.997 -6.44412 0.569366 -0.821931 0.0158726
-49.4181 32.6867 -6.61175 0.589578 -0.807527 0.0172454
-48.3523 33.474 -6.71348 0.603227 -0.796997 0.0302076
-47.4578 34.1605 -6.6982 0.613008 -0.789369 0.0334207
-46.5698 34.8726 -6.29219 0.61747 -0.786048 0.0293165
-45.7572 35.5361 -5.82987 0.626431 -0.778833 0.0316703
-44.8577 36.2861 -5.19978 0.629469 -0.776505 0.0284364
-44.1684 36.8809 -4.48481 0.636226 -0.771159 0.0230298
-43.3516 37.5724 -3.55837 0.633366 -0.773467 0.0222666
-42.5481 38.2335 -2.79152 0.627531 -0.778554 0.00762761
-41.9236 38.7488 -1.97097 0.627587 -0.778465 0.0112378
-41.2074 39.3271 -1.28183 0.629393 -0.777087 0.000511651
-40.5633 39.8258 -0.445491 0.620511 -0.783921 -0.0199498
-39.6428 40.5145 0.517432 0.608685 -0.793085 -0.0226827
-38.7294 41.1879 1.25528 0.588238 -0.80839 -0.021518
-38.0643 41.638 2.15425 0.595544 -0.801666 -0.0515662
-37.3911 42.0691 2.92368 0.585133 -0.808603 -0.0614907
-36.5288 42.6211 3.92782 0.58191 -0.810998 -0.0601766
-35.5151 43.2516 4.81632 0.558499 -0.827187 -0.0619709
-34.7813 43.6736 5.57561 0.571601 -0.816222 -0.0839837
-33.9746 44.1464 6.33798 0.568588 -0.815472 -0.108227
-33.2192 44.5426 7.11218 0.545858 -0.830543 -0.110625
-32.5441 44.869 7.92285 0.541613 -0.829839 -0.134222
-31.9088 45.0655 9.04894 0.534738 -0.828184 -0.167645
-31.5845 45.0112 10.1381 0.543589 -0.811244 -0.215391
-31.5488 44.6597 11.489 0.536605 -0.812764 -0.226828
-31.702 44.1803 12.559 0.530855 -0.794027 -0.296135
-32.0131 43.5419 13.6421 0.52634 -0.774416 -0.350924
-32.4426 42.8105 14.603 0.524935 -0.765225 -0.372658
-32.853 42.1206 15.4277 0.520122 -0.762858 -0.38408
-33.3268 41.4122 16.1814 0.512683 -0.76268 -0.394252
-33.8687 40.6492 16.9721 0.504164 -0.776065 -0.378604
-34.7512 39.8561 17.6735 0.404764 -0.825151 -0.393939
-35.7844 39.1312 18.346 0.37614 -0.894793 -0.240552
-37.04 38.5136 18.6792 0.368901 -0.90688 -0.20367
-38.3102 38.0578 18.5907 0.355956 -0.920071 -0.163599
-39.4059 37.6254 18.6339 0.372469 -0.916339 -0.146932
-40.5425 37.1635 18.6683 0.381927 -0.918836 -0.0993626
-41.5517 36.7378 18.6277 0.396734 -0.912354 -0.101056
-42.7379 36.168 18.505 0.459117 -0.885714 -0.0687232
-43.8016 35.5726 18.3005 0.505795 -0.862004 0.0334704
-44.8251 34.9246 18.0664 0.56099 -0.818827 0.121703
-45.3918 34.5867 18.3372 0.511431 -0.849987 0.126335
-45.4018 34.6486 19.5417 0.548512 -0.836139 0.00238492
-44.8875 34.939 20.3951 0.512512 -0.857098 -0.0521043
-43.8048 35.5503 20.4447 0.482613 -0.875778 -0.00982367
-42.7325 36.0951 20.3483 0.408532 -0.912107 -0.0331269
-41.613 36.5827 20.3143 0.372049 -0.926384 -0.058241
-40.3629 37.0458 20.3718 0.335398 -0.939513 -0.0688162
-39.0993 37.503 20.3209 0.339258 -0.935622 -0.0975484
-38.0592 37.8938 20.3184 0.350655 -0.929025 -0.118126
-36.8088 38.3578 20.3615 0.34723 -0.933304 -0.0915112
-35.6646 38.8346 20.378 0.400921 -0.911923 -0.0875157
-34.4919 39.3599 20.3829 0.434557 -0.892698 -0.119376
-33.434 39.9755 20.4284 0.570444 -0.817964 -0.0684053
-32.4122 40.7339 20.4101 0.604016 -0.793368 -0.0757065
-31.2598 41.6493 20.4096 0.61108 -0.790836 -0.0330665
-30.2666 42.4242 20.3987 0.624582 -0.780438 -0.0285286
-29.9435 42.7162 19.4357 0.593822 -0.803726 -0.0374135
-29.9217 42.8993 18.2882 0.513958 -0.807884 -0.288392
-29.1798 43.6547 17.864 0.61617 -0.705869 -0.348483
-28.3837 44.4131 17.8232 0.649069 -0.700606 -0.296413
-27.5246 45.2327 17.82 0.663551 -0.694594 -0.27792
-26.7205 45.9858 17.8792 0.675747 -0.699193 -0.233443
-25.6991 46.9836 17.7199 0.669561 -0.718322 -0.188844
-24.6125 47.9767 17.8005 0.675077 -0.718446 -0.16765
-23.6924 48.8356 17.8461 0.697439 -0.707072 -0.114631
-22.8885 49.5927 17.7613 0.670185 -0.738731 -0.0716191
-22.0456 50.3419 17.7502 0.616979 -0.785496 0.0482979
-21.1446 51.0291 17.8625 0.515285 -0.853633 0.0761064
-20.1419 51.56 17.8615 0.427439 -0.903502 -0.0210252
-18.9703 52.1385 17.8002 0.438065 -0.897939 0.0424684
-17.9818 52.6387 17.9393 0.43878 -0.891598 0.108745
-16.9902 53.0504 17.806 0.333494 -0.906991 0.25084
-15.9318 53.1872 17.6083 -0.0276635 -0.979458 0.199741
-15.0591 53.2775 18.2605 -0.026823 -0.989261 0.137234
-14.9576 53.3261 19.4067 0.00726956 -0.999661 0.024993
-14.5841 53.3544 20.4301 0.0394689 -0.99913 0.0134368
-13.3787 53.3908 20.4041 0.0198947 -0.99921 0.0334093
-12.136 53.4037 20.3892 -0.003183 -0.999024 0.0440613
-10.9348 53.3913 20.4173 -0.0115256 -0.999191 0.0385222
-9.7888 53.382 20.4186 -0.0039427 -0.99925 0.0385276
-8.55536 53.3824 20.403 -0.00290585 -0.999525 0.0306535
-7.42792 53.3877 20.4028 0.0176758 -0.999716 0.0159836
-6.31839 53.4065 20.3173 0.0275456 -0.999606 -0.00433831
-5.1324 53.4472 20.4088 0.0386738 -0.999249 0.00236321
-4.01657 53.4932 20.4491 0.0432616 -0.999063 0.00149845
-2.89706 53.5377 20.3674 0.0347146 -0.999397 -0.000525322
-1.77475 53.5754 20.4413 0.0311743 -0.999505 0.00412499
-0.606471 53.609 20.3956 0.0258535 -0.999639 -0.00646824
0.657564 53.6475 20.39 0.0331709 -0.99944 -0.0044645
1.78798 53.6857 20.4896 0.029856 -0.999492 -0.01111
2.91196 53.7227 20.468 0.0330357 -0.999371 -0.0129224
4.03199 53.765 20.4378 0.0372181 -0.999303 -0.00299792
5.15815 53.8037 20.4171 0.0411617 -0.999151 -0.00167486
6.32086 53.8526 20.4395 0.0437366 -0.99904 -0.00224329
7.47017 53.9001 20.3849 0.0433312 -0.999029 -0.00795757
8.74373 53.9527 20.4982 0.038971 -0.999229 0.00415238
9.87521 53.9963 20.4641 0.0416266 -0.999129 0.00270165
11.2614 54.061 20.4527 0.0476603 -0.998786 0.0121378
12.6103 54.1212 20.4292 0.0418694 -0.99908 0.00926903
13.6831 54.164 20.1771 0.0402018 -0.999176 0.00560506
14.0735 54.1707 19.066 0.0359773 -0.999287 0.0109732
14.4932 54.1572 18.0279 0.037374 -0.996999 0.0677891
15.5637 54.1404 17.8022 0.00261146 -0.992921 0.117979
16.6667 54.0737 17.727 -0.0688201 -0.981801 0.175405
17.5636 53.8582 17.125 -0.182126 -0.968283 0.166498
18.6433 53.6467 17.1558 -0.228276 -0.966868 0.114264
19.7305 53.3952 17.1753 -0.253621 -0.954411 0.138413
20.769 53.0687 17.6965 -0.412801 -0.90408 0.101166
21.8339 52.4706 17.7644 -0.580545 -0.811851 0.0620177
22.7936 51.7794 17.8187 -0.606945 -0.794573 0.0165008
23.694 51.0846 17.9088 -0.624152 -0.780927 -0.0242355
24.5259 50.3757 17.8078 -0.661597 -0.741168 -0.113679
23.8233 51.0023 17.2285 -0.63817 -0.769402 -0.020396
23.0247 51.6029 16.6063 -0.590589 -0.806878 -0.0123447
21.8691 52.3261 15.58 -0.494088 -0.868465 0.0251705
21.2267 52.6318 14.6178 -0.427602 -0.90346 0.0302794
20.5704 52.8291 13.6141 -0.283794 -0.95768 0.0480629
20.264 52.8697 12.428 -0.212728 -0.975329 0.0572934
20.0629 52.8345 11.1751 -0.20447 -0.97643 0.0676048
20.1638 52.7234 9.9305 -0.220263 -0.973261 0.0650359
20.2073 52.6483 8.7627 -0.224825 -0.972533 0.060274
20.1655 52.5841 7.65425 -0.225847 -0.973047 0.0466206
20.1911 52.4811 6.46274 -0.246882 -0.966686 0.0675784
20.1488 52.4311 5.3171 -0.255844 -0.96619 0.0292964
20.1382 52.396 4.19378 -0.222854 -0.973984 0.0380141
20.1182 52.3504 3.08128 -0.209006 -0.976764 0.0474246
20.1366 52.2844 1.92492 -0.236422 -0.970665 0.0437595
20.1098 52.1441 0.602743 -0.26069 -0.961071 0.0915561
19.994 52.0743 -0.508818 -0.267257 -0.960007 0.0834274
19.9992 51.9647 -1.92932 -0.253894 -0.964616 0.0710962
19.9039 51.9034 -3.13763 -0.263291 -0.962579 0.06418
19.9972 51.8025 -4.29665 -0.267755 -0.961593 0.0603756
20.5672 51.5885 -5.22884 -0.29462 -0.953084 0.0623425
21.4751 51.2062 -6.17352 -0.330146 -0.940874 0.0754555
22.3525 50.8199 -7.02162 -0.355029 -0.932174 0.0707517
23.2362 50.4043 -7.58172 -0.397022 -0.912211 0.100342
23.5546 50.2362 -7.81676 -0.415864 -0.903304 0.10488
-24.7637 49.1829 10.4679 0.47637 -0.873087 -0.102273
-23.506 49.8715 10.1162 0.438384 -0.894785 -0.0803109
-22.6266 50.329 9.42806 0.421769 -0.904489 -0.0633226
-21.4862 50.8478 8.544 0.347617 -0.93651 -0.0459587
-20.5689 51.1885 7.85992 0.280282 -0.959256 -0.0356261
-19.557 51.4967 7.10198 0.264292 -0.963974 -0.0299228
-18.5857 51.7312 7.67957 0.237689 -0.97113 -0.0202712
-17.6934 51.9319 8.47411 0.195944 -0.980601 -0.00527165
-16.5533 52.1628 9.05563 0.185223 -0.982517 0.0156554
-15.4898 52.3741 9.6261 0.178762 -0.98369 0.0199738
-14.2139 52.5722 9.8806 0.134206 -0.990412 0.0307662
-12.8731 52.7353 10.1041 0.106245 -0.994091 0.0222514
-11.5426 52.8595 10.2643 0.0819631 -0.996518 0.015266
-10.4459 52.9524 10.6554 0.0721669 -0.99692 0.0303729
-10.3675 53.0004 11.9288 0.0855121 -0.99564 0.037275
-10.2495 53.066 13.152 0.0873107 -0.994958 0.0493532
-10.0396 53.1477 14.4374 0.0838495 -0.995457 0.0447456
-9.61864 53.2398 15.7365 0.0613454 -0.997228 0.0413061
-8.99186 53.3113 16.7714 0.0610711 -0.997642 0.0313309
-8.27008 53.3589 17.8738 0.0354884 -0.999313 0.00456421
-9.30378 53.331 18.1816 0.0192606 -0.999584 0.021045
-10.6057 53.3032 18.1936 0.0189506 -0.998851 0.0430939
-11.8241 53.2916 18.1588 0.002749 -0.996622 0.0820802
-12.938 53.2365 17.7652 0.028851 -0.994793 0.0977519
-13.5075 53.1079 16.7263 0.0471998 -0.991337 0.122565
-14.5333 52.9387 15.8246 0.0710781 -0.990273 0.119358
-15.646 52.7797 15.4728 0.109919 -0.979524 0.168672
-16.9338 52.537 15.3856 0.220882 -0.959362 0.175603
-18.109 52.2445 15.6072 0.281589 -0.939167 0.196656
-19.2501 51.8009 15.6145 0.36861 -0.920727 0.12802
-20.5516 51.2011 15.7042 0.438411 -0.894774 0.082444
-21.7575 50.497 15.4399 0.506109 -0.862317 0.016209
-22.8722 49.7619 15.4957 0.582987 -0.81096 -0.0496998
-24.0084 48.8988 15.5802 0.614668 -0.780284 -0.113668
-25.0188 48.1221 15.5255 0.624406 -0.76503 -0.153483
-26.1165 47.2653 15.4586 0.62305 -0.754659 -0.204123
-27.2009 46.3388 15.6149 0.621161 -0.743328 -0.247006
-28.1425 45.5204 15.6932 0.593408 -0.748455 -0.295949
-29.1596 44.6732 15.771 0.582329 -0.740305 -0.335587
-29.9445 44.0245 15.8093 0.586592 -0.732707 -0.345038
-30.1992 44.0424 15.3745 0.552674 -0.746648 -0.370229
-29.9177 44.6905 14.3885 0.566285 -0.757128 -0.325697
-29.7873 45.2358 13.265 0.555828 -0.782771 -0.279864
-29.6145 45.7679 12.0707 0.547157 -0.798509 -0.250577
-29.6559 46.1037 10.8234 0.531191 -0.822052 -0.204633
-29.6182 46.4959 9.14875 0.522273 -0.83955 -0.148909
-28.4561 47.1085 9.67284 0.509441 -0.845913 -0.157152
-27.4754 47.6419 10.0779 0.531736 -0.833283 -0.150898
-26.2998 48.3125 10.3869 0.509759 -0.848887 -0.13973
-24.9276 49.0896 10.4711 0.490498 -0.863601 -0.116493
-24.9126 49.229 9.29978 0.462665 -0.881558 -0.0937879
-25.9431 48.6563 9.32753 0.498416 -0.860641 -0.104301
-27.0942 48.0133 9.10585 0.500301 -0.858722 -0.110881
-28.078 47.4938 8.68426 0.502352 -0.85502 -0.128366
-29.1458 46.9343 8.17473 0.51176 -0.850736 -0.119787
-30.1189 46.4248 7.71675 0.503352 -0.854018 -0.131435
-31.2721 45.7952 7.19589 0.509588 -0.85481 -0.098081
-31.6633 45.514 7.49145 0.537224 -0.831856 -0.13919
-31.0338 45.7134 8.64939 0.522887 -0.839101 -0.149792
-30.7438 45.6507 9.79688 0.528308 -0.823173 -0.207232
-30.5511 45.3284 11.4025 0.534939 -0.810946 -0.23679
-30.6745 44.8878 12.509 0.542208 -0.791608 -0.281722
-30.8852 44.3123 13.6289 0.556301 -0.768055 -0.317207
-31.3306 43.4488 14.8883 0.535948 -0.768837 -0.348783
-31.7798 42.6766 15.8022 0.530557 -0.759892 -0.375558
-32.455 41.6786 16.8558 0.545504 -0.7482 -0.377652
-33.061 40.8606 17.6347 0.544715 -0.762498 -0.348656
-33.8462 40.0098 18.3271 0.550363 -0.787114 -0.274345
-34.5826 39.4732 19.0886 0.366474 -0.926407 -0.0864062
-33.3948 40.0981 19.2847 0.602312 -0.786959 -0.133854
-32.413 40.8529 19.3177 0.594853 -0.797236 -0.102787
-31.3334 41.6974 19.269 0.603444 -0.791735 -0.0944582
-30.7666 42.2683 18.4842 0.521856 -0.831362 -0.189478
-30.4729 42.8964 17.349 0.564268 -0.760219 -0.321977
-29.417 43.9672 16.8278 0.587333 -0.731555 -0.346215
-28.3135 44.931 16.7442 0.627006 -0.715708 -0.306117
-27.3399 45.8185 16.7277 0.646378 -0.711346 -0.275487
-26.1501 46.8913 16.6541 0.640393 -0.735622 -0.220661
-24.9578 47.8991 16.7189 0.646317 -0.743434 -0.17199
-24.0097 48.7261 16.7063 0.64641 -0.756014 -0.102938
-22.9979 49.5715 16.6369 0.611184 -0.789307 -0.047598
-21.9998 50.3344 16.6127 0.563141 -0.826337 -0.00624375
-20.8288 51.1361 16.7553 0.523286 -0.84893 0.0736782
-19.7369 51.717 16.7521 0.435788 -0.898987 0.0426381
-18.5622 52.2256 16.644 0.381199 -0.915807 0.126386
-17.3425 52.6787 16.6822 0.28225 -0.940216 0.190298
-16.2846 52.8648 16.3826 0.145986 -0.966256 0.212218
-15.0633 53.0337 16.671 0.0437525 -0.984431 0.170242
-14.1975 53.1924 17.6082 0.0155262 -0.993132 0.115968
-13.8394 53.3187 18.875 0.00933229 -0.996769 0.0794392
-12.7657 53.3514 19.2786 0.00506084 -0.998633 0.0519267
-11.4232 53.3518 19.2719 -0.00613302 -0.998982 0.0446942
-10.0736 53.3465 19.3228 0.00409473 -0.999706 0.0238825
-8.76438 53.3539 19.2664 0.0111902 -0.999765 0.0173891
-7.41128 53.3794 19.2358 0.029155 -0.999575 0.000551236
-6.157 53.4184 19.2274 0.0244055 -0.999642 -0.011004
-5.82157 53.4403 18.6958 0.039712 -0.999055 -0.0176399
-6.81488 53.4144 17.8817 0.0402999 -0.999101 -0.012761
-7.53918 53.3869 16.9051 0.0599606 -0.998178 0.00674731
-8.27883 53.3289 15.7649 0.0673852 -0.997472 0.0214333
-8.89115 53.24 14.4349 0.0792849 -0.996045 0.0400938
-9.16055 53.1674 13.2248 0.0962889 -0.994346 0.0447689
-9.29487 53.0956 11.9313 0.089358 -0.995177 0.0404661
-9.35862 53.0295 10.5138 0.0792673 -0.996105 0.0380922
-9.16247 53.0064 9.15269 0.0710987 -0.997317 0.0174169
-10.5252 52.9149 9.10776 0.0656595 -0.997806 0.00853923
-11.8059 52.8231 9.16656 0.0824929 -0.996514 0.0113608
-13.0427 52.6972 8.91985 0.109187 -0.993921 0.014083
-14.3974 52.5222 8.63887 0.133454 -0.990982 0.0120245
-15.7232 52.3139 8.29028 0.168175 -0.985618 0.00446933
-17.0264 52.0768 7.48007 0.186377 -0.982279 -0.0127803
-17.9904 51.8942 6.70329 0.206929 -0.978221 -0.00996752
-18.9628 51.682 5.73074 0.229796 -0.973165 -0.0119726
-19.585 51.5455 4.75266 0.249559 -0.968116 -0.0101001
-20.2721 51.3431 5.79699 0.267737 -0.963214 -0.020723
-21.0893 51.0467 6.78491 0.325199 -0.944511 -0.0463095
-22.1711 50.6228 7.60734 0.364338 -0.930669 -0.0333562
-23.1639 50.1578 8.37904 0.409439 -0.909679 -0.0696031
-24.2005 49.6205 9.11498 0.429689 -0.900002 -0.0718622
-24.7667 49.3079 9.27827 0.462665 -0.881558 -0.0937878
-57.2051 28.1213 -7.51601 0.412057 -0.911134 0.00656894
-57.0248 28.1996 -8.83896 0.393093 -0.919415 -0.00227426
-56.9637 28.2214 -10.1326 0.394982 -0.918518 0.0171608
-57.0188 28.1665 -11.366 0.386794 -0.921564 0.0333006
-57.1213 28.0701 -12.8242 0.36539 -0.930006 0.0389095
-57.2935 27.9499 -14.0419 0.350214 -0.935905 0.0369233
-57.4224 27.8577 -15.237 0.344651 -0.938106 0.0341546
-57.8504 27.6595 -16.3719 0.328583 -0.943863 0.03339
-58.1402 27.5156 -17.8147 0.303367 -0.952367 0.0299465
-57.0117 27.8828 -18.0414 0.327644 -0.944184 0.0339854
-55.9269 28.2625 -18.0349 0.328978 -0.94338 0.0421604
-54.859 28.6471 -17.9512 0.33738 -0.939264 0.0628958
-53.6115 29.1018 -17.9312 0.370331 -0.924658 0.0849756
-52.2457 29.6934 -17.9473 0.397793 -0.913739 0.0827175
-50.9992 30.3166 -18.0186 0.448839 -0.888745 0.0931233
-50.0687 30.8977 -17.4581 0.496004 -0.864184 0.0846538
-49.3173 31.4076 -16.7368 0.631899 -0.755675 0.164267
-48.4825 32.34 -15.9473 0.688502 -0.709951 0.146855
-47.5969 33.242 -15.7428 0.726565 -0.681244 0.0836362
-46.4837 34.3375 -15.6522 0.692209 -0.720814 0.00952665
-46.7476 34.1548 -14.3261 0.652776 -0.756369 0.0326638
-46.9313 34.1178 -12.8627 0.63601 -0.768714 0.0673682
-46.9846 34.1857 -11.604 0.62476 -0.778213 0.063708
-47.0482 34.2321 -10.4667 0.616711 -0.784383 0.0663277
-47.0604 34.3206 -9.24357 0.616322 -0.7853 0.0585865
-47.8469 33.7337 -8.91669 0.605547 -0.794154 0.0513014
-48.9043 32.9403 -8.83195 0.597581 -0.799363 0.0625681
-49.8848 32.2355 -8.7769 0.571504 -0.819217 0.0466306
-50.9117 31.5469 -8.52822 0.551005 -0.8334 0.0415652
-51.9719 30.8848 -8.15104 0.523851 -0.851048 0.0360262
-53.0732 30.2365 -7.57941 0.497459 -0.867446 0.0084765
-54.079 29.6795 -6.82124 0.478856 -0.877813 0.0118613
-55.1073 29.1353 -5.9206 0.469095 -0.883111 -0.00185109
-55.9141 28.7219 -4.86704 0.454077 -0.890711 -0.0163329
-56.5362 28.3974 -3.70464 0.41724 -0.908152 -0.0338985
-56.9622 28.2162 -4.09257 0.417241 -0.908151 -0.0338962
-57.2106 28.1262 -5.47805 0.388595 -0.921371 -0.00405013
-57.2975 28.09 -6.70087 0.404132 -0.914603 0.0133346
-57.2544 28.1015 -7.21505 0.40811 -0.912858 0.0105036
-58.3004 27.6743 -7.27108 0.369032 -0.929417 0.00050018
-58.3055 27.6709 -5.63238 0.364645 -0.93113 -0.00551833
-58.1643 27.7123 -4.50457 0.342184 -0.93944 -0.019057
-57.9259 27.7884 -3.18059 0.362471 -0.931994 -0.00147249
-57.6655 27.8558 -1.82598 0.368143 -0.929447 -0.0244876
-57.3753 27.9428 -0.63534 0.372617 -0.927762 -0.0201063
-57.3272 27.9106 0.952325 0.380066 -0.923964 -0.0414756
-57.1583 27.8936 2.41822 0.364237 -0.928908 -0.0667854
-57.0707 27.876 3.67794 0.379916 -0.92473 -0.0231839
-56.9776 27.8622 5.112 0.388271 -0.92068 -0.0392941
-57.0298 27.7855 6.26829 0.368754 -0.928261 -0.0472818
-57.1094 27.6613 7.61028 0.355519 -0.933135 -0.050425
-56.9698 27.6449 8.80716 0.363681 -0.929763 -0.0571925
-56.8975 27.6022 10.0586 0.348372 -0.935425 -0.0588674
-57.0328 27.4628 11.417 0.33629 -0.940242 -0.0534327
-57.1353 27.3538 12.7809 0.311207 -0.949386 -0.0426202
-57.2488 27.2546 14.0432 0.298264 -0.953153 -0.0503891
-57.5212 27.1029 15.2671 0.289391 -0.955927 -0.0483958
-57.6784 27.0053 16.3857 0.274685 -0.960718 -0.0387573
-57.8959 26.9048 17.603 0.26589 -0.963627 -0.0261599
-57.9258 26.8716 18.7238 0.253449 -0.96706 -0.0236363
-56.8188 27.1565 19.2342 0.26699 -0.963286 -0.028231
-55.7192 27.4583 19.2752 0.270893 -0.96152 -0.045789
-54.157 27.9102 19.3181 0.27732 -0.959004 -0.057002
-52.4005 28.4211 19.2339 0.272787 -0.960061 -0.062091
-51.0869 28.8308 19.2335 0.324089 -0.937862 -0.122283
-49.7654 29.3548 19.1549 0.343327 -0.917118 -0.202536
-48.6896 29.8419 19.0705 0.530953 -0.831252 -0.15715
-48.5376 30.315 18.0079 0.523914 -0.821032 -0.226254
-48.2743 30.9318 16.9746 0.633462 -0.687953 -0.354184
-48.9878 30.5683 16.1702 0.612689 -0.75945 -0.209861
-49.9287 30.1881 15.1965 0.531785 -0.824317 -0.194175
-50.8048 29.7952 14.5185 0.48221 -0.862312 -0.154569
-51.8232 29.4341 13.5046 0.457572 -0.876722 -0.148276
-52.7977 29.1273 12.3239 0.440649 -0.888664 -0.126905
-53.6581 28.8306 11.3306 0.418325 -0.903522 -0.0918302
-54.2665 28.6575 10.3469 0.427153 -0.898422 -0.101719
-54.775 28.5332 9.20928 0.43109 -0.898696 -0.0803136
-55.1454 28.4614 8.03279 0.403919 -0.912084 -0.069535
-55.5974 28.3636 6.59494 0.425621 -0.902472 -0.0662705
-55.9481 28.2852 5.47187 0.409259 -0.910531 -0.0586555
-56.2567 28.2135 4.08772 0.42351 -0.90465 -0.0464821
-56.4561 28.1816 2.7564 0.400739 -0.915029 -0.0460999
-56.3819 28.2853 1.38314 0.417589 -0.908271 -0.0257501
-56.2925 28.4093 -0.177415 0.421331 -0.904993 -0.0588895
-56.067 28.5424 -1.27909 0.44027 -0.897401 -0.0286865
-55.8952 28.6686 -2.47963 0.450901 -0.891895 -0.0346016
-55.3475 28.9743 -3.66844 0.459646 -0.887764 -0.0173587
-54.7394 29.3178 -4.68594 0.481226 -0.876413 -0.0156596
-54.0138 29.7191 -5.50453 0.490073 -0.871663 0.000350222
-53.1539 30.2053 -6.19657 0.51012 -0.859836 0.011923
-52.069 30.8635 -6.86116 0.537941 -0.842555 0.0241688
-51.0965 31.4809 -7.28211 0.551601 -0.833362 0.0336224
-49.9493 32.2567 -7.67512 0.579149 -0.814553 0.0330027
-48.9921 32.9465 -7.7377 0.593513 -0.804026 0.0358464
-47.9875 33.6948 -7.82966 0.603208 -0.796251 0.0460832
-46.9934 34.4671 -7.78758 0.615823 -0.786573 0.0454482
-46.1475 35.1549 -7.39414 0.61658 -0.786233 0.0408006
-45.451 35.731 -6.91135 0.620866 -0.782816 0.0413622
-45.757 35.4321 -7.92832 0.616005 -0.786362 0.0463364
-46.0163 35.1406 -9.2306 0.616932 -0.785108 0.0547688
-46.1693 34.9236 -10.5322 0.620662 -0.781693 0.0611057
-46.104 34.8864 -11.6853 0.624471 -0.778667 0.060917
-45.9619 34.9006 -13.2203 0.633979 -0.772267 0.0409055
-45.7612 35.0199 -14.3343 0.652076 -0.758014 0.0104051
-45.4638 35.262 -15.5441 0.651069 -0.758583 -0.0257313
-45.066 35.6011 -16.5892 0.600304 -0.799742 -0.00688219
-44.655 35.9254 -17.6418 0.533549 -0.845274 -0.0289301
-43.8435 36.4073 -18.3996 0.481969 -0.876179 0.00403908
-43.7421 36.4582 -19.1426 0.460512 -0.886762 0.0253914
-44.7334 35.9135 -19.0501 0.504089 -0.863179 -0.00411177
-45.1194 35.6335 -17.6776 0.549829 -0.833784 -0.0434258
-45.9533 34.8766 -16.9141 0.686971 -0.718654 -0.10774
-46.7671 34.0415 -16.7951 0.761084 -0.648084 0.0271556
-47.6302 33.046 -16.8518 0.746166 -0.656456 0.109759
-48.4362 32.1128 -17.109 0.696355 -0.693875 0.183378
-49.0776 31.457 -17.8275 0.571556 -0.817274 0.0734016
-49.4529 31.1118 -18.98 0.509387 -0.85756 0.0715214
-50.5181 30.4831 -19.0977 0.489 -0.871408 0.0390805
-51.6089 29.9072 -19.1261 0.441424 -0.89602 0.047883
-52.6599 29.4197 -19.0801 0.41397 -0.909767 0.0308668
-53.789 28.9606 -19.0858 0.347302 -0.936005 0.0566737
-54.9034 28.5658 -19.0622 0.3274 -0.943811 0.045062
-56.4217 28.0454 -19.1 0.318276 -0.947481 0.0312968
-57.6072 27.6543 -19.1592 0.306132 -0.95183 0.0174167
-59.1117 27.1826 -19.1637 0.287771 -0.957609 0.0105315
-59.4845 27.0826 -18.6643 0.276197 -0.960846 0.0197307
-59.1262 27.2135 -17.3564 0.282518 -0.959247 0.00545979
-58.8702 27.315 -16.2179 0.323588 -0.94612 0.0121735
-58.4754 27.485 -14.9249 0.332296 -0.942458 0.0357755
-58.2646 27.6064 -13.6736 0.335352 -0.941611 0.0300691
-58.1339 27.6939 -12.4674 0.347587 -0.93708 0.0304477
-58.0566 27.7573 -11.312 0.348947 -0.937027 0.0146733
-58.0133 27.7949 -9.96951 0.366405 -0.930206 0.0215207
-58.0882 27.7592 -8.74945 0.378059 -0.925758 -0.00141813
-58.2401 27.6979 -7.7528 0.369101 -0.929389 0.000797512
58.0037 28.7153 12.4334 -0.410562 -0.911601 0.0178511
57.3941 28.9938 11.4377 -0.443329 -0.896321 0.00449204
56.7826 29.2936 10.255 -0.468618 -0.883166 0.0203678
56.3563 29.5018 8.82003 -0.467255 -0.884099 0.00640365
56.231 29.5559 7.60903 -0.492987 -0.869946 0.0125182
56.1238 29.5694 6.34128 -0.485042 -0.873916 0.0260513
56.1913 29.5059 5.19944 -0.499067 -0.866175 0.0259425
55.343 30.0225 5.97885 -0.513578 -0.857644 0.0261626
54.4227 30.619 6.99909 -0.540704 -0.84109 0.0143786
53.5327 31.2056 7.81308 -0.562479 -0.82674 0.000950361
52.573 31.8753 8.35681 -0.576348 -0.817204 0.000925081
51.6096 32.5832 8.72255 -0.599841 -0.800111 -0.00367912
50.585 33.3649 8.94073 -0.6108 -0.791724 -0.00979154
49.5015 34.2209 9.11887 -0.624782 -0.780683 -0.0134741
48.5799 34.9777 9.24728 -0.638423 -0.769557 -0.0140455
47.619 35.7701 9.16026 -0.637257 -0.770601 -0.00782817
47.0708 36.2219 9.52141 -0.635991 -0.771689 -0.0032571
47.2287 36.0791 10.8237 -0.640606 -0.767816 -0.00907423
47.284 36.0222 12.0641 -0.654267 -0.756173 -0.0116271
47.2242 36.0566 13.2277 -0.654403 -0.755923 0.00514507
46.8719 36.3829 14.6278 -0.679051 -0.733891 0.00742774
47.1544 36.1556 15.6445 -0.704422 -0.708274 0.0453359
48.2341 35.0415 15.6919 -0.726984 -0.685603 -0.0379786
49.242 33.9785 15.8216 -0.706712 -0.703312 -0.0752266
50.0866 33.0884 16.5982 -0.650848 -0.744193 -0.150245
50.6416 32.4171 17.844 -0.602888 -0.779656 -0.169299
51.5991 31.7365 18.1771 -0.514805 -0.844712 -0.144015
52.5971 31.1695 18.1562 -0.461514 -0.876634 -0.131505
53.6767 30.6253 18.1937 -0.454517 -0.886703 -0.0844732
54.7366 30.1106 18.2406 -0.420565 -0.905767 -0.0519847
55.94 29.5641 18.1381 -0.418835 -0.906895 -0.0459058
57.4691 28.8909 18.2 -0.401896 -0.915309 -0.0255527
58.6753 28.4001 17.7559 -0.380401 -0.924757 -0.0108947
59.3606 28.1312 16.9439 -0.362952 -0.931596 -2.86112e-05
59.4637 28.1025 15.4638 -0.367975 -0.929627 -0.0158841
59.1011 28.2601 14.3828 -0.379017 -0.925381 0.00401452
58.5419 28.4883 13.3228 -0.393086 -0.919207 0.0232618
58.1122 28.6682 12.6102 -0.40875 -0.912612 0.00789129
59.0373 28.2516 12.1133 -0.388002 -0.921528 0.0155094
59.6644 28.0257 13.1541 -0.365312 -0.930841 0.00912642
60.303 27.7842 14.585 -0.360437 -0.932774 -0.00416394
60.5518 27.6926 15.7464 -0.336682 -0.9415 0.00037294
60.5045 27.7228 17.144 -0.327742 -0.944755 0.00107005
59.9176 27.923 18.2843 -0.348856 -0.936932 -0.0214017
59.0022 28.2557 19.0075 -0.357727 -0.933738 -0.0128311
57.7156 28.7619 19.3161 -0.380846 -0.92435 -0.0230845
56.4671 29.2898 19.2686 -0.395136 -0.918084 -0.0314584
55.4033 29.7551 19.3075 -0.411174 -0.910816 -0.0367509
54.1193 30.3386 19.3001 -0.421531 -0.905221 -0.0536962
52.8003 30.9556 19.2655 -0.423977 -0.903895 -0.0567195
51.7257 31.5074 19.2761 -0.487255 -0.869583 -0.0800505
50.3732 32.3825 19.2339 -0.593621 -0.795286 -0.116888
49.877 32.8994 18.4619 -0.619142 -0.777561 -0.109823
49.4517 33.5485 17.2675 -0.679992 -0.706501 -0.183468
48.6664 34.4542 16.812 -0.747586 -0.650258 -0.135201
47.9209 35.3535 16.7923 -0.772031 -0.635176 0.0227711
47.0529 36.3402 16.7304 -0.716729 -0.684251 0.134535
46.1495 37.2641 17.2091 -0.624425 -0.775175 0.0942174
45.6401 37.7188 18.1227 -0.551429 -0.829506 0.0845237
45.3265 37.9875 19.155 -0.516411 -0.855778 0.029726
44.0346 38.751 19.2317 -0.487682 -0.872009 0.0420265
42.9577 39.3342 19.149 -0.462672 -0.886481 0.00480058
41.8971 39.8962 18.6139 -0.473552 -0.880686 -0.0118547
43.0019 39.3007 17.9376 -0.491668 -0.870615 -0.017108
43.8214 38.8239 17.2765 -0.521656 -0.853115 0.00837244
44.6062 38.3056 16.5328 -0.545338 -0.837119 0.0428738
45.4053 37.6744 15.4603 -0.615917 -0.786858 0.0387348
46.0318 37.099 14.1935 -0.629206 -0.776792 0.0258261
46.3806 36.784 12.9629 -0.629024 -0.777211 0.0145221
46.4422 36.7259 11.6495 -0.631857 -0.775059 -0.00234021
46.3064 36.8404 10.3807 -0.629896 -0.776665 -0.00415272
46.0384 37.0605 9.25851 -0.624462 -0.781051 -0.00236173
45.6697 37.3528 8.14316 -0.615248 -0.788328 0.00292359
45.7164 37.3119 7.35464 -0.615593 -0.788049 0.00490442
46.6702 36.5519 7.62856 -0.630362 -0.776293 0.00363058
47.8303 35.6073 8.03351 -0.633463 -0.773748 -0.00601831
48.7268 34.8706 8.10639 -0.633495 -0.773718 -0.00651521
49.6917 34.0842 7.95391 -0.62585 -0.779908 -0.00337936
50.6723 33.3083 7.83927 -0.614022 -0.789267 -0.00105133
51.6112 32.5851 7.57408 -0.602015 -0.798389 0.00497562
52.7507 31.7454 7.02854 -0.57807 -0.815875 0.00604277
53.6173 31.1414 6.3514 -0.563936 -0.825799 0.00566526
54.5341 30.5095 5.37798 -0.537143 -0.843145 0.0202079
55.1722 30.0855 4.47761 -0.518397 -0.854759 0.0226494
55.7514 29.707 3.5002 -0.502233 -0.864183 0.0290054
56.1149 29.4358 2.28154 -0.499494 -0.86504 0.0466725
56.3373 29.2718 0.940912 -0.472794 -0.880396 0.0356499
56.3712 29.1995 -0.167136 -0.482194 -0.874712 0.0477329
56.4015 29.105 -1.52059 -0.482456 -0.874962 0.0390536
56.4098 29.0224 -2.81156 -0.475471 -0.879294 0.0267449
56.4593 28.9603 -3.98241 -0.452625 -0.890839 0.033358
56.9043 28.6751 -5.07433 -0.444808 -0.893994 0.0540417
56.8912 28.7361 -3.95435 -0.461336 -0.887097 0.0151032
56.9976 28.7097 -2.75547 -0.422851 -0.905481 0.0360766
56.8286 28.8876 -1.47875 -0.447222 -0.89271 0.0547801
57.0618 28.8406 -0.0870735 -0.451122 -0.89176 0.0353622
56.9839 28.9327 1.14189 -0.472794 -0.880396 0.03565
57.1574 28.8776 2.4432 -0.472507 -0.880739 0.0315477
57.1771 28.9313 3.60672 -0.441928 -0.896984 0.0109765
57.14 28.9826 5.03944 -0.460212 -0.887077 0.0360396
57.154 29.0203 6.31948 -0.445715 -0.894289 0.0358369
57.232 29.0273 7.67941 -0.448725 -0.893621 0.00932013
57.4481 28.9366 9.17071 -0.435658 -0.90008 0.00760676
58.0296 28.6707 10.4892 -0.416941 -0.908517 0.0188401
58.6314 28.4127 11.5316 -0.38752 -0.921786 0.0107394
58.7737 28.3563 11.7412 -0.388002 -0.921528 0.0155097
-53.0198 28.8437 13.6364 0.381446 -0.917152 -0.114978
-52.2176 29.076 14.5297 0.392654 -0.912795 -0.112368
-51.3967 29.3201 15.4284 0.395324 -0.910308 -0.122245
-50.4548 29.686 16.0528 0.472767 -0.861215 -0.186546
-49.5628 29.9983 17.0116 0.504257 -0.841415 -0.194282
-49.8738 29.556 18.0657 0.443057 -0.875109 -0.19464
-51.0132 29.0117 18.118 0.38228 -0.907047 -0.170501
-52.294 28.5738 18.1079 0.306973 -0.945451 -0.108799
-53.7212 28.113 18.2166 0.298778 -0.95243 -0.0600783
-55.1642 27.6743 18.1311 0.29579 -0.953702 -0.0542283
-56.4602 27.2919 18.1382 0.276675 -0.96007 -0.0413466
-56.7376 27.2582 17.1209 0.278532 -0.959707 -0.0363109
-56.5736 27.3583 16.0233 0.290499 -0.955224 -0.0551086
-56.3118 27.514 14.757 0.309888 -0.948841 -0.0605817
-56.035 27.6869 13.4518 0.313131 -0.948373 -0.0496218
-56.0526 27.7453 12.3227 0.33502 -0.940733 -0.0523904
-55.8797 27.9024 11.045 0.344412 -0.936024 -0.0723885
-55.3787 28.1346 10.6151 0.389595 -0.917802 -0.0762211
-54.7919 28.3093 11.5636 0.38539 -0.919877 -0.0728073
-54.0654 28.534 12.5195 0.392042 -0.915687 -0.0881063
-53.119 28.8168 13.5315 0.374776 -0.920682 -0.108766
53.9326 28.9391 -16.5302 -0.345183 -0.932017 0.110292
52.9125 29.2624 -17.2073 -0.409118 -0.907473 0.0954752
52.6423 29.2477 -18.1319 -0.36084 -0.923894 0.12386
53.8051 28.8084 -18.1552 -0.345856 -0.934213 0.0861121
54.981 28.3956 -18.1707 -0.323296 -0.942558 0.084049
56.146 27.9899 -18.3064 -0.315628 -0.947133 0.0561858
57.2698 27.6419 -18.2207 -0.301427 -0.951366 0.0635995
57.4395 27.6464 -17.0455 -0.31397 -0.948155 0.0485696
57.1065 27.822 -15.958 -0.321874 -0.94451 0.0647374
56.5965 28.1102 -14.5942 -0.364458 -0.927886 0.0777866
55.7026 28.4727 -14.6063 -0.369064 -0.924466 0.0936932
54.7885 28.7078 -15.8005 -0.36362 -0.925381 0.105431
54.0269 28.9121 -16.4573 -0.349458 -0.930225 0.112033
53.3734 29.31 -15.6183 -0.38769 -0.911499 0.137176
54.3257 29.0207 -14.8065 -0.384214 -0.915573 0.118767
54.9981 28.8502 -13.7862 -0.393635 -0.914694 0.0915772
55.5726 28.7009 -12.7756 -0.399713 -0.912141 0.0907038
56.0641 28.5773 -11.7248 -0.407162 -0.910457 0.0727083
56.4002 28.5174 -10.5612 -0.412517 -0.908263 0.0699165
56.3941 28.6124 -9.34832 -0.418814 -0.905337 0.0704216
56.5636 28.6174 -8.25571 -0.427952 -0.90076 0.072063
56.5491 28.7178 -7.01124 -0.429789 -0.900568 0.0652562
56.9865 28.5123 -6.96689 -0.429786 -0.900569 0.0652579
56.8819 28.496 -7.9436 -0.409578 -0.910241 0.0603317
56.9712 28.3659 -9.08466 -0.41798 -0.905579 0.0722176
56.9882 28.2615 -10.4159 -0.403091 -0.913103 0.0595011
57.1251 28.1347 -11.5799 -0.39027 -0.91807 0.0695485
57.2451 27.9924 -12.7918 -0.371704 -0.925532 0.0700127
57.4868 27.8248 -13.9884 -0.35657 -0.93165 0.0689136
58.0666 27.5264 -15.4679 -0.320284 -0.94619 0.046093
58.4191 27.3524 -16.5307 -0.306731 -0.95069 0.044054
58.7954 27.1773 -18.019 -0.296282 -0.9542 0.0414723
58.4271 27.2472 -19.2224 -0.285113 -0.958265 0.0209436
57.3252 27.5731 -19.3473 -0.289505 -0.956335 0.0401152
56.1981 27.9233 -19.3413 -0.297783 -0.953513 0.0457054
55.0218 28.3006 -19.2683 -0.310526 -0.948557 0.0617468
53.7859 28.7176 -19.2512 -0.323151 -0.94169 0.0930723
52.6528 29.1051 -19.2273 -0.356107 -0.926851 0.117297
51.539 29.564 -19.1673 -0.378637 -0.92088 0.0903711
50.1549 30.2009 -19.1902 -0.444872 -0.878625 0.171035
49.0704 30.8318 -19.1002 -0.492797 -0.857685 0.146724
49.3346 30.9083 -18.058 -0.536933 -0.806416 0.247784
50.3997 30.4391 -17.4894 -0.481606 -0.854195 0.195978
51.4016 30.0088 -17.0286 -0.437188 -0.881239 0.179677
52.3108 29.6756 -16.3958 -0.430509 -0.886965 0.165979
53.1551 29.3825 -15.7674 -0.409375 -0.901886 0.136629
-19.5445 52.3949 -15.6187 0.305956 -0.949563 -0.068427
-19.599 52.392 -15.8046 0.304267 -0.949677 -0.0744036
-19.4947 52.5088 -16.8703 0.315632 -0.946316 -0.0697374
-21.2854 51.6943 -16.8385 0.519316 -0.850352 -0.0849285
-20.625 51.964 -15.3895 0.389054 -0.919853 -0.0500735
-19.6039 52.2751 -13.8274 0.311864 -0.949053 -0.0451613
-18.5056 52.651 -15.2248 0.219804 -0.971908 -0.0841535
-18.0999 52.9092 -16.8277 0.223751 -0.967313 -0.116158
-19.1901 52.6147 -16.8853 0.308038 -0.947384 -0.0850584
-17.3714 52.8758 -15.121 0.180281 -0.979654 -0.0881904
-18.3563 52.5676 -13.6776 0.20915 -0.975831 -0.0631895
-18.6193 52.4015 -11.8608 0.215434 -0.975053 -0.0534857
-18.5194 52.3223 -10.0534 0.217901 -0.974479 -0.0538878
-18.6107 52.1992 -8.14711 0.222753 -0.973562 -0.050585
-18.6193 52.1058 -6.1636 0.214446 -0.975748 -0.0439216
-18.6808 52.0133 -4.01936 0.216929 -0.975216 -0.0435257
-18.8753 51.9038 -2.03276 0.23449 -0.971499 -0.034709
-18.7427 51.866 -0.0725272 0.202609 -0.978712 -0.0327428
-18.8349 51.7899 1.9793 0.233204 -0.972167 -0.0198339
-18.6052 51.7883 4.09813 0.233914 -0.972141 -0.0150054
-17.4892 52.0067 5.64355 0.201906 -0.979356 -0.00955927
-15.8535 52.2873 6.8736 0.171955 -0.985059 -0.00945416
-13.974 52.5717 7.47488 0.13459 -0.990901 0.00118553
-12.1767 52.7817 8.0231 0.0894755 -0.995967 0.00662246
-10.1441 52.9307 7.99293 0.0610122 -0.998119 0.00596637
-8.61491 53.006 7.08329 0.0457103 -0.998954 -0.0010665
-7.22927 53.0635 5.71993 0.0433587 -0.999012 -0.00973251
-5.90651 53.122 4.39927 0.0335655 -0.99937 -0.00253521
-4.51959 53.1842 2.97814 0.0304337 -0.999323 -0.0206732
-3.2363 53.2314 1.6631 0.0230059 -0.999505 -0.0214474
-1.87779 53.264 0.413874 -0.00419575 -0.99993 -0.0110332
-0.46889 53.2724 -0.933964 -0.00901153 -0.999802 -0.0174943
0.905265 53.2631 -2.35104 -0.0336485 -0.999426 -0.00384634
2.19884 53.2411 -3.7001 -0.0324691 -0.999336 -0.0161479
3.59216 53.2248 -5.104 -0.047582 -0.998357 -0.0319241
4.99935 53.1971 -6.46073 -0.0453082 -0.998715 -0.0225512
6.55781 53.1524 -7.88263 -0.0540574 -0.998273 -0.0224262
7.78134 53.1121 -9.39301 -0.0600447 -0.997993 -0.0200106
7.9296 53.1689 -11.2991 -0.0809051 -0.996056 -0.0364376
7.43579 53.2724 -13.7355 -0.0678784 -0.99749 -0.0181962
6.55336 53.3283 -15.6815 -0.037689 -0.999182 0.0146864
5.10841 53.3245 -17.5122 -0.0216002 -0.999293 0.0307773
3.58436 53.2935 -18.5597 -0.00925388 -0.998914 0.0456602
1.71933 53.3101 -18.8263 -0.0177148 -0.99939 0.0301094
-0.287577 53.3502 -18.8218 -0.0125935 -0.999086 0.0405725
-2.11738 53.3688 -18.8647 -0.0295947 -0.999147 0.0287891
-3.9361 53.4203 -18.7707 -0.0301497 -0.998892 0.035175
-5.78852 53.4455 -18.8299 0.000126971 -0.999482 0.0318414
-7.80888 53.4495 -18.7338 -2.28661e-05 -0.999459 0.0323894
-9.63851 53.4532 -18.7924 -0.0109831 -0.999704 0.021341
-11.6377 53.5051 -18.6598 -0.0264207 -0.999636 0.00540419
-13.5238 53.5184 -18.284 0.00663781 -0.999842 -0.0164292
-15.2101 53.3946 -17.2009 0.0397445 -0.993235 -0.109109
-16.8541 53.0156 -15.6596 0.163279 -0.979262 -0.119943
-16.9981 52.9706 -15.4882 0.166408 -0.980754 -0.10013
31.4824 42.4417 -18.1257 -0.494758 -0.801283 0.336392
30.6325 43.1383 -17.7168 -0.505073 -0.799765 0.324063
31.1995 42.5263 -18.3525 -0.526513 -0.796634 0.295015
31.5564 42.361 -18.2089 -0.494758 -0.801282 0.336396
20.3394 53.0113 15.2566 -0.295147 -0.951766 0.0813391
18.7241 53.3337 14.4139 -0.18878 -0.978277 0.0856462
19.1717 53.406 16.1077 -0.218308 -0.970438 0.102716
20.667 52.9364 15.9417 -0.38014 -0.922377 0.0686564
20.4569 52.9897 15.4945 -0.344289 -0.935657 0.0674404
17.6126 53.5251 14.312 -0.162566 -0.982942 0.085812
18.3757 53.1682 11.2994 -0.172841 -0.982914 0.0632926
18.3167 52.9848 8.16361 -0.179989 -0.981951 0.0580973
18.2652 52.8087 5.03118 -0.171081 -0.984176 0.0461409
18.1662 52.6391 1.54835 -0.1729 -0.983378 0.0554436
18.2876 52.3919 -1.54725 -0.212596 -0.974125 0.0767057
17.5288 52.3404 -4.83358 -0.199725 -0.977589 0.0665586
15.0503 52.6448 -6.80984 -0.126925 -0.991105 0.0399268
12.0491 52.8917 -7.6461 -0.0621946 -0.997791 0.0233437
8.8868 53.0425 -7.54435 -0.0329463 -0.999244 0.0200359
6.41686 53.1307 -5.52238 -0.0197905 -0.999803 -0.00156676
4.25605 53.1855 -3.26958 -0.0144498 -0.999681 0.0207321
1.94647 53.2572 -1.00196 0.00499467 -0.999703 0.0238409
-0.306035 53.2842 1.25723 0.0208502 -0.999172 0.0349408
-2.49292 53.2621 3.48718 0.0511873 -0.998439 0.0223638
-4.78602 53.2017 5.8146 0.0670919 -0.997156 0.0343395
-7.15615 53.1177 8.11105 0.0697173 -0.996625 0.0433324
-8.31128 53.1473 11.0617 0.0916288 -0.994586 0.0490225
-7.74843 53.3343 14.2038 0.0952599 -0.995055 0.0281409
-6.09126 53.4583 16.9075 0.0535005 -0.998544 -0.00682523
-3.57316 53.5296 18.7351 0.0421516 -0.998658 -0.0300963
-0.376064 53.6481 18.7015 0.0322108 -0.998561 -0.0428799
2.88727 53.7579 18.7388 0.033858 -0.999058 -0.0271424
6.109 53.8601 18.6482 0.0411971 -0.99866 -0.0306464
9.34308 53.9872 18.7085 0.0392531 -0.998917 -0.0249819
12.4795 54.1132 18.3638 0.030854 -0.999514 -0.00234884
15.1891 54.0541 16.8565 -0.0105755 -0.995168 0.0971741
17.2268 53.6313 14.7907 -0.159602 -0.983115 0.0895099
-53.8795 28.1216 17.5141 0.302619 -0.949364 -0.0844373
-55.4201 27.74 15.794 0.314783 -0.946867 -0.0659955
-55.7486 27.6551 15.4272 0.311723 -0.948303 -0.0595893
-55.4846 27.9086 13.1427 0.356981 -0.931724 -0.0667446
-53.8743 28.3494 14.957 0.335755 -0.938289 -0.0829605
-52.329 28.7337 16.6993 0.347872 -0.929999 -0.118691
-51.7229 28.881 17.3898 0.340977 -0.925257 -0.166237
-56.7075 28.3544 -6.31509 0.420764 -0.907159 -0.00452834
-56.1942 28.5911 -5.69121 0.422689 -0.906273 -0.00158302
-54.9832 29.1938 -6.8291 0.469433 -0.882938 0.0073571
-56.4306 28.4722 -8.62731 0.423584 -0.905786 0.0113084
-56.4394 28.4167 -11.2983 0.414408 -0.909611 0.0295518
-54.9802 29.1554 -9.51194 0.451061 -0.892081 0.0271139
-53.7556 29.8369 -7.93679 0.490307 -0.871348 0.0187511
-52.3845 30.6002 -8.82583 0.524983 -0.850247 0.0383939
-53.8695 29.6683 -10.8101 0.46037 -0.885867 0.0574271
-55.3812 28.8188 -12.699 0.408785 -0.911176 0.0515167
-56.7985 28.1328 -14.3801 0.373176 -0.926728 0.0437646
-57.0151 27.9144 -17.2767 0.32568 -0.944525 0.0424976
-55.4411 28.6005 -15.4595 0.364498 -0.928683 0.0684841
-53.6305 29.5708 -13.2687 0.409676 -0.908084 0.0868833
-52.2311 30.49 -11.4285 0.467774 -0.878445 0.0975852
-50.8269 31.5489 -9.40732 0.541554 -0.838681 0.0577299
-50.669 31.6668 -9.17625 0.552946 -0.830785 0.0636199
-48.9926 32.8261 -9.45582 0.596954 -0.799884 0.0619035
-50.1882 31.789 -11.335 0.572835 -0.813283 0.102129
-51.3873 30.7519 -13.1299 0.525269 -0.836192 0.15772
-52.7745 29.7631 -14.964 0.424679 -0.894817 0.137656
-54.3879 28.9004 -16.9153 0.358362 -0.931197 0.0667063
-54.5929 28.8042 -17.1574 0.352814 -0.932772 0.0738894
-52.3676 29.7052 -17.23 0.423933 -0.901491 0.0871476
-50.8772 30.6823 -15.3195 0.480514 -0.872742 0.086183
-49.6581 31.8486 -13.4563 0.581783 -0.803561 0.125768
-48.496 33.0054 -11.5464 0.601304 -0.794218 0.0874682
-47.5514 33.8712 -10.0318 0.616954 -0.784475 0.0629863
-47.696 33.4655 -13.0856 0.636018 -0.768728 0.0673649
-48.8651 32.1632 -15.1631 0.620536 -0.769294 0.152057
-49.2296 31.7313 -15.8164 0.620397 -0.76399 0.177276
-29.2682 45.6285 13.1959 0.562693 -0.776019 -0.284906
-27.8277 46.0547 14.9856 0.601177 -0.744296 -0.290876
-26.4373 47.2888 14.4927 0.561287 -0.799091 -0.215431
-27.8105 46.8077 12.7567 0.568941 -0.790855 -0.22551
-28.9074 46.4381 11.3796 0.528614 -0.820361 -0.218117
-27.6065 47.4591 10.6427 0.542767 -0.825102 -0.156877
-26.2864 47.9479 12.3277 0.521336 -0.833657 -0.182277
-24.8932 48.5023 14.0925 0.55848 -0.816938 -0.143915
-24.2517 48.8043 14.9437 0.572777 -0.808423 -0.13557
-22.3704 50.1271 14.93 0.526558 -0.849822 -0.0232286
-23.6348 49.4657 13.2475 0.537135 -0.837021 -0.104317
-25.0604 48.8829 11.4296 0.499461 -0.856353 -0.13114
-25.2691 48.7973 11.1619 0.494775 -0.860945 -0.1182
-23.4973 49.7927 10.871 0.465577 -0.880338 -0.0907931
-22.2485 50.3055 12.4391 0.440194 -0.895511 -0.0654955
-20.9154 50.9207 14.1337 0.444743 -0.894929 0.036133
-20.1261 51.3654 15.1266 0.43377 -0.898749 0.0639785
-18.0618 52.1472 14.8641 0.284515 -0.951837 0.114266
-19.3598 51.5567 13.349 0.371377 -0.926017 0.0676151
-20.9018 50.9425 11.4616 0.379731 -0.924916 -0.0183187
-22.2096 50.4906 9.89759 0.420055 -0.905032 -0.0668624
-20.6295 51.1094 9.14857 0.301551 -0.951736 -0.0571511
-19.3136 51.5122 10.6975 0.306867 -0.951654 0.0136768
-17.8723 51.9764 12.3808 0.255909 -0.964463 0.0657434
-16.5263 52.4223 13.8798 0.203566 -0.97201 0.117289
-15.4487 52.7383 14.9993 0.131183 -0.983537 0.124283
-10.3292 53.2867 17.6002 0.0245423 -0.998684 0.0450393
-11.3167 53.1942 16.601 0.0420547 -0.996611 0.0706983
-12.2117 53.077 15.6906 0.0636544 -0.994238 0.0862514
-13.0425 52.9474 14.8538 0.0759192 -0.993721 0.0821933
-13.9335 52.8023 13.9522 0.0921889 -0.993472 0.0671909
-14.7063 52.6655 13.161 0.126868 -0.989659 0.0669318
-15.6371 52.4609 12.1905 0.179892 -0.982177 0.0544653
-16.7209 52.1883 10.9928 0.199138 -0.979321 0.0356864
-17.6945 51.9373 9.89398 0.218271 -0.975835 0.0101578
-18.4238 51.7503 9.05683 0.244209 -0.969626 -0.0137158
-19.3186 51.5377 8.03749 0.266412 -0.96355 -0.0244304
-10.698 53.1088 14.6561 0.0765954 -0.995422 0.0571631
-12.8329 52.8199 12.4899 0.0843001 -0.995373 0.0461126
-14.8109 52.5004 10.44 0.141559 -0.989154 0.0391791
-11.9589 52.8372 10.8053 0.0845868 -0.996138 0.0235251
-10.962 52.9473 11.8195 0.0815725 -0.996159 0.0318185
10.564 53.0061 -12.6022 -0.0765797 -0.996394 -0.0365389
12.2945 52.8339 -10.8485 -0.0796921 -0.996765 -0.010466
12.6129 52.8067 -10.5245 -0.0811213 -0.996703 0.0016119
15.9209 52.4484 -9.62217 -0.16736 -0.985026 0.041402
14.3309 52.6518 -11.3385 -0.126338 -0.991767 -0.0208989
12.7115 52.8554 -12.989 -0.0821668 -0.99586 -0.038877
11.0472 53.0601 -14.6722 -0.0684708 -0.996469 -0.048603
9.94756 53.1711 -15.7967 -0.0518898 -0.998205 -0.0298992
10.6887 53.2081 -17.6059 -0.0262707 -0.99898 -0.0367192
12.4538 53.0439 -15.8151 -0.0510677 -0.996364 -0.0682045
14.0651 52.8015 -14.1796 -0.103331 -0.991818 -0.0749587
15.6862 52.4937 -12.5114 -0.166258 -0.984819 -0.0498903
17.4879 52.125 -10.5348 -0.221812 -0.97478 0.0245759
19.0028 51.7981 -8.84666 -0.26321 -0.963319 0.0523106
19.3275 51.7295 -8.48246 -0.261663 -0.963197 0.0615195
20.7472 51.2344 -9.46066 -0.352656 -0.932977 0.0720184
19.2598 51.6166 -11.1673 -0.318765 -0.946185 0.0558832
17.6942 52.0525 -12.9435 -0.255406 -0.96679 -0.00925825
16.0503 52.5707 -14.734 -0.185021 -0.979546 -0.079103
15.844 52.6275 -14.9505 -0.180041 -0.97698 -0.114439
18.1206 52.0046 -15.1087 -0.345932 -0.937357 -0.0411504
19.6575 51.4078 -13.3386 -0.345135 -0.938523 0.00755686
21.2039 50.8694 -11.4991 -0.36772 -0.927507 0.0671708
21.9905 50.6384 -10.5725 -0.391203 -0.914099 0.10669
23.5416 49.8422 -11.2532 -0.463569 -0.877642 0.121856
22.0078 50.363 -13.1176 -0.435009 -0.896681 0.0820415
20.6744 50.9293 -14.7738 -0.455887 -0.88967 0.0255845
22.8781 49.7402 -14.6177 -0.518871 -0.849387 0.0965122
24.3225 49.1656 -12.7816 -0.515573 -0.840661 0.165751
25.34 48.8362 -11.5318 -0.483079 -0.85993 0.16479
27.2205 47.7064 -11.6362 -0.519462 -0.827315 0.2138
25.5686 48.2024 -13.6333 -0.531604 -0.823541 0.197934
24.4248 48.6356 -15.1036 -0.550937 -0.818627 0.162226
26.1725 47.3609 -15.2214 -0.568076 -0.791672 0.224822
27.629 46.918 -13.4437 -0.517883 -0.809249 0.277334
28.5609 46.6895 -12.3493 -0.50542 -0.830552 0.233951
28.9125 45.8311 -14.1551 -0.513016 -0.801888 0.306252
28.0953 46.0085 -15.1047 -0.558228 -0.776362 0.292649
47.6405 35.6794 13.8675 -0.683219 -0.73018 -0.00702919
48.288 35.0204 15.0385 -0.715856 -0.697758 -0.0261568
47.8531 35.5422 11.4414 -0.645894 -0.763196 -0.0187887
49.028 34.4127 13.5032 -0.662718 -0.745925 -0.0663426
50.1113 33.2477 15.5496 -0.655003 -0.750087 -0.0913284
51.1225 32.1714 17.3356 -0.52872 -0.835864 -0.147605
53.3672 30.8475 17.5511 -0.461243 -0.882657 -0.0903993
51.8265 32.0171 15.325 -0.574122 -0.813018 -0.0968766
50.6188 33.103 13.3302 -0.600993 -0.794669 -0.0854852
49.2614 34.3696 10.9882 -0.638953 -0.768648 -0.0303169
48.615 34.9368 9.89553 -0.639297 -0.768774 -0.0169206
50.1558 33.6847 9.61219 -0.624276 -0.780849 -0.023563
51.5437 32.5244 11.8923 -0.590406 -0.805559 -0.049957
52.9196 31.4262 14.0148 -0.539345 -0.839417 -0.0669788
54.443 30.4004 16.1375 -0.470251 -0.881177 -0.0488873
55.4323 29.8357 17.4007 -0.41794 -0.907196 -0.048174
57.7333 28.7907 17.4843 -0.393469 -0.919187 -0.0166491
56.127 29.5724 15.5284 -0.423485 -0.905777 -0.0151197
54.4222 30.5629 13.291 -0.498152 -0.865945 -0.0445512
53.0318 31.5128 11.3092 -0.55152 -0.83364 -0.0294959
51.8206 32.4146 9.45394 -0.601641 -0.798656 -0.0132884
53.1667 31.4551 8.71265 -0.566342 -0.824165 -0.00286171
54.5262 30.5723 10.654 -0.513209 -0.858257 -0.00335504
56.1034 29.6379 12.7761 -0.458708 -0.888475 -0.014072
57.928 28.753 15.0399 -0.396488 -0.91801 -0.00743965
58.8524 28.3435 16.1411 -0.380285 -0.924869 -0.000270867
56.1063 29.6595 10.0506 -0.495535 -0.868456 0.015137
55.4652 30.008 9.20292 -0.504963 -0.862957 0.0178138
54.7244 30.4427 8.19016 -0.524595 -0.851317 0.00767474
54.6055 30.5156 8.02395 -0.532073 -0.846692 0.00327101
