-48.1762 35.9701 -19.7636 0.73699 -0.675568 0.0207344
-48.3469 35.7657 -20.2982 0.740493 -0.671983 0.0104174
-48.6312 35.4481 -19.9617 0.756787 -0.653571 0.0109123
-48.4297 35.6893 -19.6833 0.749255 -0.661836 0.0236541
-48.3004 35.834 -19.6857 0.745704 -0.665808 0.0250248
-48.3197 35.8292 -19.2555 0.747575 -0.663556 0.0261321
-47.979 36.2013 -19.3523 0.738718 -0.673271 0.0312491
-47.8526 36.3234 -19.7647 0.732027 -0.680852 0.0225317
-47.8631 36.297 -20.3046 0.726109 -0.687271 0.0205319
-48.0426 36.0993 -20.6962 0.741599 -0.670843 1.96525e-05
-48.4674 35.6323 -20.766 0.745174 -0.666714 -0.00706313
-48.8162 35.2316 -20.6967 0.750271 -0.660892 -0.015466
-48.929 35.0962 -20.2383 0.774665 -0.63237 0.00176261
-48.9226 35.1136 -19.6625 0.783617 -0.62078 0.0240186
-48.7444 35.3359 -19.3931 0.760769 -0.648616 0.0227965
-48.4221 35.7117 -19.2561 0.751735 -0.659246 0.0166457
-48.3879 35.7587 -18.814 0.751544 -0.659622 -0.00898801
-48.0245 36.1789 -18.8561 0.731864 -0.677545 0.0728611
-47.6951 36.524 -18.8911 0.71729 -0.696296 0.0255406
-47.5733 36.6292 -19.3534 0.715684 -0.697547 0.0329842
-47.5475 36.6446 -19.8254 0.726759 -0.686622 0.0192779
-47.5562 36.614 -20.4526 0.717843 -0.695671 0.026671
-47.5925 36.5629 -20.9361 0.716566 -0.69733 0.0162647
-47.7795 36.3655 -21.2183 0.71691 -0.697073 0.0113631
-48.1084 36.0234 -21.1806 0.702745 -0.710757 -0.00414096
-48.4279 35.6774 -21.2082 0.735468 -0.677555 -0.00024514
-48.729 35.3479 -21.2321 0.747028 -0.664404 -0.0227141
-49.0061 34.9973 -21.227 0.794523 -0.607222 0.00391068
-49.2374 34.7006 -20.9132 0.788971 -0.614161 0.0181934
-49.238 34.7132 -20.4497 0.780657 -0.624738 0.0166273
-49.2273 34.7325 -19.9954 0.773863 -0.633307 0.00651305
-49.2563 34.7041 -19.5561 0.778859 -0.627023 -0.00270685
-49.2465 34.7128 -19.1124 0.820829 -0.571038 -0.0124732
-49.0844 34.9394 -18.8948 0.811491 -0.584098 0.0176455
-48.8037 35.2904 -18.9019 0.758003 -0.651237 0.0363673
-48.5035 35.6271 -18.8255 0.745587 -0.666249 0.00230931
