15.8866 55.4394 -10.4356 0.0912915 0.995605 -0.0153205
16.0089 55.4478 -9.16391 0.0912901 0.995605 -0.0153158
14.6761 55.5544 -9.18406 0.0709873 0.997269 -0.018225
14.9651 55.5195 -9.81868 0.0786328 0.996768 -0.0162185
15.7446 55.455 -10.1062 0.0772263 0.996916 -0.0139757
16.8619 55.3371 -10.1424 0.115637 0.992982 -0.0247662
16.7728 55.3278 -11.1823 0.114775 0.993327 -0.00650995
16.0083 55.421 -11.9903 0.117623 0.992992 0.00424932
15.1133 55.4963 -11.1455 0.0751326 0.9971 0.0121247
14.1618 55.5686 -10.2981 0.0609936 0.998087 -0.00792067
13.4233 55.6231 -9.63586 0.0506325 0.998586 -0.0138352
12.886 55.6669 -8.57122 0.0377765 0.998852 -0.0290547
14.2038 55.605 -8.35122 0.0604597 0.99754 -0.0354856
15.1855 55.5387 -8.11052 0.0782836 0.996605 -0.0254856
16.1685 55.4705 -7.76322 0.0847245 0.996045 -0.0258654
16.8604 55.3996 -7.93182 0.0981565 0.994905 -0.0230054
16.8552 55.3686 -8.9873 0.0991579 0.994625 -0.0294292
16.8976 55.3411 -9.80858 0.116813 0.992709 -0.0293283
17.729 55.2451 -9.74336 0.126929 0.991032 -0.0416555
17.7928 55.2783 -8.6477 0.114742 0.992619 -0.0392635
17.7169 55.3238 -7.56748 0.106742 0.993776 -0.0318724
17.7681 55.3701 -6.37798 0.100359 0.993875 -0.0462616
17.0601 55.4676 -5.8334 0.0942007 0.994281 -0.0503166
16.1973 55.5121 -6.65767 0.0911313 0.994833 -0.0443738
15.3265 55.5666 -7.05181 0.0778706 0.995518 -0.05367
14.0173 55.6472 -7.45703 0.0780843 0.996062 -0.0395679
12.9301 55.6933 -7.56853 0.0453762 0.997983 -0.0443956
11.7912 55.7236 -7.87145 0.0280903 0.998831 -0.039341
11.0373 55.7219 -8.36986 0.00976936 0.999406 -0.0323217
11.8402 55.6848 -9.1895 0.0235161 0.999554 -0.018077
12.622 55.6499 -9.98257 0.0337538 0.999352 -0.0125152
13.3514 55.6109 -10.6591 0.0433332 0.998998 -0.00700866
14.1297 55.5681 -11.4376 0.0577191 0.998297 0.00534148
14.8423 55.5271 -12.118 0.0697512 0.997466 0.0130258
15.6716 55.4711 -12.9544 0.109147 0.993352 0.0289719
16.8525 55.3058 -12.7734 0.163747 0.986492 0.00454617
17.6594 55.1832 -12.0934 0.165725 0.985878 -0.0240821
17.767 55.1945 -11.0575 0.144365 0.989037 -0.0310539
17.7494 55.2265 -10.1728 0.139665 0.989597 -0.0345071
