-57.8171 36.3678 -16.3726 -0.452618 0.891658 0.00908655
-57.8593 36.3552 -17.7954 -0.45613 0.88989 0.00483055
-56.765 36.904 -17.9074 -0.443014 0.896478 0.00720348
-55.291 37.6083 -18.0127 -0.427165 0.904156 0.00286595
-54.154 38.1045 -17.3825 -0.401566 0.915737 -0.0109147
-53.3288 38.4863 -16.4582 -0.399788 0.915531 -0.0444023
-52.2486 38.9985 -15.8718 -0.415067 0.907448 -0.0650006
-51.0761 39.5355 -15.8026 -0.423797 0.899875 -0.103055
-49.9781 40.0817 -15.7681 -0.446725 0.88833 -0.106286
-48.8273 40.641 -16.1827 -0.481736 0.868416 -0.117406
-47.7536 41.1879 -16.9107 -0.521941 0.84641 -0.105544
-47.1154 41.4942 -17.9275 -0.546152 0.833895 -0.0794665
-46.409 41.9704 -17.8139 -0.547331 0.833474 -0.0758213
-47.0336 41.6635 -16.7649 -0.543132 0.835376 -0.0845885
-47.7113 41.3824 -15.5601 -0.52671 0.843488 -0.105379
-48.2852 41.2412 -14.0658 -0.49676 0.860095 -0.115801
-48.4879 41.2808 -12.7636 -0.499837 0.860048 -0.102378
-48.5679 41.364 -11.5392 -0.509982 0.856053 -0.0842035
-48.6033 41.482 -10.0377 -0.510941 0.856652 -0.0713167
-49.5609 40.9362 -9.68752 -0.50853 0.858491 -0.0658907
-50.7726 40.2427 -9.39829 -0.507431 0.860173 -0.0502068
-51.9291 39.5877 -9.03896 -0.49976 0.865692 -0.0285195
-52.9384 39.0126 -8.73028 -0.502702 0.864216 -0.0177468
-53.9572 38.4289 -8.02154 -0.501815 0.864934 0.00369908
-54.9006 37.8753 -7.31841 -0.49948 0.866111 0.0188695
-55.7449 37.3776 -6.68209 -0.492357 0.869953 0.0276946
-56.5329 36.8992 -5.75378 -0.48759 0.872467 0.0325045
-57.2672 36.4317 -4.43627 -0.48833 0.871756 0.039687
-57.7162 36.1687 -4.14324 -0.48083 0.875842 0.0412654
-57.7973 36.1948 -5.71506 -0.482542 0.875152 0.035536
-57.7243 36.2803 -6.93446 -0.482465 0.875443 0.028763
-57.6697 36.3471 -8.11538 -0.482676 0.875407 0.0262181
-57.6683 36.3796 -9.52583 -0.479127 0.877569 0.0176081
-57.7253 36.3677 -10.8002 -0.476882 0.878911 0.00993112
-57.6272 36.4336 -12.3296 -0.465733 0.884903 0.00624869
-57.6024 36.4528 -13.5853 -0.464846 0.885389 0.00219235
-57.6589 36.4321 -14.7919 -0.460411 0.887687 0.00581904
-57.7944 36.3771 -16.1634 -0.452501 0.891715 0.00935802
-58.8086 35.8552 -16.1713 -0.461216 0.887219 0.0110357
-58.9598 35.7864 -17.4398 -0.463296 0.886195 0.00367355
-59.0209 35.7603 -18.6828 -0.461974 0.886876 0.00558911
-58.1682 36.2059 -19.1148 -0.459859 0.887974 0.00568614
-57.1224 36.7346 -19.1227 -0.440719 0.897633 0.00474255
-55.7733 37.3856 -19.1484 -0.427238 0.90413 0.00412884
-54.659 37.8924 -19.1897 -0.388804 0.921275 0.00359249
-53.6441 38.3077 -18.7138 -0.362248 0.932048 -0.00404568
-52.9783 38.5927 -17.5155 -0.378107 0.925478 -0.0227284
-51.8294 39.0966 -16.9624 -0.386651 0.91999 -0.0641803
-50.7492 39.5776 -16.8074 -0.400789 0.912652 -0.0800984
-49.4473 40.1818 -16.9967 -0.45332 0.8798 -0.141466
-48.4301 40.6767 -17.6025 -0.525882 0.843105 -0.112347
-47.8813 40.917 -18.647 -0.56422 0.823027 -0.0616098
-47.0753 41.4262 -19.16 -0.55683 0.829685 -0.0395453
-45.9571 42.1689 -19.2459 -0.553036 0.832141 -0.0411453
-44.8172 42.9367 -19.3106 -0.562916 0.825388 -0.0431208
-43.783 43.6323 -19.4898 -0.562841 0.825889 -0.0334166
-43.6707 43.7255 -19.1641 -0.560643 0.826677 -0.0478047
-44.3996 43.2748 -18.3451 -0.564481 0.823851 -0.0509744
-45.1576 42.8183 -17.5925 -0.551752 0.831499 -0.0646426
-45.9053 42.4067 -16.67 -0.547375 0.833284 -0.0775737
-46.6138 42.088 -15.4115 -0.534237 0.83975 -0.0968484
-47.1069 41.9223 -14.2268 -0.508727 0.853971 -0.109094
-47.533 41.8561 -12.6725 -0.509726 0.854813 -0.097275
-47.609 41.9753 -11.1456 -0.514837 0.852788 -0.0877276
-47.5447 42.1389 -9.83133 -0.515402 0.853568 -0.076015
-47.3716 42.3271 -8.70813 -0.516187 0.854379 -0.0598952
-47.5868 42.2279 -8.19822 -0.522282 0.851802 -0.0406874
-48.568 41.6131 -8.47596 -0.523076 0.850925 -0.0476255
-49.7908 40.8651 -8.55814 -0.516982 0.854771 -0.0457825
-51.0897 40.1047 -8.11636 -0.510204 0.859786 -0.0207498
-52.1835 39.4613 -7.7928 -0.508638 0.860891 -0.0107605
-53.2447 38.8393 -7.20985 -0.509318 0.860541 0.00703426
-54.1365 38.3032 -6.52957 -0.506715 0.861929 0.017514
-55.1917 37.6679 -5.79018 -0.501675 0.864682 0.0254211
-55.8499 37.2533 -4.93362 -0.499167 0.865879 0.0329431
-56.4386 36.8681 -3.83998 -0.493978 0.868517 0.0407902
-57.0035 36.49 -2.64835 -0.486577 0.872378 0.0468961
-57.1907 36.3221 -1.478 -0.490226 0.870292 0.0476461
-57.2923 36.1862 -0.185842 -0.488507 0.87083 0.0548066
-57.1604 36.1701 1.12908 -0.492188 0.868392 0.0603857
-57.0394 36.1312 2.60863 -0.494648 0.866819 0.0628192
-56.9983 36.0819 3.80845 -0.488315 0.870524 0.061131
-56.9558 36.0174 5.09965 -0.489134 0.870706 0.0505869
-57.0565 35.8827 6.30363 -0.487198 0.870836 0.065442
-56.8048 35.9321 7.51342 -0.484372 0.872825 0.0591959
-56.7442 35.8663 9.06731 -0.483646 0.873219 0.0597974
-56.6998 35.8019 10.2579 -0.482499 0.873239 0.0681848
-56.3366 35.9045 11.5289 -0.461159 0.884808 0.0666845
-55.8313 36.078 12.6448 -0.463223 0.883023 0.0754611
-55.2031 36.3109 13.7293 -0.470134 0.878953 0.0795941
-54.3165 36.699 14.7423 -0.476437 0.875315 0.0826582
-53.3879 37.1199 15.6095 -0.475185 0.875738 0.0853303
-52.4776 37.5344 16.2924 -0.471388 0.875909 0.102846
-51.9846 37.7087 17.0697 -0.474745 0.872365 0.116606
-52.707 37.2397 18.0734 -0.447282 0.892035 0.0649018
-53.2527 36.911 19.1049 -0.447295 0.893614 0.0369287
-54.4359 36.3347 19.1743 -0.434089 0.900434 0.0280407
-55.4786 35.8259 19.1938 -0.434015 0.900601 0.0221244
-56.5472 35.328 19.1907 -0.416205 0.909006 0.0219577
-57.5904 34.8565 19.025 -0.4123 0.910863 0.0183689
-57.8853 34.7534 17.8151 -0.414536 0.909571 0.0288597
-57.9385 34.7812 16.4627 -0.417789 0.907611 0.0411703
-57.9152 34.8544 15.2185 -0.423536 0.904523 0.0491779
-57.7832 35.0006 13.9582 -0.432757 0.899352 0.0623423
-57.6886 35.1485 12.346 -0.453766 0.889293 0.0566146
-57.7609 35.1839 11.1426 -0.457082 0.88731 0.0612971
-57.723 35.2816 10.0001 -0.456807 0.887503 0.0605473
-57.7638 35.3313 8.81893 -0.463882 0.884177 0.0551737
-57.8922 35.3352 7.65973 -0.46542 0.883483 0.0533055
-57.9594 35.3688 6.49266 -0.448393 0.890731 0.0744425
-57.8303 35.5124 5.34915 -0.46841 0.882108 0.0497827
-58.0516 35.4779 4.10613 -0.474589 0.877856 0.0642993
-58.0777 35.5584 2.63616 -0.476933 0.877182 0.0553602
-58.0738 35.6598 1.19111 -0.481216 0.874568 0.0596751
-58.2296 35.6796 -0.386207 -0.478117 0.87638 0.0579813
-58.3529 35.6962 -1.79753 -0.477044 0.877413 0.0506131
-58.6714 35.6032 -3.27085 -0.475134 0.878754 0.0451584
-58.8214 35.5811 -4.44741 -0.473367 0.879905 0.0411062
-58.8697 35.6087 -5.68376 -0.474191 0.879662 0.0365546
-58.6917 35.7643 -7.22936 -0.473426 0.880331 0.0297448
-58.653 35.8255 -8.5118 -0.474229 0.880068 0.0240569
-58.6741 35.8435 -9.78413 -0.472513 0.881151 0.0174059
-58.7397 35.8308 -11.0792 -0.468921 0.883159 0.0118944
-58.6034 35.9223 -12.7279 -0.465152 0.885196 0.00769159
-58.589 35.9416 -13.9247 -0.464016 0.885788 0.00824401
-58.7339 35.884 -15.374 -0.461505 0.887063 0.0114854
-58.7895 35.8614 -15.8767 -0.461219 0.887218 0.0110363
-59.7716 35.3459 -15.474 -0.460216 0.887729 0.011717
-59.5701 35.4321 -14.1115 -0.462067 0.886764 0.0120053
-59.5556 35.4248 -12.683 -0.460634 0.887551 0.00833154
-59.7532 35.3034 -11.2919 -0.46371 0.885814 0.0167751
-59.6964 35.3013 -9.90892 -0.469723 0.882607 0.0191282
-59.712 35.2587 -8.42505 -0.467262 0.883881 0.0205226
-59.6722 35.2419 -7.23899 -0.464657 0.885034 0.0284377
-59.8519 35.0971 -5.95519 -0.464136 0.885047 0.0356219
-59.8733 35.031 -4.62661 -0.461875 0.886087 0.038888
-59.7169 35.0466 -3.26183 -0.466601 0.883224 0.0468176
-59.4759 35.1101 -2.12223 -0.462638 0.885209 0.048647
-59.2681 35.1556 -0.938158 -0.464781 0.884014 0.0499091
-59.1535 35.126 0.407081 -0.455784 0.888377 0.0543368
-59.0967 35.0801 1.57738 -0.460847 0.885406 0.0605318
-59.0569 35.0111 2.95059 -0.465968 0.883451 0.0475864
-58.9832 34.9586 4.48734 -0.457599 0.88754 0.0534409
-58.9553 34.9095 5.66605 -0.461576 0.885453 0.0533475
-58.9557 34.8334 6.94201 -0.442563 0.895275 0.0511044
-58.8576 34.81 8.21075 -0.452412 0.89009 0.0547702
-58.8959 34.7186 9.38558 -0.441006 0.896065 0.050801
-58.7613 34.7056 10.7657 -0.434724 0.898617 0.0591804
-58.7744 34.6251 12.029 -0.431371 0.90121 0.0417121
-58.8392 34.5304 13.3206 -0.425987 0.903716 0.0422258
-58.8965 34.425 14.7588 -0.419442 0.906361 0.0506405
-58.9427 34.3421 16.0694 -0.408634 0.911582 0.0451306
-58.9541 34.2893 17.2895 -0.396491 0.917646 0.0228811
-58.8984 34.2918 18.6149 -0.396901 0.917671 0.0179686
-58.8678 34.2816 19.7987 -0.387618 0.921462 0.0246124
-57.8076 34.7334 20.2134 -0.407612 0.913018 0.0158181
-56.4059 35.3679 20.2562 -0.415122 0.909599 0.0174476
-54.9916 36.0356 20.263 -0.428634 0.903147 0.0244782
-53.9311 36.5591 20.2866 -0.44363 0.896168 0.00870033
-52.6416 37.2071 20.382 -0.460582 0.887614 -0.0023846
-51.9352 37.5647 19.7721 -0.44919 0.893369 -0.000675421
-51.8505 37.6333 18.5629 -0.444757 0.895174 0.0292276
-51.0351 38.1476 17.9102 -0.51063 0.852689 0.110343
-49.9436 38.8273 17.8425 -0.529327 0.840597 0.114934
-48.8224 39.6006 17.449 -0.540901 0.832717 0.118355
-49.9584 38.9505 16.8579 -0.528775 0.842147 0.105762
-50.9143 38.4256 16.3404 -0.513077 0.851159 0.110696
-51.7758 38.0267 15.4985 -0.49716 0.862157 0.0975617
-52.7136 37.5669 14.8421 -0.48925 0.866334 0.100496
-53.614 37.1491 14.0403 -0.486027 0.868908 0.0936854
-54.4904 36.7674 13.0243 -0.481364 0.872074 0.0881773
-55.0543 36.5573 12.0012 -0.479845 0.873938 0.0773324
-55.5232 36.4141 10.6899 -0.478196 0.875323 0.0716847
-55.7681 36.3912 9.2982 -0.49531 0.865973 0.0689883
-55.8033 36.4674 8.04064 -0.496844 0.865594 0.0623261
-55.9324 36.4885 6.74957 -0.503103 0.861612 0.0671736
-56.0049 36.552 5.26475 -0.501494 0.863041 0.0605334
-55.9984 36.6411 4.02659 -0.501709 0.863154 0.0570203
-56.0818 36.6777 2.69831 -0.506459 0.860319 0.0578879
-56.1628 36.7228 1.35772 -0.506732 0.859917 0.0613661
-56.3259 36.7246 -0.0604273 -0.503863 0.861877 0.0573575
-56.1559 36.9056 -1.41787 -0.503935 0.862578 0.0448307
-55.9536 37.0845 -2.60578 -0.498737 0.865703 0.0422334
-55.3526 37.4876 -3.70392 -0.503081 0.863328 0.0396821
-54.831 37.8393 -4.68269 -0.511074 0.858996 0.0304856
-53.7056 38.5373 -5.52955 -0.514801 0.856887 0.0269081
-52.7903 39.0992 -6.2363 -0.517004 0.855907 0.0114212
-51.6042 39.8139 -6.78604 -0.517675 0.855544 -0.00464577
-50.5144 40.4742 -7.15654 -0.516604 0.856064 -0.0152847
-49.274 41.2194 -7.50998 -0.521051 0.852852 -0.0331942
-48.1579 41.9206 -7.26188 -0.527838 0.848929 -0.0264208
-47.2574 42.5006 -6.79819 -0.531643 0.846541 -0.0269175
-46.3573 43.0851 -6.28511 -0.532728 0.845903 -0.0253038
-45.4054 43.729 -5.43771 -0.543579 0.839102 -0.0194994
-44.616 44.2534 -4.47945 -0.542364 0.840029 -0.0138711
-43.5979 44.9305 -3.53995 -0.535188 0.844277 -0.0276364
-42.9464 45.3673 -2.67172 -0.532824 0.846117 0.00546621
-42.1431 45.8618 -1.73792 -0.527769 0.84938 -0.00372549
-41.3013 46.386 -0.909756 -0.527881 0.849294 0.00650393
-40.409 46.9368 -0.104475 -0.526527 0.850142 0.00334171
-39.6735 47.3823 0.712211 -0.508644 0.860832 0.00774672
-38.8099 47.8682 1.39965 -0.505956 0.862518 0.0085016
-38.0423 48.306 2.28928 -0.50711 0.861719 0.0163768
-37.2067 48.7735 3.11686 -0.487957 0.872419 0.0279821
-36.2568 49.2748 4.0365 -0.465621 0.884877 0.0122426
-35.6156 49.6193 4.93432 -0.491591 0.870534 0.0225675
-34.6467 50.1269 5.80388 -0.446573 0.894683 0.0107039
-33.6049 50.6076 6.8599 -0.4303 0.90125 0.0507061
-32.8363 50.9396 7.66345 -0.435162 0.900087 0.0212084
-32.2047 51.2295 8.59151 -0.441925 0.896197 0.0352678
-31.8584 51.3745 9.8849 -0.480865 0.876717 0.0116852
-31.9003 51.2229 11.2823 -0.506349 0.856162 0.102947
-31.9865 51.0061 12.5014 -0.502842 0.854569 0.129525
-32.4079 50.5573 13.7972 -0.50652 0.85204 0.132157
-32.9216 50.0927 14.8153 -0.50627 0.852039 0.133116
-33.549 49.5557 15.8801 -0.504693 0.853533 0.129451
-34.2404 49.0367 16.6674 -0.506414 0.853701 0.121404
-35.0158 48.4833 17.4176 -0.504668 0.856915 0.104913
-35.9195 47.8887 17.9281 -0.503361 0.858165 0.100792
-37.05 47.1708 18.4187 -0.510109 0.855393 0.0898038
-38.221 46.4471 18.6725 -0.51787 0.851245 0.0847934
-39.3079 45.7808 18.7555 -0.520839 0.84992 0.0797541
-40.3605 45.1377 18.7132 -0.520603 0.850553 0.0740774
-41.5336 44.3985 18.7624 -0.529916 0.845174 0.0697886
-42.9242 43.5024 18.756 -0.542855 0.837249 0.0655085
-43.9851 42.808 18.744 -0.552947 0.830223 0.0705651
-45.1251 42.06 18.6201 -0.55654 0.828242 0.0652047
-46.1 41.4108 18.461 -0.562824 0.823905 0.0663014
-47.127 40.7348 18.1076 -0.567849 0.820924 0.059949
-48.1949 40.0086 17.7116 -0.58245 0.808099 0.0866061
-48.983 39.442 17.8311 -0.551959 0.827276 0.101873
-48.3715 39.8115 18.5924 -0.599229 0.799824 0.020655
-48.3614 39.793 19.81 -0.563231 0.826151 0.0135172
-47.5128 40.3519 20.4658 -0.558159 0.829579 0.0153148
-46.39 41.1131 20.3497 -0.558375 0.828985 0.0315515
-45.4386 41.7554 20.1853 -0.554057 0.831789 0.0338825
-44.3452 42.4802 20.178 -0.546516 0.836498 0.0398823
-43.0116 43.3473 20.2213 -0.541751 0.839035 0.0502665
-41.6675 44.1996 20.3094 -0.532307 0.844538 0.0580704
-40.5858 44.8674 20.3921 -0.522143 0.851276 0.0519202
-39.4078 45.5958 20.3043 -0.517419 0.853918 0.0556904
-38.3609 46.229 20.2919 -0.515049 0.854984 0.0610452
-37.2715 46.8872 20.2387 -0.508629 0.859162 0.055328
-35.9746 47.6382 20.3101 -0.494786 0.866494 0.0652609
-34.6443 48.3736 20.4377 -0.490156 0.868528 0.0735286
-33.4492 49.0572 20.3323 -0.490398 0.868393 0.0735049
-32.0746 49.8429 20.3396 -0.493762 0.865432 0.0848984
-31.024 50.4381 20.3719 -0.50384 0.85881 0.092101
-29.8979 51.1197 20.3124 -0.506868 0.857703 0.0858933
-28.8218 51.7326 20.3968 -0.489073 0.868755 0.0779266
-27.721 52.3119 20.4037 -0.44899 0.891637 0.0582332
-26.5725 52.8875 20.3716 -0.445914 0.894405 0.034642
-25.6854 53.3397 20.0192 -0.44097 0.897096 0.0276583
-25.5382 53.4707 18.8344 -0.413334 0.908431 0.0625122
-25.199 53.7465 17.7271 -0.468671 0.877669 0.0991557
-24.406 54.1722 16.7344 -0.405271 0.914159 -0.00518025
-23.7056 54.4424 15.5984 -0.34686 0.936935 -0.0308386
-23.752 54.4399 14.3493 -0.318511 0.945924 0.061472
-24.0251 54.4198 13.1802 -0.361739 0.929253 0.0750599
-23.841 54.6163 11.9753 -0.408646 0.908842 0.0837463
-22.9055 55.1297 11.3316 -0.440991 0.894811 0.0695105
-22.2924 55.4901 10.4557 -0.44095 0.896303 0.0459115
-22.3185 55.545 9.19289 -0.415884 0.908041 0.0500273
-22.308 55.6198 7.88944 -0.378275 0.924669 0.043542
-22.2919 55.6709 6.61693 -0.371062 0.928315 0.0233442
-22.7922 55.4747 6.04148 -0.384231 0.923067 0.0174549
-23.8461 54.9994 6.59059 -0.41521 0.908823 0.0397255
-25.0852 54.3824 7.2585 -0.426674 0.902766 0.0544069
-26.4029 53.7382 7.75285 -0.417773 0.907401 0.045614
-27.5985 53.189 8.09082 -0.384341 0.922645 0.0295857
-28.6864 52.7536 8.15314 -0.354097 0.935167 0.000575345
-29.8572 52.2788 7.80158 -0.388071 0.921583 -0.00873731
-30.8069 51.8705 7.08755 -0.393817 0.919188 0.00135581
-31.9332 51.3795 6.10589 -0.408447 0.912684 0.0121824
-32.733 51.0253 5.311 -0.406711 0.913543 -0.00491825
-33.8811 50.4969 4.33036 -0.416423 0.909166 -0.00309402
-34.6658 50.0988 3.54641 -0.441555 0.897202 0.00760047
-35.4759 49.7027 2.53939 -0.462186 0.886711 0.0105356
-36.5398 49.1482 1.48665 -0.467993 0.88373 -0.00189435
-37.2918 48.7375 0.711438 -0.471436 0.881683 -0.0195911
-38.0669 48.292 -0.150638 -0.484051 0.87504 -0.000424582
-38.9302 47.7957 -1.21819 -0.485744 0.873587 -0.0289069
-39.752 47.3057 -1.88367 -0.498274 0.866464 -0.0310427
-40.5016 46.8536 -2.6911 -0.505558 0.862609 -0.017807
-41.2407 46.3911 -3.49162 -0.513441 0.85741 -0.035009
-42.0134 45.8908 -4.31688 -0.518447 0.854335 -0.0363936
-42.7248 45.4197 -5.12508 -0.523455 0.851387 -0.0336802
-43.7722 44.7288 -6.1182 -0.52068 0.853002 -0.035786
-44.867 44.0056 -6.93653 -0.528402 0.847489 -0.0504136
-45.6027 43.4981 -7.72656 -0.530537 0.846169 -0.0502835
-46.2965 42.9712 -9.00024 -0.527395 0.847551 -0.0591931
-46.6289 42.6702 -10.165 -0.522215 0.849442 -0.0756812
-46.6724 42.5077 -11.5201 -0.519798 0.849936 -0.086122
-46.3765 42.5202 -13.0254 -0.523175 0.84645 -0.0990503
-45.9591 42.6091 -14.4513 -0.53107 0.841284 -0.100973
-45.4235 42.8345 -15.5032 -0.545307 0.83402 -0.0839639
-44.8344 43.1203 -16.4664 -0.55301 0.829584 -0.0765307
-44.0231 43.6022 -17.2697 -0.559078 0.826992 -0.0589698
-43.1135 44.1685 -17.9932 -0.558216 0.828176 -0.0500382
-41.932 44.927 -18.7411 -0.557416 0.829193 -0.0415399
-40.7214 45.7405 -18.7757 -0.555268 0.831022 -0.0328452
-39.7148 46.4086 -18.7861 -0.553613 0.832444 -0.0234297
-38.457 47.2365 -18.7371 -0.543213 0.839356 -0.0195992
-37.0769 48.124 -18.7336 -0.535766 0.844306 -0.00911823
-36.0162 48.7941 -18.754 -0.534895 0.8449 -0.00556169
-34.5589 49.6947 -18.8106 -0.521277 0.853385 -0.0015464
-33.5031 50.3254 -18.8925 -0.508606 0.860979 0.00491831
-32.4368 50.9414 -18.8307 -0.497923 0.867162 0.0101182
-31.3655 51.5655 -18.762 -0.497906 0.866548 0.0281497
-30.3545 52.1478 -18.7555 -0.455732 0.887703 0.0655153
-29.2469 52.6095 -18.7382 -0.353807 0.935314 -0.00296931
-28.0756 53.0687 -18.7729 -0.37575 0.926677 -0.00901022
-26.8388 53.5978 -18.7329 -0.403236 0.915072 -0.00624051
-25.8454 54.0524 -19.2734 -0.418093 0.907717 -0.0238899
-25.977 54.0021 -20.3969 -0.433485 0.900937 0.0201076
-27.1076 53.4778 -20.5411 -0.410689 0.91176 0.00535601
-28.1759 53.0179 -20.412 -0.372314 0.928064 -0.00741436
-29.3475 52.5339 -20.4932 -0.388351 0.921193 -0.0242223
-30.5091 52.0123 -20.4616 -0.437949 0.897874 -0.0444991
-31.5167 51.4736 -20.4168 -0.483522 0.875223 -0.0137915
-32.6266 50.842 -20.5503 -0.509322 0.860575 -0.00115051
-33.6166 50.2582 -20.5773 -0.509628 0.86037 -0.00655364
-34.7813 49.5546 -20.4442 -0.522058 0.852901 -0.0038912
-35.9301 48.8377 -20.3562 -0.533233 0.845964 -0.00243187
-37.0734 48.1093 -20.324 -0.543697 0.839237 -0.0086516
-38.213 47.3626 -20.3759 -0.547539 0.836673 -0.0127913
-39.2979 46.6435 -20.3691 -0.553685 0.832473 -0.0205344
-40.2928 45.9764 -20.3376 -0.55872 0.82906 -0.022162
-41.3002 45.2934 -20.3544 -0.560789 0.827686 -0.0212517
-42.4079 44.5347 -20.3929 -0.564483 0.825161 -0.0216423
-43.5736 43.7352 -20.4766 -0.563241 0.825625 -0.0332056
-44.6643 42.9892 -20.3993 -0.564871 0.824325 -0.0374958
-45.69 42.2948 -20.4244 -0.557507 0.82955 -0.0321311
-46.7503 41.5927 -20.3399 -0.551019 0.833938 -0.0304303
-47.7903 40.9066 -20.3398 -0.550161 0.834493 -0.0307381
-48.6431 40.3651 -19.7077 -0.544275 0.838754 -0.0160089
-48.8013 40.2928 -18.5461 -0.584705 0.810596 -0.0324591
-49.6759 39.9099 -17.9434 -0.417019 0.895077 -0.156677
-50.9192 39.3677 -17.928 -0.350357 0.926419 -0.137713
-52.0083 38.9531 -18.0526 -0.37129 0.9272 -0.0494281
-52.6017 38.7062 -18.9894 -0.336552 0.941387 0.00421053
-52.8843 38.6096 -20.3029 -0.353355 0.935379 0.0132865
-54.1775 38.0954 -20.2887 -0.387222 0.921885 0.0136757
-55.2558 37.6377 -20.4027 -0.408558 0.912732 0.000969601
-56.3821 37.1119 -20.3339 -0.4342 0.900741 0.0117009
-57.5949 36.5094 -20.372 -0.45517 0.890403 -0.00190312
-58.6821 35.9349 -20.303 -0.467036 0.88422 -0.00555384
-59.7096 35.3933 -20.1941 -0.462166 0.886709 -0.00990404
-60.1226 35.1859 -18.8974 -0.459815 0.888009 -0.00315929
-60.0008 35.2487 -17.6194 -0.457311 0.889297 0.0040596
-59.8497 35.3136 -16.0969 -0.459741 0.887961 0.0128148
-59.8416 35.3171 -16.0454 -0.460215 0.88773 0.0117151
-55.908 35.6518 18.1439 -0.424933 0.90465 0.0313805
-54.7637 36.2176 18.0932 -0.453368 0.89004 0.0478104
-53.6391 36.7948 17.7089 -0.449187 0.890383 0.0738109
-53.8578 36.7867 16.5043 -0.461902 0.882851 0.0849681
-54.8316 36.3575 15.6031 -0.460915 0.884436 0.0730067
-55.6977 35.9784 14.7028 -0.457034 0.886967 0.0664039
-56.557 35.6016 13.9399 -0.445562 0.892298 0.0726607
-56.7856 35.4706 14.166 -0.443119 0.893992 0.0665114
-56.8766 35.3361 15.4357 -0.426548 0.902817 0.0543622
-56.9068 35.239 16.7177 -0.418658 0.906709 0.0499261
-56.8218 35.24 17.8731 -0.420978 0.906755 0.0221603
-56.3742 35.4398 18.0629 -0.418199 0.907837 0.0306941
-25.4218 53.9863 10.7017 -0.393011 0.917913 0.0488287
-25.2785 54.1091 9.88231 -0.383905 0.919872 0.0803214
-26.5271 53.5684 10.1375 -0.376382 0.926419 0.00919296
-27.7449 53.1116 10.2676 -0.339865 0.940453 0.00630294
-28.7724 52.7394 10.2631 -0.347579 0.937504 -0.0113676
-29.8524 52.3242 10.3029 -0.389863 0.918084 -0.0716125
-29.9846 52.2826 11.4284 -0.403004 0.909242 0.104244
-29.9506 52.137 12.5466 -0.446495 0.883468 0.140375
-30.1226 51.8689 13.7238 -0.470558 0.873593 0.124096
-30.5006 51.5017 14.8489 -0.484182 0.864562 0.134403
-30.8753 51.1219 15.895 -0.488306 0.862982 0.129398
-31.4965 50.6253 16.8571 -0.49692 0.858358 0.127638
-32.1783 50.0493 18.1324 -0.497742 0.859609 0.115337
-31.2598 50.601 17.9954 -0.501932 0.856809 0.118047
-30.0424 51.2968 18.0502 -0.490732 0.863419 0.117002
-29.0337 51.8517 18.1678 -0.483892 0.869189 0.101782
-28.0158 52.3725 18.1432 -0.43976 0.892016 0.104333
-27.2592 52.8085 17.5306 -0.410382 0.904763 0.113974
-26.8188 53.1317 16.5593 -0.394431 0.912498 0.107804
-26.2114 53.4695 15.6561 -0.364293 0.929591 0.0561337
-25.8839 53.6693 14.4415 -0.336224 0.940452 0.0496942
-26.0171 53.6663 13.317 -0.332434 0.94264 0.0302749
-25.9754 53.7187 12.0592 -0.349757 0.935837 0.0433615
-25.5952 53.9066 10.9872 -0.362105 0.93131 0.0392551
-25.5782 53.9147 10.9517 -0.362105 0.93131 0.0392551
-24.7301 54.251 11.4946 -0.409959 0.910998 0.0396057
-25.0372 54.0537 12.612 -0.364014 0.930542 0.0398236
-24.9342 54.0347 13.7924 -0.338662 0.940167 0.0373416
-24.765 54.0546 14.883 -0.348933 0.93664 0.0296319
-25.1081 53.8827 15.9704 -0.376529 0.925355 0.0440957
-25.8058 53.5415 16.8227 -0.400487 0.912941 0.0754717
-26.2683 53.231 17.763 -0.415801 0.903594 0.103094
-26.5719 52.9632 18.918 -0.430575 0.898703 0.0807025
-27.4757 52.5127 19.271 -0.447296 0.891602 0.0705111
-28.432 52.0405 19.2688 -0.452612 0.886896 0.0925077
-29.7607 51.3179 19.1948 -0.496159 0.862922 0.095875
-30.6753 50.7709 19.2741 -0.513552 0.851355 0.107027
-32.0038 50.0056 19.2114 -0.492148 0.865333 0.0948085
-32.9283 49.4727 19.25 -0.499468 0.860836 0.0973942
-33.9986 48.8522 19.276 -0.488056 0.867071 0.0999465
-35.0014 48.2939 19.1605 -0.495068 0.863125 0.0996104
-34.5357 48.6528 18.3432 -0.503412 0.858595 0.0965351
-33.7651 49.1804 17.7149 -0.500736 0.859125 0.105673
-33.0189 49.7091 17.0082 -0.504033 0.8558 0.11636
-32.3761 50.1961 16.2293 -0.50474 0.85369 0.128194
-31.7411 50.7688 14.9694 -0.505094 0.852242 0.136251
-31.2897 51.2033 13.8482 -0.492976 0.860262 0.130094
-30.9589 51.5997 12.5123 -0.497891 0.856478 0.136197
-30.9548 51.7633 11.3884 -0.499735 0.859862 0.104415
-30.8873 51.8592 10.1451 -0.434204 0.899645 0.0444022
-31.0209 51.7992 9.03486 -0.42189 0.906316 -0.024479
-30.7038 51.9348 8.59914 -0.405143 0.913849 -0.0194546
-29.786 52.3258 9.00045 -0.374492 0.92716 -0.0113104
-28.5963 52.7898 9.21865 -0.34904 0.937018 -0.0129861
-27.4163 53.2324 9.14831 -0.352569 0.935602 0.017723
-26.2005 53.7652 8.90439 -0.410314 0.909631 0.0648347
-25.1307 54.2778 8.52623 -0.418589 0.905666 0.067027
-23.9185 54.8876 7.97655 -0.424358 0.903263 0.0635368
-23.2579 55.1669 8.36732 -0.419284 0.905591 0.0640729
-23.3904 55.0193 9.57549 -0.419617 0.905362 0.0651213
-23.8439 54.7315 10.5794 -0.429839 0.900361 0.0675358
-24.6331 54.3037 11.3744 -0.424019 0.904052 0.0538277
-22.2586 55.9665 -15.6543 -0.43921 0.898068 -0.0207159
-23.1316 55.5204 -16.0638 -0.445319 0.894458 -0.0404481
-23.8756 55.0922 -16.9329 -0.445597 0.892444 -0.0705939
-24.5247 54.7093 -17.8503 -0.42804 0.901698 -0.0607659
-23.5026 55.2031 -17.8473 -0.440189 0.894402 -0.0792422
-22.4797 55.7809 -17.2091 -0.464607 0.882874 -0.0670279
-22.2387 55.9606 -16.1226 -0.443331 0.895876 -0.0293909
-22.261 55.9604 -15.7918 -0.442612 0.896184 -0.0307589
-57.3426 36.6123 -16.7882 -0.448913 0.893568 0.00368861
-56.9693 36.7995 -17.26 -0.43935 0.898292 0.00664408
-55.7919 37.3691 -17.3862 -0.430936 0.902383 0.000100686
-56.6662 36.9416 -16.2842 -0.439538 0.898214 0.0043258
-57.1241 36.709 -15.7025 -0.445195 0.895366 0.0109566
-56.9691 36.7825 -14.5355 -0.44916 0.893448 0.00250165
-56.0392 37.2465 -15.7173 -0.439598 0.898194 -0.000311511
-54.9434 37.7651 -17.093 -0.410178 0.912005 -0.000127096
-54.2579 38.0722 -16.5881 -0.405991 0.9137 -0.0179782
-55.3987 37.5659 -15.1688 -0.436867 0.899455 -0.0112555
-56.4576 37.0472 -13.8251 -0.456782 0.889572 -0.00354014
-56.9653 36.7863 -13.1727 -0.461186 0.887303 0.000888386
-57.0942 36.7141 -11.6314 -0.470842 0.882214 0.00247484
-56.2851 37.1411 -12.6788 -0.462164 0.886775 -0.00591817
-55.2427 37.66 -14.0101 -0.452072 0.891792 -0.0184155
-54.3226 38.0812 -15.164 -0.431242 0.901722 -0.0304622
-53.7116 38.3367 -15.9169 -0.422163 0.905789 -0.0364063
-53.1991 38.6042 -15.2112 -0.421868 0.90476 -0.0586265
-54.0504 38.2463 -14.1594 -0.445607 0.894483 -0.0365366
-55.0849 37.7612 -12.8527 -0.463651 0.885807 -0.0193449
-55.9632 37.3153 -11.7246 -0.469438 0.882917 -0.00927365
-56.8382 36.8466 -10.5893 -0.476456 0.879186 0.00459627
-57.1537 36.6699 -10.178 -0.475913 0.879401 0.0126807
-56.8403 36.8252 -9.20948 -0.482751 0.875557 0.0187283
-55.9711 37.3149 -10.3454 -0.478602 0.87801 0.00624946
-54.9565 37.8492 -11.6571 -0.471818 0.88152 -0.0176062
-53.884 38.3746 -13.0253 -0.453267 0.890923 -0.0283894
-52.9835 38.7673 -14.1473 -0.430366 0.901234 -0.050609
-52.2028 39.0746 -15.1023 -0.415076 0.907462 -0.0650014
-51.0451 39.6191 -15.2 -0.433214 0.89646 -0.0931963
-51.8852 39.3024 -14.1767 -0.43442 0.897641 -0.0742917
-52.7571 38.9403 -13.0976 -0.448393 0.892329 -0.0518997
-53.5788 38.5682 -12.0654 -0.459857 0.887342 -0.0339914
-54.4741 38.1221 -10.9192 -0.474056 0.880426 -0.0109912
-55.3955 37.6249 -9.72288 -0.481698 0.876337 0.00012271
-56.2743 37.1276 -8.57122 -0.484677 0.874554 0.0155907
-57.1863 36.5907 -7.37305 -0.481853 0.875798 0.0281944
-56.7025 36.8365 -6.62423 -0.487089 0.872765 0.0320133
-55.7991 37.3767 -7.81399 -0.493379 0.869541 0.0218012
-55.018 37.8321 -8.84359 -0.489241 0.872062 0.012328
-54.1963 38.2853 -9.91606 -0.48212 0.876043 -0.0104888
-53.3774 38.7128 -10.974 -0.474686 0.879695 -0.0284614
-52.5538 39.1054 -12.0194 -0.468249 0.882323 -0.0474287
-51.6517 39.4995 -13.1479 -0.465112 0.882477 -0.0700288
-50.7559 39.8594 -14.256 -0.458213 0.883809 -0.0944605
-50.0988 40.1069 -15.0611 -0.453704 0.883994 -0.112728
-48.8056 40.7643 -15.3819 -0.502836 0.856355 -0.117524
-49.6829 40.419 -14.2876 -0.464111 0.878887 -0.110266
-50.5723 40.0665 -13.1852 -0.47369 0.876476 -0.0860679
-51.4668 39.6854 -12.0632 -0.476737 0.876487 -0.0670181
-52.3596 39.2665 -10.9295 -0.484202 0.873988 -0.041143
-53.1937 38.8441 -9.85744 -0.490261 0.871394 -0.0178053
-54.0233 38.3894 -8.77549 -0.497362 0.867542 -0.00167157
-54.1163 38.3364 -8.65331 -0.492537 0.87029 -0.00185441
-52.166 39.4252 -9.83801 -0.487754 0.872486 -0.0293956
-51.3516 39.8267 -10.8826 -0.47942 0.875667 -0.0579941
-50.3359 40.2887 -12.1733 -0.487331 0.869053 -0.0851804
-49.3541 40.7071 -13.4127 -0.488169 0.866863 -0.101186
-48.9051 40.8995 -13.9857 -0.492745 0.863391 -0.108441
-48.9871 41.0099 -12.5837 -0.501239 0.860551 -0.0906185
-49.9893 40.5604 -11.3005 -0.489499 0.8694 -0.0673332
-50.9492 40.1012 -10.0679 -0.492693 0.868822 -0.0490074
-51.0746 40.0392 -9.90626 -0.492543 0.868904 -0.0490689
-49.6233 40.8441 -10.4536 -0.503344 0.861814 -0.0626243
-49.1262 41.0784 -11.0954 -0.500869 0.862044 -0.0775241
-55.728 35.8949 15.6223 -0.450043 0.890243 0.0702045
-56.3901 35.5063 16.4511 -0.439292 0.896507 0.0574184
-56.0858 35.5933 17.4366 -0.433968 0.899631 0.0483374
-55.4618 35.9511 16.6561 -0.451756 0.890085 0.0605411
-55.1123 36.1648 16.2136 -0.45688 0.886911 0.0681834
-54.5466 36.4056 16.8675 -0.449695 0.890531 0.0687618
-54.9908 36.1396 17.4281 -0.446264 0.893239 0.0545224
-29.3175 52.5068 11.91 -0.385036 0.917396 0.100662
-28.371 52.884 10.8287 -0.335476 0.942045 0.00264206
-27.2308 53.2947 10.8559 -0.341532 0.939772 0.0135852
-28.563 52.7562 12.3781 -0.381574 0.922303 0.0613086
-29.4108 52.2962 13.3896 -0.467856 0.87534 0.122027
-30.2878 51.4489 15.9312 -0.488321 0.863016 0.129403
-29.2469 52.2279 14.5734 -0.466263 0.877447 0.112629
-28.1453 52.8854 13.2244 -0.399189 0.914899 0.0600736
-26.9919 53.3623 11.9061 -0.328869 0.94417 0.0196899
-26.2478 53.6514 11.0631 -0.340921 0.939809 0.0230463
-26.5635 53.4914 12.7457 -0.326642 0.944976 0.0180599
-27.7166 53.0149 14.0594 -0.394643 0.915382 0.0795752
-28.8541 52.3022 15.4629 -0.457966 0.876975 0.145538
-30.0947 51.3974 17.0807 -0.488463 0.864185 0.120779
-30.2881 51.2538 17.3374 -0.489868 0.864088 0.115673
-29.2879 51.8015 17.4185 -0.475628 0.872339 0.113153
-28.2359 52.525 16.0654 -0.458143 0.87968 0.127542
-27.075 53.2332 14.6507 -0.375157 0.921509 0.100391
-26.5211 53.4669 14.0207 -0.329001 0.943625 0.0364749
-27.0425 53.097 15.9759 -0.381149 0.919978 0.0914622
-28.2944 52.3026 17.5388 -0.448131 0.887245 0.109428
