-58.1079 40.4302 -16.7771 -0.453105 0.889583 0.0576321
-57.9697 40.5426 -18.1197 -0.442565 0.89609 0.0340399
-57.0096 41.0243 -18.2413 -0.4468 0.893887 0.0365537
-56.0566 41.4366 -17.8216 -0.418321 0.907037 0.045582
-55.5039 41.6306 -16.9098 -0.398202 0.91604 0.0480162
-54.627 41.9257 -16.2794 -0.356778 0.932837 0.0488719
-53.581 42.2334 -15.9729 -0.273828 0.961762 -0.00496949
-52.2262 42.6122 -15.8653 -0.283523 0.952265 -0.113161
-50.9451 43.0061 -15.9669 -0.344783 0.923625 -0.167456
-49.9274 43.4107 -16.2741 -0.432707 0.885534 -0.169096
-49.0919 43.7415 -17.0357 -0.50541 0.850105 -0.147927
-48.4664 43.9746 -18.1255 -0.540867 0.834261 -0.107106
-47.5218 44.6131 -18.3149 -0.573167 0.81787 -0.0506834
-46.3171 45.5292 -17.9596 -0.606746 0.793846 -0.034552
-46.9382 45.1162 -17.1854 -0.571999 0.812481 -0.111157
-47.5978 44.8229 -16.1627 -0.547019 0.826016 -0.135898
-48.2324 44.6194 -14.9408 -0.5163 0.844997 -0.13934
-48.5602 44.6263 -13.7167 -0.500793 0.855271 -0.133109
-48.7313 44.7108 -12.4889 -0.489828 0.862561 -0.126715
-48.9136 44.7534 -11.3493 -0.487908 0.868036 -0.0919519
-48.7923 44.9403 -10.2663 -0.49471 0.864435 -0.0893712
-49.4672 44.6021 -9.72344 -0.493739 0.866623 -0.0720256
-50.6761 43.9162 -9.81713 -0.484976 0.872058 -0.0648827
-51.6502 43.3912 -9.69545 -0.472715 0.880118 -0.0436453
-52.7205 42.8402 -9.36966 -0.455615 0.889373 -0.0351425
-53.65 42.3597 -8.83599 -0.459612 0.888118 0.00171387
-54.5085 41.9048 -8.33949 -0.469595 0.882722 0.0154623
-55.4858 41.3525 -7.39657 -0.478279 0.877686 0.0297666
-56.1659 40.9524 -6.63585 -0.480582 0.87595 0.0418537
-56.8441 40.5421 -5.83036 -0.475254 0.878701 0.0449007
-57.395 40.1929 -5.01568 -0.479584 0.875994 0.0512029
-57.844 39.886 -4.03203 -0.478422 0.876261 0.0571283
-58.2826 39.6561 -4.14398 -0.475553 0.87779 0.0577433
-58.2275 39.7656 -5.41709 -0.474678 0.878586 0.0525971
-58.153 39.8749 -6.61051 -0.472843 0.879779 0.0490686
-58.0155 40.0101 -7.77996 -0.47035 0.881332 0.044969
-57.972 40.0922 -8.97207 -0.467408 0.883117 0.0404306
-58.0605 40.11 -10.4536 -0.463917 0.885015 0.0390409
-58.0194 40.1824 -11.6153 -0.457156 0.888625 0.0367603
-58.0156 40.2496 -12.8828 -0.451538 0.891172 0.0437054
-57.9911 40.3322 -14.1929 -0.455914 0.888282 0.0556598
-58.1238 40.3501 -15.6266 -0.446849 0.893369 0.0470838
-58.0887 40.4205 -16.4929 -0.450798 0.890547 0.0608923
-59.0214 39.9356 -16.7152 -0.496715 0.866804 0.0436012
-59.0888 39.9388 -17.9046 -0.483848 0.874811 0.0244223
-58.5907 40.2501 -19.2478 -0.47242 0.880165 0.0461347
-57.4476 40.8437 -19.3275 -0.440507 0.897218 0.0308758
-56.1228 41.4636 -19.2691 -0.407372 0.913152 0.0141632
-55.3184 41.7913 -18.5455 -0.395928 0.917202 0.0445221
-54.576 42.0368 -17.4741 -0.315319 0.93916 0.110333
-53.5934 42.2582 -17.0023 -0.20008 0.977005 0.0483316
-52.3328 42.4837 -16.9481 -0.193128 0.979736 -0.053084
-51.042 42.7971 -16.9551 -0.243039 0.949198 -0.19972
-50.0925 43.1169 -17.2738 -0.455472 0.870414 -0.186412
-49.4042 43.3474 -18.2696 -0.541875 0.83365 -0.106768
-48.7478 43.6896 -19.3185 -0.572588 0.818177 -0.0522487
-47.8226 44.3363 -19.3637 -0.576386 0.815518 -0.0520502
-46.9333 44.9719 -19.2534 -0.575681 0.816147 -0.0498948
-45.8787 45.7993 -19.3292 -0.625047 0.779724 -0.0357926
-45.0117 46.4901 -19.2577 -0.618225 0.785845 -0.0156623
-44.0717 47.2347 -19.3648 -0.623011 0.782134 0.00485073
-43.1706 47.9392 -19.4128 -0.606858 0.794502 0.0161336
-43.6971 47.5228 -18.998 -0.614777 0.788621 0.0112344
-44.6653 46.7776 -18.3756 -0.616699 0.78711 -0.0118191
-45.2791 46.3383 -17.6187 -0.590044 0.804997 -0.0603423
-46.2261 45.7004 -16.6797 -0.594246 0.798491 -0.0911658
-46.7836 45.4346 -15.7005 -0.556009 0.824739 -0.100738
-47.3172 45.2337 -14.6577 -0.532922 0.836095 -0.129165
-47.6634 45.1761 -13.5955 -0.517866 0.84765 -0.115346
-47.8975 45.2457 -12.0381 -0.499013 0.860106 -0.105843
-47.8779 45.4486 -10.4018 -0.492109 0.865818 -0.0902778
-47.6435 45.6848 -9.35679 -0.495999 0.865074 -0.0742774
-47.5875 45.7872 -8.3626 -0.498411 0.86523 -0.0540674
-48.722 45.1154 -8.55599 -0.501843 0.863589 -0.0478219
-49.7411 44.5156 -8.66516 -0.499494 0.865425 -0.0393144
-50.7688 43.9255 -8.77628 -0.489892 0.870309 -0.0506791
-52.0018 43.2504 -8.46114 -0.482515 0.875807 -0.0119393
-53.0761 42.6716 -8.01472 -0.473722 0.880566 -0.0137872
-54.0912 42.1082 -7.40241 -0.481413 0.87643 0.0106383
-54.9387 41.6211 -6.59293 -0.484015 0.874599 0.0284015
-55.6805 41.1753 -5.71699 -0.48505 0.873567 0.0400964
-56.3398 40.7716 -4.96318 -0.482658 0.874427 0.0491701
-56.8165 40.4476 -3.94957 -0.482688 0.873973 0.0564167
-57.2448 40.1276 -2.66888 -0.484267 0.873027 0.0573533
-57.4148 39.958 -1.55198 -0.483981 0.872737 0.0638943
-57.4469 39.8641 -0.478943 -0.485929 0.872039 0.0584901
-57.4163 39.8077 0.607875 -0.485014 0.872417 0.060399
-57.3237 39.7777 1.77084 -0.483193 0.873111 0.0648191
-57.2501 39.7232 3.11379 -0.486477 0.871775 0.0578695
-57.2409 39.65 4.26778 -0.488655 0.87016 0.0635423
-57.1782 39.6014 5.55801 -0.483908 0.873693 0.0499417
-57.1251 39.5658 6.65584 -0.476117 0.877856 0.0516609
-57.1525 39.4741 7.92336 -0.472431 0.879928 0.0503445
-57.1533 39.4112 9.0822 -0.469863 0.881466 0.0473376
-57.0517 39.3941 10.3716 -0.470046 0.881515 0.0445927
-56.7834 39.4862 11.4471 -0.466571 0.88367 0.0379373
-56.4794 39.5973 12.5047 -0.449808 0.892579 0.0308055
-55.8815 39.8566 13.7922 -0.446602 0.894325 0.0270082
-55.2231 40.146 14.692 -0.432948 0.900902 0.0305324
-54.4949 40.4584 15.494 -0.393042 0.919387 0.0156597
-53.7631 40.7563 16.2736 -0.374167 0.926828 0.0287716
-53.4411 40.8592 16.8989 -0.34588 0.937593 0.0304643
-54.08 40.6003 17.4658 -0.359124 0.933139 0.0116048
-54.5368 40.4021 18.4098 -0.378919 0.925353 0.0119096
-55.3965 40.0184 19.2262 -0.415475 0.909528 -0.0118382
-56.3834 39.5562 19.2579 -0.441915 0.897042 -0.00526961
-57.411 39.0401 19.2143 -0.46561 0.884972 0.00555801
-58.1897 38.6324 18.6646 -0.471439 0.881886 0.00473512
-58.3099 38.5752 17.539 -0.467402 0.883975 0.00917205
-58.3062 38.5889 16.3464 -0.461261 0.887225 0.00833442
-58.2703 38.6231 14.9654 -0.459262 0.888193 0.0138384
-58.2954 38.631 13.8608 -0.454551 0.890314 0.0269071
-58.1913 38.7193 12.6804 -0.454049 0.890575 0.026737
-58.168 38.7649 11.6063 -0.457297 0.888824 0.0295317
-58.23 38.7776 10.3981 -0.459055 0.887755 0.0339929
-58.2635 38.8104 9.2786 -0.463328 0.885281 0.0400607
-58.3187 38.8424 8.04412 -0.470661 0.881032 0.0474771
-58.3538 38.8969 6.7917 -0.468285 0.882176 0.0497438
-58.3407 38.9767 5.50594 -0.469875 0.881333 0.0496898
-58.436 38.9874 4.42931 -0.467835 0.882365 0.0506169
-58.4448 39.0796 3.00639 -0.472314 0.879348 0.0603614
-58.484 39.1393 1.7838 -0.476051 0.877567 0.0569976
-58.5715 39.182 0.377668 -0.480771 0.874927 0.0578027
-58.6321 39.234 -0.763536 -0.475341 0.877473 0.0639439
-58.7644 39.2457 -1.94577 -0.475704 0.877464 0.0613453
-59.1193 39.1423 -3.23521 -0.475906 0.877486 0.0594204
-59.2034 39.1865 -4.57144 -0.471514 0.879953 0.0578892
-59.1249 39.2973 -5.65266 -0.46892 0.881637 0.0532046
-59.1497 39.3528 -6.81867 -0.469005 0.881748 0.0505344
-59.0031 39.4889 -7.8721 -0.469344 0.881795 0.0464122
-58.9262 39.5877 -8.99268 -0.469336 0.881972 0.0429953
-58.9963 39.6197 -10.4285 -0.463096 0.885351 0.041188
-58.9337 39.7036 -11.5149 -0.459777 0.886981 0.0432461
-58.971 39.7481 -12.8084 -0.464603 0.884391 0.0446783
-58.9829 39.8168 -14.2621 -0.467759 0.882405 0.0506203
-59.0591 39.849 -15.5143 -0.490894 0.869624 0.0526959
-59.0159 39.9126 -16.1618 -0.492058 0.869282 0.0468188
-59.9343 39.3844 -16.0208 -0.492716 0.869435 0.0358672
-59.94 39.3184 -14.6421 -0.479044 0.876744 0.0428034
-59.9121 39.2752 -13.436 -0.473971 0.879625 0.0401451
-59.866 39.2442 -12.2115 -0.468183 0.882557 0.0434973
-59.905 39.1406 -10.4728 -0.468934 0.882374 0.0387833
-59.9202 39.0535 -8.8709 -0.467314 0.883015 0.0436101
-60.0272 38.9247 -7.49445 -0.467182 0.882882 0.0475427
-60.0775 38.8353 -6.38865 -0.468601 0.881892 0.051743
-60.1024 38.7564 -5.29507 -0.464202 0.88412 0.0533684
-60.1195 38.6748 -4.1891 -0.466672 0.882426 0.0594897
-59.9175 38.6828 -2.7543 -0.467036 0.88222 0.059714
-59.6627 38.7451 -1.68328 -0.467374 0.882043 0.0596704
-59.6025 38.6824 -0.353366 -0.468583 0.880811 0.0678364
-59.4333 38.6955 0.7106 -0.472414 0.879254 0.0611332
-59.4533 38.6087 1.86832 -0.466846 0.882502 0.0569742
-59.3223 38.6095 2.94735 -0.474356 0.878545 0.0560839
-59.3211 38.5429 4.03472 -0.462024 0.885288 0.052902
-59.2518 38.505 5.39843 -0.464744 0.884116 0.0484143
-59.3203 38.3816 6.8913 -0.454235 0.889216 0.0543236
-59.2391 38.3483 8.15287 -0.469715 0.882106 0.035459
-59.257 38.2918 9.23268 -0.459678 0.887267 0.0377964
-59.1937 38.2779 10.4434 -0.45556 0.88968 0.0305821
-59.1427 38.2588 11.8192 -0.455249 0.889912 0.0283586
-59.2146 38.1918 13.0003 -0.445581 0.894977 0.0217521
-59.2055 38.1657 14.0807 -0.443558 0.895923 0.0238095
-59.2074 38.1351 15.5006 -0.444837 0.895474 0.0156859
-59.2256 38.1044 16.9225 -0.460539 0.887581 0.0101737
-59.234 38.0858 18.0538 -0.461429 0.887096 0.0120243
-59.0698 38.1615 19.214 -0.462458 0.886614 0.00695049
-58.4068 38.5041 20.2245 -0.471739 0.881685 0.00972393
-57.1795 39.1623 20.2976 -0.471219 0.882009 -0.00373414
-56.2206 39.6435 20.3249 -0.441469 0.897246 -0.00739701
-55.1467 40.1514 20.3311 -0.416677 0.908785 -0.0213165
-54.0032 40.6472 20.245 -0.388153 0.921474 -0.0149334
-53.7286 40.7425 19.351 -0.385451 0.922327 -0.0269644
-53.5216 40.8148 18.2572 -0.362853 0.931746 -0.00755806
-52.5742 41.1097 17.9125 -0.301911 0.951837 0.052379
-51.5138 41.418 17.871 -0.291809 0.944581 0.150379
-50.4016 41.8189 17.8785 -0.346792 0.910374 0.221419
-49.7341 42.0601 18.6583 -0.618331 0.78519 0.0109389
-49.7058 42.0281 19.7348 -0.573994 0.81794 0.0384416
-49.166 42.3624 20.4952 -0.560903 0.825602 0.0613992
-48.2184 43.0301 20.4733 -0.583274 0.809801 0.0633617
-47.0083 43.9103 20.4818 -0.592363 0.803781 0.0551548
-45.8985 44.7472 20.3224 -0.607919 0.792294 0.0513728
-44.9632 45.4707 20.3144 -0.608613 0.792261 0.0436253
-43.7001 46.4313 20.3715 -0.606181 0.794468 0.0369531
-42.7156 47.1728 20.463 -0.598378 0.801084 0.0144159
-41.5749 48.0128 20.4814 -0.586956 0.809542 0.0111647
-40.5777 48.7193 20.5117 -0.565116 0.824946 0.00849972
-39.5799 49.4044 20.3075 -0.558711 0.829257 0.0129233
-38.6096 50.0548 20.3299 -0.546448 0.837324 0.0104132
-37.4475 50.7595 20.3335 -0.508374 0.860973 0.0160252
-36.5329 51.2778 20.441 -0.490142 0.871642 0.000536832
-35.5891 51.7993 20.4415 -0.470265 0.882422 0.0134965
-34.4869 52.3714 20.45 -0.455197 0.889521 0.0332397
-33.2762 52.9195 20.3656 -0.386153 0.921628 0.0385664
-32.1583 53.3697 20.4777 -0.367418 0.929337 0.0359408
-30.9796 53.8304 20.3972 -0.354909 0.934691 0.0198196
-29.9277 54.2357 20.406 -0.361281 0.932383 0.0117383
-29.4072 54.4414 19.6674 -0.347878 0.937485 0.00792446
-29.3403 54.4803 18.5612 -0.305224 0.951986 0.0236925
-28.6523 54.7723 17.8698 -0.338584 0.936487 0.0911538
-27.9593 55.1095 17.052 -0.361966 0.927665 0.0917446
-27.7445 55.3166 15.8119 -0.352061 0.93071 0.0990481
-28.3458 55.1851 14.8808 -0.356196 0.92941 0.0965378
-29.1111 54.9736 14.0402 -0.376667 0.921213 0.0972815
-29.8783 54.7413 13.2292 -0.383532 0.91793 0.101515
-30.6521 54.5052 12.5078 -0.417099 0.902337 0.103342
-31.0374 54.3623 11.2804 -0.444182 0.895934 -0.00210159
-30.5158 54.4425 10.3437 -0.270583 0.952189 -0.138924
-29.7096 54.5358 9.42553 -0.197168 0.978059 -0.0672669
-28.886 54.6761 8.69193 -0.27661 0.958149 0.0737389
-27.9617 54.9624 9.27954 -0.371014 0.923652 0.0959948
-27.2688 55.1603 10.0843 -0.38274 0.919561 0.088788
-26.4254 55.4432 10.8734 -0.395666 0.913012 0.0992859
-25.6434 55.6843 11.7225 -0.408972 0.904866 0.118151
-24.8369 55.9646 12.4326 -0.43038 0.894531 0.120776
-24.5446 56.1958 11.7617 -0.432134 0.894134 0.117344
-24.8024 56.2331 10.2656 -0.431034 0.898692 0.0810051
-25.0629 56.2203 9.1306 -0.412836 0.907729 0.0747949
-25.2359 56.2254 8.02422 -0.40594 0.912108 0.0571983
-26.705 55.5903 7.83703 -0.391142 0.917542 0.0700687
-27.785 55.1444 7.87646 -0.373649 0.924789 0.0715323
-28.9012 54.7101 7.9472 -0.305936 0.951762 0.0234961
-30.0038 54.3948 7.72067 -0.271671 0.961622 -0.0320376
-30.9348 54.1353 7.0071 -0.233041 0.972191 -0.0231477
-31.9035 53.8589 6.28059 -0.265985 0.963429 -0.0323461
-32.5769 53.6409 5.42292 -0.261947 0.963536 -0.0546158
-33.4145 53.3661 4.61056 -0.255186 0.965394 -0.0538017
-34.3326 53.0568 3.76213 -0.277996 0.958187 -0.0675573
-35.0549 52.7893 3.01495 -0.301229 0.950906 -0.0691681
-35.7846 52.506 2.25967 -0.321909 0.945531 -0.0484355
-36.549 52.1739 1.52457 -0.36018 0.93157 -0.0494718
-37.3766 51.7376 0.709904 -0.405614 0.909928 -0.0866549
-38.2013 51.2857 -0.150105 -0.413448 0.90617 -0.0889734
-39.1929 50.7352 -1.12588 -0.427069 0.900336 -0.0837083
-39.9285 50.3305 -1.82881 -0.430689 0.900067 -0.0652394
-40.7825 49.8335 -2.82281 -0.440142 0.895231 -0.0695478
-41.7193 49.2889 -3.82861 -0.460276 0.885613 -0.0615866
-42.4299 48.8755 -4.57264 -0.46546 0.884142 -0.0405013
-43.2219 48.4243 -5.3485 -0.473059 0.880189 -0.0372402
-43.9237 48.0065 -6.13249 -0.470258 0.880914 -0.0533189
-44.7008 47.5324 -6.79159 -0.486795 0.871468 -0.0597895
-45.5924 46.973 -7.56788 -0.489702 0.869835 -0.0596656
-46.2718 46.541 -8.27834 -0.496075 0.866457 -0.0562328
-46.702 46.23 -9.217 -0.493465 0.8668 -0.0717641
-46.9755 45.9797 -10.2553 -0.497276 0.863174 -0.0874458
-46.9642 45.8703 -11.3632 -0.502792 0.859697 -0.0901184
-46.9618 45.7363 -12.5304 -0.512234 0.852776 -0.10174
-46.646 45.7647 -13.8518 -0.527308 0.842808 -0.107126
-46.1147 45.978 -14.9437 -0.556007 0.82474 -0.100736
-45.6307 46.202 -15.966 -0.551994 0.829843 -0.0816264
-44.7763 46.7526 -16.7893 -0.591942 0.804624 -0.0433678
-44.1594 47.1762 -17.5688 -0.58918 0.807729 -0.013177
-43.3148 47.8021 -18.0493 -0.580559 0.813931 0.0157958
-42.4418 48.4523 -18.5002 -0.593057 0.804876 0.0209042
-41.4655 49.1647 -18.732 -0.574044 0.817622 0.0443504
-40.5669 49.7921 -18.7915 -0.552531 0.831387 0.055209
-39.4547 50.5151 -18.8346 -0.538391 0.839437 0.0740353
-38.4043 51.1755 -18.7332 -0.535765 0.841699 0.0670741
-37.3406 51.8472 -18.6997 -0.533352 0.83463 0.137578
-36.3137 52.4352 -18.7154 -0.456305 0.877193 0.149392
-35.3457 52.866 -18.7456 -0.334762 0.936456 0.104812
-34.1943 53.307 -18.7852 -0.363538 0.926222 0.0997618
-33.1958 53.6873 -18.7192 -0.347609 0.936428 0.0452893
-32.1472 54.0886 -18.7207 -0.352759 0.934423 0.0469883
-31.2465 54.4505 -19.0755 -0.368787 0.929285 0.0206117
-31.2651 54.4521 -20.1572 -0.350355 0.936576 0.00387276
-32.2504 54.0928 -20.4785 -0.335782 0.941939 -0.00153146
-33.3296 53.7118 -20.4939 -0.33745 0.941328 0.00538074
-34.4834 53.3031 -20.5129 -0.337574 0.941265 0.00438488
-35.6241 52.8926 -20.507 -0.384359 0.922433 -0.0192217
-36.6811 52.3816 -20.5268 -0.497459 0.867004 -0.0289769
-37.7963 51.7166 -20.523 -0.535432 0.843665 0.0313439
-38.9557 50.9458 -20.4849 -0.547921 0.835407 0.041748
-39.9737 50.2635 -20.411 -0.556106 0.83041 0.0336809
-40.9244 49.6125 -20.514 -0.568834 0.822176 0.0213008
-41.9196 48.9009 -20.4974 -0.592096 0.805631 0.0180097
-42.7918 48.2473 -20.3909 -0.59707 0.801855 0.0230825
-43.813 47.4484 -20.4891 -0.625874 0.779797 0.00812425
-44.8205 46.6286 -20.3093 -0.630873 0.775886 0.00022357
-45.7032 45.8995 -20.395 -0.633631 0.773438 -0.0174704
-46.6723 45.1277 -20.3908 -0.61295 0.789479 -0.0318527
-47.7567 44.3212 -20.4459 -0.576798 0.815737 -0.0433247
-48.8144 43.5786 -20.3933 -0.574087 0.817583 -0.0445304
-49.8912 42.8615 -20.4359 -0.556456 0.830839 -0.00225332
-50.1307 42.7371 -19.3325 -0.557521 0.829449 -0.0334488
-50.3319 42.717 -18.2131 -0.492279 0.808979 -0.321271
-51.2829 42.5164 -17.9441 -0.230926 0.9435 -0.237659
-52.5096 42.3734 -17.9409 -0.0664412 0.992628 -0.0976702
-53.5991 42.3043 -17.9943 -0.107294 0.98706 0.119162
-54.3904 42.1961 -18.6878 -0.380961 0.924398 0.0188823
-54.5694 42.119 -19.9209 -0.369794 0.929107 0.00353816
-55.3374 41.8203 -20.4606 -0.375397 0.926005 0.0398915
-56.6168 41.2762 -20.4695 -0.410629 0.911299 0.0302967
-57.8729 40.6831 -20.4636 -0.444825 0.894248 0.0495147
-58.8372 40.1576 -20.3564 -0.488081 0.872615 0.0179238
-59.8317 39.589 -20.0749 -0.491853 0.869933 0.0360156
-60.0114 39.4477 -18.9358 -0.490968 0.870777 0.0264184
-60.0509 39.3789 -17.3923 -0.497876 0.866794 0.028062
-59.9482 39.404 -16.6256 -0.496167 0.867323 0.0396255
-31.0989 53.9264 16.7896 -0.37039 0.927172 0.0562383
-31.8693 53.5771 17.6114 -0.366851 0.929422 0.0399468
-31.7477 53.599 18.331 -0.359337 0.932566 0.0336458
-30.9788 53.9202 17.7615 -0.367546 0.92887 0.0456168
-30.326 54.2467 16.6343 -0.374146 0.925473 0.0592841
-30.4401 54.2658 15.7841 -0.371013 0.924816 0.0840552
-30.9001 54.0245 16.4799 -0.372117 0.926382 0.0577829
-31.7153 53.7318 15.8204 -0.387217 0.919214 0.0714702
-32.4722 53.3591 16.8371 -0.386482 0.92138 0.0411158
-33.209 53.0223 17.7306 -0.390654 0.92053 -0.00368158
-34.0267 52.6445 18.4469 -0.441465 0.897147 0.0138015
-34.8928 52.196 19.1849 -0.463901 0.885757 0.0110694
-34.2609 52.5137 19.2836 -0.450213 0.892733 0.0183424
-33.0967 53.0365 19.228 -0.382525 0.923383 0.0322056
-32.057 53.4464 19.3535 -0.356774 0.933723 0.0292965
-30.812 53.9187 19.3125 -0.354993 0.934398 0.0296711
-30.2261 54.1719 18.4147 -0.353467 0.934505 0.0419611
-29.712 54.4255 17.43 -0.349064 0.934262 0.0725425
-28.8528 54.8216 16.5408 -0.352039 0.932112 0.0850589
-29.0952 54.8401 15.4357 -0.3613 0.927736 0.093498
-29.9057 54.579 14.7257 -0.377134 0.921741 0.0903318
-30.7925 54.2968 13.746 -0.392858 0.915987 0.0814322
-31.3586 53.9637 14.7368 -0.404782 0.911716 0.0691733
-31.5368 53.8347 15.4644 -0.387217 0.919214 0.0714725
-32.5011 53.435 15.0916 -0.418911 0.906175 0.057965
-32.0601 53.7326 13.7485 -0.415728 0.906713 0.0710124
-31.5732 54.0669 12.4308 -0.420518 0.903586 0.0818414
-31.3724 54.2073 11.2962 -0.377157 0.924882 0.0315224
-31.4568 54.1508 10.1686 -0.29771 0.954163 -0.0306787
-31.8089 54.0252 9.14584 -0.264036 0.962947 -0.0549362
-32.4928 53.7991 8.03282 -0.250954 0.967596 -0.0279279
-33.39 53.5191 7.15953 -0.272475 0.961355 -0.0394197
-34.1718 53.2647 6.38278 -0.277581 0.959402 -0.047235
-35.1229 52.9375 5.46621 -0.296877 0.952643 -0.0658377
-36.0862 52.5509 4.52309 -0.347034 0.935416 -0.0660707
-36.8812 52.1276 3.73559 -0.415451 0.908886 -0.0289047
-37.6305 51.7421 2.97899 -0.429935 0.902607 -0.0185874
-38.3907 51.3503 2.04202 -0.46668 0.884122 -0.0231996
-39.1922 50.9155 1.22798 -0.448787 0.893168 -0.0290017
-39.9891 50.4996 0.589742 -0.472573 0.880462 -0.00827463
-40.8007 49.9788 -0.27202 -0.496054 0.86782 -0.0286184
-41.5556 49.5139 -1.12527 -0.51084 0.859389 -0.0221911
-42.3784 49.0245 -1.92836 -0.494693 0.868811 -0.0211266
-43.2137 48.5387 -2.62319 -0.500307 0.86565 -0.0126292
-43.7882 48.1609 -3.49905 -0.497897 0.866547 -0.0286323
-44.6954 47.6364 -4.29184 -0.496291 0.868085 -0.0111462
-45.3685 47.2313 -5.07743 -0.496458 0.867481 -0.031736
-46.1111 46.7639 -5.98993 -0.508395 0.860246 -0.0388663
-46.9405 46.2501 -6.72322 -0.50491 0.862592 -0.031642
-48.0724 45.5632 -7.26532 -0.517273 0.854359 -0.0499847
-49.0742 44.9585 -7.49815 -0.512266 0.858105 -0.0339831
-50.0221 44.3961 -7.6317 -0.500275 0.865576 -0.022424
-50.9979 43.8328 -7.68395 -0.498167 0.866852 -0.0199162
-51.9682 43.2886 -7.28271 -0.495311 0.868716 0.000117208
-53.1427 42.622 -6.8205 -0.486856 0.873424 0.00495389
-53.979 42.1417 -6.19801 -0.487042 0.872903 0.0288186
-54.7241 41.6939 -5.37429 -0.490098 0.870881 0.0370105
-55.4953 41.2199 -4.53675 -0.487937 0.871652 0.0462679
-55.9107 40.924 -3.45661 -0.490304 0.869924 0.0532414
-56.3146 40.6368 -2.48142 -0.487831 0.871028 0.057712
-56.4663 40.4702 -1.26188 -0.488663 0.870368 0.0605172
-56.4988 40.3454 0.235372 -0.492257 0.868354 0.0603164
-56.3906 40.3334 1.33526 -0.491561 0.868495 0.0639097
-56.2937 40.3067 2.45002 -0.492486 0.868195 0.0606904
-56.3188 40.2104 3.64667 -0.495271 0.866706 0.0593932
-56.2232 40.1686 5.01112 -0.48607 0.871816 0.0606042
-56.1815 40.078 6.6964 -0.482652 0.873776 0.0596875
-56.2141 39.9849 7.85847 -0.478105 0.876546 0.0554341
-56.1798 39.9385 8.9965 -0.472772 0.879778 0.0497345
-56.1586 39.8833 10.1003 -0.468114 0.881974 0.0546877
-55.871 39.9679 11.3088 -0.46209 0.885326 0.0516787
-55.4804 40.1079 12.4404 -0.45353 0.890048 0.0461093
-54.8153 40.3823 13.6137 -0.43447 0.899493 0.0461988
-54.0974 40.6888 14.4074 -0.418492 0.907317 0.0385512
-53.2516 41.0265 15.3003 -0.418435 0.907051 0.0465845
-52.0885 41.4309 16.1813 -0.378011 0.922857 0.0736392
-51.0184 41.7481 16.9673 -0.389629 0.904768 0.171947
-50.0079 42.1267 17.4078 -0.494106 0.8542 0.161867
-49.0469 42.6455 18.0233 -0.574927 0.810342 0.113161
-48.0134 43.3697 18.2249 -0.578226 0.811772 0.0817357
-47.1479 43.9586 18.5285 -0.592612 0.801878 0.0761767
-46.1935 44.6443 18.7326 -0.58831 0.80547 0.0710912
-45.0478 45.4908 18.7832 -0.599111 0.799419 0.0446099
-44.0397 46.2427 18.932 -0.597185 0.800745 0.0461195
-42.8667 47.1165 18.8551 -0.595964 0.801956 0.0411543
-41.9543 47.7722 18.9634 -0.586716 0.809276 0.0289193
-40.8243 48.5799 18.7818 -0.574407 0.818167 0.0256689
-39.3546 49.5823 18.6612 -0.554845 0.831853 0.00950641
-38.4296 50.1774 18.7603 -0.530767 0.847481 0.00777814
-37.4977 50.7434 18.5996 -0.507351 0.861733 -0.00108745
-36.3454 51.4121 18.4365 -0.489148 0.872173 0.00698636
-35.2581 52.01 18.0828 -0.478303 0.878195 -0.000193639
-34.3123 52.5084 17.4586 -0.448812 0.893523 -0.0090039
-33.4841 52.9238 16.4889 -0.42511 0.904383 0.0298365
-32.7967 53.2592 15.7037 -0.418911 0.906175 0.057965
-57.4164 39.0476 16.8854 -0.452181 0.891925 -0.000284689
-57.1799 39.1681 17.9309 -0.465499 0.885037 0.00447394
-56.1034 39.6973 18.2092 -0.440749 0.897594 0.00808652
-55.2694 40.0945 17.728 -0.419133 0.90782 0.0127793
-54.798 40.316 16.7169 -0.402724 0.915157 -0.00686903
-55.6727 39.9151 15.7155 -0.429405 0.903073 0.00345358
-56.362 39.5942 14.8368 -0.440444 0.897609 0.0175319
-57.0505 39.2661 14.0094 -0.45312 0.89126 0.0183668
-57.3273 39.1242 14.074 -0.452664 0.891478 0.0190226
-57.3733 39.0818 15.2087 -0.450648 0.892631 0.0112513
-57.4051 39.0542 16.3316 -0.455083 0.890409 0.00796804
-57.4215 39.0452 16.6529 -0.45171 0.892164 0.00095133
-48.1441 44.2648 -17.5099 -0.543017 0.832023 -0.113446
-47.7768 44.5766 -16.9816 -0.544916 0.83087 -0.112789
-48.8483 44.1241 -15.6463 -0.512078 0.84699 -0.142772
-49.142 43.8781 -16.0687 -0.507693 0.849428 -0.143945
-50.7774 43.1662 -15.4003 -0.38873 0.909334 -0.148326
-49.6931 43.9622 -13.8951 -0.461157 0.874643 -0.149446
-49.1245 44.4026 -13.0895 -0.484805 0.864189 -0.134691
-49.5092 44.4827 -10.7467 -0.492573 0.86574 -0.0886868
-50.7015 43.6776 -12.37 -0.45989 0.884247 -0.0812907
-52.1388 42.7936 -14.2559 -0.370795 0.920782 -0.12113
-52.9689 42.4217 -15.251 -0.312102 0.949094 -0.0425862
-51.365 43.4961 -10.435 -0.475993 0.877154 -0.0634891
-52.65 42.7564 -12.1008 -0.421803 0.905054 -0.0544094
-54.1439 42.0492 -13.9296 -0.357586 0.933743 -0.0160203
-55.6888 41.4814 -15.7298 -0.384508 0.922318 0.0385137
-57.1307 40.9285 -17.4573 -0.423042 0.905506 0.033066
-57.4061 40.6749 -15.1874 -0.427685 0.902585 0.0492532
-56.0456 41.2337 -13.5529 -0.4095 0.911453 0.0395314
-54.6659 41.8328 -11.8866 -0.414794 0.909899 -0.00546871
-53.3914 42.4726 -10.3008 -0.447193 0.894187 -0.0211594
-53.0363 42.6662 -9.84682 -0.452061 0.891589 -0.0266354
-54.4811 41.9259 -8.98064 -0.466928 0.884224 0.0112309
-55.8527 41.2499 -10.6934 -0.447889 0.893999 0.012717
-57.1976 40.6329 -12.3425 -0.439582 0.897569 0.0337419
-57.5131 40.4944 -12.7284 -0.448982 0.892325 0.0466069
-57.5587 40.3606 -10.1781 -0.461516 0.886393 0.0362025
-56.1282 41.0408 -8.40029 -0.467216 0.883697 0.0280735
-55.7939 41.2061 -7.97936 -0.471141 0.881584 0.0289011
-57.0306 40.4953 -6.90569 -0.474102 0.87937 0.0440011
-57.4963 40.2731 -7.48721 -0.470944 0.881081 0.0436753
