35.2825 56.8996 -20.2567 -0.294022 -0.955793 -0.00142829
34.7842 57.0592 -20.1557 -0.307052 -0.951652 0.00863065
34.3113 57.2084 -20.2473 -0.300238 -0.953794 0.0115371
34.3107 57.2117 -19.9821 -0.300977 -0.953567 0.0111194
34.7787 57.0635 -19.8863 -0.308524 -0.951175 0.00894733
35.2484 56.91 -19.8895 -0.299387 -0.954132 0.00064274
35.6263 56.7909 -19.8409 -0.296945 -0.954879 -0.00552073
36.207 56.6184 -19.8251 -0.283224 -0.959034 -0.0060688
36.7408 56.4613 -19.8314 -0.281609 -0.959513 -0.00561837
37.4262 56.2571 -19.8526 -0.290186 -0.956949 -0.00562209
37.9172 56.1088 -20.1428 -0.296567 -0.954976 -0.00702641
38.2467 56.0058 -19.9278 -0.293233 -0.956041 -0.000627793
38.7542 55.8519 -19.8267 -0.28869 -0.957391 0.00770706
39.2252 55.7125 -19.8839 -0.276927 -0.960862 0.00744615
39.7674 55.5586 -19.8182 -0.271667 -0.962359 0.00783484
40.3929 55.3868 -19.8087 -0.264098 -0.964495 -0.00134237
40.957 55.232 -19.8442 -0.267783 -0.963425 -0.0102705
41.5515 55.0658 -19.8447 -0.270706 -0.96265 -0.00486147
41.8599 54.9812 -20.1249 -0.278994 -0.960258 -0.0082003
41.4167 55.1088 -20.3132 -0.268561 -0.963184 -0.012058
40.8397 55.2682 -20.2749 -0.260223 -0.965532 -0.00571889
40.3187 55.4076 -20.2621 -0.255414 -0.966826 -0.00325827
39.7891 55.5489 -20.2315 -0.260427 -0.965452 0.00895785
39.248 55.702 -20.1943 -0.276657 -0.960862 0.0141722
38.7609 55.8453 -20.1688 -0.287404 -0.957688 0.0152403
38.6441 55.8806 -20.2454 -0.298687 -0.954328 0.00658055
38.1544 56.0349 -20.2752 -0.304958 -0.952343 -0.00332928
37.6527 56.1897 -20.1475 -0.292415 -0.956265 -0.00711074
37.1051 56.3569 -20.2607 -0.285631 -0.958261 -0.0123056
36.6197 56.4995 -20.2729 -0.280829 -0.959729 -0.00745849
36.1665 56.6326 -20.2161 -0.283785 -0.958872 -0.00549863
35.6888 56.7733 -20.1433 -0.289792 -0.957041 -0.00608762
35.4033 56.8622 -20.2465 -0.294965 -0.955499 -0.00425068
35.4863 56.837 -20.728 -0.289048 -0.957311 -0.00272953
35.9642 56.6948 -20.7435 -0.284323 -0.958716 -0.00479653
36.4686 56.5469 -20.7508 -0.277767 -0.960634 -0.00525728
36.9661 56.4027 -20.7462 -0.277326 -0.960592 -0.0187943
37.5338 56.2334 -20.6956 -0.292597 -0.955592 -0.0350804
38.0731 56.0616 -20.7403 -0.309102 -0.951026 -0.00229082
38.5459 55.9034 -20.7479 -0.31147 -0.949839 0.0203752
39.0407 55.7522 -20.6939 -0.280163 -0.95955 0.0272073
39.5458 55.6085 -20.692 -0.268072 -0.963121 0.0231358
40.0656 55.473 -20.7379 -0.252645 -0.967532 0.00719629
40.6338 55.3293 -20.7533 -0.249584 -0.968296 -0.0103656
41.2056 55.1751 -20.7582 -0.27111 -0.962378 -0.0181164
41.7017 55.0339 -20.7725 -0.276891 -0.960738 -0.0177108
42.1473 54.9012 -20.6738 -0.285044 -0.958499 -0.00549899
42.3141 54.8506 -20.1826 -0.278397 -0.960459 -0.00356176
42.3038 54.8503 -19.6131 -0.276805 -0.960888 -0.00847308
41.8497 54.9784 -19.3684 -0.273835 -0.961752 -0.0068994
41.2282 55.1536 -19.3546 -0.268572 -0.963241 -0.00592382
40.6677 55.3097 -19.3567 -0.268524 -0.963263 -0.00445855
40.1919 55.4433 -19.3138 -0.270822 -0.962614 0.00539359
39.7002 55.5812 -19.3318 -0.270431 -0.962711 0.00734167
39.2223 55.7164 -19.3788 -0.27467 -0.961538 -0.00110172
38.5446 55.9139 -19.3706 -0.28784 -0.957661 -0.00140753
37.9902 56.082 -19.4546 -0.287888 -0.957643 -0.00635228
37.4011 56.2633 -19.3543 -0.293118 -0.956064 0.00143041
36.7349 56.462 -19.3644 -0.28148 -0.959567 0.000227288
36.1669 56.625 -19.3191 -0.276904 -0.960837 -0.00734618
35.5941 56.7959 -19.387 -0.300587 -0.953515 -0.0212243
35.1313 56.9508 -19.392 -0.330868 -0.943502 -0.00313203
34.6175 57.1229 -19.4045 -0.310297 -0.950497 0.0164864
34.1203 57.2821 -19.3718 -0.30197 -0.953164 0.0171252
33.6561 57.421 -19.6806 -0.29203 -0.956311 0.0136945
33.6466 57.4148 -20.2976 -0.292538 -0.956143 0.0145853
33.921 57.3252 -20.716 -0.293843 -0.95582 0.00794063
34.4039 57.1746 -20.7146 -0.298967 -0.954231 0.00776598
34.9414 57.0046 -20.7029 -0.300347 -0.953804 0.00369308
35.3833 56.8681 -20.7442 -0.288639 -0.957435 -0.00233266
35.4007 56.8638 -21.2199 -0.285483 -0.95837 -0.00378064
34.8114 57.0419 -21.1582 -0.305087 -0.951684 0.0123362
34.2712 57.2124 -21.1914 -0.297577 -0.954683 0.00526568
33.7471 57.3749 -21.255 -0.292996 -0.956105 0.00282142
33.2378 57.5292 -21.162 -0.287566 -0.957714 0.00948942
33.1581 57.558 -20.6687 -0.288954 -0.957287 0.0103665
33.2203 57.5522 -19.9764 -0.297011 -0.954435 0.0289592
33.2339 57.5519 -19.4293 -0.27989 -0.96 0.00744191
33.2931 57.54 -18.9266 -0.27903 -0.960178 0.0141474
33.7773 57.4004 -18.8515 -0.292367 -0.955533 0.038458
34.3495 57.2197 -18.9064 -0.299489 -0.953698 0.0276824
34.8207 57.0598 -18.9035 -0.365068 -0.930073 0.0171265
35.3833 56.8452 -18.8934 -0.334201 -0.940447 -0.0488495
35.8428 56.7056 -18.8705 -0.255267 -0.96648 -0.0274813
36.3884 56.5622 -18.8733 -0.256255 -0.966527 0.0126183
36.9363 56.4065 -18.8912 -0.284644 -0.958215 0.0283021
37.624 56.1928 -18.8578 -0.297155 -0.954812 -0.00579996
38.1843 56.0196 -18.9209 -0.288899 -0.957306 -0.0101069
38.7732 55.8441 -18.8727 -0.27985 -0.96 -0.00827753
39.3731 55.6751 -18.8762 -0.267087 -0.963672 -0.00089611
39.876 55.5369 -18.825 -0.26621 -0.963774 0.0165112
40.4968 55.3565 -18.8816 -0.290415 -0.956759 -0.00257447
40.9937 55.2173 -18.8576 -0.26016 -0.965517 -0.00585853
41.4956 55.0781 -18.8362 -0.268132 -0.963381 -0.00140333
42.0527 54.9205 -18.8592 -0.273772 -0.961795 0.000533099
42.5453 54.7759 -18.9228 -0.290243 -0.956904 0.00286483
42.746 54.7229 -19.4537 -0.27302 -0.961875 -0.0143525
42.7654 54.7214 -20.0295 -0.263201 -0.964717 0.00673398
42.7348 54.7284 -20.5663 -0.282236 -0.959345 0.000937484
42.5528 54.7806 -21.1225 -0.295435 -0.955325 0.00385307
42.123 54.9147 -21.2222 -0.29945 -0.954056 -0.0101926
41.6346 55.0633 -21.2335 -0.284841 -0.958234 -0.0241582
41.1005 55.2177 -21.2191 -0.273622 -0.961309 -0.0313142
40.5945 55.3509 -21.2238 -0.227368 -0.972006 -0.0592232
40.038 55.4766 -21.2278 -0.217073 -0.975984 0.0183118
39.564 55.5928 -21.1729 -0.225872 -0.97362 0.0277117
39.0888 55.7204 -21.1936 -0.272928 -0.960306 0.0561889
38.5539 55.8919 -21.2253 -0.325677 -0.944829 0.035106
38.0229 56.0874 -21.2218 -0.348675 -0.936467 -0.0186311
37.5584 56.2428 -21.1766 -0.271598 -0.961798 -0.0323075
37.0586 56.3862 -21.2368 -0.259134 -0.965203 -0.029816
36.5446 56.5271 -21.2113 -0.269103 -0.96308 0.00782365
36.0636 56.6666 -21.2112 -0.283642 -0.95893 -0.000158122
35.5865 56.8088 -21.1821 -0.282751 -0.959177 -0.00562989
