-43.0665 56.1698 -2.91555 0.154117 -0.981932 0.109806
-42.7732 56.2678 -2.45127 0.155522 -0.981745 0.1095
-42.9379 56.2066 -2.76727 0.154279 -0.981891 0.109948
-43.4136 56.17 -2.42527 0.15326 -0.982093 0.109569
-43.867 56.0505 -2.8601 0.15337 -0.981979 0.110431
-44.3989 55.9089 -3.37189 0.154987 -0.981534 0.112111
-44.9404 55.7731 -3.80594 0.156263 -0.981089 0.114222
-45.357 55.6478 -4.30442 0.159411 -0.980683 0.113348
-45.8299 55.5227 -4.71871 0.160563 -0.980683 0.111719
-46.231 55.4085 -5.14667 0.159702 -0.980942 0.11067
-46.6829 55.2908 -5.54065 0.158981 -0.981229 0.109159
-47.164 55.1638 -6.00036 0.159923 -0.982021 0.100295
-47.5898 55.0546 -6.42238 0.150876 -0.983772 0.0971007
-48.045 54.9415 -6.85919 0.149105 -0.983585 0.101621
-48.4744 54.8246 -7.34864 0.151397 -0.982869 0.105083
-48.3562 54.7851 -7.89738 0.153763 -0.982653 0.103686
-47.9586 54.7953 -8.38977 0.154032 -0.982595 0.103831
-47.4521 54.8856 -8.28817 0.155443 -0.982743 0.100263
-46.962 55.0098 -7.81575 0.152032 -0.983483 0.0982218
-46.558 55.1151 -7.38941 0.150243 -0.983465 0.101116
-46.07 55.2461 -6.84974 0.150553 -0.983159 0.103578
-45.6992 55.3574 -6.36066 0.155879 -0.981675 0.109604
-45.1693 55.4909 -5.93555 0.159044 -0.980854 0.112387
-44.758 55.6043 -5.5276 0.159064 -0.980845 0.112439
-44.2106 55.7554 -4.98277 0.158483 -0.981026 0.111673
-43.7331 55.8905 -4.4642 0.15714 -0.981563 0.108816
-43.2788 56.0089 -4.04137 0.152392 -0.981968 0.111875
-42.8266 56.1483 -3.43923 0.154035 -0.98178 0.111269
-42.315 56.2754 -3.03322 0.156496 -0.981444 0.110793
-41.8651 56.3944 -2.61312 0.158278 -0.98117 0.110697
-41.4472 56.507 -2.19353 0.154945 -0.981809 0.109738
-40.9199 56.6401 -1.74966 0.153087 -0.981562 0.114456
-40.474 56.7657 -1.29869 0.159293 -0.980418 0.115787
-40.0395 56.886 -0.878399 0.16044 -0.980447 0.113939
-39.6044 57.014 -0.375371 0.154973 -0.981558 0.111916
-39.0435 57.1509 0.0786235 0.148785 -0.983325 0.104566
-38.5752 57.2705 0.549971 0.139627 -0.984444 0.106629
-38.0895 57.3961 1.04571 0.14013 -0.983465 0.114714
-37.8928 57.4907 1.62166 0.147181 -0.982787 0.11165
-38.2224 57.5024 2.15997 0.145871 -0.983193 0.10978
-38.7159 57.4612 2.44716 0.144205 -0.983689 0.107517
-39.2539 57.322 1.88553 0.141487 -0.983942 0.108804
-39.6603 57.214 1.44816 0.140123 -0.983778 0.111976
-40.1276 57.0946 1.00944 0.145359 -0.982344 0.117735
-40.6302 56.9451 0.423369 0.155321 -0.980459 0.12068
-41.1492 56.8066 -0.0172315 0.16262 -0.979608 0.117992
-41.6038 56.6737 -0.505088 0.162025 -0.980147 0.114282
-42.0666 56.5369 -1.05144 0.155988 -0.981688 0.109342
-42.5235 56.4171 -1.46994 0.156241 -0.981528 0.110414
-42.9712 56.2941 -1.93017 0.157182 -0.981452 0.10975
-43.3375 56.1919 -2.33548 0.153363 -0.982195 0.108499
-43.714 56.182 -1.88226 0.151248 -0.983315 0.101014
-44.324 56.0277 -2.42836 0.15317 -0.982004 0.110483
-44.7744 55.8887 -3.0336 0.154115 -0.981631 0.112468
-45.3226 55.7481 -3.5072 0.151492 -0.981427 0.117693
-45.7809 55.6131 -4.00307 0.163838 -0.979345 0.118489
-46.2607 55.478 -4.48833 0.162484 -0.980454 0.110919
-46.7411 55.3544 -4.88923 0.159778 -0.980955 0.110448
-47.2351 55.2196 -5.36199 0.166957 -0.980298 0.105552
-47.6238 55.1094 -5.78883 0.158832 -0.983318 0.0877028
-48.0835 54.9958 -6.26136 0.141047 -0.985611 0.0927373
-48.5912 54.8737 -6.73337 0.141964 -0.984021 0.10747
-49.0428 54.7488 -7.2131 0.161735 -0.980765 0.109141
-49.009 54.6915 -7.81389 0.152479 -0.983192 0.100415
-48.6198 54.7026 -8.28683 0.153034 -0.982773 0.103616
-48.3135 54.6968 -8.78218 0.157631 -0.980999 0.113106
-47.8101 54.727 -9.24403 0.165338 -0.980461 0.106563
-47.3346 54.848 -8.83517 0.162644 -0.981797 0.0980837
-46.8402 54.9744 -8.36217 0.154978 -0.98327 0.0957172
-46.4195 55.081 -7.93645 0.149429 -0.983894 0.0980996
-45.989 55.1868 -7.53171 0.148185 -0.983793 0.100957
-45.5842 55.2957 -7.07437 0.14601 -0.98324 0.109177
-45.1052 55.418 -6.65587 0.159216 -0.980643 0.113971
-44.6299 55.5536 -6.15732 0.161531 -0.980424 0.11259
-44.0964 55.7062 -5.57107 0.157036 -0.981273 0.111533
-43.6852 55.8217 -5.14763 0.158669 -0.98115 0.110314
-43.1052 55.972 -4.61642 0.151145 -0.983706 0.0969958
-42.6828 56.0865 -4.17224 0.153548 -0.981364 0.115535
-42.2995 56.2024 -3.69436 0.156113 -0.981184 0.113581
-41.8425 56.318 -3.32126 0.156083 -0.98133 0.11238
-41.4202 56.4329 -2.91355 0.156061 -0.981955 0.106817
-40.9327 56.562 -2.40743 0.146734 -0.983113 0.109218
-40.4825 56.675 -2.03063 0.14638 -0.981616 0.122363
-40.074 56.7975 -1.58096 0.165749 -0.978079 0.12584
-39.6392 56.9169 -1.18182 0.164403 -0.979899 0.112982
-39.1716 57.0506 -0.67591 0.160362 -0.981555 0.104055
-38.6866 57.1722 -0.222968 0.150037 -0.984129 0.0947549
-38.1795 57.2958 0.277641 0.129199 -0.985111 0.113416
-37.7275 57.4121 0.743202 0.136359 -0.983652 0.117619
-37.277 57.5423 1.27386 0.148472 -0.981837 0.11812
-37.4787 57.5798 1.85405 0.149333 -0.982663 0.109828
-37.8098 57.5888 2.38866 0.14583 -0.983316 0.108733
-38.1902 57.5837 2.85132 0.150185 -0.982389 0.111076
-38.773 57.5219 3.08854 0.1479 -0.983345 0.105635
-39.1804 57.4175 2.67283 0.142731 -0.984132 0.105414
-39.6612 57.2984 2.1946 0.138679 -0.984909 0.103462
-40.0876 57.1862 1.73319 0.139769 -0.983506 0.114798
-40.5795 57.0552 1.24474 0.146142 -0.981837 0.12099
-41.0455 56.9189 0.730237 0.157955 -0.978643 0.13137
-41.5546 56.7721 0.259504 0.16616 -0.978343 0.123434
-42.0929 56.6125 -0.305678 0.172667 -0.979169 0.106834
-42.4974 56.4965 -0.797459 0.152441 -0.982802 0.104217
-43.0862 56.3423 -1.32672 0.161069 -0.980562 0.111928
-43.625 56.2054 -1.7896 0.154484 -0.982893 0.100278
-45.3849 55.5615 -5.01218 0.15988 -0.980681 0.112712
-44.9291 55.6888 -4.54974 0.158678 -0.980857 0.112873
-44.4994 55.8155 -4.04886 0.156638 -0.981231 0.112465
-43.921 55.9194 -3.9433 0.155747 -0.981455 0.111751
-44.3088 55.8112 -4.35334 0.157599 -0.981139 0.111932
-44.7112 55.6956 -4.79779 0.158743 -0.980877 0.112611
-45.0706 55.597 -5.14883 0.159407 -0.980761 0.112679
-45.5085 55.4837 -5.51708 0.159317 -0.980898 0.111608
-45.9793 55.3549 -5.9828 0.157185 -0.981617 0.108241
-46.4045 55.2379 -6.44072 0.155585 -0.982332 0.104001
-46.8431 55.1122 -6.98908 0.151437 -0.983265 0.101267
-47.3121 54.9886 -7.49296 0.151081 -0.983474 0.0997714
-47.7934 54.8858 -7.77162 0.152084 -0.983049 0.102393
-47.7394 54.9512 -7.21762 0.149868 -0.983475 0.101571
-47.314 55.0576 -6.81048 0.149332 -0.983728 0.0998924
-46.8834 55.1698 -6.37222 0.153239 -0.982824 0.102836
-46.3722 55.2959 -5.94738 0.156552 -0.981959 0.106053
-45.9524 55.4123 -5.51286 0.158873 -0.981013 0.111235
-45.4925 55.5238 -5.1884 0.159747 -0.980794 0.111909
-45.4948 55.5316 -5.11747 0.159756 -0.980752 0.112262
-38.7741 57.2939 1.01579 0.141361 -0.983786 0.110371
-38.4167 57.403 1.52741 0.144157 -0.983387 0.11031
-38.849 57.3501 1.61582 0.14163 -0.983799 0.109908
-39.3096 57.229 1.12977 0.143278 -0.98333 0.111942
-39.7415 57.1155 0.698461 0.146975 -0.982504 0.114382
-40.157 56.9888 0.160879 0.156267 -0.980986 0.115093
-40.7464 56.8393 -0.299318 0.159386 -0.980365 0.116103
-41.1655 56.7142 -0.776614 0.160768 -0.980366 0.114179
-41.6453 56.5761 -1.30145 0.158266 -0.980997 0.112236
-42.0389 56.4592 -1.78193 0.156169 -0.981608 0.109802
-41.7574 56.5122 -1.70853 0.156171 -0.981608 0.109804
-41.3109 56.6158 -1.42378 0.156704 -0.981218 0.112499
-40.8632 56.739 -0.987385 0.159982 -0.980356 0.115357
-40.4266 56.8637 -0.532536 0.159391 -0.980364 0.11611
-39.9777 56.9876 -0.0929006 0.153216 -0.981499 0.114784
-39.4198 57.1263 0.373384 0.147347 -0.982658 0.112569
-39.0125 57.2349 0.800007 0.142957 -0.983483 0.111019
-38.9607 57.2478 0.846982 0.143092 -0.983477 0.110898
