55.7026 54.4886 8.80662 0.293329 0.950239 -0.104152
55.1217 54.6172 8.07847 0.309972 0.946456 -0.0902111
55.7404 54.3608 7.44516 0.281012 0.956497 -0.0782928
56.5518 54.0758 6.81775 0.243108 0.964313 -0.104874
56.6807 54.1337 7.82373 0.239789 0.96753 -0.0799154
56.2548 54.3335 8.82392 0.266254 0.959587 -0.091117
55.8888 54.4344 8.81735 0.274922 0.956005 -0.101382
55.939 54.5355 9.87934 0.29668 0.949862 -0.0987098
57.0167 54.2486 10.2668 0.232284 0.971287 -0.0514285
57.6985 54.093 10.2626 0.210295 0.975523 -0.0642673
57.685 54.0276 9.191 0.193816 0.978298 -0.0730035
57.7806 53.914 8.08689 0.196124 0.976653 -0.0876156
57.8657 53.8208 7.00428 0.179333 0.981168 -0.0717218
57.7545 53.752 5.77859 0.175588 0.982026 -0.0692316
57.6995 53.6822 4.72092 0.159408 0.983733 -0.0821447
57.7717 53.5843 3.55765 0.131672 0.989513 -0.0593914
57.5336 53.6069 3.4067 0.131417 0.989474 -0.0605807
57.0975 53.7614 4.41541 0.190591 0.976777 -0.0978851
56.434 53.9716 5.22956 0.225948 0.970689 -0.0819154
55.5487 54.2646 5.94707 0.258891 0.962932 -0.075751
54.516 54.6677 6.70232 0.302229 0.947534 -0.103918
53.4488 55.0761 7.13224 0.330702 0.937819 -0.105509
52.5203 55.4682 7.61454 0.344195 0.932371 -0.110517
53.1932 55.3221 8.45592 0.338953 0.934889 -0.105325
54.3612 55.0155 9.44048 0.330438 0.938752 -0.0977553
55.3793 54.7141 9.92867 0.307151 0.945322 -0.108086
55.7117 54.607 9.88407 0.296681 0.949862 -0.0987007
55.7892 54.6744 10.9312 0.315983 0.944766 -0.0867908
56.6534 54.4413 11.5303 0.286736 0.955812 -0.0648486
56.9127 54.446 12.578 0.245909 0.965714 -0.0814937
57.1455 54.4518 13.6431 0.255194 0.965641 -0.0490562
57.264 54.4519 14.7364 0.285226 0.958398 -0.0109671
57.0242 54.4419 15.9115 0.258009 0.962003 0.0889251
57.7788 54.1902 16.7143 0.188153 0.977127 0.0991012
58.8119 54.0431 16.4334 0.159008 0.985098 0.0655612
59.0065 54.042 15.3521 0.171019 0.985268 0.000672659
58.9479 54.0387 14.2462 0.222537 0.974381 -0.0323522
58.9885 53.9889 13.0423 0.226278 0.973303 -0.0384556
58.9522 53.9371 11.9619 0.227894 0.972481 -0.0440024
58.9943 53.873 10.8418 0.189827 0.979662 -0.0650293
59.0028 53.7904 9.61811 0.198512 0.978435 -0.0570698
58.9091 53.7249 8.46151 0.200746 0.977322 -0.0670618
59.0253 53.6239 7.35126 0.20254 0.975816 -0.0822247
59.0186 53.546 6.2077 0.205045 0.977056 -0.0573294
59.0013 53.4952 5.12839 0.171571 0.983389 -0.0592394
59.0688 53.4215 4.05966 0.179937 0.982593 -0.0461863
59.0304 53.3595 2.88978 0.172849 0.983856 -0.0463658
58.8888 53.3159 1.68853 0.144904 0.987052 -0.0681292
58.9815 53.2195 0.560193 0.155975 0.985119 -0.0721944
58.9957 53.1111 -0.671784 0.177941 0.980546 -0.0828637
59.0811 53.0098 -1.77461 0.19183 0.973769 -0.122373
59.1265 52.8844 -2.88375 0.26545 0.962017 -0.0637145
59.0585 52.8741 -3.96901 0.221355 0.975049 -0.0152558
58.9963 52.8142 -5.1966 0.169786 0.982615 -0.0745531
59.0153 52.7431 -6.31577 0.196294 0.977547 -0.0766182
59.0155 52.6388 -7.48748 0.177028 0.977787 -0.11163
59.0286 52.5037 -8.82264 0.209274 0.971866 -0.101223
59.0408 52.4063 -10.0512 0.180662 0.980838 -0.0729315
59.0567 52.3103 -11.1381 0.231037 0.96907 -0.0863134
59.0379 52.2226 -12.3068 0.253305 0.95928 -0.123089
58.9392 52.0775 -13.4521 0.245371 0.959622 -0.137544
58.8935 51.874 -14.8048 0.208003 0.966923 -0.14232
58.8318 51.6755 -16.1694 0.227109 0.96519 -0.125868
58.8904 51.6157 -17.5711 0.166589 0.985477 -0.0329118
57.7333 51.6264 -17.8281 -0.0226865 0.992591 -0.119364
56.4792 51.554 -17.8914 -0.0271728 0.957124 -0.27591
55.345 51.6148 -18.047 0.277514 0.735875 -0.617636
54.7149 51.6279 -18.9126 0.68191 0.722632 -0.113148
54.6683 51.603 -19.9923 0.681614 0.731601 -0.00297428
53.959 52.2555 -20.4227 0.665501 0.746366 0.00679297
52.991 53.0751 -20.3955 0.627493 0.778621 -0.0010559
52.1005 53.7556 -20.3505 0.585834 0.810376 0.00367222
51.4168 54.2351 -19.914 0.574887 0.818213 0.00570942
51.3365 54.2608 -18.8289 0.587367 0.808601 0.0323892
51.9331 53.8118 -18.1533 0.56285 0.824925 0.0506356
52.8426 53.2106 -17.5606 0.491958 0.870619 0.000961592
53.6997 52.7633 -16.9215 0.472862 0.879387 -0.0555023
54.4914 52.5112 -16.1847 0.300619 0.938169 -0.171657
55.4641 52.4148 -15.1716 0.277691 0.93984 -0.198967
56.3979 52.4194 -13.8517 0.138172 0.981704 -0.131019
56.5531 52.541 -12.7023 0.147596 0.983865 -0.101122
56.7333 52.6413 -11.4393 0.13206 0.986319 -0.0986688
56.7277 52.7503 -10.3059 0.136879 0.986309 -0.0919716
56.6913 52.8535 -9.15566 0.136331 0.987765 -0.0757192
56.6518 52.9393 -7.93472 0.119826 0.99067 -0.0644619
56.7614 52.9958 -6.86273 0.123558 0.98945 -0.0756463
56.7386 53.068 -5.71279 0.109351 0.991768 -0.0653244
56.6881 53.1625 -4.41876 0.1254 0.989152 -0.0761716
56.8322 53.2316 -3.28735 0.137849 0.987542 -0.0756766
56.7478 53.321 -2.20129 0.129991 0.988596 -0.0760294
56.8096 53.4044 -1.11108 0.147755 0.986774 -0.0666696
56.799 53.4827 0.0297987 0.135924 0.98873 -0.0627524
56.7635 53.5615 1.13454 0.162558 0.983967 -0.0733797
56.5579 53.6815 2.29707 0.176865 0.980494 -0.0857331
56.2445 53.8437 3.37112 0.23796 0.966645 -0.0947254
55.3657 54.1625 4.41833 0.261068 0.960129 -0.0988431
54.5603 54.461 5.03753 0.271873 0.956954 -0.101086
53.659 54.8229 5.56159 0.327636 0.93874 -0.106872
52.3991 55.3287 6.05121 0.341371 0.933671 -0.108241
51.448 55.7584 6.70737 0.349282 0.930609 -0.109404
50.5404 56.1646 7.31249 0.345991 0.932174 -0.106491
51.1759 56.0374 8.24768 0.344366 0.93283 -0.106016
52.0283 55.8047 8.96887 0.344145 0.933084 -0.104489
52.7099 55.6463 9.78288 0.344074 0.933255 -0.103138
53.5114 55.4236 10.4718 0.338903 0.93665 -0.0884853
54.2499 55.2407 11.2814 0.330196 0.939224 -0.0939626
55.2882 54.8629 11.1191 0.322855 0.941908 -0.0925932
55.4405 54.8024 11.0348 0.32213 0.942554 -0.0883458
56.1845 52.0481 -16.3112 0.18668 0.973998 -0.128368
56.9429 51.8049 -16.8179 -0.0117369 0.978383 -0.205599
57.4687 51.9223 -15.8852 0.105802 0.980492 -0.165657
57.6135 52.1031 -14.7228 0.119243 0.978031 -0.170374
56.7919 52.0417 -15.6872 0.130927 0.975734 -0.175496
56.5137 52.0238 -16.0166 0.186681 0.973998 -0.128368
53.7545 52.4634 -18.9814 0.646287 0.759269 -0.0736502
52.8902 53.1459 -19.0677 0.60411 0.796832 0.0105009
53.3031 52.8531 -18.5537 0.58927 0.806775 -0.0414317
53.8935 52.4052 -18.5002 0.622247 0.770274 -0.137016
53.8056 52.4294 -18.8937 0.65427 0.750895 -0.089927
