57.8042 52.068 -19.8005 0.102748 -0.994706 0.00135706
57.9261 52.0814 -20.2633 0.0993606 -0.995043 -0.00407473
57.3152 52.014 -20.3099 0.118451 -0.992897 -0.009412
56.8405 51.9545 -20.1298 0.136545 -0.990628 -0.00332311
57.0722 51.984 -19.7981 0.116608 -0.993176 0.00144999
57.6826 52.0554 -19.7899 0.109734 -0.993925 0.00391307
57.7628 52.0662 -19.3271 0.104341 -0.994412 0.0160474
57.219 52.005 -19.3339 0.114664 -0.993354 0.0100346
56.7138 51.939 -19.3369 0.136859 -0.990557 0.00818699
56.2926 51.8763 -19.5601 0.149917 -0.988697 -0.00181587
56.383 51.8912 -20.173 0.146933 -0.989142 -0.0027235
56.3852 51.8946 -20.681 0.144537 -0.98941 -0.0117649
56.8814 51.9643 -20.7505 0.123751 -0.992254 -0.010837
57.5006 52.0412 -20.7707 0.118999 -0.992689 -0.0201727
58.0008 52.0944 -20.7849 0.093813 -0.995439 -0.0173583
58.435 52.1319 -20.5453 0.0831492 -0.996517 -0.00170043
58.419 52.1283 -19.9705 0.0866435 -0.996239 0.000143997
58.4387 52.132 -19.4218 0.0917799 -0.995748 0.00783714
57.9284 52.0837 -19.3211 0.104342 -0.994412 0.0160545
57.9825 52.0938 -18.8225 0.0931921 -0.995614 0.00823496
57.5001 52.0448 -18.8615 0.112048 -0.993424 0.0235279
56.8936 51.9719 -18.8469 0.133504 -0.990798 0.0200442
56.261 51.8729 -18.8612 0.168802 -0.985647 0.00239142
55.8581 51.8069 -19.2421 0.158539 -0.987341 -0.0047469
55.7889 51.8015 -19.7604 0.152552 -0.988255 -0.0069279
55.847 51.8121 -20.2655 0.147846 -0.989001 -0.00418296
55.8282 51.8096 -20.8074 0.161499 -0.986812 -0.00600476
56.1517 51.8675 -21.2263 0.150627 -0.988322 -0.0230628
56.7076 51.9461 -21.2217 0.137898 -0.990374 -0.0119873
57.2814 52.0253 -21.2884 0.124747 -0.991975 -0.0198151
57.7848 52.09 -21.2395 0.107652 -0.992674 -0.0444348
58.28 52.1263 -21.2723 0.0484014 -0.998825 0.00225835
58.8237 52.1636 -21.1681 0.0782513 -0.99684 -0.0114974
58.9856 52.1759 -20.5106 0.07634 -0.997043 0.00615265
58.9302 52.1726 -20.0247 0.0825987 -0.996583 0.000318599
58.9719 52.1822 -19.2572 0.0889689 -0.995931 0.013956
58.7082 52.163 -18.8597 0.0995269 -0.994932 0.0143127
58.1382 52.1084 -18.8248 0.0931869 -0.995615 0.00823781
