-55.0038 55.3182 -14.5831 0.158513 -0.982154 0.101218
-54.5966 55.416 -14.2624 0.157553 -0.982484 0.0995134
-54.128 55.4927 -14.2447 0.156771 -0.982764 0.0979691
-53.8685 55.5836 -13.7487 0.157346 -0.982581 0.098871
-53.6569 55.6567 -13.3587 0.155268 -0.982884 0.0991474
-53.6586 55.6102 -13.8166 0.154802 -0.98306 0.0981263
-54.1276 55.4927 -14.2455 0.15613 -0.982695 0.0996618
-54.618 55.3691 -14.6901 0.157129 -0.982419 0.100816
-54.9696 55.2727 -15.0822 0.159198 -0.982342 0.0982833
-55.2834 55.1813 -15.4828 0.163342 -0.981855 0.0963346
-55.7677 55.0568 -15.9208 0.168617 -0.981393 0.0918524
-56.1354 54.9559 -16.3033 0.173312 -0.980781 0.0896184
-56.4151 54.9354 -15.9585 0.184398 -0.978187 0.095482
-56.0615 55.0424 -15.5322 0.173253 -0.979828 0.0995595
-55.4992 55.1864 -15.0729 0.163821 -0.981376 0.100319
-55.1155 55.2888 -14.6923 0.15922 -0.981969 0.101913
-55.4324 55.2748 -14.3348 0.15863 -0.982039 0.102157
-55.9195 55.1488 -14.7724 0.16258 -0.980598 0.109448
-56.3271 55.036 -15.1555 0.173726 -0.97887 0.107854
-56.6774 54.93 -15.5118 0.19108 -0.976294 0.101359
-56.9753 54.8204 -16.0402 0.193924 -0.976884 0.0899118
-56.7596 54.8143 -16.5675 0.184514 -0.979188 0.084322
-56.3732 54.8488 -17.0356 0.181745 -0.980368 0.0763066
-55.9945 54.9334 -16.8631 0.178193 -0.980819 0.0788659
-55.6627 55.0238 -16.4876 0.176611 -0.980561 0.0854881
-55.217 55.1365 -16.0713 0.163361 -0.982328 0.0912725
-54.7564 55.2576 -15.5748 0.156561 -0.98297 0.0962186
-54.381 55.3548 -15.1996 0.15662 -0.982607 0.0997707
-54.0486 55.4449 -14.8344 0.155654 -0.982608 0.101255
-53.6255 55.5503 -14.4621 0.15562 -0.98263 0.101102
-53.2993 55.639 -14.0954 0.153457 -0.983226 0.0985788
-52.9567 55.7282 -13.7413 0.153563 -0.98302 0.100444
-52.5116 55.8407 -13.3155 0.152738 -0.983246 0.0994904
-52.0762 55.9535 -12.8705 0.152981 -0.983085 0.100698
-51.7408 56.0428 -12.5116 0.153203 -0.98297 0.101485
-51.3879 56.137 -12.1328 0.153738 -0.982627 0.103948
-51.0881 56.2283 -11.736 0.157547 -0.981327 0.110295
-50.5967 56.3492 -11.3742 0.164424 -0.98077 0.105139
-50.1936 56.4563 -10.9974 0.162313 -0.981278 0.103676
-49.7556 56.5764 -10.5491 0.160552 -0.98107 0.108263
-49.2725 56.7042 -10.1255 0.165143 -0.980168 0.109541
-48.886 56.8139 -9.72047 0.165221 -0.980546 0.105981
-48.5276 56.9099 -9.37811 0.161471 -0.981516 0.102733
-48.0775 57.0262 -8.95967 0.157923 -0.982248 0.101238
-47.7159 57.1205 -8.59028 0.152681 -0.98287 0.103224
-47.3054 57.2237 -8.22451 0.155259 -0.982123 0.106439
-46.9342 57.3229 -7.8448 0.158364 -0.982326 0.0997027
-46.5254 57.4333 -7.39037 0.153372 -0.983179 0.0991797
-46.4111 57.4992 -6.90633 0.146287 -0.984388 0.0978766
-46.7407 57.4998 -6.41171 0.151932 -0.983149 0.101662
-47.1485 57.4665 -6.12547 0.152728 -0.982983 0.102073
-47.6714 57.3465 -6.4985 0.153327 -0.982995 0.101056
-48.0617 57.2412 -6.92898 0.153074 -0.982936 0.102002
-48.446 57.1373 -7.34847 0.153988 -0.982619 0.103667
-48.8385 57.0302 -7.77306 0.156047 -0.982105 0.105449
-49.2267 56.9232 -8.18627 0.158266 -0.981409 0.108578
-49.6793 56.8045 -8.58887 0.162933 -0.980731 0.107789
-50.0937 56.6901 -9.00312 0.163599 -0.980728 0.106805
-50.5152 56.5758 -9.41282 0.16062 -0.981151 0.10744
-50.8763 56.4787 -9.76539 0.158809 -0.981436 0.107535
-51.2612 56.38 -10.0954 0.159361 -0.981283 0.108111
-51.6566 56.2638 -10.5665 0.160392 -0.981164 0.107667
-52.0643 56.1468 -11.0301 0.160736 -0.981392 0.105038
-52.5324 56.0308 -11.4194 0.155353 -0.982687 0.100956
-52.8735 55.9403 -11.7775 0.1556 -0.982893 0.0985415
-53.3564 55.8174 -12.2455 0.153281 -0.983125 0.0998471
-53.8253 55.6894 -12.769 0.155466 -0.982321 0.104287
-54.1817 55.5917 -13.1721 0.158343 -0.982414 0.0989499
-54.5576 55.4949 -13.531 0.159308 -0.982725 0.0941938
-54.9409 55.3965 -13.9127 0.154468 -0.983339 0.0958373
-55.2775 55.3154 -14.1855 0.157373 -0.982331 0.101279
-55.5547 55.3162 -13.7509 0.153424 -0.983079 0.100082
-55.188 55.408 -13.3922 0.151979 -0.984063 0.0923162
-54.8009 55.5018 -13.0469 0.164727 -0.982178 0.0905081
-54.36 55.6239 -12.5921 0.161679 -0.98092 0.107665
-53.9967 55.72 -12.2309 0.149503 -0.983048 0.10614
-53.6074 55.8223 -11.8168 0.151183 -0.983429 0.100059
-53.2149 55.9216 -11.4236 0.154628 -0.983367 0.0952824
-52.6651 56.0611 -10.9177 0.163218 -0.981337 0.101583
-52.3407 56.1541 -10.5411 0.16345 -0.980789 0.106476
-51.9697 56.2554 -10.1766 0.160392 -0.981164 0.107667
-51.6043 56.3609 -9.7661 0.15866 -0.981182 0.110037
-51.217 56.4618 -9.42001 0.157042 -0.981622 0.108427
-50.7634 56.5809 -8.99524 0.153842 -0.982723 0.102823
-50.3363 56.7014 -8.52807 0.167067 -0.980167 0.106593
-49.9832 56.8014 -8.16234 0.162482 -0.980487 0.110653
-49.6077 56.9011 -7.82983 0.161575 -0.980537 0.111534
-49.2454 56.9989 -7.47111 0.155481 -0.981559 0.111193
-48.8349 57.1119 -7.0234 0.150957 -0.982736 0.106955
-48.4316 57.2179 -6.60697 0.146193 -0.984096 0.100816
-48.0619 57.315 -6.20875 0.153847 -0.983163 0.0985748
-47.6494 57.4184 -5.8332 0.155473 -0.982619 0.101408
-47.3052 57.5123 -5.45753 0.152322 -0.982395 0.108118
-46.9029 57.5755 -5.44617 0.146062 -0.983445 0.107246
-46.5576 57.5835 -5.87361 0.150805 -0.983408 0.100825
-46.239 57.5861 -6.32573 0.153628 -0.982233 0.10778
-45.843 57.5868 -6.87505 0.143282 -0.984207 0.103924
-45.8288 57.5428 -7.33609 0.142733 -0.985059 0.0963632
-46.2253 57.4432 -7.77918 0.152881 -0.984409 0.0868218
-46.6094 57.3456 -8.16688 0.175188 -0.979992 0.0937847
-46.9924 57.2344 -8.56403 0.159543 -0.97992 0.118641
-47.3676 57.1396 -8.90573 0.145713 -0.983879 0.103664
-47.7694 57.0375 -9.31856 0.14924 -0.984146 0.0958281
-48.2385 56.9216 -9.74715 0.163501 -0.981862 0.09592
-48.6503 56.8094 -10.1352 0.175333 -0.978219 0.110895
-49.1469 56.6629 -10.6762 0.163042 -0.980206 0.112306
-49.5287 56.5637 -11.0004 0.164739 -0.979539 0.115387
-49.8967 56.4642 -11.3934 0.157422 -0.982719 0.0968818
-50.2466 56.3669 -11.7587 0.174328 -0.979113 0.104627
-50.6565 56.253 -12.1365 0.157387 -0.980936 0.113988
-50.997 56.1591 -12.4998 0.151022 -0.983213 0.102391
-51.3889 56.0592 -12.8801 0.151942 -0.983302 0.100121
-51.8118 55.9511 -13.2984 0.152547 -0.983188 0.100352
-52.2917 55.8285 -13.7707 0.151737 -0.983302 0.100465
-52.6048 55.7403 -14.1784 0.155018 -0.983075 0.0976313
-53.1112 55.6134 -14.6388 0.155336 -0.982737 0.10049
-53.5003 55.5184 -14.9646 0.155839 -0.982586 0.101188
-53.8859 55.4105 -15.4183 0.155458 -0.982626 0.101382
-54.2748 55.3122 -15.7773 0.15293 -0.982978 0.101821
-54.6327 55.2172 -16.1939 0.147122 -0.985129 0.0884869
-55.1354 55.0995 -16.6588 0.161744 -0.983255 0.0837253
-55.5278 54.9999 -17.057 0.17054 -0.982115 0.0797889
-55.8913 54.9102 -17.3963 0.175726 -0.981464 0.0764793
-56.205 54.831 -17.7816 0.1709 -0.983457 0.0600483
-56.5279 54.7521 -18.1527 0.211878 -0.976567 0.0372022
-56.8158 54.7133 -17.797 0.208435 -0.975872 0.0631751
-56.9851 54.7127 -17.3021 0.1937 -0.978381 0.0724207
-57.2079 54.7051 -16.8367 0.191892 -0.977973 0.0821332
-57.4154 54.702 -16.3823 0.199404 -0.976343 0.0836168
-57.4884 54.7431 -15.7102 0.21025 -0.974496 0.0781989
-57.1556 54.8558 -15.3127 0.213959 -0.972107 0.0960664
-56.7681 54.9822 -14.9348 0.177635 -0.975671 0.128395
-56.3591 55.1032 -14.5201 0.163613 -0.979947 0.113731
-55.9729 55.2072 -14.1666 0.154359 -0.981677 0.111731
-55.6647 55.291 -13.8317 0.150845 -0.983271 0.102067
-51.6868 56.1315 -11.7452 0.156263 -0.982115 0.10503
-52.0407 56.0613 -11.8778 0.154648 -0.982711 0.101796
-51.9181 56.1069 -11.631 0.156286 -0.982162 0.104559
-51.5996 56.2004 -11.2355 0.158859 -0.98155 0.106412
-51.2725 56.2963 -10.8419 0.160027 -0.981297 0.106996
-50.8847 56.4031 -10.4425 0.160073 -0.981287 0.10702
-50.4312 56.5204 -10.0496 0.161049 -0.981078 0.107468
-50.123 56.6096 -9.6946 0.162132 -0.980989 0.106642
-49.8215 56.6882 -9.4337 0.163905 -0.980628 0.107256
-49.3512 56.8156 -8.98612 0.16286 -0.980865 0.106672
-48.8755 56.9404 -8.55421 0.160441 -0.981372 0.105672
-48.5181 57.0358 -8.19539 0.156358 -0.982253 0.103591
-48.1729 57.1303 -7.82095 0.155249 -0.982445 0.103437
-47.7921 57.239 -7.35407 0.153981 -0.982666 0.103233
-47.4545 57.3337 -6.95004 0.153191 -0.982944 0.101752
-46.9963 57.4084 -6.9161 0.152862 -0.983084 0.100895
-47.1452 57.3369 -7.38493 0.154088 -0.982901 0.1008
-47.4903 57.2442 -7.75532 0.15522 -0.982556 0.102425
-47.8815 57.1438 -8.12649 0.154171 -0.982627 0.10332
-48.2909 57.0377 -8.52006 0.156364 -0.982248 0.103635
-48.6798 56.9367 -8.88362 0.159232 -0.981556 0.105797
-49.0741 56.8324 -9.25249 0.161831 -0.981064 0.106413
-49.4395 56.7319 -9.6173 0.16393 -0.980588 0.107578
-49.8243 56.628 -9.98135 0.163328 -0.980656 0.107876
-50.2258 56.5247 -10.3188 0.160895 -0.981095 0.107539
-50.535 56.4348 -10.6772 0.161029 -0.981178 0.106582
-50.949 56.3358 -10.9635 0.160026 -0.981298 0.106988
-51.4503 56.21 -11.3701 0.158797 -0.981584 0.106193
-51.6657 56.1481 -11.6213 0.157521 -0.981888 0.105264
-49.1241 56.8707 -20.2276 0.272043 -0.962275 -0.00423855
-48.5521 57.0333 -20.2109 0.273534 -0.96186 -0.00207882
-48.0198 57.1848 -20.3094 0.275538 -0.961288 0.00157164
-47.6031 57.3045 -20.1054 0.274539 -0.961565 0.0045649
-48.0037 57.1905 -19.8215 0.277105 -0.960836 0.00260381
-48.5679 57.028 -19.8601 0.276925 -0.960886 -0.00318524
-49.146 56.863 -19.8902 0.273301 -0.96192 -0.00408724
-49.7136 56.7016 -19.8549 0.273366 -0.96189 -0.00625834
-50.2193 56.5584 -19.9354 0.273488 -0.961855 -0.00633935
-50.738 56.4095 -19.7756 0.274432 -0.961576 -0.0076607
-51.2419 56.2666 -19.8922 0.273962 -0.961698 -0.00901672
-51.6766 56.1433 -19.9312 0.273143 -0.961935 -0.00858637
-52.1541 56.0089 -20.0572 0.273168 -0.961954 -0.00484091
-52.5531 55.8943 -19.8077 0.275529 -0.961281 -0.00394704
-53.1624 55.7218 -19.8512 0.269393 -0.963029 0.00123309
-53.5326 55.6153 -19.8766 0.274319 -0.96161 0.00654562
-54.0383 55.4695 -19.7971 0.280945 -0.959613 0.0145847
-54.5267 55.3239 -19.8385 0.296818 -0.954855 0.0107488
-55.1592 55.1207 -19.9007 0.312218 -0.949895 0.0143929
-55.0657 55.1473 -20.246 0.314863 -0.94906 0.0121134
-54.5286 55.3168 -20.2951 0.291869 -0.956361 0.0136767
-54.0156 55.4711 -20.2598 0.284104 -0.958753 0.008512
-53.3795 55.6576 -20.2465 0.277241 -0.96079 0.00451757
-52.8956 55.7961 -20.0812 0.27364 -0.961819 -0.000914648
-52.1427 56.013 -20.2296 0.274209 -0.961639 -0.00725707
-51.6198 56.1625 -20.257 0.273494 -0.961828 -0.00935236
-51.0363 56.3277 -20.1867 0.273128 -0.961943 -0.00815421
-50.4025 56.5081 -20.2109 0.273194 -0.961936 -0.00667513
-50.3681 56.518 -20.2189 0.273527 -0.961843 -0.00634219
-49.9076 56.6491 -20.2596 0.273071 -0.961975 -0.00605654
-49.4258 56.7858 -20.2668 0.272353 -0.962182 -0.00546455
-49.2295 56.8411 -20.2447 0.271361 -0.962465 -0.0049403
-49.2292 56.8438 -20.7514 0.269432 -0.962998 -0.00642789
-49.7926 56.6846 -20.7283 0.27234 -0.962177 -0.00684252
-50.2907 56.5431 -20.7333 0.272874 -0.962038 -0.0046897
-50.8916 56.3731 -20.6762 0.270428 -0.962704 -0.0083222
-51.6333 56.1636 -20.7354 0.273767 -0.961697 -0.0134305
-52.1703 56.0093 -20.7261 0.277957 -0.960574 -0.00615434
-52.7137 55.8514 -20.6302 0.277894 -0.960592 -0.00613187
-53.2312 55.6997 -20.6932 0.281707 -0.959498 -0.00213532
-53.7372 55.5498 -20.7546 0.284459 -0.958682 0.00350633
-54.2568 55.3945 -20.7555 0.286946 -0.957873 0.0117459
-54.7555 55.244 -20.7225 0.288948 -0.957334 0.00459247
-55.379 55.0434 -20.7452 0.323108 -0.946362 0.00109606
-55.7187 54.9212 -20.4632 0.347065 -0.937801 -0.00872187
-55.7114 54.9304 -19.9236 0.344325 -0.938459 0.0261025
-55.7327 54.9436 -19.3682 0.326706 -0.944444 0.0351443
-55.2491 55.1072 -19.3502 0.307123 -0.951174 0.0300678
-54.5743 55.3189 -19.3322 0.290379 -0.956743 0.0179831
-53.9951 55.4897 -19.3359 0.279409 -0.959993 0.0183346
-53.4722 55.6368 -19.3689 0.267731 -0.963469 0.0068704
-52.9292 55.7878 -19.3737 0.269439 -0.963015 0.00218389
-52.437 55.9236 -19.3348 0.270684 -0.962634 -0.00813018
-51.7619 56.1143 -19.4254 0.271199 -0.962455 -0.0115086
-51.0029 56.3297 -19.3342 0.275173 -0.961343 -0.010006
-50.4265 56.496 -19.3574 0.274091 -0.96169 -0.00505516
-49.9273 56.6378 -19.3656 0.273163 -0.961952 -0.00548515
-49.3463 56.803 -19.3911 0.274138 -0.961668 -0.00657363
-48.8578 56.9432 -19.4308 0.275542 -0.961282 -0.00369028
-48.343 57.0919 -19.3395 0.282714 -0.959204 -0.000686929
-47.6572 57.2935 -19.366 0.281446 -0.959531 0.00944928
-47.2366 57.4142 -19.5588 0.277605 -0.960655 0.0087591
-47.1209 57.4413 -20.1493 0.270929 -0.962562 0.00831889
-47.1692 57.4242 -20.6496 0.270418 -0.962711 0.00780493
-47.7027 57.2727 -20.7912 0.269466 -0.962972 0.00829507
-48.1919 57.1354 -20.7443 0.269754 -0.962925 0.00251373
-48.7626 56.9746 -20.6734 0.270273 -0.962782 -0.0019199
-49.0847 56.8841 -20.735 0.270192 -0.96279 -0.00543793
-49.0799 56.8873 -21.2451 0.265779 -0.964016 -0.00591471
-48.5157 57.0441 -21.1712 0.266163 -0.963918 0.000332654
-47.9573 57.1987 -21.2692 0.263571 -0.964614 0.00668446
-47.3825 57.3583 -21.2441 0.272226 -0.962124 0.0135407
-46.8773 57.5033 -21.1973 0.272605 -0.962126 -0.000396834
-46.6577 57.5645 -20.7513 0.261839 -0.965095 0.00396146
-46.6497 57.5714 -20.1885 0.262104 -0.964976 0.0107816
-46.7201 57.5619 -19.5509 0.277513 -0.96062 0.0139534
-46.7951 57.5475 -19.043 0.275758 -0.961117 0.014545
-47.2863 57.4076 -18.8439 0.284279 -0.958667 0.0119537
-47.8963 57.2261 -18.8554 0.28792 -0.957621 0.00745173
-48.395 57.0752 -18.8426 0.288791 -0.957365 -0.00189937
-48.9277 56.9194 -18.908 0.277281 -0.960765 -0.00662108
-49.619 56.7224 -18.8653 0.271429 -0.96244 -0.00581705
-50.1493 56.5722 -18.9043 0.273404 -0.961884 -0.005445
-50.6887 56.4203 -18.8709 0.28046 -0.959849 0.00569953
-51.2713 56.2475 -18.8797 0.282416 -0.959224 -0.00709559
-51.8075 56.0954 -18.8882 0.26924 -0.962968 -0.0142084
-52.3583 55.941 -18.8829 0.261381 -0.965016 -0.0181927
-53.0512 55.7546 -18.8817 0.255742 -0.966717 -0.00388
-53.6203 55.602 -18.873 0.259785 -0.96553 0.0162182
-54.1812 55.4486 -18.8348 0.273865 -0.961351 0.0283111
-54.7718 55.2751 -18.8653 0.290896 -0.95543 0.0503317
-55.3072 55.1076 -18.8471 0.313288 -0.948786 0.0406268
-55.9488 54.8939 -18.8716 0.316564 -0.947961 0.0339576
-56.4149 54.7355 -18.9516 0.34231 -0.934179 0.0924022
-56.2606 54.7333 -19.5621 0.376925 -0.923659 0.0677941
-56.1239 54.7599 -20.0973 0.400036 -0.915683 0.038662
-56.2109 54.7338 -20.6166 0.382747 -0.923626 -0.0204716
-56.1172 54.7945 -21.1827 0.360013 -0.931899 -0.0442103
-55.6378 54.9694 -21.2327 0.314009 -0.947794 -0.0553985
-55.1201 55.132 -21.2139 0.291981 -0.956397 -0.00569798
-54.6264 55.2786 -21.2517 0.283745 -0.958866 0.00674769
-53.9774 55.4729 -21.2459 0.29024 -0.95684 0.0147814
-53.3661 55.6606 -21.212 0.286078 -0.958133 -0.0118763
-52.7582 55.8396 -21.17 0.282051 -0.959399 6.02547e-05
-52.1958 56.0083 -21.2297 0.280553 -0.959652 -0.0189081
-51.7059 56.1512 -21.2162 0.281308 -0.959485 -0.0155594
-51.0304 56.3389 -21.1986 0.261192 -0.965053 -0.0186802
-50.4631 56.4958 -21.213 0.272671 -0.962086 -0.000408487
-49.9196 56.6521 -21.2367 0.274349 -0.961604 -0.00713231
-49.2944 56.8282 -21.2374 0.262727 -0.964806 -0.00988261
-49.1821 56.8592 -21.2458 0.265779 -0.964016 -0.00591734
-52.0443 56.0356 -12.1208 0.154356 -0.982773 0.101647
-52.3638 55.9459 -12.5061 0.154079 -0.982938 0.100461
-52.7677 55.848 -12.8486 0.153444 -0.983107 0.0997764
-53.1162 55.7535 -13.2444 0.154571 -0.982949 0.0995977
-53.5077 55.6891 -13.2711 0.154821 -0.982917 0.0995194
-53.3001 55.755 -12.945 0.154102 -0.982943 0.100374
-52.949 55.8539 -12.5123 0.153845 -0.983029 0.0999264
-52.5206 55.9375 -12.348 0.153745 -0.983006 0.100312
-52.3121 56.0014 -12.0443 0.154356 -0.982773 0.101647
