58.2465 52.6397 -20.1378 0.0725823 -0.997285 0.0124167
57.9033 52.6143 -19.8574 0.084725 -0.996316 0.0132402
57.3716 52.5672 -19.8243 0.0946672 -0.995423 0.0130597
57.3638 52.5628 -20.2096 0.0949662 -0.995444 0.00844818
57.9504 52.6146 -20.2526 0.083081 -0.996533 0.00439235
57.9234 52.6116 -20.7239 0.0740714 -0.997215 -0.00872568
58.4316 52.6478 -20.7152 0.0660554 -0.997709 0.014518
58.7249 52.6724 -20.3079 0.0715651 -0.997382 0.0100341
58.782 52.6827 -19.8166 0.0737239 -0.997167 0.0146772
58.4989 52.6681 -19.4326 0.0735369 -0.997087 0.0200166
58.0183 52.6315 -19.397 0.0885088 -0.995758 0.0251511
57.503 52.5883 -19.286 0.096602 -0.994914 0.028405
56.9025 52.5233 -19.3701 0.114246 -0.993438 0.00541629
56.7198 52.4989 -19.8008 0.109291 -0.993959 0.0095892
56.7803 52.5014 -20.421 0.111062 -0.993738 0.0111751
57.1752 52.5457 -20.7001 0.109343 -0.993873 -0.00916454
57.6105 52.5883 -20.7229 0.074071 -0.997215 -0.00872554
57.5961 52.5977 -21.1897 0.0714301 -0.995955 -0.0545111
57.0324 52.5303 -21.2076 0.122855 -0.99226 -0.0180897
56.533 52.4655 -21.2016 0.134502 -0.990912 0.00190406
56.2783 52.4341 -20.8843 0.12942 -0.991541 0.00982373
56.2486 52.4425 -20.3242 0.110581 -0.993673 0.0191641
56.2288 52.4432 -19.8097 0.116703 -0.993154 -0.00499818
56.2516 52.4431 -19.3182 0.128947 -0.991651 0.00097811
56.4078 52.4686 -18.8659 0.157904 -0.987435 -0.000370933
56.951 52.5423 -18.8622 0.132638 -0.990633 0.0324448
57.5501 52.6049 -18.8396 0.0891072 -0.995522 0.0308984
58.04 52.6479 -18.8884 0.0832432 -0.995963 0.0324737
58.5593 52.6842 -18.8855 0.0677759 -0.997454 0.021182
59.0845 52.7231 -18.9057 0.0670214 -0.997197 0.0332638
59.2559 52.7192 -19.3594 0.0551934 -0.99827 0.020248
59.2793 52.7169 -19.893 0.0688755 -0.997624 0.00150462
59.2379 52.7082 -20.3656 0.0701046 -0.997393 0.0171244
59.2292 52.6968 -20.8595 0.0647532 -0.997502 0.0277497
58.8488 52.662 -21.2459 0.0679557 -0.997371 0.0251663
58.3274 52.6359 -21.2255 0.0451763 -0.998823 0.0176522
57.7038 52.6053 -21.1869 0.0714298 -0.995955 -0.0545115
