-58.8882 55.1626 -17.8496 0.138644 -0.986976 0.0815572
-58.8839 55.0948 -18.7853 0.112272 -0.991394 0.0673332
-58.16 55.1741 -19.2008 0.165472 -0.984603 0.056355
-58.0178 55.2494 -18.4382 0.171458 -0.98259 0.0715437
-58.2984 55.2704 -17.5411 0.159585 -0.984935 0.0664791
-58.8689 55.1812 -17.6237 0.12721 -0.989092 0.0721523
-59.7795 55.083 -17.6667 0.0970056 -0.993584 0.0572759
-59.7881 55.1259 -16.6934 0.0937415 -0.995358 0.0197892
-59.78 55.1342 -15.7445 0.0955453 -0.995411 -0.00532841
-59.7662 55.109 -14.7049 0.0864481 -0.995673 -0.0340619
-59.8275 55.0572 -13.6597 0.0700808 -0.996369 -0.048341
-59.6954 55.1055 -14.48 0.0844172 -0.995467 -0.0438004
-59.5683 55.1495 -15.4077 0.101568 -0.994589 -0.0218386
-59.0567 55.2179 -16.2145 0.135665 -0.990739 0.00562182
-58.2705 55.323 -16.7047 0.160409 -0.986056 0.0441368
-57.3403 55.4899 -16.6903 0.181599 -0.981294 0.0638773
-56.5211 55.6599 -16.4169 0.170951 -0.982205 0.0777734
-57.0509 55.5131 -17.1496 0.178035 -0.981867 0.0651145
-57.2198 55.4169 -18.1556 0.200588 -0.978213 0.0534096
-56.8599 55.4451 -19.2557 0.236011 -0.971047 0.0364339
-56.1136 55.6364 -19.7517 0.278736 -0.960271 0.0136072
-55.8402 55.7139 -20.0607 0.285693 -0.958274 0.00857359
-56.7596 55.4439 -19.9737 0.276006 -0.960808 0.0257873
-57.7899 55.1918 -20.0545 0.211152 -0.975789 0.055102
-58.7207 55.0412 -20.104 0.113073 -0.991909 0.0577102
-59.7178 54.95 -19.9068 0.0809421 -0.995458 0.0501175
-59.7614 55.0053 -18.8992 0.0800954 -0.994886 0.0614775
-59.7877 55.0676 -17.8828 0.0953524 -0.993175 0.0671697
-60.7437 54.9891 -17.8812 0.0671942 -0.996066 0.0577793
-60.6895 54.9348 -18.8326 0.0763388 -0.995613 0.0540925
-60.6585 54.8829 -19.8424 0.0655918 -0.996528 0.0512857
-60.6293 54.8491 -20.8365 0.0443282 -0.998284 0.0382661
-59.5328 54.9045 -21.031 0.0724671 -0.995893 0.0536828
-58.5477 55.0083 -20.9966 0.13436 -0.988796 0.0650302
-57.6202 55.1685 -21.001 0.231695 -0.970616 0.0602475
-56.6562 55.4438 -20.9808 0.321266 -0.946271 0.0368636
-55.7214 55.7447 -21.0171 0.289955 -0.956956 -0.00759621
-54.8256 56.0024 -20.9606 0.27608 -0.961029 0.014247
-53.8296 56.2939 -20.9783 0.283324 -0.959022 0.00189456
-52.7946 56.5966 -20.9803 0.273903 -0.961747 -0.00440167
-51.8106 56.8763 -20.9524 0.272784 -0.962058 -0.00550936
-50.8918 57.1442 -21.0351 0.280437 -0.959825 -0.00959831
-49.9727 57.4064 -21.023 0.270553 -0.962668 -0.00801806
-49.5704 57.5151 -20.143 0.271523 -0.962428 -0.00282149
-49.7322 57.4647 -19.1413 0.283918 -0.958818 -0.00770519
-50.6565 57.1951 -19.0478 0.27746 -0.960709 -0.00738344
-51.5661 56.9319 -19.0832 0.278601 -0.960379 -0.00732402
-52.5 56.6664 -19.0632 0.273502 -0.961781 -0.0131227
-53.5108 56.3923 -19.1216 0.262222 -0.964995 0.00489212
-54.4893 56.1212 -19.0899 0.273823 -0.961632 0.0159865
-55.4489 55.8362 -19.0242 0.292974 -0.956112 0.00392445
-56.2476 55.6122 -18.6596 0.237658 -0.971188 0.0177043
-56.2738 55.6213 -17.6883 0.168232 -0.984678 0.0446711
-55.7762 55.7483 -16.9143 0.162505 -0.984332 0.0678588
-54.9308 55.9505 -16.0878 0.157142 -0.983924 0.0846372
-54.2155 56.1314 -15.3559 0.153661 -0.983383 0.0966734
-53.5499 56.3091 -14.6546 0.157232 -0.982327 0.101544
-52.824 56.4957 -13.9743 0.155766 -0.982517 0.101961
-52.067 56.6884 -13.2715 0.158099 -0.982813 0.0953064
-51.3822 56.8617 -12.5854 0.149206 -0.983564 0.101681
-50.71 57.0382 -11.9245 0.155191 -0.981947 0.108146
-49.9993 57.23 -11.2303 0.160739 -0.980601 0.112158
-49.3173 57.416 -10.6038 0.165622 -0.980288 0.107727
-49.1797 57.5312 -9.76837 0.164673 -0.980427 0.107916
-49.714 57.5388 -8.88029 0.165514 -0.980464 0.10628
-50.4182 57.4188 -8.89652 0.161796 -0.981344 0.103855
-51.1124 57.237 -9.54761 0.157034 -0.981778 0.107015
-51.826 57.0379 -10.2955 0.162512 -0.980536 0.110175
-52.571 56.8304 -11.089 0.159877 -0.981745 0.103031
-53.2365 56.6558 -11.7573 0.154735 -0.982927 0.0995529
-53.9398 56.4761 -12.4416 0.153975 -0.982791 0.102045
-54.6649 56.2873 -13.1444 0.155312 -0.982544 0.102401
-55.3661 56.0992 -13.8586 0.159706 -0.98148 0.105793
-55.9957 55.9232 -14.5553 0.166497 -0.98095 0.100005
-56.7054 55.7324 -15.2116 0.182229 -0.977607 0.104456
-57.4636 55.5267 -15.8023 0.215124 -0.973259 0.080552
-58.3273 55.3231 -15.7354 0.193303 -0.979371 -0.0443558
-58.7836 55.2081 -14.8681 0.0974711 -0.993465 -0.0592276
-58.7232 55.1422 -13.7658 0.067683 -0.995656 -0.0638633
-58.6855 55.0795 -12.709 0.0567623 -0.996999 -0.052606
-58.6635 55.0326 -11.7448 0.0584441 -0.997143 -0.047865
-58.6669 54.9849 -10.8014 0.0587226 -0.99696 -0.0512014
-58.656 54.9253 -9.64494 0.058382 -0.996913 -0.052502
-58.6377 54.8686 -8.55823 0.0566323 -0.997068 -0.051454
-58.61 54.8235 -7.61929 0.0567178 -0.99729 -0.046852
-58.6174 54.7787 -6.61774 0.0590602 -0.997388 -0.0415744
-58.613 54.7339 -5.56883 0.0611959 -0.997203 -0.0429161
-58.627 54.6866 -4.48613 0.0620561 -0.997115 -0.0437176
-59.0068 54.6832 -4.95437 0.0619394 -0.997162 -0.042789
-59.5636 54.6816 -5.7136 0.0617086 -0.997128 -0.0439018
-60.1927 54.679 -6.52357 0.0617397 -0.997083 -0.0448763
-60.555 54.7036 -7.51749 0.0605085 -0.996894 -0.050381
-60.61 54.7517 -8.53285 0.060814 -0.996845 -0.0510148
-60.6087 54.8012 -9.46931 0.0581403 -0.996913 -0.052767
-60.6354 54.8486 -10.4093 0.0584948 -0.996965 -0.0513646
-60.6765 54.894 -11.3552 0.058268 -0.997119 -0.0485652
-60.7015 54.9384 -12.3227 0.0590643 -0.997207 -0.0457225
-60.7168 54.98 -13.268 0.0630431 -0.997079 -0.0431151
-60.7303 55.0217 -14.3673 0.0660814 -0.997324 -0.0312595
-60.7435 55.0464 -15.4039 0.0728452 -0.997279 -0.0112191
-60.7223 55.0457 -16.5232 0.0833997 -0.996362 0.0175134
-60.7336 55.0137 -17.4622 0.0651811 -0.996844 0.0449668
-60.7472 55 -17.6896 0.0671992 -0.996065 0.0577869
-59.7973 55.0088 -12.6419 0.0619892 -0.996934 -0.047754
-59.7229 54.9644 -11.6422 0.0594433 -0.997035 -0.0488724
-59.5877 54.9983 -12.1649 0.0604696 -0.996969 -0.048946
-59.5918 55.0461 -13.1181 0.0662052 -0.996448 -0.0519845
-59.7997 55.0486 -13.444 0.068739 -0.996379 -0.0500165
-59.8054 55.0161 -12.7975 0.0636168 -0.996719 -0.0500326
-59.744 54.8441 -9.32063 0.0586945 -0.996889 -0.0526111
-59.7022 54.7951 -8.32728 0.0587511 -0.99696 -0.0511814
-59.6482 54.8473 -9.27487 0.0588904 -0.9969 -0.0521721
-59.7172 54.88 -9.97281 0.0585734 -0.996913 -0.052292
-59.7046 54.8547 -9.4785 0.0586993 -0.996889 -0.0525995
-50.7508 57.168 -10.6957 0.159307 -0.981213 0.108824
-51.4199 56.9827 -11.4015 0.157598 -0.981713 0.106778
-51.1337 57.0843 -10.8927 0.157591 -0.981586 0.107956
-50.5254 57.2601 -10.1991 0.160453 -0.981054 0.10857
-50.4166 57.2545 -10.4102 0.160765 -0.980935 0.109189
-50.6618 57.1923 -10.6074 0.160073 -0.981043 0.109231
