25.0228 2.25831 7.92468 0.535946 0.844239 -0.00481781
25.6242 1.88299 8.8355 0.529772 0.848124 -0.00517812
25.9885 1.65947 9.95834 0.531315 0.847173 -0.00158505
26.2403 1.50094 11.0348 0.532356 0.846515 0.0031643
26.4297 1.37699 12.2383 0.531852 0.846826 0.00432794
26.4969 1.32887 13.3011 0.53543 0.844569 0.00424007
26.5496 1.2887 14.4759 0.536675 0.843769 0.00578316
26.2179 1.49321 15.4766 0.537339 0.843347 0.00566057
25.701 1.81658 16.2782 0.538117 0.842843 0.00663298
24.8839 2.33541 16.9296 0.53996 0.84167 0.00586341
24.1412 2.809 17.4422 0.541188 0.84088 0.00604004
23.2011 3.41303 17.8508 0.5433 0.839522 0.0052023
22.1864 4.07121 18.245 0.549247 0.835643 0.00336548
21.1494 4.76116 18.3737 0.557837 0.829928 0.00620611
20.1674 5.42494 18.5268 0.563729 0.825945 0.00486641
19.1687 6.1154 18.713 0.580057 0.81453 0.00870534
18.3177 6.7224 18.7763 0.584662 0.811239 0.00749099
17.4659 7.33917 18.777 0.590943 0.806671 0.0047504
16.344 8.18049 18.783 0.607901 0.793959 0.000983496
15.4666 8.87375 18.807 0.622678 0.782456 0.00579583
14.4099 9.7305 18.8174 0.639508 0.768654 0.0125731
13.652 10.3739 18.7975 0.657977 0.752957 0.00120654
12.6054 11.3366 18.7265 0.696852 0.717209 0.00299911
11.7394 12.1974 18.6319 0.727385 0.686191 0.00699266
10.984 13.0116 18.6123 0.742284 0.67008 0.00262094
10.27 13.8245 18.5491 0.765841 0.64286 -0.00170686
9.6374 14.6232 18.5676 0.799336 0.600827 -0.00831545
9.02436 15.4686 18.6199 0.816011 0.577578 -0.0230212
8.40477 16.3558 18.5321 0.824076 0.565806 -0.0276014
7.65323 17.4527 18.3803 0.825598 0.562781 -0.0394283
7.30088 17.8889 17.5027 0.820498 0.569985 -0.0433946
7.16264 17.9989 16.4523 0.815826 0.57601 -0.0513825
7.09537 17.9763 15.1147 0.797932 0.601107 -0.0444473
6.99726 18.03 14.0228 0.796165 0.604093 -0.0345363
6.93169 18.0758 12.9662 0.792773 0.609331 -0.00806843
6.80887 18.2452 11.9507 0.791318 0.611054 0.0207066
6.50087 18.6909 10.9991 0.809195 0.586449 0.0357754
5.96574 19.4561 10.3148 0.786206 0.613661 0.0727988
5.33967 20.2553 10.0757 0.771313 0.63326 0.0636336
4.54597 20.9432 10.1749 0.640049 0.76791 -0.0255219
3.80672 21.4763 10.2531 0.502523 0.863915 -0.0334769
3.68052 21.5923 8.98103 0.496096 0.866474 0.0557777
3.73502 21.6418 7.83984 0.496495 0.865672 0.0640727
3.98006 21.6314 6.6722 0.56046 0.817389 0.133265
4.85841 21.0377 6.48782 0.661248 0.744968 0.057886
5.7135 20.2137 5.92054 0.731992 0.67925 0.0529816
6.31601 19.6181 4.89886 0.797475 0.596802 0.0850178
6.62331 19.2726 3.95812 0.830451 0.555344 0.0398146
6.72872 19.1338 2.77 0.818625 0.573567 -0.026703
6.6561 19.1686 1.7408 0.812159 0.580605 -0.0536515
6.40484 19.4203 0.782299 0.799583 0.598709 -0.0470533
5.96956 19.8389 -0.0624955 0.741049 0.661441 -0.106228
5.34589 20.2992 -0.895975 0.589237 0.7861 -0.179277
4.19976 20.949 -1.50203 0.547242 0.829136 -0.114266
3.6914 21.0847 -2.6633 0.438823 0.892037 -0.107999
3.68725 20.9434 -4.06038 0.437513 0.896259 -0.0695931
3.6243 20.8565 -5.32007 0.536151 0.839779 -0.0656523
3.55416 20.6869 -6.613 0.52099 0.834906 -0.177186
3.56649 20.4445 -7.7797 0.516288 0.83971 -0.168321
3.61034 20.1827 -9.04863 0.516433 0.848862 -0.109016
3.6052 20.0832 -10.093 0.514933 0.854899 -0.0548816
3.55252 20.0589 -11.1627 0.541033 0.838991 -0.0581188
3.52814 19.9632 -12.2717 0.605698 0.782574 -0.143901
3.49993 19.7986 -13.3252 0.573006 0.810231 -0.123243
3.53877 19.5297 -14.8382 0.626721 0.770374 -0.117237
3.54915 19.3883 -15.8441 0.624817 0.778795 -0.0555067
4.03736 18.9384 -16.661 0.661434 0.745101 -0.0684579
4.33708 18.5728 -17.6165 0.695021 0.718593 -0.0238784
4.63829 18.1892 -18.4667 0.7337 0.676197 -0.0646972
5.27959 17.4527 -18.5741 0.750399 0.656524 -0.0766613
5.94507 16.6893 -18.4634 0.761827 0.643012 -0.0784575
6.72397 15.7679 -18.5538 0.753101 0.653423 -0.076664
7.48137 14.8974 -18.6574 0.741408 0.667398 -0.0699629
8.24228 14.0897 -18.6192 0.718948 0.691941 -0.0658122
8.96302 13.358 -18.5486 0.712862 0.69774 -0.0706141
9.7823 12.5772 -18.4264 0.678605 0.729491 -0.0856675
10.6809 11.7905 -18.2551 0.651749 0.755496 -0.066701
11.5032 11.0809 -18.1816 0.659107 0.7491 -0.0665425
12.2842 10.4324 -18.0488 0.630915 0.77229 -0.0742587
13.1215 9.78556 -17.8937 0.609519 0.790197 -0.0638354
13.9057 9.18893 -17.7667 0.606088 0.793247 -0.0577483
14.9239 8.43829 -17.6018 0.595447 0.801526 -0.0547636
15.8882 7.73614 -17.4777 0.589358 0.806014 -0.054759
16.8428 7.05843 -17.3321 0.578623 0.813924 -0.0521174
17.9165 6.30907 -17.13 0.575809 0.816034 -0.0503156
18.9693 5.58862 -16.9004 0.566465 0.822996 -0.0423641
19.9223 4.94319 -16.7486 0.56292 0.825384 -0.0431532
20.7253 4.40818 -16.671 0.551044 0.833646 -0.037223
21.6228 3.81551 -16.5976 0.554176 0.831548 -0.0376422
22.573 3.19517 -16.3994 0.548891 0.835089 -0.0366801
23.478 2.60604 -16.3137 0.546429 0.836852 -0.0330791
24.3226 2.05896 -16.17 0.54608 0.837156 -0.0309772
25.2741 1.46114 -15.5594 0.545868 0.8373 -0.0309299
25.5887 1.29739 -14.487 0.547807 0.835938 -0.0333949
25.434 1.4323 -13.6555 0.548129 0.835612 -0.0361277
24.5699 1.97695 -14.1878 0.548773 0.835182 -0.03631
23.5748 2.60292 -14.858 0.549059 0.835032 -0.0354435
22.5122 3.2748 -15.4969 0.549135 0.834941 -0.0363939
21.3953 3.99642 -15.9513 0.553952 0.831683 -0.0379579
20.3706 4.66966 -16.1461 0.555308 0.830491 -0.0437855
19.4601 5.27261 -16.4769 0.564692 0.82419 -0.0427588
18.3808 6.03434 -16.2736 0.572092 0.818603 -0.0509918
17.3048 6.81367 -15.9713 0.574962 0.816439 -0.0532692
16.4068 7.48491 -15.5464 0.586029 0.808011 -0.0607276
15.5791 8.13465 -14.961 0.598954 0.79803 -0.0653991
14.9012 8.71887 -14.205 0.611629 0.78865 -0.0622508
14.4567 9.1432 -13.3099 0.617607 0.784006 -0.0623728
14.1135 9.53503 -12.0818 0.633173 0.76953 -0.0827045
13.9305 9.81789 -10.6465 0.645961 0.760043 -0.070873
14.0317 9.8629 -9.2455 0.644348 0.762329 -0.0590883
14.2557 9.79668 -7.78527 0.661182 0.747687 -0.0602901
14.3677 9.78568 -6.39182 0.660638 0.749289 -0.0457663
14.5771 9.66731 -5.17871 0.663173 0.747724 -0.0333191
14.7775 9.54897 -3.80791 0.666142 0.74498 -0.0351454
15.0479 9.35381 -2.54549 0.664289 0.747208 -0.0176564
15.355 9.10564 -1.43044 0.657742 0.753161 -0.0101758
15.7575 8.76624 -0.414599 0.642362 0.766329 -0.00917966
16.2374 8.3765 0.648262 0.631243 0.775529 -0.00763645
16.6971 8.00552 1.4884 0.628518 0.777793 -0.00142424
17.2555 7.57259 2.34036 0.608207 0.79376 -0.00461441
18.1454 6.90488 3.15568 0.595031 0.803683 -0.00519783
18.8936 6.35579 3.63039 0.586714 0.809761 -0.00352937
20.0744 5.52351 4.16546 0.571219 0.820782 -0.00155511
21.216 4.73853 4.65643 0.563602 0.826038 -0.000430162
22.0645 4.16967 5.17283 0.55493 0.831891 -0.00319031
23.0659 3.51286 5.86049 0.54675 0.837295 -0.00134768
23.863 2.99577 6.52296 0.5422 0.840244 -0.00312654
24.5016 2.58633 7.28484 0.540237 0.841505 -0.0027137
24.9557 2.30044 7.84296 0.536178 0.844088 -0.00531076
25.503 1.94736 7.08676 0.533023 0.846072 -0.00573723
24.7453 2.42441 6.11983 0.539413 0.842004 -0.00792207
23.933 2.94508 5.34766 0.544264 0.83889 -0.00628066
23.0154 3.5377 4.69449 0.549294 0.835606 -0.00443534
22.036 4.18416 4.03236 0.553479 0.832839 -0.00620591
21.1562 4.77776 3.58854 0.563273 0.826269 -0.00203426
20.351 5.33022 3.22356 0.569997 0.821646 -0.00113042
19.4322 5.97158 2.85278 0.580268 0.814421 -0.000960031
18.4167 6.69939 2.19389 0.58782 0.808992 -0.000106525
17.6794 7.24232 1.48609 0.60608 0.795395 -0.0035983
17.1782 7.62514 0.712577 0.610497 0.792015 0.00242868
16.7466 7.95326 -0.127787 0.623328 0.781922 -0.00776472
16.352 8.26081 -1.03111 0.633095 0.77404 -0.00724617
15.9714 8.56927 -2.03914 0.651504 0.75859 -0.00820069
15.6854 8.78141 -3.24908 0.652463 0.75749 -0.022348
15.444 8.94427 -4.52195 0.652915 0.756784 -0.0311463
15.2101 9.09196 -5.68693 0.657438 0.752464 -0.0393668
15.0973 9.12839 -6.74277 0.656818 0.752475 -0.0485437
15.0079 9.14512 -7.82797 0.637773 0.768524 -0.0499081
14.8665 9.17083 -9.02921 0.629476 0.775188 -0.0533254
14.6921 9.22635 -10.2085 0.633455 0.771315 -0.0617038
14.7535 9.0775 -11.3638 0.629361 0.774252 -0.0664655
14.992 8.79522 -12.3837 0.624747 0.776716 -0.0800262
15.603 8.21834 -13.7376 0.604979 0.793943 -0.0604515
16.5653 7.44458 -14.5211 0.590181 0.8056 -0.0519246
17.3257 6.86105 -14.9661 0.581902 0.811804 -0.0483994
18.2209 6.20853 -15.235 0.577561 0.815104 -0.0449627
19.2171 5.50483 -15.2931 0.571637 0.819287 -0.0445984
20.1416 4.87594 -15.1697 0.559394 0.827693 -0.0447566
20.9921 4.30983 -15.0493 0.55925 0.828054 -0.0395701
22.0116 3.64165 -14.7178 0.553496 0.832031 -0.0369715
22.7962 3.13892 -14.2849 0.553446 0.831984 -0.0386847
23.6461 2.60519 -13.7003 0.549059 0.835032 -0.0354421
24.432 2.11128 -13.1824 0.549221 0.834843 -0.0373109
25.2784 1.58497 -12.4929 0.548745 0.835155 -0.0373549
26.1077 1.06853 -11.8986 0.546802 0.836452 -0.0368328
26.4942 0.795367 -12.3611 0.547031 0.836279 -0.0373346
26.4409 0.770146 -13.7364 0.548096 0.835673 -0.0352312
26.2924 0.818705 -14.9821 0.545735 0.837412 -0.0302577
26.0283 0.951302 -16.0629 0.54531 0.837662 -0.0309711
25.3826 1.3448 -16.8681 0.54568 0.837554 -0.0271361
24.4357 1.95092 -17.1923 0.545381 0.837804 -0.0253948
23.4088 2.61403 -17.3589 0.54502 0.838038 -0.025404
22.4135 3.26002 -17.4803 0.547972 0.835972 -0.029617
21.5281 3.83698 -17.6462 0.551479 0.833579 -0.031864
20.516 4.49986 -17.7946 0.551386 0.833592 -0.0331219
19.559 5.13484 -17.8951 0.560235 0.827613 -0.0338973
18.5133 5.84798 -18.0474 0.568488 0.821787 -0.0385596
17.475 6.55209 -18.2664 0.569308 0.82062 -0.0494915
16.4367 7.27368 -18.4376 0.577191 0.815149 -0.0487883
15.3624 8.04663 -18.5414 0.592371 0.803686 -0.0562443
14.4863 8.69509 -18.6725 0.600635 0.79808 -0.0480045
13.5315 9.405 -18.8009 0.604224 0.795278 -0.0491567
12.7011 10.0345 -18.9342 0.611184 0.790202 -0.0446621
11.6176 10.905 -19.174 0.649665 0.758595 -0.0496907
10.8605 11.5501 -19.2508 0.655493 0.752745 -0.060855
10.0634 12.2326 -19.3951 0.665091 0.743979 -0.0630626
9.3086 12.9229 -19.5683 0.682392 0.728924 -0.0548804
8.34478 13.8905 -19.59 0.713935 0.697245 -0.0643842
7.62115 14.6319 -19.6444 0.714835 0.695639 -0.0713934
6.91501 15.4315 -19.611 0.759268 0.6476 -0.0642396
6.17968 16.3072 -19.4848 0.759757 0.646707 -0.0673651
5.47936 17.1237 -19.5229 0.758665 0.647846 -0.0687198
4.78699 17.9207 -19.5538 0.742018 0.66725 -0.0635846
3.98219 18.7635 -19.462 0.705175 0.705842 -0.0672002
3.77832 19.0366 -18.6057 0.687055 0.724218 -0.0587985
3.61617 19.2303 -17.5863 0.633166 0.7737 -0.022108
2.8671 19.8891 -16.5515 0.597546 0.799268 -0.0515228
2.57112 20.1531 -15.6464 0.578709 0.815475 0.00984537
2.70013 20.1809 -14.3894 0.551377 0.827842 -0.101421
2.67297 20.4053 -13.1603 0.537975 0.830666 -0.142671
2.7555 20.5614 -12.1571 0.50719 0.851743 -0.131301
2.71259 20.6021 -11.0739 0.492523 0.868596 0.0521444
2.78258 20.6012 -9.7423 0.514933 0.854899 -0.0548816
2.74423 20.8195 -8.37819 0.409598 0.904249 -0.120622
2.71375 21.0413 -7.31316 0.365148 0.917713 -0.141408
2.75785 21.2308 -6.08174 0.338006 0.926997 -0.162567
2.81144 21.3608 -4.98842 0.6061 0.79499 -0.0251504
2.83654 21.4053 -3.46103 0.437516 0.896258 -0.0695929
2.80502 21.5938 -2.0595 0.438823 0.892037 -0.107999
3.2575 21.5574 -0.644429 0.424501 0.891771 -0.151792
4.36426 21.0949 -0.48698 0.479544 0.849192 -0.200169
5.20511 20.6092 0.186025 0.620489 0.768521 -0.155348
5.85701 20.139 1.09961 0.707893 0.697319 -0.112329
6.16881 19.902 2.43523 0.768551 0.636089 -0.0675389
6.12268 20.0046 3.43307 0.813639 0.581203 -0.0139418
5.82444 20.3272 4.52217 0.766536 0.637328 0.0601317
5.14044 20.8798 5.41162 0.684189 0.715907 0.131789
4.09263 21.7135 5.64998 0.558353 0.814642 0.111348
3.21299 22.146 5.42275 0.396656 0.912976 0.0955998
2.81626 22.2881 6.28886 0.416219 0.90922 0.009002
2.82619 22.2045 7.32115 0.498314 0.864337 0.0678602
2.79388 22.1355 8.4858 0.476498 0.876502 0.0640731
2.82843 22.0595 9.7341 0.469817 0.882658 0.0136483
2.89208 22.0123 10.7313 0.402844 0.914845 0.0278443
3.38985 21.7489 11.4923 0.423921 0.903264 0.0579227
4.30019 21.1483 11.2909 0.653301 0.756987 -0.012956
5.02933 20.5287 10.9964 0.678521 0.730706 0.0607174
5.72108 19.702 11.1148 0.788253 0.613225 0.0510081
6.16077 19.0836 11.817 0.79155 0.61023 0.0303213
6.3369 18.8375 12.8783 0.784523 0.620093 -0.00279497
6.40369 18.7957 13.8957 0.788235 0.613818 -0.0433985
6.49414 18.7593 14.897 0.794034 0.604005 -0.0681725
6.57524 18.7638 15.9946 0.803851 0.591137 -0.0661796
6.64585 18.7909 17.1432 0.816788 0.572759 -0.0693124
6.79439 18.6928 18.2257 0.822639 0.566019 -0.053084
6.85811 18.6682 19.2369 0.820291 0.571462 -0.0211937
7.44731 17.8156 19.4366 0.828959 0.558731 -0.0253727
8.05074 16.9184 19.4472 0.831504 0.554979 -0.0241862
8.62867 16.0695 19.5833 0.824785 0.565291 -0.0132482
9.34854 15.0421 19.5721 0.816441 0.577244 -0.0146226
10.0807 14.0721 19.5148 0.789741 0.613335 -0.0113888
10.7296 13.2913 19.5803 0.750427 0.660848 0.00181285
11.5255 12.4158 19.6224 0.726895 0.686731 0.00484864
12.4141 11.5056 19.7052 0.69614 0.7175 0.0241434
13.2113 10.7632 19.7038 0.665888 0.746012 0.00774235
14.0721 10.0074 19.8056 0.650554 0.759411 0.00865737
15.1454 9.12141 19.7901 0.62564 0.779949 0.0159581
16.0606 8.4019 19.8076 0.611073 0.791414 0.0159279
17.3528 7.42173 19.7776 0.595423 0.803412 0.000988012
18.4833 6.59502 19.7717 0.583046 0.81236 0.0113096
19.5873 5.8181 19.6761 0.568148 0.822863 0.0102096
20.6389 5.09955 19.4557 0.561243 0.827643 0.00352667
21.7171 4.37657 19.3293 0.551872 0.833908 0.0057463
22.6602 3.75752 19.1089 0.547051 0.837081 0.00555259
23.5813 3.1603 18.8275 0.543655 0.83929 0.00564016
24.7106 2.43522 18.2858 0.54192 0.840402 0.00686004
25.7904 1.74904 17.4588 0.538975 0.842265 0.00946385
26.5846 1.24913 16.8367 0.53768 0.843114 0.0077236
27.0072 0.988157 15.9257 0.53593 0.844243 0.0057324
27.2691 0.828638 14.9733 0.535711 0.844378 0.00634255
27.3568 0.782522 13.771 0.534917 0.844869 0.00772698
27.261 0.853467 12.3555 0.532666 0.84631 0.00504398
27.1662 0.922025 11.2217 0.525745 0.850622 0.00587616
26.9343 1.07007 10.1535 0.526261 0.850322 -0.000613201
26.6457 1.24612 8.98647 0.526097 0.850419 -0.00279305
26.1897 1.52359 7.83994 0.529722 0.848153 -0.00546149
25.7775 1.77775 7.35664 0.529635 0.848207 -0.00567118
26.3273 1.42774 6.61476 0.530523 0.84763 -0.00830387
25.515 1.93003 5.61074 0.535627 0.844424 -0.00700261
24.7099 2.43815 4.82655 0.540363 0.84142 -0.0045976
24.0132 2.88398 4.19647 0.544992 0.838382 -0.0100296
23.0751 3.49107 3.50404 0.550107 0.835075 -0.00566369
22.316 3.99158 3.08691 0.554138 0.832407 -0.00541501
21.3421 4.64515 2.64186 0.564468 0.825393 -0.0100796
20.4583 5.25012 2.22279 0.57041 0.821332 -0.00676271
19.6622 5.80537 1.85855 0.578038 0.816008 -0.00198278
18.8068 6.41284 1.32626 0.58901 0.808106 -0.0056484
18.1909 6.86004 0.715668 0.595108 0.803592 -0.00928512
17.6598 7.24519 -0.035073 0.595519 0.803293 -0.00878173
17.1636 7.61034 -1.10493 0.613757 0.789478 -0.00523063
16.7407 7.93411 -2.30098 0.630267 0.776224 -0.0129739
16.487 8.10913 -3.48755 0.635995 0.771435 -0.0199538
16.2795 8.24683 -4.57426 0.636702 0.770492 -0.0308691
16.0252 8.41318 -5.62789 0.635172 0.771269 -0.04063
15.8582 8.49423 -6.68793 0.620127 0.783954 -0.0293067
15.7021 8.58419 -7.70055 0.624581 0.779893 -0.0387372
15.6802 8.53362 -8.75609 0.620858 0.78222 -0.0514827
15.4876 8.60679 -9.9392 0.625994 0.777536 -0.0592346
15.4856 8.52727 -10.9756 0.614436 0.786554 -0.0614171
15.699 8.27257 -12.0707 0.608146 0.791725 -0.0576957
16.1379 7.86096 -13.0783 0.598929 0.798532 -0.0597631
17.0617 7.13748 -13.6425 0.591529 0.804361 -0.0555004
17.8119 6.56812 -14.0728 0.584182 0.80995 -0.0520855
18.9059 5.77995 -14.2768 0.574795 0.816941 -0.0470947
19.8848 5.10411 -14.2188 0.564348 0.824131 -0.0478916
20.7091 4.54636 -14.162 0.561427 0.826337 -0.0443476
21.681 3.90205 -13.876 0.55891 0.82812 -0.0427221
22.6415 3.28991 -13.2945 0.552403 0.832583 -0.040671
23.7096 2.61438 -12.5881 0.551145 0.833524 -0.0383878
24.787 1.94252 -11.7181 0.54984 0.834448 -0.037029
25.4819 1.51123 -11.128 0.548525 0.835392 -0.0352109
26.3328 0.98544 -10.4003 0.544724 0.837904 -0.0344277
27.3574 0.344 -10.0783 0.524811 0.850163 -0.0423776
27.3632 0.273218 -11.3638 0.549331 0.834266 -0.0462807
27.2414 0.299821 -12.5146 0.545236 0.83746 -0.0370826
27.2064 0.27925 -13.513 0.540874 0.839974 -0.0429442
27.167 0.254097 -14.5064 0.553812 0.831953 -0.0333793
26.95 0.361894 -15.6178 0.545895 0.837504 -0.0203345
26.7812 0.442602 -16.6118 0.545526 0.837619 -0.0282199
26.0767 0.870201 -17.5867 0.546058 0.837354 -0.0256582
25.2535 1.39135 -18.0765 0.545533 0.837695 -0.0256959
24.3797 1.95646 -18.2084 0.545951 0.837467 -0.0242174
23.3101 2.64544 -18.437 0.544727 0.838239 -0.0250266
22.3621 3.26013 -18.5384 0.546786 0.836876 -0.0257723
21.0025 4.14414 -18.7589 0.548815 0.835466 -0.0282077
19.8691 4.89064 -18.8851 0.553211 0.832625 -0.0263227
19.0396 5.44456 -19 0.565432 0.824033 -0.0354433
18.1412 6.04328 -19.2454 0.556728 0.82988 -0.0367719
17.0532 6.78052 -19.4155 0.575065 0.816787 -0.0464283
16.0934 7.45943 -19.4836 0.587318 0.808194 -0.0431063
15.2668 8.05819 -19.5882 0.590013 0.806439 -0.0392415
14.4717 8.65131 -19.6104 0.59394 0.803025 -0.0488541
13.5858 9.30492 -19.7581 0.600391 0.798003 -0.0521694
12.6113 10.0543 -19.9428 0.616976 0.785982 -0.03946
11.6064 10.8516 -20.1936 0.639051 0.768011 -0.0386185
10.8117 11.5102 -20.2719 0.647805 0.759516 -0.0580696
9.89951 12.2951 -20.4675 0.671625 0.738391 -0.058444
9.03636 13.097 -20.6146 0.685773 0.725576 -0.0570498
8.23897 13.8941 -20.6034 0.717935 0.692061 -0.0745058
7.5105 14.6538 -20.6133 0.734375 0.675883 -0.0553346
6.84617 15.4154 -20.5945 0.744832 0.663267 -0.0728203
6.12224 16.2659 -20.546 0.758249 0.648609 -0.066069
5.47865 17.0262 -20.4682 0.758599 0.648243 -0.0656304
4.71549 17.9014 -20.5277 0.750817 0.657814 -0.0596154
3.96451 18.6821 -20.5474 0.708738 0.703872 -0.0474813
3.07887 19.5322 -20.5015 0.679106 0.732957 -0.0383652
3.0017 19.6615 -19.396 0.666402 0.744589 -0.0386665
3.05182 19.6743 -18.2735 0.639828 0.768124 -0.0243595
2.30517 20.2414 -17.4144 0.571684 0.820076 -0.0216173
1.84504 20.5761 -16.3927 0.51951 0.852337 -0.0602634
1.84967 20.6456 -15.362 0.518182 0.853057 -0.0614695
1.83854 20.7281 -14.3703 0.513577 0.853232 -0.0853494
1.84032 20.8836 -13.3771 0.394773 0.917461 -0.048788
1.85697 21.0078 -12.2529 0.327009 0.942452 -0.0664472
1.82176 21.056 -11.1691 0.359944 0.932717 -0.0123385
1.87214 21.0568 -9.96602 0.440597 0.897177 -0.0272385
1.86396 21.179 -8.64368 0.344466 0.931074 -0.120189
1.85086 21.3073 -7.44107 0.268162 0.96061 -0.0703515
1.85023 21.4392 -6.34963 0.223854 0.967984 -0.113566
1.90758 21.5616 -5.26821 0.154139 0.983534 -0.0860981
1.87518 21.6583 -4.05375 0.183397 0.975067 -0.112029
1.90286 21.7724 -3.03273 0.164201 0.979323 -0.116615
1.88144 21.8909 -1.87677 0.270738 0.956216 -0.109963
1.87509 22.0516 -0.724684 0.208914 0.966153 -0.151339
1.85378 22.2327 0.291992 0.169542 0.977858 -0.117287
2.71831 22.018 0.403962 0.302726 0.925269 -0.226117
3.70393 21.6112 0.370953 0.411581 0.873818 -0.258926
4.62482 21.1934 0.611137 0.656594 0.726967 -0.201005
5.2228 20.8295 1.38027 0.681112 0.723913 -0.102087
5.54567 20.6545 2.39551 0.725338 0.68197 -0.0651411
5.52473 20.7371 3.38901 0.674617 0.738071 -0.0119229
5.1475 21.0724 4.32857 0.684188 0.715908 0.131792
4.17606 21.7314 4.67724 0.48267 0.874698 0.0439737
2.90708 22.2929 4.1844 0.350389 0.936405 -0.0192995
2.14026 22.5424 3.51543 0.195637 0.974676 -0.10287
1.84803 22.5857 3.43401 0.181605 0.974233 -0.133751
1.8719 22.6398 4.425 0.263193 0.964646 0.0137142
1.86919 22.6737 5.44126 0.222553 0.974518 -0.0116501
1.8696 22.6478 6.46533 0.341933 0.939559 -0.0176101
1.87123 22.6434 7.4787 0.361874 0.931368 0.0400106
1.87547 22.583 8.60138 0.374313 0.926519 0.0323699
1.87757 22.5233 9.67821 0.332446 0.939614 0.0812653
1.87753 22.4161 10.7974 0.327962 0.941733 0.072101
2.04778 22.2096 11.8292 0.331995 0.930875 0.152484
3.00403 21.7783 12.2789 0.317808 0.901058 0.271218
3.79361 21.3546 12.7706 0.487769 0.870377 0.0548105
4.5642 20.8455 12.1669 0.635511 0.761874 0.111719
5.25365 20.1945 11.7851 0.746388 0.661731 0.0708365
5.69942 19.6359 12.4555 0.768384 0.639788 0.0142656
5.75602 19.5932 13.6104 0.773184 0.632549 -0.0420174
5.85122 19.5653 14.6269 0.787846 0.611008 -0.077013
5.9948 19.5285 15.887 0.793937 0.603177 -0.076431
6.08944 19.5625 17.0639 0.810919 0.579823 -0.0788372
6.22737 19.5078 18.1369 0.82898 0.555621 -0.0634947
6.27952 19.5021 19.1696 0.822307 0.568554 -0.0223423
6.291 19.488 20.2497 0.805235 0.592925 -0.00611942
6.81902 18.7655 20.5849 0.812063 0.583422 -0.00236938
7.51267 17.7682 20.5331 0.828459 0.559423 -0.0264729
8.21065 16.715 20.5107 0.833367 0.552653 -0.00863155
8.76693 15.8902 20.5993 0.819865 0.572548 0.00330091
9.35474 15.0564 20.5579 0.806837 0.590729 -0.000351097
9.95882 14.2429 20.4449 0.790426 0.612169 -0.00338304
10.5859 13.4728 20.569 0.774712 0.632292 -0.00528315
11.2589 12.7049 20.592 0.746131 0.665776 -0.00550964
12.1605 11.7399 20.7127 0.714856 0.699082 0.00477135
12.9337 10.9975 20.6448 0.667742 0.744235 0.0147125
13.7792 10.2463 20.6666 0.652833 0.75736 0.0146263
14.6736 9.48487 20.8176 0.645241 0.763644 0.0225984
15.6557 8.69816 20.8086 0.621049 0.783565 0.0172183
16.4626 8.0756 20.7989 0.607512 0.794237 0.0107765
17.4507 7.33469 20.7779 0.596796 0.802317 0.0110656
18.5564 6.52955 20.7101 0.58526 0.810785 0.00934309
19.6265 5.77813 20.7122 0.570788 0.821048 0.00820713
20.5178 5.17237 20.504 0.561979 0.827116 0.00757046
21.3871 4.58748 20.3991 0.557069 0.830451 0.00500264
22.2087 4.0438 20.2209 0.547341 0.836894 0.00483038
23.0389 3.50403 19.9976 0.546127 0.837683 0.00572055
24.08 2.82989 19.7727 0.543953 0.839089 0.00671713
25.0293 2.22105 19.1825 0.542471 0.840033 0.00837057
25.9593 1.62926 18.5483 0.540785 0.841109 0.00933741
26.7317 1.14298 18.0032 0.536975 0.843536 0.0102324
27.5274 0.647665 17.205 0.535304 0.844613 0.0087869
27.8534 0.449419 16.2731 0.53445 0.84518 0.00577695
28.0775 0.312656 15.2315 0.536041 0.844188 0.00269194
28.1055 0.31209 13.5233 0.534269 0.845267 0.00888295
28.0951 0.332408 12.3351 0.531336 0.847111 0.00925479
28.0406 0.380356 11.2765 0.520644 0.853707 0.0107321
27.8586 0.498318 10.2343 0.519696 0.854349 0.00183504
27.6726 0.610219 9.01471 0.524396 0.851461 -0.0040468
27.2694 0.854569 8.02386 0.526133 0.850383 -0.00563155
26.7145 1.18975 7.00528 0.52544 0.850795 -0.00774485
26.6009 1.25887 6.89145 0.528043 0.849178 -0.00764438
3.91382 19.2553 -14.5901 0.647508 0.756173 -0.0945261
4.38033 18.7321 -15.5144 0.701679 0.706968 -0.0885593
4.8861 18.1139 -16.5622 0.719008 0.690486 -0.0790934
5.29632 17.5577 -17.5112 0.744692 0.663322 -0.0737411
5.47412 17.3025 -17.9448 0.755502 0.650957 -0.0739695
6.1654 16.5023 -17.8824 0.757937 0.646131 -0.0897014
5.78761 17.068 -16.9405 0.751897 0.653448 -0.0875054
5.38223 17.6477 -15.9754 0.727926 0.678626 -0.0979334
4.95993 18.2317 -15.023 0.698733 0.707842 -0.103597
4.37009 18.9813 -13.7844 0.644072 0.754188 -0.127951
3.93078 19.5099 -12.925 0.643697 0.751928 -0.142333
4.05439 19.6934 -11.449 0.638278 0.763849 -0.0955805
4.5876 19.0395 -12.4863 0.650872 0.743438 -0.153838
5.07225 18.4007 -13.4989 0.672746 0.728335 -0.130158
5.51332 17.756 -14.5022 0.732253 0.667579 -0.134697
5.92211 17.1361 -15.4838 0.738227 0.666387 -0.104636
6.31495 16.534 -16.4544 0.751869 0.652001 -0.097914
6.70776 15.922 -17.4539 0.756827 0.647997 -0.0855193
6.95791 15.5562 -18.0601 0.753297 0.652842 -0.0796276
7.70506 14.7192 -18.0619 0.733608 0.675252 -0.0765104
7.25124 15.376 -16.986 0.73909 0.665712 -0.102822
6.8724 15.9501 -16.0515 0.748699 0.654184 -0.10721
6.40578 16.6935 -14.8779 0.750121 0.64957 -0.124008
5.98237 17.3739 -13.8458 0.732253 0.66758 -0.134696
5.45008 18.1969 -12.5842 0.70934 0.695191 -0.11639
4.942 18.8999 -11.4846 0.703355 0.696247 -0.14329
4.46462 19.4301 -10.5648 0.616363 0.783423 -0.0796588
4.20057 19.687 -10.0813 0.617157 0.782584 -0.0817232
4.01594 20.1046 -8.03999 0.60817 0.781254 -0.140613
4.5384 19.5374 -9.01518 0.608491 0.786908 -0.102544
5.11547 18.9417 -10.1257 0.688918 0.720212 -0.0817751
5.56397 18.3467 -11.1087 0.705446 0.694837 -0.139814
5.97558 17.733 -12.0612 0.718915 0.68405 -0.123442
6.37491 17.1122 -13.0123 0.746689 0.64889 -0.146278
6.74944 16.4851 -13.9503 0.747797 0.650988 -0.130435
7.17597 15.781 -15.0265 0.748553 0.653061 -0.1148
7.60348 15.1254 -16.0592 0.744628 0.659937 -0.100063
8.07475 14.4404 -17.1519 0.722125 0.682364 -0.113648
8.40387 13.9981 -17.8826 0.714483 0.69603 -0.0711075
9.14696 13.2665 -17.7433 0.694091 0.714018 -0.0917417
8.68693 13.8707 -16.7581 0.707504 0.697625 -0.112948
8.21078 14.5276 -15.7022 0.723846 0.682873 -0.0986451
7.72989 15.2405 -14.5799 0.736458 0.664409 -0.127237
7.24183 16.0364 -13.3786 0.744475 0.654416 -0.132272
6.74757 16.8638 -12.1544 0.753293 0.643672 -0.135045
6.22897 17.7005 -10.8754 0.719915 0.678982 -0.143892
5.71824 18.4235 -9.70197 0.678137 0.727132 -0.106809
5.26152 18.991 -8.71054 0.676517 0.729272 -0.102407
4.75439 19.5919 -7.69667 0.615082 0.77104 -0.164836
4.24268 20.1851 -6.75292 0.603895 0.780079 -0.163668
3.99786 20.4711 -6.3068 0.564183 0.810648 -0.156676
4.14164 20.5648 -4.91463 0.540903 0.834517 -0.104911
4.90861 19.8107 -6.22661 0.586683 0.784849 -0.199538
5.38251 19.1357 -7.24149 0.67259 0.726517 -0.140698
5.84772 18.5289 -8.22989 0.666133 0.735144 -0.125817
6.30488 17.8906 -9.27321 0.731897 0.674232 -0.0986811
6.76238 17.2223 -10.3527 0.742776 0.656578 -0.131108
7.11794 16.6124 -11.2829 0.752957 0.644233 -0.134237
7.60827 15.7852 -12.5206 0.748016 0.650614 -0.131052
8.02809 15.1159 -13.5043 0.742333 0.657547 -0.12874
8.51708 14.3533 -14.6646 0.72492 0.677555 -0.12414
8.95016 13.7746 -15.6068 0.711324 0.69589 -0.0987684
9.38868 13.1937 -16.5443 0.700721 0.705642 -0.10516
9.96394 12.4937 -17.7026 0.677441 0.73035 -0.0875361
10.0255 12.4222 -17.8231 0.67744 0.730351 -0.0875365
10.741 11.8143 -17.5258 0.657295 0.748757 -0.0855925
10.1388 12.5055 -16.3651 0.684885 0.721982 -0.0983591
9.66986 13.09 -15.4098 0.690895 0.715054 -0.106597
9.19443 13.6888 -14.4236 0.697096 0.708362 -0.110819
8.69195 14.4287 -13.2887 0.732213 0.669589 -0.124561
8.24891 15.1113 -12.2777 0.740013 0.661158 -0.123494
7.79148 15.8425 -11.1803 0.752683 0.646302 -0.125546
7.39772 16.5122 -10.1543 0.759635 0.638853 -0.121745
6.99996 17.1434 -9.15862 0.742292 0.658665 -0.123138
6.48415 17.9412 -7.92515 0.725417 0.67559 -0.131713
5.92073 18.8079 -6.59061 0.658745 0.726309 -0.196291
5.47195 19.4783 -5.58565 0.646059 0.736198 -0.201544
4.93732 20.0476 -4.61221 0.604898 0.790332 -0.0973365
4.36049 20.5741 -3.66427 0.537371 0.838215 -0.0928863
4.15056 20.7474 -3.31491 0.53737 0.838216 -0.0928865
4.48336 20.6674 -2.18249 0.546131 0.829663 -0.115759
5.1671 20.0622 -3.34259 0.605328 0.789912 -0.0980691
5.71403 19.4604 -4.35227 0.691485 0.709002 -0.138435
6.13354 18.8712 -5.26374 0.73614 0.662026 -0.140782
6.55906 18.1783 -6.30146 0.739598 0.658005 -0.141505
7.02012 17.436 -7.42788 0.737972 0.66452 -0.117517
7.44745 16.7653 -8.46082 0.750078 0.651018 -0.116441
7.86043 16.0928 -9.48346 0.755793 0.64262 -0.125763
8.2811 15.3957 -10.5484 0.746665 0.65337 -0.124892
8.78244 14.6123 -11.7529 0.73466 0.667438 -0.121661
9.24838 13.9112 -12.8153 0.729889 0.671699 -0.126815
9.71408 13.2671 -13.8139 0.713908 0.693472 -0.0971216
10.2497 12.593 -14.9083 0.695008 0.712881 -0.093622
10.8755 11.8372 -16.1512 0.673686 0.733937 -0.0865111
11.3774 11.2994 -17.0725 0.658205 0.748919 -0.0767214
11.5945 11.069 -17.4665 0.656244 0.751058 -0.0725021
12.4424 10.369 -17.3492 0.634071 0.770227 -0.0685874
11.828 10.9795 -16.2774 0.651938 0.754724 -0.0732772
11.3308 11.5127 -15.3744 0.666377 0.7409 -0.0837149
10.8153 12.1099 -14.3886 0.69098 0.717358 -0.0891304
10.1694 12.8967 -13.1118 0.704658 0.70352 -0.0922911
9.68863 13.5817 -12.0584 0.716408 0.688125 -0.115084
9.25273 14.2196 -11.0713 0.732846 0.670787 -0.113937
8.80846 14.8936 -10.0263 0.744184 0.656376 -0.123936
8.41123 15.5184 -9.07011 0.754963 0.645042 -0.118113
7.97333 16.2349 -7.97473 0.761175 0.638732 -0.112403
7.60345 16.832 -7.05348 0.74951 0.652048 -0.114314
7.1577 17.553 -5.96881 0.758277 0.640619 -0.120928
6.77714 18.1786 -5.03607 0.764968 0.632811 -0.119888
6.39825 18.8037 -4.10902 0.757818 0.642284 -0.114821
5.81267 19.609 -2.82841 0.738231 0.667374 -0.0981138
5.23659 20.23 -1.76981 0.513129 0.853107 -0.0943754
5.18218 20.275 -1.67748 0.54835 0.82861 -0.11277
5.77431 19.8667 -1.09354 0.705739 0.707364 -0.0396001
6.32428 19.158 -2.25612 0.737236 0.661445 -0.137748
6.74876 18.5168 -3.23277 0.760726 0.644443 -0.0773913
7.16384 17.8686 -4.22129 0.770703 0.626324 -0.117197
7.61148 17.1204 -5.32952 0.766497 0.632706 -0.110295
7.9891 16.5083 -6.25021 0.76496 0.635615 -0.104063
8.47983 15.7215 -7.45417 0.761494 0.639924 -0.103076
8.94052 14.9843 -8.59055 0.750087 0.651482 -0.113754
9.47111 14.1856 -9.82804 0.736685 0.667836 -0.106256
9.89752 13.566 -10.7938 0.718355 0.687778 -0.104531
10.3782 12.9014 -11.8333 0.716406 0.688126 -0.115085
10.8327 12.2979 -12.7718 0.67097 0.733372 -0.109381
11.3274 11.7204 -13.7212 0.671788 0.735357 -0.0891663
11.853 11.1302 -14.7023 0.646859 0.758613 -0.0779719
12.4919 10.4684 -15.8373 0.627266 0.775604 -0.0705361
13.0165 9.96361 -16.7351 0.616513 0.784939 -0.0615011
13.3853 9.6263 -17.3459 0.610708 0.789323 -0.0632848
14.2361 8.97923 -17.1797 0.606113 0.793279 -0.0577517
13.4847 9.65912 -15.9435 0.612148 0.787774 -0.068459
12.8781 10.2328 -14.9183 0.616374 0.783076 -0.0829188
12.201 10.9524 -13.7021 0.643835 0.759474 -0.0931417
11.6961 11.5114 -12.7704 0.670946 0.734116 -0.104422
11.208 12.0889 -11.8321 0.693707 0.71337 -0.0993702
10.6269 12.8234 -10.6633 0.706909 0.699455 -0.105081
10.1141 13.5235 -9.56015 0.719658 0.686769 -0.102179
9.58177 14.2958 -8.35607 0.741291 0.662841 -0.105495
9.14422 14.9593 -7.32297 0.75287 0.649744 -0.104971
8.74561 15.5808 -6.36436 0.760444 0.642403 -0.0950961
8.26009 16.3468 -5.19403 0.770134 0.630438 -0.0971663
7.85061 17.0157 -4.19251 0.774229 0.623318 -0.109746
7.43324 17.6913 -3.17626 0.77943 0.621041 -0.0824433
6.9959 18.3707 -2.14279 0.767728 0.631761 -0.107107
6.59736 18.9741 -1.20078 0.763069 0.643322 -0.0621544
6.24881 19.4695 -0.40099 0.764588 0.640952 -0.0677218
6.63934 19.0757 0.345059 0.786894 0.615994 -0.0367245
7.09201 18.4367 -0.702246 0.77816 0.624434 -0.0674443
7.59354 17.6388 -1.93453 0.792295 0.606537 -0.0661918
8.00839 16.9942 -2.89541 0.790126 0.608986 -0.069541
8.3872 16.3854 -3.81525 0.776711 0.624688 -0.0805291
8.77696 15.7778 -4.74034 0.777313 0.623398 -0.0846102
9.24725 15.0626 -5.84531 0.761823 0.641549 -0.0896688
9.69763 14.3917 -6.89219 0.749558 0.654837 -0.0966998
10.1846 13.6844 -8.00414 0.739939 0.665877 -0.0953794
10.7523 12.9036 -9.23159 0.719658 0.686769 -0.102178
11.206 12.3194 -10.1678 0.700639 0.707019 -0.0960673
11.7468 11.6751 -11.2212 0.670598 0.735661 -0.0953977
12.3365 11.0042 -12.3261 0.655388 0.74874 -0.0992716
13.025 10.27 -13.5662 0.632846 0.769767 -0.0834595
13.6785 9.62737 -14.686 0.616373 0.783076 -0.0829183
14.274 9.06859 -15.6806 0.612148 0.787774 -0.0684593
14.8573 8.55367 -16.6252 0.59896 0.798482 -0.0606115
14.9229 8.49738 -16.7297 0.596054 0.801182 -0.0531737
15.8952 7.78146 -16.7243 0.588888 0.806429 -0.0536901
15.3237 8.2622 -15.8249 0.601354 0.796985 -0.0564618
14.7201 8.80103 -14.8489 0.608544 0.790032 -0.0743244
14.1748 9.3084 -13.9439 0.611638 0.787935 -0.0711125
13.6425 9.82461 -13.0372 0.627286 0.774674 -0.0799538
13.105 10.3715 -12.0985 0.63827 0.764659 -0.0889237
12.5999 10.9202 -11.1809 0.65411 0.750724 -0.0924807
11.9246 11.6645 -9.92701 0.677286 0.731689 -0.0769035
11.4291 12.2681 -8.94366 0.699775 0.707815 -0.0964983
10.9113 12.9311 -7.88142 0.722618 0.684405 -0.097018
10.3539 13.685 -6.68028 0.740726 0.666167 -0.0868676
9.85062 14.3931 -5.5562 0.754897 0.65055 -0.0831525
9.38541 15.0751 -4.48753 0.762762 0.64183 -0.0790511
8.9524 15.7168 -3.495 0.784099 0.617143 -0.0657482
8.54217 16.3321 -2.56769 0.783036 0.618987 -0.06091
8.11774 16.9876 -1.59134 0.794333 0.603826 -0.0665517
7.73483 17.5786 -0.673281 0.803032 0.593892 -0.0493149
7.26944 18.2816 0.492484 0.793086 0.608264 -0.0320883
6.91395 18.7921 1.3108 0.797671 0.60244 -0.0280417
7.12391 18.5527 2.38936 0.811019 0.583914 -0.0359583
7.55155 17.921 1.37985 0.808944 0.587734 -0.0133458
7.94454 17.3547 0.442406 0.811507 0.584033 -0.0190085
8.34211 16.7581 -0.577398 0.804324 0.592467 -0.0452344
8.78336 16.1096 -1.56582 0.790102 0.611599 -0.0410496
9.27691 15.3951 -2.64453 0.78357 0.618067 -0.0633291
9.80583 14.6439 -3.80854 0.767641 0.637612 -0.0646419
10.2585 14.0156 -4.80708 0.754502 0.652209 -0.0731423
10.7594 13.3314 -5.90593 0.728323 0.680589 -0.0796498
11.2803 12.6577 -6.99702 0.72028 0.688155 -0.087402
11.8775 11.9259 -8.18747 0.699806 0.708097 -0.0941776
12.3911 11.3196 -9.18112 0.681973 0.72582 -0.0899912
12.9649 10.6895 -10.2472 0.664164 0.743832 -0.0748329
13.6036 10.0301 -11.3799 0.642827 0.763189 -0.0656999
13.5437 10.2381 -9.68934 0.651519 0.755628 -0.0674535
12.8679 10.9609 -8.45799 0.671729 0.736647 -0.078302
12.3763 11.5301 -7.52341 0.679972 0.729702 -0.0719273
11.7024 12.3229 -6.2141 0.70248 0.709146 -0.0602852
11.1416 13.0108 -5.07377 0.729276 0.680698 -0.0693274
10.7033 13.573 -4.15733 0.742685 0.666732 -0.0623494
10.2423 14.1778 -3.17912 0.750007 0.660012 -0.04329
9.73906 14.8631 -2.09951 0.771357 0.635174 -0.0395204
9.26282 15.5219 -1.09479 0.790102 0.611599 -0.0410491
8.83463 16.1234 -0.128257 0.796724 0.604075 -0.0180287
8.34699 16.804 1.03591 0.814003 0.580859 0.00113263
7.94948 17.3664 1.96322 0.819478 0.57292 0.0148057
7.49004 18.0182 3.05705 0.82808 0.5606 0.0034288
7.03272 18.6429 4.11722 0.829674 0.55769 0.0249387
6.57348 19.2266 5.16587 0.817128 0.572439 0.0679382
6.1174 19.6988 6.11944 0.791162 0.607905 0.0671848
5.56385 20.2487 7.23458 0.714064 0.696115 0.0744101
4.93293 20.741 8.34435 0.613935 0.784283 0.0893493
4.3124 21.1583 9.33759 0.631969 0.774187 0.0353525
5.08991 20.5113 9.62413 0.63129 0.774816 0.0336693
5.60362 20.0569 8.64471 0.74473 0.663991 0.0670366
6.13207 19.5746 7.58785 0.781723 0.621982 0.0452502
6.6126 19.0073 6.48584 0.80834 0.586568 0.0502489
7.11337 18.4148 5.39628 0.825652 0.561714 0.0526913
7.57773 17.8207 4.3421 0.829619 0.556769 0.041727
7.99549 17.2564 3.3472 0.826824 0.561582 0.0314381
8.42339 16.6809 2.34976 0.817573 0.575664 0.0135645
8.88427 16.065 1.30867 0.804193 0.594362 0.00263331
9.33327 15.4783 0.331628 0.795155 0.606383 0.00524353
9.83951 14.8179 -0.775941 0.776709 0.629641 -0.016622
10.3727 14.1119 -1.90209 0.768361 0.639082 -0.034586
10.9786 13.3439 -3.15129 0.749079 0.661009 -0.0441314
11.5204 12.6727 -4.25242 0.736879 0.673725 -0.0557083
12.0502 12.0388 -5.31208 0.711674 0.700236 -0.0564776
12.5376 11.4939 -6.23315 0.70248 0.709146 -0.0602851
13.2197 10.7459 -7.50631 0.679972 0.729702 -0.0719263
13.667 10.2619 -8.3209 0.658266 0.749259 -0.0727793
13.9057 10.1476 -7.17082 0.664098 0.746116 -0.047801
13.3896 10.6808 -6.23988 0.684613 0.727224 -0.0494966
12.7706 11.3508 -5.09417 0.693893 0.717974 -0.0550147
12.1708 12.0157 -3.95924 0.714717 0.697695 -0.0490072
11.631 12.6444 -2.90323 0.729145 0.68298 -0.0434373
11.1489 13.2275 -1.92147 0.749737 0.660617 -0.0384524
10.5884 13.9089 -0.802186 0.756318 0.654107 -0.0112568
10.1444 14.4592 0.120624 0.779887 0.625754 -0.0143978
9.52625 15.2257 1.42221 0.789632 0.613576 0.00239332
9.01213 15.8652 2.50635 0.801429 0.597839 0.0173332
8.44517 16.5836 3.78511 0.816395 0.576123 0.0397756
7.95573 17.2064 4.94161 0.826531 0.560725 0.0493371
7.41833 17.8912 6.16557 0.827736 0.55833 0.0558637
6.94696 18.4797 7.20285 0.829767 0.554391 0.0643262
6.45259 19.0515 8.33804 0.804203 0.588526 0.0830363
5.98541 19.5303 9.34769 0.783436 0.61762 0.0690994
5.85989 19.6622 9.6162 0.777411 0.625701 0.0642661
6.32692 19.0049 10.0883 0.803564 0.592501 0.0568032
6.74782 18.5371 9.11754 0.812668 0.578462 0.0703751
7.22352 17.9806 8.02439 0.817019 0.573572 0.0591241
7.68341 17.4035 7.07625 0.82326 0.564977 0.0551707
8.10752 16.8714 6.07042 0.809653 0.582506 0.0717498
8.5158 16.3759 5.11085 0.816049 0.575968 0.0482229
8.98648 15.8003 4.01789 0.804929 0.591678 0.0447917
9.5092 15.1872 2.90884 0.800627 0.598328 0.0316133
10.0801 14.5141 1.75236 0.77078 0.636645 0.0241325
10.538 13.986 0.823649 0.764317 0.644818 0.00546631
11.0108 13.4321 -0.12358 0.756319 0.654107 -0.0112565
11.5551 12.8059 -1.17334 0.737015 0.67584 -0.00701955
12.1852 12.0832 -2.42331 0.728806 0.683672 -0.0378669
12.8195 11.3739 -3.63772 0.698259 0.714998 -0.0348204
13.4712 10.6899 -4.82634 0.68369 0.72899 -0.0337728
13.8148 10.3448 -5.43761 0.666958 0.743173 -0.0534828
14.293 9.9392 -4.73199 0.669413 0.74227 -0.0303478
13.7586 10.4683 -3.79214 0.68369 0.728991 -0.0337738
13.2133 11.0296 -2.81121 0.698258 0.714998 -0.0348201
12.6788 11.5958 -1.8069 0.709226 0.704783 -0.0167133
12.1579 12.1596 -0.808312 0.731945 0.681361 -0.00218918
11.6603 12.7084 0.139871 0.742912 0.669364 0.00587175
11.1733 13.2499 1.07156 0.748312 0.663347 -0.000728332
10.6951 13.7685 1.99722 0.755968 0.654218 0.0226205
10.2289 14.2879 2.92168 0.776772 0.628658 0.0375942
9.64303 14.9256 4.0788 0.785019 0.617822 0.0451835
9.15371 15.4911 5.16216 0.792255 0.608662 0.0431536
8.6831 16.0526 6.25976 0.806629 0.589466 0.0433473
8.26409 16.5673 7.25339 0.813029 0.579968 0.0511963
7.77851 17.1665 8.282 0.817579 0.573313 0.0536299
7.31662 17.7192 9.27353 0.817018 0.573573 0.059123
6.91091 18.1828 10.2494 0.799928 0.597896 0.0513376
6.76617 18.3511 10.6002 0.803974 0.593309 0.0401303
7.0704 17.9106 11.4579 0.79694 0.603932 0.012382
7.52062 17.3407 10.3782 0.809548 0.584913 0.050094
7.99604 16.7694 9.29209 0.811461 0.582603 0.0458817
8.48272 16.1849 8.2111 0.80649 0.589587 0.0442731
8.95162 15.6221 7.18081 0.805708 0.590757 0.0429165
9.45438 15.0311 6.03852 0.790753 0.610169 0.0490301
9.93958 14.5009 4.9746 0.766036 0.640764 0.0510886
10.4414 13.9693 3.96087 0.761853 0.646542 0.039544
10.9645 13.4118 2.95004 0.757632 0.65165 0.0366725
11.5335 12.8182 1.86408 0.742785 0.669068 0.0248776
12.0737 12.2564 0.866042 0.721705 0.692197 -0.00236205
12.5842 11.7191 -0.0821067 0.722698 0.691127 -0.0071557
13.1667 11.1131 -1.17472 0.704468 0.709711 -0.00597836
13.7444 10.5434 -2.21956 0.685766 0.727647 -0.0159884
14.3225 9.977 -3.23735 0.669411 0.742547 -0.022647
14.4234 9.88076 -3.41112 0.669411 0.742547 -0.0226467
14.5708 9.78154 -2.12956 0.66347 0.748156 -0.00831856
13.921 10.3873 -1.00007 0.687115 0.726548 -0.000730052
13.303 10.9924 0.120977 0.704887 0.709295 -0.00588489
12.6774 11.6197 1.26255 0.717888 0.696056 0.0119237
12.1365 12.1532 2.22559 0.717383 0.695911 0.0327178
11.6188 12.6656 3.17685 0.740298 0.671229 0.0375564
11.0462 13.2449 4.27356 0.748445 0.662419 0.0321107
10.4444 13.8698 5.46517 0.762159 0.645874 0.0442722
9.82114 14.517 6.75485 0.777938 0.626886 0.042738
9.36706 15.0252 7.73475 0.784371 0.619479 0.0317603
8.83045 15.6623 8.93563 0.806533 0.590157 0.0349029
8.40745 16.171 9.89342 0.799493 0.599254 0.0412982
7.96303 16.723 10.9283 0.808809 0.587827 0.0169853
7.50558 17.3131 12.0271 0.803633 0.594982 0.0130454
7.25149 17.6539 12.647 0.795507 0.605888 -0.0083227
7.45677 17.4209 13.8903 0.793066 0.60823 -0.0332189
7.84211 16.8812 12.8865 0.800563 0.59919 -0.00841047
8.24154 16.3276 11.8724 0.802922 0.596082 -0.00141777
8.80928 15.603 10.5245 0.789105 0.613166 0.0366106
9.31259 15.0122 9.40257 0.781339 0.623347 0.0307908
9.76985 14.487 8.37471 0.759285 0.650354 0.022938
10.3408 13.8726 7.18863 0.747047 0.664023 0.0315394
10.8496 13.3585 6.17057 0.750664 0.659108 0.0456092
11.4054 12.8011 5.0889 0.726442 0.686532 0.0309254
12.0362 12.1811 3.89654 0.720023 0.693419 0.0271458
12.7372 11.5227 2.63549 0.712652 0.701141 0.0229913
13.2707 11.0282 1.70489 0.691213 0.722651 6.50144e-05
13.8362 10.4861 0.703084 0.692067 0.721833 -0.000915544
14.4588 9.90228 -0.392815 0.667626 0.744497 -0.000593679
14.8522 9.54673 -1.06902 0.657151 0.753737 -0.00578565
15.2949 9.16311 -0.282464 0.656259 0.754514 0.00571858
14.6392 9.74428 0.831499 0.666975 0.745067 -0.00446321
13.9998 10.3295 1.93645 0.677883 0.73489 0.0202705
13.4216 10.8488 2.9373 0.694608 0.719051 0.0220166
12.8635 11.3599 3.9217 0.69607 0.717633 0.0221242
12.222 11.953 5.08314 0.698627 0.715057 0.0247734
11.6963 12.451 6.04927 0.723905 0.689025 0.034743
11.163 12.9636 7.07093 0.741466 0.670331 0.0297323
10.5992 13.5349 8.20021 0.743204 0.668089 0.0361321
10.0088 14.1702 9.4384 0.761662 0.647373 0.0279083
9.47476 14.7564 10.5861 0.775313 0.631076 0.0251652
8.91359 15.4403 11.871 0.790515 0.612437 -0.00248683
8.44675 16.0632 13.0237 0.804441 0.593954 -0.00963586
7.98415 16.7262 14.2357 0.806805 0.590411 -0.0219048
7.58432 17.3268 15.349 0.807691 0.588141 -0.0415475
7.58109 17.3319 15.3584 0.809172 0.586444 -0.0363808
7.62716 17.3919 17.0832 0.819661 0.571479 -0.0396035
7.99994 16.789 15.9679 0.815797 0.577322 -0.0342859
8.41395 16.1612 14.8189 0.806346 0.591011 -0.0226368
8.78099 15.631 13.8554 0.79081 0.611959 -0.0111758
9.18615 15.0942 12.8576 0.790648 0.612247 -0.00549667
9.59572 14.5866 11.8971 0.772701 0.634759 -0.00381978
10.1949 13.8936 10.5725 0.758307 0.650968 0.0347928
10.6682 13.3879 9.58227 0.743707 0.668013 0.0256534
11.2075 12.8421 8.50717 0.720949 0.692815 0.0155264
11.6986 12.3611 7.54896 0.705796 0.708153 0.0192437
12.3033 11.8196 6.45325 0.699196 0.71421 0.0320857
12.9725 11.2154 5.25732 0.691622 0.721963 0.0207136
13.5303 10.7164 4.27255 0.686977 0.726413 0.0196714
14.1894 10.1247 3.11716 0.680984 0.732041 0.0194014
14.7261 9.65601 2.20252 0.667519 0.744398 0.0170291
15.4006 9.08028 1.07747 0.646621 0.762775 -0.0074801
15.7003 8.82137 0.578978 0.646432 0.762941 -0.00677727
16.1061 8.48424 1.43983 0.630517 0.776175 -0.000201515
15.5548 8.94025 2.34537 0.641349 0.767011 0.019106
15.0013 9.39794 3.2601 0.659726 0.751399 0.0127149
14.4087 9.9037 4.26314 0.663382 0.748135 0.0147433
13.6757 10.5416 5.53414 0.673968 0.738548 0.0177121
12.9655 11.1659 6.79058 0.687773 0.725271 0.030841
12.3131 11.7487 7.96266 0.697569 0.716115 0.0240175
11.6625 12.3627 9.18297 0.713487 0.700473 0.0165674
11.1511 12.8527 10.1652 0.730139 0.682404 0.0349434
10.6292 13.3661 11.2069 0.743446 0.668224 0.0276526
10.11 13.9666 12.3529 0.770199 0.637801 -0.00197333
9.61343 14.569 13.4954 0.774606 0.632442 -0.00150559
9.18482 15.1238 14.5227 0.791047 0.6116 -0.0138103
8.74462 15.7401 15.6456 0.806313 0.591121 -0.0208857
8.3928 16.2697 16.626 0.817016 0.575964 -0.0273849
7.99221 16.921 17.8583 0.822892 0.567065 -0.0358692
8.59058 16.0545 17.8909 0.816326 0.576679 -0.0324583
9.00575 15.4352 16.6931 0.799018 0.600938 -0.0210622
9.46864 14.799 15.5042 0.782024 0.623057 -0.0154044
9.94714 14.1867 14.3672 0.764744 0.644237 -0.0111645
10.4095 13.627 13.3146 0.740716 0.671507 -0.0204334
10.9663 12.9756 12.0817 0.741658 0.670568 -0.0167902
11.4444 12.5099 11.1341 0.711358 0.702348 0.026035
12.1374 11.8679 9.82909 0.68518 0.728136 0.0186047
12.6659 11.3943 8.86876 0.685696 0.727667 0.0179444
13.2441 10.8828 7.83135 0.676863 0.735791 0.0216407
13.7764 10.4183 6.88984 0.674418 0.738157 0.0168473
14.405 9.88191 5.80223 0.64898 0.760705 0.0123476
15.0464 9.34975 4.71782 0.650304 0.75964 0.00718861
15.6293 8.86308 3.74008 0.630881 0.775873 0.00324636
16.2462 8.36975 2.73812 0.616145 0.787621 0.0042659
16.6023 8.0868 2.16599 0.6256 0.780101 -0.0082173
17.0868 7.70597 2.92061 0.612916 0.790122 -0.00645022
16.327 8.30109 4.13553 0.624348 0.781122 0.00610107
15.764 8.74372 5.05027 0.638331 0.769634 0.0140554
15.0642 9.31221 6.22052 0.645566 0.763558 0.0149401
14.3484 9.89664 7.42676 0.658139 0.752766 0.0140114
13.8012 10.3469 8.36592 0.672731 0.739279 0.0299939
13.1851 10.8902 9.46985 0.685671 0.727691 0.0179347
12.5997 11.4159 10.533 0.684803 0.728525 0.0172016
11.8151 12.1202 11.98 0.686672 0.726674 0.0206273
11.245 12.7004 13.1251 0.730753 0.6822 -0.0245345
10.8031 13.2041 14.0827 0.744595 0.66751 0.00290284
10.2859 13.8044 15.2234 0.761969 0.647521 -0.0108966
9.76733 14.4546 16.4512 0.778265 0.627869 -0.00912895
9.37588 14.961 17.4506 0.790514 0.612266 -0.0147769
9.1763 15.2286 17.9829 0.807778 0.589279 -0.0156696
9.79034 14.4156 18.0666 0.786669 0.617338 0.00668499
10.21 13.9052 17.0398 0.778036 0.628219 0.000711792
10.6897 13.3286 15.9219 0.771239 0.636539 0.00288204
11.1808 12.7999 14.8841 0.725967 0.687696 -0.00672779
11.6921 12.2481 13.8214 0.727203 0.686375 -0.00807681
12.2949 11.654 12.6392 0.683983 0.729447 0.00860181
12.8525 11.1597 11.6165 0.675747 0.73696 0.015998
13.4488 10.6349 10.541 0.67884 0.734225 0.00952238
14.1079 10.0536 9.36617 0.65697 0.753797 0.0134264
14.7041 9.57297 8.35451 0.641995 0.766398 0.0218288
15.4208 8.99502 7.15148 0.643778 0.765097 0.0132897
16.0674 8.48704 6.08734 0.622066 0.782868 0.0123488
16.6612 8.0282 5.12807 0.610356 0.792091 0.00759181
17.4752 7.40533 3.83922 0.614758 0.78871 0.00319417
17.5456 7.35091 3.72783 0.604832 0.796353 0.000381041
18.3286 6.77329 4.04086 0.590694 0.806893 -0.00190737
17.5958 7.3115 5.17936 0.594984 0.803724 0.004569
17.0182 7.7415 6.09118 0.607185 0.794525 0.00753813
16.3577 8.2436 7.14841 0.617251 0.786757 0.00393784
15.7909 8.68957 8.07826 0.623784 0.781542 0.00924155
15.2247 9.12848 9.01229 0.6325 0.774472 0.0117315
14.6054 9.62351 10.0539 0.638273 0.769687 0.0137601
14.0319 10.1146 11.0558 0.65433 0.756135 0.010612
13.4494 10.6023 12.0773 0.675747 0.73696 0.015997
12.9298 11.0577 13.0201 0.672876 0.739481 0.0201531
12.3965 11.5384 14.0078 0.696741 0.717301 -0.00559475
11.9255 12.0275 14.9543 0.707832 0.706286 -0.0115581
11.4478 12.5233 15.9353 0.723393 0.690427 0.0035887
10.9067 13.0686 17.0527 0.722248 0.691589 0.00786833
10.5114 13.5397 17.9803 0.750055 0.661375 -0.00111532
11.1844 12.7932 18.1193 0.729183 0.684319 -0.000130523
11.7285 12.2185 16.9592 0.715466 0.698565 0.0107274
12.404 11.5578 15.5977 0.709242 0.704955 0.00366562
12.9811 11.0007 14.4882 0.680609 0.732507 -0.0143143
13.6545 10.404 13.2638 0.656891 0.753925 0.00960723
14.2474 9.91051 12.2225 0.65105 0.75891 0.0137682
14.8931 9.38559 11.1095 0.645614 0.763659 -0.002799
15.5139 8.87845 10.0614 0.632689 0.774374 0.00711379
16.2342 8.32186 8.88124 0.608735 0.793277 0.0123895
16.874 7.84072 7.84983 0.612875 0.790162 0.00530957
17.5326 7.34674 6.80109 0.596409 0.802638 0.00828106
18.2227 6.84623 5.72592 0.590883 0.806754 0.00216523
18.8383 6.39965 4.77652 0.588766 0.808303 0.000175833
19.1113 6.20093 4.35563 0.581417 0.813606 6.22864e-05
19.8322 5.69559 4.79347 0.574561 0.818461 -0.00118942
19.2027 6.13655 5.74107 0.574962 0.818179 0.00125317
18.5885 6.57692 6.68244 0.583817 0.811831 0.00939422
17.8154 7.12694 7.88063 0.599376 0.800427 0.00813955
17.0098 7.72305 9.16231 0.602087 0.798409 0.00576524
16.4052 8.17199 10.1273 0.604086 0.796919 -0.000670856
15.8495 8.61205 11.0417 0.619968 0.78461 -0.00525772
15.1412 9.16817 12.2297 0.624827 0.780744 0.00540105
14.5997 9.60527 13.1609 0.638045 0.769897 0.0125427
14.0308 10.0699 14.1447 0.65317 0.757205 -0.00308565
13.4632 10.5766 15.1772 0.660978 0.750352 -0.0089401
12.8841 11.0992 16.2536 0.67909 0.734009 0.00826601
12.2147 11.7197 17.5585 0.696432 0.717621 0.0014619
12.0481 11.8807 17.8952 0.705714 0.708482 0.00457227
12.872 11.0813 17.8386 0.696642 0.717415 0.00223051
13.5672 10.4845 16.561 0.661066 0.75024 0.0114617
14.0857 10.0273 15.6101 0.651824 0.758368 -0.00164836
14.7878 9.43848 14.3758 0.631434 0.775422 -0.0033675
15.4055 8.95236 13.3313 0.622916 0.782286 -0.00196978
16.0179 8.47363 12.3016 0.61569 0.787896 0.0120346
16.7325 7.92622 11.131 0.607959 0.793966 0.00221207
17.3066 7.49257 10.2112 0.603219 0.797564 0.00431976
17.9913 6.98353 9.12708 0.599772 0.800146 0.00628194
18.618 6.53793 8.15214 0.586035 0.81025 0.00758826
19.2482 6.10112 7.18741 0.576113 0.817342 0.00684245
19.9842 5.58712 6.07991 0.571738 0.820436 0.000851327
20.64 5.13554 5.10243 0.566274 0.824217 0.000213571
21.4552 4.57575 5.39833 0.559333 0.828942 0.00077559
20.7317 5.06743 6.46733 0.566328 0.824168 0.0044424
20.0515 5.53425 7.48303 0.569987 0.821647 0.00321766
19.3174 6.04003 8.59576 0.573596 0.819121 0.00531247
18.6529 6.49432 9.60996 0.58008 0.814522 0.0077579
18.0557 6.93005 10.5366 0.596622 0.802522 0.000585892
17.4562 7.37672 11.4882 0.598159 0.801369 0.00370284
16.6837 7.9572 12.7373 0.601019 0.799208 0.00649267
15.8768 8.57897 14.0797 0.618036 0.786148 -0.00172687
15.2926 9.03401 15.0599 0.624643 0.780908 -0.00204192
14.642 9.56655 16.1907 0.639673 0.768647 0.000237531
13.9381 10.148 17.4449 0.64634 0.763033 0.00497498
13.4576 10.55 18.3145 0.667729 0.744367 0.00748458
14.3717 9.77196 18.2233 0.639523 0.76867 0.0125741
15.0189 9.25173 17.0822 0.636708 0.771066 0.00768745
15.5884 8.8003 16.1025 0.623785 0.781596 0.000230175
16.2171 8.3081 15.0461 0.614781 0.788683 0.00480714
16.7763 7.87665 14.1137 0.609361 0.792883 0.0038516
17.3684 7.43776 13.1541 0.596804 0.80234 0.00871663
18.0532 6.93098 12.0545 0.590493 0.807042 -0.000285001
18.6982 6.46498 11.0434 0.579917 0.814617 -0.00975378
19.533 5.88141 9.77322 0.569763 0.821805 0.00273057
20.2638 5.38137 8.66807 0.564681 0.825309 0.00091515
20.9011 4.94643 7.71093 0.566201 0.824265 0.00208909
21.6807 4.42305 6.5626 0.550429 0.834882 0.000274809
22.0452 4.18221 6.03286 0.551713 0.834034 0.000623506
22.6813 3.76491 6.60002 0.5464 0.837524 -0.000897225
21.9931 4.21677 7.59783 0.550509 0.834829 0.000214606
21.2522 4.70851 8.68783 0.559943 0.828527 0.00277751
20.563 5.17234 9.7215 0.563562 0.826039 0.00756195
19.8613 5.64878 10.7776 0.571633 0.820507 0.00185526
19.2675 6.06408 11.6817 0.57705 0.816701 0.00347207
18.6002 6.53691 12.7191 0.583612 0.812032 0.00118468
17.9009 7.04087 13.8256 0.590608 0.806944 0.00489329
17.0225 7.68615 15.239 0.597552 0.801822 0.00370703
16.1885 8.32271 16.6258 0.614208 0.789101 0.0081767
15.5285 8.83427 17.7444 0.624356 0.781074 0.0101324
15.231 9.06592 18.252 0.635458 0.772068 0.010169
16.1367 8.34525 18.2373 0.619434 0.78499 0.00954903
16.6918 7.92384 17.3142 0.614208 0.789102 0.00817593
17.3089 7.46876 16.2974 0.593702 0.80467 0.00490496
17.8948 7.04067 15.3509 0.591714 0.806147 -0.00154615
18.5891 6.53738 14.2472 0.5857 0.81051 0.00533082
19.22 6.09007 13.2633 0.577962 0.816054 0.00397641
19.885 5.62983 12.2464 0.568931 0.822382 0.00205495
20.5115 5.20299 11.298 0.561653 0.827371 -0.00164333
21.2155 4.73215 10.2479 0.550056 0.835126 0.00156541
21.9379 4.25676 9.17615 0.550487 0.834843 -0.00124436
22.5476 3.85441 8.28176 0.545837 0.837881 -0.00417017
23.2196 3.41374 7.31405 0.542066 0.840331 -0.00288561
23.5163 3.22084 6.88888 0.542277 0.840194 -0.00291643
24.062 2.87112 7.58941 0.542289 0.840187 -0.00294133
23.4105 3.29556 8.52556 0.543528 0.839385 -0.00312328
22.6161 3.813 9.67816 0.546729 0.83731 -0.000390094
21.8222 4.33181 10.8494 0.547997 0.83648 0.000216078
21.1988 4.74393 11.7741 0.554135 0.832412 0.00494702
20.5724 5.16087 12.7144 0.559712 0.828686 0.00107469
19.8054 5.67607 13.8715 0.573312 0.819312 0.00645003
19.2151 6.08779 14.776 0.577245 0.816571 -0.000568841
18.4678 6.62484 15.9524 0.579453 0.815006 -2.82258e-05
17.7459 7.1414 17.1098 0.593702 0.80467 0.00490418
17.1211 7.59813 18.1265 0.59868 0.80098 0.00379265
18.1798 6.8257 17.928 0.584832 0.811154 0.00110189
18.8141 6.37246 16.9155 0.581605 0.813463 0.00357867
19.4104 5.95534 15.9787 0.57248 0.819919 0.00039927
20.1284 5.45148 14.8726 0.560769 0.827972 -0.000447091
20.7351 5.03978 13.9679 0.560923 0.827861 0.00347953
21.5099 4.5344 12.8133 0.547543 0.836771 0.003278
22.2875 4.02844 11.6646 0.546431 0.837501 0.00206939
22.9023 3.6275 10.7593 0.542746 0.839896 -0.00110284
23.5213 3.22686 9.85628 0.542332 0.840164 -0.00038859
24.163 2.8125 8.93063 0.539876 0.841739 -0.00297002
24.6393 2.50361 8.24656 0.535946 0.844239 -0.00481781
25.064 2.23926 9.12362 0.535751 0.84436 -0.00523029
24.2207 2.77895 10.3365 0.538458 0.842652 0.000198285
23.6003 3.17693 11.2345 0.542939 0.839772 -0.000770217
22.9028 3.6262 12.2565 0.545382 0.838186 0.00151617
22.1534 4.11047 13.3555 0.545182 0.83831 0.00360695
21.4989 4.53614 14.3206 0.550291 0.834973 -0.000461509
20.7389 5.03936 15.4501 0.556004 0.831179 0.000144634
20.1307 5.45152 16.3678 0.573262 0.819372 -0.000387948
19.2765 6.04287 17.6955 0.572088 0.820172 0.00572024
19.2343 6.07207 17.7613 0.579722 0.814814 -0.000145667
20.2556 5.3664 17.677 0.563688 0.825988 0.000812692
20.8873 4.94097 16.7221 0.560037 0.828467 -0.00028948
21.673 4.4214 15.552 0.550306 0.834963 0.000539142
22.3869 3.95489 14.4957 0.544266 0.838911 0.0016576
23.0279 3.54207 13.5588 0.54226 0.840208 0.00221295
23.7259 3.09455 12.5419 0.540742 0.841187 0.00167088
24.3876 2.67176 11.5803 0.53741 0.84332 -0.00114114
25.1018 2.21891 10.5537 0.535117 0.844778 -0.000197387
25.4779 1.97984 10.015 0.533457 0.845826 -0.00124804
25.783 1.78839 11.0585 0.532356 0.846515 0.00316475
25.1181 2.20669 12.008 0.535449 0.844564 0.00232813
24.3392 2.70115 13.1334 0.538487 0.842633 0.00116476
23.6378 3.14805 14.1521 0.53981 0.841786 0.00141025
22.8722 3.63836 15.2701 0.543691 0.83928 0.00302666
22.1678 4.09423 16.3073 0.547425 0.836842 0.00452459
21.5521 4.49569 17.2194 0.556254 0.831011 0.00144349
21.1724 4.7481 17.7804 0.5573 0.830308 0.00244437
22.2627 4.02422 17.6481 0.546931 0.837163 0.00502306
22.8989 3.61546 16.7153 0.543694 0.839277 0.0033965
23.8072 3.03491 15.3847 0.540726 0.841193 0.00298701
24.4467 2.62898 14.4586 0.538084 0.842885 0.00318607
25.2558 2.11645 13.2867 0.536338 0.843998 0.00292888
25.8916 1.71589 12.3767 0.534502 0.845163 0.0027753
26.0869 1.5875 13.5683 0.535625 0.844448 0.00379863
25.203 2.14423 14.8419 0.538086 0.842879 0.00428194
24.5103 2.58204 15.8424 0.539663 0.841867 0.00499412
23.8885 2.97609 16.7469 0.541421 0.840738 0.00469099
23.6915 3.10135 17.0343 0.541305 0.840809 0.00536661
