-10.8078 13.5617 -18.5125 -0.757872 0.649929 0.051282
-10.1887 14.3244 -18.5081 -0.78876 0.611563 0.0605259
-9.45125 15.3194 -18.5051 -0.817488 0.571401 0.0722123
-8.73376 16.3643 -18.5058 -0.825597 0.557039 0.0899889
-8.14275 17.2982 -18.5701 -0.849373 0.517116 0.105627
-7.60184 18.0507 -18.261 -0.826337 0.546018 0.137957
-7.15496 18.4208 -17.3076 -0.784804 0.597642 0.164032
-6.52214 18.9747 -16.5035 -0.755694 0.622611 0.20318
-5.50543 19.9229 -16.0668 -0.6463 0.732653 0.196124
-4.58289 20.6005 -16.0458 -0.529568 0.824201 0.189862
-3.96053 20.7906 -15.2071 -0.495466 0.852318 0.167531
-3.97352 20.5464 -13.9534 -0.558905 0.813436 0.161079
-4.63789 20.0165 -13.6009 -0.607582 0.773083 0.17437
-5.63239 19.1992 -13.7648 -0.675424 0.714392 0.176376
-6.44244 18.3282 -13.8217 -0.730052 0.66221 0.168812
-7.14542 17.4751 -13.7276 -0.760228 0.633461 0.144151
-7.78865 16.6631 -13.6102 -0.771272 0.621306 0.137806
-8.40822 15.8567 -13.4248 -0.770826 0.625837 0.118977
-9.21957 14.8519 -13.2913 -0.760893 0.640744 0.102415
-9.89707 14.0532 -13.1845 -0.735346 0.670469 0.0985318
-10.586 13.2713 -12.917 -0.719018 0.689447 0.0861354
-11.2793 12.5237 -12.5394 -0.702493 0.708469 0.0649499
-11.9483 11.8581 -12.2373 -0.690987 0.719478 0.0685501
-12.8085 11.0154 -11.6397 -0.669638 0.739777 0.0656951
-13.7654 10.1162 -10.7642 -0.647716 0.759952 0.0541906
-14.3683 9.57266 -10.1387 -0.639219 0.767507 0.0482094
-14.6613 9.34533 -10.4047 -0.63922 0.767506 0.0482105
-15.0244 9.12549 -11.6174 -0.632153 0.773563 0.044534
-15.5097 8.79678 -12.7858 -0.625311 0.779147 0.0428865
-15.9768 8.47653 -13.8927 -0.614985 0.787918 0.0312715
-16.4376 8.13454 -14.6851 -0.622025 0.782657 0.0230241
-17.1182 7.63261 -15.5408 -0.601505 0.798427 0.0261392
-17.7697 7.16613 -16.3061 -0.596792 0.802269 0.0142776
-18.4722 6.65949 -17.2305 -0.596688 0.802374 0.012518
-17.5791 7.32583 -17.4273 -0.596398 0.802614 0.010977
-16.5475 8.12588 -17.6412 -0.622484 0.782422 0.0152016
-15.5449 8.93523 -17.8208 -0.634089 0.77312 0.0040576
-14.7735 9.60288 -17.9416 -0.657836 0.753105 0.00920237
-13.774 10.5033 -18.2251 -0.678135 0.734605 0.0220819
-13.0483 11.1855 -18.3387 -0.694295 0.719202 0.0254714
-12.06 12.1891 -18.441 -0.726395 0.686547 0.0316963
-11.22 13.1007 -18.4696 -0.741991 0.66833 0.0527669
-11.2712 13.0981 -19.455 -0.751577 0.659006 0.0290421
-10.5614 13.944 -19.5107 -0.783013 0.620954 0.0356028
-9.89593 14.7904 -19.5168 -0.793267 0.607829 0.0356453
-9.24654 15.722 -19.5042 -0.817723 0.572597 0.0586214
-8.61107 16.6696 -19.4703 -0.842432 0.536444 0.0452596
-8.10107 17.5312 -19.5732 -0.866032 0.497686 0.0479235
-7.54479 18.399 -19.5016 -0.835076 0.548956 0.0360004
-7.14426 18.8422 -18.675 -0.824002 0.55626 0.107685
-6.73539 19.1273 -17.6967 -0.803594 0.55133 0.224212
-6.03797 19.7125 -17.1273 -0.722569 0.615849 0.314045
-5.30823 20.338 -17.0021 -0.567639 0.769689 0.292173
-4.13352 21.0624 -16.9066 -0.483026 0.832024 0.272489
-3.34725 21.3317 -16.354 -0.376472 0.920399 0.104622
-3.1188 21.2802 -15.3285 -0.468682 0.872485 0.135221
-3.0964 21.0973 -13.9303 -0.520416 0.844708 0.124954
-3.16111 20.9102 -12.8103 -0.541731 0.834003 0.104719
-3.91026 20.3696 -12.4632 -0.591496 0.794467 0.127348
-4.90109 19.6068 -12.675 -0.633212 0.759271 0.149472
-5.76141 18.8108 -12.8156 -0.710117 0.678725 0.18726
-6.50543 17.983 -12.7697 -0.737834 0.657088 0.153164
-7.2059 17.1721 -12.7107 -0.762643 0.631709 0.138925
-7.93288 16.2632 -12.5735 -0.762408 0.633145 0.13365
-8.67768 15.3253 -12.3516 -0.758935 0.640957 0.11485
-9.45538 14.4077 -12.2899 -0.74904 0.654591 0.102224
-10.3539 13.3937 -12.0032 -0.713804 0.693783 0.095076
-11.2434 12.4527 -11.5183 -0.692356 0.71694 0.0814318
-12.0188 11.6773 -11.0189 -0.672019 0.737707 0.0646423
-12.7496 10.9737 -10.478 -0.654229 0.752709 0.0735694
-13.3274 10.4254 -9.89088 -0.642939 0.763762 0.0572994
-13.894 9.89857 -9.08107 -0.631781 0.773724 0.0469465
-14.4482 9.3536 -7.7496 -0.619056 0.783457 0.054389
-14.8149 8.99947 -6.75885 -0.613184 0.788385 0.0495432
-15.0314 8.77133 -5.82297 -0.607511 0.792678 0.0509181
-15.0616 8.68102 -4.79013 -0.597196 0.800557 0.0496576
-14.9236 8.71732 -3.70912 -0.597277 0.80053 0.0491191
-14.6498 8.83927 -2.46034 -0.590768 0.805088 0.0531614
-14.5025 8.8858 -1.49189 -0.586579 0.808245 0.0513365
-14.2372 8.97722 -0.0153429 -0.589068 0.806199 0.0551596
-13.6763 9.33997 0.724003 -0.5943 0.802704 0.049729
-12.8042 9.94901 1.27268 -0.598315 0.799773 0.0483609
-11.9911 10.5513 1.51455 -0.60526 0.794873 0.0428599
-11.037 11.2902 1.58028 -0.629566 0.774808 0.0568205
-10.1693 11.998 1.52831 -0.627973 0.776405 0.0533509
-9.43274 12.6211 1.28376 -0.637732 0.767097 0.0697156
-8.70729 13.2714 0.929328 -0.67012 0.729775 0.129535
-7.83976 14.1324 0.458456 -0.674565 0.733132 0.0857831
-7.12477 14.8789 -0.296345 -0.688116 0.719714 0.0906928
-6.65449 15.4514 -0.973641 -0.717233 0.688767 0.105259
-6.26642 16.0048 -1.81482 -0.723727 0.678152 0.127548
-5.92839 16.5589 -2.79484 -0.737644 0.663209 0.125662
-5.47904 17.2009 -3.4215 -0.749547 0.647764 0.136173
-4.85906 17.9662 -3.60857 -0.749796 0.646373 0.141391
-4.0183 18.9019 -3.49639 -0.741695 0.655378 0.142634
-2.92676 20.0588 -3.40656 -0.726027 0.675196 0.130331
-2.80412 19.9891 -2.32165 -0.729779 0.673132 0.11965
-2.80885 19.8142 -1.31423 -0.733543 0.671613 0.103842
-2.75361 19.6951 -0.0569031 -0.748714 0.656466 0.0916107
-2.72601 19.5944 1.04425 -0.752132 0.655423 0.0684787
-2.53925 19.7103 2.136 -0.75991 0.64778 0.0535008
-2.71684 19.4216 3.17533 -0.761666 0.645913 0.051584
-2.73384 19.3319 4.16384 -0.771816 0.634552 0.0405395
-2.69082 19.3416 5.14727 -0.768101 0.640049 0.0184583
-2.71293 19.3317 6.12269 -0.75338 0.65662 -0.0355863
-2.7388 19.3741 7.19606 -0.75726 0.651388 -0.0474425
-2.68052 19.5278 8.25268 -0.748281 0.660293 -0.0639419
-2.73096 19.6009 9.25275 -0.738734 0.665725 -0.105274
-2.78033 19.722 10.2779 -0.730081 0.670395 -0.132487
-3.27026 19.3992 11.2186 -0.7284 0.660058 -0.183729
-3.86668 18.8919 12.0359 -0.783757 0.597815 -0.168353
-4.28844 18.6223 13.0538 -0.813644 0.563238 -0.143118
-4.47003 18.6082 14.1211 -0.819365 0.562847 -0.108827
-4.54002 18.6831 15.311 -0.826896 0.558565 -0.0651791
-4.57525 18.7387 16.537 -0.815141 0.57788 -0.0391479
-4.56849 18.8033 17.5195 -0.803769 0.593951 -0.0343283
-4.58774 18.8349 18.5336 -0.799969 0.599467 -0.0262635
-4.89799 18.4356 19.4397 -0.803442 0.595241 0.0130097
-5.50028 17.6114 19.5389 -0.808658 0.588224 0.0076758
-6.13448 16.7351 19.5398 -0.803414 0.595166 -0.0174267
-6.85401 15.7805 19.4402 -0.7881 0.615312 -0.0170123
-7.79019 14.6078 19.4173 -0.770407 0.637359 -0.011975
-8.76791 13.4851 19.4578 -0.741305 0.67113 -0.00712964
-9.48392 12.73 19.5815 -0.706947 0.707178 -0.0111694
-10.5076 11.7381 19.5913 -0.677065 0.735804 -0.0127352
-11.3817 10.9455 19.6357 -0.665592 0.746285 -0.00673835
-12.1422 10.2881 19.6787 -0.642978 0.765866 -0.00531442
-12.9442 9.63992 19.6166 -0.613381 0.789787 -0.000574134
-13.8481 8.94654 19.6341 -0.604065 0.796924 -0.0042349
-14.6876 8.31968 19.6169 -0.590282 0.807166 -0.00706276
-15.6004 7.65831 19.5522 -0.58079 0.814037 0.0050886
-16.4434 7.07043 19.4815 -0.563911 0.825806 0.00692385
-17.4204 6.40738 19.6185 -0.555437 0.831532 0.00558014
-18.4738 5.71306 19.3965 -0.547337 0.836901 0.00437497
-19.3627 5.13253 19.2942 -0.547259 0.836953 0.00396738
-20.2512 4.56088 19.1749 -0.539564 0.841928 0.00524166
-21.1907 3.97185 18.9923 -0.529129 0.848539 0.00209754
-22.1701 3.36181 18.7139 -0.52869 0.848813 0.00159146
-23.1769 2.73978 18.4621 -0.525416 0.850843 0.00207778
-24.0455 2.21192 18.0329 -0.514479 0.857499 0.00272522
-24.9549 1.66862 17.5882 -0.510976 0.85958 0.00457939
-25.8567 1.13878 16.8948 -0.509226 0.860627 0.00287664
-26.35 0.853033 16.0908 -0.499584 0.866256 0.00409612
-26.531 0.75704 15.059 -0.499495 0.866276 0.00760043
-26.5495 0.757355 13.9274 -0.504276 0.863507 0.00751647
-26.4955 0.800176 12.6148 -0.50689 0.861997 0.00492754
-26.5182 0.798079 11.2483 -0.509142 0.860655 0.00686506
-26.531 0.8025 10.2634 -0.513062 0.858237 0.0140095
-26.13 1.06058 9.20442 -0.512578 0.858472 0.0168984
-25.2575 1.58827 8.76483 -0.513381 0.858022 0.0154539
-24.2944 2.1743 8.25234 -0.514588 0.857316 0.0144105
-23.389 2.72964 7.65315 -0.518412 0.855023 0.0134176
-22.4603 3.30589 6.7354 -0.522219 0.852744 0.0103256
-21.9043 3.66078 5.91431 -0.525192 0.850874 0.0136874
-21.292 4.06618 4.8875 -0.525813 0.850248 0.0244611
-20.7725 4.41926 3.89218 -0.528193 0.848772 0.0244357
-20.4864 4.62988 2.91954 -0.538267 0.842388 0.0255197
-20.1888 4.85233 1.87646 -0.537864 0.842563 0.0280816
-19.9488 5.04043 0.871033 -0.542381 0.839533 0.0315575
-19.575 5.31533 -0.0322616 -0.547361 0.836403 0.0287158
-19.0463 5.6912 -0.847355 -0.551685 0.833379 0.0332501
-18.54 6.06531 -1.68452 -0.55476 0.831107 0.0387066
-18.0874 6.4077 -2.49605 -0.559572 0.827821 0.0396356
-17.6714 6.75702 -3.82564 -0.565627 0.823703 0.039746
-17.3632 7.02995 -4.98867 -0.571477 0.819678 0.0392443
-16.8179 7.47601 -6.18164 -0.580856 0.812807 0.044167
-16.1877 7.9985 -7.34341 -0.593707 0.803394 0.0454937
-15.8133 8.33211 -8.24406 -0.599812 0.798578 0.0496816
-15.4185 8.6972 -9.41932 -0.613883 0.788614 0.0351542
-15.5548 8.65713 -10.7303 -0.610335 0.790901 0.0443399
-15.907 8.42895 -11.6266 -0.611832 0.790466 0.0287365
-16.3915 8.10669 -12.8292 -0.608204 0.792955 0.0343331
-16.8901 7.76474 -13.8586 -0.603331 0.797312 0.0169084
-17.4468 7.35961 -14.6037 -0.603032 0.797528 0.0173841
-18.1931 6.83292 -15.4216 -0.588718 0.80804 0.0219586
-19.0549 6.22516 -16.1923 -0.588305 0.808469 0.0152079
-19.776 5.72509 -16.6432 -0.572061 0.820121 0.0121323
-20.7019 5.09533 -17.3586 -0.566557 0.823899 0.0140422
-20.6952 5.1071 -17.743 -0.564625 0.825204 0.0153788
-19.8948 5.66495 -18.0813 -0.569217 0.822149 0.00800962
-18.9937 6.30223 -18.238 -0.582682 0.812586 0.0136525
-18.1055 6.94971 -18.3215 -0.595939 0.802869 0.0159078
-17.1287 7.69186 -18.549 -0.608523 0.793463 0.0103485
-16.1696 8.43574 -18.7236 -0.621323 0.78354 0.0046432
-15.215 9.2278 -18.8081 -0.650491 0.759377 0.0105991
-14.215 10.112 -19.135 -0.672332 0.739952 0.0137508
-13.2712 11.0048 -19.2553 -0.691827 0.721966 0.0118423
-12.3115 11.9633 -19.4142 -0.725639 0.687692 0.0227435
-11.3897 12.9629 -19.4511 -0.751576 0.659006 0.029042
-11.5252 12.8352 -20.3932 -0.749915 0.661439 0.0111743
-12.4289 11.8676 -20.3903 -0.724664 0.688929 0.0137666
-13.4734 10.8255 -20.1345 -0.695527 0.718234 0.0178393
-14.2036 10.1472 -20.147 -0.679167 0.733731 0.0192423
-14.9583 9.46837 -19.9765 -0.65306 0.757191 0.0131661
-16.0258 8.56653 -19.7434 -0.635982 0.7717 0.0023755
-16.7936 7.95445 -19.5706 -0.609314 0.792928 0.00137737
-17.6882 7.27625 -19.481 -0.595896 0.803056 0.00302087
-18.4503 6.70769 -19.2141 -0.593285 0.804922 0.010598
-19.3267 6.0773 -19.1768 -0.580874 0.813973 0.00572668
-20.2291 5.4433 -19.0077 -0.568182 0.822854 0.00896534
-21.1009 4.84122 -18.7094 -0.564386 0.825485 0.00647428
-22.1178 4.15501 -18.3262 -0.55324 0.833018 0.00239812
-22.8136 3.689 -17.6108 -0.548371 0.8362 0.00771074
-22.1818 4.09718 -16.9352 -0.548321 0.836211 0.00955788
-21.3019 4.6755 -16.4618 -0.556694 0.830597 0.0141791
-20.5617 5.17146 -15.9988 -0.5645 0.825307 0.0144316
-19.6891 5.76408 -15.469 -0.573824 0.818836 0.0149592
-18.7469 6.41555 -14.7487 -0.576552 0.81688 0.0171582
-17.9973 6.9398 -13.923 -0.590826 0.806565 0.0194521
-17.467 7.308 -13.1622 -0.590055 0.807083 0.0212746
-16.8679 7.71152 -11.9227 -0.59943 0.799673 0.0347349
-16.5151 7.93383 -10.9439 -0.59404 0.803615 0.0363084
-16.2418 8.09327 -9.85013 -0.602472 0.79727 0.0371096
-16.5454 7.82001 -8.9134 -0.598447 0.800323 0.0366659
-16.923 7.48764 -7.86796 -0.588213 0.807551 0.043196
-17.5201 7.00965 -6.8412 -0.579538 0.813994 0.0392227
-18.0776 6.56307 -5.63639 -0.569087 0.821545 0.0346899
-18.4285 6.26347 -4.36228 -0.564767 0.824516 0.0348046
-18.6485 6.06921 -3.42165 -0.558752 0.828689 0.0327307
-19.1218 5.71404 -2.50725 -0.556789 0.830006 0.0327272
-19.7034 5.2907 -1.59256 -0.549602 0.834574 0.0377331
-20.1643 4.95725 -0.780655 -0.542966 0.83913 0.032111
-20.5357 4.68675 0.0854536 -0.538493 0.842016 0.0321595
-20.8531 4.45387 1.11572 -0.539416 0.841673 0.0243979
-21.1387 4.23991 2.15989 -0.529806 0.847714 0.0261951
-21.4312 4.03188 3.07489 -0.528426 0.848682 0.0224661
-21.9727 3.66305 4.2519 -0.525852 0.850241 0.0238853
-22.5823 3.25963 5.36262 -0.51946 0.854253 0.0203223
-23.1384 2.90546 6.09231 -0.519052 0.854602 0.015526
-23.8112 2.48853 6.68367 -0.517573 0.855553 0.0120959
-24.5519 2.03445 7.27728 -0.514685 0.857292 0.0122841
-25.5383 1.43703 7.83178 -0.511745 0.859003 0.0151109
-26.4209 0.910234 8.05417 -0.507495 0.861465 0.0180547
-27.1794 0.439321 8.90199 -0.512639 0.858255 0.0241403
-27.3406 0.315822 10.023 -0.522266 0.85261 0.0171502
-27.3794 0.277482 11.7162 -0.518363 0.855144 0.00538336
-27.3068 0.323531 12.9768 -0.500968 0.865445 0.00603372
-27.3491 0.294847 13.9876 -0.495774 0.86844 0.00448898
-27.3614 0.282213 14.9622 -0.495856 0.868386 0.00567235
-27.2827 0.317626 15.9919 -0.49798 0.867134 0.0097445
-27.0195 0.45767 17.0055 -0.503181 0.864117 0.0105411
-26.5095 0.749132 17.7713 -0.50764 0.861559 0.00419976
-25.5449 1.31471 18.4806 -0.508958 0.860775 0.0052463
-24.6179 1.86605 18.8585 -0.515103 0.857123 0.00282058
-23.7911 2.36355 19.2726 -0.518063 0.85533 0.00464995
-22.9654 2.86779 19.6447 -0.525641 0.850705 0.00166348
-22.1247 3.38853 19.8739 -0.528249 0.849089 0.00108573
-21.2424 3.93702 19.9911 -0.531245 0.847211 0.00349984
-20.4128 4.45482 20.1796 -0.534275 0.845284 0.000188429
-19.4514 5.07016 20.3687 -0.542721 0.839898 0.00241753
-18.4063 5.75158 20.4059 -0.547737 0.836627 0.00629089
-17.4784 6.3628 20.5716 -0.558223 0.829646 0.00860349
-16.6523 6.92018 20.4236 -0.558051 0.82978 0.00612257
-15.8429 7.48538 20.508 -0.573469 0.819195 0.00496292
-14.9034 8.15721 20.6 -0.59032 0.807045 0.0141951
-14.1134 8.74161 20.6451 -0.604944 0.796209 0.00967516
-13.3059 9.35867 20.6068 -0.613853 0.789417 0.00244892
-12.2567 10.194 20.665 -0.624568 0.780945 0.00632813
-11.392 10.9359 20.583 -0.658183 0.752778 -0.00398781
-10.4704 11.7839 20.5366 -0.677888 0.735123 -0.00747902
-9.477 12.7487 20.5974 -0.709687 0.704142 0.0125238
-8.58163 13.7008 20.4002 -0.727875 0.685605 0.0119921
-7.84112 14.5628 20.3939 -0.763081 0.646256 0.0078051
-7.14006 15.4243 20.371 -0.786816 0.617153 0.0065207
-6.27965 16.5384 20.5439 -0.796189 0.605048 0.000394931
-5.67086 17.3575 20.5433 -0.803846 0.594368 0.0236432
-5.08012 18.1606 20.5462 -0.802422 0.595991 0.0301979
-4.495 18.9528 20.4795 -0.802913 0.596006 0.0103526
-4.05401 19.5521 19.7851 -0.796524 0.604607 2.325e-05
-4.02357 19.582 18.6601 -0.795981 0.605143 -0.0147392
-4.01499 19.5541 17.6361 -0.801603 0.597372 -0.0240745
-4.01767 19.5172 16.6026 -0.807618 0.589509 -0.00994826
-4.00966 19.4847 15.5021 -0.8283 0.559869 -0.0215979
-3.93461 19.4917 14.3077 -0.868645 0.488838 -0.0537722
-3.7092 19.4592 13.154 -0.815585 0.549397 -0.177374
-3.20345 19.766 12.1175 -0.773051 0.593959 -0.222721
-2.48228 20.3175 11.5357 -0.68546 0.69751 -0.208864
-2.13244 20.4419 10.4845 -0.710288 0.692743 -0.124847
-2.09996 20.334 9.50079 -0.735929 0.671486 -0.0866887
-2.04402 20.2806 8.44869 -0.755155 0.653442 -0.0524905
-2.09571 20.1497 7.39274 -0.767806 0.639727 -0.034974
-2.07027 20.1259 6.39149 -0.780234 0.624846 -0.0283164
-2.06568 20.1162 5.41783 -0.787186 0.616537 0.0148022
-2.07314 20.127 4.34084 -0.779558 0.625913 0.0206357
-2.07161 20.1823 3.35891 -0.769019 0.637799 0.0426789
-1.99221 20.3438 2.37473 -0.766491 0.64013 0.0520392
-2.04232 20.3686 1.27517 -0.759965 0.648048 0.0498579
-2.08373 20.4195 0.274784 -0.7468 0.661362 0.0699322
-2.10908 20.5037 -0.70464 -0.738497 0.669696 0.0782907
-2.05989 20.6857 -1.74521 -0.716423 0.691092 0.0940874
-2.11737 20.7837 -2.7687 -0.713085 0.691388 0.116157
-2.12575 20.9061 -3.83129 -0.662636 0.744751 0.0748791
-2.29955 20.8726 -4.70799 -0.65206 0.750296 0.108961
-3.06598 20.1568 -4.60957 -0.698369 0.696314 0.161553
-3.93802 19.183 -4.44802 -0.731886 0.668398 0.132615
-4.91976 18.1129 -4.60457 -0.74843 0.648072 0.140912
-5.72066 17.1653 -4.52821 -0.753295 0.641614 0.144492
-6.23242 16.4678 -4.04601 -0.74568 0.651843 0.138058
-6.6392 15.8659 -3.22831 -0.729878 0.673344 0.117836
-6.92788 15.378 -2.17341 -0.706673 0.695582 0.129533
-7.50933 14.6464 -1.26262 -0.692389 0.712651 0.112812
-8.12475 13.9734 -0.506036 -0.670784 0.737689 0.0765766
-8.96212 13.161 0.0162736 -0.661861 0.744058 0.0911989
-9.65971 12.5226 0.335222 -0.637212 0.766271 0.082401
-10.3877 11.9025 0.55877 -0.629659 0.773985 0.06687
-11.3957 11.0779 0.638081 -0.619881 0.781958 0.0651243
-12.2104 10.4531 0.528185 -0.607518 0.791624 0.0652063
-13.0637 9.83074 0.161681 -0.597758 0.799822 0.0543706
-13.5823 9.52823 -0.993401 -0.598857 0.798398 0.062698
-13.6807 9.52981 -1.96834 -0.598783 0.798665 0.0599326
-13.9238 9.41652 -2.9408 -0.599671 0.798216 0.0569519
-14.1713 9.30996 -4.12621 -0.608528 0.791479 0.0570509
-14.3381 9.28228 -5.50694 -0.607199 0.792417 0.0581536
-14.0177 9.60527 -6.54321 -0.620087 0.782107 0.0609881
-13.6792 9.94692 -7.45214 -0.628341 0.776013 0.0546892
-13.2912 10.348 -8.4888 -0.632461 0.772034 0.0629013
-12.7555 10.8604 -9.23455 -0.64412 0.762613 0.0594211
-12.1661 11.4223 -9.79131 -0.662683 0.745388 0.072424
-11.4702 12.0993 -10.2663 -0.667116 0.740277 0.083348
-10.6439 12.943 -10.761 -0.690377 0.717254 0.0944751
-9.87884 13.7843 -11.222 -0.71903 0.687716 0.100208
-8.99365 14.7859 -11.3967 -0.744804 0.656856 0.117507
-8.14576 15.7727 -11.406 -0.755925 0.642419 0.126
-7.45751 16.654 -11.7258 -0.760425 0.6348 0.137029
-6.81081 17.4213 -11.7083 -0.759672 0.635104 0.139761
-6.00001 18.3281 -11.7534 -0.731025 0.667478 0.141687
-5.03995 19.2968 -11.7403 -0.684478 0.711772 0.157704
-4.03765 20.0909 -11.4334 -0.631494 0.767375 0.110348
-3.17697 20.7613 -11.1554 -0.578416 0.807505 0.109426
-2.24459 21.3509 -10.8354 -0.53791 0.841373 0.0511586
-2.21222 21.4352 -11.8905 -0.497275 0.86695 0.0333898
-2.24995 21.48 -12.914 -0.477769 0.87378 0.0907984
-2.25328 21.5618 -13.8937 -0.435216 0.898256 0.0565021
-2.24389 21.6284 -14.8859 -0.370869 0.92563 0.073526
-2.29014 21.7124 -15.9898 -0.322489 0.94218 0.091096
-2.47773 21.7804 -17.0574 -0.269411 0.957607 0.0932333
-3.29645 21.6616 -17.716 -0.308514 0.925173 0.219778
-4.28169 21.2888 -17.928 -0.406122 0.870917 0.272674
-5.23409 20.7606 -17.9582 -0.497413 0.816437 0.293278
-6.085 20.0812 -18.0226 -0.643853 0.679697 0.351378
-6.69244 19.5856 -18.7935 -0.889884 0.44319 0.0822721
-6.78494 19.5329 -20.0169 -0.821755 0.569827 0.00387606
-7.28531 18.7984 -20.4661 -0.828665 0.559639 -0.00668559
-7.84872 17.9465 -20.5425 -0.843983 0.536229 -0.0120847
-8.49714 16.9158 -20.4499 -0.849201 0.527991 0.00905239
-9.13584 15.9483 -20.5157 -0.832122 0.554041 0.0221183
-9.70483 15.126 -20.4838 -0.821512 0.570185 -0.0025403
-10.4034 14.1833 -20.4879 -0.781404 0.624026 -0.000552331
-11.0208 13.408 -20.4807 -0.766649 0.640897 0.0238323
-11.3349 13.0516 -20.4344 -0.749915 0.66144 0.0111742
-14.0447 9.02101 1.54263 -0.582482 0.811686 0.0429672
-14.6923 8.60337 0.793685 -0.577892 0.814824 0.0458528
-15.1358 8.34918 -0.26757 -0.577573 0.815018 0.0464318
-15.3516 8.26498 -1.48236 -0.589225 0.806609 0.0468582
-15.5572 8.1889 -2.70989 -0.58366 0.810502 0.0492701
-15.748 8.11149 -3.7124 -0.586028 0.808854 0.0482309
-15.8219 8.12914 -4.92738 -0.587738 0.807764 0.0455628
-16.0775 7.98521 -5.72063 -0.588315 0.807415 0.0443405
-16.4528 7.66436 -4.81849 -0.577328 0.815409 0.0424257
-16.7964 7.36692 -3.78726 -0.57758 0.815204 0.0429443
-17.1068 7.08895 -2.67684 -0.571766 0.819377 0.0412921
-17.5408 6.73792 -1.58575 -0.563761 0.825057 0.0381519
-18.1323 6.29141 -0.60603 -0.559447 0.828156 0.0341727
-18.6513 5.9162 0.182312 -0.552081 0.833237 0.0302425
-19.1461 5.54494 1.26526 -0.548024 0.835759 0.033946
-19.4128 5.33726 2.23994 -0.540102 0.841045 0.0305359
-19.7148 5.1091 3.38349 -0.53908 0.841873 0.02533
-20.055 4.86114 4.35663 -0.53693 0.843258 0.0248847
-20.5165 4.54637 5.24065 -0.53352 0.845595 0.0180165
-21.0715 4.17738 6.2197 -0.53275 0.846148 0.0144578
-21.6987 3.76912 7.1969 -0.528776 0.848699 0.0102463
-22.442 3.30101 8.08596 -0.521147 0.853372 0.01274
-23.1739 2.84567 8.69034 -0.520145 0.853978 0.0130565
-24.0995 2.27471 9.26768 -0.516617 0.856118 0.0129896
-25.0754 1.67943 9.75718 -0.51455 0.857361 0.0130474
-25.6605 1.31576 10.6693 -0.512707 0.858474 0.0122761
-25.7039 1.27698 11.7003 -0.510791 0.859633 0.0111246
-25.6875 1.27587 12.8221 -0.508645 0.860936 0.00831704
-25.7326 1.237 14.0094 -0.508309 0.86113 0.00880151
-25.6675 1.2613 15.142 -0.505435 0.862797 0.0106573
-25.2948 1.47407 16.0648 -0.512893 0.858431 0.00597697
-24.5058 1.94195 16.7152 -0.512934 0.858414 0.00497097
-23.6411 2.45986 17.1365 -0.519025 0.854744 0.00506039
-22.7342 3.01371 17.5266 -0.527133 0.849777 0.00156636
-21.8487 3.56519 17.786 -0.528994 0.84862 0.00295447
-20.8179 4.20689 18.0307 -0.529024 0.848602 0.00299561
-19.9787 4.74262 18.1764 -0.540316 0.841439 0.00621053
-18.8265 5.48716 18.3382 -0.547357 0.836892 0.00346642
-17.8811 6.10951 18.526 -0.552874 0.833254 0.00431293
-16.7846 6.83971 18.5453 -0.559591 0.828748 0.00236033
-15.6829 7.59786 18.5614 -0.570904 0.821013 0.0026466
-14.8357 8.20452 18.6032 -0.588631 0.808391 -0.00416766
-13.7214 9.03361 18.6369 -0.602456 0.798076 -0.0110327
-12.6293 9.88135 18.6298 -0.626328 0.779364 -0.00026472
-11.6847 10.6676 18.7082 -0.650485 0.759386 -0.000323056
-10.8963 11.3619 18.6548 -0.661797 0.749634 -0.00742496
-9.9761 12.2271 18.6441 -0.696856 0.717064 -0.00475488
-9.13607 13.0668 18.5566 -0.707731 0.706461 -0.00546438
-8.42796 13.8486 18.47 -0.737672 0.674731 -0.020619
-7.69083 14.709 18.4185 -0.77596 0.629748 -0.0361096
-6.95951 15.6138 18.4331 -0.789412 0.612975 -0.0306063
-6.2715 16.5189 18.5321 -0.793794 0.607796 -0.0218021
-5.62675 17.3968 18.5356 -0.809976 0.585564 -0.0314454
-5.1463 18.0373 18.0062 -0.812138 0.582378 -0.0356066
-5.13664 17.9712 16.9147 -0.814751 0.577851 -0.0476329
-5.14181 17.8841 15.9401 -0.807302 0.58648 -0.065038
-5.09563 17.764 14.456 -0.804229 0.589982 -0.0716624
-4.83282 17.8298 12.8305 -0.789486 0.604113 -0.10844
-4.41009 18.1433 11.7379 -0.771916 0.619295 -0.143595
-3.87913 18.5949 10.8727 -0.753717 0.645162 -0.125207
-3.41936 18.9647 10.0487 -0.748986 0.649201 -0.132511
-3.35574 18.8273 8.817 -0.745549 0.659498 -0.0947135
-3.38726 18.654 7.58851 -0.753105 0.654873 -0.0618201
-3.38768 18.5748 6.52049 -0.755656 0.653683 -0.0405868
-3.33604 18.5847 5.54882 -0.760943 0.648109 -0.0300605
-3.33848 18.5805 4.5239 -0.762233 0.645145 0.050833
-3.42963 18.6023 3.01795 -0.755946 0.652937 0.0471076
-3.34234 18.8099 1.80452 -0.750953 0.656827 0.0681728
-3.36231 18.8921 0.823668 -0.75127 0.655942 0.0730305
-3.41471 18.9639 -0.206 -0.752296 0.651604 0.0972772
-3.45929 19.0901 -1.30252 -0.744661 0.656835 0.118518
-3.54034 19.1897 -2.35534 -0.741376 0.659041 0.126337
-4.29599 18.3872 -2.55637 -0.743699 0.655181 0.132574
-5.09467 17.4313 -2.37301 -0.746867 0.653035 0.125437
-5.55 16.758 -1.56277 -0.744202 0.656402 0.123669
-5.86812 16.2514 -0.737437 -0.728498 0.67648 0.108006
-6.32832 15.6443 0.0342841 -0.728454 0.678808 0.0926
-6.91134 14.9771 0.735838 -0.692166 0.718061 0.0720988
-7.66792 14.214 1.4184 -0.690327 0.721401 0.0550349
-8.41288 13.4729 1.81784 -0.680809 0.730848 0.0463088
-9.05482 12.8861 2.20101 -0.661775 0.749113 0.0297171
-9.92532 12.1403 2.48812 -0.629744 0.776022 0.0348111
-10.7411 11.476 2.57231 -0.626143 0.778884 0.0358093
-11.5389 10.8374 2.57378 -0.615278 0.787583 0.0322476
-12.3171 10.255 2.4094 -0.60317 0.796468 0.0427154
-13.0818 9.69884 2.11745 -0.596783 0.801476 0.0385487
-13.7815 9.20305 1.72068 -0.588974 0.807067 0.0417486
-4.86457 19.9954 -14.3536 -0.573551 0.805289 0.150159
-5.66585 19.6047 -15.5537 -0.708985 0.676814 0.198151
-6.622 18.3203 -14.6474 -0.746805 0.647634 0.151171
-7.55903 17.6333 -16.4768 -0.800993 0.582637 0.137638
-8.2163 17.046 -17.9774 -0.827003 0.5463 0.132748
-9.39086 15.325 -17.8658 -0.813871 0.57558 0.0795105
-8.58511 16.1209 -15.9659 -0.796555 0.595526 0.104161
-7.82966 16.767 -14.3525 -0.776751 0.616416 0.129188
-9.00618 15.2272 -14.0134 -0.763595 0.636206 0.110293
-9.80333 14.5165 -15.7303 -0.780191 0.619787 0.0846453
-10.6313 13.701 -17.5809 -0.76963 0.636276 0.0531307
-10.8083 13.5196 -17.9867 -0.758096 0.650123 0.051297
-12.2769 11.9282 -17.7607 -0.723637 0.689195 0.036881
-11.3325 12.7762 -15.8792 -0.741357 0.668273 0.061653
-10.4947 13.5251 -14.1635 -0.729653 0.679716 0.074782
-10.3277 13.6672 -13.8252 -0.738299 0.669693 0.0801649
-11.5631 12.3092 -13.2452 -0.71488 0.695936 0.0679681
-12.4358 11.5821 -14.9183 -0.693837 0.718995 0.0404551
-13.3674 10.7987 -16.6527 -0.679982 0.731665 0.0478632
-13.9401 10.3267 -17.6857 -0.678675 0.733626 0.03454
-15.531 8.94242 -17.2893 -0.629805 0.77654 0.0182205
-14.3749 9.84254 -15.3135 -0.643484 0.764893 0.0294452
-13.4549 10.5693 -13.6799 -0.664345 0.746224 0.0423751
-12.8263 11.0659 -12.5432 -0.673559 0.737714 0.0457812
-13.8871 10.0565 -11.38 -0.64915 0.758916 0.051475
-14.9553 9.26609 -13.2052 -0.629756 0.775997 0.0351585
-15.9725 8.51178 -14.9169 -0.62231 0.782384 0.0245798
-16.9616 7.78192 -16.5367 -0.61717 0.786453 0.0243613
-17.1413 7.64987 -16.8275 -0.616121 0.787438 0.0183716
-4.30494 18.2092 -1.73157 -0.747806 0.651289 0.128875
-3.92976 18.5071 -1.02356 -0.744551 0.657121 0.117624
-5.19327 16.9778 -0.549898 -0.753958 0.647636 0.110071
-4.17365 17.8856 1.47088 -0.753773 0.653131 0.07243
-3.7025 18.3354 2.44081 -0.750245 0.658798 0.0558356
-3.7621 18.0938 5.48403 -0.748156 0.662597 -0.0350404
-4.70282 17.1212 3.49526 -0.741693 0.669307 0.0438175
-5.78366 16.1058 1.32995 -0.727315 0.683504 0.0619198
-6.05094 15.8629 0.803844 -0.72909 0.682543 0.0506208
-7.1123 14.7059 1.91371 -0.697287 0.715439 0.0440303
-6.06046 15.616 3.88567 -0.730596 0.681306 0.0452831
-5.00231 16.7282 6.09932 -0.747074 0.664405 -0.0211313
-4.06075 17.9684 8.34337 -0.747173 0.659386 -0.0833202
-3.68697 18.5317 9.3086 -0.748117 0.654889 -0.106964
-4.49723 17.8811 11.0067 -0.769629 0.627685 -0.116977
-5.23525 16.728 9.08595 -0.749218 0.657322 -0.081239
-6.08093 15.6129 7.11543 -0.732626 0.67995 -0.0304363
-7.0439 14.5907 5.1492 -0.684025 0.729259 0.0170723
-8.17922 13.6135 3.09243 -0.674731 0.736886 0.0416769
-8.47129 13.3753 2.57526 -0.66536 0.745135 0.0454897
-9.89927 12.1212 3.25528 -0.627599 0.777281 0.0442122
-8.77228 13.0073 5.15611 -0.667519 0.744288 0.0213283
-7.56809 14.0926 7.35081 -0.691196 0.721793 -0.0355442
-6.64227 15.182 9.30857 -0.736759 0.672827 -0.0670066
-5.76305 16.4161 11.412 -0.769839 0.63084 -0.0968945
-5.18408 17.3963 12.9728 -0.789501 0.604057 -0.108641
-5.49635 17.4015 16.0362 -0.80999 0.583636 -0.0573143
-6.26277 16.12 13.8151 -0.791123 0.607815 -0.0684543
-7.125 14.8557 11.6757 -0.750691 0.657644 -0.0629926
-8.03234 13.7552 9.71578 -0.683567 0.729395 -0.0268015
-9.16438 12.6617 7.61649 -0.660555 0.750775 -0.00169223
-10.4032 11.6374 5.49989 -0.628597 0.777548 0.0168735
-11.6083 10.7429 3.55745 -0.615311 0.787624 0.032249
-11.8032 10.6066 3.2556 -0.607147 0.793886 0.0334258
-16.3558 7.65846 -3.46275 -0.574949 0.816782 0.0479615
-16.3026 7.69135 -3.38522 -0.579936 0.813278 0.0474592
-17.0139 7.09596 -1.48436 -0.572067 0.8193 0.0385659
-15.6454 7.94883 0.501815 -0.572263 0.819166 0.038498
-14.3403 8.76361 2.39789 -0.582491 0.811701 0.0429666
-13.0621 9.61672 4.32218 -0.583172 0.81151 0.036895
-11.8168 10.4912 6.2585 -0.612428 0.790421 0.012908
-10.6176 11.4148 8.21693 -0.633286 0.773902 -0.0049685
-9.39412 12.5135 10.3834 -0.676142 0.736384 -0.0238782
-8.23244 13.7078 12.6346 -0.717929 0.694998 -0.039441
-7.31358 14.8932 14.7443 -0.759359 0.648141 -0.0573334
-6.58482 15.9949 16.7045 -0.79723 0.600966 -0.0571231
-6.12354 16.696 18.0244 -0.806738 0.590339 -0.0259593
-7.64041 14.7209 17.5425 -0.767985 0.639868 -0.0277148
-8.62755 13.4484 15.1834 -0.732845 0.677883 -0.0584226
-9.61808 12.361 13.1614 -0.688126 0.725413 -0.0160823
-10.6852 11.3841 11.2298 -0.652031 0.758189 0.00204373
-11.9368 10.3629 9.13156 -0.619139 0.78528 0.00106567
-13.0768 9.51881 7.31593 -0.58201 0.812906 0.0211877
-14.3117 8.68285 5.4305 -0.578724 0.81508 0.0269004
-15.6232 7.82788 3.48122 -0.569612 0.821411 0.028729
-16.915 7.02125 1.61222 -0.559399 0.828196 0.0341244
-17.9887 6.36122 0.0626974 -0.560306 0.827425 0.0377487
-18.8322 5.73068 1.80998 -0.549685 0.834792 0.0311248
-17.4998 6.54208 3.7281 -0.551867 0.833611 0.0231146
-16.2484 7.33416 5.55568 -0.562796 0.826278 0.022924
-14.9487 8.18527 7.49668 -0.575724 0.817416 0.0193105
-13.717 9.00906 9.35805 -0.5817 0.813304 0.0127412
-12.4875 9.89851 11.2941 -0.612629 0.790316 0.00931504
-11.2685 10.8788 13.3392 -0.645555 0.763659 -0.00912081
-10.195 11.89 15.3098 -0.673695 0.738542 -0.0262804
-9.19593 12.9696 17.3513 -0.717136 0.69602 -0.035668
-8.97774 13.2253 17.8353 -0.733878 0.678497 -0.0326288
-10.4971 11.7222 18.0089 -0.689566 0.724041 -0.0162334
-11.5226 10.7477 16.0821 -0.648105 0.76132 -0.0187433
-12.7048 9.75377 14.0538 -0.599323 0.800413 -0.0122638
-13.8385 8.88291 12.2071 -0.59586 0.803079 0.00392983
-15.0182 8.06985 10.4032 -0.576082 0.817226 0.0164645
-16.4431 7.12939 8.26227 -0.56304 0.826252 0.0171526
-17.8363 6.24519 6.22276 -0.555605 0.831241 0.0184989
-19.1731 5.42762 4.30418 -0.539806 0.841386 0.0260608
-19.4041 5.28972 3.97472 -0.539557 0.841532 0.0264838
-20.1005 4.79343 5.95259 -0.532369 0.846323 0.0179072
-18.6652 5.67184 8.00871 -0.540508 0.841167 0.0169937
-17.403 6.46375 9.85255 -0.550411 0.83478 0.0137838
-16.1931 7.24899 11.6522 -0.558858 0.829224 0.00810095
-14.9878 8.07009 13.465 -0.577186 0.81654 -0.0108556
-13.7611 8.98515 15.4408 -0.596087 0.802817 -0.0128918
-12.5799 9.91918 17.4093 -0.620879 0.783906 -0.000452698
-12.147 10.2844 18.1683 -0.639935 0.768424 0.0026315
-14.0471 8.78107 18.051 -0.597885 0.80158 -0.00149156
-15.4814 7.7417 15.7586 -0.578648 0.815562 -0.00490836
-16.6877 6.90459 13.9183 -0.556041 0.831153 -0.00182273
-18.0738 5.99681 11.8672 -0.546678 0.837328 0.00493843
-19.4481 5.14075 9.87804 -0.534631 0.844994 0.0124564
-20.757 4.34283 8.00771 -0.534978 0.844728 0.0152808
-21.1092 4.13267 7.50521 -0.527803 0.849263 0.013268
-22.2545 3.40398 8.86741 -0.521265 0.853302 0.012591
-20.9113 4.20547 10.759 -0.529092 0.848468 0.0128145
-19.5522 5.04452 12.708 -0.536126 0.844127 0.00436641
-18.3087 5.83546 14.5146 -0.548299 0.836282 0.000367427
-17.0871 6.64446 16.3472 -0.555521 0.831502 0.000620361
-15.9844 7.38987 18.0374 -0.570849 0.821052 0.00225502
-18.2673 5.86083 17.5844 -0.550671 0.834721 0.00150317
-19.4868 5.0615 15.772 -0.537895 0.843009 0.00233192
-20.8524 4.21297 13.81 -0.531638 0.846935 0.0079034
-22.1559 3.41768 11.9583 -0.525783 0.850552 0.0106028
-23.5908 2.57108 9.95583 -0.51871 0.854842 0.0136179
-23.7461 2.48061 9.74005 -0.51699 0.855884 0.0135702
-25.0106 1.70057 10.9374 -0.5139 0.857744 0.0134786
-23.5903 2.53107 12.9032 -0.518609 0.854931 0.0117162
-22.2462 3.33247 14.7861 -0.529455 0.848312 0.00662627
-20.7466 4.25683 16.9221 -0.534949 0.844873 0.00438951
-20.4016 4.47259 17.4186 -0.53829 0.842756 0.00274376
-22.8815 2.92426 16.8244 -0.528436 0.84896 0.00471616
-24.2892 2.08104 14.87 -0.510918 0.859625 0.00269833
-25.1729 1.57104 13.6514 -0.510416 0.859885 0.00853945
