9.56168 21.0784 20.0846 -0.784228 -0.620277 0.00790866
9.13613 21.6053 20.2331 -0.777045 -0.629405 0.00713806
8.78443 22.0156 20.2009 -0.75385 -0.65701 0.00693429
8.90664 21.8752 19.7592 -0.759003 -0.651072 -0.00448645
9.23653 21.4832 19.6835 -0.779293 -0.626392 -0.0183187
9.54799 21.0981 19.732 -0.783884 -0.620735 -0.00632006
9.57603 21.0612 19.8013 -0.792017 -0.610479 -0.00493022
9.86549 20.6841 19.7977 -0.800053 -0.599917 -0.00331355
9.84363 20.7138 19.3227 -0.79512 -0.606397 -0.00557165
9.52589 21.1321 19.2219 -0.789639 -0.613523 -0.00774501
9.14354 21.6067 19.2107 -0.76606 -0.642454 -0.0201372
8.71816 22.1017 19.2241 -0.750423 -0.660461 -0.0242947
8.45089 22.3942 19.5882 -0.747491 -0.664177 -0.01033
8.4439 22.3998 20.1813 -0.748495 -0.663079 0.00542104
8.56211 22.2755 20.6527 -0.750975 -0.660238 0.00980474
8.89711 21.8966 20.7288 -0.753098 -0.657533 0.0218283
9.24797 21.4782 20.6738 -0.775404 -0.630927 0.026066
9.60871 21.0269 20.6375 -0.791941 -0.610186 0.0224202
9.90021 20.6418 20.5337 -0.80191 -0.597329 0.0113835
9.88791 20.6552 20.0685 -0.801113 -0.598507 0.00292662
10.1949 20.2438 20.0311 -0.803364 -0.595478 -3.03793e-05
10.2236 20.2092 20.5839 -0.80497 -0.593283 0.00627491
10.1452 20.3211 21.051 -0.805248 -0.592877 0.00840573
9.77001 20.8293 21.1391 -0.800616 -0.59869 0.0241507
9.4654 21.2281 21.1242 -0.780187 -0.624395 0.0379351
9.12815 21.6439 21.1686 -0.773957 -0.63239 0.0326317
8.80491 22.023 21.1669 -0.750169 -0.658872 0.0559841
8.42535 22.4399 21.1326 -0.735551 -0.677082 0.0227735
8.12915 22.7506 20.9731 -0.728614 -0.684609 0.0192531
8.11929 22.7541 20.4609 -0.73005 -0.683346 0.00804126
8.08908 22.7906 19.7478 -0.738167 -0.674615 -0.00156831
8.12072 22.7573 19.1904 -0.728098 -0.685453 0.0031154
8.27334 22.6057 18.8133 -0.729567 -0.683556 -0.0213935
8.73496 22.1036 18.7644 -0.74623 -0.664061 -0.0413988
9.11392 21.6605 18.7691 -0.767978 -0.639273 -0.0312961
9.49568 21.1833 18.7628 -0.791018 -0.611388 -0.0222476
9.81051 20.7719 18.7666 -0.795128 -0.606161 -0.0182301
10.1504 20.313 18.8688 -0.804025 -0.594489 -0.0112556
10.2084 20.2272 19.5021 -0.802908 -0.596091 -0.00389839
10.189 20.2522 19.8635 -0.802512 -0.596635 -0.00126095
