7.07076 21.2462 -19.797 -0.740156 -0.672314 0.00617645
7.32478 20.9586 -20.0285 -0.756717 -0.653722 0.00250286
7.07077 21.2409 -20.2968 -0.731891 -0.681385 -0.00707552
6.75716 21.5771 -20.2325 -0.732996 -0.680152 0.00288441
6.34146 21.9991 -20.3286 -0.689515 -0.724153 5.81686e-05
6.16454 22.17 -19.9816 -0.687096 -0.726321 0.0188937
6.43562 21.9125 -19.7903 -0.696553 -0.717478 0.00622224
6.78278 21.5546 -19.7138 -0.722045 -0.691827 0.00516503
6.90556 21.4264 -19.7142 -0.728075 -0.68537 0.00900493
6.86986 21.4764 -19.3115 -0.728493 -0.68439 0.027091
7.22715 21.0777 -19.3178 -0.749843 -0.660974 0.0291178
7.50199 20.7568 -19.3908 -0.764319 -0.644555 0.0147543
7.62102 20.6125 -19.7602 -0.770159 -0.637814 0.00566927
7.64407 20.5851 -20.253 -0.762542 -0.646923 -0.00442176
7.5555 20.6949 -20.7387 -0.764251 -0.644823 -0.0111003
7.18432 21.1196 -20.7411 -0.743615 -0.668238 -0.0222468
6.83328 21.5008 -20.7245 -0.726502 -0.686576 -0.028415
6.5027 21.8453 -20.7736 -0.703823 -0.71 -0.0215872
6.15055 22.1799 -20.7449 -0.670051 -0.742245 -0.0101945
5.83954 22.4625 -20.5673 -0.668057 -0.744037 0.00395733
5.78725 22.5111 -20.0598 -0.660614 -0.750683 0.00802739
5.82893 22.4829 -19.5936 -0.659247 -0.751676 0.0194015
6.11601 22.2351 -19.3655 -0.66635 -0.744954 0.0318749
6.48749 21.8714 -19.3149 -0.71366 -0.700058 0.0246623
6.64228 21.713 -19.3106 -0.720351 -0.692817 0.0331588
6.64405 21.737 -18.8661 -0.716972 -0.694856 0.0559114
6.94137 21.4158 -18.8645 -0.736521 -0.675527 0.0346503
7.32031 20.9938 -18.8689 -0.754539 -0.65405 0.0537556
7.65919 20.5894 -18.8791 -0.769652 -0.637306 0.0384327
7.88115 20.308 -19.1049 -0.776179 -0.630071 0.0235972
7.92597 20.2451 -19.5519 -0.771578 -0.636135 0.000354902
7.93787 20.2281 -20.0227 -0.784314 -0.620269 -0.00152605
7.92637 20.2505 -20.5873 -0.768538 -0.639762 -0.00719573
7.89044 20.301 -21.0332 -0.771407 -0.636291 -0.00806161
7.67135 20.5712 -21.2402 -0.76394 -0.644771 -0.0258221
7.37498 20.92 -21.2245 -0.75811 -0.651419 -0.029707
7.08955 21.2402 -21.2434 -0.73795 -0.673916 -0.0355998
6.79662 21.5586 -21.1993 -0.740829 -0.670487 -0.0397733
6.29778 22.0637 -21.2142 -0.691518 -0.721114 -0.0368544
5.81022 22.504 -21.2334 -0.654225 -0.755925 -0.0238267
5.49839 22.7632 -21.0526 -0.638514 -0.7688 -0.0352922
5.45339 22.7983 -20.5708 -0.65281 -0.757509 0.00443374
5.43219 22.8159 -20.0593 -0.639305 -0.768899 0.00910468
5.46194 22.8007 -19.6243 -0.654931 -0.755351 0.0225888
5.51634 22.7659 -19.1101 -0.636772 -0.770435 0.0308371
5.83945 22.5032 -18.9072 -0.652396 -0.756623 0.0399608
6.15262 22.2187 -18.8919 -0.687954 -0.724945 0.0341457
6.50155 21.8862 -18.839 -0.716972 -0.694856 0.0559106
