10.6935 21.2408 8.58807 -0.838113 -0.545327 -0.0134569
10.5451 21.4742 8.38317 -0.838105 -0.545274 -0.0160011
10.3649 21.7376 8.80321 -0.836661 -0.547506 -0.0152724
10.3257 21.7791 9.40082 -0.834743 -0.550429 -0.0150962
10.5966 21.3721 9.27478 -0.835669 -0.549012 -0.0154401
10.696 21.2339 8.70645 -0.837239 -0.546655 -0.014134
10.984 20.7885 8.75844 -0.838924 -0.544116 -0.011969
10.9962 20.7827 8.21181 -0.839857 -0.542674 -0.0119489
11.0166 20.768 7.49928 -0.841184 -0.540592 -0.0129857
10.7423 21.1918 7.58033 -0.84049 -0.54162 -0.0150039
10.4605 21.62 7.84395 -0.839322 -0.543415 -0.0154591
10.1964 22.0165 8.17093 -0.838088 -0.545254 -0.0174584
10.0587 22.2068 8.72362 -0.835447 -0.549201 -0.0201614
10.0302 22.2304 9.30135 -0.833641 -0.551989 -0.0185808
10.0185 22.2242 10.0188 -0.831293 -0.55547 -0.0198864
10.1523 22.0128 10.4434 -0.828958 -0.559088 -0.0157633
10.4535 21.5699 10.1245 -0.83132 -0.555665 -0.0119576
10.7327 21.153 9.8081 -0.836369 -0.548052 -0.0112296
10.9849 20.7765 9.29904 -0.838244 -0.545207 -0.0097636
10.9812 20.7881 8.99586 -0.838773 -0.544369 -0.0110688
11.275 20.3353 8.97571 -0.839624 -0.543062 -0.010702
11.2619 20.3442 9.62689 -0.839635 -0.543091 -0.00791073
11.0663 20.6392 10.0992 -0.837825 -0.545894 -0.00699292
10.7501 21.1162 10.4611 -0.834131 -0.55152 -0.00715281
10.4571 21.5535 10.7441 -0.829985 -0.557735 -0.00742363
10.1607 21.9855 11.0807 -0.826402 -0.563031 -0.00747201
9.86549 22.4126 11.3049 -0.825073 -0.564826 -0.0150155
9.70176 22.6612 11.0003 -0.825545 -0.564058 -0.0176978
9.68464 22.7032 10.4589 -0.826771 -0.562262 -0.0176497
9.71388 22.6822 9.90195 -0.828583 -0.559304 -0.0249681
9.71624 22.7029 9.31722 -0.832933 -0.552824 -0.024564
9.75152 22.6726 8.73931 -0.834583 -0.550412 -0.0227266
9.76345 22.6778 8.20293 -0.837507 -0.545882 -0.0243971
10.0589 22.2436 7.70717 -0.838901 -0.543847 -0.021801
10.3909 21.7437 7.33158 -0.839992 -0.542229 -0.0200169
10.6752 21.3108 7.0604 -0.840686 -0.541271 -0.0165441
11.0037 20.8082 6.73501 -0.841685 -0.539768 -0.0146985
11.3098 20.3296 6.76096 -0.842487 -0.538528 -0.0142468
11.3251 20.2911 7.33105 -0.843208 -0.537448 -0.0122662
11.2979 20.3194 7.97427 -0.841659 -0.539885 -0.011626
11.2883 20.3226 8.54534 -0.84032 -0.541986 -0.0106782
11.278 20.3338 8.81851 -0.839625 -0.543061 -0.0107001
