12.3768 21.5506 6.61397 -0.841863 -0.539496 -0.0145305
12.5929 21.2071 6.82593 -0.842162 -0.539051 -0.0137094
12.4155 21.4682 7.44297 -0.842059 -0.5392 -0.014152
12.2571 21.7268 7.00849 -0.841819 -0.539579 -0.0139824
12.3165 21.642 6.71259 -0.841787 -0.539612 -0.0145781
12.1666 21.8904 6.18683 -0.841857 -0.539494 -0.0149216
12.5195 21.3488 5.80042 -0.842656 -0.538262 -0.0143271
12.8431 20.8431 5.75594 -0.842778 -0.538082 -0.0139343
12.8627 20.7962 6.3815 -0.84287 -0.537941 -0.0137853
12.871 20.7647 7.10922 -0.842719 -0.538187 -0.0134253
12.7666 20.9144 7.66911 -0.842439 -0.538635 -0.0129622
12.4164 21.4517 8.03763 -0.841422 -0.540226 -0.012804
12.0964 21.9405 8.39067 -0.840491 -0.54164 -0.0141858
11.9527 22.1746 7.99263 -0.840924 -0.540949 -0.0148627
11.9524 22.1933 7.32537 -0.841459 -0.540131 -0.0143485
11.9699 22.1854 6.61979 -0.841708 -0.539727 -0.014918
12.069 22.0397 6.28916 -0.841857 -0.539495 -0.0149222
11.9098 22.3031 5.77134 -0.842364 -0.538688 -0.0154497
12.2782 21.737 5.41449 -0.843083 -0.537589 -0.0144685
12.5749 21.2801 5.11256 -0.84289 -0.537904 -0.0139989
12.8816 20.8064 4.85656 -0.842535 -0.53844 -0.0147278
13.1902 20.3238 4.78499 -0.843953 -0.536235 -0.0139828
13.1795 20.3222 5.50115 -0.843914 -0.53634 -0.0120871
13.151 20.3505 6.14665 -0.842872 -0.53793 -0.0140742
13.1679 20.3074 6.78987 -0.843177 -0.537457 -0.0138507
13.164 20.2967 7.45733 -0.843263 -0.537339 -0.0131954
13.0214 20.505 8.11304 -0.843093 -0.537631 -0.012129
12.7114 20.9827 8.42602 -0.84194 -0.53942 -0.0127586
12.3667 21.5121 8.72627 -0.840554 -0.541553 -0.0137377
12.0607 21.9787 9.08078 -0.838749 -0.544369 -0.012521
11.7203 22.4999 9.1787 -0.83863 -0.5445 -0.0148293
11.6226 22.6681 8.59183 -0.839068 -0.54371 -0.0183819
11.6359 22.6694 7.90313 -0.841765 -0.539598 -0.0162971
11.6495 22.6679 7.22329 -0.841526 -0.540016 -0.0146652
11.6411 22.7029 6.44315 -0.841 -0.540785 -0.016442
11.8352 22.4177 5.84547 -0.842348 -0.538692 -0.0161523
