-10.4009 21.2317 19.6606 0.806045 -0.591853 -0.00136471
-10.4218 21.2029 20.0859 0.805959 -0.591971 0.000605684
-10.0488 21.7105 20.1825 0.805548 -0.59253 -9.77309e-05
-9.87144 21.9505 19.8445 0.803836 -0.594848 -0.00184697
-10.127 21.6044 19.6915 0.805484 -0.592618 -0.000383841
-10.1754 21.5386 19.6838 0.805758 -0.592244 -0.000891919
-10.1795 21.5335 19.2448 0.805465 -0.592644 -0.000512313
-9.91091 21.8985 19.2503 0.805134 -0.593091 -0.00105977
-9.62404 22.2876 19.249 0.804576 -0.593799 -0.00727236
-9.58329 22.338 19.8159 0.800649 -0.599129 -0.00162484
-9.56159 22.3673 20.4107 0.800579 -0.599226 0.00136114
-9.81678 22.0258 20.694 0.802923 -0.596071 0.00364846
-10.1955 21.513 20.6469 0.804933 -0.593347 0.00477354
-10.5276 21.0586 20.61 0.808788 -0.588074 0.00567022
-10.7824 20.706 20.4227 0.81181 -0.583919 -0.00187513
-10.8298 20.6421 19.8073 0.810758 -0.585377 -0.00120538
-10.7421 20.7655 19.3235 0.811082 -0.584923 -0.00328354
-10.4609 21.1513 19.1882 0.804425 -0.594045 -0.00332018
-10.2556 21.4302 19.2211 0.805017 -0.593251 -0.000820265
-10.2346 21.4588 18.7525 0.805472 -0.592633 0.000679638
-9.95711 21.8357 18.7514 0.805247 -0.592938 0.00129125
-9.6501 22.2578 18.7235 0.807538 -0.589738 -0.00891641
-9.33674 22.6821 18.867 0.805669 -0.592317 -0.00757035
-9.26247 22.7759 19.322 0.804993 -0.593197 -0.0101442
-9.29467 22.7233 19.7986 0.797074 -0.603879 -0.0017387
-9.24905 22.7836 20.4097 0.798825 -0.601564 0.000289846
-9.26507 22.7634 20.9252 0.798353 -0.602184 0.00277039
-9.51387 22.4335 21.202 0.799829 -0.600225 0.00181996
-9.91547 21.8969 21.1908 0.803637 -0.595069 0.0077185
-10.2464 21.448 21.1295 0.806123 -0.591661 0.0101638
-10.6644 20.8727 21.1745 0.811633 -0.584155 0.00394318
-10.945 20.4807 21.0637 0.816184 -0.577779 0.00400495
-11.1036 20.2552 20.7584 0.816454 -0.57741 0.000586089
-11.124 20.2333 20.0863 0.812233 -0.583268 -0.00697268
-11.1245 20.2346 19.5988 0.810639 -0.585542 -0.00219533
-11.1151 20.249 19.1083 0.811837 -0.583872 -0.00383391
-10.9699 20.4548 18.756 0.813027 -0.582199 -0.0056324
-10.7091 20.8166 18.7395 0.806314 -0.591448 -0.00684418
-10.5475 21.0365 18.7023 0.803573 -0.595203 -0.00182807
