-11.9772 21.2925 7.75374 0.830916 -0.554135 -0.0501363
-11.9768 21.2432 8.30071 0.830858 -0.554153 -0.0508883
-11.7862 21.4794 8.83744 0.831172 -0.553582 -0.0519576
-11.6226 21.7502 8.57318 0.831655 -0.552846 -0.0520635
-11.726 21.6482 7.98872 0.831592 -0.553188 -0.0493836
-11.9116 21.3897 7.76729 0.830817 -0.554314 -0.0497889
-11.764 21.652 7.30019 0.830429 -0.555006 -0.048541
-12.0728 21.2143 7.0237 0.830636 -0.554561 -0.0500521
-12.3562 20.7956 6.95284 0.831277 -0.553639 -0.0496217
-12.3524 20.7463 7.57129 0.831154 -0.553836 -0.0494726
-12.2745 20.8038 8.22751 0.830323 -0.554975 -0.0506643
-12.2373 20.8085 8.77864 0.83041 -0.554738 -0.0518069
-11.9991 21.1264 9.19314 0.830928 -0.553885 -0.0526301
-11.7278 21.5017 9.52467 0.830735 -0.554182 -0.0525613
-11.4309 21.9214 9.79064 0.830556 -0.554422 -0.0528604
-11.2807 22.1711 9.538 0.83074 -0.554059 -0.0537535
-11.2856 22.224 8.92314 0.832088 -0.551893 -0.0551421
-11.3453 22.2 8.22774 0.83208 -0.552364 -0.0503577
-11.4378 22.1096 7.66634 0.831498 -0.553456 -0.0479214
-11.7058 21.7343 7.35473 0.830829 -0.554426 -0.0483133
-11.5942 21.9437 6.86218 0.828749 -0.557509 -0.0485385
-11.9487 21.4464 6.51072 0.829717 -0.555797 -0.0515512
-12.3173 20.9295 6.12177 0.830924 -0.553895 -0.0525467
-12.6098 20.5103 5.89508 0.831426 -0.553358 -0.050245
-12.7114 20.3254 6.24688 0.831739 -0.552767 -0.0515636
-12.6851 20.3068 6.87951 0.832128 -0.552282 -0.0504725
-12.6632 20.2825 7.53808 0.83056 -0.554915 -0.0473131
-12.5877 20.3442 8.12132 0.830642 -0.554639 -0.0490799
-12.5677 20.313 8.78458 0.830506 -0.554458 -0.0532598
-12.4708 20.4061 9.32528 0.830924 -0.553759 -0.0540023
-12.2042 20.7801 9.60062 0.830849 -0.554008 -0.0525841
-11.9121 21.1811 9.9937 0.83091 -0.553989 -0.0518214
-11.5846 21.6492 10.2347 0.829856 -0.555534 -0.0521516
-11.3084 22.0285 10.5856 0.830299 -0.554778 -0.0531542
-10.9729 22.5015 10.8827 0.829097 -0.556654 -0.0522924
-10.8723 22.6919 10.4653 0.829558 -0.555823 -0.0538081
-10.9062 22.7008 9.85732 0.830315 -0.554572 -0.0550247
-10.9655 22.6671 9.31018 0.830712 -0.553625 -0.058434
-10.9882 22.6968 8.71703 0.83846 -0.541644 -0.0595688
-11.04 22.6808 8.04013 0.836416 -0.546249 -0.0449282
-11.0976 22.6366 7.46267 0.832324 -0.552735 -0.0414102
-11.3804 22.2472 7.03853 0.828095 -0.558734 -0.0454642
-11.4858 22.0971 6.95766 0.829505 -0.556477 -0.0474913
