13.3947 21.1061 -19.8722 -0.820487 -0.571659 0.00203922
12.9565 21.7307 -19.8004 -0.818303 -0.574773 0.00397977
12.814 21.9314 -20.1275 -0.817242 -0.576275 0.00428676
13.0985 21.5254 -20.354 -0.817786 -0.575519 0.00179106
13.3928 21.1076 -20.1936 -0.818606 -0.574352 0.002129
13.4206 21.0687 -19.994 -0.819268 -0.573408 0.00149357
13.723 20.6343 -19.908 -0.8207 -0.571354 -0.00224403
13.6861 20.6881 -20.4259 -0.819786 -0.57267 -4.92578e-05
13.4666 21.0011 -20.7455 -0.817565 -0.575834 -0.000274564
13.1119 21.5045 -20.7734 -0.817696 -0.575644 0.00267818
12.7839 21.9709 -20.7316 -0.81812 -0.575041 0.00263866
12.5318 22.3283 -20.5242 -0.815778 -0.578352 0.00326791
12.4966 22.3806 -20.0086 -0.814827 -0.579694 0.00341818
12.536 22.3299 -19.4836 -0.815181 -0.579174 0.00609093
12.8649 21.8661 -19.3282 -0.818848 -0.573958 0.00772396
13.2171 21.3625 -19.2953 -0.821161 -0.570689 0.00281784
13.5158 20.9337 -19.3144 -0.821014 -0.5709 0.00289703
13.7014 20.6655 -19.6292 -0.821088 -0.5708 0.00130701
13.9806 20.2634 -19.6183 -0.821817 -0.569751 0.000666113
14.0227 20.2047 -20.1938 -0.822063 -0.569343 -0.00722446
14.0025 20.2368 -20.7303 -0.819081 -0.573675 -0.00180194
13.9345 20.3362 -21.2167 -0.818681 -0.574223 -0.00496247
13.5854 20.8334 -21.2331 -0.81824 -0.574868 -0.00307836
13.1397 21.4616 -21.2266 -0.815995 -0.578032 0.0036873
12.8404 21.8886 -21.2105 -0.819394 -0.573217 0.00321565
12.5355 22.3216 -21.2084 -0.815861 -0.578248 -0.000472561
12.2497 22.7232 -21.0328 -0.814047 -0.580798 0.000765114
12.2339 22.7474 -20.4233 -0.814387 -0.580317 0.00242741
12.234 22.7518 -19.775 -0.814733 -0.579806 0.00578772
12.2487 22.7353 -19.1677 -0.815892 -0.578204 0.000554254
12.5305 22.3431 -18.8687 -0.809523 -0.587052 0.00421523
12.8475 21.8985 -18.8612 -0.818967 -0.573724 0.0115746
13.1524 21.4572 -18.8555 -0.821488 -0.570225 0.000247481
13.4786 20.9888 -18.8528 -0.819809 -0.572632 0.00165448
13.8226 20.4937 -18.8988 -0.822339 -0.56899 0.00273696
13.9727 20.275 -19.3981 -0.822105 -0.569334 -0.000429656
13.9777 20.2678 -19.4476 -0.821817 -0.569752 0.000666472
