4.05186 29.6739 19.9641 -0.0547007 -0.998503 -0.000381932
4.43012 29.6531 19.6696 -0.0587071 -0.998269 0.000493057
4.88081 29.6251 19.8122 -0.0618806 -0.998082 0.00158045
4.55342 29.6464 20.2382 -0.0582277 -0.998293 0.00211186
4.07426 29.6726 20.115 -0.0546442 -0.998506 1.67196e-05
3.59562 29.6951 20.0002 -0.0446585 -0.999 0.00225807
3.67801 29.6915 19.4234 -0.043626 -0.999028 -0.00497042
4.27225 29.6636 19.2094 -0.0543587 -0.998497 -0.00650039
4.85805 29.6288 19.2446 -0.0630924 -0.997987 -0.0057421
5.38808 29.5916 19.5395 -0.0707937 -0.997485 -0.000441406
5.36016 29.5948 20.1149 -0.0682309 -0.997665 0.00293105
5.2755 29.6032 20.5683 -0.0612989 -0.998109 0.00448783
4.78742 29.6338 20.6725 -0.0622791 -0.998023 0.00837181
4.11993 29.671 20.6591 -0.0529606 -0.998592 0.00122228
3.67086 29.6933 20.5435 -0.0454545 -0.998963 0.00203183
3.57828 29.6962 20.1215 -0.0446555 -0.999 0.00225109
3.16032 29.7135 20.134 -0.0376777 -0.999289 0.000430052
3.18676 29.7147 20.7288 -0.042097 -0.999106 0.00380059
3.36897 29.7081 21.1493 -0.0430857 -0.999069 0.00239121
3.85126 29.687 21.1505 -0.0469654 -0.998836 0.00874015
4.33327 29.6614 21.1494 -0.0516629 -0.998642 0.00617432
4.88841 29.6316 21.1292 -0.0613659 -0.998049 0.0115062
5.47589 29.5946 21.1083 -0.0623593 -0.998009 0.00945587
5.82429 29.5671 20.866 -0.0712777 -0.997417 0.00892167
5.83982 29.5626 20.4469 -0.0722455 -0.997362 0.00702992
5.83657 29.5601 19.8899 -0.073202 -0.99731 0.00332476
5.86212 29.5575 19.343 -0.0728042 -0.997345 0.00155766
5.84327 29.5578 18.8837 -0.0741702 -0.997242 0.00183736
5.344 29.5961 18.7974 -0.0764131 -0.997075 -0.00167041
4.78111 29.6383 18.7862 -0.0655308 -0.997717 -0.0163185
4.31912 29.6656 18.7237 -0.0539353 -0.998485 -0.0103236
3.85428 29.6884 18.7927 -0.0507715 -0.998664 -0.00959338
3.30141 29.7121 18.8583 -0.0373462 -0.999272 -0.00613897
3.16793 29.7148 19.2088 -0.0436213 -0.999028 -0.00496844
3.13231 29.7152 19.6619 -0.0389435 -0.999236 -0.00311507
3.16356 29.7133 20.0305 -0.0364915 -0.999333 0.000976449
