15.656 21.3957 19.6996 -0.829147 -0.559026 0.0021009
15.3571 21.8388 19.9015 -0.827974 -0.560763 0.00199193
15.5293 21.5852 20.2116 -0.828333 -0.560231 0.00219438
15.8424 21.1206 20.0729 -0.829307 -0.558784 0.00308923
15.7693 21.2275 19.7166 -0.82965 -0.55828 0.0018821
15.746 21.2606 19.2433 -0.829967 -0.557812 0.00125295
16.0185 20.8553 19.3046 -0.830049 -0.557688 0.00150483
16.1158 20.7127 19.8522 -0.831096 -0.556123 0.00276157
16.1249 20.7024 20.3702 -0.829751 -0.558119 0.00409437
15.9161 21.0146 20.6422 -0.828846 -0.559464 0.00359395
15.632 21.435 20.6601 -0.828663 -0.559743 0.00252387
15.3362 21.8724 20.6619 -0.828282 -0.560309 0.00146222
15.0703 22.2646 20.5087 -0.827962 -0.560779 0.00229751
15.0647 22.2705 19.9858 -0.827906 -0.560859 0.00283129
15.0463 22.2957 19.4907 -0.827589 -0.561333 0.0010488
15.3002 21.9207 19.2476 -0.827858 -0.560936 0.00155285
15.5701 21.5218 19.2365 -0.829059 -0.559161 0.00060762
15.6295 21.4336 19.2409 -0.829199 -0.558953 0.000885082
15.6328 21.4279 18.7569 -0.829771 -0.558105 0.000240808
15.9517 20.9534 18.7785 -0.829989 -0.557779 0.00109037
16.2377 20.5274 18.8128 -0.830998 -0.556275 -0.000834291
16.4056 20.2765 19.1434 -0.831901 -0.554923 0.000286368
16.396 20.2922 19.6626 -0.831849 -0.555 0.00150364
16.4093 20.277 20.2164 -0.830478 -0.557 0.00743511
16.3892 20.3136 20.84 -0.829618 -0.558307 0.00529681
16.1174 20.7195 21.0858 -0.829282 -0.558803 0.00551111
15.7923 21.2006 21.1106 -0.828306 -0.56026 0.00417148
15.4956 21.6379 21.1186 -0.82766 -0.561228 0.00143954
15.2259 22.0365 21.1366 -0.828496 -0.559995 6.19163e-05
14.948 22.4492 21.1133 -0.83057 -0.55691 0.000600381
14.7738 22.7067 20.7894 -0.829768 -0.558046 0.0077238
14.7844 22.6833 20.1817 -0.827271 -0.561753 0.00640197
14.7751 22.6952 19.6974 -0.826869 -0.562394 0.000496848
14.7603 22.717 19.1573 -0.82774 -0.561111 5.39423e-05
14.9091 22.4969 18.8183 -0.827466 -0.561515 0.00083668
15.2266 22.0291 18.7603 -0.827805 -0.561014 -0.00165199
15.5502 21.5507 18.7533 -0.828524 -0.559954 0.000719755
15.5536 21.5457 18.7532 -0.829772 -0.558103 0.00023864
