-37.1687 2.93834 -13.9625 0.431487 -0.902031 -0.0087084
-36.5672 3.24813 -15.1008 0.44215 -0.896836 -0.0136275
-35.8337 3.62579 -16.4933 0.444533 -0.895713 -0.00925387
-36.5539 3.27594 -17.0147 0.438757 -0.898602 -0.00257955
-37.5263 2.80897 -17.0354 0.427251 -0.904111 -0.00636176
-38.5516 2.33522 -17.0594 0.412852 -0.91071 -0.0126999
-39.5365 1.89481 -16.9505 0.398907 -0.916873 -0.0136982
-40.7974 1.35351 -16.6364 0.38362 -0.923429 -0.0083961
-41.642 1.00346 -15.9699 0.376679 -0.926316 -0.00714518
-41.8463 0.910542 -14.8933 0.376227 -0.92647 -0.010343
-41.7962 0.918354 -13.8069 0.376315 -0.926422 -0.0113577
-41.782 0.90742 -12.69 0.373975 -0.927318 -0.014895
-41.6839 0.932257 -11.5957 0.373198 -0.92769 -0.0105713
-41.5007 0.991898 -10.3469 0.371966 -0.928181 -0.0110321
-41.2747 1.07033 -8.99199 0.383352 -0.923515 -0.0123808
-41.3249 1.03013 -7.7243 0.377936 -0.925727 -0.0139302
-41.4297 0.96687 -6.5829 0.375331 -0.926797 -0.0116408
-41.3344 0.997306 -5.36092 0.373426 -0.927639 -0.00629377
-41.2248 1.02739 -4.25143 0.377528 -0.925938 -0.0105689
-41.1719 1.02889 -3.12563 0.379752 -0.924907 -0.0182906
-41.0936 1.0459 -1.95335 0.3831 -0.923678 -0.00735513
-41.0674 1.04755 -0.619525 0.382846 -0.923793 -0.00601656
-41.0448 1.0459 0.557415 0.386199 -0.922379 -0.00823266
-40.9376 1.0828 1.86184 0.385273 -0.922795 -0.00373891
-40.9398 1.07106 3.02577 0.383675 -0.923416 -0.00978189
-41.0196 1.02552 4.19554 0.384475 -0.92309 -0.00907903
-40.9879 1.01832 5.69665 0.384071 -0.923217 -0.0118895
-40.9616 1.01811 6.814 0.381162 -0.924464 -0.00905501
-40.9913 0.9892 8.15154 0.381513 -0.924272 -0.013013
-40.9831 0.969629 9.62972 0.376195 -0.926415 -0.0143279
-40.9958 0.948443 10.8535 0.377736 -0.925878 -0.00812291
-40.9654 0.951003 12.0857 0.377409 -0.926024 -0.00639649
-40.9171 0.961961 13.3926 0.378495 -0.925592 -0.00464845
-40.8186 0.997134 14.5398 0.382487 -0.923941 -0.00584952
-40.6432 1.05948 15.8308 0.385409 -0.922713 -0.00734575
-40.5211 1.10317 16.9653 0.387701 -0.921761 -0.00674015
-39.9136 1.35635 17.7306 0.391581 -0.920134 -0.00365477
-38.7397 1.86269 17.9778 0.404582 -0.914486 -0.00531466
-37.5606 2.3939 17.9969 0.414735 -0.909903 -0.00847074
-36.3601 2.95918 17.9711 0.431197 -0.902178 -0.0108366
-35.354 3.44428 18.0935 0.438897 -0.898489 -0.00754295
-34.3254 3.95211 18.2123 0.445847 -0.895075 -0.00719722
-33.2544 4.49232 18.3299 0.459738 -0.88802 -0.00715525
-32.2627 5.01847 18.4149 0.475298 -0.879808 -0.00508783
-31.2409 5.57825 18.3873 0.483861 -0.875091 -0.00971143
-30.2705 6.12021 18.3358 0.48995 -0.871692 -0.0100858
-29.2775 6.68887 18.3259 0.505203 -0.862916 -0.012064
-28.3469 7.23863 18.3608 0.510333 -0.859935 -0.00850421
-27.2447 7.92318 18.3101 0.525033 -0.850844 -0.0198281
-25.8432 8.80597 18.4285 0.53831 -0.842283 -0.0279571
-24.8311 9.47094 18.4665 0.555777 -0.831099 -0.0184962
-23.907 10.0996 18.4671 0.572072 -0.820058 -0.0119082
-23.0328 10.7317 18.4558 0.600817 -0.79936 -0.00653177
-21.9641 11.5512 18.4408 0.613691 -0.789471 -0.010774
-21.009 12.3102 18.3987 0.63938 -0.768881 -0.00318757
-20.079 13.087 18.2964 0.646923 -0.762502 -0.000394268
-19.1802 13.8985 18.2788 0.67267 -0.739935 -0.00198096
-18.1876 14.8543 18.2826 0.716823 -0.697192 0.00615738
-17.2986 15.7718 18.1551 0.733225 -0.679635 0.0154919
-16.476 16.6837 18.1863 0.743451 -0.668431 0.021668
-15.5324 17.7885 18.224 0.762829 -0.646413 0.0155636
-15.0905 18.3027 17.3582 0.77761 -0.628395 0.0157776
-14.6195 18.8775 16.4184 0.784627 -0.61969 0.0185985
-13.9826 19.6964 15.865 0.795055 -0.606309 0.0166386
-13.2318 20.6661 15.6781 0.795062 -0.605884 0.0277844
-12.4374 21.6849 15.6944 0.780892 -0.624039 0.0279921
-11.7522 22.5351 15.7866 0.767786 -0.639647 0.0368387
-11.0169 23.3822 16.0296 0.73011 -0.683027 0.0203229
-10.3892 24.055 16.7262 0.66417 -0.746986 0.0117311
-9.96978 24.4573 17.7679 0.618234 -0.782436 0.0746338
-9.19218 25.0669 18.2967 0.589298 -0.806492 0.0479316
-8.04745 25.7456 18.2343 0.507867 -0.860484 -0.00438382
-7.31575 26.2119 17.4796 0.500916 -0.86455 -0.0404421
-6.74086 26.6635 16.5984 0.530285 -0.841026 -0.106131
-5.96129 27.2477 16.0541 0.580395 -0.804769 -0.124286
-4.96492 27.9558 15.76 0.558749 -0.826025 -0.0740406
-4.04004 28.5713 15.6783 0.484688 -0.873512 -0.0260205
-3.09665 29.141 15.7777 0.525077 -0.848548 0.0652722
-2.13555 29.633 16.3206 0.401132 -0.910079 0.104158
-2.25511 29.5415 15.9816 0.39036 -0.91645 0.0849254
-2.88435 29.216 15.0447 0.452335 -0.885683 0.0654828
-3.29733 29.0026 14.1481 0.45202 -0.89155 -0.0285774
-3.90811 28.6899 13.0491 0.472317 -0.881412 0.00548077
-4.26035 28.5018 12.0026 0.470354 -0.882449 -0.00710587
-4.49087 28.3853 10.8853 0.471281 -0.881967 0.00142819
-4.5572 28.3291 9.61656 0.482531 -0.875568 0.0233279
-4.42479 28.3716 8.51364 0.489224 -0.871795 0.0241981
-4.10575 28.482 7.3347 0.453999 -0.890354 0.0269469
-3.71469 28.6499 6.25199 0.417462 -0.908109 0.028669
-3.24847 28.8011 5.17724 0.420633 -0.905935 0.0473511
-2.9289 28.8968 3.81819 0.425986 -0.904109 0.0335168
-3.13699 28.7729 3.07859 0.406467 -0.912593 0.0395451
-3.96389 28.4138 3.83909 0.421247 -0.90643 0.0305934
-4.96379 27.9122 4.50174 0.479231 -0.876055 0.0456615
-6.10971 27.2643 5.07622 0.520775 -0.853231 0.0270932
-7.06035 26.6837 5.32372 0.538214 -0.842115 0.034176
-8.02134 26.0494 5.52149 0.574533 -0.816643 0.0548251
-9.1299 25.2296 5.57837 0.604972 -0.794629 0.0507347
-9.88206 24.6619 6.06387 0.627718 -0.775312 0.0697265
-9.92406 24.7316 7.22742 0.625593 -0.777143 0.0684331
-9.98605 24.7649 8.45715 0.645411 -0.763262 0.0201547
-9.95321 24.7945 9.56147 0.69365 -0.719988 -0.0146168
-9.9827 24.6836 10.6604 0.677405 -0.726603 -0.114758
-10.2756 24.2308 11.9407 0.694105 -0.716576 -0.0687768
-10.8268 23.5922 12.6536 0.732255 -0.678843 -0.053882
-11.6664 22.6102 12.9815 0.766865 -0.641383 -0.0233756
-12.4198 21.6705 12.794 0.792441 -0.609674 -0.0161127
-13.0482 20.8488 12.3493 0.79858 -0.601842 -0.00680954
-13.6199 20.0957 11.8006 0.79844 -0.601932 -0.00617404
-14.2533 19.2827 11.0578 0.784524 -0.620021 -0.00465231
-14.9158 18.4743 10.0926 0.773289 -0.633973 -0.00739761
-15.2143 18.1458 9.06745 0.772279 -0.635078 -0.0130447
-15.3719 17.983 7.89078 0.757557 -0.651511 -0.0375379
-15.5059 17.8887 6.54134 0.763355 -0.645702 -0.0161218
-15.5461 17.8779 5.45884 0.783671 -0.620992 -0.0151
-15.4912 17.9768 4.3329 0.789155 -0.614194 4.16519e-05
-15.2983 18.3021 3.21021 0.795195 -0.603506 -0.0586934
-14.8815 18.9296 2.2655 0.782081 -0.620321 -0.0584758
-14.4507 19.54 1.33375 0.784008 -0.619208 -0.0437415
-14.7556 19.2298 0.272541 0.773573 -0.632009 -0.0463718
-15.0364 18.9697 -0.765387 0.765067 -0.641764 -0.0530141
-15.2209 18.8822 -2.27526 0.76069 -0.646259 -0.0608312
-15.3476 18.8538 -3.49902 0.758323 -0.64831 -0.0681246
-15.4778 18.8194 -4.57925 0.75673 -0.649469 -0.0744983
-15.6481 18.7442 -5.64989 0.75673 -0.64942 -0.0749265
-15.7078 18.8068 -6.7657 0.764215 -0.639835 -0.0811572
-15.6657 19.0014 -7.91801 0.766449 -0.636886 -0.0830953
-15.5456 19.2927 -8.99599 0.770389 -0.632228 -0.0823694
-15.3764 19.6517 -10.0972 0.772948 -0.627956 -0.0906779
-15.1244 20.1099 -11.1076 0.779692 -0.619174 -0.0932943
-14.8004 20.6706 -12.1045 0.77867 -0.619414 -0.0999937
-14.4126 21.3162 -13.0399 0.776546 -0.620524 -0.109211
-13.9047 22.1228 -13.9092 0.781494 -0.611724 -0.122722
-13.2996 22.9465 -14.4379 0.753628 -0.641309 -0.144108
-12.5707 23.8193 -14.8578 0.716955 -0.683778 -0.135733
-11.7397 24.7211 -15.2391 0.694831 -0.708164 -0.125353
-10.795 25.591 -15.6633 0.61783 -0.779228 -0.104179
-9.90054 26.3254 -16.1438 0.591053 -0.801581 -0.0901346
-9.06073 26.9538 -16.5571 0.556016 -0.828891 -0.0615293
-8.21132 27.5325 -17.0221 0.504815 -0.85939 -0.0813044
-8.17237 27.6371 -17.8852 0.520232 -0.850665 -0.0731185
-9.23794 27.0436 -18.4627 0.535672 -0.838216 -0.101288
-10.332 26.2939 -18.3053 0.580545 -0.809672 -0.0812308
-11.3943 25.4743 -18.3741 0.618961 -0.775466 -0.124487
-12.2544 24.7082 -18.2051 0.703664 -0.706501 -0.0755818
-12.5849 24.2357 -17.2637 0.702888 -0.699928 -0.126685
-13.1017 23.5359 -16.4236 0.725119 -0.680148 -0.107707
-13.7208 22.7333 -15.9263 0.772784 -0.623732 -0.11474
-14.4182 21.8131 -15.8695 0.796627 -0.593875 -0.111761
-15.1334 20.8536 -15.9296 0.806237 -0.583639 -0.0958412
-15.8294 19.8933 -16.0702 0.817267 -0.571736 -0.0720531
-16.5753 18.9117 -16.631 0.812971 -0.580011 -0.0505505
-17.0714 18.2828 -17.5017 0.807294 -0.588675 -0.0416978
-17.9038 17.191 -18.2976 0.79685 -0.60362 -0.0211735
-18.6623 16.2318 -18.3107 0.776729 -0.629458 -0.0217879
-19.4385 15.3205 -18.3633 0.742717 -0.669247 -0.00469667
-20.346 14.3278 -18.2419 0.723175 -0.690608 0.00183604
-21.3433 13.3072 -18.2009 0.697527 -0.716528 -0.00663269
-22.2728 12.4299 -18.2565 0.672069 -0.740398 -0.0115565
-23.0912 11.7093 -18.2657 0.644518 -0.764455 -0.0143255
-23.9004 11.0505 -18.1339 0.618316 -0.785809 -0.013802
-24.8486 10.3145 -17.9673 0.603791 -0.796991 -0.015586
-25.7889 9.61821 -18.1103 0.582871 -0.812557 -0.00357388
-26.7 8.96964 -18.0089 0.575865 -0.817531 -0.0046839
-27.8218 8.19783 -17.336 0.564102 -0.825695 -0.00239284
-26.834 8.86482 -16.5034 0.56742 -0.823276 -0.0132642
-25.9575 9.48353 -16.6724 0.59041 -0.807028 -0.00924536
-25.2173 10.0263 -17.2946 0.595251 -0.803485 -0.00555492
-24.3301 10.697 -17.4395 0.611643 -0.790912 -0.015924
-23.3392 11.4889 -17.5173 0.646305 -0.763035 -0.00624682
-22.4919 12.2199 -17.5976 0.673522 -0.739097 -0.00964864
-21.7221 12.9345 -17.5284 0.695197 -0.718814 -0.00270954
-20.8355 13.8038 -17.2635 0.721127 -0.692643 -0.0126865
-19.9297 14.7242 -16.7652 0.728075 -0.685006 -0.0208937
-19.2097 15.5011 -16.1422 0.745466 -0.665967 -0.0276576
-18.6057 16.1642 -15.4211 0.768195 -0.639418 -0.0316673
-18.1025 16.7243 -14.5831 0.774748 -0.630744 -0.0439084
-17.7036 17.1399 -13.574 0.774743 -0.630174 -0.0513018
-17.4123 17.3921 -12.3827 0.77577 -0.627362 -0.0678087
-17.2979 17.4193 -11.3045 0.775638 -0.627863 -0.0646092
-17.2753 17.3292 -10.1291 0.765938 -0.639512 -0.0660538
-17.56 16.8584 -8.72474 0.753758 -0.654507 -0.0589015
-17.9878 16.2867 -7.90609 0.742086 -0.66725 -0.0639265
-18.5856 15.5503 -7.08508 0.733985 -0.675543 -0.0700472
-19.1886 14.8534 -6.48225 0.714895 -0.696364 -0.0619235
-19.9344 14.0678 -5.83702 0.692264 -0.719507 -0.0549883
-20.8246 13.1977 -5.07458 0.664552 -0.745108 -0.0560443
-21.416 12.6411 -4.27305 0.650069 -0.758154 -0.0509709
-22.1528 11.9597 -3.21284 0.626345 -0.778135 -0.0461967
-22.8154 11.3962 -2.45432 0.611638 -0.790237 -0.0369149
-23.6139 10.7644 -1.83201 0.593394 -0.804351 -0.0275512
-24.4273 10.1618 -1.21036 0.580661 -0.813859 -0.0215879
-25.2994 9.53348 -0.581443 0.572205 -0.819448 -0.0329602
-26.3208 8.84172 -0.0292563 0.540632 -0.840887 -0.0240276
-27.6525 7.99089 0.308456 0.529732 -0.847978 -0.0173314
-28.8535 7.25105 0.442905 0.518027 -0.855218 -0.0158217
-29.9053 6.62301 0.541652 0.50613 -0.862361 -0.0128662
-31.0348 5.97012 0.360267 0.497289 -0.867512 -0.0112138
-32.0054 5.42809 0.0802616 0.482366 -0.875902 -0.0108971
-32.9781 4.90472 -0.36581 0.47133 -0.881924 -0.0075764
-34.1774 4.28157 -0.997043 0.458955 -0.888433 -0.00689787
-35.1647 3.77688 -1.54937 0.454878 -0.890537 -0.00552205
-36.1596 3.28959 -2.31376 0.439641 -0.898099 -0.0115921
-36.9416 2.91366 -2.96008 0.440001 -0.897943 -0.00985219
-37.6624 2.57677 -3.71261 0.42581 -0.904777 -0.00808547
-38.2435 2.31538 -4.58128 0.416113 -0.909256 -0.00979763
-38.7726 2.0887 -5.5692 0.405291 -0.914158 -0.00743681
-38.9992 1.99982 -6.87809 0.40755 -0.913135 -0.00937428
-39.0845 1.97658 -8.07991 0.410918 -0.911545 -0.0152222
-39.0552 2.00645 -9.15892 0.412185 -0.91098 -0.0147821
-38.9135 2.09007 -10.3246 0.405551 -0.913977 -0.00964228
-38.4257 2.32993 -11.4642 0.416944 -0.908809 -0.0137598
-37.7629 2.65104 -12.7855 0.419232 -0.907844 -0.00773509
-37.3284 2.86119 -13.68 0.423238 -0.905984 -0.00794841
-36.6156 3.19943 -12.9744 0.436019 -0.899906 -0.00485968
-37.1128 2.95404 -11.8957 0.42985 -0.902881 -0.00524326
-37.6914 2.66183 -10.7133 0.424583 -0.905267 -0.0144169
-38.1287 2.42813 -9.30819 0.41606 -0.909127 -0.0187474
-38.1255 2.41676 -8.0808 0.420437 -0.907246 -0.0113392
-38.0204 2.44338 -6.90754 0.416626 -0.908965 -0.0128425
-37.7735 2.54748 -5.58798 0.429934 -0.902791 -0.0100392
-37.0315 2.89022 -4.53668 0.439672 -0.898095 -0.0103907
-36.0535 3.35668 -3.54071 0.442861 -0.896494 -0.0131589
-35.0778 3.83354 -2.7387 0.453229 -0.89133 -0.0106389
-34.1708 4.29514 -2.15622 0.463692 -0.885898 -0.013249
-33.1974 4.80138 -1.67978 0.470346 -0.88242 -0.010524
-32.1044 5.38523 -1.02172 0.482964 -0.875605 -0.00786713
-31.1759 5.90284 -0.759508 0.495133 -0.868786 -0.00734472
-30.194 6.46607 -0.511152 0.504089 -0.863608 -0.0086163
-29.086 7.12564 -0.599892 0.516844 -0.856009 -0.0108381
-28.1055 7.7238 -0.655273 0.530194 -0.847794 -0.00911525
-27.0532 8.39378 -0.845635 0.537957 -0.842884 -0.0111091
-26.1479 8.99177 -1.21546 0.547538 -0.836636 -0.0155778
-25.3442 9.53307 -1.71749 0.553591 -0.832515 -0.021347
-24.5882 10.07 -2.33605 0.589044 -0.807979 -0.014017
-23.7382 10.7156 -2.94906 0.596307 -0.802045 -0.0337985
-22.9557 11.3455 -3.67054 0.615241 -0.78731 -0.0386246
-22.3658 11.8658 -4.56439 0.625585 -0.77896 -0.043179
-21.8169 12.3638 -5.35442 0.637774 -0.768679 -0.04876
-21.1369 13.0034 -6.14153 0.654505 -0.754266 -0.0512406
-20.3121 13.7875 -6.8015 0.677876 -0.73292 -0.0559173
-19.587 14.5338 -7.35213 0.708437 -0.702372 -0.0688682
-18.8937 15.3142 -8.1133 0.726921 -0.684104 -0.0581828
-18.3953 15.9278 -8.8881 0.74028 -0.670118 -0.054102
-18.0303 16.439 -10.0317 0.750975 -0.657472 -0.0613746
-17.9432 16.6387 -11.2104 0.756401 -0.652075 -0.0514592
-18.0584 16.6088 -12.4651 0.757123 -0.651036 -0.0540151
-18.4676 16.2258 -13.7318 0.75572 -0.65328 -0.0459601
-18.9477 15.7197 -14.5524 0.754746 -0.655197 -0.0327902
-19.6691 14.9565 -15.3084 0.728566 -0.684406 -0.0278795
-20.3864 14.2116 -15.9007 0.724307 -0.688928 -0.0261393
-21.1854 13.4325 -16.3064 0.696137 -0.717705 -0.0171254
-22.0747 12.5927 -16.5663 0.671155 -0.741266 -0.00570334
-22.8866 11.8658 -16.6318 0.659129 -0.751902 -0.00314109
-23.7934 11.1111 -16.3987 0.616683 -0.787211 0.000384534
-24.9174 10.2405 -16.1641 0.60464 -0.796385 -0.0109546
-25.6952 9.65761 -15.6946 0.585448 -0.810575 -0.0126087
-26.5968 9.01257 -15.4784 0.571901 -0.820169 -0.0118785
-27.5443 8.37122 -15.6014 0.554512 -0.832071 -0.0104481
-28.2432 7.91451 -16.3352 0.552378 -0.833591 -0.00185161
-28.9529 7.46508 -17.1561 0.526549 -0.850073 -0.0102756
-28.904 7.50935 -18.312 0.535205 -0.844699 -0.00455777
-27.9685 8.11252 -18.6864 0.555203 -0.831684 -0.00570623
-27.0011 8.76116 -18.9463 0.576763 -0.816907 -0.00256136
-25.8152 9.6037 -19.1059 0.585155 -0.810921 0.000505542
-24.8116 10.3498 -19.1276 0.613142 -0.789944 -0.00670471
-23.9319 11.0422 -19.2459 0.622005 -0.782979 -0.00727904
-22.941 11.8637 -19.2931 0.651766 -0.758031 -0.0242762
-21.9504 12.7419 -19.3478 0.676213 -0.736664 0.00791351
-21.0793 13.5707 -19.2835 0.704429 -0.709756 -0.00523496
-20.1136 14.5621 -19.3994 0.729915 -0.683521 0.00483506
-19.3082 15.4487 -19.4017 0.75074 -0.660546 0.00826732
-18.5482 16.3836 -19.3579 0.786354 -0.617735 0.00561773
-17.694 17.5123 -19.4033 0.802289 -0.596872 -0.0086722
-16.9091 18.5958 -19.2166 0.821786 -0.569765 -0.00598573
-16.6813 18.8825 -18.2167 0.829676 -0.557116 -0.0354911
-16.2459 19.451 -17.3816 0.830476 -0.554089 -0.0573911
-15.6229 20.3168 -17.0182 0.818518 -0.569102 -0.0784297
-14.9818 21.2297 -16.9173 0.814332 -0.57035 -0.105632
-14.2943 22.1802 -16.911 0.796234 -0.58991 -0.131852
-13.5589 23.1643 -17.1904 0.754554 -0.636336 -0.160387
-13.0676 23.8567 -18.0727 0.71209 -0.697656 -0.0787647
-12.8439 24.2074 -19.2233 0.716788 -0.695113 -0.0515271
-11.8705 25.1501 -19.4253 0.652377 -0.75641 -0.0473575
-10.8413 26.001 -19.3927 0.621623 -0.781993 -0.0455055
-9.75922 26.7906 -19.4704 0.550169 -0.832211 -0.0688386
-8.64224 27.4723 -19.4143 0.49265 -0.866854 -0.0765511
-7.66533 27.9891 -19.105 0.462821 -0.884772 -0.0542427
-7.27421 28.1306 -18.1188 0.466955 -0.882459 -0.0567334
-6.58575 28.4131 -17.2025 0.39343 -0.912031 -0.0983172
-6.76899 28.2637 -16.5675 0.419717 -0.902587 -0.0957852
-7.67656 27.7595 -16.0956 0.476305 -0.874542 -0.0911554
-8.63225 27.1516 -15.6418 0.514533 -0.85116 -0.101963
-9.5619 26.4541 -15.2135 0.580666 -0.80369 -0.130035
-10.4844 25.6919 -14.6991 0.6034 -0.788861 -0.116649
-11.328 24.9076 -14.282 0.648171 -0.74853 -0.139916
-12.09 24.1163 -13.9176 0.699241 -0.700046 -0.144904
-12.8282 23.2658 -13.5245 0.727573 -0.671509 -0.140401
-13.5197 22.3735 -12.8803 0.7536 -0.646539 -0.118636
-14.0281 21.6152 -12.011 0.774599 -0.623643 -0.105027
-14.3875 21.033 -11.1554 0.76632 -0.633466 -0.106974
-14.6347 20.5761 -10.2027 0.771299 -0.629324 -0.0951228
-14.8728 20.104 -8.95357 0.769092 -0.632946 -0.088748
-14.9699 19.8277 -7.83064 0.760769 -0.641948 -0.095572
-14.9914 19.6518 -6.74569 0.759507 -0.644986 -0.0845142
-14.9458 19.5501 -5.50891 0.759188 -0.646324 -0.0767991
-14.7527 19.6442 -4.36667 0.757999 -0.648299 -0.0717312
-14.6158 19.6765 -3.13779 0.756089 -0.651448 -0.0628159
-14.4906 19.7253 -2.03019 0.761801 -0.645713 -0.0517917
-14.2463 19.9007 -0.489891 0.771721 -0.634725 -0.0396305
-13.9013 20.2533 0.645723 0.770449 -0.636876 -0.0279525
-13.5802 20.6069 1.85899 0.779845 -0.625812 -0.0142066
-13.7022 20.4321 2.58709 0.785809 -0.618462 -0.00289116
-14.4644 19.434 2.94467 0.797645 -0.60197 -0.0352343
-14.8387 18.8746 3.83767 0.807834 -0.588534 -0.0321074
-14.9431 18.6659 5.26277 0.794398 -0.606278 -0.0348844
-14.8556 18.7078 6.40009 0.786532 -0.616806 -0.0303047
-14.7661 18.7512 7.63092 0.788575 -0.613978 -0.0343617
-14.6088 18.9037 8.73013 0.787252 -0.616385 -0.0133551
-14.2431 19.3504 9.76001 0.789461 -0.61343 -0.021335
-13.6301 20.1189 10.5233 0.794741 -0.606437 -0.0249158
-12.9806 20.9762 11.208 0.800011 -0.599049 -0.0334982
-12.4012 21.7443 11.7218 0.798127 -0.600548 -0.045873
-11.706 22.6295 11.9755 0.782663 -0.618886 -0.0664697
-10.9694 23.5382 11.5865 0.735443 -0.668156 -0.112656
-10.6668 24.0053 10.6468 0.730851 -0.678938 -0.0700084
-10.6347 24.1369 9.35648 0.708911 -0.704323 -0.0360004
-10.6977 24.1132 8.27135 0.71496 -0.698714 -0.0250564
-10.6647 24.1022 7.12081 0.643572 -0.76153 0.0767094
-10.7165 23.956 5.9767 0.645326 -0.761644 0.0587659
-10.98 23.6426 4.89235 0.659261 -0.749825 0.0560196
-11.5449 23.053 4.09272 0.712303 -0.69755 0.0725097
-12.2254 22.3008 3.79346 0.755471 -0.653068 0.0525793
-11.7979 22.7866 4.07172 0.719576 -0.692614 0.0499577
-11.0577 23.5228 4.30384 0.673152 -0.735383 0.0779586
-10.0901 24.3851 4.53837 0.641275 -0.765795 0.0456948
-9.23647 25.0786 4.52361 0.626769 -0.777994 0.04309
-8.23292 25.8362 4.51138 0.593953 -0.803591 0.0378155
-7.33205 26.4665 4.3304 0.546522 -0.836548 0.0387351
-6.3279 27.1034 4.05763 0.527604 -0.84911 0.0254068
-5.46347 27.6067 3.62807 0.493543 -0.869563 0.0165971
-4.45274 28.14 2.95335 0.46893 -0.882069 0.0446453
-3.70118 28.4856 2.24688 0.406468 -0.912593 0.0395468
-2.7131 28.8769 1.52593 0.367133 -0.929513 0.0212326
-1.74991 29.2086 0.896613 0.323016 -0.945074 0.0432787
-0.838527 29.4708 0.430277 0.301463 -0.952252 0.0477808
-1.05477 29.438 1.08092 0.268945 -0.962421 0.0376134
-1.60406 29.3291 2.22096 0.296826 -0.953673 0.0490092
-1.87232 29.3047 3.28361 0.317626 -0.946664 0.0542277
-2.08546 29.2737 4.76057 0.338979 -0.940531 0.0222367
-2.39442 29.2012 5.84352 0.358396 -0.931283 0.0653001
-2.94756 29.0204 6.93041 0.391085 -0.919773 0.0308066
-3.32418 28.8818 8.02526 0.422774 -0.905561 0.034778
-3.63068 28.7863 9.39842 0.419782 -0.907231 0.0263468
-3.59219 28.8295 10.6851 0.418119 -0.908339 0.00814006
-3.33302 28.9494 11.8282 0.422003 -0.906562 0.00217377
-2.79596 29.2169 13.0738 0.400744 -0.915791 0.0270237
-2.21688 29.4705 13.9538 0.374645 -0.927134 -0.00798966
-1.67435 29.72 14.925 0.338086 -0.938508 0.0389217
-0.788921 29.9926 15.6599 0.274821 -0.961287 0.0196919
0.191922 30.136 16.0882 0.11772 -0.992709 -0.0120955
1.29451 30.2168 16.4513 0.0497791 -0.997147 -0.0493794
2.48078 30.2287 16.5519 -0.0459341 -0.998467 -0.0292233
3.60752 30.1572 16.5052 -0.0761938 -0.996062 -0.0448516
5.00853 29.9877 16.1966 -0.159894 -0.987118 -0.00565494
5.98027 29.8016 15.7623 -0.212516 -0.977086 0.0118315
6.87141 29.545 15.1592 -0.31157 -0.950097 0.0155
7.84146 29.1441 14.5561 -0.416475 -0.90849 0.0345462
8.96444 28.6187 13.9616 -0.48202 -0.875772 -0.0260945
9.93304 28.0436 13.3878 -0.577558 -0.814966 -0.0475152
10.6935 27.4659 12.7679 -0.664323 -0.747444 0.00169597
11.3304 26.8579 12.1048 -0.701985 -0.710062 0.0417703
11.9906 26.1135 11.398 -0.738225 -0.67206 0.0526973
12.6222 25.3317 10.3329 -0.758637 -0.65137 0.0135956
12.9788 24.8558 9.20903 -0.794949 -0.606478 0.0155037
13.3066 24.3927 8.27924 -0.818039 -0.575153 0.00327092
13.8475 23.6211 8.41011 -0.822718 -0.567631 0.0305032
14.4585 22.7489 8.6701 -0.821763 -0.567742 0.0487266
15.1102 21.7671 8.28333 -0.815725 -0.575358 0.0589175
15.7294 20.8562 7.73631 -0.799016 -0.598699 0.0559705
16.348 19.981 7.10257 -0.789174 -0.611411 0.0581404
16.9874 19.1022 6.25305 -0.767342 -0.638483 0.0571533
17.186 18.802 5.07216 -0.758104 -0.651358 0.031796
17.2194 18.7299 3.90341 -0.770948 -0.636314 0.0272707
17.2208 18.7186 2.75791 -0.773498 -0.63374 -0.00704171
17.2447 18.7099 1.55373 -0.76462 -0.644396 -0.0105017
17.0764 18.9442 0.504621 -0.776946 -0.629542 -0.00563174
16.5886 19.6531 -0.368832 -0.803091 -0.594053 -0.0461565
15.9264 20.6192 -0.446279 -0.828067 -0.559039 -0.0421923
15.3005 21.5315 0.074299 -0.832638 -0.553058 -0.0289848
14.6227 22.5291 0.723451 -0.8355 -0.548996 -0.0232762
14.091 23.3085 0.249126 -0.804307 -0.593427 -0.0112894
13.7977 23.6714 -0.769824 -0.783877 -0.620753 0.0127419
13.5276 24.0138 -1.76033 -0.763461 -0.64476 0.0179438
13.1159 24.387 -2.87769 -0.756745 -0.649953 0.0699869
12.6231 24.7861 -3.88177 -0.708426 -0.70131 0.07935
11.8917 25.4075 -4.82955 -0.689511 -0.712818 0.124616
11.1192 25.9836 -5.52848 -0.637077 -0.753731 0.154041
10.1523 26.6637 -5.86308 -0.604907 -0.781111 0.154766
9.1681 27.2901 -5.99393 -0.535075 -0.830924 0.152509
8.0912 27.9356 -6.06789 -0.462507 -0.874797 0.134069
6.99466 28.4304 -6.04733 -0.376608 -0.919573 0.11052
5.98585 28.8122 -5.98099 -0.280674 -0.951913 0.122815
4.8825 29.1738 -5.7412 -0.248161 -0.958489 0.134327
3.87871 29.4737 -5.11526 -0.155819 -0.979793 0.117269
2.85998 29.6326 -4.74212 -0.100795 -0.990287 0.0924926
3.34627 29.4982 -5.45369 -0.11698 -0.98744 0.106196
3.65123 29.3334 -6.43922 -0.171624 -0.981223 0.0869442
3.85176 29.2022 -7.50107 -0.180894 -0.981081 0.0689773
4.05009 29.0792 -8.60127 -0.23278 -0.970691 0.0597736
4.11215 28.9857 -10.0706 -0.278352 -0.95658 0.0678511
3.97462 28.8714 -11.3394 -0.293848 -0.945329 0.141445
3.45149 28.9005 -12.6308 -0.286842 -0.955515 0.0579618
2.86738 29.0128 -13.6706 -0.255134 -0.966746 0.0175507
2.1193 29.1628 -15.0261 -0.284932 -0.957761 0.0388312
1.45838 29.3787 -16.0845 -0.291913 -0.955439 -0.0438505
0.599128 29.5406 -16.8457 -0.0830935 -0.992054 -0.0874871
-0.328079 29.5994 -17.4092 -0.0229173 -0.998923 -0.0403354
-1.45221 29.6014 -17.8111 0.0545726 -0.998334 -0.0141602
-1.51757 29.5986 -18.88 0.0534439 -0.998571 -3.32871e-05
-0.665065 29.6319 -19.452 -0.00151639 -0.999368 -0.0355234
0.504593 29.6294 -19.4303 -0.0014732 -0.99937 -0.0354476
1.32628 29.5235 -18.2514 -0.0561429 -0.991624 -0.11632
1.99631 29.3128 -17.3224 -0.297378 -0.946141 -0.127998
3.13289 28.8196 -16.9066 -0.425071 -0.904575 0.032541
4.47039 28.1345 -16.9381 -0.45358 -0.887016 0.0864149
5.42497 27.5439 -17.1881 -0.446025 -0.879453 0.166059
6.23202 26.9874 -18.0663 -0.373575 -0.912539 0.166477
6.62279 26.6764 -19.291 -0.378389 -0.924271 0.050452
7.98156 26.0926 -19.4292 -0.395032 -0.917537 0.0455592
8.98784 25.6373 -19.484 -0.433285 -0.900856 0.0268744
10.0716 25.0567 -19.4951 -0.543585 -0.837775 0.0439431
11.1312 24.2871 -19.4454 -0.607532 -0.793283 0.0400994
11.5027 23.9732 -18.5022 -0.672732 -0.739875 -0.00396589
11.8808 23.6164 -17.4617 -0.691518 -0.722203 -0.0127449
12.8405 22.6011 -16.841 -0.748102 -0.663561 -0.00555707
13.5306 21.7749 -16.9506 -0.788335 -0.613538 0.0458067
14.1978 20.9218 -16.9235 -0.789403 -0.607103 0.0906716
14.9942 19.856 -17.143 -0.780737 -0.610025 0.133965
15.4301 19.1862 -17.8841 -0.768359 -0.636552 0.0665259
15.6892 18.812 -19.0777 -0.75067 -0.660114 0.0272712
16.3894 18.0129 -19.3949 -0.736806 -0.674361 0.0485136
17.2277 17.1348 -19.4281 -0.710112 -0.701728 0.0576089
18.3435 16.028 -19.3375 -0.699139 -0.71295 0.053686
19.1263 15.2657 -19.3745 -0.689207 -0.723015 0.0473527
19.9124 14.5169 -19.3877 -0.677131 -0.733654 0.0555364
20.8015 13.7513 -19.2563 -0.652206 -0.757087 0.0380368
21.6393 13.0485 -19.1718 -0.635743 -0.770037 0.053551
22.5257 12.3264 -19.1924 -0.62289 -0.781046 0.0444012
23.5879 11.4818 -19.1643 -0.62012 -0.783406 0.0415401
24.6915 10.6358 -19.1955 -0.59865 -0.800124 0.037668
25.7781 9.8529 -19.1465 -0.582478 -0.812236 0.0313727
26.9089 9.07159 -19.1098 -0.566449 -0.823871 0.0192884
28.1244 8.24538 -19.2026 -0.553333 -0.832711 0.0179325
29.1783 7.56295 -19.2873 -0.535144 -0.844602 0.0141292
30.1878 6.94245 -19.3355 -0.515715 -0.856586 0.0172953
31.1262 6.37598 -19.4323 -0.513839 -0.8576 0.0221896
32.4269 5.62216 -19.3357 -0.493446 -0.86945 0.0232903
33.7579 4.88489 -19.2095 -0.480869 -0.876494 0.0225263
34.8265 4.30342 -19.2409 -0.47133 -0.881685 0.0211839
35.8368 3.77047 -19.2499 -0.459885 -0.887804 0.0159639
37.1588 3.11622 -19.0302 -0.433721 -0.900892 0.0167446
38.1935 2.62339 -18.8774 -0.428328 -0.903535 0.0126601
39.173 2.16965 -18.6469 -0.415948 -0.90925 0.0158438
40.2184 1.70333 -18.5315 -0.391615 -0.919897 0.0206482
41.3392 1.23062 -18.4506 -0.388689 -0.921259 0.0139233
40.3482 1.66719 -17.5455 -0.396672 -0.917696 0.021029
39.4869 2.06873 -16.7475 -0.408171 -0.912583 0.0240096
38.6139 2.48746 -16.0662 -0.425291 -0.904752 0.023416
37.7517 2.91151 -15.2985 -0.441759 -0.897042 0.0128075
36.9406 3.32842 -14.5445 -0.458938 -0.888301 0.0172264
35.9288 3.87184 -13.7481 -0.461505 -0.88666 0.0289418
34.9807 4.39291 -12.8267 -0.466349 -0.884257 0.0242787
34.3691 4.7585 -11.6871 -0.471312 -0.881392 0.0318386
33.985 5.00523 -10.6939 -0.484257 -0.87419 0.0358579
33.7162 5.20177 -9.58047 -0.480873 -0.876107 0.034285
33.7127 5.25392 -8.19553 -0.49466 -0.868333 0.0362014
33.7994 5.26027 -6.82825 -0.488805 -0.871677 0.0353264
34.0143 5.18459 -5.69832 -0.486491 -0.872939 0.0359861
34.456 4.99349 -4.49448 -0.480712 -0.876182 0.0348895
35.0521 4.71083 -3.32943 -0.474839 -0.879455 0.0329679
35.8354 4.32101 -2.38989 -0.473822 -0.880136 0.0292079
36.7244 3.89094 -1.51837 -0.45668 -0.889134 0.0297499
37.4278 3.55884 -0.691914 -0.437906 -0.898607 0.027272
38.5707 3.0251 0.160902 -0.435217 -0.899976 0.0245821
39.3522 2.67145 0.831248 -0.418999 -0.907571 0.0274524
40.235 2.29164 1.60494 -0.405178 -0.913967 0.0222494
41.3526 1.82528 2.45405 -0.389856 -0.920549 0.02452
42.1469 1.50976 3.12042 -0.380783 -0.924552 0.0144439
42.99 1.18289 4.00291 -0.36377 -0.931443 0.00924747
43.8339 0.868389 4.85912 -0.356772 -0.934106 0.0125114
44.4681 0.641377 5.99478 -0.354805 -0.934866 0.0117819
44.7304 0.557874 7.08067 -0.351581 -0.936087 0.0112927
44.8097 0.543369 8.47627 -0.348727 -0.937141 0.0118006
44.8447 0.549288 9.8009 -0.351189 -0.936238 0.0111547
44.9538 0.524617 11.0869 -0.346668 -0.937937 0.009592
44.9025 0.555405 12.3561 -0.340112 -0.940358 0.00639795
44.7981 0.60494 13.4953 -0.351086 -0.936322 0.00479984
44.8636 0.582969 14.8605 -0.349546 -0.936916 0.00249216
45.012 0.538609 16.1409 -0.34556 -0.938381 0.00542749
45.104 0.513574 17.3957 -0.340809 -0.940094 0.00847876
44.364 0.787419 18.3223 -0.349 -0.937111 0.00461709
43.12 1.25704 18.4784 -0.353886 -0.935279 0.00421072
41.9872 1.70538 18.638 -0.37511 -0.926958 0.00410888
40.62 2.27434 18.8724 -0.386041 -0.922469 0.00484952
39.274 2.87286 19.1327 -0.41088 -0.911688 -0.00169064
37.9833 3.46703 19.2835 -0.419143 -0.907901 0.00588539
36.8125 4.03248 19.504 -0.443883 -0.896064 -0.00072584
35.6455 4.61916 19.5822 -0.455031 -0.890433 -0.00870926
34.4354 5.24765 19.5662 -0.470383 -0.88237 -0.0127952
33.3006 5.86735 19.5365 -0.489527 -0.871952 -0.0078881
32.346 6.41043 19.5468 -0.509691 -0.860348 -0.00410555
31.3934 6.9758 19.5477 -0.516878 -0.856008 -0.00782452
30.3849 7.59834 19.5692 -0.52666 -0.850075 -0.00119559
29.2422 8.34118 19.5743 -0.549589 -0.835366 -0.00964669
27.967 9.20838 19.5627 -0.578231 -0.815684 -0.0175682
26.9422 9.94935 19.572 -0.593325 -0.804941 -0.00591135
25.909 10.7279 19.604 -0.612075 -0.790738 -0.00991143
25.0231 11.4279 19.5389 -0.627005 -0.77888 -0.0145064
24.1541 12.1452 19.514 -0.643041 -0.765762 -0.010334
23.3172 12.8751 19.4918 -0.669713 -0.742257 -0.0223441
22.2339 13.8737 19.4814 -0.679504 -0.73353 -0.0144499
21.2978 14.8021 19.4178 -0.708093 -0.706097 -0.00560473
20.3716 15.8078 19.3189 -0.747586 -0.664156 0.00331757
19.4767 16.8409 19.3363 -0.763679 -0.645586 0.00350441
18.6114 17.9059 19.3451 -0.788765 -0.614634 0.0086627
17.994 18.7073 18.9977 -0.808613 -0.588146 0.0151479
17.6829 19.0921 17.7426 -0.806234 -0.59092 0.0281118
17.1476 19.7974 17.0328 -0.815991 -0.57661 0.0409789
16.2288 21.0901 16.7189 -0.817817 -0.572625 0.0571894
15.5192 22.1319 16.8598 -0.822775 -0.564887 0.0627355
14.8724 23.0628 17.0207 -0.804309 -0.589935 0.0711626
14.3274 23.8687 17.6698 -0.790572 -0.608852 0.0651926
14.1223 24.2544 18.7633 -0.808585 -0.586287 0.048486
13.6398 24.9495 19.4314 -0.801572 -0.597136 0.0301071
12.8799 25.7784 19.4224 -0.722769 -0.69096 0.0134084
11.9434 26.687 19.4145 -0.661364 -0.746007 0.0767024
11.0718 27.4417 19.4617 -0.614772 -0.784466 0.0748048
10.1437 28.1265 19.4771 -0.575147 -0.814623 0.0713462
9.21422 28.6808 19.3771 -0.504285 -0.861595 0.0566302
8.00708 29.2736 19.2194 -0.439789 -0.897016 0.0439883
7.54555 29.4143 18.0499 -0.358059 -0.93271 0.0421477
6.83574 29.6245 17.2662 -0.306799 -0.949333 0.061672
5.72316 29.8801 16.8999 -0.187993 -0.981364 0.0323979
4.71756 30.0385 16.5711 -0.136184 -0.990425 -0.000848952
3.70183 30.1364 16.816 -0.0864761 -0.99536 -0.0413556
2.65676 30.2003 16.9844 -0.0241462 -0.997027 -0.0731669
1.97251 30.1683 17.5884 -0.00869408 -0.999655 -0.0247876
1.4635 30.1505 18.5437 -0.0207203 -0.998609 -0.0471664
0.132398 30.0988 19.3777 0.0650913 -0.99749 0.0278783
-1.13554 29.9807 19.3397 0.149291 -0.98864 0.0172448
-1.70539 29.8887 18.3041 0.161534 -0.986769 -0.0139235
-2.32469 29.6552 17.3871 0.396299 -0.914943 0.0763313
-3.19186 29.1551 16.8549 0.54837 -0.833233 0.0654762
-4.13592 28.4908 16.7402 0.648955 -0.760824 -0.00185412
-5.08258 27.7719 16.8207 0.634685 -0.761619 -0.122693
-5.9375 27.1035 17.1319 0.556229 -0.822026 -0.119547
-6.52343 26.6249 17.9786 0.454744 -0.885326 -0.0894278
-6.73775 26.4396 19.0222 0.480436 -0.875574 -0.0436633
-8.01629 25.752 19.2996 0.474541 -0.879984 -0.0202371
-9.16122 25.1044 19.3497 0.560152 -0.828278 -0.0103426
-10.0664 24.4284 19.3276 0.641153 -0.766892 0.0282897
-10.5954 23.9655 18.487 0.668141 -0.744026 0.00364674
-10.9784 23.5208 17.3076 0.704593 -0.705207 0.0789413
-11.6509 22.7614 16.891 0.778136 -0.621208 0.0927602
-12.3083 21.9248 16.7665 0.786486 -0.614011 0.066552
-13.2985 20.6226 16.6978 0.796547 -0.603873 0.0291457
-14.0443 19.6481 16.9887 0.796072 -0.60485 0.0206439
-14.585 18.9674 17.9221 0.790421 -0.612361 0.0148667
-14.7605 18.7385 18.9808 0.807795 -0.585949 -0.0642722
-15.2657 18.1002 19.489 0.771923 -0.631069 -0.0525762
-16.0879 17.1363 19.3543 0.753557 -0.657373 0.00369488
-17.0167 16.0926 19.2395 0.739807 -0.67279 -0.00628968
-17.7641 15.2861 19.2907 0.716664 -0.697375 -0.00777151
-18.5638 14.465 19.3396 0.697147 -0.716545 -0.00752791
-19.4675 13.6219 19.3218 0.677377 -0.735544 -0.00852335
-20.493 12.7352 19.4007 0.646923 -0.762502 -0.000392664
-21.4429 11.9454 19.4844 0.630884 -0.775689 -0.0131387
-22.3541 11.2326 19.4724 0.607776 -0.793959 -0.0119053
-23.4874 10.3896 19.513 0.585593 -0.810601 -0.00262784
-24.6823 9.55738 19.5166 0.56023 -0.82829 -0.00877473
-25.6144 8.93373 19.4675 0.551969 -0.833792 -0.0110173
-26.6567 8.26158 19.3885 0.5351 -0.844563 -0.0192743
-27.616 7.66592 19.4184 0.523143 -0.851944 -0.0226673
-28.5542 7.10149 19.3839 0.510845 -0.859441 -0.0199426
-29.6279 6.47027 19.3525 0.494492 -0.868925 -0.0211365
-30.9168 5.74276 19.4293 0.480848 -0.876669 -0.0153802
-31.8873 5.21366 19.4478 0.480257 -0.877032 -0.0117106
-33.0722 4.58128 19.447 0.458586 -0.888625 -0.00671085
-34.2322 3.9911 19.2972 0.448067 -0.893973 -0.00698962
-35.3303 3.44794 19.2172 0.441258 -0.897358 -0.00629968
-36.4287 2.91507 19.1113 0.429843 -0.902882 -0.00478172
-37.4454 2.4375 19.0462 0.41728 -0.908746 -0.00493718
-38.7084 1.87266 19.0539 0.399007 -0.916948 -0.000508292
-39.7186 1.43789 18.9436 0.388099 -0.921617 0.00121656
-40.6992 1.02797 18.6867 0.383217 -0.923657 -0.00119426
-41.4172 0.734328 17.902 0.373873 -0.927479 0.0011149
-41.511 0.696464 16.7709 0.379083 -0.925362 -0.0012187
-41.6325 0.651977 15.668 0.379532 -0.925153 -0.00692082
-41.7833 0.602477 14.2753 0.379232 -0.925274 -0.00690019
-41.8467 0.585432 13.0589 0.375262 -0.926893 -0.00699412
-41.8874 0.580054 11.6072 0.374135 -0.927351 -0.006558
-41.9036 0.589003 10.5126 0.366732 -0.930224 -0.0138333
-41.9031 0.612166 9.05998 0.368255 -0.929634 -0.0127292
-41.9218 0.617537 7.95355 0.361929 -0.932163 -0.00893068
-41.8911 0.640055 6.82018 0.36762 -0.929927 -0.0095739
-41.9383 0.632163 5.50258 0.376695 -0.926288 -0.0095293
-41.9384 0.647954 3.90902 0.378429 -0.925567 -0.0108434
-41.938 0.661154 2.83243 0.378286 -0.925617 -0.0115583
-41.9132 0.681617 1.71728 0.378955 -0.925398 -0.00571923
-42.0508 0.632886 0.299338 0.372002 -0.928198 -0.00788215
-42.0103 0.659442 -0.796506 0.370919 -0.928625 -0.00853338
-42.0476 0.654422 -2.02868 0.369486 -0.929158 -0.0112788
-42.1344 0.639931 -3.19356 0.367748 -0.929746 -0.0181585
-42.214 0.630127 -4.2926 0.366098 -0.930472 -0.0134069
-42.3279 0.600771 -5.40647 0.370035 -0.928887 -0.0156115
-42.4101 0.581835 -6.92565 0.364544 -0.931153 -0.0078125
-42.2913 0.645371 -8.04035 0.369197 -0.929206 -0.0163097
-42.3032 0.656172 -9.11697 0.372936 -0.927816 -0.00871224
-42.4716 0.600741 -10.2097 0.372246 -0.928061 -0.0116627
-42.5632 0.576831 -11.3155 0.371 -0.928586 -0.00928181
-42.6594 0.551582 -12.4218 0.37093 -0.928554 -0.0140638
-42.6673 0.570968 -13.9621 0.369233 -0.929257 -0.0121705
-42.7606 0.546758 -15.2329 0.372365 -0.928054 -0.0077974
-42.6549 0.598597 -16.3115 0.371735 -0.928289 -0.00958945
-42.0857 0.837288 -17.2901 0.372244 -0.928076 -0.0104579
-40.8559 1.34218 -17.7395 0.378013 -0.925729 -0.0114556
-39.6482 1.85789 -17.9632 0.393854 -0.919118 -0.0100928
-38.4821 2.37831 -18.0775 0.409714 -0.912155 -0.0104061
-37.2784 2.93615 -18.0312 0.427668 -0.903859 -0.0114301
-36.2319 3.43704 -18.028 0.435875 -0.899981 -0.00507162
-35.0018 4.04577 -17.6545 0.451658 -0.892179 -0.00454323
-34.3733 4.36255 -16.8195 0.463494 -0.886089 -0.00438944
-34.9711 4.04986 -15.9636 0.44614 -0.894906 -0.0101265
-35.6473 3.69827 -14.7742 0.446798 -0.894551 -0.0113582
-36.3022 3.35857 -13.5543 0.44226 -0.896847 -0.0079757
-36.3665 3.32596 -13.4366 0.439875 -0.898016 -0.00877121
-35.5038 3.74976 -12.9091 0.444448 -0.895745 -0.00995316
-36.1343 3.42599 -11.7894 0.435266 -0.900247 -0.00901565
-36.6221 3.17255 -10.5472 0.434467 -0.900576 -0.0141258
-37.177 2.88552 -9.38717 0.433259 -0.901097 -0.017412
-37.1489 2.87431 -8.03602 0.426486 -0.904429 -0.0108517
-37.0346 2.91054 -6.90489 0.431229 -0.902106 -0.0156836
-36.8744 2.97871 -5.83427 0.441648 -0.897141 -0.00884907
-36.0737 3.3657 -4.9373 0.443914 -0.896017 -0.00965742
-35.2812 3.7507 -4.19893 0.456006 -0.889899 -0.0117714
-34.2756 4.25524 -3.49308 0.463732 -0.885896 -0.0114161
-33.3641 4.73087 -2.91133 0.467835 -0.883718 -0.013178
-32.468 5.20473 -2.41896 0.479948 -0.877197 -0.013247
-31.4538 5.75675 -1.93068 0.49139 -0.870842 -0.0122529
-30.5397 6.27863 -1.68658 0.503838 -0.863729 -0.0109559
-29.5987 6.82768 -1.50202 0.511867 -0.858954 -0.0129648
-28.6398 7.40932 -1.5823 0.522485 -0.852483 -0.0167904
-27.67 8.01805 -1.82313 0.534559 -0.844859 -0.0214404
-26.5785 8.73018 -2.14048 0.544979 -0.838107 -0.0239682
-25.7438 9.29036 -2.61427 0.554196 -0.832081 -0.0225161
-25.0065 9.80879 -3.21667 0.571182 -0.81965 -0.0438654
-24.1595 10.4454 -3.87321 0.58969 -0.80692 -0.0338369
-23.4391 11.018 -4.58535 0.608741 -0.792458 -0.0378872
-22.8361 11.5456 -5.59561 0.624123 -0.780275 -0.0405095
-22.2147 12.0974 -6.36077 0.637898 -0.76901 -0.0405638
-21.476 12.7659 -7.13185 0.652946 -0.756194 -0.0427921
-20.8426 13.369 -7.75076 0.670781 -0.740106 -0.0479124
-20.0175 14.1799 -8.22148 0.70481 -0.706795 -0.0606905
-19.3527 14.9152 -9.0489 0.720434 -0.692013 -0.0457464
-18.8374 15.5272 -9.88756 0.731171 -0.679594 -0.0595013
-18.6268 15.8388 -11.0417 0.735607 -0.675766 -0.0471484
-18.7236 15.8233 -12.3211 0.757115 -0.651044 -0.0540247
-19.1066 15.4723 -13.4189 0.732696 -0.679807 -0.0319214
-19.8138 14.7548 -14.204 0.728285 -0.684296 -0.0365909
-20.7169 13.8554 -14.9016 0.703759 -0.710349 -0.0112736
-21.4655 13.1413 -15.3418 0.685051 -0.728414 -0.010836
-22.3321 12.3519 -15.5449 0.655917 -0.754755 -0.0108988
-23.2646 11.5409 -15.4869 0.64103 -0.767461 0.00292681
-24.0963 10.8663 -15.3028 0.618283 -0.785933 -0.00574956
-24.9659 10.1904 -14.912 0.599099 -0.800607 -0.0104693
-25.83 9.54747 -14.41 0.589829 -0.80751 -0.00540243
-26.7056 8.92659 -14.444 0.563259 -0.826233 -0.00880891
-27.6587 8.28448 -14.5258 0.550472 -0.834811 -0.00757983
-28.5518 7.71079 -15.0784 0.531974 -0.846745 -0.00516567
-29.0856 7.37632 -15.9735 0.528207 -0.849106 -0.000675124
-29.8018 6.93894 -16.6748 0.521791 -0.853067 -0.00336679
-30.4428 6.55635 -17.4917 0.519132 -0.85469 -0.000846814
-31.3222 6.03657 -17.9347 0.509434 -0.860503 -0.00337835
-30.6024 6.45825 -18.4504 0.508821 -0.860856 -0.00231023
-29.535 7.11659 -19.0843 0.531627 -0.846971 -0.00357879
-28.635 7.68817 -19.5524 0.538295 -0.842749 -0.00364976
-27.7169 8.28633 -19.8494 0.550462 -0.834848 -0.00393997
-26.7629 8.93118 -19.9555 0.5752 -0.81801 -0.00207909
-25.5488 9.80155 -20.2024 0.590695 -0.80686 -0.00751147
-24.6122 10.5069 -20.2032 0.614535 -0.788889 0.00106613
-23.7625 11.1795 -20.3682 0.630356 -0.776287 -0.00540402
-22.8466 11.9305 -20.3587 0.649976 -0.759709 -0.00495354
-21.6409 13.0253 -20.3958 0.685727 -0.727854 -0.00250064
-20.7758 13.866 -20.3914 0.709117 -0.705083 0.00348178
-19.7413 14.9467 -20.4355 0.735514 -0.677452 -0.00881727
-18.8878 15.9591 -20.4938 0.776264 -0.630223 -0.0152716
-17.9051 17.2401 -20.5092 0.800803 -0.598606 0.0101621
-17.2211 18.1537 -20.4614 0.81262 -0.582704 0.010275
-16.5432 19.1307 -20.4564 0.831199 -0.555931 0.00692619
-16.2724 19.5396 -19.582 0.832196 -0.554424 -0.00531627
-16.2089 19.612 -18.5129 0.841015 -0.540574 -0.0150303
-15.6362 20.4258 -17.9648 0.828141 -0.555235 -0.0767852
-15.0149 21.3472 -17.918 0.825961 -0.556088 -0.0924453
-14.3563 22.3092 -17.9114 0.81055 -0.570355 -0.133059
-13.7526 23.1662 -18.2342 0.731248 -0.673177 -0.10485
-13.6085 23.4151 -19.3465 0.725656 -0.686898 -0.0372028
-13.4254 23.6488 -20.364 0.725675 -0.686961 -0.038466
-12.4479 24.674 -20.5025 0.694732 -0.715145 -0.0769078
-11.579 25.4758 -20.5364 0.654303 -0.754374 -0.0529818
-10.6574 26.2423 -20.4442 0.606043 -0.79225 -0.065777
-9.75395 26.9018 -20.4971 0.565924 -0.820636 -0.0734252
-8.61589 27.6047 -20.4969 0.507761 -0.857092 -0.0854918
-7.41094 28.2179 -20.4553 0.451298 -0.883759 -0.116599
-6.69029 28.5263 -19.906 0.417931 -0.907651 -0.0387743
-6.58274 28.5417 -18.7347 0.474798 -0.879872 -0.0198346
-5.85176 28.7804 -17.9652 0.321612 -0.935096 -0.146197
-4.7164 29.076 -17.8998 0.249947 -0.964787 -0.0819324
-3.50832 29.3686 -17.9331 0.202154 -0.977618 -0.058281
-2.58296 29.5358 -18.5507 0.0646984 -0.997903 -0.00202041
-2.5011 29.5698 -19.7169 0.0803358 -0.996515 -0.0113806
-1.88468 29.6234 -20.4823 0.0811262 -0.996659 0.00948256
-0.579575 29.6765 -20.4818 0.0100162 -0.996448 -0.0836107
0.696319 29.6633 -20.5191 -0.0692529 -0.995149 -0.069875
1.85527 29.5917 -20.3241 -0.0641415 -0.997466 -0.0251448
2.09754 29.5534 -19.2808 -0.0447902 -0.998731 -0.0230421
2.41815 29.4344 -18.207 -0.348816 -0.796717 -0.493527
3.38241 28.722 -17.9507 -0.601986 -0.798207 -0.0218842
4.36072 28.015 -17.9438 -0.548621 -0.80913 0.210529
5.33815 27.3225 -18.3342 -0.2569 -0.892179 0.37151
5.39721 27.1698 -19.3887 -0.3671 -0.929902 0.0228087
5.74606 27.0105 -20.3595 -0.379056 -0.925267 0.0140286
6.83166 26.5549 -20.5185 -0.403253 -0.914636 0.0287653
7.9824 26.0427 -20.53 -0.415325 -0.908884 0.0345368
9.02398 25.5681 -20.5281 -0.450717 -0.890581 0.0508038
10.0212 25.0126 -20.531 -0.483337 -0.874823 0.032718
10.9868 24.3593 -20.5634 -0.57938 -0.814164 0.0381443
11.8414 23.6461 -20.5218 -0.655745 -0.754866 0.0132607
12.1676 23.3727 -19.539 -0.678325 -0.734748 0.00452395
12.249 23.291 -18.4275 -0.669239 -0.74265 -0.0242973
12.8991 22.5454 -17.9882 -0.787073 -0.61666 -0.0105978
13.6475 21.5321 -17.9892 -0.802164 -0.594892 0.0513503
14.4352 20.44 -17.9842 -0.804793 -0.583561 0.108381
14.942 19.707 -18.4675 -0.733319 -0.676872 0.0639338
15.0191 19.5657 -19.8567 -0.764742 -0.643999 0.0202295
15.6156 18.8313 -20.4912 -0.763267 -0.645559 0.0260162
16.3822 17.9503 -20.492 -0.731288 -0.680759 0.0422449
17.1592 17.1203 -20.5443 -0.721064 -0.692113 0.0323394
17.9106 16.3744 -20.4363 -0.701713 -0.710811 0.0480697
18.7147 15.5934 -20.3821 -0.697564 -0.714802 0.0496285
19.5188 14.8241 -20.3938 -0.689223 -0.722945 0.0481841
20.5116 13.9397 -20.3865 -0.65861 -0.751498 0.0380269
21.5722 13.0388 -20.2781 -0.643165 -0.764625 0.0402921
22.7581 12.0843 -20.2496 -0.624278 -0.780341 0.0366623
23.8129 11.2579 -20.2022 -0.616754 -0.786478 0.0326576
24.8722 10.4632 -20.2405 -0.588008 -0.808637 0.0188132
26.0467 9.62657 -20.3058 -0.5753 -0.817561 0.0249648
27.189 8.8496 -20.2144 -0.556066 -0.830744 0.0255993
28.2188 8.1656 -20.2902 -0.54598 -0.83768 0.014077
29.371 7.42823 -20.2887 -0.530336 -0.84762 0.016819
30.4697 6.74903 -20.3554 -0.520234 -0.853875 0.0159279
31.8267 5.94046 -20.4072 -0.502786 -0.864183 0.0187733
32.9944 5.27904 -20.3339 -0.48504 -0.87422 0.0217159
34.0369 4.7071 -20.3368 -0.477307 -0.878519 0.0195838
35.0721 4.15216 -20.3318 -0.467173 -0.884 0.0171
36.099 3.62154 -20.2354 -0.453527 -0.891133 0.0139896
37.2421 3.05645 -20.0579 -0.43465 -0.900423 0.0178492
38.22 2.59286 -19.9485 -0.424006 -0.905454 0.0192618
39.169 2.15524 -19.7107 -0.420366 -0.907235 0.0147188
40.1496 1.71702 -19.5461 -0.404793 -0.914299 0.0141467
41.1454 1.29318 -19.5543 -0.384053 -0.923215 0.0131006
42.2444 0.842336 -19.3265 -0.379986 -0.92492 0.0115436
43.1587 0.480653 -18.6576 -0.373054 -0.927672 0.0159691
42.5236 0.750152 -17.8067 -0.370742 -0.928521 0.020001
41.4127 1.22345 -17.0217 -0.388732 -0.921028 0.0239282
40.5425 1.61273 -16.2825 -0.391645 -0.91975 0.0256688
39.5493 2.0748 -15.4786 -0.410935 -0.911273 0.0267071
38.6364 2.51045 -14.6808 -0.421829 -0.90637 0.0232479
37.8075 2.91876 -13.9745 -0.427598 -0.903344 0.0336137
36.841 3.4283 -13.1065 -0.45004 -0.892407 0.0327641
35.7849 3.9933 -12.256 -0.458911 -0.888097 0.0261139
35.1401 4.36285 -11.1925 -0.473159 -0.880422 0.0312756
34.7244 4.62714 -10.1318 -0.475059 -0.879192 0.0366137
34.6545 4.70632 -9.04454 -0.475086 -0.879477 0.0280419
34.6142 4.77083 -7.75762 -0.480666 -0.876411 0.0293121
34.7681 4.73637 -6.44637 -0.474153 -0.879827 0.032914
35.0935 4.6043 -5.43279 -0.469452 -0.881935 0.0424911
35.6784 4.33909 -4.22738 -0.47517 -0.879279 0.0329009
36.3619 4.01273 -3.28735 -0.459979 -0.887452 0.0291236
37.1035 3.65756 -2.53205 -0.450632 -0.892079 0.0323147
37.9146 3.28514 -1.74569 -0.439752 -0.897474 0.0340329
38.774 2.89992 -0.911431 -0.431032 -0.902011 0.0242306
39.6375 2.51179 -0.281233 -0.413451 -0.91024 0.0228567
40.418 2.17905 0.415393 -0.404548 -0.914159 0.0255935
41.2239 1.84231 1.07868 -0.395723 -0.918053 0.0234517
42.1594 1.47325 1.80102 -0.37406 -0.92706 0.0252755
42.9784 1.16299 2.50526 -0.368977 -0.929104 0.024947
43.7393 0.881689 3.32322 -0.356406 -0.934245 0.0126945
44.6647 0.543457 4.18972 -0.353698 -0.935269 0.0130484
45.2647 0.328721 5.066 -0.352354 -0.935785 0.0122675
45.5398 0.241549 6.20213 -0.342948 -0.939137 0.0176787
45.7511 0.19202 7.61138 -0.333999 -0.94254 0.00799906
45.7174 0.21474 9.02214 -0.345843 -0.938198 0.0127727
45.7774 0.214062 10.2181 -0.327455 -0.944335 0.0316891
45.883 0.197763 11.4363 -0.317961 -0.948044 0.0106255
45.8163 0.224847 12.8266 -0.341523 -0.939869 0.00264813
45.7696 0.247994 13.9355 -0.346801 -0.937822 0.0117088
45.9307 0.195082 15.1237 -0.343351 -0.939191 0.00544103
45.949 0.20055 16.3635 -0.336458 -0.941658 0.00867866
46.0734 0.168287 17.5992 -0.334067 -0.942503 0.00930078
45.9395 0.222387 18.8368 -0.323554 -0.946183 0.00707385
45.0625 0.532804 19.3497 -0.332377 -0.943134 0.00488012
43.9536 0.942666 19.4485 -0.351126 -0.936328 9.46867e-05
42.8501 1.36457 19.5786 -0.365858 -0.930644 0.00275018
41.6991 1.82639 19.6981 -0.380401 -0.924785 0.00280954
40.6843 2.25274 19.924 -0.393022 -0.919482 0.00523406
39.2926 2.87145 20.174 -0.414324 -0.910097 0.00773198
38.1648 3.39015 20.3062 -0.419402 -0.90778 0.00614728
37.0646 3.90964 20.5868 -0.437013 -0.899445 -0.00423141
35.8087 4.52714 20.6353 -0.441982 -0.896979 -0.00764199
34.5922 5.14937 20.5816 -0.46325 -0.886128 -0.010311
33.5994 5.68816 20.5838 -0.483847 -0.875085 -0.00802662
32.5885 6.2559 20.597 -0.505665 -0.862643 -0.0122786
31.5617 6.86102 20.6396 -0.512981 -0.858312 -0.0122793
30.6063 7.44597 20.6318 -0.531137 -0.847015 -0.0214279
29.469 8.18045 20.5951 -0.548192 -0.836097 -0.0206651
28.47 8.85003 20.6246 -0.563168 -0.82627 -0.00856464
27.4258 9.58481 20.6384 -0.590104 -0.807306 -0.00589283
26.4705 10.2908 20.5888 -0.600598 -0.799542 -0.00376226
25.4571 11.0683 20.6026 -0.616833 -0.787092 -0.00213013
24.5787 11.784 20.5691 -0.635101 -0.772407 -0.00555242
23.7313 12.4963 20.5839 -0.648539 -0.761181 0.000926828
22.8465 13.2709 20.5331 -0.675442 -0.737058 -0.014102
21.8646 14.2209 20.5226 -0.703841 -0.709755 -0.0292352
20.869 15.2578 20.4412 -0.727713 -0.685581 -0.02028
19.9407 16.283 20.4173 -0.755054 -0.655373 -0.0051506
19.1571 17.2197 20.4128 -0.766128 -0.642633 -0.00843722
18.2972 18.3109 20.4724 -0.797042 -0.603644 0.00150482
17.6433 19.2071 20.3752 -0.806315 -0.591456 -0.00102384
17.4001 19.5375 19.3318 -0.817234 -0.576244 0.0055822
17.2084 19.78 18.1665 -0.825296 -0.563921 0.0258911
16.6435 20.5877 17.7808 -0.822075 -0.56745 0.046553
15.9955 21.5437 17.8466 -0.82518 -0.562067 0.0562063
15.3843 22.4405 17.8362 -0.824197 -0.562708 0.0637104
14.7912 23.3247 18.3254 -0.782846 -0.620755 0.0426116
14.7203 23.4646 19.55 -0.814888 -0.579513 0.0110189
14.307 24.0558 20.469 -0.812457 -0.583002 0.00460453
13.6244 24.9807 20.5054 -0.778448 -0.626631 0.0074086
12.7016 25.9904 20.4351 -0.726125 -0.686825 0.0318299
11.9089 26.7795 20.4431 -0.683406 -0.729565 0.026271
11.0061 27.5448 20.5476 -0.595178 -0.802663 0.0386605
10.0616 28.2215 20.5514 -0.565099 -0.824588 0.0267952
9.09661 28.8033 20.4271 -0.458369 -0.887677 0.0438973
7.94557 29.3423 20.4383 -0.365653 -0.930459 0.0233222
6.95946 29.6749 20.0225 -0.292969 -0.955648 0.0301037
6.89407 29.6833 18.9316 -0.322096 -0.946485 0.0205098
6.38628 29.8106 18.0282 -0.250795 -0.963485 0.0938045
5.12109 29.9719 17.8651 -0.10686 -0.994256 -0.00596726
3.96171 30.0696 17.8659 -0.0661874 -0.996892 -0.0427167
2.90208 30.1186 18.0169 -0.0263091 -0.996968 -0.0732323
2.41889 30.1208 18.9287 -0.0200682 -0.999445 -0.0206839
2.28306 30.1281 20.1498 -0.0430727 -0.998901 0.015765
1.17294 30.1743 20.358 -0.0388273 -0.997376 0.0610718
0.0894903 30.1172 20.4361 0.088163 -0.993099 0.0773361
-1.00863 30.0209 20.4232 0.115004 -0.992616 0.0127471
-2.32231 29.8189 20.3197 0.149852 -0.988376 0.02565
-2.56146 29.7513 19.238 0.174166 -0.984355 0.026675
-2.83585 29.6812 18.2133 0.244887 -0.940823 0.171735
-3.61706 28.9726 17.783 0.668381 -0.721022 0.11814
-4.46541 28.1722 17.8095 0.681105 -0.728467 -0.0737013
-5.27738 27.3894 17.9304 0.632233 -0.741379 -0.22503
-5.78559 26.932 18.7877 0.43234 -0.900511 -0.0465052
-5.79743 26.9019 20.0181 0.456722 -0.889551 -0.00672356
-6.69959 26.4256 20.3982 0.475465 -0.879627 -0.0137119
-7.98468 25.739 20.3865 0.475318 -0.879427 -0.0255259
-9.0018 25.1641 20.4254 0.536849 -0.843576 -0.0131808
-9.95226 24.5156 20.4364 0.60466 -0.796191 -0.0216011
-10.9843 23.6264 20.3503 0.675057 -0.737512 -0.0193558
-11.2585 23.3815 19.171 0.667212 -0.74481 0.00783959
-11.4802 23.1372 18.1157 0.68307 -0.721367 0.114216
-12.2041 22.1811 17.8041 0.788098 -0.610523 0.0783698
-12.859 21.2956 17.8352 0.808304 -0.586193 0.0549707
-13.5842 20.2926 17.7936 0.804333 -0.593659 0.0248631
-14.1007 19.6178 18.4738 0.800427 -0.599386 0.00732277
-14.1587 19.5413 19.5677 0.802479 -0.596676 0.00214768
-14.4898 19.1056 20.5112 0.797038 -0.603909 -0.00498702
-15.1496 18.2499 20.563 0.789402 -0.613856 0.000123135
-15.8678 17.3704 20.4847 0.769774 -0.638274 -0.00741665
-16.6812 16.4389 20.3694 0.750096 -0.660842 -0.0253779
-17.6771 15.3617 20.3647 0.725864 -0.687162 -0.029143
-18.7863 14.2377 20.3794 0.697147 -0.716545 -0.00752714
-19.7949 13.3237 20.4039 0.66127 -0.750032 -0.00580405
-20.9526 12.3283 20.4797 0.644778 -0.764188 -0.0135739
-22.0708 11.4342 20.49 0.615893 -0.787586 -0.0155223
-22.9715 10.757 20.5368 0.59361 -0.80467 -0.00781545
-24.003 10.0143 20.5724 0.569394 -0.822028 -0.00768488
-24.9646 9.355 20.5224 0.560881 -0.827806 -0.012011
-25.8874 8.73842 20.4718 0.551385 -0.834111 -0.0152845
-27.0552 7.98483 20.4472 0.53131 -0.846906 -0.0198611
-28.0724 7.36608 20.4231 0.51319 -0.858087 -0.0179933
-29.1089 6.75032 20.4294 0.507331 -0.861671 -0.0117264
-30.0339 6.21451 20.4813 0.492802 -0.870058 -0.0114268
-31.1761 5.58293 20.4577 0.47921 -0.87758 -0.0144379
-32.3563 4.94737 20.4538 0.467091 -0.884107 -0.0132273
-33.5616 4.31897 20.4092 0.460321 -0.887692 -0.0103166
-34.7433 3.72095 20.4249 0.444397 -0.895742 -0.011133
-35.7816 3.21785 20.3127 0.435272 -0.90026 -0.00835023
-36.8196 2.72427 20.1528 0.423165 -0.906036 -0.00535091
-38.0044 2.1809 20.1028 0.404064 -0.914721 -0.00295547
-39.1369 1.68435 20.1469 0.396596 -0.917993 -0.0012535
-40.1657 1.24679 20.0303 0.382899 -0.923788 -0.00213767
-41.1735 0.832989 19.7441 0.378362 -0.925647 -0.0044695
-41.9765 0.511223 19.0174 0.366092 -0.930566 0.00477443
-42.465 0.307439 17.8712 0.373966 -0.927111 0.0168555
-42.4736 0.300451 16.7473 0.383766 -0.923427 -0.00138293
-42.6326 0.242933 15.584 0.374749 -0.927033 -0.0131345
-42.6922 0.236733 14.2042 0.369706 -0.929073 -0.0110151
-42.7114 0.238649 12.8511 0.369437 -0.929235 -0.00618175
-42.8053 0.219906 11.3724 0.367183 -0.930029 -0.0149447
-42.8072 0.242165 10.093 0.360205 -0.932747 -0.0153634
-42.8423 0.246128 9.00692 0.359784 -0.93292 -0.0146919
-42.9179 0.236961 7.80318 0.346387 -0.938079 -0.00492545
-42.8917 0.245229 6.37393 0.364449 -0.931223 0.000970396
-42.8728 0.255959 5.25359 0.373255 -0.927716 -0.0048572
-42.8953 0.256491 4.09213 0.371961 -0.928189 -0.0105201
-42.9185 0.261959 2.81374 0.374951 -0.926964 -0.0121958
-42.8799 0.289444 1.57354 0.374342 -0.927267 -0.00657371
-42.9769 0.259813 0.423505 0.36644 -0.930228 -0.0199364
-43.0144 0.258247 -0.693176 0.364444 -0.931208 -0.00305525
-42.9847 0.276003 -1.7863 0.37928 -0.925212 -0.00706966
-43.081 0.262042 -2.96127 0.369237 -0.92863 -0.0362025
-43.2109 0.243937 -4.18803 0.352192 -0.935652 -0.0210778
-43.3245 0.217976 -5.28946 0.345114 -0.938459 -0.0138133
-43.3436 0.21623 -6.40984 0.360654 -0.932628 -0.0109082
-43.4498 0.187815 -7.7173 0.358209 -0.933595 -0.00932361
-43.349 0.24018 -8.82229 0.363489 -0.931529 -0.0113372
-43.5312 0.180005 -9.96449 0.365605 -0.930738 -0.00769961
-43.4275 0.230929 -11.1515 0.368975 -0.92941 -0.00692718
-43.5473 0.200513 -12.7271 0.37297 -0.92777 -0.0116554
-43.5451 0.225919 -14.1428 0.364848 -0.931005 -0.0107639
-43.6646 0.187361 -15.3037 0.366288 -0.9305 -0.000916449
-43.6411 0.206479 -16.7265 0.371987 -0.928151 -0.0122426
-43.2514 0.376942 -17.75 0.365665 -0.930703 -0.00895929
-42.2295 0.789365 -18.5218 0.371559 -0.928396 -0.00497309
-41.183 1.21549 -18.7985 0.38096 -0.92458 -0.00453287
-40.1228 1.65936 -18.9344 0.39564 -0.918405 -0.000769596
-38.6196 2.32273 -19.0775 0.410435 -0.91189 -0.000658074
-37.3324 2.91799 -19.0528 0.424139 -0.905588 -0.0013243
-36.2178 3.44964 -19.0611 0.438113 -0.898916 -0.00233183
-35.1446 3.97672 -18.7921 0.449692 -0.893181 -0.00206337
-34.1038 4.50825 -18.499 0.464271 -0.885692 0.00142319
-33.2687 4.95015 -18.0031 0.471841 -0.881677 -0.00338044
-33.1451 5.01225 -16.9994 0.473021 -0.881032 -0.00585337
-33.8715 4.61739 -15.86 0.465516 -0.884997 -0.00866483
-34.578 4.24302 -14.7134 0.455938 -0.889974 -0.00752919
-35.1289 3.94561 -13.5567 0.453376 -0.891227 -0.0122438
-35.373 3.81645 -13.1312 0.447346 -0.894296 -0.00999021
12.2069 25.9595 12.4683 -0.744809 -0.664515 0.0592114
10.8877 27.276 13.8338 -0.658396 -0.752465 -0.0176406
9.23846 28.4356 14.9837 -0.483326 -0.875003 -0.0276895
7.50451 29.3488 16.0005 -0.357872 -0.931841 0.0177579
8.444 28.9977 17.7882 -0.439943 -0.897439 0.0324618
10.1325 28.0358 18.4448 -0.582768 -0.812606 0.00723766
11.828 26.6832 18.3599 -0.666287 -0.743262 0.0600642
13.3976 25.1601 18.3406 -0.799716 -0.58974 0.112525
14.1026 24.0364 16.5703 -0.791777 -0.607488 0.0636254
15.2953 22.3414 15.8822 -0.814043 -0.577147 0.065081
16.6301 20.4153 15.7082 -0.81425 -0.578163 0.0512397
17.7931 18.8782 16.6069 -0.795273 -0.605371 0.0326573
18.7664 17.6823 18.2372 -0.786241 -0.617679 0.0172591
20.2596 15.9028 18.2865 -0.747973 -0.663382 0.0205698
21.7819 14.3169 18.3896 -0.708426 -0.705774 0.00396369
23.3657 12.8517 18.4459 -0.668483 -0.743668 -0.00944782
25.2806 11.2355 18.5178 -0.625515 -0.780164 -0.00864699
27.0428 9.88279 18.5409 -0.594785 -0.803848 -0.00732347
28.9482 8.55638 18.5392 -0.564119 -0.825658 -0.00764751
30.8196 7.33657 18.4982 -0.521623 -0.853122 -0.00954908
32.8007 6.16133 18.4937 -0.498659 -0.866686 -0.0138731
35.0234 4.94842 18.498 -0.469625 -0.882793 -0.0113762
37.0315 3.9299 18.3883 -0.444194 -0.895908 -0.00630982
39.2232 2.89796 18.0592 -0.411124 -0.911577 -0.00211975
41.2787 1.99215 17.7025 -0.390647 -0.920525 0.00541344
43.3541 1.16255 17.3746 -0.3586 -0.933448 0.0050145
43.9907 0.912641 15.5966 -0.348045 -0.937453 0.00688257
43.8817 0.946806 13.087 -0.359356 -0.933185 0.00394866
43.9789 0.88542 10.6826 -0.353927 -0.935236 0.00830848
43.8788 0.894942 8.18029 -0.358786 -0.933339 0.012261
43.3411 1.07164 6.0126 -0.370511 -0.928715 0.0144585
41.9082 1.62545 4.32356 -0.382423 -0.923927 0.0105278
40.0789 2.38575 2.81924 -0.413111 -0.910309 0.0244532
38.5315 3.07964 1.483 -0.441095 -0.897157 0.0233407
36.5474 4.03055 -0.0535258 -0.455679 -0.889683 0.0286475
34.9866 4.79774 -1.80423 -0.474657 -0.879806 0.025334
33.8367 5.36654 -3.59072 -0.488482 -0.871954 0.0313639
33.0465 5.7261 -5.88462 -0.50004 -0.865436 0.0313064
32.8094 5.77551 -8.03207 -0.500771 -0.864754 0.0377916
32.9343 5.61418 -10.2484 -0.500786 -0.864748 0.0377504
33.7609 5.05914 -12.5691 -0.489398 -0.871544 0.0300193
35.3497 4.1493 -14.5621 -0.464961 -0.88489 0.0279546
36.973 3.27485 -15.9678 -0.443175 -0.896074 0.0238287
38.5167 2.49917 -17.2824 -0.426147 -0.904381 0.021895
36.8818 3.27223 -18.0301 -0.443067 -0.896186 0.0232654
34.6159 4.44497 -18.1778 -0.476042 -0.879128 0.0227526
32.5822 5.56341 -18.2861 -0.491747 -0.870576 0.0167909
30.6524 6.68472 -18.3633 -0.512554 -0.858416 0.0202769
28.7107 7.89408 -18.2003 -0.543663 -0.838853 0.0275134
26.9003 9.10289 -18.0517 -0.566363 -0.823897 0.0206529
24.9903 10.468 -18.0998 -0.592339 -0.804612 0.0416427
23.0828 11.9471 -18.0562 -0.628356 -0.776546 0.0460086
21.2056 13.4895 -18.0887 -0.644171 -0.762287 0.0625582
19.5948 14.8959 -18.3466 -0.686894 -0.724599 0.0559758
18.0558 16.3959 -18.3027 -0.697852 -0.713176 0.065674
16.5085 17.9614 -18.255 -0.721677 -0.69007 0.0537069
15.6839 19.1067 -16.69 -0.742933 -0.65741 0.125946
14.2705 20.9885 -15.9207 -0.764356 -0.637064 0.0993432
12.764 22.7699 -15.8336 -0.734892 -0.676265 0.0453086
11.3641 24.0977 -16.7614 -0.653253 -0.756508 0.00325927
10.3721 24.9106 -18.4349 -0.596356 -0.802023 0.00303636
8.15469 26.0839 -18.3751 -0.420628 -0.905193 0.0579026
6.68127 26.9596 -16.9591 -0.41901 -0.896873 0.1416
4.90774 28.0191 -15.9714 -0.414683 -0.902522 0.114863
3.1936 28.8137 -15.2708 -0.367858 -0.926932 0.0657401
4.20569 28.5959 -13.3072 -0.320398 -0.945353 0.0598796
4.98407 28.5639 -11.2213 -0.350156 -0.929333 0.116049
5.06642 28.7518 -9.02725 -0.327665 -0.940358 0.0913296
5.70736 28.7663 -7.04224 -0.28757 -0.951905 0.105732
7.97511 27.8261 -7.13965 -0.479953 -0.866786 0.133599
9.92343 26.6293 -6.9489 -0.574738 -0.803735 0.149723
11.7769 25.2772 -6.10608 -0.669213 -0.732504 0.124869
13.0611 24.2199 -4.63172 -0.739089 -0.667234 0.0924451
14.0279 23.3051 -2.45564 -0.800201 -0.59846 0.0390293
14.7321 22.391 -0.560775 -0.815825 -0.577716 -0.0259643
15.8979 20.717 -1.45014 -0.820175 -0.571662 -0.0226983
17.1949 18.8877 -0.916121 -0.783835 -0.618921 -0.0503808
17.8529 17.9974 1.03287 -0.757893 -0.652333 -0.00735356
17.9057 17.9237 3.18412 -0.746566 -0.665243 0.00550472
17.8543 18.0449 5.34687 -0.748792 -0.662085 0.0304384
17.2722 18.8417 7.2961 -0.764553 -0.642726 0.0486013
16.1747 20.3436 8.55066 -0.796204 -0.602165 0.0587945
14.9088 22.1789 9.55 -0.814576 -0.57734 0.0560685
13.5518 24.1051 9.75177 -0.805423 -0.591879 0.0311883
12.7785 25.2396 11.8555 -0.780171 -0.623601 0.0486018
12.2849 25.8625 12.3927 -0.751627 -0.656194 0.0668269
11.3038 26.75 10.6953 -0.699793 -0.712426 0.0235503
9.96473 27.9971 12.1322 -0.575593 -0.813302 0.085043
8.36638 28.9628 13.1946 -0.402 -0.915616 0.00646065
6.41294 29.6667 14.1506 -0.295922 -0.954831 0.0269697
4.16909 30.1334 15.1652 -0.135114 -0.990252 -0.016051
1.84624 30.2648 15.4692 0.0294257 -0.999165 -0.0202215
-0.44813 30.0144 14.6253 0.161984 -0.986299 0.031245
-1.73779 29.6017 12.7091 0.318242 -0.947759 0.0217785
-2.63396 29.2523 10.4933 0.395489 -0.918452 0.00589511
-2.3924 29.2991 8.08656 0.342341 -0.939266 0.0241094
-1.35956 29.5917 6.17369 0.313137 -0.948552 0.0459064
-0.882163 29.6404 3.86571 0.271947 -0.961243 0.0453426
-0.261142 29.6801 1.59979 0.269235 -0.961637 0.0508965
0.941661 29.8143 -0.319204 0.145565 -0.987245 0.064481
2.26593 29.8116 -2.09574 0.0150119 -0.998116 0.0594881
3.78432 29.6362 -3.62494 -0.0808236 -0.992917 0.0870771
5.71266 29.0372 -4.88831 -0.296626 -0.947881 0.116342
8.06472 28.0359 -5.11433 -0.462538 -0.877003 0.130092
9.99186 26.9456 -4.82711 -0.555576 -0.821177 0.130258
11.7691 25.6583 -3.70114 -0.697778 -0.712754 0.0713301
12.7988 24.8334 -1.65005 -0.729677 -0.682323 0.0447936
13.4451 24.1556 0.438788 -0.790838 -0.609604 0.0377587
13.8941 23.5468 2.64426 -0.810909 -0.584766 -0.0217877
14.5305 22.6268 1.96731 -0.839881 -0.54263 -0.0116623
15.6237 20.981 0.857054 -0.844475 -0.534048 -0.0403804
16.5547 19.578 1.24731 -0.784792 -0.619278 -0.0241678
16.5736 19.5134 3.45182 -0.780025 -0.62573 -0.00487935
16.4316 19.7073 5.612 -0.750496 -0.657694 0.064764
15.4457 21.1633 6.81575 -0.815664 -0.576535 0.0479509
14.3602 22.8145 7.75684 -0.82554 -0.562213 0.0488502
13.961 23.4092 6.1094 -0.839998 -0.542571 -0.0037367
13.9742 23.4083 3.81246 -0.813617 -0.581288 -0.0114817
13.5863 23.9344 4.32008 -0.806543 -0.59117 -0.00270753
13.1277 24.6365 6.35602 -0.805485 -0.59214 -0.00240792
12.5079 25.4292 8.4018 -0.763379 -0.645717 0.0165905
11.7669 26.3196 10.2835 -0.722189 -0.689941 -0.00296053
11.3901 26.6714 10.5641 -0.690568 -0.722961 -0.0210309
19.3306 16.3743 -4.07318 -0.74509 -0.666955 0.00212737
19.3064 16.3998 -5.13011 -0.743399 -0.668848 0.00109256
19.2971 16.3878 -6.2804 -0.749075 -0.662066 0.0235423
19.3667 16.2567 -7.38115 -0.748077 -0.662316 0.0414499
19.5956 15.9249 -8.66742 -0.742663 -0.668395 0.0412373
19.8959 15.5385 -9.64687 -0.716933 -0.695124 0.0518119
20.4074 14.911 -10.7998 -0.714302 -0.696998 0.0629828
21.0745 14.1847 -11.5821 -0.689807 -0.719921 0.0766726
21.7658 13.494 -12.0771 -0.666294 -0.743133 0.0615569
22.784 12.5546 -12.5056 -0.651955 -0.755884 0.0599549
23.6101 11.8508 -12.6098 -0.636103 -0.76959 0.0557088
24.4226 11.213 -12.4192 -0.61837 -0.783782 0.0574886
25.3046 10.5673 -11.6574 -0.604886 -0.795222 0.0416454
26.0406 10.0413 -10.9561 -0.6041 -0.796049 0.0370089
26.6817 9.60743 -10.1982 -0.583231 -0.811516 0.0358059
27.4368 9.1104 -9.22232 -0.572228 -0.819305 0.0359887
28.2009 8.62872 -8.27473 -0.558815 -0.828083 0.0447719
29.079 8.09499 -7.26569 -0.551828 -0.833222 0.0350162
29.7743 7.68245 -6.447 -0.539884 -0.84085 0.0385105
30.5021 7.25538 -5.6032 -0.533871 -0.844979 0.0308832
31.1175 6.9106 -4.72826 -0.518658 -0.854275 0.0346138
31.8262 6.51117 -4.03899 -0.512909 -0.857716 0.0350364
32.5939 6.09847 -3.15111 -0.504228 -0.862888 0.0337944
33.3666 5.67809 -2.41931 -0.496672 -0.867435 0.0295509
34.2769 5.19711 -1.43169 -0.486678 -0.873102 0.0285887
34.8649 4.90325 -0.480979 -0.478112 -0.877837 0.0276866
35.5385 4.56967 0.291106 -0.465603 -0.884503 0.0294264
36.163 4.27572 1.52806 -0.460522 -0.887359 0.0226611
36.4395 4.15808 2.67005 -0.461626 -0.886925 0.0158295
36.3461 4.22391 3.77772 -0.464736 -0.885323 0.0114598
36.0395 4.4097 4.90005 -0.466622 -0.884299 0.0159336
35.4221 4.75306 5.69401 -0.470275 -0.88241 0.013815
34.4816 5.27309 6.32569 -0.48564 -0.874086 0.0112279
33.4458 5.8579 6.5846 -0.494407 -0.869164 0.0107883
32.4557 6.42771 6.638 -0.502127 -0.864746 0.00913119
31.5327 6.97409 6.57155 -0.518828 -0.854818 0.0102248
30.517 7.60043 6.46969 -0.530367 -0.847701 0.0106578
29.3779 8.32181 6.30764 -0.541373 -0.840713 0.0108051
28.5097 8.88341 5.98188 -0.55636 -0.830877 0.0102864
27.5962 9.49762 5.74715 -0.56787 -0.823047 0.0108058
26.4095 10.3295 5.34434 -0.585129 -0.810871 0.0105844
25.4972 10.9955 4.89869 -0.60434 -0.796484 0.0196562
24.6364 11.64 4.38979 -0.612572 -0.790146 0.0205442
23.7614 12.3203 3.87989 -0.635133 -0.77217 0.0187123
22.9682 12.9626 3.29717 -0.644195 -0.764683 0.0108128
22.255 13.5606 2.61674 -0.651379 -0.758458 0.0211194
21.4543 14.2719 1.74621 -0.671891 -0.740472 0.0157743
20.7136 14.9338 0.690005 -0.692158 -0.721729 0.00500086
20.1395 15.4999 -0.412838 -0.721526 -0.692288 -0.00657704
19.6983 15.9809 -1.65041 -0.736572 -0.676358 -0.00125483
19.4326 16.2718 -2.78359 -0.736625 -0.676282 0.00316041
19.3394 16.3658 -3.82066 -0.746475 -0.665401 -0.000403134
20.032 15.6278 -4.06536 -0.725363 -0.68833 0.00410992
20.1933 15.4647 -2.88899 -0.715951 -0.698143 0.0021284
20.4832 15.1638 -1.78828 -0.715173 -0.69892 -0.00606033
20.8539 14.7753 -0.80175 -0.69207 -0.721513 0.00374296
21.4164 14.2703 0.15481 -0.672009 -0.740348 0.0169666
21.9773 13.7856 0.976568 -0.665622 -0.746129 0.0133598
22.726 13.1363 1.7282 -0.649447 -0.760278 0.013977
23.5291 12.4862 2.51248 -0.632158 -0.774612 0.0187864
24.4312 11.7664 3.14023 -0.621311 -0.783457 0.012925
25.3847 11.0403 3.67482 -0.608676 -0.7929 0.0283719
26.2388 10.4296 4.13144 -0.581568 -0.813175 0.022889
27.407 9.61453 4.67535 -0.573318 -0.819192 0.0151937
28.378 8.95306 4.85455 -0.555117 -0.831604 0.0157255
29.247 8.38991 5.22347 -0.543372 -0.839408 0.0118911
30.1434 7.82046 5.37707 -0.530398 -0.847682 0.0106214
31.4159 7.03318 5.50808 -0.521071 -0.853435 0.011564
32.3763 6.45911 5.5753 -0.506297 -0.862301 0.010028
33.3391 5.90422 5.53981 -0.494433 -0.869101 0.0140073
34.4413 5.27908 5.25129 -0.484087 -0.874873 0.0160239
35.2293 4.83229 4.41945 -0.470148 -0.882416 0.0174291
35.5266 4.64466 3.0204 -0.469911 -0.882501 0.0193912
35.3002 4.7401 1.90418 -0.47303 -0.880809 0.0204312
34.6597 5.05353 0.732242 -0.478822 -0.877419 0.0283503
33.8974 5.44805 -0.269917 -0.492095 -0.870056 0.0290676
33.1399 5.85023 -1.21303 -0.498841 -0.866178 0.0297491
32.4612 6.219 -1.9497 -0.50096 -0.864864 0.0323806
31.6355 6.67622 -2.7151 -0.515662 -0.856219 0.03062
30.8075 7.14358 -3.68526 -0.525445 -0.850004 0.0365709
30.0415 7.58235 -4.65735 -0.538838 -0.841536 0.0371727
29.2101 8.08455 -5.64863 -0.546043 -0.836922 0.0373479
28.5012 8.51263 -6.50146 -0.55603 -0.830471 0.0338912
27.7934 8.95472 -7.28975 -0.560938 -0.827125 0.034825
26.9074 9.51884 -8.40413 -0.588538 -0.807272 0.0435069
26.2849 9.93378 -9.28666 -0.598939 -0.800016 0.035195
25.3997 10.5645 -10.3639 -0.614773 -0.787617 0.0404099
24.5583 11.1842 -11.0993 -0.627199 -0.777709 0.0423254
23.747 11.8091 -11.6229 -0.641094 -0.764978 0.0610937
22.7005 12.7102 -11.392 -0.651907 -0.756734 0.0474276
21.9244 13.4282 -11.0962 -0.671204 -0.7399 0.0450868
21.2791 14.0756 -10.5093 -0.695751 -0.715734 0.0600713
20.7741 14.6357 -9.69644 -0.704618 -0.707945 0.0482374
20.3755 15.0971 -8.70039 -0.711884 -0.701142 0.0392216
20.0582 15.5062 -7.26173 -0.726951 -0.685679 0.0343755
20.0317 15.5936 -5.89381 -0.741409 -0.670956 0.0114449
20.003 15.6449 -4.7965 -0.726211 -0.687324 0.0142577
20.0171 15.6399 -4.32023 -0.725215 -0.688414 0.0119314
20.7649 14.8714 -4.32436 -0.713396 -0.700644 0.0128426
21.0277 14.6199 -2.9895 -0.705483 -0.708696 0.00429648
21.3431 14.302 -1.74364 -0.691674 -0.721932 -0.000169388
21.7868 13.9126 -0.825919 -0.669777 -0.742265 0.0210312
22.3881 13.3929 -0.000752744 -0.664396 -0.747079 0.0212483
23.1184 12.7917 0.793981 -0.642732 -0.765853 0.0191113
23.8359 12.2126 1.51641 -0.637941 -0.769813 0.0204432
25.0073 11.3 2.3121 -0.609035 -0.792925 0.0134581
25.8112 10.7115 2.83016 -0.595249 -0.803309 0.019297
27.0151 9.86043 3.36611 -0.572341 -0.819744 0.0204425
27.9238 9.24172 3.76403 -0.568546 -0.822439 0.0187124
29.0172 8.51123 4.03067 -0.554702 -0.831894 0.0160848
29.8844 7.96466 4.33739 -0.529226 -0.848279 0.018495
30.9769 7.28358 4.36052 -0.52613 -0.850305 0.0129571
31.9623 6.6873 4.55925 -0.514895 -0.857159 0.012696
32.9186 6.12545 4.50076 -0.503915 -0.863642 0.013866
33.933 5.54567 4.44519 -0.489936 -0.871603 0.0156621
34.6407 5.13837 3.63342 -0.486978 -0.873191 0.0192893
34.546 5.16581 2.56339 -0.478599 -0.877934 0.0132621
34.0802 5.39869 1.50648 -0.48382 -0.874889 0.0220621
33.4089 5.75529 0.685516 -0.497913 -0.866859 0.0252713
32.6354 6.17241 -0.276688 -0.501289 -0.864868 0.0267096
31.8671 6.59491 -1.16231 -0.506014 -0.862013 0.0297097
31.0064 7.08544 -1.96368 -0.523649 -0.851696 0.0201354
30.3122 7.48808 -2.83381 -0.531547 -0.84653 0.0288436
29.6074 7.90114 -3.80557 -0.542724 -0.839372 0.0300781
28.8126 8.38596 -4.68861 -0.550313 -0.83405 0.0389324
28.0785 8.84213 -5.46873 -0.561977 -0.826399 0.0351907
27.3657 9.29876 -6.27147 -0.57308 -0.81894 0.0302905
26.5956 9.80111 -7.37115 -0.583496 -0.811406 0.0338958
25.9735 10.218 -8.21491 -0.603655 -0.796344 0.0357785
25.0545 10.8733 -9.48872 -0.618923 -0.784623 0.0360826
24.2259 11.5072 -10.1719 -0.632184 -0.773382 0.0471503
23.349 12.2158 -10.4725 -0.643769 -0.763939 0.0442571
22.5478 12.9207 -10.269 -0.663839 -0.746778 0.0405091
21.7373 13.7014 -9.6735 -0.684607 -0.727201 0.0499114
21.0804 14.4046 -8.46107 -0.701733 -0.711362 0.0384649
20.7808 14.7711 -7.08866 -0.714558 -0.698766 0.0336463
20.7601 14.8419 -5.83015 -0.715127 -0.698663 0.021523
20.7489 14.8807 -4.70588 -0.713396 -0.700644 0.012842
-1.14957 29.9158 16.7432 0.214966 -0.974387 -0.000925466
-0.00718618 30.0858 17.0881 0.154712 -0.987612 -0.0261938
0.655543 30.1137 17.7215 0.0770171 -0.99699 -0.00887477
-0.385406 30.0453 18.3236 0.0732952 -0.997048 0.0189957
-1.10736 29.9408 17.4053 0.0903064 -0.993677 0.0667149
-1.49978 29.8067 16.3769 0.260538 -0.964822 0.0309857
-12.4361 22.0135 3.26964 0.773187 -0.63214 0.0508025
-12.642 21.7613 3.26433 0.773188 -0.632138 0.050802
-12.9991 21.3973 4.278 0.791743 -0.609369 0.0425618
-13.6606 20.514 3.67181 0.79862 -0.601227 0.0250161
-14.2556 19.6828 3.89884 0.814931 -0.57932 -0.0166271
-14.3363 19.4986 5.05947 0.810976 -0.583691 -0.0402806
-14.2446 19.5153 6.32504 0.802302 -0.594656 -0.0519308
-14.169 19.5326 7.4557 0.797664 -0.601628 -0.0421478
-14.015 19.6645 8.60843 0.787146 -0.616449 -0.013048
-13.5277 20.3039 9.39511 0.795374 -0.605394 -0.0296216
-12.9156 21.1409 10.0178 0.822247 -0.568158 -0.0332645
-12.2386 22.0583 10.7294 0.814596 -0.576268 -0.0659449
-11.5186 22.9991 11.0002 0.779656 -0.60617 -0.153057
-11.2927 23.4015 9.92724 0.728329 -0.683316 -0.0511499
-11.3633 23.4073 8.77841 0.725728 -0.687065 -0.0353428
-11.3905 23.427 7.49002 0.715323 -0.698294 -0.0257648
-11.4178 23.372 6.35027 0.647251 -0.760724 -0.00117605
-11.8738 22.8486 5.30341 0.729438 -0.672851 0.114396
-12.612 21.921 4.73182 0.78142 -0.62125 0.0585681
-12.9316 21.4892 4.33657 0.782809 -0.620486 0.0447101
2.27416 29.6875 -3.84173 0.0226569 -0.996626 0.078705
2.27364 29.6876 -3.84066 0.0201516 -0.99631 0.0834271
1.39962 29.6067 -4.32803 0.09585 -0.993263 0.0646877
0.794536 29.6107 -3.31001 0.117814 -0.989825 0.0796683
0.0982888 29.5569 -2.34096 0.197317 -0.977625 0.0729006
-0.606873 29.4573 -1.4357 0.220636 -0.973976 0.051866
-1.55436 29.206 -0.552004 0.307365 -0.951557 0.00807684
-2.62604 28.8713 0.277985 0.342219 -0.939394 0.0206355
-3.45298 28.5462 0.823663 0.411519 -0.910808 0.0328714
-4.22051 28.1983 1.3912 0.455874 -0.889656 0.0262794
-5.07618 27.7728 2.19573 0.472455 -0.88088 0.0289319
-5.85777 27.3568 2.68166 0.55055 -0.831748 0.0713526
-6.70578 26.8304 3.10875 0.54619 -0.83684 0.0370778
-7.77573 26.1195 3.4229 0.571634 -0.819202 0.04629
-8.82231 25.3464 3.46622 0.598763 -0.800001 0.0384767
-9.7056 24.6436 3.49374 0.626769 -0.777994 0.0430894
-10.4795 23.9592 3.28183 0.65432 -0.754088 0.0567194
-11.2257 23.2536 2.96475 0.684783 -0.725859 0.064822
-11.9544 22.489 2.46756 0.729614 -0.682449 0.0438962
-12.6013 21.7563 1.73456 0.745098 -0.666665 0.0137561
-13.1595 21.1187 0.888387 0.758513 -0.651322 -0.0177707
-13.3705 20.9196 -0.206291 0.748815 -0.662246 -0.0257253
-13.6601 20.6312 -1.27944 0.756685 -0.653209 -0.0273064
-13.8504 20.5268 -2.74163 0.752656 -0.65632 -0.0524712
-14.0393 20.4365 -4.07698 0.754649 -0.652455 -0.0690397
-14.1516 20.4231 -5.07664 0.752576 -0.653559 -0.0804365
-14.3383 20.3469 -6.2327 0.746053 -0.65915 -0.0944765
-14.2676 20.5911 -7.37837 0.74806 -0.656327 -0.0980573
-14.2497 20.7896 -8.5503 0.761419 -0.641211 -0.0953372
-14.0628 21.1559 -9.48965 0.764025 -0.637492 -0.0993271
-13.8623 21.5617 -10.518 0.764694 -0.636216 -0.102334
-13.4622 22.1559 -11.3204 0.741419 -0.661129 -0.114917
-12.9913 22.8177 -12.0443 0.725364 -0.676458 -0.127482
-12.2377 23.7083 -12.6019 0.710092 -0.693757 -0.120279
-11.3524 24.6592 -13.0741 0.672442 -0.731052 -0.115681
-10.6353 25.3675 -13.5143 0.638904 -0.760258 -0.117234
-9.77986 26.0989 -13.9538 0.574152 -0.808219 -0.130891
-8.96757 26.7209 -14.331 0.543874 -0.829147 -0.129295
-8.16034 27.3052 -14.7276 0.492932 -0.860407 -0.12737
-7.15003 27.9208 -15.1806 0.460342 -0.876646 -0.139916
-6.24656 28.374 -15.6003 0.370943 -0.922049 -0.110356
-5.37856 28.7194 -16.1271 0.303382 -0.94808 -0.0954122
-4.37444 29.0606 -16.66 0.280261 -0.956397 -0.0822099
-3.25313 29.3508 -16.8816 0.190828 -0.97796 -0.0847307
-2.17284 29.5073 -16.821 0.101095 -0.992492 -0.0688416
-1.16394 29.566 -16.7301 0.029605 -0.997615 -0.0623486
-0.277079 29.5316 -16.1228 -0.0644267 -0.996903 -0.0450895
0.575623 29.4492 -15.5011 -0.132642 -0.990688 -0.0307148
0.985078 29.3846 -14.5847 -0.117371 -0.993079 0.00420239
1.69363 29.266 -13.713 -0.162968 -0.986499 -0.0161647
2.37636 29.19 -12.4503 -0.133113 -0.990338 0.0351437
2.85094 29.1197 -11.4881 -0.24457 -0.966484 0.074583
3.09865 29.1726 -10.3178 -0.147624 -0.985447 0.0652163
3.11014 29.2276 -9.25921 -0.0964849 -0.993857 0.05419
2.96352 29.3267 -7.84515 -0.157088 -0.983445 0.0903275
2.69455 29.4379 -6.69539 -0.0228174 -0.995209 0.0950689
2.17983 29.5385 -5.67095 -0.0143751 -0.996633 0.0807267
1.69903 29.6029 -4.76831 0.0919613 -0.993219 0.0711316
1.5208 29.6051 -4.50634 0.0919627 -0.993218 0.0711332
-38.6195 1.92145 17.2617 0.407972 -0.912937 -0.0102144
-40.1615 1.26587 15.3657 0.39241 -0.919772 -0.00587345
-40.4977 1.14336 12.1342 0.388406 -0.921455 -0.00779317
-38.8429 1.8419 14.1903 0.407129 -0.913363 -0.0038073
-37.179 2.58767 16.2741 0.421392 -0.90685 -0.00727457
-36.3436 2.9747 17.3501 0.435628 -0.900117 -0.0042419
-33.932 4.15608 17.6958 0.454809 -0.89054 -0.00935684
-35.5196 3.37843 15.6017 0.445134 -0.895462 -0.00178935
-37.2614 2.56556 13.361 0.425567 -0.904908 -0.00595295
-38.9195 1.83149 11.2702 0.408085 -0.912902 -0.00869285
-40.2756 1.26165 9.59272 0.383976 -0.923242 -0.0136461
-40.3247 1.28339 6.71354 0.384437 -0.923117 -0.00789799
-38.6013 1.99264 8.8438 0.403757 -0.914787 -0.012076
-36.8611 2.77753 11.0527 0.426981 -0.90425 -0.00431921
-35.1353 3.58798 13.2892 0.442493 -0.896717 -0.0099017
-33.4747 4.41224 15.4741 0.458839 -0.888443 -0.0116741
-31.8752 5.23508 17.6096 0.479451 -0.877525 -0.0087792
-29.7721 6.40808 17.6905 0.497865 -0.867179 -0.0114845
-31.359 5.53279 15.4804 0.479248 -0.877636 -0.00875997
-33.0994 4.63059 13.1338 0.467473 -0.883998 -0.00398143
-34.9076 3.73729 10.7583 0.447348 -0.894301 -0.0102393
-36.6394 2.91899 8.50081 0.429356 -0.903096 -0.00845147
-38.3223 2.16348 6.37016 0.419352 -0.9077 -0.0149726
-39.9803 1.46108 4.30734 0.393066 -0.919459 -0.00969945
-40.3053 1.32638 3.90378 0.389174 -0.92112 -0.00904409
-40.473 1.28147 0.844953 0.384136 -0.923233 -0.00896151
-38.7865 1.99361 2.93732 0.409564 -0.912235 -0.00919987
-37.038 2.77812 5.15044 0.436193 -0.899841 -0.0045785
-35.347 3.56849 7.3386 0.448315 -0.893694 -0.017995
-33.7614 4.33877 9.42599 0.455045 -0.890216 -0.0212108
-32.1572 5.15433 11.5599 0.481031 -0.876624 -0.0117916
-30.4323 6.07801 13.9198 0.490603 -0.871322 -0.0103844
-28.8606 6.96063 16.1139 0.50397 -0.86366 -0.0103046
-27.7404 7.62621 17.7521 0.525382 -0.850826 -0.00830574
-25.9769 8.74174 17.5094 0.538984 -0.842237 -0.0115473
-27.416 7.8602 15.3404 0.532924 -0.846006 -0.0163392
-28.9085 6.97143 13.1853 0.516343 -0.856204 -0.0174535
-30.5414 6.07308 10.9266 0.494935 -0.868824 -0.013564
-32.0997 5.23926 8.80233 0.478249 -0.878044 -0.0178047
-33.668 4.44119 6.69491 0.468421 -0.883279 -0.0200016
-35.3541 3.60921 4.48713 0.444187 -0.89591 -0.00660951
-37.0276 2.8081 2.32987 0.430639 -0.902374 -0.0164843
-38.7616 2.02987 0.12635 0.408403 -0.912791 -0.00445721
-40.4156 1.3334 -1.956 0.395626 -0.918378 -0.00784062
-40.6386 1.23972 -2.23786 0.395626 -0.918378 -0.00783936
-40.7905 1.21668 -5.28399 0.389435 -0.921025 -0.00730072
-38.8797 2.01107 -2.88813 0.407263 -0.913309 -0.00178363
-37.1328 2.79792 -0.652315 0.435221 -0.90029 -0.00774877
-35.2571 3.69258 1.77106 0.453666 -0.891076 -0.0130855
-33.6377 4.49945 3.89376 0.470498 -0.882307 -0.0128867
-31.7827 5.46253 6.37375 0.478842 -0.87779 -0.013942
-30.2157 6.2994 8.51426 0.494677 -0.86892 -0.016512
-28.5522 7.2274 10.8289 0.513494 -0.85787 -0.0195368
-26.8838 8.21438 13.2226 0.536831 -0.843659 -0.00719307
-25.4283 9.1246 15.4138 0.539904 -0.84162 -0.0133572
-23.9068 10.1162 17.7606 0.566024 -0.8241 -0.0218177
-22.0164 11.5134 17.8854 0.609373 -0.792882 -0.00162065
-23.5082 10.452 15.474 0.580375 -0.814178 -0.0167083
-24.9146 9.51041 13.276 0.567398 -0.8233 -0.0153775
-26.5527 8.47136 10.8154 0.540326 -0.841348 -0.01348
-28.0798 7.55809 8.62423 0.518772 -0.854649 -0.0212279
-29.6505 6.6671 6.42325 0.499771 -0.865954 -0.0187717
-31.297 5.76995 4.16859 0.493212 -0.869776 -0.0152271
-32.8573 4.93526 2.06671 0.46766 -0.883859 -0.00936346
-34.5922 4.05972 -0.210464 0.458145 -0.888806 -0.0112253
-35.1081 3.80169 -0.887013 0.45432 -0.890826 -0.0047989
-39.4618 1.79426 -6.48997 0.398555 -0.917144 -0.000655052
-40.8317 1.23917 -8.17265 0.381951 -0.924038 -0.0163375
-39.5742 1.78814 -9.48864 0.39427 -0.918816 -0.0180947
-41.0627 1.18234 -11.3295 0.378715 -0.925448 -0.0109873
-41.0768 1.17677 -11.3465 0.379391 -0.925141 -0.0132818
-39.09 2.0339 -11.7568 0.412379 -0.910906 -0.0139289
-40.4344 1.47441 -13.3958 0.388556 -0.921338 -0.0126503
-41.2018 1.16557 -14.3102 0.376711 -0.926265 -0.0110214
-40.4365 1.50218 -16.1882 0.389695 -0.920907 -0.0083194
-39.0111 2.10083 -14.4835 0.40949 -0.91227 -0.00901985
-38.1036 2.49752 -13.3843 0.419033 -0.907953 -0.00561981
-37.2771 2.90769 -15.1925 0.429327 -0.902935 -0.019692
-38.2283 2.4719 -16.3484 0.415285 -0.909614 -0.0118325
-20.3968 12.8252 17.7195 0.640743 -0.767742 -0.00455389
-21.5414 11.9098 15.714 0.611468 -0.791168 -0.0126408
-22.7536 11.0255 13.7254 0.605876 -0.795448 -0.0132827
-24.0608 10.1214 11.6653 0.584542 -0.811114 -0.0201052
-25.3008 9.31696 9.77782 0.554002 -0.832331 -0.0175077
-26.5096 8.55744 7.98976 0.539805 -0.841581 -0.0187386
-27.8609 7.74391 6.05074 0.52541 -0.850727 -0.014396
-29.1257 7.01807 4.27514 0.505168 -0.86287 -0.0161443
-30.4327 6.29012 2.47317 0.495983 -0.868237 -0.0128629
-31.6686 5.60378 0.80239 0.484368 -0.874723 -0.0157012
-29.373 6.92995 1.05339 0.511273 -0.859355 -0.0104545
-28.0712 7.68125 2.86488 0.523208 -0.852036 -0.0169541
-26.8265 8.40931 4.63308 0.530585 -0.847502 -0.0147908
-25.6103 9.16938 6.40273 0.547539 -0.836733 -0.00890362
-24.3242 10.0031 8.32969 0.559755 -0.828533 -0.0143991
-23.1186 10.8283 10.2181 0.583791 -0.811783 -0.0140304
-21.8766 11.7187 12.1934 0.608774 -0.793338 -0.00288294
-20.7689 12.5728 14.0593 0.651632 -0.758192 -0.0228298
-19.6606 13.4898 16.0192 0.655848 -0.754678 -0.0180237
-18.7634 14.2898 17.7066 0.685756 -0.727831 0.000623332
-17.426 15.6298 17.3545 0.725169 -0.688571 0.000306884
-18.412 14.6477 15.3434 0.693192 -0.72075 0.00205631
-19.4187 13.7469 13.4692 0.65828 -0.752714 -0.00942126
-20.5488 12.7959 11.4661 0.639632 -0.768669 -0.00445525
-21.8431 11.7948 9.30149 0.608999 -0.79292 -0.0199344
-23.129 10.8631 7.23765 0.593017 -0.805178 -0.00428191
-24.3184 10.0618 5.41655 0.56912 -0.822152 -0.0129901
-25.5998 9.22318 3.49927 0.550817 -0.834317 -0.0227038
-26.9674 8.39767 1.53386 0.53503 -0.844682 -0.0159645
-27.3443 8.16902 0.997025 0.530604 -0.847435 -0.0177358
-25.777 9.1865 0.324846 0.555857 -0.830782 -0.0287072
-24.438 10.0317 2.29075 0.569347 -0.821566 -0.0295552
-23.1414 10.9079 4.27661 0.581496 -0.813398 -0.0157246
-22.0077 11.7257 6.07318 0.613267 -0.78971 -0.0161691
-20.8717 12.5763 7.93395 0.627717 -0.77835 -0.0119665
-19.7608 13.4821 9.84711 0.654182 -0.756305 -0.00700277
-18.6671 14.4305 11.8173 0.672183 -0.740343 -0.00788105
-17.6845 15.3489 13.6935 0.717669 -0.696376 0.00354963
-16.7652 16.3542 15.6304 0.741442 -0.670834 0.0156925
-15.9472 17.2801 17.4724 0.7636 -0.645588 0.0114342
-15.1336 18.2282 16.1039 0.77606 -0.630654 0.0024188
-16.0382 17.1371 14.0497 0.753177 -0.657635 0.0155559
-17.0129 16.0367 11.9558 0.728682 -0.684619 -0.017883
-17.972 15.0967 10.0783 0.696116 -0.717615 0.0212578
-19.0349 14.1266 8.11631 0.671997 -0.740343 -0.0176849
-20.1757 13.1995 6.14585 0.647004 -0.762309 -0.0164269
-21.2793 12.3408 4.30734 0.628803 -0.777296 -0.0204362
-22.45 11.4815 2.42468 0.60776 -0.793387 -0.0341335
-23.6532 10.6584 0.570348 0.593631 -0.804238 -0.0283641
-24.2277 10.274 -0.306532 0.578309 -0.815112 -0.0339389
-23.0473 11.1791 -1.43821 0.60292 -0.797295 -0.0284139
-21.8574 12.0169 0.429996 0.608574 -0.792932 -0.0299383
-20.5864 12.9872 2.51816 0.648718 -0.760329 -0.0326317
-19.4245 13.9003 4.48636 0.667732 -0.744251 -0.014966
-18.2658 14.9181 6.55885 0.703091 -0.710187 -0.0360227
-17.2635 15.8651 8.46777 0.723858 -0.68951 -0.0246115
-16.3456 16.8081 10.3274 0.736855 -0.67586 -0.0160455
-15.3468 17.9299 12.4614 0.771356 -0.636399 -0.0024955
-14.4056 19.1283 14.6678 0.785621 -0.618628 0.0100132
-14.1793 19.4204 15.2065 0.79135 -0.611289 0.00953005
-12.968 20.976 14.9678 0.791331 -0.61094 0.023413
-13.7712 19.9117 13.0368 0.786492 -0.617564 0.00673104
-14.4101 19.0849 11.4807 0.779211 -0.626748 -0.00421024
-12.2844 21.82 13.4555 0.788818 -0.614211 -0.0225915
-11.5777 22.7012 15.0335 0.763691 -0.645138 0.0239345
-10.8704 23.5058 13.4309 0.737219 -0.675416 -0.0179221
-9.85884 24.4979 15.3302 0.682802 -0.730602 0.00151635
-8.51652 25.4953 17.389 0.540957 -0.841048 -0.00209316
-8.42877 25.5486 17.5121 0.520186 -0.853022 -0.0419624
-7.24199 26.3802 16.255 0.546758 -0.834103 -0.0729878
-8.49325 25.6449 14.5027 0.609463 -0.791969 -0.036604
-9.74394 24.6911 12.5045 0.658756 -0.75102 -0.0448281
-9.75311 24.6842 12.4897 0.673821 -0.734716 -0.0784664
-9.60533 25.1138 9.86824 0.612321 -0.790206 -0.0252592
-8.33479 25.904 11.8111 0.581535 -0.810494 -0.0701239
-7.13295 26.6789 13.5964 0.558425 -0.827776 -0.0543088
-5.81381 27.4134 15.3933 0.560628 -0.825082 -0.0702512
-4.02039 28.5967 15.0759 0.516663 -0.855973 -0.0192252
-5.52994 27.745 12.9609 0.511191 -0.859232 -0.0201052
-6.97553 26.8657 10.8604 0.536895 -0.843583 -0.0105529
-8.17564 26.0769 9.00871 0.55258 -0.833344 0.0139287
-9.40499 25.1294 7.00347 0.625437 -0.777324 0.0677909
-9.4603 25.0764 6.90497 0.625483 -0.777356 0.0669931
-8.05342 26.0608 6.12231 0.566607 -0.822594 0.0479003
-6.87647 26.9006 7.92529 0.534114 -0.844983 0.0269394
-5.66922 27.6839 9.73315 0.518698 -0.854787 0.0170867
-4.98913 28.1183 10.7552 0.494723 -0.869 -0.00933196
-4.92817 28.074 7.76664 0.495238 -0.868567 0.0181867
-6.18281 27.2543 5.91025 0.52 -0.853366 0.0369796
-6.32209 27.1604 5.70229 0.519086 -0.853986 0.0354594
-4.71071 28.0712 5.01787 0.45502 -0.889033 0.0507621
-4.2076 28.3748 5.72415 0.460395 -0.885814 0.0580547
-21.8868 12.1339 -2.54024 0.62748 -0.776967 -0.0509011
-20.7877 12.9652 -0.730343 0.661102 -0.749455 -0.035511
-19.659 13.8602 1.15865 0.673676 -0.737982 -0.0392801
-18.5898 14.7469 3.02415 0.690907 -0.720869 -0.0547356
-17.4145 15.8098 5.20191 0.709986 -0.70385 -0.0226949
-16.3768 16.8428 7.23757 0.744775 -0.666996 -0.0206522
-15.8026 17.4684 8.43915 0.754663 -0.655632 -0.0251266
-15.8736 17.4773 5.31734 0.739805 -0.672506 -0.0205913
-16.9558 16.4105 3.13438 0.735174 -0.675964 -0.0509053
-17.9977 15.4573 1.2034 0.715614 -0.696686 -0.0502507
-19.1198 14.4871 -0.786624 0.69795 -0.714221 -0.0524783
-20.1995 13.6033 -2.64545 0.673439 -0.737941 -0.0438541
-20.84 13.0987 -3.73536 0.65828 -0.751326 -0.0466524
-19.8857 14.0529 -5.01721 0.685747 -0.726122 -0.0499772
-18.7577 14.9969 -3.02982 0.693485 -0.71812 -0.0581555
-17.7484 15.9024 -1.17235 0.736886 -0.674263 -0.0486642
-16.697 16.8847 0.736792 0.743182 -0.665265 -0.0714375
-15.7042 17.8591 2.68034 0.765851 -0.6396 -0.0662053
-15.5796 17.9848 2.94114 0.772378 -0.631889 -0.0644105
-14.9004 18.9607 1.49807 0.780543 -0.623564 -0.0438297
-15.878 17.9377 -0.454719 0.764485 -0.642133 -0.056813
-16.8895 16.9515 -2.35768 0.743805 -0.664749 -0.069742
-17.8928 16.0247 -4.25095 0.738484 -0.671073 -0.0655918
-18.8828 15.1399 -6.08659 0.725621 -0.68552 -0.0594672
-17.8962 16.3042 -7.07094 0.74173 -0.666972 -0.0705957
-16.8531 17.2765 -5.03612 0.754877 -0.65261 -0.0652811
-15.8714 18.2071 -3.15539 0.757064 -0.649916 -0.0668034
-15.6322 18.4371 -2.68324 0.758587 -0.648445 -0.0637502
-16.1124 18.2783 -6.3489 0.759678 -0.646116 -0.0736458
-17.1491 17.3001 -8.44744 0.754812 -0.651587 -0.0754498
-16.0543 18.6771 -9.01261 0.77074 -0.632034 -0.080584
-16.8825 17.8667 -10.7051 0.77344 -0.629633 -0.0731667
-15.7583 19.3205 -11.1659 0.777762 -0.622377 -0.0879393
-16.7669 18.3069 -13.365 0.788411 -0.612373 -0.0583731
-17.6347 17.362 -15.3401 0.780966 -0.623238 -0.04081
-18.5204 16.3701 -17.3784 0.770695 -0.63656 -0.0286405
-18.7016 16.1675 -17.7902 0.775757 -0.630769 -0.0182077
-16.6341 18.7639 -16.0007 0.811068 -0.581792 -0.0607249
-15.6923 19.7818 -13.8366 0.796145 -0.599132 -0.0848189
-15.099 20.3624 -12.5566 0.781426 -0.616837 -0.094259
-14.5384 21.3489 -14.0868 0.784803 -0.609458 -0.11245
-15.1285 20.765 -15.3639 0.799244 -0.593012 -0.0976986
-13.778 22.5288 -15.2016 0.790306 -0.603457 -0.106093
-13.6063 22.6783 -14.8517 0.754486 -0.640867 -0.141562
-12.655 23.9053 -15.8007 0.718988 -0.685269 -0.116031
-12.763 23.8249 -15.9957 0.718989 -0.685268 -0.11603
-12.008 24.7962 -17.4411 0.658242 -0.739538 -0.140714
-11.1978 25.3159 -16.0789 0.629719 -0.77032 -0.100302
-10.0295 26.3492 -17.0333 0.585653 -0.801794 -0.118895
-10.3989 26.1602 -17.5783 0.608782 -0.785949 -0.108022
10.0718 28.0748 17.941 -0.586762 -0.809586 0.0167615
8.75742 28.7328 16.0956 -0.484751 -0.872927 0.0549098
8.63889 28.7969 15.9342 -0.479585 -0.877276 0.019648
10.3377 27.7108 15.5088 -0.593486 -0.80387 0.0395779
11.6524 26.784 17.6981 -0.664047 -0.74505 0.0627922
13.1678 25.3328 17.5581 -0.740541 -0.667688 0.0761052
12.1265 26.2341 15.5888 -0.690692 -0.721356 0.0508939
11.335 26.8761 14.1962 -0.658753 -0.752273 0.0114004
12.4 25.7934 13.1834 -0.754563 -0.655669 0.0270686
13.3777 24.7984 15.1684 -0.781474 -0.620291 0.0673619
13.7637 24.402 15.9763 -0.782043 -0.61897 0.0726936
14.7762 23.0039 15.3267 -0.805464 -0.588634 0.0688258
13.8672 23.996 13.3602 -0.78527 -0.616282 0.059556
13.217 24.7052 11.9457 -0.776478 -0.627597 0.0565938
13.8774 23.715 10.522 -0.80655 -0.589589 0.0431409
14.7811 22.6615 12.5297 -0.808885 -0.584395 0.0647128
15.7677 21.5374 14.7625 -0.813977 -0.577158 0.065799
15.8427 21.4517 14.9389 -0.813977 -0.577159 0.0657996
17.3471 19.4098 15.4721 -0.798118 -0.601418 0.0361048
16.5149 20.3713 13.5764 -0.806585 -0.588413 0.0564822
15.5519 21.4676 11.4417 -0.812144 -0.579968 0.0637155
14.9788 22.143 10.1974 -0.814577 -0.57734 0.0560677
15.9987 20.6712 9.60699 -0.80823 -0.586245 0.0555119
16.8833 19.6827 11.4976 -0.78875 -0.611282 0.0648696
17.7249 18.7482 13.3156 -0.786896 -0.615339 0.0463876
18.5592 17.806 15.1717 -0.780342 -0.624053 0.040294
19.5108 16.7312 17.2283 -0.777255 -0.628795 0.0221793
19.7423 16.4735 17.7238 -0.756168 -0.653965 0.023251
21.349 14.7472 17.7397 -0.707681 -0.706418 0.0127214
20.3526 15.7257 15.8125 -0.731118 -0.682005 0.0183137
19.4582 16.6797 13.9725 -0.744844 -0.66691 0.0209153
18.5954 17.6033 12.1686 -0.767154 -0.640726 0.0307402
17.5877 18.6786 10.0777 -0.770103 -0.636089 0.0482819
16.989 19.3236 8.81828 -0.777879 -0.626139 0.0534247
17.8253 18.208 7.61628 -0.764529 -0.642715 0.0491239
18.795 17.2402 9.57557 -0.747389 -0.663271 0.0384803
19.7964 16.2175 11.5797 -0.730911 -0.681989 0.0256873
20.819 15.2064 13.5787 -0.714688 -0.699403 0.0074457
21.8237 14.2497 15.4735 -0.685148 -0.728323 0.0108528
23.0011 13.1907 17.5142 -0.665779 -0.746149 -0.000792611
25.1025 11.3836 17.8681 -0.632539 -0.774489 -0.00783771
23.9746 12.3188 16.0619 -0.655841 -0.754843 0.00917051
22.8532 13.2809 14.1829 -0.659984 -0.751184 0.0119879
21.8596 14.1587 12.4227 -0.69236 -0.72153 0.00562569
20.7176 15.223 10.3016 -0.707882 -0.705822 0.0267968
19.7721 16.1229 8.49404 -0.719587 -0.693656 0.0321817
18.7151 17.1355 6.41857 -0.745512 -0.665173 0.0419122
18.2033 17.652 5.37826 -0.748409 -0.662758 0.0252296
18.2979 17.468 2.46801 -0.747059 -0.66467 0.0108219
19.1877 16.5388 4.32086 -0.735491 -0.677201 0.0212468
20.1018 15.6453 6.13134 -0.715351 -0.697758 0.0375145
21.3031 14.5732 8.36096 -0.678892 -0.733787 0.025734
22.3289 13.6917 10.18 -0.676984 -0.735836 0.015457
23.3777 12.7886 12.0031 -0.654257 -0.755855 0.0251244
24.4426 11.9362 13.7498 -0.629529 -0.776975 0.0018943
25.5167 11.0707 15.4782 -0.620537 -0.78417 -0.0033306
26.6738 10.1602 17.2743 -0.59179 -0.806085 -0.00337065
27.1467 9.81313 17.974 -0.58544 -0.81067 -0.00864975
29.0137 8.51985 17.6498 -0.562062 -0.827085 -0.00412934
27.8287 9.33638 15.9769 -0.572326 -0.820015 -0.00433901
26.585 10.258 14.1064 -0.599289 -0.800532 -0.00135917
25.4869 11.0935 12.3901 -0.613896 -0.789368 0.00545894
24.3649 11.959 10.5914 -0.627773 -0.778386 0.00406277
23.0965 12.9724 8.47066 -0.650901 -0.759004 0.0155557
22.0276 13.8498 6.62419 -0.662391 -0.748725 0.0254873
21.0164 14.7131 4.7964 -0.672366 -0.739764 0.0259498
20.0131 15.6509 2.87688 -0.720133 -0.693833 0.0019078
19.1043 16.5848 1.00314 -0.733915 -0.679241 0.000423066
18.237 17.6076 -0.948927 -0.754292 -0.655972 -0.027265
17.4034 18.7007 -3.00893 -0.794879 -0.606635 -0.0127315
16.6051 19.7605 -5.02276 -0.799531 -0.600266 0.0207602
15.7849 20.6928 -6.94515 -0.779582 -0.622991 0.0642945
14.8181 21.5632 -8.88984 -0.755155 -0.647515 0.102304
13.7771 22.4011 -10.816 -0.732624 -0.668905 0.12581
12.5757 23.2889 -12.935 -0.706716 -0.6977 0.117332
11.4726 24.1156 -14.8846 -0.68084 -0.729212 0.0686021
10.1292 25.0546 -17.0598 -0.569428 -0.821082 0.0397027
9.59996 25.3829 -17.8315 -0.512892 -0.857664 0.0367891
5.70252 28.5236 -9.07836 -0.348732 -0.932137 0.0975063
6.77863 28.288 -7.8127 -0.380799 -0.916146 0.125175
9.07487 27.0831 -7.58051 -0.548056 -0.827643 0.121004
7.11548 27.8094 -10.13 -0.416419 -0.899189 0.134369
5.31615 28.2935 -12.2909 -0.359348 -0.926876 0.108488
5.19641 28.3233 -12.4328 -0.35935 -0.926876 0.108486
4.93859 28.0695 -15.464 -0.414745 -0.902657 0.114878
6.80341 27.4975 -13.2033 -0.42904 -0.893211 0.134531
8.66692 26.8499 -10.847 -0.541714 -0.830588 0.129109
10.4059 25.984 -8.36403 -0.616429 -0.776942 0.127969
11.2946 25.5175 -7.05605 -0.643106 -0.750517 0.152113
15.4163 21.421 -1.73806 -0.818356 -0.574704 0.00297654
14.757 22.2968 -3.35602 -0.80346 -0.594907 0.0232068
13.9827 23.1035 -5.05094 -0.756297 -0.648656 0.085204
12.9822 23.9376 -6.93366 -0.714067 -0.694684 0.0867368
12.074 24.5715 -8.46916 -0.671867 -0.729434 0.128531
10.9836 25.2342 -10.1923 -0.636414 -0.757586 0.145054
9.6439 25.9477 -12.1636 -0.584783 -0.801842 0.122795
8.49397 26.4778 -13.7417 -0.517539 -0.841933 0.152652
7.08149 26.9938 -15.5256 -0.467318 -0.871936 0.146088
6.61622 27.1412 -16.0922 -0.447977 -0.881477 0.149382
7.76091 26.3755 -17.3778 -0.430067 -0.897139 0.100916
9.00077 25.8842 -15.7993 -0.528117 -0.843263 0.100001
10.1137 25.3161 -14.2305 -0.590807 -0.800191 0.103155
11.1263 24.7043 -12.6633 -0.638322 -0.762185 0.107793
12.0828 24.0949 -11.1252 -0.668625 -0.734894 0.113456
13.139 23.3583 -9.3189 -0.72439 -0.673519 0.147077
14.1127 22.6222 -7.58311 -0.739454 -0.661451 0.125258
14.907 21.8962 -5.96675 -0.770949 -0.634106 0.059558
15.6022 21.1158 -4.38628 -0.796967 -0.603474 0.0257213
16.3061 20.1742 -2.59453 -0.808491 -0.588424 -0.00993851
16.477 19.9219 -2.12721 -0.80851 -0.587863 -0.0269988
12.8761 22.6979 -15.1859 -0.721771 -0.687837 0.076986
13.8906 21.8476 -13.2268 -0.739697 -0.664603 0.105595
14.9469 21.0035 -11.281 -0.743805 -0.656134 0.127448
16.0886 20.0379 -9.09283 -0.75937 -0.642852 0.100494
17.0438 19.0813 -7.04691 -0.784281 -0.61847 0.0489774
18.0528 17.8998 -4.68171 -0.779927 -0.625702 0.0144962
18.9912 16.7518 -2.46267 -0.747 -0.664816 0.00319624
19.073 16.6626 -2.28447 -0.73628 -0.676676 -0.000786236
18.933 16.8267 -5.81754 -0.75671 -0.653425 0.0206548
18.0457 17.7819 -7.78234 -0.768595 -0.63859 0.0382701
16.938 18.8632 -10.107 -0.768367 -0.632491 0.0978157
15.8133 19.8108 -12.2845 -0.753206 -0.646737 0.120051
14.7083 20.7138 -14.3677 -0.758919 -0.64242 0.10648
14.2369 21.1259 -15.2795 -0.760528 -0.641911 0.0977088
15.4303 19.634 -15.6105 -0.760175 -0.637007 0.127888
16.5564 18.7233 -13.5104 -0.748494 -0.65148 0.123821
17.7082 17.7769 -11.308 -0.74325 -0.661385 0.10074
18.8425 16.7466 -9.04214 -0.754032 -0.654139 0.0594727
19.1596 16.4276 -8.36853 -0.749686 -0.660341 0.0438282
19.5766 15.8045 -10.4759 -0.726944 -0.684314 0.0571555
18.5147 16.6997 -12.5124 -0.735057 -0.670987 0.0973051
17.4055 17.5784 -14.578 -0.729493 -0.674643 0.112683
16.2371 18.4746 -16.7297 -0.74276 -0.657727 0.125312
17.3636 17.1782 -17.4419 -0.704655 -0.703073 0.0956547
18.4884 16.3142 -15.3232 -0.713609 -0.694797 0.0895492
19.8139 15.2914 -12.8755 -0.702214 -0.706619 0.0870934
20.3781 14.8422 -11.8268 -0.711744 -0.699004 0.0693763
21.5402 13.6529 -12.605 -0.66953 -0.740111 0.0629717
20.415 14.5038 -14.6212 -0.686163 -0.723987 0.0708722
19.3497 15.3094 -16.5716 -0.694664 -0.71506 0.0782998
18.8503 15.7049 -17.5082 -0.699187 -0.711302 0.0720252
20.3811 14.2374 -17.5828 -0.657192 -0.751 0.0640202
21.5639 13.3899 -15.4746 -0.658306 -0.75078 0.0544267
22.7324 12.5239 -13.4256 -0.6517 -0.755616 0.0658186
22.8428 12.4445 -13.2364 -0.652748 -0.755019 0.0621785
24.8417 10.8562 -12.8043 -0.609803 -0.790979 0.0499225
23.6681 11.6601 -14.7612 -0.631079 -0.774438 0.0445526
22.4561 12.5379 -16.8247 -0.637415 -0.768706 0.0528534
22.2889 12.6565 -17.1187 -0.637484 -0.76865 0.0528298
23.7756 11.4224 -17.4908 -0.620673 -0.782921 0.0424335
25.1281 10.4988 -15.2678 -0.596983 -0.801153 0.0420158
26.5102 9.59821 -13.0451 -0.590727 -0.805894 0.0397143
27.8025 8.77356 -11.0416 -0.565389 -0.823962 0.037711
29.0606 8.02421 -9.15111 -0.535288 -0.844061 0.0320503
30.4557 7.22446 -7.09582 -0.530137 -0.847233 0.0339293
31.7772 6.49574 -5.16676 -0.510567 -0.859213 0.0327857
32.825 5.94042 -3.66366 -0.493189 -0.869152 0.036595
32.3673 6.06454 -7.26595 -0.500722 -0.864842 0.0364096
31.054 6.76943 -9.14778 -0.528368 -0.848303 0.0347886
29.6456 7.55672 -11.2141 -0.539006 -0.841489 0.0369939
28.1692 8.42292 -13.3952 -0.553645 -0.832079 0.0334742
26.8395 9.24429 -15.4597 -0.583055 -0.811322 0.0424701
25.6431 10.0188 -17.3452 -0.594294 -0.80369 0.0299706
27.5398 8.68837 -17.2832 -0.553001 -0.832873 0.0226425
28.7618 7.9507 -15.4155 -0.541322 -0.84024 0.031084
30.031 7.20027 -13.5409 -0.531814 -0.84611 0.0356715
31.4466 6.4307 -11.5159 -0.511942 -0.858079 0.0402045
32.3332 5.96315 -10.2534 -0.503682 -0.863135 0.0360873
33.0068 5.49437 -12.2264 -0.489347 -0.871578 0.0298531
31.5293 6.26651 -14.2899 -0.508621 -0.860551 0.0275156
30.1304 7.05464 -16.2908 -0.525364 -0.850468 0.0264046
29.2125 7.59204 -17.6423 -0.539144 -0.841552 0.0333827
31.2284 6.35889 -17.5961 -0.507964 -0.861151 0.0197803
32.5773 5.62244 -15.7092 -0.491845 -0.870374 0.0231957
33.9273 4.92692 -13.8565 -0.471315 -0.881665 0.0229984
35.1609 4.23241 -15.0714 -0.46496 -0.88489 0.027956
33.8015 4.91609 -16.8973 -0.477573 -0.878428 0.0169691
33.3302 5.15852 -17.5379 -0.480432 -0.876833 0.0186642
35.4893 3.99437 -17.4676 -0.461776 -0.88681 0.0181889
36.252 3.6267 -16.4737 -0.452826 -0.891283 0.0237301
21.5512 14.1983 2.69736 -0.678308 -0.734667 0.0127942
22.7575 13.1703 4.86661 -0.640162 -0.767942 0.0213931
24.1307 12.1016 7.1763 -0.628379 -0.777784 0.0138533
25.4331 11.105 9.29211 -0.611242 -0.791398 0.00850315
26.7789 10.1112 11.3928 -0.574626 -0.818413 -0.00227741
28.2167 9.09046 13.5467 -0.5634 -0.826182 -0.00189893
29.6696 8.10333 15.6305 -0.541766 -0.840428 -0.013091
31.1833 7.1246 17.6947 -0.517998 -0.855359 -0.00627676
31.2494 7.08345 17.7829 -0.519205 -0.85456 -0.0123593
33.4693 5.79905 17.8001 -0.483717 -0.875101 -0.0147057
31.8653 6.74465 15.7023 -0.511373 -0.859259 -0.0131157
30.3576 7.68767 13.6387 -0.524989 -0.851092 -0.00537466
28.9282 8.61765 11.6116 -0.552237 -0.833634 -0.00939089
27.5275 9.58007 9.53344 -0.570662 -0.821156 0.00695461
26.1205 10.5725 7.37374 -0.595027 -0.803663 0.00825621
24.73 11.5887 5.14729 -0.611633 -0.790844 0.021703
24.6689 11.6332 5.04873 -0.611737 -0.790755 0.0220325
27.2954 9.71114 6.20528 -0.567956 -0.822985 0.0110361
28.7569 8.73311 8.38806 -0.553383 -0.832926 -0.00119188
30.3018 7.74166 10.6031 -0.536996 -0.843571 -0.00477929
32.0948 6.63621 13.0795 -0.505536 -0.862739 -0.0107049
33.6474 5.72198 15.1451 -0.484487 -0.874739 -0.0102531
35.2764 4.82785 17.2138 -0.462637 -0.886493 -0.00990831
35.8548 4.52342 17.9345 -0.453079 -0.891462 -0.00385259
37.9155 3.5014 17.6536 -0.429786 -0.902919 -0.00469373
36.0778 4.41852 15.382 -0.451123 -0.892461 -0.00105593
34.348 5.35333 13.1634 -0.480355 -0.877035 -0.00830501
32.6817 6.31017 10.9461 -0.49651 -0.868023 0.00370074
31.0572 7.27591 8.7165 -0.518175 -0.855266 0.00383875
29.8742 8.00489 7.0505 -0.538471 -0.842643 -0.00101773
32.2102 6.5781 7.38071 -0.504117 -0.863612 0.00638656
33.9534 5.58643 9.73402 -0.48795 -0.87287 0.00177081
35.5419 4.72127 11.841 -0.469264 -0.883052 -0.00326718
37.099 3.90846 13.8272 -0.443738 -0.896155 -0.00177421
38.787 3.09709 15.9047 -0.423264 -0.906 -0.00343046
39.9795 2.55393 17.3324 -0.406452 -0.913659 0.00491616
42.0194 1.68798 16.9623 -0.370386 -0.928869 0.00407907
40.329 2.40063 14.9622 -0.403169 -0.915098 -0.00715715
38.6476 3.1679 12.9129 -0.421429 -0.906851 0.00422955
36.9311 4.00058 10.7502 -0.446337 -0.894845 0.0059914
35.1234 4.93599 8.3957 -0.472877 -0.881113 0.00526067
34.1654 5.45809 7.12032 -0.486277 -0.873764 0.00843086
35.6503 4.63894 6.20275 -0.470318 -0.882432 0.0106731
37.3344 3.78563 8.4067 -0.44567 -0.895194 0.00228724
38.9975 2.99028 10.5077 -0.426244 -0.904602 0.00342163
40.677 2.24227 12.5728 -0.408116 -0.912914 0.00548893
42.3697 1.5351 14.6077 -0.373952 -0.927443 -0.00297661
43.2721 1.18611 15.6584 -0.359581 -0.933105 0.00401268
43.3703 1.14182 12.9895 -0.357512 -0.933881 0.0071802
41.7123 1.7877 11.0171 -0.389145 -0.921159 0.00558958
39.818 2.59904 8.70842 -0.420292 -0.907359 0.00742256
38.1119 3.38698 6.54145 -0.436302 -0.899749 0.00963183
36.6745 4.07471 4.66381 -0.461022 -0.8871 0.0226312
36.8278 3.94397 1.97506 -0.451968 -0.891683 0.0250279
38.462 3.16976 4.13851 -0.442515 -0.89669 0.0112707
40.3173 2.35177 6.48843 -0.410998 -0.911569 0.0110305
42.1867 1.56955 8.79317 -0.382888 -0.923763 0.00767024
43.3879 1.10473 10.2266 -0.359615 -0.933074 0.00702414
43.1501 1.16667 7.1414 -0.364236 -0.931204 0.0138079
41.4986 1.80905 5.13519 -0.388789 -0.921276 0.00967353
40.5245 2.21684 3.91999 -0.406729 -0.913406 0.0161279
