16.2063 21.4292 -20.3187 -0.821895 -0.569634 -0.00256966
15.876 21.9053 -20.3002 -0.821424 -0.570315 -0.00183045
15.9266 21.8309 -19.7999 -0.821609 -0.570048 -0.00199033
16.2066 21.4269 -19.7877 -0.821989 -0.569499 -0.00205566
16.5057 20.9939 -19.8388 -0.823662 -0.567079 -0.00139448
16.3617 21.2046 -20.2802 -0.82309 -0.567906 -0.00215615
16.2654 21.3439 -20.3015 -0.821889 -0.569642 -0.00257701
16.3026 21.2922 -20.7277 -0.82276 -0.568374 -0.00403024
16.6675 20.7615 -20.6891 -0.824422 -0.565972 -0.00202112
16.7408 20.6533 -20.2818 -0.824374 -0.566044 -0.00146206
16.7756 20.6023 -19.7684 -0.823359 -0.567519 -0.000234748
16.657 20.7733 -19.3241 -0.822906 -0.568176 -0.0013118
16.3449 21.2254 -19.3173 -0.822727 -0.568433 -0.00188591
15.9368 21.8154 -19.33 -0.821423 -0.570319 -0.000587625
15.6813 22.1827 -19.3675 -0.820941 -0.571013 -0.000687268
15.5472 22.3766 -19.7284 -0.821262 -0.570547 -0.00230407
15.5433 22.3848 -20.2283 -0.822284 -0.56907 -0.00227332
15.6591 22.2187 -20.7095 -0.821776 -0.569809 -0.00131966
15.9345 21.8225 -20.7764 -0.820794 -0.571223 -0.00134571
16.2202 21.4116 -20.734 -0.822635 -0.568556 -0.0039447
16.2348 21.396 -21.1825 -0.820397 -0.571708 -0.00762777
15.8752 21.9064 -21.2484 -0.81754 -0.575854 0.000739928
15.6069 22.2912 -21.2353 -0.822104 -0.569328 0.00328622
15.3502 22.6658 -21.138 -0.825839 -0.563897 0.00293017
15.3078 22.7279 -20.5075 -0.825427 -0.564499 -0.00341702
15.2839 22.7568 -19.8989 -0.821485 -0.570217 -0.0038284
15.2878 22.7466 -19.404 -0.818802 -0.574062 -0.00408997
15.3377 22.6733 -18.9815 -0.818475 -0.574536 -0.0024772
15.5822 22.324 -18.9044 -0.819324 -0.573329 0.000847891
15.9466 21.8022 -18.8625 -0.820533 -0.571593 0.00256333
16.2974 21.2937 -18.8614 -0.822836 -0.568278 0.00102516
16.5591 20.9126 -18.8456 -0.822506 -0.568734 -0.0050452
16.8099 20.5503 -18.8791 -0.822873 -0.56822 -0.0024965
17.0137 20.2563 -19.1575 -0.822648 -0.568547 -0.00223668
17.0254 20.2395 -19.7346 -0.823673 -0.567065 0.000745534
17.0002 20.2751 -20.2265 -0.82587 -0.563847 0.00271361
17.0209 20.246 -20.7817 -0.825068 -0.565032 -0.000988521
16.8364 20.516 -21.2512 -0.827611 -0.561287 0.00186364
16.5423 20.9475 -21.2492 -0.825341 -0.564621 -0.00386587
16.3421 21.24 -21.1887 -0.824034 -0.566473 -0.00866467
