-5.34004 29.765 19.9459 0.793208 -0.608949 -0.0011296
-5.09654 30.082 19.7049 0.793798 -0.608181 -0.000281783
-4.89345 30.3475 20.1612 0.794974 -0.606637 -0.00215878
-5.20485 29.9401 20.2402 0.793245 -0.608897 -0.00250139
-5.34119 29.763 20.0764 0.793379 -0.608725 -0.00219406
-5.62487 29.395 20.0691 0.791282 -0.611449 -0.00173914
-5.64476 29.3696 19.4987 0.790918 -0.611922 0.000608006
-5.35223 29.749 19.2571 0.792695 -0.609617 0.00135711
-5.05803 30.132 19.2536 0.793632 -0.608397 0.00107402
-4.72605 30.566 19.3116 0.794552 -0.60719 0.00257459
-4.61031 30.7197 19.8257 0.798367 -0.602171 -0.000425033
-4.61665 30.71 20.4088 0.797393 -0.603452 -0.00309106
-4.81742 30.4435 20.7486 0.796055 -0.605194 -0.00602555
-5.17606 29.9752 20.677 0.793243 -0.608864 -0.0071515
-5.48637 29.5714 20.6401 0.792136 -0.610321 -0.00532395
-5.62735 29.3904 20.4086 0.790663 -0.612247 -0.00221925
-5.93031 28.9993 20.358 0.790813 -0.612056 -0.00159636
-5.92269 29.0077 20.8893 0.782304 -0.622831 -0.00904163
-5.67957 29.3165 21.1391 0.790696 -0.612162 -0.00647561
-5.38431 29.6997 21.1199 0.789218 -0.61409 -0.00395999
-5.0851 30.0881 21.1504 0.794883 -0.606629 -0.0127246
-4.72306 30.5612 21.2186 0.795018 -0.606441 -0.0132638
-4.43215 30.9497 21.142 0.798767 -0.601631 -0.00342277
-4.33795 31.0775 20.6725 0.798353 -0.60216 -0.00524527
-4.333 31.0871 20.0476 0.799251 -0.60099 -0.00288745
-4.33033 31.0902 19.5205 0.799754 -0.600327 0.00119699
-4.36745 31.0357 18.9314 0.797238 -0.60363 0.00658122
-4.83933 30.4156 18.7363 0.792225 -0.610204 0.00546312
-5.1569 30.0022 18.7651 0.793236 -0.608913 0.00140327
-5.50204 29.5528 18.7273 0.792277 -0.610159 0.00161737
-5.80414 29.1616 18.7848 0.790699 -0.612199 0.0027637
-5.95198 28.9723 19.4486 0.790941 -0.611891 0.000974835
-5.91497 29.02 20.1122 0.790487 -0.612477 -0.00140813
-5.92221 29.0103 20.1507 0.790813 -0.612056 -0.00159661
