16.6137 21.5637 -19.7655 -0.822601 -0.568616 -0.0016926
16.8857 21.1696 -19.8045 -0.822971 -0.568083 -0.000828756
16.945 21.0844 -20.1566 -0.824297 -0.566156 -0.00121291
16.5586 21.6449 -20.2349 -0.822811 -0.568312 -0.00176354
16.3558 21.9374 -20.0014 -0.822064 -0.569393 -0.00117721
16.5359 21.6762 -19.7844 -0.8226 -0.568618 -0.00169343
16.5339 21.6778 -19.3191 -0.82264 -0.568558 -0.00200655
16.8057 21.2846 -19.2984 -0.822385 -0.568929 -0.00175814
17.08 20.8881 -19.3205 -0.82252 -0.568737 -0.000317264
17.2437 20.6509 -19.6919 -0.823309 -0.567591 0.00138494
17.2391 20.6554 -20.3141 -0.826549 -0.562864 0.00100075
17.1213 20.8279 -20.7245 -0.826727 -0.562603 0.000314839
16.8489 21.2257 -20.7117 -0.824718 -0.565542 -0.00170308
16.5316 21.686 -20.7038 -0.822527 -0.568716 -0.00341574
16.2336 22.1157 -20.6593 -0.82173 -0.569873 -0.0019442
16.1292 22.2653 -20.2954 -0.822046 -0.56942 -0.00125994
16.0808 22.334 -19.6869 -0.822324 -0.569018 -0.00111034
16.2451 22.0957 -19.3535 -0.822445 -0.568843 -0.00134994
16.4463 21.8044 -19.3317 -0.822741 -0.568413 -0.00180604
16.3861 21.8902 -18.8631 -0.823376 -0.567494 -0.00113932
16.054 22.3718 -18.8574 -0.822352 -0.568978 0.00013699
15.7858 22.7582 -19.13 -0.821289 -0.570511 0.000643591
15.7957 22.7454 -19.6325 -0.821729 -0.569874 -0.00225032
15.7964 22.7458 -20.1056 -0.822336 -0.569001 -0.00108352
15.7804 22.7694 -20.5835 -0.821998 -0.56949 -0.000178996
15.85 22.6687 -21.0585 -0.821003 -0.570924 -0.000307115
16.1483 22.2399 -21.2304 -0.820748 -0.57129 -8.08605e-05
16.4459 21.8138 -21.1987 -0.821627 -0.569936 -0.0101247
16.7333 21.3963 -21.1937 -0.826387 -0.563054 -0.00594937
17.0237 20.9724 -21.2527 -0.827326 -0.56172 -0.00152418
17.3851 20.4402 -21.2091 -0.827145 -0.561988 0.000435176
17.4971 20.2749 -20.7937 -0.827623 -0.561278 -0.00214676
17.5321 20.2262 -20.2695 -0.825365 -0.564584 0.00405581
17.5025 20.2757 -19.4952 -0.824157 -0.566347 0.00366914
17.4693 20.3257 -18.9332 -0.822169 -0.569243 0.000727759
17.187 20.7334 -18.8598 -0.821065 -0.57083 -0.000403239
16.8149 21.2698 -18.852 -0.821937 -0.569574 -0.00195919
16.4509 21.7963 -18.8494 -0.822842 -0.568266 -0.00227258
