-6.51547 31.6793 -20.0906 0.26051 -0.96547 0.00147114
-6.16578 31.7732 -20.3947 0.25948 -0.965748 0.000393762
-5.88697 31.8481 -20.0118 0.258742 -0.965946 -7.92733e-06
-6.22605 31.7573 -19.7133 0.258742 -0.965947 -5.78619e-06
-6.52605 31.6767 -19.9799 0.26051 -0.96547 0.00147115
-6.93027 31.5673 -20.0352 0.261429 -0.965222 0.00109769
-6.89312 31.5768 -20.4926 0.261168 -0.965293 0.000414682
-6.56794 31.6648 -20.7624 0.260134 -0.965572 -0.000676196
-6.14383 31.779 -20.8031 0.260094 -0.965583 -0.000576208
-5.64538 31.913 -20.7701 0.25902 -0.965872 -0.000219388
-5.39596 31.9798 -20.3519 0.25914 -0.965839 -0.000707324
-5.4563 31.9635 -19.903 0.258021 -0.966139 -0.00097847
-5.50507 31.9498 -19.4096 0.257557 -0.966262 -0.000953043
-6.11367 31.7882 -19.2733 0.256017 -0.966672 0.000403143
-6.53692 31.6752 -19.3308 0.258625 -0.965973 0.00286929
-6.90787 31.5737 -19.7519 0.261097 -0.965309 0.00256749
-6.92488 31.569 -19.8332 0.261432 -0.965221 0.00109633
-7.34698 31.4544 -19.9491 0.261976 -0.965073 0.00178258
-7.31337 31.4624 -20.4732 0.263762 -0.964585 0.0011766
-7.28908 31.4701 -20.9606 0.259484 -0.965746 -0.00152611
-6.88358 31.5798 -21.2231 0.260661 -0.96543 -0.000569128
-6.41801 31.7056 -21.2125 0.261276 -0.965263 -0.000911306
-5.68942 31.9015 -21.2382 0.258979 -0.965882 -0.000902981
-5.11721 32.0546 -21.1767 0.259169 -0.965832 0.000691114
-4.96911 32.0949 -20.7349 0.261196 -0.965284 0.000648389
-4.96649 32.0951 -20.2064 0.259851 -0.965648 -0.000563348
-4.97345 32.0925 -19.7492 0.258422 -0.966027 -0.0029767
-4.94068 32.0993 -19.2644 0.25704 -0.96639 -0.00454808
-5.15966 32.0394 -18.8943 0.256439 -0.96655 -0.0044435
-5.59495 31.9245 -18.9147 0.252605 -0.96756 -0.00368593
-6.29049 31.7421 -18.842 0.256113 -0.966644 0.00241615
-6.84125 31.5953 -18.8851 0.259095 -0.965838 0.00526504
-7.2375 31.4871 -19.0306 0.263006 -0.96478 0.00518022
-7.34158 31.4568 -19.5646 0.2621 -0.965037 0.00252032
-7.35102 31.4539 -19.6861 0.261894 -0.965094 0.00237763
