-8.62566 -5.54025 28.2994 -0.330575 0.0970926 -0.938772
-7.68304 -5.05205 27.9993 -0.348395 0.0709154 -0.93465
-7.68304 -5.05205 27.9993 -0.348395 0.0709154 -0.93465
-6.85925 -4.37325 27.7402 -0.352565 0.0717504 -0.933033
-6.74347 -3.52431 27.7538 -0.359551 0.0614222 -0.931101
-6.91278 -2.56463 27.881 -0.359196 0.0600226 -0.93133
-7.18862 -2.51666 27.9932 -0.375139 0.0651583 -0.924676
-7.81031 -3.36062 28.1859 -0.363886 0.0784596 -0.927964
-8.25822 -4.127 28.28 -0.348429 0.0809221 -0.93376
-8.98006 -5.00178 28.4799 -0.337401 0.0835871 -0.93752
-9.61017 -5.3333 28.6615 -0.296531 0.101593 -0.949604
-9.71535 -5.36241 28.6912 -0.296479 0.101577 -0.949622
-10.6052 -5.95111 28.906 -0.296436 0.101606 -0.949633
-9.99331 -6.42916 28.6615 -0.29064 0.11437 -0.949973
-9.40484 -5.9441 28.532 -0.313553 0.0993428 -0.944188
-9.17487 -5.77325 28.4687 -0.330575 0.0970926 -0.938772
-8.59306 -7.02156 28.1336 -0.32583 0.107339 -0.939256
-7.89279 -6.5193 27.9391 -0.331131 0.0981915 -0.938462
-7.19328 -6.09177 27.7295 -0.347869 0.0881668 -0.933306
-6.43358 -5.68334 27.4744 -0.354722 0.0779482 -0.931717
-5.7765 -5.32439 27.2584 -0.35849 0.0643381 -0.931157
-5.32671 -4.63148 27.1203 -0.372312 0.0668102 -0.9257
-5.51535 -3.24871 27.2959 -0.385878 0.0521663 -0.920845
-5.58771 -2.4112 27.3578 -0.392835 0.0326388 -0.91903
-5.61477 -1.65502 27.3962 -0.393088 0.030665 -0.918987
-5.38729 -0.659853 27.3299 -0.397632 0.037095 -0.916743
-5.14752 0.472834 27.2658 -0.413768 0.0325179 -0.909802
-4.83602 1.45164 27.1257 -0.418746 -0.0159872 -0.907878
-4.66184 2.27515 27.0225 -0.427329 -0.0320658 -0.903478
-4.64753 3.03747 26.9807 -0.426417 -0.0414717 -0.903575
-5.19359 3.80275 27.2034 -0.426423 -0.0433301 -0.903484
-6.07009 3.88195 27.6131 -0.423852 -0.047229 -0.904493
-6.37514 2.96233 27.7825 -0.40789 -0.0293445 -0.91256
-6.44168 2.15368 27.8382 -0.408385 -0.0194528 -0.912549
-6.68001 1.37351 27.9532 -0.408658 -0.00943935 -0.912639
-6.96844 0.617829 28.0851 -0.401289 0.018493 -0.915765
-7.35258 -0.176152 28.2336 -0.391503 0.0621119 -0.91766
-7.64466 -1.00399 28.2828 -0.368605 0.0749348 -0.926561
-8.12763 -1.82623 28.4214 -0.373705 0.0616639 -0.925496
-8.63571 -2.56569 28.5768 -0.363887 0.0784589 -0.927964
-9.24007 -3.3625 28.7203 -0.325275 0.0816394 -0.942089
-9.87031 -4.02576 28.8804 -0.310708 0.0902466 -0.946052
-10.6758 -4.60313 29.0714 -0.29601 0.0999866 -0.949937
-11.6165 -5.17213 29.2911 -0.279645 0.107855 -0.954026
-12.3281 -5.51409 29.4618 -0.273965 0.113449 -0.954984
-13.4523 -5.94378 29.7085 -0.240439 0.141915 -0.960037
-14.1717 -6.24125 29.8309 -0.207437 0.148727 -0.96672
-14.8735 -6.57248 29.9167 -0.181378 0.154679 -0.971093
-15.4144 -7.20951 29.9295 -0.178478 0.124637 -0.976018
-15.4813 -8.06624 29.8268 -0.165469 0.14445 -0.975555
-15.056 -8.97809 29.6143 -0.171737 0.146958 -0.97412
-14.1406 -8.58322 29.4949 -0.210703 0.130185 -0.968732
-13.2166 -8.28282 29.322 -0.224275 0.134343 -0.965222
-12.2891 -8.07672 29.1131 -0.257564 0.115872 -0.959276
-11.4178 -7.97861 28.8869 -0.261938 0.117468 -0.957909
-10.662 -7.92558 28.6859 -0.277322 0.114604 -0.953817
-9.25612 -7.4802 28.3023 -0.297829 0.120484 -0.946986
-8.61726 -7.04057 28.1395 -0.32053 0.116484 -0.940049
-7.92879 -8.03422 27.7931 -0.32222 0.0982133 -0.941441
-7.2083 -7.49621 27.5892 -0.338904 0.0941227 -0.936101
-6.49638 -7.06906 27.3744 -0.341331 0.0941893 -0.935208
-5.83721 -6.74256 27.1615 -0.350079 0.0839078 -0.932954
-4.4579 -6.23961 26.6695 -0.376045 0.0716293 -0.923737
-3.74524 -5.63842 26.4104 -0.394902 0.0535724 -0.91716
-4.01485 -4.67688 26.5827 -0.396912 0.0478518 -0.916588
-4.25156 -3.66229 26.7279 -0.399444 0.0375194 -0.91599
-4.36627 -2.8117 26.8127 -0.39922 0.0365265 -0.916127
-4.29246 -1.28432 26.8329 -0.403304 0.0295581 -0.914588
-4.01181 -0.0345515 26.7449 -0.415519 0.0161074 -0.909285
-3.76621 0.848928 26.6356 -0.427396 -0.00830201 -0.903887
-3.59772 1.62508 26.5356 -0.425985 -0.0241209 -0.904409
-3.48936 2.39681 26.4635 -0.427978 -0.0323084 -0.90319
-3.43086 3.1576 26.4026 -0.424517 -0.0401847 -0.904528
-3.42848 3.91598 26.3678 -0.423869 -0.0468171 -0.904488
-3.89604 4.70239 26.5401 -0.427238 -0.0504837 -0.902713
-4.54616 4.96095 26.8377 -0.431261 -0.0475185 -0.900975
-5.22911 5.18703 27.1508 -0.423851 -0.0472299 -0.904493
-6.34392 5.66334 27.6393 -0.412586 -0.0734506 -0.907883
-7.07791 5.79173 27.9638 -0.419573 -0.0836598 -0.903858
-7.2905 4.93423 28.1256 -0.415255 -0.063776 -0.907467
-7.38978 3.76775 28.228 -0.41884 -0.0212658 -0.907811
-7.51261 2.88663 28.3049 -0.416005 -0.0228805 -0.909074
-7.71548 1.94346 28.4165 -0.412942 -0.0147344 -0.910638
-8.02985 1.02839 28.559 -0.402863 0.0121455 -0.91518
-8.47467 -0.0473592 28.6906 -0.34978 0.077698 -0.933604
-9.00538 -1.0189 28.8012 -0.337309 0.0705168 -0.938581
-9.47787 -1.72183 28.9278 -0.326992 0.0596128 -0.943111
-9.97041 -2.31745 29.0543 -0.321686 0.0654833 -0.944579
-10.4813 -2.87385 29.1885 -0.294921 0.0713869 -0.952687
-11.5621 -3.73563 29.4249 -0.281825 0.0923993 -0.955006
-12.6773 -4.35761 29.6966 -0.270109 0.0844731 -0.958989
-13.7227 -4.79819 29.9275 -0.238258 0.119319 -0.963643
-14.5745 -5.12918 30.064 -0.187909 0.103045 -0.976766
-15.7604 -5.63985 30.2059 -0.162075 0.134086 -0.977626
-16.5346 -6.3904 30.222 -0.141433 0.130723 -0.981248
-16.7639 -7.23868 30.1487 -0.141058 0.122991 -0.982332
-16.8059 -8.0421 30.0462 -0.158794 0.138294 -0.977571
-16.8138 -8.90929 29.9197 -0.144957 0.152604 -0.977599
-16.895 -9.87267 29.7814 -0.143694 0.147946 -0.978489
-16.9796 -10.7563 29.6644 -0.142431 0.143288 -0.979378
-16.6858 -11.5265 29.509 -0.154191 0.146441 -0.97705
-16.066 -11.0097 29.4828 -0.165951 0.149596 -0.974721
-15.377 -10.5705 29.4329 -0.168618 0.147328 -0.974603
-14.6842 -10.1805 29.3692 -0.186167 0.149959 -0.970874
-13.887 -9.788 29.2663 -0.21291 0.145911 -0.966001
-13.0547 -9.50427 29.1127 -0.224768 0.13696 -0.964739
-12.1413 -9.338 28.9136 -0.251239 0.132841 -0.95864
-11.0247 -9.30065 28.6109 -0.263471 0.123472 -0.956733
-10.2108 -9.34032 28.3785 -0.266781 0.124507 -0.955681
-9.50438 -9.15439 28.1785 -0.299423 0.107937 -0.947996
-8.72071 -8.67574 27.9848 -0.304451 0.103022 -0.946918
-8.13716 -8.19771 27.8441 -0.308307 0.0977698 -0.94625
-7.27148 -9.0723 27.4512 -0.330564 0.088528 -0.939622
-6.55994 -8.49943 27.2548 -0.335163 0.088131 -0.938016
-5.91294 -8.11734 27.0556 -0.339936 0.0873681 -0.936382
-5.25079 -7.81631 26.8433 -0.3474 0.0877816 -0.933565
-4.5626 -7.587 26.5959 -0.366103 0.0727184 -0.927729
-3.8538 -7.42887 26.3286 -0.371308 0.0735886 -0.925571
-3.08259 -7.31057 26.0237 -0.376513 0.0744589 -0.923414
-2.16628 -7.01924 25.6478 -0.395164 0.0562048 -0.91689
-2.31765 -5.75663 25.7888 -0.39492 0.0535852 -0.917151
-2.57204 -5.01921 25.9378 -0.401655 0.0435851 -0.914752
-2.99841 -3.89129 26.1762 -0.397819 0.0395074 -0.916608
-3.13426 -3.15299 26.2617 -0.406115 0.0243546 -0.913498
-3.18438 -2.27154 26.3086 -0.407752 0.0303576 -0.912588
-3.09564 -1.27405 26.3021 -0.415384 0.020438 -0.909325
-2.86262 -0.310054 26.2018 -0.421767 0.00326333 -0.906698
-2.5456 0.72321 26.0581 -0.426784 -0.0015515 -0.904322
-2.37573 1.70583 25.9549 -0.428989 -0.0259311 -0.902937
-2.28118 2.5434 25.8858 -0.427976 -0.0323084 -0.903191
-2.22778 3.30209 25.8277 -0.429225 -0.039957 -0.902313
-2.19387 4.06601 25.7777 -0.428268 -0.0467968 -0.902413
-2.24442 4.8834 25.7531 -0.427315 -0.053638 -0.902511
-2.57349 5.5653 25.8673 -0.422517 -0.0614712 -0.90424
-3.51619 6.03043 26.27 -0.420192 -0.0681526 -0.904872
-4.27806 6.22314 26.6208 -0.430679 -0.0728341 -0.899542
-4.9924 6.44485 26.9404 -0.427022 -0.0773128 -0.90093
-6.2227 6.91049 27.4702 -0.413599 -0.0925758 -0.90574
-6.86765 7.20771 27.733 -0.412818 -0.107418 -0.90443
-7.60116 7.6605 28.0198 -0.419933 -0.109243 -0.900956
-8.29176 8.31278 28.2628 -0.415494 -0.113454 -0.902468
-8.4643 8.18249 28.3581 -0.413902 -0.111525 -0.903461
-8.58682 7.28472 28.5233 -0.415256 -0.109467 -0.903094
-8.3897 6.31739 28.5344 -0.417099 -0.0699759 -0.906153
-8.38683 5.30393 28.6105 -0.42225 -0.0663084 -0.904046
-8.41944 4.41159 28.6754 -0.410339 -0.0461002 -0.910767
-8.53168 3.4732 28.7576 -0.394253 -0.0131258 -0.918576
-8.677 2.66619 28.8217 -0.374327 -0.0110728 -0.927228
-9.05726 1.44439 28.9926 -0.34769 0.00575558 -0.936984
-9.37634 0.711042 29.0707 -0.32368 0.0423974 -0.945216
-9.72193 0.0401627 29.1566 -0.320582 0.0648751 -0.944837
-10.2296 -0.744442 29.2628 -0.323754 0.0818084 -0.942598
-10.7257 -1.35234 29.3701 -0.313478 0.0916907 -0.945158
-11.6818 -2.29037 29.5918 -0.280591 0.0817353 -0.956341
-12.9337 -3.17671 29.8602 -0.257343 0.0866978 -0.962381
-13.6185 -3.51821 30.0151 -0.254138 0.0802852 -0.963823
-14.7934 -3.91121 30.2289 -0.196527 0.0879922 -0.976542
-15.5054 -4.17369 30.3406 -0.189831 0.0989022 -0.976823
-16.2507 -4.48433 30.4349 -0.149751 0.122865 -0.98106
-17.1127 -4.90028 30.5144 -0.140148 0.119125 -0.982883
-17.6575 -5.48449 30.505 -0.117291 0.12803 -0.98481
-17.8965 -6.34756 30.4212 -0.121277 0.1251 -0.984692
-18.0531 -7.34382 30.3103 -0.121941 0.129344 -0.984073
-18.072 -8.19655 30.2011 -0.122435 0.128375 -0.984139
-18.1051 -9.28976 30.0458 -0.127431 0.145654 -0.981094
-18.1796 -10.2342 29.9152 -0.117816 0.150615 -0.981487
-18.4462 -11.1327 29.822 -0.114971 0.136013 -0.984013
-18.5335 -12.089 29.7 -0.116308 0.13254 -0.984323
-18.1696 -12.7607 29.5631 -0.128613 0.138291 -0.982005
-17.2343 -13.0463 29.3915 -0.142051 0.133136 -0.980846
-16.4552 -12.8557 29.2929 -0.157726 0.131661 -0.978666
-15.2716 -12.0921 29.2022 -0.178194 0.133653 -0.974698
-14.567 -11.5639 29.1352 -0.196684 0.137447 -0.970784
-13.8855 -11.1451 29.0556 -0.197511 0.136768 -0.970713
-13.149 -10.8266 28.9449 -0.231721 0.142601 -0.962236
-12.3838 -10.6366 28.7821 -0.238604 0.137787 -0.961292
-11.4765 -10.5827 28.5647 -0.23951 0.138258 -0.960999
-10.2657 -10.6853 28.2199 -0.266818 0.120949 -0.956127
-9.56269 -10.6879 28.019 -0.286592 0.123037 -0.950072
-8.24145 -9.9601 27.6879 -0.2989 0.105316 -0.948455
-7.6823 -9.45092 27.56 -0.325087 0.0974756 -0.940588
-6.80548 -10.3482 27.161 -0.320093 0.108266 -0.941177
-5.97973 -9.5613 26.9448 -0.339761 0.0877371 -0.936411
-5.21589 -9.13067 26.7078 -0.346139 0.083661 -0.934415
-4.08661 -8.74802 26.3141 -0.354784 0.0795421 -0.931553
-2.80972 -8.6381 25.8132 -0.373711 0.0611163 -0.92553
-1.7971 -8.38443 25.4178 -0.381372 0.0536959 -0.922861
-0.895517 -7.97425 25.0691 -0.378697 0.0527739 -0.92401
-0.391743 -7.22135 24.8863 -0.396623 0.0397331 -0.917121
-0.626024 -6.45028 25.021 -0.397033 0.0374062 -0.917039
-1.04804 -5.66526 25.234 -0.397445 0.0350801 -0.916955
-1.44899 -4.73702 25.4561 -0.406764 0.0396338 -0.91266
-1.81572 -3.69327 25.6598 -0.407614 0.0348413 -0.91249
-1.98655 -2.82236 25.7604 -0.40584 0.0242576 -0.913622
-1.99981 -2.05966 25.7836 -0.414879 0.0110567 -0.909801
-1.91053 -1.26785 25.7492 -0.414233 0.00724201 -0.910142
-1.64374 -0.413276 25.6346 -0.419404 -0.000329231 -0.90775
-1.3458 0.364571 25.4867 -0.424061 -0.00989666 -0.90558
-1.23716 1.18128 25.4284 -0.430552 -0.0160592 -0.90237
-1.14129 1.93562 25.3625 -0.427189 -0.024107 -0.903841
-1.05049 2.68328 25.2996 -0.426243 -0.0331263 -0.903956
-1.02221 3.45818 25.2502 -0.425297 -0.0421456 -0.904072
-0.984271 4.25767 25.1939 -0.427664 -0.0477252 -0.902671
-1.05442 5.62924 25.1487 -0.425228 -0.0556735 -0.903365
-1.41086 6.3569 25.2687 -0.42537 -0.0593889 -0.903069
-1.94922 6.84651 25.4829 -0.417872 -0.0672464 -0.906014
-2.63681 7.15917 25.7776 -0.418303 -0.0719847 -0.905438
-3.41386 7.39076 26.1157 -0.41439 -0.0781011 -0.906737
-4.16677 7.52464 26.4496 -0.4281 -0.086681 -0.899565
-4.93358 7.71517 26.7962 -0.419461 -0.0927217 -0.902958
-5.73218 8.05166 27.1215 -0.412146 -0.0994419 -0.905673
-6.44053 8.42786 27.3978 -0.40652 -0.106913 -0.907365
-7.05201 8.85957 27.6209 -0.412818 -0.107417 -0.90443
-7.61111 9.36186 27.8143 -0.412877 -0.124322 -0.902245
-8.31752 10.0809 28.0353 -0.40465 -0.138128 -0.903888
-8.86612 10.6204 28.1873 -0.395421 -0.146601 -0.906725
-9.81976 11.1452 28.5107 -0.379233 -0.161613 -0.911078
-10.6887 11.427 28.8224 -0.378195 -0.161284 -0.911567
-11.6844 11.7559 29.1619 -0.359894 -0.173747 -0.916672
-11.4798 10.996 29.2256 -0.368525 -0.167352 -0.914364
-10.9266 10.2818 29.1229 -0.377156 -0.160955 -0.912056
-10.3499 9.09377 29.0767 -0.388209 -0.138319 -0.911132
-9.92068 8.07344 29.0316 -0.405955 -0.113681 -0.906795
-9.68842 7.25972 29.0175 -0.393847 -0.0927802 -0.91448
-9.5324 6.21343 29.0579 -0.385471 -0.0860018 -0.918629
-9.51777 5.36083 29.0961 -0.388831 -0.0424651 -0.92033
-9.55014 4.38913 29.1566 -0.377064 -0.0296506 -0.925442
-9.69515 3.34215 29.2268 -0.373976 -0.0113118 -0.927369
-9.90976 2.41691 29.3138 -0.342822 0.0216671 -0.939035
-10.3671 1.31265 29.4375 -0.332479 0.0415267 -0.942131
-10.7125 0.639922 29.5204 -0.323633 0.0504966 -0.944834
-11.4042 -0.351034 29.6816 -0.295391 0.0821584 -0.951833
-12.1125 -1.08513 29.8295 -0.280003 0.0966054 -0.955126
-12.8215 -1.67663 29.9775 -0.279957 0.0890016 -0.955847
-13.5015 -2.12 30.1119 -0.24273 0.0861903 -0.966257
-14.6603 -2.59127 30.3377 -0.204574 0.101228 -0.973603
-15.8248 -3.00073 30.526 -0.187134 0.108073 -0.976371
-16.8837 -3.39184 30.6608 -0.132831 0.127122 -0.982878
-18.2296 -3.84143 30.7865 -0.123905 0.121641 -0.984768
-18.7525 -4.68932 30.7351 -0.101051 0.125139 -0.98698
-19.0649 -5.76474 30.6346 -0.0947138 0.111305 -0.989263
-19.2401 -6.63007 30.5517 -0.0801941 0.126469 -0.988723
-19.3468 -7.59791 30.4314 -0.115297 0.132041 -0.984492
-19.3372 -8.54858 30.2979 -0.0788911 0.135788 -0.987566
-19.4076 -9.31344 30.1964 -0.108202 0.155578 -0.98188
-19.6897 -10.5473 30.0444 -0.111949 0.132951 -0.98478
-19.9522 -11.614 29.9236 -0.0913763 0.133613 -0.986781
-19.9745 -12.3689 29.8268 -0.099719 0.132918 -0.986098
-19.5435 -13.3856 29.6461 -0.100892 0.130261 -0.986329
-18.7412 -14.0561 29.46 -0.123256 0.135782 -0.983042
-17.9878 -14.3711 29.322 -0.129358 0.141569 -0.981403
-17.2054 -14.4493 29.1933 -0.14729 0.142729 -0.978741
-16.2526 -14.2259 29.0777 -0.165892 0.134986 -0.976813
-15.2437 -13.6758 28.9762 -0.174211 0.13968 -0.974751
-14.2647 -12.9021 28.8856 -0.19467 0.13459 -0.971591
-13.303 -12.2563 28.762 -0.223859 0.136348 -0.964971
-12.4011 -11.9646 28.5961 -0.231719 0.1426 -0.962237
-11.4384 -11.9065 28.364 -0.240416 0.138733 -0.960705
-10.5884 -11.9918 28.1414 -0.243967 0.12707 -0.961402
-9.86195 -12.1065 27.9199 -0.2795 0.11524 -0.953205
-9.06667 -11.9433 27.7065 -0.278781 0.121257 -0.952649
-8.36489 -11.6704 27.5193 -0.301882 0.124606 -0.945167
-7.57987 -11.1542 27.3305 -0.320577 0.110108 -0.940801
-7.14826 -10.7324 27.2328 -0.320576 0.110108 -0.940801
-6.11602 -11.4701 26.7984 -0.317135 0.108588 -0.942143
-6.65745 -12.0416 26.9148 -0.317283 0.104043 -0.942595
-7.62788 -12.7793 27.1536 -0.30513 0.105768 -0.946417
-8.3481 -13.1108 27.3478 -0.294048 0.111143 -0.949236
-9.70977 -13.5712 27.6982 -0.282028 0.116302 -0.952326
-10.4551 -13.4367 27.9116 -0.24952 0.129654 -0.959651
-11.1655 -13.2222 28.1253 -0.243967 0.127072 -0.961401
-11.9977 -13.2051 28.3307 -0.230488 0.129404 -0.964432
-13.05 -13.5272 28.539 -0.226686 0.127341 -0.965597
-13.8032 -14.0916 28.6262 -0.202516 0.131983 -0.970344
-14.5188 -14.8201 28.676 -0.197228 0.137571 -0.97063
-15.2435 -15.2393 28.7557 -0.174224 0.135254 -0.975373
-16.1706 -15.6481 28.8574 -0.152308 0.146036 -0.977484
-17.2819 -15.797 29.0083 -0.149798 0.144383 -0.978113
-18.1817 -15.6773 29.1524 -0.13546 0.147354 -0.979764
-19.0188 -15.4525 29.3019 -0.129358 0.141567 -0.981403
-19.8639 -15.003 29.4613 -0.106564 0.135044 -0.985092
-20.584 -14.3054 29.6348 -0.104314 0.131323 -0.985826
-21.1267 -13.4769 29.7922 -0.0858856 0.129725 -0.987823
-21.3113 -12.6195 29.9145 -0.074892 0.12435 -0.989393
-21.2412 -11.4838 30.0578 -0.070864 0.126475 -0.98943
-21.0893 -10.726 30.1447 -0.0650948 0.128033 -0.989631
-20.7359 -9.55899 30.2766 -0.0696843 0.133202 -0.988624
-20.5575 -8.43383 30.4107 -0.0713744 0.127043 -0.989322
-20.5899 -7.55824 30.5322 -0.0634279 0.138104 -0.988385
-20.5094 -6.41308 30.674 -0.0506388 0.120278 -0.991448
-20.3355 -5.66818 30.7555 -0.0491822 0.116957 -0.991912
-20.1151 -4.84145 30.8413 -0.075718 0.115025 -0.990473
-19.8632 -3.97596 30.9223 -0.0757687 0.114598 -0.990518
-19.5957 -3.00085 31.0288 -0.0593526 0.135319 -0.989023
-18.6424 -2.52167 31.01 -0.106924 0.132906 -0.985344
-17.3907 -2.27111 30.8892 -0.151499 0.12412 -0.980386
-16.6254 -2.03854 30.7841 -0.167884 0.10938 -0.97972
-15.9271 -1.74676 30.6937 -0.198051 0.108518 -0.974113
-15.1697 -1.49781 30.5617 -0.205651 0.120859 -0.971134
-14.1787 -1.10666 30.3791 -0.241492 0.0986914 -0.965371
-13.3257 -0.590231 30.2183 -0.25464 0.093255 -0.962423
-12.3517 0.334313 30.0219 -0.271617 0.0758847 -0.959409
-11.8826 0.928421 29.9365 -0.299504 0.0942842 -0.949104
-11.4714 1.69736 29.8356 -0.342936 0.0597556 -0.937456
-11.1042 2.46567 29.7502 -0.342285 0.0531066 -0.93807
-10.742 3.68095 29.6593 -0.357858 0.00811581 -0.933374
-10.6838 4.5035 29.6164 -0.378502 -0.0291607 -0.925123
-10.6677 5.47373 29.5732 -0.384343 -0.0334628 -0.922561
-10.6927 6.31898 29.5325 -0.399295 -0.0676595 -0.914323
-10.8345 7.17464 29.5236 -0.412013 -0.086732 -0.906898
-11.0857 8.06577 29.5529 -0.40213 -0.120783 -0.907581
-11.4259 8.76728 29.5961 -0.404635 -0.154598 -0.901315
-12.0717 9.77145 29.6953 -0.391539 -0.165262 -0.905199
-12.5713 10.4416 29.768 -0.36872 -0.179435 -0.912057
-13.1598 11.0359 29.889 -0.360628 -0.182381 -0.914661
-13.7554 11.5932 30.0053 -0.352535 -0.18533 -0.917263
-14.4377 12.2368 30.1351 -0.345063 -0.189241 -0.919279
-15.1796 12.8046 30.292 -0.340577 -0.185593 -0.921717
-16.0523 13.4422 30.4808 -0.334337 -0.18797 -0.923518
-16.6911 13.9749 30.6063 -0.34589 -0.181662 -0.920459
-17.3931 14.7471 30.7275 -0.355816 -0.179574 -0.917141
-17.9391 15.6412 30.7444 -0.347244 -0.20872 -0.914158
-17.9736 16.5267 30.532 -0.317602 -0.243177 -0.916512
-17.2107 16.6697 30.2159 -0.330301 -0.211796 -0.919538
-16.2585 16.9622 29.8319 -0.312249 -0.202206 -0.928231
-15.1219 16.9185 29.443 -0.326611 -0.186542 -0.926531
-14.1834 16.4838 29.2056 -0.319881 -0.182881 -0.92964
-13.4759 15.8042 29.0799 -0.335789 -0.1707 -0.926341
-13.0318 15.0219 29.0674 -0.340963 -0.173535 -0.923897
-12.5344 14.1595 29.0397 -0.346464 -0.170199 -0.922494
-12.0085 13.4974 28.9694 -0.352808 -0.172502 -0.919615
-11.3735 13.0521 28.8017 -0.359816 -0.167341 -0.917894
-10.3959 12.6472 28.4901 -0.370074 -0.161593 -0.91478
-9.49151 12.4781 28.1443 -0.378004 -0.15508 -0.912723
-8.57361 12.1443 27.8258 -0.382547 -0.143966 -0.912548
-8.04598 11.619 27.6761 -0.391907 -0.134267 -0.910155
-7.54069 11.0278 27.5467 -0.390536 -0.12919 -0.911458
-7.04157 10.4847 27.4045 -0.393562 -0.122491 -0.911101
-6.51448 9.97256 27.243 -0.401035 -0.118644 -0.908347
-5.72777 9.40549 26.9659 -0.407558 -0.104504 -0.907177
-5.0697 9.05663 26.7085 -0.409721 -0.104057 -0.906256
-4.20661 8.84585 26.3459 -0.407404 -0.0929798 -0.908457
-3.35476 8.79758 25.9623 -0.413104 -0.0861507 -0.9066
-2.41804 8.51512 25.5639 -0.410939 -0.0863496 -0.907564
-1.47937 8.06536 25.1717 -0.41566 -0.0697533 -0.906836
-0.802645 7.78646 24.885 -0.412968 -0.0685109 -0.908165
-0.213319 6.92948 24.6696 -0.423004 -0.0589207 -0.90421
0.0337856 6.21836 24.6003 -0.425299 -0.055318 -0.903351
0.302809 5.41442 24.519 -0.427642 -0.051876 -0.902459
0.199058 4.49699 24.6206 -0.427666 -0.0477267 -0.90267
0.187561 3.66177 24.667 -0.429431 -0.043758 -0.902039
0.209179 2.76294 24.7003 -0.429543 -0.0353575 -0.902315
0.0814708 2.02279 24.7832 -0.429655 -0.026957 -0.902591
-0.034544 1.25664 24.8589 -0.426474 -0.0184648 -0.90429
-0.0361512 0.434358 24.8708 -0.426364 -0.012505 -0.904465
-0.234303 -0.381663 24.9734 -0.424908 -0.00792987 -0.905202
-0.654434 -1.23328 25.1778 -0.419406 -0.000329051 -0.907749
-0.815267 -2.3212 25.2381 -0.415525 0.0148708 -0.90946
-0.727252 -3.42618 25.1813 -0.412607 0.0226264 -0.910578
-0.494014 -4.16774 25.0495 -0.412206 0.0321487 -0.910523
-0.0893315 -4.92144 24.8435 -0.404754 0.0290337 -0.913961
0.460262 -5.78833 24.5702 -0.404609 0.0315818 -0.913944
0.876129 -6.59036 24.3641 -0.397833 0.0254538 -0.917104
0.962309 -7.74141 24.2966 -0.394876 0.0263204 -0.918349
0.627841 -8.42393 24.4104 -0.388632 0.0391843 -0.920559
-0.000620295 -8.96245 24.65 -0.376089 0.0520266 -0.925122
-0.630665 -9.33611 24.8851 -0.376154 0.0522009 -0.925086
-1.33405 -9.6396 25.154 -0.374557 0.0547421 -0.925582
-2.11336 -9.85872 25.4514 -0.372052 0.0650011 -0.925933
-2.86293 -9.96671 25.745 -0.362409 0.0679935 -0.929474
-3.66662 -9.97302 26.0484 -0.352765 0.0709887 -0.933015
-4.51599 -10.13 26.359 -0.346139 0.0836632 -0.934414
-5.25959 -10.5872 26.5845 -0.34001 0.0938549 -0.935727
-5.81478 -11.147 26.73 -0.34001 0.0938539 -0.935727
-5.91395 -11.2505 26.7557 -0.328572 0.10122 -0.938935
-5.0384 -12.0964 26.3558 -0.335118 0.0869527 -0.93815
-4.29998 -11.4602 26.1535 -0.334654 0.0901983 -0.938014
-3.15806 -11.2118 25.7548 -0.348732 0.0840525 -0.933446
-2.35005 -11.159 25.4572 -0.362907 0.0694397 -0.929234
-1.27787 -11.0286 25.0454 -0.369421 0.0577269 -0.92746
-0.497583 -10.8209 24.744 -0.372962 0.057283 -0.926077
0.258106 -10.3516 24.4664 -0.380534 0.0516357 -0.923312
0.925355 -10.0036 24.207 -0.384914 0.0510704 -0.921539
1.52919 -9.45438 23.9852 -0.38062 0.0465226 -0.923537
1.91122 -8.79943 23.8494 -0.393271 0.0373216 -0.918665
2.27748 -7.51531 23.7338 -0.396745 0.0224995 -0.917653
2.28614 -6.63666 23.7516 -0.400253 0.0172235 -0.916222
1.83028 -5.76137 23.9719 -0.409424 0.0181343 -0.912164
1.41926 -4.97911 24.172 -0.409379 0.0166055 -0.912212
0.874412 -4.23187 24.4357 -0.41596 0.0201657 -0.909159
0.414902 -3.54876 24.6599 -0.408552 0.0293185 -0.912251
0.329986 -2.65971 24.713 -0.411537 0.0136945 -0.91129
0.493957 -1.56371 24.6453 -0.420523 -0.0100492 -0.907221
0.849607 -0.858225 24.4705 -0.420101 -0.0130461 -0.907383
1.19265 -0.0192138 24.2988 -0.42472 -0.0127066 -0.905235
1.14188 1.10982 24.3072 -0.425078 -0.0123847 -0.905072
1.32353 2.05385 24.193 -0.426099 -0.0295619 -0.904194
1.43435 2.88114 24.1124 -0.42537 -0.0397571 -0.904144
1.40599 4.44028 24.0553 -0.424177 -0.0408796 -0.904656
1.56424 5.29914 23.934 -0.424928 -0.0493014 -0.903883
1.62789 6.02539 23.8644 -0.422346 -0.0498308 -0.905064
1.0359 6.90417 24.0921 -0.422097 -0.0498547 -0.905179
0.751592 7.86043 24.1618 -0.417256 -0.0582751 -0.906919
0.384909 8.66145 24.279 -0.415746 -0.0622108 -0.907341
-0.238936 9.03566 24.5307 -0.408719 -0.0718958 -0.909806
-1.16282 9.34988 24.9248 -0.412812 -0.0753978 -0.90769
-2.06561 9.92346 25.277 -0.403938 -0.079821 -0.911297
-2.86066 10.177 25.6071 -0.399131 -0.0868709 -0.912742
-3.74583 10.1253 26.0023 -0.401704 -0.0998055 -0.910315
-4.57011 10.0806 26.3709 -0.404424 -0.100008 -0.909082
-5.3461 10.5746 26.6527 -0.40003 -0.115149 -0.90924
-6.17901 11.3295 26.917 -0.392971 -0.124217 -0.911123
-6.67877 11.9339 27.0504 -0.380721 -0.127466 -0.915862
-7.23181 12.6051 27.1869 -0.380719 -0.127467 -0.915863
-7.75627 13.1452 27.33 -0.371898 -0.1321 -0.918762
-8.6203 13.6123 27.6052 -0.370355 -0.140424 -0.918215
-9.60493 13.8587 27.9647 -0.361779 -0.145912 -0.920715
-10.5439 13.9545 28.3122 -0.358629 -0.153456 -0.92078
-11.2719 14.4223 28.5178 -0.354439 -0.158604 -0.921506
-11.7848 15.311 28.5512 -0.340239 -0.165553 -0.925651
-12.2041 16.2332 28.5431 -0.34096 -0.160923 -0.926202
-12.7373 16.9534 28.6041 -0.330292 -0.168349 -0.928744
-13.4695 17.5697 28.7527 -0.318783 -0.166526 -0.933084
-14.7642 18.1618 29.0887 -0.318336 -0.166448 -0.933251
-15.5651 18.2668 29.3268 -0.294387 -0.185279 -0.937527
-16.3525 18.2252 29.5759 -0.287592 -0.184704 -0.939774
-17.0577 18.1453 29.8247 -0.288602 -0.224614 -0.930514
-17.8168 17.908 30.1029 -0.270179 -0.231318 -0.93461
-18.5738 17.7401 30.3894 -0.254258 -0.287364 -0.921537
-19.3368 17.948 30.4867 -0.226074 -0.233107 -0.945807
-20.3084 18.0412 30.6798 -0.146454 -0.246467 -0.957397
-21.2691 18.1367 30.7705 -0.114551 -0.235485 -0.965104
-22.047 18.0994 30.871 -0.0769079 -0.224453 -0.970721
-23.0735 17.6762 31.0287 -0.0744327 -0.198633 -0.977243
-23.8157 16.8009 31.1985 -0.0330661 -0.150953 -0.987987
-24.3242 15.7399 31.3183 0.00437169 -0.0817039 -0.996647
-24.5974 14.7833 31.4076 -0.0267914 -0.0703556 -0.996938
-24.3718 13.7079 31.4565 0.0100981 -0.0495594 -0.99872
-24.1575 12.946 31.4965 0.0100993 -0.0495588 -0.99872
-23.8105 12.1816 31.5213 0.0181073 -0.0265803 -0.99946
-23.533 11.4725 31.5474 0.0199647 -0.0128899 -0.999718
-23.1958 10.6618 31.5624 0.0251428 -0.0074596 -0.999652
-22.6804 9.88387 31.5838 0.0273645 -0.00942122 -0.999581
-22.2841 9.12277 31.5869 0.0294279 0.00887382 -0.999519
-21.7064 8.39532 31.601 0.0328355 0.00672809 -0.999438
-21.4766 7.41446 31.5972 0.0311507 0.0121848 -0.99944
-21.2593 6.62401 31.5931 0.038027 0.0170053 -0.999128
-20.7888 7.36419 31.6208 0.037915 0.0108683 -0.999222
-20.6925 8.15947 31.6331 0.0384167 0.0114302 -0.999196
-20.7615 9.13341 31.6397 0.0371704 0.00914588 -0.999267
-20.7182 10.3879 31.6523 0.0371367 0.00819249 -0.999277
-20.5272 11.1734 31.6568 0.0466679 -0.00311828 -0.998898
-20.4907 11.9367 31.6589 0.0482537 0.000332896 -0.998835
-20.7332 12.8494 31.6314 0.0622434 -0.0107233 -0.997941
-20.6727 14.0199 31.5999 0.06336 -0.043803 -0.997029
-20.7982 14.9366 31.5727 0.12558 -0.000368157 -0.992083
-20.4997 15.664 31.5236 0.0763133 -0.2456 -0.955689
-19.4956 15.788 31.3318 -0.344773 -0.30101 -0.882697
-18.832 14.8435 31.291 -0.397246 -0.190051 -0.897818
-18.3718 14.1004 31.2139 -0.329562 -0.126211 -0.934739
-17.8729 13.4875 31.1436 -0.342991 -0.156515 -0.926207
-17.2971 12.9742 31.0171 -0.342991 -0.156515 -0.926207
-16.4121 12.2441 30.8426 -0.323689 -0.175094 -0.929821
-15.768 11.852 30.7133 -0.329766 -0.208598 -0.920457
-14.9264 11.1728 30.5413 -0.353337 -0.191578 -0.915596
-14.3706 10.4622 30.4694 -0.351657 -0.184069 -0.917854
-13.7704 9.96091 30.3399 -0.324543 -0.221334 -0.918455
-13.144 9.28006 30.2425 -0.390348 -0.196398 -0.899475
-12.6717 8.65764 30.16 -0.404035 -0.161467 -0.900241
-12.299 7.98155 30.1017 -0.406595 -0.126101 -0.904834
-11.9224 7.16103 30.0474 -0.439799 -0.0961044 -0.892001
-11.7605 6.23505 30.0336 -0.45507 -0.0253914 -0.888913
-11.7914 5.44226 30.0618 -0.419103 -0.0233834 -0.907638
-11.8109 4.33498 30.0808 -0.409324 0.00118807 -0.912388
-12.0123 3.23665 30.129 -0.383375 0.0670306 -0.921157
-12.4506 2.23859 30.2323 -0.369934 0.102191 -0.922968
-13.0095 1.29986 30.3299 -0.337426 0.1497 -0.928219
-13.6609 0.63655 30.4501 -0.298238 0.120536 -0.94685
-14.2783 0.166841 30.5507 -0.249893 0.149007 -0.956739
-15.1748 -0.274642 30.7161 -0.238967 0.14601 -0.959915
-15.934 -0.445829 30.8516 -0.201763 0.118291 -0.972265
-16.9739 -0.852082 31.0012 -0.168539 0.139232 -0.975812
-17.798 -1.15537 31.1005 -0.174409 0.140675 -0.974561
-18.592 -1.25561 31.2247 -0.12615 0.206741 -0.970229
-19.3391 -1.35301 31.301 -0.141445 0.207856 -0.967754
-20.1223 -1.23526 31.408 0.00972615 0.203002 -0.973698
-20.9066 -1.44001 31.2946 0.101178 0.156453 -0.982489
-20.9217 -2.37738 31.1791 0.00424643 0.11412 -0.99333
-20.9755 -3.12479 31.083 -0.00390514 0.12775 -0.991799
-21.21 -4.10501 30.9736 -0.0109122 0.0989186 -0.995036
-21.5965 -5.41009 30.8426 -0.0189249 0.109405 -0.993817
-21.8153 -6.32701 30.7478 -0.0287506 0.109752 -0.993502
-21.9036 -7.22147 30.6445 -0.0326989 0.117784 -0.992501
-21.809 -8.27742 30.5148 -0.0543957 0.126924 -0.99042
-21.9911 -9.21232 30.4042 -0.0538169 0.129021 -0.99018
-22.32 -10.1489 30.3 -0.0499906 0.130158 -0.990224
-22.4606 -11.1402 30.1851 -0.0639462 0.123593 -0.99027
-22.6376 -12.0068 30.0883 -0.0653545 0.120838 -0.990514
-22.569 -12.8867 29.9775 -0.0685378 0.120491 -0.990346
-22.4659 -13.758 29.8643 -0.0695035 0.118276 -0.990542
-21.9356 -14.7944 29.6893 -0.0834646 0.130475 -0.987932
-21.4243 -15.4164 29.5633 -0.0931737 0.13495 -0.98642
-20.7549 -16.0511 29.4107 -0.102154 0.118949 -0.987631
-20.0994 -16.5177 29.2867 -0.102154 0.118949 -0.987631
-19.3514 -16.6863 29.1794 -0.12364 0.128445 -0.983931
-18.5814 -16.9229 29.0443 -0.133315 0.127601 -0.982825
-17.4992 -17.1761 28.856 -0.148204 0.130361 -0.980327
-16.5241 -17.1127 28.7138 -0.157795 0.12915 -0.978986
-15.5601 -16.8987 28.5853 -0.173843 0.130661 -0.975959
-14.7624 -16.3724 28.5011 -0.188768 0.12944 -0.973454
-13.7888 -15.9384 28.37 -0.194785 0.131192 -0.972011
-13.1638 -15.2716 28.3221 -0.220762 0.137236 -0.965625
-12.6218 -14.7044 28.2788 -0.22562 0.133254 -0.965039
-11.9118 -14.4892 28.138 -0.230476 0.12927 -0.964453
-10.9024 -14.7253 27.8581 -0.237587 0.131914 -0.962367
-9.72175 -14.9895 27.5087 -0.265434 0.130642 -0.955237
-8.93876 -14.894 27.3042 -0.274995 0.12411 -0.953329
-7.80881 -14.315 27.0371 -0.285484 0.118014 -0.95109
-6.89149 -13.8957 26.7902 -0.306825 0.102778 -0.9462
-6.21378 -13.383 26.6239 -0.314942 0.0980409 -0.944029
-5.60061 -12.7233 26.4886 -0.312449 0.0965839 -0.945012
-5.30048 -12.3979 26.4226 -0.324015 0.0901471 -0.941648
-11.2179 -6.61345 28.9965 -0.264004 0.114838 -0.957661
-10.7263 -6.04485 28.9292 -0.270258 0.122215 -0.954947
-21.0458 -0.0783671 31.4343 0.0890268 0.0600131 -0.99422
-21.0611 0.0511521 31.4408 0.0890266 0.0600131 -0.99422
-20.7428 1.07838 31.5014 0.0523791 0.020236 -0.998389
-20.4954 1.87632 31.5342 0.0470879 0.0263658 -0.998543
-20.6701 1.36327 31.5124 0.047087 0.026367 -0.998543
-20.5294 5.84745 31.6097 0.0421492 0.0156707 -0.998988
-20.5384 5.96867 31.6112 0.0414687 0.0164394 -0.999004
-22.5191 12.5434 31.5513 0.038494 -0.0205917 -0.999047
-22.8572 13.3637 31.5126 0.0447718 -0.0401798 -0.998189
-23.1685 14.1336 31.4669 0.0274516 -0.0493151 -0.998406
-23.0851 15.1566 31.3824 0.0240726 -0.103252 -0.994364
-22.3502 15.5206 31.3855 0.0447484 -0.140526 -0.987552
-22.5543 16.2023 31.2577 -0.0054062 -0.149197 -0.988793
-21.7528 16.5996 31.1925 -0.0237425 -0.193955 -0.980298
-21.9898 16.0221 31.2962 0.019101 -0.188509 -0.981886
-21.879 15.2754 31.4417 0.0447468 -0.140529 -0.987551
-22.0806 14.5972 31.4906 0.0638451 -0.0670498 -0.995355
-21.9594 13.6708 31.5362 0.0482804 -0.0488969 -0.997568
-22.1368 12.7872 31.561 0.0384941 -0.0205917 -0.999047
-15.7163 14.684 30.111 -0.334762 -0.182586 -0.924444
-15.0809 14.2284 29.9709 -0.337511 -0.181098 -0.923731
-14.1743 13.3973 29.802 -0.3396 -0.184841 -0.922229
-13.3335 13.1549 29.5331 -0.348211 -0.178428 -0.920279
-13.9128 14.0284 29.5792 -0.339931 -0.182228 -0.922623
-14.2653 14.8421 29.5508 -0.340262 -0.179613 -0.923017
-15.1458 15.5728 29.7289 -0.33405 -0.186397 -0.923933
-16 15.4579 30.0609 -0.33405 -0.186397 -0.923932
-15.733 14.9481 30.0649 -0.334762 -0.182588 -0.924444
3.29144 8.00666 22.9771 -0.421642 -0.0546406 -0.905108
3.72863 8.68412 22.7314 -0.423577 -0.0546254 -0.904212
4.24032 9.26826 22.4564 -0.423581 -0.0546296 -0.90421
4.77758 9.8628 22.1685 -0.423811 -0.0548669 -0.904088
5.38983 10.2577 21.8575 -0.425012 -0.0544775 -0.903546
6.19477 10.3562 21.474 -0.424263 -0.0523615 -0.904024
6.94397 10.3129 21.1249 -0.425955 -0.0514154 -0.90328
7.74182 10.2506 20.7459 -0.432519 -0.0536965 -0.900025
8.4736 10.0296 20.4074 -0.435494 -0.0523384 -0.898662
9.12869 10.6284 20.0508 -0.441964 -0.0535408 -0.895434
9.26228 11.4883 19.934 -0.442043 -0.0529455 -0.89543
9.42052 12.362 19.8042 -0.442503 -0.0524307 -0.895233
9.61277 13.0989 19.6666 -0.44266 -0.0516432 -0.895201
9.939 13.8571 19.4616 -0.443065 -0.0521496 -0.894971
10.4791 14.5278 19.1529 -0.442384 -0.0572014 -0.895
11.1806 15.1113 18.7649 -0.446758 -0.0602515 -0.892624
12.1967 15.4872 18.225 -0.454634 -0.0578545 -0.888797
13.1613 15.4593 17.7318 -0.458762 -0.0592732 -0.886579
13.8967 15.1195 17.3732 -0.45936 -0.0588117 -0.886301
14.6067 14.7403 17.0282 -0.467033 -0.0631094 -0.881983
15.0527 14.126 16.8377 -0.465784 -0.064691 -0.882531
15.4262 13.1491 16.7122 -0.463078 -0.0624823 -0.884104
15.5234 12.2325 16.7229 -0.465932 -0.0594697 -0.88282
15.5698 11.2835 16.7648 -0.460291 -0.0635138 -0.885485
15.2701 10.548 16.9699 -0.458223 -0.0605803 -0.88677
14.6624 9.75224 17.3371 -0.453418 -0.0593656 -0.889312
13.6451 9.13751 17.8923 -0.451101 -0.0582888 -0.890567
12.4081 8.82132 18.5332 -0.445597 -0.0577858 -0.893367
11.571 8.87485 18.9469 -0.442913 -0.0559321 -0.894816
10.8559 9.10038 19.2877 -0.443958 -0.0530798 -0.894474
9.91487 9.51884 19.7299 -0.442922 -0.0536107 -0.894955
8.95548 9.1163 20.2239 -0.43847 -0.050979 -0.897299
8.50328 8.29331 20.4924 -0.436922 -0.0502582 -0.89809
8.40587 7.51149 20.5814 -0.435732 -0.0480225 -0.898794
8.21397 6.71167 20.7157 -0.429749 -0.0477055 -0.901687
7.35885 5.54444 21.1867 -0.429227 -0.0483527 -0.901901
6.72701 5.15589 21.507 -0.430242 -0.042327 -0.901721
5.81324 4.99327 21.95 -0.428316 -0.047965 -0.902355
4.96036 5.11791 22.3461 -0.426085 -0.0463571 -0.903494
4.25777 5.68568 22.6484 -0.426253 -0.0462835 -0.903419
3.84025 6.42183 22.8078 -0.425883 -0.0484785 -0.903476
3.38231 7.16648 22.9815 -0.425353 -0.0507385 -0.903604
3.29693 7.99009 22.9755 -0.425337 -0.0507421 -0.903612
3.29621 7.98959 22.9758 -0.424023 -0.051075 -0.904209
4.61958 7.71582 22.3691 -0.424757 -0.0500746 -0.903921
5.09283 8.36892 22.1099 -0.427798 -0.0491841 -0.902535
5.7161 8.97844 21.7802 -0.426212 -0.0540888 -0.903005
6.4132 9.11317 21.4434 -0.425955 -0.0514157 -0.90328
7.27145 9.04023 21.0409 -0.427649 -0.0504684 -0.902535
7.3204 7.95888 21.0769 -0.428501 -0.047848 -0.902272
6.95977 6.99865 21.2983 -0.429748 -0.0477056 -0.901687
6.28112 6.45466 21.6502 -0.428316 -0.0479649 -0.902355
5.40619 6.4605 22.065 -0.428114 -0.0480485 -0.902447
4.71089 7.26935 22.351 -0.426298 -0.0496574 -0.903217
4.58282 7.49998 22.3984 -0.424756 -0.0500739 -0.903922
10.375 10.7983 19.4255 -0.441963 -0.0535404 -0.895434
10.4493 11.6996 19.3352 -0.442346 -0.0532183 -0.895264
10.7581 12.6555 19.1259 -0.442504 -0.052431 -0.895232
11.2396 13.4753 18.8366 -0.452776 -0.0530805 -0.890043
11.9985 14.0457 18.4166 -0.452991 -0.0540647 -0.889873
12.6517 14.2116 18.0737 -0.452236 -0.05745 -0.890046
13.5609 13.9577 17.6253 -0.459374 -0.0601199 -0.886206
14.2615 13.0301 17.3257 -0.459758 -0.0604204 -0.885986
14.4185 12.038 17.3091 -0.456829 -0.0560318 -0.887788
14.1546 11.2161 17.4967 -0.456332 -0.0586649 -0.887869
13.5225 10.5686 17.8617 -0.451612 -0.0570954 -0.890385
12.7801 10.1484 18.2656 -0.449803 -0.0544604 -0.891459
11.946 10.0794 18.6876 -0.447383 -0.052166 -0.89282
11.1096 10.3525 19.0873 -0.444326 -0.0533866 -0.894273
10.4572 10.7389 19.3884 -0.444143 -0.0532364 -0.894373
10.3996 10.7673 19.4153 -0.442922 -0.0536108 -0.894955
11.7138 11.8493 18.698 -0.450299 -0.0566378 -0.89108
12.2639 11.311 18.4542 -0.451319 -0.0560873 -0.890598
13.0977 11.838 17.9976 -0.452339 -0.0555369 -0.890115
13.1673 12.6227 17.9122 -0.454245 -0.056263 -0.889098
12.2077 12.6225 18.3992 -0.450277 -0.0561687 -0.89112
12.0756 12.4064 18.4797 -0.450299 -0.0566378 -0.89108
16.9822 15.5258 15.7035 -0.47236 -0.0685646 -0.878735
17.4914 14.8404 15.4833 -0.474282 -0.0695578 -0.877617
18.5282 14.1438 14.9792 -0.473472 -0.0728065 -0.877795
19.3182 13.9912 14.5657 -0.476442 -0.0737778 -0.876097
19.9632 14.1601 14.1997 -0.475799 -0.0792056 -0.87598
20.5892 14.3876 13.8391 -0.475107 -0.0793289 -0.876344
21.2676 14.8689 13.4237 -0.47745 -0.0837678 -0.874657
21.8195 15.6013 13.0532 -0.480644 -0.0790378 -0.873347
22.0184 16.4619 12.8634 -0.484536 -0.0808759 -0.871024
22.1155 17.3119 12.7305 -0.484536 -0.0808768 -0.871025
22.1358 18.348 12.6242 -0.48599 -0.0783509 -0.870443
21.6902 19.1547 12.8025 -0.487511 -0.0771768 -0.869699
21.2891 19.9394 12.9614 -0.489778 -0.0732234 -0.868767
20.5141 20.5701 13.3481 -0.492898 -0.0680019 -0.867426
19.7998 20.593 13.7517 -0.489152 -0.0673125 -0.869597
19.0587 20.7164 14.1593 -0.491645 -0.0646317 -0.868394
18.2517 20.5094 14.6317 -0.488134 -0.0636407 -0.870435
17.7929 19.9185 14.9287 -0.484266 -0.0617273 -0.872741
17.1337 19.2214 15.3437 -0.483325 -0.0641924 -0.87308
16.8502 18.4551 15.5548 -0.477369 -0.0627611 -0.876459
16.8113 17.4756 15.6475 -0.47731 -0.0666179 -0.876206
16.7445 16.4542 15.7615 -0.475158 -0.0651372 -0.877481
16.8648 15.7557 15.7487 -0.472714 -0.0683287 -0.878563
17.9934 16.1418 15.1066 -0.476076 -0.0673984 -0.876818
18.6214 15.5663 14.8109 -0.474839 -0.07168 -0.877147
19.3128 15.3383 14.4535 -0.479413 -0.074748 -0.8744
19.9928 15.468 14.0685 -0.479277 -0.0772268 -0.874258
20.6047 15.9787 13.6876 -0.480646 -0.0790384 -0.873345
20.8887 16.7227 13.4634 -0.480757 -0.0795854 -0.873235
20.9822 17.5337 13.3416 -0.485445 -0.0757463 -0.870979
20.796 18.3472 13.3739 -0.485624 -0.0765987 -0.870805
20.2409 19.1136 13.6209 -0.488828 -0.0711018 -0.869478
19.5645 19.2869 13.9872 -0.489153 -0.0710114 -0.869302
18.8117 19.2464 14.4141 -0.486372 -0.068579 -0.871047
18.2151 18.6365 14.7909 -0.48359 -0.0661471 -0.872792
17.9688 17.7671 14.9933 -0.483284 -0.0689634 -0.872739
17.8461 16.8373 15.1331 -0.476076 -0.0673981 -0.876818
19.0052 16.8634 14.494 -0.482977 -0.0717803 -0.872686
19.6243 16.94 14.1462 -0.480807 -0.0730793 -0.873775
19.717 17.9089 14.0141 -0.483038 -0.0739867 -0.872464
19.0566 17.2614 14.4328 -0.482977 -0.0717804 -0.872686
26.0022 21.3573 10.1823 -0.490161 -0.0808214 -0.867874
25.5081 22.4258 10.365 -0.491258 -0.0760878 -0.86768
25.5144 23.6816 10.2587 -0.494312 -0.0704532 -0.866425
25.621 24.9694 10.094 -0.494296 -0.0697181 -0.866493
25.7525 25.8682 9.94666 -0.49539 -0.0700793 -0.865838
26.2466 26.4408 9.62111 -0.497984 -0.060882 -0.865046
26.8175 26.9373 9.25749 -0.497984 -0.0608831 -0.865046
27.3319 27.4211 8.92647 -0.495831 -0.0624195 -0.866166
28.0617 27.8594 8.48034 -0.492895 -0.0626373 -0.867831
28.746 28.226 8.06575 -0.491036 -0.0615174 -0.868963
29.7476 28.5177 7.48017 -0.49072 -0.0593309 -0.869295
30.4807 28.5393 7.06758 -0.484188 -0.059943 -0.872908
31.4325 28.4007 6.54918 -0.484187 -0.0599417 -0.872909
32.1761 28.1784 6.15065 -0.483414 -0.0682883 -0.872681
32.7338 27.6186 5.89285 -0.480515 -0.0764008 -0.873652
33.1341 26.9223 5.73447 -0.478203 -0.0852338 -0.874076
32.9998 25.8248 5.92091 -0.474316 -0.0907019 -0.87567
32.7278 24.891 6.1577 -0.470733 -0.0824639 -0.878413
32.6347 23.9756 6.30495 -0.461811 -0.0978318 -0.881566
32.5212 23.0965 6.46215 -0.461999 -0.0980206 -0.881447
32.3083 21.8577 6.71726 -0.461426 -0.102608 -0.881225
32.1217 20.8908 6.92621 -0.457214 -0.102833 -0.883386
31.7644 20.0979 7.20795 -0.457797 -0.107841 -0.882492
31.2265 19.5766 7.55072 -0.457797 -0.107841 -0.882492
30.4166 19.0202 8.03966 -0.458498 -0.108157 -0.88209
29.7433 18.746 8.42274 -0.460144 -0.103039 -0.881841
29.0143 18.8592 8.79393 -0.464062 -0.101504 -0.879968
28.1007 19.3021 9.23205 -0.474293 -0.09614 -0.875102
27.3234 19.839 9.59646 -0.477468 -0.0938936 -0.873618
26.7306 20.3384 9.87159 -0.484581 -0.0850883 -0.870598
26.2417 21.007 10.0808 -0.488361 -0.0815654 -0.868822
26.189 21.0822 10.1034 -0.488568 -0.0821232 -0.868652
27.1949 21.6749 9.48474 -0.481586 -0.0836622 -0.872396
26.6142 23.0599 9.68607 -0.489939 -0.0728221 -0.86871
26.6747 23.9077 9.58086 -0.490004 -0.074604 -0.86852
26.7301 24.6612 9.48392 -0.496485 -0.0704419 -0.865183
26.8903 25.3962 9.33213 -0.495879 -0.0685721 -0.865678
27.4027 25.9332 8.99813 -0.493844 -0.0669015 -0.866973
28.0102 26.4223 8.61487 -0.492126 -0.0642297 -0.868151
28.6284 26.8036 8.23619 -0.492125 -0.0642298 -0.868152
29.24 27.0519 7.86877 -0.495288 -0.0639201 -0.866374
29.9003 27.1931 7.48476 -0.485067 -0.0625846 -0.872199
31.2332 27.1457 6.75421 -0.477973 -0.0733195 -0.875272
31.7698 26.1382 6.55533 -0.47262 -0.0796519 -0.877658
31.6893 25.3884 6.66827 -0.471764 -0.0825609 -0.877851
31.6126 24.6458 6.77933 -0.472625 -0.0860798 -0.877042
31.4702 23.7797 6.94483 -0.473485 -0.0895998 -0.876233
31.2687 22.9623 7.13739 -0.473529 -0.0888699 -0.876283
31.1675 22.1972 7.27294 -0.4677 -0.0963524 -0.87862
30.8442 21.052 7.57267 -0.468503 -0.0999247 -0.877793
29.9726 20.3207 8.12172 -0.469093 -0.0996799 -0.877505
29.3334 20.1234 8.48572 -0.466203 -0.0982268 -0.879201
28.6645 20.4196 8.80998 -0.46906 -0.091792 -0.878383
27.9953 20.8814 9.12185 -0.479178 -0.0875733 -0.873338
27.2677 21.5978 9.45195 -0.481586 -0.0836631 -0.872396
28.004 22.568 8.95483 -0.481242 -0.0801637 -0.872914
28.5436 21.9987 8.70931 -0.479239 -0.0847377 -0.873563
29.1531 21.5927 8.42178 -0.474963 -0.0954017 -0.874819
30.0124 22.314 7.88084 -0.474064 -0.0882665 -0.876054
30.2423 23.4895 7.63856 -0.47353 -0.0888701 -0.876282
30.3888 24.2576 7.48071 -0.473821 -0.0896646 -0.876044
30.527 25.1594 7.31635 -0.475876 -0.0863808 -0.87526
29.9202 25.8781 7.58075 -0.482649 -0.0756949 -0.872529
29.0723 25.6265 8.07583 -0.48592 -0.0799618 -0.870331
28.5099 25.2593 8.42373 -0.487428 -0.0793936 -0.869532
27.9137 24.6289 8.81735 -0.491289 -0.0770862 -0.867578
27.7516 23.8047 8.98215 -0.490004 -0.074604 -0.86852
27.8464 22.9033 9.01093 -0.481242 -0.0801632 -0.872915
28.7522 23.7331 8.43233 -0.483589 -0.0810159 -0.871538
28.8289 23.6422 8.39825 -0.483589 -0.0810163 -0.871538
39.2401 25.5665 2.75339 -0.433775 -0.095351 -0.895962
39.5838 24.3906 2.73176 -0.420751 -0.115604 -0.89978
39.976 23.7322 2.63324 -0.418208 -0.121233 -0.900207
40.8405 23.2398 2.3095 -0.408164 -0.124579 -0.904369
41.5603 22.9847 2.02181 -0.40445 -0.126069 -0.905827
42.2524 22.8291 1.73576 -0.400167 -0.127202 -0.907565
43.0219 22.785 1.40539 -0.399336 -0.130753 -0.907428
43.6694 23.2279 1.05608 -0.389382 -0.140698 -0.910267
44.232 23.6752 0.74719 -0.38975 -0.147257 -0.909033
44.4907 24.4803 0.497748 -0.392486 -0.154793 -0.906639
44.2987 25.4915 0.436546 -0.414655 -0.131706 -0.900397
43.9966 26.3799 0.44868 -0.420174 -0.122164 -0.899136
43.6684 27.4174 0.470575 -0.426567 -0.115769 -0.897016
43.4894 28.2066 0.46727 -0.428007 -0.0975627 -0.898494
43.1555 28.9703 0.545772 -0.426577 -0.0825888 -0.900666
42.311 29.4349 0.899113 -0.425854 -0.0878696 -0.900506
41.3847 29.3137 1.35003 -0.428112 -0.084429 -0.899773
40.6649 29.0074 1.72123 -0.427372 -0.0844352 -0.900124
40.0357 28.384 2.07732 -0.426402 -0.0838397 -0.90064
39.5795 27.7198 2.35603 -0.424928 -0.0929561 -0.900428
39.3774 26.7981 2.55431 -0.434147 -0.0987222 -0.895416
39.2688 25.8682 2.70736 -0.433774 -0.0953522 -0.895962
40.477 26.0048 2.11941 -0.424579 -0.100776 -0.899765
40.5936 25.2643 2.14732 -0.42265 -0.108172 -0.899782
41.1132 24.5405 2.00874 -0.409025 -0.123312 -0.904153
41.8185 24.2564 1.72838 -0.409026 -0.123312 -0.904153
43.0048 24.3553 1.18616 -0.402569 -0.12975 -0.906147
43.36 25.0325 0.930945 -0.402768 -0.130176 -0.905998
43.1168 26.002 0.906126 -0.409782 -0.117498 -0.90458
42.7719 26.8618 0.952696 -0.408935 -0.115002 -0.905288
42.4563 27.5839 1.02183 -0.42391 -0.0951728 -0.90069
41.3866 27.8763 1.49234 -0.423395 -0.0884161 -0.90162
40.7791 27.2187 1.84208 -0.423319 -0.0884136 -0.901656
40.5174 26.4668 2.04861 -0.424579 -0.100776 -0.899765
42.2159 25.6015 1.36848 -0.408114 -0.119762 -0.905042
42.2375 25.5851 1.36092 -0.408113 -0.119761 -0.905042
15.9663 -9.10538 17.7018 -0.407658 -0.0286228 -0.912686
14.7587 -8.08011 18.209 -0.407666 -0.0286232 -0.912682
13.971 -7.81199 18.5557 -0.410148 -0.025167 -0.911672
12.9555 -7.46408 19.0032 -0.410316 -0.0251695 -0.911596
12.1455 -7.42582 19.3646 -0.406438 -0.0172089 -0.913515
11.2937 -7.56746 19.7487 -0.410222 -0.012762 -0.911896
10.4438 -8.01694 20.1374 -0.408266 -0.0121101 -0.91278
9.94153 -8.67859 20.3662 -0.40555 -0.00616465 -0.914052
9.50692 -9.29787 20.5637 -0.401138 -0.00582856 -0.915988
9.2157 -10.3356 20.6916 -0.394256 0.00263002 -0.918985
9.30919 -11.3119 20.6453 -0.389937 0.00547408 -0.920825
9.6595 -12.1347 20.4934 -0.389285 0.00344186 -0.921111
10.5765 -12.7232 20.1035 -0.389835 0.00156285 -0.920883
11.3023 -12.8867 19.7966 -0.387655 0.000938937 -0.921804
12.081 -13.1176 19.4675 -0.392979 -0.00630513 -0.919524
12.9522 -12.9499 19.0954 -0.391627 -0.00702876 -0.920097
13.664 -12.8007 18.7872 -0.397089 -0.0103593 -0.917721
14.5219 -12.7797 18.4151 -0.397694 -0.0101771 -0.917462
15.313 -12.5267 18.0679 -0.401964 -0.0169573 -0.915497
16.0341 -12.0406 17.7418 -0.397003 -0.0228224 -0.917533
16.4719 -11.0927 17.5302 -0.403727 -0.0204321 -0.914646
16.4427 -10.2448 17.5209 -0.406683 -0.0244668 -0.913242
16.147 -9.32497 17.628 -0.407443 -0.0275876 -0.912808
15.9976 -9.1435 17.689 -0.40852 -0.0287768 -0.912295
14.8358 -9.80717 18.2223 -0.406019 -0.0219172 -0.913602
15.1676 -10.7721 18.0988 -0.403727 -0.020431 -0.914646
14.5557 -11.4101 18.379 -0.400824 -0.0166252 -0.916004
13.7172 -11.5916 18.7497 -0.399071 -0.013945 -0.916807
12.6768 -11.7567 19.2011 -0.398028 -0.0114069 -0.9173
11.4258 -11.574 19.7393 -0.394328 -0.00560352 -0.918953
10.7131 -11.1364 20.0458 -0.397562 -0.00440102 -0.917565
10.6028 -9.91812 20.088 -0.400459 -0.00797381 -0.916267
11.2631 -9.00779 19.7864 -0.404008 -0.00980984 -0.914703
12.0402 -8.71432 19.4357 -0.406439 -0.0172101 -0.913515
12.7324 -8.73441 19.1294 -0.405076 -0.0173541 -0.914118
13.8398 -9.00078 18.6441 -0.403458 -0.0192426 -0.914795
14.5661 -9.50584 18.3349 -0.406019 -0.0219177 -0.913602
13.2562 -10.5484 18.9342 -0.401971 -0.0178182 -0.915476
12.7393 -9.83661 19.1483 -0.404794 -0.0185241 -0.91422
12.5145 -10.1541 19.2521 -0.399345 -0.012802 -0.916712
13.1406 -10.5797 18.9852 -0.398027 -0.0114078 -0.9173
13.1753 -10.5747 18.9701 -0.399071 -0.0139452 -0.916807
17.0629 -15.524 17.369 -0.39474 -0.0133699 -0.918696
16.4006 -16.8182 17.6677 -0.390048 -0.00956254 -0.920745
16.2555 -17.6852 17.7381 -0.387689 -0.00687339 -0.921757
16.5463 -18.6872 17.6222 -0.384598 -0.00516581 -0.92307
16.9013 -19.402 17.4783 -0.384174 -0.0062913 -0.923239
17.2931 -20.3512 17.3231 -0.382157 -0.00437042 -0.92408
17.8868 -21.0803 17.0809 -0.380764 -0.00306441 -0.924666
18.334 -21.6626 16.8986 -0.3806 -0.0043891 -0.924728
18.8194 -22.423 16.7045 -0.379238 -0.00603829 -0.92528
19.3646 -23.0523 16.4851 -0.378038 -0.00684802 -0.925763
19.8491 -23.6406 16.2895 -0.376971 -0.000863061 -0.926225
20.8397 -24.1424 15.8865 -0.377515 -0.00062958 -0.926003
21.9452 -24.065 15.4357 -0.380093 -0.00460864 -0.924924
22.4561 -23.2698 15.217 -0.382188 -0.00850255 -0.924045
22.7258 -22.4476 15.0979 -0.382188 -0.00850215 -0.924045
23.1509 -21.5343 14.9092 -0.381781 -0.01337 -0.924156
23.7137 -20.6408 14.6643 -0.381693 -0.0167363 -0.92413
24.1562 -19.7158 14.4606 -0.382715 -0.0203167 -0.923643
24.7563 -19.19 14.1968 -0.386187 -0.0233375 -0.922125
25.5724 -18.4729 13.8361 -0.387453 -0.0277939 -0.921466
25.8342 -17.7715 13.7027 -0.389176 -0.0298436 -0.92068
25.8424 -16.9102 13.6713 -0.389398 -0.0294588 -0.920598
25.1349 -15.9643 13.9387 -0.391588 -0.0332289 -0.919541
24.5167 -15.5908 14.1889 -0.393661 -0.0325427 -0.918678
23.7044 -15.3773 14.53 -0.391123 -0.0297062 -0.919858
22.8962 -15.5097 14.8778 -0.391609 -0.0305584 -0.919624
21.8466 -15.5751 15.3279 -0.393115 -0.0274618 -0.919079
20.7998 -15.3959 15.7704 -0.390937 -0.0255767 -0.920057
20.0989 -15.3371 16.0646 -0.391293 -0.0228279 -0.919978
19.2744 -15.0437 16.4111 -0.393969 -0.0218939 -0.918863
18.389 -14.9613 16.7888 -0.396265 -0.0208693 -0.917896
17.4833 -15.224 17.1841 -0.39474 -0.0133698 -0.918696
18.2709 -16.3527 16.8666 -0.391807 -0.0171862 -0.919886
17.7186 -16.9385 17.1135 -0.390457 -0.0135501 -0.920511
17.56 -17.821 17.1897 -0.3881 -0.00962691 -0.921567
17.8475 -18.5962 17.0768 -0.38621 -0.0103205 -0.922351
18.271 -19.5774 16.9127 -0.382576 -0.00986309 -0.923868
18.7899 -20.3741 16.7048 -0.380599 -0.00438722 -0.924729
19.4156 -21.25 16.4529 -0.379362 -0.00490344 -0.925235
20.0002 -21.951 16.2174 -0.378039 -0.00684963 -0.925763
20.8608 -22.5139 15.87 -0.38213 -0.00943725 -0.92406
21.4467 -22.1252 15.6237 -0.38298 -0.011299 -0.923685
21.8834 -21.322 15.4307 -0.383828 -0.0131612 -0.923311
22.3104 -20.5714 15.2425 -0.382973 -0.0134265 -0.923661
22.8502 -19.72 15.0022 -0.384463 -0.0170229 -0.922983
23.3539 -18.9099 14.7774 -0.385519 -0.0200446 -0.922476
23.906 -18.3003 14.5301 -0.388882 -0.0236791 -0.920983
24.4308 -17.5777 14.2899 -0.389379 -0.0263947 -0.920695
24.0318 -16.8689 14.4365 -0.389877 -0.0291112 -0.920407
23.3795 -16.7361 14.71 -0.391374 -0.0274072 -0.919824
22.2836 -16.8119 15.1783 -0.391002 -0.0275404 -0.919978
21.0923 -16.7638 15.6806 -0.389035 -0.021614 -0.920969
19.9706 -16.6093 16.151 -0.388368 -0.0205756 -0.921274
19.0287 -16.3517 16.5449 -0.390715 -0.0172474 -0.92035
18.3313 -16.3333 16.8406 -0.390715 -0.0172465 -0.92035
19.0651 -17.8082 16.5578 -0.387806 -0.01325 -0.921646
19.0837 -18.6254 16.5618 -0.387046 -0.0139628 -0.921954
19.6766 -19.6561 16.3276 -0.385407 -0.0116889 -0.922673
20.2611 -20.4357 16.0938 -0.385239 -0.0120408 -0.922738
21.3984 -19.895 15.6132 -0.384236 -0.0121563 -0.923155
21.8138 -19.1645 15.4252 -0.387106 -0.017136 -0.921876
22.2382 -18.5342 15.2352 -0.385785 -0.0170795 -0.92243
21.5579 -18.0905 15.5131 -0.387372 -0.0164725 -0.921776
20.8094 -18.0089 15.8262 -0.387917 -0.016298 -0.92155
19.8333 -17.8293 16.2346 -0.388021 -0.0178438 -0.921476
19.4454 -17.7872 16.3975 -0.388722 -0.016316 -0.921205
25.69 -26.0907 13.9208 -0.377918 -0.00675397 -0.925814
25.2636 -26.7221 14.096 -0.375557 0.000524658 -0.926799
24.9581 -27.6413 14.2185 -0.375838 0.00140586 -0.926684
24.9396 -28.5311 14.2227 -0.374157 0.00640452 -0.927342
25.0246 -29.6151 14.1793 -0.374805 0.00772621 -0.927072
25.2881 -30.3082 14.0672 -0.373442 0.00881296 -0.927611
25.7609 -30.9521 13.8696 -0.372561 0.01153 -0.927936
26.3384 -31.559 13.6302 -0.372848 0.0120683 -0.927814
27.003 -31.9585 13.3594 -0.370139 0.0131127 -0.928884
27.6973 -32.3061 13.0778 -0.370221 0.0132171 -0.92885
28.9893 -32.4792 12.5662 -0.365451 0.0118922 -0.930752
29.778 -32.1758 12.2586 -0.366657 0.00994718 -0.930303
30.701 -31.7696 11.9035 -0.362621 0.0103278 -0.931879
31.1587 -31.1713 11.7294 -0.363947 0.00421276 -0.93141
31.5676 -30.313 11.573 -0.364325 0.00391727 -0.931264
31.7417 -29.3882 11.5088 -0.363911 0.00304685 -0.931428
31.6415 -28.4434 11.546 -0.366061 -0.00304375 -0.930586
31.2451 -27.6599 11.6993 -0.365404 -0.00443945 -0.930837
30.8485 -26.8907 11.8499 -0.364749 -0.00583728 -0.931087
30.2966 -26.2058 12.0634 -0.371175 -0.00586163 -0.928543
29.6817 -25.6084 12.3031 -0.372514 -0.0129313 -0.927936
28.8405 -25.1479 12.6343 -0.37297 -0.0124228 -0.92776
28.0261 -25.1293 12.9643 -0.375864 -0.010481 -0.926612
27 -25.2625 13.381 -0.375596 -0.00816574 -0.926747
26.3067 -25.6053 13.6654 -0.37798 -0.00677934 -0.925789
26.1452 -25.7328 13.7323 -0.377979 -0.00677898 -0.925789
26.9016 -26.8496 13.4328 -0.375463 -0.000785059 -0.926837
27.6255 -26.5327 13.1387 -0.375164 -0.00827044 -0.926922
28.5569 -26.443 12.7611 -0.374953 -0.0084823 -0.927005
29.1659 -26.8185 12.5192 -0.371175 -0.00586068 -0.928543
29.7657 -27.4765 12.2819 -0.371933 -0.00424093 -0.92825
30.1842 -28.2329 12.1185 -0.365405 -0.00444022 -0.930837
30.475 -29.0782 12.0037 -0.363496 0.00217608 -0.931593
30.2814 -30.0887 12.0775 -0.366536 0.00377357 -0.930393
29.7975 -30.6901 12.2641 -0.366291 0.00611899 -0.93048
28.7389 -31.2176 12.6766 -0.365696 0.00653077 -0.930712
27.6406 -30.9113 13.1162 -0.370926 0.00895007 -0.928619
26.8196 -30.3059 13.45 -0.372367 0.00947974 -0.928036
26.1585 -29.12 13.7269 -0.373095 0.0076044 -0.927762
26.1329 -28.1605 13.743 -0.374824 0.00519716 -0.927081
26.4082 -27.3289 13.6331 -0.37456 -5.35407e-05 -0.927202
26.5185 -27.2028 13.5883 -0.375463 -0.000784385 -0.926837
27.5577 -28.0586 13.1683 -0.374576 0.00218711 -0.927188
27.3769 -28.9145 13.2363 -0.373922 0.00532578 -0.927445
27.858 -29.5347 13.0409 -0.371462 0.00300734 -0.928443
28.9057 -29.8211 12.6208 -0.370629 0.00341456 -0.928774
29.2389 -29.1001 12.4911 -0.369795 0.00382155 -0.929105
28.8337 -28.2441 12.6559 -0.369899 0.000647385 -0.929066
28.0415 -27.7623 12.9721 -0.374371 -0.000534716 -0.927278
35.7426 -27.6895 9.97524 -0.350226 -0.0101644 -0.93661
35.916 -28.5209 9.9186 -0.35074 -0.0092237 -0.936427
36.4549 -29.3681 9.72361 -0.348163 -0.00559366 -0.937417
37.1728 -29.9756 9.46434 -0.342902 -0.00476457 -0.939359
37.8506 -30.4141 9.22042 -0.337081 -0.00519158 -0.941461
38.7751 -30.6201 8.89018 -0.334531 -0.00751289 -0.942346
39.5199 -30.5118 8.6282 -0.330686 -0.00857458 -0.943702
40.4299 -29.9056 8.30395 -0.325646 -0.0102533 -0.94542
40.9609 -29.1282 8.11411 -0.321919 -0.0135893 -0.946668
41.0364 -28.3671 8.07716 -0.325829 -0.012077 -0.945352
41.0699 -27.046 8.04186 -0.32589 -0.0209924 -0.945175
40.8351 -26.2893 8.1058 -0.326529 -0.0238356 -0.944884
40.2325 -25.5248 8.30066 -0.333986 -0.0213763 -0.942336
39.3536 -24.8789 8.5975 -0.339168 -0.0197529 -0.940501
38.3912 -24.6962 8.94417 -0.342162 -0.0253652 -0.939298
37.5589 -24.7916 9.24995 -0.342162 -0.0253648 -0.939298
36.6339 -25.2328 9.60573 -0.352333 -0.0204457 -0.935644
36.0852 -25.8355 9.82229 -0.350556 -0.0172996 -0.936382
35.7162 -26.8532 9.97602 -0.351166 -0.0117107 -0.936238
35.7149 -26.9067 9.97709 -0.350226 -0.0101644 -0.93661
36.9678 -27.1549 9.51212 -0.347194 -0.0146929 -0.937678
37.0673 -28.0257 9.4869 -0.344829 -0.00930683 -0.938619
37.6993 -28.825 9.26248 -0.341119 -0.00899984 -0.939968
38.4501 -29.1903 8.99694 -0.337273 -0.00891386 -0.941365
39.3174 -29.099 8.68633 -0.330581 -0.00848633 -0.943739
39.7811 -28.477 8.51558 -0.330548 -0.0142107 -0.943682
39.8103 -27.4834 8.49158 -0.3334 -0.0154382 -0.942654
39.5591 -26.6535 8.56488 -0.334406 -0.0197365 -0.942221
38.422 -26.0388 8.96173 -0.34438 -0.0181553 -0.938655
37.7164 -26.0181 9.2202 -0.342724 -0.0157369 -0.9393
37.0051 -27.0553 9.49672 -0.346989 -0.0152354 -0.937745
36.9701 -27.1455 9.51113 -0.34699 -0.0152357 -0.937745
38.1587 -27.4986 9.08051 -0.341083 -0.0129916 -0.939944
38.2328 -27.372 9.05186 -0.341083 -0.012991 -0.939943
45.9478 -34.7541 6.55778 -0.289889 -0.00716977 -0.957026
45.4971 -35.4111 6.69607 -0.287831 -0.00414 -0.957672
45.1303 -36.1297 6.80941 -0.286185 -0.00158554 -0.958168
45.4757 -37.3609 6.70563 -0.28454 0.000969035 -0.958664
46.0359 -38.1746 6.53587 -0.285571 0.00351244 -0.958351
46.8111 -38.8125 6.31849 -0.268221 -0.000518124 -0.963357
47.5061 -39.1532 6.12042 -0.265085 0.00681151 -0.964174
48.2285 -39.4954 5.92529 -0.258274 0.00567701 -0.966055
48.996 -39.5874 5.7218 -0.243403 0.000188137 -0.969924
49.9483 -39.4838 5.48312 -0.243032 -0.000895856 -0.970018
50.7412 -39.2474 5.28807 -0.233587 -0.00623566 -0.97231
51.6778 -38.6788 5.05591 -0.235481 -0.00892344 -0.971838
52.2383 -38.0625 4.91643 -0.223216 -0.0116847 -0.974699
52.6746 -36.9711 4.80527 -0.225147 -0.00918046 -0.974282
53.0662 -36.2113 4.7024 -0.227398 -0.015926 -0.973672
53.1877 -35.2603 4.66118 -0.217079 -0.0167715 -0.97601
52.9172 -33.8763 4.70236 -0.232815 -0.0185664 -0.972331
52.6499 -33.1361 4.74821 -0.23058 -0.0226399 -0.97279
52.0681 -32.5168 4.87176 -0.239272 -0.0206222 -0.970695
51.2852 -32.2307 5.06431 -0.24648 -0.0233639 -0.968866
50.4604 -32.0486 5.26974 -0.251258 -0.0207424 -0.967682
49.6875 -32.2333 5.47814 -0.256858 -0.0185059 -0.966272
48.9604 -32.3377 5.67344 -0.255935 -0.0156679 -0.966562
48.1586 -32.701 5.89316 -0.261875 -0.0118883 -0.965029
47.5408 -33.1826 6.07093 -0.267865 -0.0173114 -0.963301
46.996 -33.7138 6.23501 -0.284465 -0.0118639 -0.95861
46.4306 -34.2893 6.40817 -0.284001 -0.00947396 -0.958777
46.1525 -34.5478 6.4931 -0.28794 -0.00989583 -0.957588
47.2646 -35.1935 6.17956 -0.276064 -0.00903152 -0.961075
48.0004 -34.4851 5.96094 -0.268628 -0.0109418 -0.963182
48.7769 -33.8452 5.74185 -0.256064 -0.0141428 -0.966555
49.637 -33.4824 5.51022 -0.254962 -0.0129245 -0.966865
50.7606 -33.4966 5.22357 -0.245892 -0.016724 -0.969151
51.5684 -34.12 5.02897 -0.239272 -0.0206225 -0.970695
51.837 -34.9167 4.97605 -0.231137 -0.00929414 -0.972877
51.796 -35.7817 4.99497 -0.236316 -0.0135122 -0.971565
51.3834 -36.8638 5.11095 -0.239097 -0.0103515 -0.97094
51.0116 -37.5681 5.2101 -0.237857 -0.00852343 -0.97126
50.3802 -38.063 5.36947 -0.248802 -0.00552786 -0.968539
49.4965 -38.2786 5.59773 -0.246288 -0.00212657 -0.969185
48.5645 -38.2179 5.84135 -0.257628 -0.000541245 -0.96623
47.7866 -37.9434 6.04576 -0.262494 -0.00333577 -0.964902
47.1061 -37.4066 6.23519 -0.26905 -0.00121127 -0.963125
46.6968 -36.6591 6.34606 -0.271925 -0.00543612 -0.962295
47.0625 -35.484 6.23814 -0.274628 -0.00282679 -0.961546
48.2322 -36.0552 5.9148 -0.259694 -0.00696701 -0.965666
49.0003 -35.1897 5.70168 -0.259909 -0.00729176 -0.965606
49.8554 -34.8913 5.47296 -0.245542 -0.0104106 -0.96933
50.4868 -35.2015 5.31638 -0.245494 -0.0103598 -0.969343
50.3206 -36.2887 5.36982 -0.246027 -0.00926057 -0.969219
49.2423 -37.0907 5.65201 -0.252721 -0.00958073 -0.967472
48.405 -36.8663 5.87419 -0.259205 -0.00793232 -0.965789
48.2041 -36.3735 5.92467 -0.259694 -0.006967 -0.965666
58.3892 -35.0317 3.57549 -0.181381 -0.0240625 -0.983118
58.2823 -34.0525 3.57125 -0.18138 -0.0240625 -0.983119
58.5447 -33.2999 3.49646 -0.189695 -0.00822518 -0.981809
59.2733 -32.5051 3.33899 -0.182292 -0.0340075 -0.982655
60.5858 -32.2384 3.11093 -0.15832 -0.0383613 -0.986642
61.4782 -32.4211 2.97363 -0.155643 -0.0332772 -0.98724
62.1929 -32.8784 2.8816 -0.145387 -0.0308242 -0.988895
62.8631 -33.7102 2.80898 -0.145388 -0.0308239 -0.988894
63.2034 -35.1802 2.80777 -0.130214 -0.0294796 -0.991048
62.8172 -36.0339 2.88862 -0.136566 -0.0271326 -0.990249
62.246 -36.5719 2.97914 -0.140909 -0.0254366 -0.989677
61.3835 -36.9094 3.11631 -0.149838 -0.0265229 -0.988347
60.4702 -36.9627 3.26406 -0.163442 -0.0299879 -0.986097
59.617 -36.7358 3.39857 -0.168266 -0.0265726 -0.985365
58.8664 -36.0101 3.5154 -0.177529 -0.0242527 -0.983817
58.4263 -35.2823 3.57477 -0.179256 -0.0260708 -0.983453
59.7717 -35.0281 3.32845 -0.163594 -0.0198111 -0.986329
60.3454 -35.6189 3.24516 -0.158494 -0.0218295 -0.987103
61.1769 -35.5289 3.11387 -0.153395 -0.0238467 -0.987877
61.793 -35.0024 3.00644 -0.151235 -0.0225116 -0.988241
61.7516 -34.1912 2.9943 -0.15113 -0.028689 -0.988078
61.0813 -33.6187 3.07657 -0.155643 -0.0332777 -0.98724
