31.5628 25.6288 13.4224 -0.516583 -0.0809649 -0.852341
30.9423 24.7514 13.8868 -0.523477 -0.075649 -0.848675
30.9423 24.7514 13.8868 -0.523477 -0.075649 -0.848675
31.375 23.8751 13.7144 -0.513911 -0.0896905 -0.853142
32.4235 23.8751 13.0875 -0.502243 -0.0981112 -0.859059
32.281 24.7701 13.0792 -0.509429 -0.0890607 -0.855892
32.1533 25.5328 13.0818 -0.507385 -0.0818642 -0.857822
32.095 25.5742 13.1123 -0.507973 -0.0809499 -0.857561
33.4292 25.4202 12.3412 -0.504022 -0.0810511 -0.859879
33.4989 26.325 12.2111 -0.504702 -0.0880889 -0.858788
33.1105 27.1657 12.3531 -0.50765 -0.08646 -0.857206
32.3454 27.2303 12.8033 -0.510599 -0.0848339 -0.855624
31.5013 27.0823 13.3217 -0.512992 -0.075086 -0.855044
30.77 26.8279 13.8068 -0.535255 -0.0670918 -0.842022
30.1128 26.1573 14.278 -0.532899 -0.0666341 -0.843546
29.795 25.4329 14.536 -0.529036 -0.0725187 -0.845485
29.4931 24.4198 14.8146 -0.528867 -0.0816476 -0.844744
29.7633 23.5716 14.7324 -0.52768 -0.0935889 -0.844242
30.4016 23.1249 14.3893 -0.520582 -0.0996224 -0.847967
31.1176 22.5314 14.0236 -0.512755 -0.104653 -0.852106
31.6955 22.0213 13.7448 -0.508776 -0.10981 -0.853867
32.258 21.418 13.4874 -0.503212 -0.114215 -0.856551
33.2622 20.8161 12.9994 -0.487079 -0.113622 -0.865935
34.1228 21.6927 12.4043 -0.479677 -0.112704 -0.870177
33.8767 22.639 12.4174 -0.480058 -0.115054 -0.869655
33.6376 23.499 12.4397 -0.49084 -0.10603 -0.864774
33.4858 24.3391 12.4228 -0.489998 -0.101196 -0.865815
33.4189 25.1302 12.3746 -0.504021 -0.0810516 -0.85988
34.5823 25.3085 11.7021 -0.480954 -0.0935014 -0.871746
34.7616 26.3581 11.4889 -0.481228 -0.0952445 -0.871406
35.0513 27.0838 11.2495 -0.480574 -0.087428 -0.872543
35.506 27.802 10.9356 -0.480361 -0.0774663 -0.873643
35.219 28.5467 11.0274 -0.480361 -0.0774652 -0.873643
34.2776 28.6424 11.543 -0.496916 -0.0770262 -0.864356
33.3263 28.6767 12.0916 -0.50023 -0.0728959 -0.862819
32.6736 28.7401 12.4822 -0.520859 -0.0731635 -0.850501
31.9027 28.7177 12.957 -0.521824 -0.0628956 -0.850731
31.0273 28.4826 13.5108 -0.528512 -0.0645752 -0.846422
30.4178 28.2862 13.914 -0.537358 -0.0652929 -0.840817
29.7785 27.9261 14.3518 -0.536907 -0.0623642 -0.841328
29.2473 27.3081 14.7337 -0.534429 -0.0616871 -0.84296
28.7966 26.3836 15.0872 -0.538347 -0.0629073 -0.840358
28.5461 25.6735 15.3045 -0.535648 -0.0695542 -0.841572
28.3642 24.9608 15.4793 -0.536117 -0.0709924 -0.841153
28.0844 24.0224 15.7368 -0.5314 -0.0792667 -0.843347
27.7117 23.2347 16.0545 -0.530442 -0.0920103 -0.842713
27.87 22.9389 15.9871 -0.529484 -0.0919911 -0.843317
28.5475 22.6883 15.5906 -0.527672 -0.094297 -0.844198
29.2498 22.3593 15.1915 -0.522457 -0.0961859 -0.847223
30.0632 21.7925 14.7543 -0.522152 -0.0975375 -0.847256
30.9118 20.9693 14.3468 -0.50548 -0.107754 -0.856084
31.661 20.1644 14.0053 -0.503212 -0.114214 -0.85655
32.2789 19.6765 13.7141 -0.497046 -0.115746 -0.85997
32.9372 19.2709 13.3882 -0.491074 -0.124083 -0.862172
33.77 19.249 12.933 -0.475372 -0.126616 -0.870617
34.5639 19.5732 12.4547 -0.474609 -0.12265 -0.87161
35.2167 19.9696 12.0438 -0.474381 -0.122512 -0.871753
35.5625 20.6478 11.7603 -0.47428 -0.120511 -0.872085
35.5946 21.4206 11.6417 -0.45967 -0.112046 -0.880993
35.3555 22.2406 11.6622 -0.460407 -0.117396 -0.879894
34.9814 23.1253 11.7438 -0.469735 -0.113786 -0.875444
34.7123 23.9895 11.7759 -0.469139 -0.110023 -0.876235
34.5822 24.8115 11.7554 -0.480956 -0.0935013 -0.871745
35.7109 24.8873 11.1336 -0.473876 -0.108216 -0.873893
35.7903 25.6669 10.9958 -0.480075 -0.0978008 -0.871752
36.3274 26.6654 10.5886 -0.480574 -0.087428 -0.872543
36.8542 27.3537 10.2445 -0.469856 -0.0775906 -0.879326
37.4257 28.2187 9.86496 -0.468425 -0.0752066 -0.880297
37.1634 29.4029 9.8982 -0.466264 -0.082714 -0.88077
36.4722 29.8382 10.2232 -0.467666 -0.0822308 -0.88007
35.3952 30.0453 10.7785 -0.475743 -0.0855776 -0.875368
34.6617 30.1317 11.1921 -0.497285 -0.0750278 -0.864337
33.8597 30.2337 11.6476 -0.506556 -0.068289 -0.859446
33.1285 30.1687 12.0892 -0.518484 -0.0614152 -0.852845
32.4687 30.2412 12.4919 -0.524934 -0.0617944 -0.848897
31.7857 30.1556 12.9204 -0.528205 -0.0578234 -0.847092
30.9984 29.9653 13.4308 -0.534466 -0.051533 -0.843617
30.2556 29.8053 13.9128 -0.536642 -0.0520464 -0.842204
29.4577 29.4573 14.4428 -0.538016 -0.0575788 -0.840945
28.8078 28.8879 14.8996 -0.541209 -0.0558975 -0.839028
28.2441 28.2405 15.3063 -0.542727 -0.0568204 -0.837982
27.8973 27.5205 15.5831 -0.543839 -0.062754 -0.83684
27.5819 26.8752 15.8364 -0.543852 -0.062765 -0.836831
27.2582 25.7538 16.1292 -0.544672 -0.0606025 -0.836457
27.0643 24.9237 16.3197 -0.546419 -0.0643657 -0.835035
26.635 23.8592 16.6883 -0.541477 -0.0720956 -0.837617
25.9478 23.6159 17.1515 -0.539826 -0.0718295 -0.838706
25.2562 23.478 17.6113 -0.545484 -0.0635572 -0.835708
24.6251 23.684 18.0075 -0.545393 -0.063551 -0.835768
23.6823 23.8761 18.6121 -0.551396 -0.0637454 -0.831795
22.8809 23.8445 19.1464 -0.550121 -0.0608703 -0.83286
22.1199 23.656 19.6609 -0.548416 -0.0621537 -0.833892
21.4841 23.4038 20.099 -0.546701 -0.0667401 -0.834662
20.971 22.8715 20.4763 -0.550079 -0.0623634 -0.832781
20.4566 22.135 20.8684 -0.544298 -0.0624872 -0.836551
20.1432 21.1939 21.1463 -0.543071 -0.0663725 -0.837059
19.9745 20.1593 21.3374 -0.540978 -0.068304 -0.838252
19.8319 19.4021 21.4928 -0.539221 -0.0713417 -0.839137
19.6792 18.602 21.6597 -0.539351 -0.0720553 -0.838993
19.5805 17.7854 21.7912 -0.534208 -0.0714413 -0.842329
18.8038 17.0564 22.3465 -0.534354 -0.0722375 -0.842168
17.8029 17.1514 22.9677 -0.529961 -0.0710438 -0.845041
17.0846 17.4236 23.3982 -0.52941 -0.0674738 -0.84567
16.1295 17.7536 23.9651 -0.526271 -0.0667115 -0.847696
15.3896 17.8721 24.4162 -0.523962 -0.0649495 -0.849252
14.7525 17.4173 24.84 -0.520436 -0.0641266 -0.851489
14.0978 16.9486 25.2755 -0.517777 -0.0638661 -0.853123
13.5058 16.2856 25.6849 -0.516087 -0.0674314 -0.853878
13.0735 15.6412 25.9937 -0.509399 -0.0672007 -0.857903
12.395 14.6364 26.4753 -0.509843 -0.0666121 -0.857684
11.916 13.9477 26.8118 -0.502732 -0.0705132 -0.861562
11.5079 13.3577 27.0982 -0.502993 -0.0709982 -0.861369
10.9501 12.9056 27.4613 -0.49911 -0.0721324 -0.863531
10.3325 12.234 27.8727 -0.496309 -0.0685896 -0.865432
9.65251 11.4337 28.3261 -0.497244 -0.0697174 -0.864804
9.27824 10.8301 28.5912 -0.498211 -0.0706987 -0.864169
8.76306 10.0985 28.9458 -0.490451 -0.0760179 -0.868145
8.01287 9.91078 29.3878 -0.491735 -0.0770706 -0.867327
7.19992 10.0177 29.8392 -0.486636 -0.0800496 -0.869906
6.34228 10.1065 30.3047 -0.482232 -0.0835286 -0.872052
5.52031 10.3181 30.739 -0.476763 -0.0875109 -0.874635
4.84136 10.3952 31.0956 -0.470069 -0.0909996 -0.877926
3.96879 10.5948 31.5422 -0.470062 -0.0909945 -0.877931
3.20009 10.6873 31.9376 -0.460012 -0.102079 -0.882025
2.46475 10.9347 32.2924 -0.459915 -0.102055 -0.882079
1.58198 11.5465 32.6668 -0.443265 -0.113184 -0.889199
0.921172 12.093 32.9243 -0.428468 -0.115283 -0.896087
0.247509 13.1894 33.0982 -0.419999 -0.112202 -0.900562
-0.241284 13.7928 33.251 -0.41967 -0.111768 -0.900769
-1.11743 14.5196 33.5489 -0.400212 -0.121413 -0.908344
-1.75249 14.9713 33.7684 -0.397649 -0.123736 -0.909149
-2.2791 15.493 33.9247 -0.395084 -0.126061 -0.909955
-2.91597 16.0052 34.1251 -0.371343 -0.124537 -0.920106
-3.70506 16.5374 34.3707 -0.370927 -0.125456 -0.920149
-4.49333 16.8695 34.6324 -0.354689 -0.129887 -0.925915
-5.40199 17.1971 34.9328 -0.346274 -0.133591 -0.928537
-6.15613 17.6209 35.1458 -0.338704 -0.134754 -0.931193
-6.85965 18.02 35.3454 -0.328001 -0.132715 -0.935217
-7.66848 18.5164 35.546 -0.315685 -0.134766 -0.939245
-8.31923 18.8709 35.7147 -0.31329 -0.126609 -0.941155
-9.02703 19.2429 35.8948 -0.307735 -0.128813 -0.942712
-9.73763 19.6074 36.077 -0.293822 -0.131199 -0.9467
-10.4402 20.0244 36.2304 -0.284703 -0.123924 -0.950572
-11.157 20.3885 36.3976 -0.27494 -0.125184 -0.953223
-11.9247 20.8883 36.5442 -0.264886 -0.12698 -0.955883
-12.683 21.0939 36.7271 -0.264885 -0.126982 -0.955883
-13.4889 21.5808 36.8694 -0.248093 -0.125732 -0.960536
-14.2561 22.0621 37.0075 -0.249926 -0.122949 -0.960427
-15.299 22.35 37.2269 -0.232646 -0.121977 -0.964882
-16.1636 22.4208 37.4269 -0.227761 -0.121024 -0.966151
-17.0362 22.3568 37.6355 -0.222442 -0.120715 -0.967444
-18.2959 21.8992 37.9781 -0.209978 -0.126198 -0.969527
-19.0163 21.3364 38.2074 -0.210432 -0.127418 -0.969268
-19.4215 20.6519 38.3853 -0.207714 -0.128358 -0.969731
-19.6071 19.8904 38.5259 -0.207577 -0.127643 -0.969855
-19.5459 19.0747 38.6184 -0.211425 -0.121995 -0.969751
-18.5181 18.5163 38.4646 -0.209152 -0.121161 -0.970345
-17.628 17.8709 38.3508 -0.215024 -0.128194 -0.968159
-16.8665 17.4664 38.2353 -0.219259 -0.126995 -0.967356
-15.919 17.1043 38.0633 -0.225843 -0.118656 -0.966881
-15.2297 16.7501 37.9553 -0.22915 -0.144613 -0.962589
-14.2732 16.2932 37.7882 -0.238427 -0.130591 -0.962323
-13.5853 15.998 37.6641 -0.224169 -0.140533 -0.964222
-12.4304 15.6393 37.4179 -0.253513 -0.136453 -0.95766
-11.6409 15.1846 37.2804 -0.257753 -0.151264 -0.954265
-10.908 14.7697 37.1425 -0.268776 -0.155391 -0.950571
-10.1563 14.3061 36.9876 -0.285333 -0.145281 -0.947353
-9.21289 13.5977 36.799 -0.304117 -0.144144 -0.941666
-8.48407 13.0221 36.6517 -0.315494 -0.146145 -0.937606
-7.9262 12.527 36.5382 -0.321484 -0.154487 -0.934228
-7.25557 11.9149 36.4029 -0.337844 -0.150691 -0.929061
-6.63068 11.1739 36.2934 -0.341789 -0.144403 -0.928616
-6.05908 10.656 36.1624 -0.345803 -0.147977 -0.926565
-5.43993 9.83334 36.0429 -0.363385 -0.131579 -0.922301
-4.61789 9.00705 35.8263 -0.36985 -0.134266 -0.919266
-4.04541 8.29001 35.697 -0.396924 -0.137485 -0.907496
-3.64774 7.65133 35.6198 -0.397588 -0.142812 -0.906366
-3.2158 7.04724 35.5286 -0.401326 -0.144726 -0.904417
-2.79319 6.30698 35.4528 -0.429653 -0.138046 -0.89238
-2.24768 5.61793 35.2968 -0.429704 -0.137972 -0.892367
-1.93569 4.94212 35.2351 -0.447605 -0.115475 -0.886721
-1.6294 4.07044 35.1873 -0.449162 -0.109664 -0.886694
-1.39463 3.30875 35.1642 -0.472125 -0.111189 -0.874491
-1.13097 2.59065 35.1131 -0.469936 -0.101731 -0.876762
-0.728593 1.63905 34.993 -0.473941 -0.0899665 -0.875949
-0.538431 0.906017 34.9603 -0.477716 -0.0800509 -0.874848
-0.446316 0.106194 34.979 -0.480269 -0.0801541 -0.873433
-0.246266 -0.774482 34.9456 -0.499752 -0.0519582 -0.864609
-0.0462724 -1.77994 34.8966 -0.510497 -0.0513617 -0.858113
0.0214268 -2.79074 34.8938 -0.517433 -0.0355162 -0.854976
0.0420746 -3.65466 34.9059 -0.519704 -0.0190326 -0.854134
0.0755499 -4.82509 34.8803 -0.535491 0.0254679 -0.844042
-0.20311 -5.91881 35.0089 -0.529114 0.0615728 -0.846313
-0.564766 -6.76354 35.1725 -0.514481 0.0941958 -0.851587
-0.862155 -7.4522 35.2257 -0.462261 0.158439 -0.872458
-1.521 -8.58382 35.3612 -0.458805 0.162845 -0.873487
-2.07044 -9.24458 35.4997 -0.418349 0.160264 -0.893972
-2.71424 -9.83073 35.6865 -0.397973 0.160846 -0.903187
-3.36406 -10.4609 35.8511 -0.385004 0.173241 -0.90651
-3.9796 -11.2121 35.9615 -0.367609 0.172995 -0.913748
-4.72634 -11.9109 36.1225 -0.35328 0.174154 -0.919165
-5.57504 -12.4899 36.3242 -0.326036 0.180448 -0.92797
-6.35453 -13.0514 36.4859 -0.314474 0.185146 -0.930973
-7.20461 -13.6201 36.6463 -0.302382 0.189548 -0.93415
-8.35831 -14.1377 36.8735 -0.263949 0.1987 -0.943848
-9.01858 -14.5706 36.974 -0.24963 0.17519 -0.952178
-9.82436 -14.9071 37.1063 -0.228855 0.182541 -0.956181
-11.0037 -15.309 37.2896 -0.206315 0.180251 -0.96174
-12.0158 -15.7003 37.4109 -0.182954 0.193548 -0.963858
-12.889 -15.756 37.5497 -0.16377 0.194269 -0.967181
-13.6542 -15.933 37.6437 -0.149549 0.19481 -0.969266
-14.6969 -16.0547 37.7714 -0.143054 0.192412 -0.970831
-15.4883 -16.2131 37.8442 -0.113235 0.18922 -0.975283
-16.3413 -16.1545 37.9432 -0.0923575 0.189619 -0.977464
-17.368 -16.0261 38.0465 -0.0768724 0.185657 -0.979596
-18.4848 -15.896 38.1324 -0.0416113 0.18975 -0.980843
-19.2481 -15.7833 38.1797 -0.037529 0.170147 -0.984704
-20.0074 -15.6202 38.2357 -0.0292888 0.169404 -0.985106
-21.1345 -15.3182 38.3185 -0.0277579 0.166581 -0.985637
-22.3968 -15.0828 38.3456 0.0233817 0.175705 -0.983946
-23.3072 -14.655 38.341 0.0727039 0.127897 -0.989119
-23.9658 -13.8832 38.3968 0.169736 0.08174 -0.982094
-24.4899 -13.9447 38.324 0.0910946 0.085304 -0.992019
-25.049 -14.6832 38.2135 0.0780993 0.103858 -0.991521
-25.49 -15.7755 38.0643 0.0669401 0.098168 -0.992836
-25.4673 -16.7012 37.9654 0.0447432 0.108236 -0.993118
-25.2517 -17.6841 37.868 0.0430414 0.104557 -0.993579
-24.6654 -18.5174 37.7867 0.0171841 0.118696 -0.992782
-24.0877 -19.0592 37.7319 0.0146916 0.122109 -0.992399
-23.1639 -19.5938 37.6641 -0.0043773 0.130475 -0.991428
-22.3405 -19.9496 37.6105 -0.00598769 0.135026 -0.990824
-21.44 -20.418 37.5222 -0.0292554 0.1428 -0.989291
-20.5478 -20.72 37.4439 -0.0416102 0.145648 -0.988461
-19.792 -20.8073 37.3992 -0.0512521 0.144418 -0.988141
-18.5394 -20.817 37.3207 -0.0729667 0.142603 -0.98701
-17.7756 -20.965 37.2332 -0.0804865 0.149951 -0.98537
-16.8211 -21.0501 37.1363 -0.109018 0.158278 -0.98133
-15.526 -20.8803 37.0135 -0.114294 0.163285 -0.979936
-14.684 -20.9686 36.8852 -0.136284 0.161858 -0.977358
-13.8219 -20.9797 36.7575 -0.153894 0.166518 -0.973931
-12.8702 -20.7588 36.6473 -0.161087 0.169005 -0.972318
-11.9088 -20.3869 36.5381 -0.182544 0.172633 -0.967923
-10.7533 -20.0416 36.3698 -0.195607 0.166606 -0.966427
-10.0333 -19.87 36.251 -0.214343 0.169646 -0.9619
-9.19263 -19.684 36.098 -0.213598 0.174628 -0.961187
-8.37873 -19.549 35.9314 -0.244498 0.169592 -0.954642
-7.44372 -19.4745 35.6957 -0.265136 0.165965 -0.949716
-6.6375 -19.4108 35.4625 -0.295343 0.162276 -0.941509
-5.94278 -19.1531 35.2889 -0.305165 0.154226 -0.93964
-5.19671 -18.7957 35.0932 -0.321301 0.148281 -0.935296
-4.54301 -18.3361 34.9415 -0.329787 0.141577 -0.933314
-3.71914 -17.6013 34.7487 -0.338271 0.134873 -0.931333
-3.16888 -17.0366 34.6381 -0.34451 0.152128 -0.926363
-2.75252 -16.3775 34.5842 -0.365467 0.147511 -0.919062
-2.3582 -15.5291 34.5636 -0.364843 0.14947 -0.918991
-1.7718 -14.8614 34.4411 -0.36423 0.151374 -0.918925
-0.941785 -14.5109 34.1393 -0.391727 0.139969 -0.909373
-0.312094 -14.0407 33.9408 -0.403304 0.13622 -0.904767
0.32453 -13.6332 33.7067 -0.41516 0.131247 -0.900231
1.05809 -13.0768 33.4513 -0.418269 0.118614 -0.900453
1.66706 -12.347 33.2484 -0.430697 0.109604 -0.895816
2.30556 -11.7177 33.0184 -0.442028 0.105534 -0.890675
2.95519 -11.19 32.7396 -0.456152 0.0910624 -0.885231
3.66216 -10.8872 32.4064 -0.463021 0.0884358 -0.881887
4.70096 -11.0318 31.8367 -0.469908 0.0857996 -0.878536
5.46065 -11.2487 31.4281 -0.457694 0.0654889 -0.886679
6.4257 -11.5973 30.8982 -0.462262 0.064581 -0.884389
7.08126 -11.7329 30.5456 -0.45789 0.0566762 -0.88715
7.84687 -11.4623 30.1567 -0.462547 0.032786 -0.885989
8.58197 -11.1337 29.7851 -0.460655 0.0328664 -0.886968
9.25754 -10.5706 29.4465 -0.465802 0.0196911 -0.88467
9.82835 -9.91827 29.1613 -0.471873 0.019535 -0.881423
9.93069 -8.53852 29.1279 -0.473885 0.00787648 -0.880529
9.67794 -7.50904 29.2743 -0.482886 0.00677613 -0.875657
9.46718 -6.79432 29.3922 -0.482352 0.000813626 -0.875977
8.9342 -5.85011 29.6973 -0.495413 0.00369551 -0.868647
8.46704 -5.22563 29.9644 -0.49462 0.0017546 -0.869108
7.84195 -4.82334 30.321 -0.496583 0.00137322 -0.867985
7.01106 -4.49532 30.8006 -0.499481 0.00217872 -0.866322
6.21219 -3.95916 31.2615 -0.505703 -0.0123406 -0.862617
5.99702 -3.12465 31.3794 -0.515616 -0.0112628 -0.856745
6.013 -2.12111 31.3565 -0.513047 -0.0162408 -0.858188
6.13156 -1.26074 31.2578 -0.510095 -0.028596 -0.859642
6.3598 -0.524901 31.0979 -0.512038 -0.0328056 -0.858323
6.57371 0.358632 30.9275 -0.507997 -0.0486348 -0.859985
6.65074 1.14219 30.8377 -0.507997 -0.0486348 -0.859985
6.95338 2.1854 30.6008 -0.507831 -0.0479968 -0.860118
7.08625 2.97005 30.4787 -0.504896 -0.0532338 -0.861513
7.01292 3.86368 30.4555 -0.500457 -0.0637196 -0.863414
7.02577 4.74954 30.3827 -0.500522 -0.0656753 -0.863227
7.33018 5.68732 30.1326 -0.500586 -0.0676388 -0.863041
7.68034 6.39745 29.8748 -0.498861 -0.0687626 -0.863947
8.25551 7.40189 29.4603 -0.498809 -0.0708761 -0.863809
8.98834 7.89585 28.9973 -0.498163 -0.0704299 -0.864218
10.0268 8.04785 28.3863 -0.499512 -0.0693962 -0.863521
10.8775 8.00814 27.8967 -0.500464 -0.0712581 -0.86282
11.6373 7.92477 27.4629 -0.500803 -0.0712068 -0.862628
12.5679 8.13499 26.9048 -0.502004 -0.0721995 -0.861845
13.1923 8.72093 26.4882 -0.509365 -0.0690526 -0.857776
13.8366 9.41009 26.0487 -0.510755 -0.0705376 -0.856827
14.3617 10.0295 25.6842 -0.510723 -0.0712502 -0.856788
15.1099 10.4577 25.1986 -0.515097 -0.0744855 -0.853889
15.9142 10.7115 24.6909 -0.515798 -0.0741018 -0.8535
17.0858 10.7848 23.9722 -0.518748 -0.0764846 -0.851499
17.7129 10.9149 23.5806 -0.518067 -0.0797051 -0.851614
18.4108 11.359 23.1117 -0.520141 -0.0804024 -0.850288
19.4909 12.2033 22.3667 -0.521206 -0.0841432 -0.849266
20.067 12.9337 21.9414 -0.520534 -0.0876096 -0.84933
20.3695 13.6766 21.6797 -0.523216 -0.0848056 -0.84797
20.6878 14.3582 21.4151 -0.524086 -0.0861655 -0.847294
21.3123 14.8592 20.9761 -0.524954 -0.0875302 -0.846618
22.1439 15.0955 20.4342 -0.527667 -0.0891792 -0.844755
22.9612 15.2489 19.9062 -0.527342 -0.0909396 -0.844772
23.6716 15.2023 19.4689 -0.526391 -0.0909763 -0.845361
24.3607 15.3342 19.0273 -0.52233 -0.0988515 -0.846994
24.8975 16.0781 18.6074 -0.525777 -0.0972579 -0.845044
25.2196 16.8023 18.3236 -0.525776 -0.0972593 -0.845044
25.8604 17.6631 17.8161 -0.529856 -0.101428 -0.842
26.0693 18.4564 17.5961 -0.524811 -0.0940961 -0.846002
26.3354 19.732 17.2901 -0.525358 -0.0927237 -0.845814
26.54 20.516 17.0769 -0.525852 -0.0944472 -0.845316
27.2667 21.2881 16.5385 -0.524852 -0.0940874 -0.845977
27.8937 21.4493 16.1327 -0.523852 -0.093722 -0.846638
28.5937 21.327 15.7131 -0.521832 -0.0954304 -0.847689
29.2413 20.726 15.385 -0.521847 -0.0988887 -0.847288
29.8736 20.1688 15.0606 -0.513663 -0.103322 -0.851686
30.4436 19.5233 14.8052 -0.505498 -0.107644 -0.856087
30.9814 18.9488 14.5599 -0.500592 -0.111498 -0.858447
31.5508 18.4716 14.2917 -0.491506 -0.0969461 -0.865461
32.4651 17.9031 13.8573 -0.478913 -0.118693 -0.869802
33.5065 17.5657 13.3299 -0.482006 -0.125556 -0.867088
34.2818 17.7671 12.8853 -0.462463 -0.146368 -0.874474
34.8974 18.0776 12.5077 -0.462462 -0.146367 -0.874474
35.5742 18.2493 12.1306 -0.451281 -0.145045 -0.880515
36.1834 18.6835 11.7433 -0.453589 -0.148653 -0.878726
36.6493 19.2507 11.4099 -0.443002 -0.132803 -0.886617
36.9957 20.4174 11.0639 -0.446475 -0.127315 -0.885688
36.9045 21.8622 10.9047 -0.454166 -0.133632 -0.880817
36.4658 22.7511 11.0078 -0.468443 -0.125343 -0.874557
36.0713 23.5352 11.1057 -0.46544 -0.118264 -0.877119
35.7793 24.3941 11.1568 -0.468541 -0.106257 -0.877029
35.7548 24.5036 11.1566 -0.468541 -0.106257 -0.877029
41.0826 24.96 8.45509 -0.395033 -0.142963 -0.907475
40.9869 25.7518 8.38365 -0.410267 -0.111464 -0.905126
41.0466 26.7979 8.22992 -0.405804 -0.108889 -0.90744
41.2871 27.6005 8.03238 -0.414576 -0.0896304 -0.90559
41.6872 28.5828 7.76607 -0.404199 -0.0637181 -0.912449
41.8359 29.4377 7.6405 -0.404202 -0.0637147 -0.912448
42.4438 30.4105 7.29252 -0.406187 -0.0747365 -0.910729
43.1358 31.1258 6.92631 -0.394827 -0.0753138 -0.915632
43.7401 31.6211 6.64216 -0.386791 -0.0499806 -0.920812
44.4432 31.8903 6.33218 -0.386795 -0.0499806 -0.92081
45.3264 32.3531 5.96929 -0.360768 -0.0406339 -0.93177
46.203 32.4827 5.64601 -0.327023 -0.0444535 -0.94397
47.0805 32.3171 5.35124 -0.31706 -0.0578862 -0.946591
47.877 31.7784 5.12493 -0.317784 -0.0693794 -0.945621
48.5692 31.1276 4.94533 -0.298278 -0.0885331 -0.950283
49.2264 30.5506 4.80206 -0.295443 -0.100602 -0.950049
50.1765 30.2987 4.54281 -0.28202 -0.102756 -0.95389
50.9643 30.2908 4.31085 -0.260765 -0.105283 -0.959394
51.6908 31.1395 4.05006 -0.227945 -0.0930151 -0.969221
52.3908 31.383 3.86206 -0.215535 -0.0915941 -0.972106
53.2305 32.0114 3.63141 -0.200955 -0.0869083 -0.975738
54.0467 32.4659 3.42283 -0.205267 -0.0726851 -0.97589
54.8301 32.6612 3.27541 -0.160916 -0.0751189 -0.984105
56.1983 32.7635 3.06543 -0.130154 -0.0735255 -0.988764
56.9468 32.6676 2.9768 -0.124658 -0.0631656 -0.990187
58.082 32.2476 2.86045 -0.124827 -0.0629289 -0.990181
58.8184 31.8462 2.80595 -0.0878186 -0.048349 -0.994905
59.372 31.1938 2.78221 -0.100496 -0.0568794 -0.99331
59.8411 30.4606 2.78607 -0.0731976 -0.0832286 -0.993839
59.9831 29.5209 2.85845 -0.0758217 -0.0993096 -0.992164
59.8932 28.5265 2.96485 -0.0725256 -0.101718 -0.992158
59.3349 27.7001 3.08581 -0.0911344 -0.0821914 -0.992373
58.663 27.2384 3.18935 -0.116648 -0.0861678 -0.989243
57.9484 26.9005 3.31841 -0.132506 -0.0965391 -0.98647
57.1889 26.6457 3.44537 -0.135334 -0.0955596 -0.986176
56.3839 26.5885 3.57146 -0.145484 -0.122049 -0.981804
55.3508 26.5641 3.74805 -0.18995 -0.123497 -0.973981
54.3815 26.6205 3.92892 -0.189615 -0.125901 -0.973718
53.5004 26.9322 4.06449 -0.207094 -0.127435 -0.969912
52.7898 27.179 4.19317 -0.218319 -0.123865 -0.967985
52.0516 27.3284 4.34117 -0.233589 -0.0958777 -0.967515
50.8491 27.7393 4.60421 -0.24168 -0.0889842 -0.966267
49.9798 27.7796 4.84613 -0.27741 -0.0819162 -0.957253
49.2978 27.2252 5.1138 -0.294627 -0.107182 -0.949582
48.6355 26.535 5.39667 -0.293931 -0.107221 -0.949794
48.1268 25.696 5.66826 -0.305984 -0.121321 -0.944275
47.6397 24.8745 5.93864 -0.307071 -0.138569 -0.941517
47.0907 24.3218 6.20538 -0.311744 -0.143633 -0.939247
46.4875 23.8875 6.47582 -0.339031 -0.157996 -0.927411
45.8645 23.4769 6.77502 -0.340224 -0.15906 -0.926794
45.1183 23.0366 7.11791 -0.344483 -0.139833 -0.928318
44.4321 22.7334 7.42616 -0.362754 -0.135533 -0.921976
43.4621 22.5923 7.82858 -0.36276 -0.135541 -0.921973
42.6599 22.7497 8.12426 -0.369216 -0.133249 -0.919702
41.9775 23.3138 8.32338 -0.371867 -0.125185 -0.919806
41.4415 23.9022 8.46294 -0.388959 -0.124911 -0.912747
41.1609 24.5116 8.49165 -0.395032 -0.142963 -0.907475
42.4624 25.1677 7.84269 -0.379343 -0.138645 -0.914805
42.3769 25.9619 7.76005 -0.378621 -0.136023 -0.915502
42.452 26.6951 7.6208 -0.401705 -0.106774 -0.909522
42.6652 27.3969 7.46232 -0.376577 -0.0930215 -0.921703
42.9003 28.1086 7.29445 -0.377989 -0.0804503 -0.922221
43.1434 28.891 7.1224 -0.400557 -0.0869347 -0.912138
43.6375 29.6537 6.83272 -0.400757 -0.0827863 -0.912427
44.3303 30.2429 6.49304 -0.367974 -0.0874882 -0.925711
45.5349 30.799 5.9858 -0.340541 -0.0766285 -0.937102
46.347 30.9099 5.68523 -0.331583 -0.0580702 -0.941607
47.301 30.4378 5.41226 -0.302561 -0.0881541 -0.949045
48.0332 29.7682 5.24104 -0.295067 -0.089852 -0.951209
48.654 28.9055 5.13519 -0.288364 -0.0894599 -0.953333
48.604 28.4748 5.19313 -0.297022 -0.0998505 -0.949636
47.7289 27.6227 5.55642 -0.305984 -0.0982877 -0.946902
47.1446 26.7221 5.85949 -0.316176 -0.11836 -0.941288
46.6886 25.976 6.10646 -0.319838 -0.121445 -0.939643
46.1501 25.4615 6.3605 -0.323499 -0.124527 -0.937998
45.5823 25.0303 6.61358 -0.331744 -0.122134 -0.935387
44.8066 24.5638 6.99359 -0.36373 -0.147158 -0.919807
44.1393 24.1987 7.31585 -0.36373 -0.147158 -0.919807
43.2348 24.2066 7.66933 -0.370657 -0.141883 -0.917805
42.7819 24.5895 7.79923 -0.380344 -0.140697 -0.91408
43.9118 26.0061 7.1229 -0.370034 -0.138394 -0.918625
43.9695 27.0018 6.97034 -0.375719 -0.0932299 -0.922032
44.1957 27.931 6.78445 -0.375484 -0.0930553 -0.922145
44.6311 28.5343 6.54399 -0.371221 -0.0976397 -0.923385
45.6455 29.3152 6.08302 -0.327058 -0.104507 -0.939188
46.398 29.1844 5.83823 -0.31842 -0.100395 -0.942603
46.611 28.439 5.84571 -0.317797 -0.0998522 -0.942876
46.2466 27.794 6.04033 -0.320648 -0.102979 -0.941584
45.8241 27.0683 6.26674 -0.337649 -0.103706 -0.93552
45.2241 26.6038 6.54212 -0.33999 -0.119742 -0.932775
44.5301 26.2504 6.84044 -0.352131 -0.130919 -0.926581
51.7513 29.0813 4.2502 -0.242484 -0.0998312 -0.96497
52.5264 28.9846 4.06241 -0.233589 -0.0958774 -0.967515
53.2072 28.5371 3.95404 -0.208362 -0.0923337 -0.973684
54.0795 28.2023 3.79913 -0.208361 -0.0923334 -0.973684
55.2061 27.9795 3.62029 -0.163309 -0.102759 -0.981209
56.0418 27.9862 3.47863 -0.156584 -0.0955248 -0.982944
56.8672 28.1111 3.34987 -0.138163 -0.0945797 -0.985883
57.7909 28.4613 3.18683 -0.135334 -0.0955594 -0.986176
58.4244 29.1998 3.0365 -0.104464 -0.112127 -0.988188
58.2575 30.1439 2.96553 -0.119851 -0.0779436 -0.989564
57.6774 30.8758 2.98822 -0.118072 -0.0574554 -0.991332
56.8202 31.247 3.07818 -0.14121 -0.0561608 -0.988385
55.8752 31.3157 3.20929 -0.148835 -0.0677909 -0.986436
55.0861 31.2067 3.35271 -0.171025 -0.0837706 -0.98169
54.1466 30.8517 3.54603 -0.184972 -0.0871289 -0.978739
53.3663 30.276 3.76122 -0.203126 -0.0901738 -0.974991
52.6014 29.7592 3.96837 -0.215536 -0.0915948 -0.972106
52.424 29.5959 4.02576 -0.233802 -0.100287 -0.967051
55.0181 29.3801 3.51313 -0.172556 -0.0792375 -0.981808
55.525 29.9093 3.38133 -0.172808 -0.0797149 -0.981724
56.289 29.7577 3.275 -0.148498 -0.0979842 -0.984046
56.1008 29.3628 3.34115 -0.144687 -0.0911158 -0.985273
55.1957 29.2935 3.49055 -0.16008 -0.094633 -0.982557
55.0735 29.2987 3.50997 -0.166318 -0.0869351 -0.982182
63.7883 29.7239 2.6895 -0.0197374 -0.048583 -0.998624
64.2722 28.6992 2.7611 -0.0126335 -0.0987264 -0.995034
64.8632 27.676 2.84411 -0.0083899 -0.074947 -0.997145
65.6555 27.3969 2.86881 0.020292 -0.0701615 -0.997329
66.5614 27.1023 2.90796 0.0227032 -0.0728439 -0.997078
67.4335 27.0411 2.9329 0.0223314 -0.0767236 -0.996802
68.3509 27.357 2.92914 0.0219783 -0.0705747 -0.997245
69.1407 28.0644 2.91423 0.0389634 -0.0599254 -0.997442
69.5306 28.8868 2.88005 0.0389634 -0.0599253 -0.997442
69.9094 29.555 2.86519 0.0458583 -0.0481908 -0.997785
69.7079 30.5949 2.80566 0.0474296 -0.0458377 -0.997818
69.284 31.3387 2.75249 0.0495292 -0.0446658 -0.997772
68.6032 31.8582 2.69473 0.049016 -0.0458286 -0.997746
67.7325 32.2651 2.63327 0.0455927 -0.0388784 -0.998173
66.888 32.3345 2.59805 0.0309557 -0.0432183 -0.998508
65.9341 32.23 2.57955 0.0232559 -0.0546314 -0.998234
65.1881 32.0006 2.57633 0.0212145 -0.0549409 -0.998264
64.5579 31.5043 2.58915 0.0121961 -0.0540185 -0.998398
63.9452 30.3766 2.65527 0.00391547 -0.0524847 -0.998586
63.7976 29.9034 2.68058 -0.0197375 -0.0485828 -0.998624
65.4229 29.9839 2.68271 0.0282736 -0.066896 -0.997349
65.6701 29.1876 2.74528 0.0254096 -0.0704745 -0.99719
66.5448 28.5983 2.80922 0.024298 -0.0675646 -0.997414
67.8121 28.8133 2.82789 0.0265197 -0.0589043 -0.997911
68.2405 29.7112 2.78428 0.0334719 -0.0552795 -0.997866
68.0069 30.4878 2.73802 0.0390407 -0.0477183 -0.998098
67.2663 30.9715 2.68186 0.0338997 -0.0551802 -0.997864
65.846 30.6147 2.66199 0.0280778 -0.0510491 -0.998301
65.4226 30.013 2.68085 0.0296076 -0.0571832 -0.997904
26.0263 21.9403 17.2559 -0.538084 -0.0809538 -0.838991
25.2328 22.0522 17.7551 -0.538789 -0.0788232 -0.838745
24.3691 22.2657 18.297 -0.545062 -0.076271 -0.834919
23.7233 22.4134 18.705 -0.546644 -0.0751373 -0.833984
23.0489 22.3914 19.1511 -0.548498 -0.0743879 -0.832836
22.3655 22.1738 19.6206 -0.546614 -0.0723993 -0.834244
21.8386 21.7381 20.0011 -0.545354 -0.0700774 -0.835271
21.4314 21.1284 20.3181 -0.543481 -0.0684921 -0.836618
21.2115 20.1642 20.5398 -0.541356 -0.071636 -0.837736
21.1031 19.0423 20.7075 -0.536588 -0.0768143 -0.84034
20.9353 18.217 20.8908 -0.534394 -0.0775187 -0.841673
20.7751 17.419 21.066 -0.534306 -0.0770303 -0.841774
20.5165 16.6758 21.2977 -0.534217 -0.0765435 -0.841875
20.0513 15.986 21.6548 -0.531167 -0.076559 -0.843801
20.2517 15.808 21.5457 -0.527756 -0.0817261 -0.845455
20.8445 16.2393 21.1323 -0.528815 -0.0832047 -0.844649
21.4741 16.4803 20.7143 -0.530867 -0.0834465 -0.843333
22.1879 16.6292 20.2478 -0.53292 -0.0836871 -0.842017
22.9208 16.7626 19.7708 -0.534101 -0.0832341 -0.841312
23.6339 16.949 19.2981 -0.532224 -0.0899183 -0.841781
24.2118 17.7907 18.8465 -0.536814 -0.0862335 -0.839275
24.6475 18.4157 18.5002 -0.538936 -0.0890795 -0.837623
24.951 19.1823 18.2231 -0.535422 -0.0855293 -0.840219
25.1629 20.2384 17.9792 -0.538147 -0.0846949 -0.838585
25.3733 20.9434 17.7729 -0.538147 -0.0846937 -0.838585
25.6477 21.5548 17.5365 -0.537381 -0.0830843 -0.839237
23.9331 20.1673 18.7809 -0.54064 -0.0817136 -0.837276
23.6011 19.3175 19.0782 -0.54064 -0.0817139 -0.837276
23.1078 18.5599 19.4736 -0.536814 -0.0862331 -0.839275
22.3071 18.2398 20.0131 -0.534735 -0.0807112 -0.84115
22.3856 19.4996 19.8479 -0.539871 -0.0780165 -0.83811
22.6681 20.5295 19.5649 -0.543255 -0.0806193 -0.835688
23.2468 21.002 19.1449 -0.546613 -0.072401 -0.834244
23.7829 20.4531 18.85 -0.541429 -0.0828993 -0.836648
19.633 15.2848 21.9825 -0.531279 -0.0773697 -0.843656
19.3102 14.5682 22.2518 -0.527023 -0.0820608 -0.84588
18.9059 13.7481 22.5796 -0.523745 -0.0805892 -0.848055
18.3214 13.0133 23.011 -0.525285 -0.0767364 -0.847455
17.7322 12.5918 23.4127 -0.523197 -0.0778554 -0.848648
17.0889 12.3256 23.8337 -0.523198 -0.077855 -0.848648
16.2805 12.1813 24.339 -0.518881 -0.0747794 -0.85157
15.5414 12.0736 24.7979 -0.518003 -0.0753064 -0.852057
14.6707 11.883 25.3398 -0.515104 -0.0734101 -0.853978
13.9783 11.6587 25.7771 -0.513713 -0.0719429 -0.854935
13.2527 10.8873 26.2717 -0.508048 -0.0726197 -0.858262
12.7548 10.228 26.6223 -0.508047 -0.0726199 -0.858263
12.1508 9.66639 27.0211 -0.503883 -0.06816 -0.861079
11.3787 9.42125 27.4905 -0.501178 -0.0692712 -0.862567
10.6732 9.43097 27.8997 -0.501257 -0.0693695 -0.862514
10.6171 10.3054 27.862 -0.501411 -0.0680487 -0.862528
10.9776 10.9125 27.6052 -0.50172 -0.0669282 -0.862437
11.5369 11.4107 27.2411 -0.501721 -0.0669281 -0.862437
12.0861 11.9337 26.8773 -0.503875 -0.0698226 -0.86095
12.6196 12.5162 26.5158 -0.510126 -0.0703017 -0.85722
13.083 13.1928 26.1825 -0.511428 -0.0712906 -0.856363
13.5508 13.9523 25.8402 -0.51104 -0.0683286 -0.856833
13.9747 14.6532 25.5312 -0.515755 -0.0678741 -0.854043
14.5294 15.4483 25.1329 -0.51575 -0.0678069 -0.854052
15.215 16.0594 24.6657 -0.521733 -0.0679273 -0.8504
15.8022 16.3403 24.283 -0.524331 -0.0690933 -0.8487
16.6535 16.1499 23.7692 -0.526929 -0.0702595 -0.847
17.4712 15.8238 23.2895 -0.527891 -0.0724271 -0.846213
18.2424 15.6071 22.8241 -0.530311 -0.0731993 -0.844637
18.9532 15.6629 22.3759 -0.529343 -0.0767036 -0.84493
19.1963 15.6939 22.2199 -0.53128 -0.0773694 -0.843656
17.3482 14.2583 23.4993 -0.524377 -0.0745557 -0.848214
16.7083 14.6427 23.863 -0.525713 -0.0732572 -0.847502
15.8714 14.7729 24.3674 -0.521214 -0.0713916 -0.850434
15.2135 14.3329 24.8079 -0.519017 -0.069142 -0.851954
15.2438 13.4606 24.8607 -0.517506 -0.0701776 -0.852794
15.966 13.5869 24.4099 -0.519405 -0.0696902 -0.851682
17.0218 13.7881 23.7425 -0.524376 -0.074554 -0.848215
17.377 13.9732 23.5071 -0.523039 -0.0758516 -0.848927
7.09802 8.06324 30.0691 -0.49526 -0.0746825 -0.865527
5.85859 8.7123 30.7055 -0.48245 -0.0835752 -0.871927
5.07723 8.94231 31.116 -0.477573 -0.084652 -0.874485
4.4031 9.05072 31.4686 -0.471144 -0.0876922 -0.877683
3.47716 9.22184 31.9464 -0.47043 -0.0899631 -0.877839
2.59035 9.41125 32.403 -0.471067 -0.0900673 -0.877487
1.83082 9.69791 32.7713 -0.450275 -0.107255 -0.886341
1.14455 10.1355 33.0562 -0.439458 -0.108791 -0.891651
0.463591 10.6038 33.3346 -0.442616 -0.112176 -0.889653
-0.216276 11.315 33.5556 -0.417891 -0.119802 -0.900564
-0.800914 12.0482 33.7294 -0.418942 -0.116002 -0.900564
-1.61052 12.9898 33.9693 -0.400279 -0.12027 -0.908467
-2.56949 13.7486 34.2943 -0.394817 -0.132074 -0.909087
-3.31003 14.3902 34.5076 -0.382011 -0.136338 -0.914046
-4.10699 14.9818 34.7524 -0.371089 -0.139121 -0.918039
-4.81837 15.3062 34.981 -0.361917 -0.137337 -0.922038
-5.56438 15.6076 35.229 -0.350731 -0.139317 -0.925977
-6.27127 15.9777 35.4308 -0.339544 -0.141297 -0.929916
-6.98761 16.4307 35.6253 -0.328867 -0.139569 -0.933919
-7.77948 16.923 35.8187 -0.316832 -0.14115 -0.93792
-8.53802 17.364 36.01 -0.310267 -0.140001 -0.940247
-9.22484 17.7635 36.1703 -0.3024 -0.141631 -0.9426
-9.92121 18.105 36.3424 -0.291857 -0.143872 -0.945517
-10.6139 18.3529 36.5133 -0.284522 -0.140571 -0.948308
-11.3034 18.6653 36.6739 -0.270563 -0.142346 -0.952009
-12.0067 19.0663 36.8093 -0.266276 -0.128431 -0.955302
-12.7565 19.3846 36.9755 -0.255823 -0.128459 -0.95809
-13.6413 19.822 37.1433 -0.245901 -0.127782 -0.960835
-14.4841 20.2458 37.3026 -0.242528 -0.128023 -0.961654
-15.2932 20.6885 37.4438 -0.236968 -0.132483 -0.962442
-16.0589 20.8969 37.6037 -0.23697 -0.132483 -0.962442
-16.8195 20.8785 37.7814 -0.221184 -0.133183 -0.966095
-17.5217 20.5531 37.9867 -0.211846 -0.131957 -0.968348
-17.8043 19.9288 38.1327 -0.208579 -0.132113 -0.969041
-17.1084 19.211 38.0698 -0.222895 -0.116915 -0.967806
-15.98 18.5809 37.881 -0.22989 -0.123774 -0.965295
-14.9981 18.0641 37.7169 -0.22762 -0.131236 -0.964863
-14.0489 17.5895 37.5525 -0.2422 -0.133402 -0.961012
-13.1679 17.2782 37.3728 -0.243901 -0.140063 -0.959633
-12.212 16.9563 37.1709 -0.254635 -0.138833 -0.957019
-11.5284 16.6607 37.0314 -0.264307 -0.136171 -0.954728
-10.7312 16.2574 36.8592 -0.271982 -0.136692 -0.95254
-9.92551 15.7674 36.6945 -0.285592 -0.135958 -0.948658
-9.2741 15.3036 36.5639 -0.299438 -0.140624 -0.943696
-8.47128 14.7193 36.3954 -0.308281 -0.13778 -0.941226
-7.83923 14.2374 36.2526 -0.316328 -0.136581 -0.938766
-7.24939 13.7179 36.1304 -0.327347 -0.1357 -0.93502
-6.65827 13.1484 35.9963 -0.339343 -0.132926 -0.931223
-6.1179 12.5519 35.892 -0.345119 -0.141516 -0.927752
-5.60894 11.9941 35.7793 -0.355946 -0.13809 -0.924248
-5.0651 11.4528 35.6565 -0.35824 -0.146473 -0.922068
-4.43765 10.7218 35.5231 -0.370248 -0.124465 -0.920503
-3.76228 9.96016 35.3474 -0.379934 -0.124949 -0.916526
-3.13115 9.2001 35.185 -0.383672 -0.122411 -0.91532
-2.68666 8.57943 35.0751 -0.411851 -0.121651 -0.903095
-1.9686 7.47541 34.893 -0.414766 -0.122915 -0.901578
-1.39083 6.75761 34.7285 -0.426131 -0.118478 -0.896743
-0.939872 6.01947 34.5982 -0.437483 -0.112443 -0.892165
-0.566497 4.92407 34.5411 -0.450792 -0.0989805 -0.887124
-0.299938 4.04577 34.5061 -0.457393 -0.0980634 -0.883841
-0.0346198 3.30118 34.4514 -0.46456 -0.0974395 -0.880127
0.248476 2.56827 34.3726 -0.473584 -0.0865053 -0.87649
0.583399 1.55302 34.2895 -0.479407 -0.0771778 -0.874162
0.712225 0.604574 34.2997 -0.484795 -0.08461 -0.870526
0.87115 -0.239477 34.2786 -0.490991 -0.0427369 -0.870116
1.12263 -1.20985 34.1893 -0.499159 -0.0375601 -0.865568
1.27187 -1.99877 34.124 -0.505091 -0.0241918 -0.862727
1.3421 -3.30923 34.1083 -0.515841 -0.00233559 -0.856681
1.38048 -4.42706 34.0882 -0.522145 -0.00903893 -0.85275
1.24328 -5.30248 34.1506 -0.51882 0.0218711 -0.854604
1.0805 -6.13706 34.2281 -0.509887 0.0420884 -0.858916
0.719067 -6.99123 34.3762 -0.503548 0.0718911 -0.860911
0.291509 -7.97108 34.5035 -0.479084 0.124167 -0.868942
-0.094364 -8.7386 34.6083 -0.467624 0.138582 -0.87262
-0.678445 -9.56597 34.7675 -0.449589 0.146241 -0.881183
-1.36476 -10.4072 34.978 -0.430604 0.149754 -0.889779
-2.07481 -11.0954 35.177 -0.40407 0.156618 -0.90122
-2.61768 -11.8528 35.2887 -0.399834 0.152082 -0.903857
-3.39104 -12.4567 35.4981 -0.361495 0.161385 -0.918301
-3.95813 -12.934 35.6374 -0.357309 0.162349 -0.919757
-5.1366 -13.7182 35.934 -0.341056 0.177775 -0.92308
-6.14507 -14.4274 36.1413 -0.301375 0.172749 -0.937591
-7.04547 -14.9886 36.3364 -0.300753 0.15771 -0.940571
-8.17393 -15.6171 36.5557 -0.254354 0.154265 -0.954728
-8.96883 -16.0823 36.6839 -0.22815 0.166537 -0.959256
-9.8424 -16.4735 36.8188 -0.22217 0.164837 -0.960973
-10.5907 -16.745 36.9295 -0.196893 0.181944 -0.963363
-11.401 -17.1011 37.0217 -0.186548 0.182835 -0.965277
-12.2868 -17.1888 37.1736 -0.183779 0.184884 -0.965424
-13.1302 -17.2265 37.3087 -0.159612 0.178975 -0.97082
-13.8816 -17.345 37.4076 -0.138421 0.176596 -0.974502
-14.8025 -17.4434 37.5206 -0.137867 0.177137 -0.974482
-15.9017 -17.512 37.6388 -0.103984 0.178148 -0.978488
-16.6574 -17.4373 37.7344 -0.0892895 0.179119 -0.979625
-17.774 -17.3038 37.8413 -0.0759077 0.17326 -0.981933
-18.6518 -17.2203 37.9043 -0.047403 0.160989 -0.985817
-19.3955 -17.1044 37.959 -0.0437816 0.162048 -0.985804
-20.6826 -16.944 38.0349 -0.0373546 0.160336 -0.986355
-21.4845 -16.6651 38.0924 -0.0126212 0.16463 -0.986275
-22.7722 -16.5567 38.0918 0.037178 0.160354 -0.986359
-24.0127 -16.8773 38.0218 0.030415 0.133954 -0.990521
-23.5169 -17.5981 37.9395 0.0221078 0.134465 -0.990637
-22.8043 -17.9577 37.8977 0.0116253 0.140085 -0.990071
-22.0396 -18.2813 37.8491 -0.00394578 0.148913 -0.988842
-21.2933 -18.6468 37.7802 -0.0268889 0.151885 -0.988001
-20.5032 -19.0195 37.6947 -0.0326485 0.157211 -0.987025
-19.6859 -19.2172 37.6323 -0.0500012 0.158281 -0.986088
-18.7796 -19.3233 37.5618 -0.0562283 0.15767 -0.985875
-17.9932 -19.3857 37.4993 -0.0665224 0.169863 -0.98322
-16.5513 -19.4021 37.3686 -0.102885 0.174837 -0.979207
-15.6468 -19.3338 37.2858 -0.10253 0.175137 -0.979191
-14.5087 -19.432 37.1197 -0.133515 0.174123 -0.975631
-13.5797 -19.3047 37.0152 -0.144466 0.169199 -0.974862
-12.2494 -18.8948 36.86 -0.168931 0.170783 -0.970719
-11.3518 -18.6886 36.7258 -0.183417 0.162927 -0.96944
-10.6027 -18.5364 36.6025 -0.199007 0.167937 -0.965493
-9.78488 -18.3503 36.4627 -0.201353 0.169854 -0.964672
-8.85672 -18.1934 36.2829 -0.238108 0.168735 -0.956469
-7.91637 -18.0697 36.0676 -0.248051 0.157653 -0.955833
-7.19188 -17.9241 35.8836 -0.276632 0.170123 -0.945798
-6.15447 -17.5653 35.6141 -0.317028 0.159146 -0.934968
-5.47088 -17.1545 35.4523 -0.321093 0.15526 -0.934217
-4.8608 -16.5751 35.3337 -0.325159 0.151372 -0.933466
-4.28578 -15.9368 35.234 -0.34451 0.152129 -0.926363
-3.88256 -15.2154 35.2054 -0.350732 0.162403 -0.922287
-3.43609 -14.49 35.1634 -0.357963 0.157242 -0.920356
-2.92787 -13.9259 35.0547 -0.364492 0.157409 -0.91779
-2.20407 -13.4979 34.8436 -0.37995 0.154074 -0.911885
-1.45375 -13.0985 34.5798 -0.396113 0.145407 -0.906615
-0.751845 -12.6173 34.3512 -0.403308 0.136218 -0.904766
-0.0625312 -12.07 34.1059 -0.417905 0.120551 -0.900457
0.610853 -11.4493 33.8764 -0.426319 0.117311 -0.896882
1.25073 -10.8019 33.6428 -0.437548 0.104449 -0.893108
1.92217 -10.2583 33.3774 -0.449018 0.10011 -0.887796
2.59186 -9.82691 33.072 -0.466183 0.0735115 -0.881629
3.29732 -9.56246 32.721 -0.468555 0.0725554 -0.880445
4.21991 -9.56434 32.2261 -0.472248 0.0727799 -0.878456
4.87439 -9.65395 31.8669 -0.483586 0.0641849 -0.872806
6.16006 -10.0159 31.1287 -0.477017 0.0517449 -0.87737
7.15346 -10.1452 30.5852 -0.470684 0.0429041 -0.88125
7.89757 -9.81206 30.1985 -0.477661 0.0258685 -0.878163
8.45718 -9.14974 29.9136 -0.478166 0.0273916 -0.877841
8.45501 -8.3436 29.9352 -0.487914 0.0174485 -0.872717
8.22772 -7.63713 30.0764 -0.487741 0.0166071 -0.87283
7.86106 -6.88238 30.2949 -0.492437 0.0180151 -0.870141
7.25555 -6.26099 30.6566 -0.497925 0.0106281 -0.867101
6.67222 -5.90602 30.9925 -0.499012 0.00158539 -0.866593
5.89207 -5.37439 31.4492 -0.508171 0.000945633 -0.861256
5.37157 -4.8436 31.7569 -0.508171 0.000946329 -0.861256
4.90021 -3.89411 32.0386 -0.509298 0.00308245 -0.860585
4.75828 -2.99086 32.1231 -0.513047 -0.0162399 -0.858187
4.74553 -2.23404 32.112 -0.510478 -0.0212177 -0.859629
4.83632 -1.37643 32.0369 -0.512049 -0.0249167 -0.858585
4.98154 -0.612179 31.9193 -0.507998 -0.0393351 -0.86046
5.18247 0.106345 31.7678 -0.509682 -0.0441785 -0.859212
5.31351 0.907024 31.644 -0.511365 -0.0490215 -0.857964
5.59926 2.29269 31.3822 -0.502727 -0.0597618 -0.862363
5.76426 3.22965 31.2238 -0.498988 -0.0607714 -0.864472
5.73977 4.07723 31.1742 -0.487694 -0.074233 -0.869853
5.79591 4.88589 31.0737 -0.487565 -0.0723905 -0.870079
5.97124 5.64504 30.914 -0.487434 -0.0705474 -0.870305
6.26405 6.44793 30.6795 -0.49314 -0.072648 -0.866911
6.62136 7.22673 30.4119 -0.493144 -0.0716824 -0.86699
6.71039 7.47383 30.3408 -0.494254 -0.0724642 -0.866291
5.01167 7.20843 31.3142 -0.482004 -0.0774395 -0.87274
4.43695 7.57293 31.5953 -0.472942 -0.0870118 -0.876787
3.08264 7.86217 32.3017 -0.474811 -0.09137 -0.875321
2.10319 8.10863 32.8027 -0.472122 -0.0944909 -0.876454
1.34078 8.39779 33.1708 -0.453887 -0.0959926 -0.885827
0.713126 8.78777 33.4422 -0.447271 -0.101536 -0.888616
0.0432654 9.28007 33.7181 -0.43793 -0.119009 -0.891049
-0.650024 9.82122 33.9773 -0.424503 -0.118012 -0.897669
-1.37815 10.6426 34.201 -0.414282 -0.13198 -0.900529
-2.0063 10.886 34.4543 -0.410225 -0.135941 -0.901777
-2.49994 11.4847 34.5836 -0.406164 -0.139902 -0.903027
-3.12123 12.1694 34.7633 -0.394819 -0.132076 -0.909086
-3.70893 12.9525 34.8903 -0.38155 -0.138161 -0.913964
-4.56294 12.7881 35.2592 -0.367542 -0.129271 -0.920979
-3.95716 12.287 35.0878 -0.367544 -0.12927 -0.920978
-3.52148 11.5719 35.0206 -0.378001 -0.143125 -0.914552
-2.9072 10.8309 34.8618 -0.392959 -0.128228 -0.910572
-2.08209 9.97314 34.6155 -0.411889 -0.118167 -0.90354
-1.53128 9.18194 34.4677 -0.415704 -0.11601 -0.902061
-1.11868 8.54138 34.36 -0.418668 -0.120569 -0.9001
-0.207767 7.44341 34.0563 -0.444801 -0.106795 -0.889215
0.148367 6.72826 33.9693 -0.444714 -0.113391 -0.888466
0.44329 5.88995 33.9063 -0.463482 -0.098892 -0.880565
0.674002 5.14738 33.8699 -0.470381 -0.0929155 -0.877558
0.94438 4.3334 33.8112 -0.47038 -0.0929171 -0.877559
1.39968 3.18536 33.6868 -0.480576 -0.0849623 -0.872799
1.62954 2.42324 33.6301 -0.48632 -0.0818699 -0.869937
1.85478 1.42266 33.5922 -0.486979 -0.0745678 -0.870225
1.96923 0.625747 33.5927 -0.496208 -0.0456687 -0.866953
2.3651 -0.571687 33.4371 -0.500585 -0.0532113 -0.86405
2.65384 -1.37707 33.3042 -0.505181 -0.0371358 -0.862214
2.7217 -2.20764 33.2924 -0.500165 -0.018183 -0.865715
2.70609 -3.08152 33.3136 -0.502125 -0.0120697 -0.864711
2.66609 -3.96238 33.3455 -0.500368 0.00168791 -0.865777
2.57868 -4.73378 33.3883 -0.502588 0.00893248 -0.86448
2.32724 -5.86607 33.5036 -0.493663 0.02858 -0.869184
2.1006 -7.00652 33.5792 -0.48814 0.06273 -0.87038
1.88909 -7.83193 33.6268 -0.477625 0.071892 -0.875617
1.69844 -8.75378 33.6471 -0.476413 0.0839083 -0.875209
2.70522 -8.2559 33.1468 -0.477022 0.0779 -0.875411
3.55983 -8.15372 32.6893 -0.475576 0.0573786 -0.877801
4.2407 -8.2114 32.3167 -0.484843 0.0537173 -0.872879
4.99165 -8.26583 31.8864 -0.493266 0.0495876 -0.868464
5.76031 -8.45599 31.438 -0.485971 0.0536652 -0.872263
6.63212 -8.19021 30.958 -0.492595 0.0320821 -0.869667
6.15767 -7.23296 31.2548 -0.491355 0.0256788 -0.870581
5.54174 -6.91093 31.6204 -0.499828 0.0287806 -0.865647
4.77272 -6.14003 32.0859 -0.498301 0.0248979 -0.866647
4.26195 -5.56284 32.3936 -0.498089 0.0302875 -0.86657
3.76862 -4.69041 32.6989 -0.501043 0.0086938 -0.865379
3.48131 -3.60751 32.8722 -0.502594 -0.00472828 -0.864472
3.48729 -2.73963 32.8564 -0.499994 -0.0122599 -0.865942
3.54735 -1.82657 32.8039 -0.501657 -0.0294457 -0.86452
3.63379 -0.959606 32.7165 -0.498445 -0.037544 -0.866108
3.80618 -0.0253226 32.5755 -0.499713 -0.0378928 -0.865361
3.97993 0.69441 32.4443 -0.507004 -0.0572378 -0.860041
4.17441 1.9055 32.2491 -0.497974 -0.0675812 -0.864434
4.3276 2.73437 32.0886 -0.491505 -0.0773129 -0.867436
4.41206 3.47531 31.9747 -0.49144 -0.0766223 -0.867534
4.46711 4.271 31.8739 -0.491375 -0.0759296 -0.867632
4.56537 5.05919 31.7485 -0.484828 -0.0794805 -0.870986
4.72463 5.82204 31.5941 -0.481867 -0.0756625 -0.872972
4.93953 6.57849 31.41 -0.481935 -0.0765505 -0.872856
5.03293 6.82997 31.3361 -0.482004 -0.0774382 -0.87274
3.48724 6.02284 32.2631 -0.480773 -0.0808174 -0.873094
2.90201 6.51495 32.5344 -0.476971 -0.0848155 -0.874817
1.95544 6.58379 33.0393 -0.466438 -0.0890795 -0.880016
1.75506 5.60793 33.2395 -0.472674 -0.0883618 -0.87678
2.10409 4.62143 33.1562 -0.473388 -0.0935818 -0.875869
2.5038 3.73007 33.0211 -0.484143 -0.0809725 -0.871234
3.05444 2.98533 32.7837 -0.484113 -0.0801997 -0.871322
2.77527 3.70207 32.8729 -0.484146 -0.0809742 -0.871232
2.91687 4.51464 32.7179 -0.484177 -0.0817455 -0.871143
3.43962 5.25308 32.3574 -0.484828 -0.0794804 -0.870986
-4.83121 13.0086 35.331 -0.353741 -0.13598 -0.925406
-5.46369 13.6898 35.4731 -0.354037 -0.134847 -0.925459
-5.181 13.3277 35.4178 -0.353742 -0.135981 -0.925406
12.8028 -11.2822 27.5936 -0.457989 -0.000262887 -0.888951
12.2553 -12.1024 27.8673 -0.45241 0.00958322 -0.891749
11.9513 -13.0001 28.0146 -0.447435 0.011758 -0.894215
12.1415 -14.0375 27.8999 -0.444468 0.0174578 -0.895624
12.6128 -15.0611 27.6534 -0.441805 0.0116757 -0.897035
13.5436 -15.3912 27.1931 -0.438995 0.0105039 -0.898428
14.7157 -15.3297 26.6213 -0.435176 0.00853804 -0.900295
15.5523 -14.6929 26.213 -0.439871 -0.00488121 -0.898048
16.218 -14.1697 25.884 -0.442357 -0.0064291 -0.89681
17.053 -14.0212 25.468 -0.444843 -0.00797062 -0.895573
17.6939 -14.3102 25.1587 -0.43518 -0.012033 -0.900263
18.3715 -14.7851 24.8357 -0.442163 -0.0184087 -0.896746
18.9648 -15.3153 24.5544 -0.437764 -0.00988956 -0.899035
19.4907 -16.1972 24.3083 -0.437557 -0.0105299 -0.899129
19.6899 -17.1017 24.2244 -0.432428 -0.0122815 -0.901585
19.7307 -17.9497 24.2168 -0.432243 -0.0133552 -0.901658
19.5762 -18.9154 24.299 -0.426588 -0.00659561 -0.904418
19.5859 -19.686 24.2976 -0.421759 -0.000799584 -0.906706
19.9173 -20.9002 24.1464 -0.420672 0.000896721 -0.907208
20.3095 -21.6508 23.9617 -0.420481 0.00357453 -0.907294
20.7949 -22.1727 23.7347 -0.419359 0.00366489 -0.907812
21.4663 -22.7322 23.4224 -0.421594 0.00104091 -0.906784
22.181 -23.2685 23.0894 -0.419971 0.000165446 -0.907535
22.6839 -23.905 22.8583 -0.418323 0.000898194 -0.908296
23.3061 -24.7648 22.5694 -0.418297 0.00250446 -0.908307
23.699 -25.4325 22.3897 -0.415288 0.000443346 -0.90969
24.1259 -26.2157 22.1934 -0.414434 0.0023623 -0.910076
24.6923 -26.8319 21.9345 -0.41363 0.00214483 -0.910443
25.3843 -27.1289 21.6193 -0.411977 0.0024765 -0.911189
26.1469 -27.0726 21.2758 -0.412039 -0.00057141 -0.911166
26.8217 -26.7457 20.9704 -0.41204 -0.000570668 -0.911166
27.1863 -25.8707 20.8065 -0.410295 -0.00299575 -0.911943
26.7637 -24.7105 20.9923 -0.413367 -0.00364525 -0.910557
26.2327 -23.5886 21.2264 -0.416289 -0.00872655 -0.90919
25.8529 -22.91 21.3938 -0.416457 -0.0111414 -0.909084
25.5484 -21.904 21.5207 -0.419306 -0.0111841 -0.907776
25.4752 -20.9065 21.5422 -0.419931 -0.0154719 -0.907414
25.4861 -20.0347 21.5181 -0.420553 -0.01976 -0.907053
25.6664 -19.1364 21.4173 -0.426552 -0.0194987 -0.904245
24.9762 -18.2375 21.7199 -0.426783 -0.0233251 -0.904053
24.3874 -17.5151 21.9824 -0.430035 -0.0210472 -0.902567
23.762 -16.7711 22.2591 -0.431924 -0.0275955 -0.901486
23.2592 -16.1532 22.4833 -0.43629 -0.0263442 -0.89942
22.8792 -15.5209 22.6491 -0.436224 -0.0265718 -0.899446
22.8001 -14.77 22.665 -0.436159 -0.0268 -0.89947
22.7036 -13.9112 22.6828 -0.440113 -0.0371405 -0.897174
22.5584 -12.8355 22.714 -0.445121 -0.0335096 -0.894843
22.2606 -12.0127 22.8259 -0.44852 -0.039726 -0.892886
21.8181 -11.1786 23.0137 -0.449993 -0.037935 -0.892226
21.2976 -10.6191 23.2515 -0.454914 -0.0452177 -0.889386
20.6644 -10.2455 23.5573 -0.455918 -0.045407 -0.888863
19.8472 -10.0304 23.9632 -0.452882 -0.0350293 -0.890879
18.7232 -10.3016 24.5523 -0.458974 -0.0303158 -0.887933
18.0233 -10.9574 24.9291 -0.451966 -0.0213404 -0.89178
17.037 -11.5313 25.4392 -0.44943 -0.0195696 -0.893101
16.2446 -11.6397 25.8413 -0.454783 -0.0171357 -0.890434
15.4755 -11.3139 26.2302 -0.457051 -0.017622 -0.889266
14.492 -10.9116 26.7277 -0.459244 -0.0148735 -0.888178
13.5842 -10.9705 27.1944 -0.454837 -0.000316821 -0.890574
13.1289 -11.1163 27.4269 -0.454837 -0.000315469 -0.890575
13.776 -12.4142 27.1003 -0.449911 0.000880025 -0.893056
13.4033 -13.0564 27.2828 -0.447579 0.00571773 -0.894226
13.9012 -13.8211 27.0315 -0.445755 0.000507687 -0.895155
14.7419 -13.6852 26.613 -0.445055 0.00054234 -0.895502
15.2632 -12.5997 26.3469 -0.450833 -0.00676559 -0.892577
14.5991 -12.3507 26.6827 -0.45231 -0.00397349 -0.891852
14.155 -12.3075 26.9077 -0.452245 -0.00395827 -0.891885
17.9947 -12.7279 24.9803 -0.442791 -0.01831 -0.896438
18.9698 -13.6449 24.5174 -0.442786 -0.0181171 -0.896444
19.6677 -14.2498 24.1857 -0.442811 -0.0193902 -0.896405
20.2316 -14.8056 23.9192 -0.442811 -0.0193899 -0.896405
20.989 -15.422 23.5661 -0.437675 -0.0234015 -0.898828
21.4527 -14.9401 23.3273 -0.440095 -0.0248595 -0.897607
21.3556 -13.9995 23.3488 -0.440291 -0.0280492 -0.897411
21.2688 -13.1928 23.3638 -0.446401 -0.0262374 -0.894448
20.8981 -12.1985 23.5197 -0.446401 -0.0262364 -0.894448
20.2803 -11.6529 23.8077 -0.450023 -0.0362455 -0.892279
19.1013 -11.8818 24.4096 -0.44832 -0.0244538 -0.893534
18.4907 -12.4558 24.7298 -0.445542 -0.0199858 -0.895031
20.9818 -16.2001 23.5864 -0.437024 -0.0153255 -0.899319
21.0652 -17.4826 23.57 -0.432966 -0.0152352 -0.901275
20.9688 -18.4483 23.629 -0.433068 -0.0121927 -0.901278
20.9211 -19.683 23.6657 -0.429848 -0.00968753 -0.902849
21.1714 -20.4456 23.5558 -0.427736 -0.00565482 -0.903874
21.9439 -21.3341 23.196 -0.422086 -0.00564973 -0.906538
22.8006 -21.8991 22.8 -0.422428 -0.00757943 -0.906363
23.8341 -23.0151 22.3254 -0.421242 -0.0029896 -0.906943
24.5301 -23.4673 22.0053 -0.418947 -0.00420284 -0.908
24.5363 -24.3706 22.0075 -0.4172 -0.00240667 -0.908807
25.1987 -25.0062 21.7043 -0.415652 -0.000119333 -0.909523
25.4866 -24.8127 21.5728 -0.413225 -0.00458717 -0.910617
24.6329 -24.3644 21.9629 -0.418504 -0.00507831 -0.908201
24.7482 -23.467 21.9047 -0.418503 -0.00507922 -0.908201
24.0449 -22.9319 22.2274 -0.419392 -0.00332542 -0.907799
24.3968 -22.2787 22.0625 -0.42142 -0.00785624 -0.906817
24.281 -21.423 22.1056 -0.425277 -0.0107537 -0.904999
24.2858 -20.5612 22.0922 -0.42575 -0.0153921 -0.90471
24.0647 -19.3886 22.1763 -0.426371 -0.0149904 -0.904424
23.5873 -18.7105 22.3893 -0.426998 -0.0193382 -0.904046
23.0694 -18.0887 22.6206 -0.426998 -0.0193387 -0.904046
22.5219 -17.4828 22.8709 -0.431373 -0.0177023 -0.902
21.8698 -16.8058 23.1689 -0.431198 -0.0183038 -0.902072
21.3456 -16.4804 23.4144 -0.435303 -0.0169278 -0.900122
22.1686 -19.521 23.0725 -0.428426 -0.0104147 -0.903517
22.4004 -19.9993 22.9694 -0.424197 -0.0130301 -0.905476
22.1785 -19.767 23.0707 -0.428426 -0.0104164 -0.903517
26.7852 -19.2069 20.8971 -0.421265 -0.0241186 -0.906608
27.3951 -19.7128 20.6251 -0.418089 -0.021705 -0.908139
27.941 -20.3028 20.3911 -0.415055 -0.0233686 -0.909496
28.9223 -20.8239 19.9573 -0.414222 -0.0229327 -0.909887
29.6757 -20.8067 19.615 -0.40983 -0.0227728 -0.911878
30.3989 -20.5836 19.2844 -0.410431 -0.0254796 -0.911531
30.8771 -19.8653 19.047 -0.410422 -0.0278513 -0.91147
30.9386 -18.7268 18.9786 -0.411455 -0.0360135 -0.910718
30.5989 -17.9989 19.1033 -0.413532 -0.0346779 -0.909825
29.906 -17.441 19.3974 -0.414861 -0.0411186 -0.908955
29.0296 -17.2236 19.7875 -0.418478 -0.0394959 -0.907358
28.186 -17.665 20.1994 -0.421455 -0.0329248 -0.906236
27.5133 -18.4615 20.5357 -0.420486 -0.027815 -0.906873
27.1718 -18.888 20.7075 -0.421414 -0.0281999 -0.90643
28.8175 -18.634 19.9396 -0.41682 -0.0315925 -0.90844
29.3941 -19.1483 19.6952 -0.413873 -0.0316203 -0.909785
28.8213 -18.6443 19.9382 -0.415346 -0.0316059 -0.909113
31.7369 -27.6187 18.7952 -0.396689 5.59926e-05 -0.917946
32.7865 -27.6484 18.3435 -0.39567 -0.00646141 -0.91837
33.7448 -27.8253 17.9353 -0.389019 -0.00534323 -0.921214
34.533 -28.1535 17.6048 -0.388672 -0.00572358 -0.921358
35.3651 -28.4394 17.2581 -0.381338 -0.00531481 -0.924419
35.9681 -28.8841 17.0134 -0.380223 -0.00655041 -0.924872
36.7049 -29.1904 16.7123 -0.378219 -0.000764783 -0.925715
37.4088 -28.9047 16.4269 -0.373973 -0.00502718 -0.927426
38.0665 -28.6003 16.1601 -0.370393 -0.00397394 -0.928858
38.5628 -27.7571 15.9592 -0.368499 -0.00940428 -0.929581
38.7813 -26.9287 15.8641 -0.368133 -0.00981597 -0.929721
39.2374 -26.0839 15.672 -0.362067 -0.0156368 -0.932021
39.8303 -25.4981 15.4319 -0.362067 -0.0156328 -0.932021
40.5213 -25.1794 15.1598 -0.35402 -0.0198143 -0.935028
41.3533 -25.1611 14.8443 -0.354173 -0.0196568 -0.934973
42.2426 -25.0891 14.5143 -0.345224 -0.0172685 -0.938362
43.0516 -25.4204 14.2253 -0.334092 -0.01948 -0.942301
43.7282 -26.0683 14.0041 -0.326175 -0.0180193 -0.945138
44.5035 -26.7782 13.7525 -0.324584 -0.0202036 -0.945641
45.0849 -27.3741 13.5691 -0.311483 -0.0185063 -0.950071
45.3645 -28.1159 13.489 -0.306703 -0.00968859 -0.951756
45.4654 -28.9408 13.4649 -0.306705 -0.00968519 -0.951755
45.5525 -29.7974 13.4434 -0.307616 -0.00702579 -0.951485
45.3185 -30.5688 13.5247 -0.3079 -0.00638378 -0.951397
44.8289 -31.4182 13.6914 -0.314941 -0.0104956 -0.949042
44.3659 -32.1165 13.855 -0.317986 -0.00860787 -0.948054
44.6759 -33.074 13.7546 -0.313266 -0.00148263 -0.94965
45.578 -33.5858 13.4636 -0.308425 -0.00268709 -0.951245
46.3742 -34.1276 13.2045 -0.304417 0.00142919 -0.952515
47.1492 -34.4847 12.9675 -0.285614 0.00351022 -0.958338
48.0522 -34.796 12.6972 -0.285408 0.0033416 -0.9584
49.0086 -35.2028 12.4156 -0.278217 0.0076427 -0.960488
50.0132 -35.3012 12.1349 -0.266097 0.000998597 -0.963946
50.6465 -34.7165 11.9697 -0.256016 0.00610576 -0.966653
50.9039 -33.8916 11.8977 -0.25847 -0.00531617 -0.966005
51.1361 -33.1809 11.8331 -0.247367 -0.0107565 -0.968817
51.4573 -32.388 11.7363 -0.255222 -0.0136553 -0.966786
51.7795 -31.6163 11.6379 -0.257288 -0.0189909 -0.966148
52.0295 -30.9002 11.5573 -0.248807 -0.0192976 -0.968321
52.6865 -30.2929 11.385 -0.237278 -0.0186748 -0.971262
53.4518 -29.9505 11.1916 -0.233331 -0.0203889 -0.972174
54.4061 -29.9149 10.9655 -0.229692 -0.0223994 -0.973006
55.4319 -30.1688 10.7375 -0.207029 -0.0271316 -0.977947
56.1171 -30.6426 10.6095 -0.204008 -0.0306626 -0.978489
56.704 -31.2995 10.5027 -0.198307 -0.0235586 -0.979842
57.1909 -32.1977 10.431 -0.188016 -0.0263917 -0.98179
57.5201 -33.1056 10.3878 -0.187969 -0.0194893 -0.981982
57.9361 -33.7504 10.321 -0.188056 -0.0159493 -0.982022
58.5804 -34.3726 10.2226 -0.167869 -0.0209319 -0.985587
59.1214 -35.0355 10.1446 -0.167862 -0.0209353 -0.985588
60.1851 -34.6967 9.97001 -0.152772 -0.0283729 -0.987854
60.9325 -33.9256 9.83316 -0.151899 -0.0278208 -0.988004
61.506 -33.2891 9.72671 -0.150213 -0.0281872 -0.98825
62.2676 -32.9209 9.60589 -0.134411 -0.0355031 -0.990289
63.0146 -32.7233 9.49742 -0.134411 -0.0355032 -0.990289
63.753 -32.4036 9.39711 -0.120491 -0.0305784 -0.992243
64.5071 -32.2529 9.30029 -0.118878 -0.0400266 -0.992088
65.2471 -32.4593 9.22833 -0.108487 -0.0445887 -0.993097
66.0622 -32.7513 9.1524 -0.108487 -0.0445897 -0.993097
66.7245 -33.2679 9.1121 -0.0898724 -0.039744 -0.99516
67.4684 -34.1606 9.08028 -0.0902892 -0.0393591 -0.995138
67.8721 -34.8766 9.07202 -0.0907283 -0.0370496 -0.995183
67.7603 -35.7812 9.11634 -0.079721 -0.0404376 -0.995997
67.3553 -36.7828 9.18942 -0.0797213 -0.0404372 -0.995997
66.7429 -37.5748 9.26569 -0.0857929 -0.0296991 -0.99584
65.888 -38.0642 9.36025 -0.0935279 -0.0289084 -0.995197
65.0112 -38.4058 9.45265 -0.10001 -0.0295338 -0.994529
64.252 -38.5183 9.53531 -0.10358 -0.0186733 -0.994446
63.4855 -38.5251 9.61527 -0.103581 -0.0186729 -0.994446
62.5283 -38.5253 9.73033 -0.122749 -0.0253747 -0.992113
61.6501 -38.2536 9.83204 -0.12275 -0.0253749 -0.992113
60.9058 -37.8732 9.93182 -0.148967 -0.025739 -0.988507
60.2701 -37.3853 10.0149 -0.148972 -0.0257388 -0.988506
59.5711 -36.4759 10.1059 -0.158224 -0.0210563 -0.987179
58.8613 -36.0377 10.2103 -0.158219 -0.0210563 -0.987179
58.1732 -36.246 10.3302 -0.166012 -0.0204424 -0.985912
57.1756 -36.8796 10.5113 -0.166011 -0.0204427 -0.985912
56.2056 -37.6599 10.6982 -0.182477 -0.00894699 -0.983169
55.5909 -38.1523 10.8286 -0.200212 -0.0135412 -0.979659
54.7499 -38.5648 11.0091 -0.210317 -0.0163891 -0.977496
53.8298 -39.2011 11.2178 -0.210313 -0.0163665 -0.977497
53.0077 -39.4852 11.4026 -0.222488 0.000287574 -0.974935
52.2683 -39.6092 11.5713 -0.222481 0.000291305 -0.974937
51.4694 -39.9057 11.7631 -0.232444 -0.00419822 -0.972601
50.7505 -40.1106 11.9386 -0.247873 -0.00172783 -0.968743
49.6478 -40.4308 12.2347 -0.258221 -0.00587359 -0.966068
48.7563 -40.5011 12.4799 -0.27619 0.0047064 -0.961076
48.0422 -40.675 12.6805 -0.27237 0.00844821 -0.962155
47.1196 -40.6568 12.9418 -0.280167 0.0108915 -0.959852
46.3422 -40.5322 13.1766 -0.284942 0.0161627 -0.958408
45.5992 -40.2121 13.4029 -0.293062 0.0165759 -0.955912
44.8582 -40.0132 13.6405 -0.300797 0.016471 -0.953546
44.0839 -39.6292 13.8914 -0.300821 0.016472 -0.953538
43.41 -39.178 14.1281 -0.321671 0.0168841 -0.946701
42.982 -38.4823 14.2782 -0.324911 0.00933181 -0.945677
42.8053 -37.6965 14.3495 -0.33039 0.00924735 -0.943797
42.7065 -36.9109 14.3901 -0.326205 0.0105392 -0.945226
42.8455 -36.0096 14.3554 -0.321962 0.0115789 -0.946682
43.3565 -35.3407 14.1898 -0.32214 0.0114075 -0.946623
43.6506 -34.6212 14.0984 -0.322139 0.0114074 -0.946624
43.7794 -33.6039 14.0556 -0.318782 -0.000984241 -0.947827
43.6362 -32.7794 14.1034 -0.317373 -0.00355678 -0.948288
42.6882 -32.1798 14.4283 -0.334937 -0.00238077 -0.942228
41.8525 -31.9074 14.7275 -0.342719 -0.00223213 -0.939421
41.1221 -31.6584 14.9978 -0.347107 0.000201201 -0.937825
40.3944 -31.4114 15.2669 -0.349052 -0.00514375 -0.937084
39.5775 -31.3354 15.5802 -0.358025 0.000767923 -0.933712
38.821 -31.4491 15.8702 -0.360977 -0.000158005 -0.932569
38.1157 -31.7052 16.1466 -0.368158 0.00371055 -0.929756
37.4502 -32.0675 16.4087 -0.371419 0.002923 -0.928454
36.8719 -32.9196 16.6363 -0.372919 0.00729488 -0.927835
36.4006 -33.7642 16.8191 -0.372171 0.0101858 -0.928103
35.7498 -34.4802 17.0727 -0.377468 0.0109883 -0.925957
34.971 -34.9599 17.3844 -0.378363 0.0117447 -0.925582
34.164 -35.1366 17.7151 -0.382972 0.0123848 -0.923676
33.4283 -35.0594 18.0209 -0.382515 0.0133744 -0.923852
32.5475 -34.9373 18.3958 -0.391146 0.0160107 -0.920189
31.8055 -34.787 18.7139 -0.394642 0.0162619 -0.918686
31.248 -34.3164 18.962 -0.396214 0.0138142 -0.918054
30.6217 -33.6648 19.2421 -0.396213 0.0138133 -0.918055
30.1805 -33.0784 19.442 -0.399608 0.0114219 -0.916615
29.7756 -32.4718 19.6261 -0.399614 0.011423 -0.916612
29.3905 -31.3446 19.8073 -0.402995 0.00866953 -0.915161
29.3285 -30.519 19.8433 -0.401554 0.00648563 -0.915806
29.3847 -29.6483 19.822 -0.403662 0.00465851 -0.914896
29.8055 -28.8426 19.6405 -0.403664 0.00465722 -0.914895
30.715 -28.1015 19.2411 -0.399501 -0.00114511 -0.916732
31.6265 -27.6666 18.8434 -0.399708 -0.000843544 -0.916642
31.9765 -29.1529 18.6915 -0.396689 5.66929e-05 -0.917946
32.7583 -29.0659 18.3573 -0.392087 -0.000816188 -0.919928
33.5561 -29.2333 18.0174 -0.392086 -0.000815985 -0.919928
34.3685 -29.5382 17.6757 -0.385805 -0.000756232 -0.922578
35.0503 -29.9224 17.3925 -0.384568 -0.00205543 -0.923095
35.7427 -30.2909 17.1064 -0.378218 -0.000763378 -0.925716
36.4947 -30.5054 16.8 -0.377654 -0.00134155 -0.925946
36.3665 -31.2814 16.8494 -0.376682 0.00433829 -0.926332
35.9631 -31.9182 17.0111 -0.379505 0.00573033 -0.925168
35.3365 -32.862 17.2598 -0.379806 0.00828763 -0.925029
34.7797 -33.3852 17.4828 -0.378917 0.00928757 -0.925384
33.7841 -33.6343 17.8928 -0.385483 0.0116964 -0.922639
32.8599 -33.5636 18.2813 -0.39168 0.0120078 -0.920023
31.9788 -33.1181 18.663 -0.39236 0.0111499 -0.919743
31.1957 -32.1928 19.0117 -0.395616 0.0100467 -0.91836
30.8698 -31.5171 19.159 -0.399157 0.00804143 -0.916847
30.821 -30.4673 19.1881 -0.39981 0.00401673 -0.916586
31.2684 -29.5317 18.9992 -0.397564 0.00486519 -0.917561
31.4665 -29.3734 18.9142 -0.398739 0.00216199 -0.917057
32.5322 -30.6748 18.4491 -0.390751 0.00541266 -0.92048
32.377 -31.4268 18.5106 -0.393812 0.00474835 -0.919173
33.0178 -32.18 18.232 -0.387447 0.0120521 -0.921813
34.1022 -32.0162 17.7784 -0.388473 0.00796394 -0.921416
34.4674 -31.1881 17.6297 -0.383168 0.00626847 -0.923658
33.3772 -30.5731 18.091 -0.390126 0.00464284 -0.920749
33.0568 -30.4918 18.2275 -0.390751 0.00541097 -0.920481
39.0295 -29.7974 15.786 -0.364327 -0.00152131 -0.93127
39.369 -29.1058 15.6495 -0.365042 -0.00482903 -0.930978
39.8731 -27.9272 15.4471 -0.359808 -0.00802162 -0.932991
40.229 -27.1439 15.3034 -0.361572 -0.0111175 -0.932269
41.0997 -26.6996 14.9663 -0.350462 -0.0141233 -0.936467
41.8114 -26.6688 14.7007 -0.344267 -0.0150767 -0.938737
42.5822 -26.9345 14.4264 -0.339627 -0.0142279 -0.940453
43.3436 -27.6013 14.1624 -0.338929 -0.0151509 -0.94069
43.8884 -28.1977 13.9854 -0.322659 -0.0114543 -0.946444
44.063 -28.9594 13.9334 -0.323775 -0.00966858 -0.946085
43.9685 -29.8754 13.9751 -0.324725 -0.008015 -0.945772
43.5885 -30.6988 14.1092 -0.327803 -0.00260193 -0.944732
42.8501 -30.7892 14.3694 -0.331972 -0.00309145 -0.943284
42.1641 -30.563 14.6105 -0.337501 -0.00244657 -0.941306
41.1363 -30.2653 14.9846 -0.344563 -0.00456954 -0.938747
40.4464 -30.0703 15.2423 -0.352394 -0.00807953 -0.935817
39.5532 -29.8816 15.5813 -0.364685 -0.00317513 -0.931124
39.0705 -29.7874 15.7699 -0.364328 -0.00152158 -0.93127
41.1821 -28.55 14.9557 -0.343857 -0.00789426 -0.938985
42.1376 -29.0906 14.6134 -0.339367 -0.0096311 -0.9406
42.3371 -28.4518 14.5358 -0.336517 -0.00929692 -0.941632
41.5894 -28.1841 14.8034 -0.343856 -0.00789357 -0.938985
41.2637 -28.2683 14.9239 -0.345497 -0.00582596 -0.938402
45.037 -35.1199 13.6358 -0.309017 0.00520881 -0.951042
44.6517 -35.88 13.7558 -0.308065 0.00598904 -0.951346
44.2747 -36.7339 13.8663 -0.311078 0.0119316 -0.950305
44.2719 -37.5445 13.8585 -0.313363 0.0109533 -0.94957
44.9708 -38.3989 13.6242 -0.304009 0.00647723 -0.952647
45.8959 -38.8715 13.3306 -0.291403 0.00835088 -0.956551
46.6958 -39.0858 13.0896 -0.287016 0.00624363 -0.957905
47.4758 -39.1823 12.8552 -0.287491 0.00978889 -0.957727
48.3145 -39.1576 12.6101 -0.280011 0.000963421 -0.959996
49.0818 -39.0697 12.3863 -0.271967 0.000305422 -0.96227
49.7867 -38.8897 12.194 -0.263173 0.000332862 -0.964748
50.6473 -38.4838 11.9632 -0.247358 0.000766343 -0.968875
51.4634 -38.23 11.761 -0.239259 -0.00420228 -0.970947
52.3978 -38.0132 11.5359 -0.233151 -0.00105749 -0.97244
53.1573 -37.811 11.3583 -0.222161 -0.00716631 -0.974983
53.8637 -37.4325 11.1955 -0.22127 -0.0075267 -0.975184
54.551 -37.0461 11.0365 -0.221269 -0.00752543 -0.975184
55.3672 -36.553 10.8534 -0.205884 -0.00218158 -0.978535
56.0332 -35.9935 10.7182 -0.186412 -0.0106096 -0.982398
56.8307 -35.3539 10.5542 -0.190064 -0.0145658 -0.981663
56.8462 -34.4807 10.539 -0.188145 -0.0124104 -0.982063
56.4098 -33.7848 10.6138 -0.188057 -0.0159499 -0.982022
56.0147 -32.9842 10.6782 -0.205662 -0.0185196 -0.978448
55.5819 -32.2806 10.7559 -0.205009 -0.0200082 -0.978554
54.8671 -31.6057 10.8903 -0.204356 -0.0214972 -0.978661
54.1108 -31.4853 11.0648 -0.227809 -0.0175817 -0.973547
53.24 -31.9924 11.2782 -0.235235 -0.0169352 -0.971765
52.8781 -32.652 11.3787 -0.241858 -0.0151751 -0.970193
52.5486 -33.4383 11.4753 -0.247366 -0.0107566 -0.968817
52.2943 -34.1931 11.542 -0.240995 -0.00705059 -0.970501
52.0262 -35.0255 11.6146 -0.239745 -0.00406695 -0.970822
51.2462 -36.1376 11.8119 -0.24551 -0.00121536 -0.969392
50.1981 -36.7276 12.0841 -0.255828 -0.0053849 -0.966707
49.3626 -36.8047 12.3133 -0.269544 -0.0014592 -0.962978
48.5901 -36.5393 12.5315 -0.279088 -0.000268408 -0.960239
47.9253 -36.209 12.7304 -0.285214 0.00293585 -0.958459
47.2351 -35.9347 12.9371 -0.294036 0.00295996 -0.955774
46.4828 -35.6851 13.173 -0.298864 -0.00156926 -0.954294
45.7561 -35.3882 13.4002 -0.304416 0.00143007 -0.952516
46.3416 -37.2573 13.2094 -0.297307 0.00628309 -0.954759
47.2692 -37.384 12.926 -0.289285 0.000526667 -0.957243
46.5685 -37.6493 13.1371 -0.288246 0.00537459 -0.95754
46.2708 -37.5248 13.2293 -0.295809 0.00881557 -0.955205
53.5203 -36.0343 11.2622 -0.22096 -0.00796183 -0.97525
53.3436 -35.2844 11.295 -0.223973 -0.00826323 -0.974556
53.7086 -34.2744 11.2046 -0.22536 -0.00575838 -0.974259
54.3378 -33.4701 11.0457 -0.230607 -0.0140022 -0.972946
54.9838 -33.9208 10.9106 -0.20432 -0.0165564 -0.978764
55.0078 -35.0669 10.9206 -0.207797 -0.0110684 -0.978109
53.7637 -35.9215 11.2061 -0.221773 -0.00936389 -0.975052
53.7122 -35.9496 11.218 -0.22096 -0.00796091 -0.97525
61.1348 -35.9395 9.85712 -0.143054 -0.0211534 -0.989489
61.6712 -35.2409 9.76393 -0.143838 -0.0217473 -0.989362
62.201 -34.6207 9.66764 -0.138533 -0.03003 -0.989889
62.8664 -34.2661 9.56768 -0.134039 -0.027693 -0.990589
63.5752 -34.0405 9.47039 -0.118222 -0.0326016 -0.992438
64.8242 -33.8413 9.32155 -0.10701 -0.0341453 -0.993643
65.5703 -34.2557 9.26161 -0.101457 -0.038779 -0.994084
66.0323 -34.8485 9.23848 -0.0904706 -0.0399184 -0.995099
66.0939 -35.9657 9.27302 -0.0952486 -0.0360975 -0.994799
65.1082 -36.8011 9.3977 -0.0945971 -0.0322459 -0.994986
64.3701 -37.0305 9.47862 -0.107706 -0.0288994 -0.99376
63.2942 -37.1787 9.60106 -0.109339 -0.0271241 -0.993634
62.096 -36.9144 9.74509 -0.129269 -0.0247695 -0.9913
61.2397 -36.0378 9.84405 -0.143054 -0.0211531 -0.989489
