-11.4578 -1.55084 38.1169 -0.161456 -0.00273218 -0.986876
-11.406 -2.39387 38.1089 -0.160541 -0.000365604 -0.987029
-11.406 -2.39387 38.1089 -0.160541 -0.000365604 -0.987029
-12.0932 -3.42283 38.2197 -0.150367 -0.00632435 -0.98861
-12.6132 -3.24442 38.2977 -0.151521 -0.00260235 -0.988443
-12.7279 -2.1277 38.3167 -0.153608 -6.75488e-05 -0.988131
-12.6557 -1.30135 38.3051 -0.153247 -0.000560107 -0.988188
-12.6338 -0.161825 38.3025 -0.155866 0.00108099 -0.987774
-12.5899 0.689568 38.295 -0.158057 -5.99355e-06 -0.98743
-12.0638 0.379532 38.2111 -0.159183 -0.000105189 -0.987248
-11.8191 -0.450183 38.171 -0.160095 -0.00182634 -0.987098
-11.4717 -1.47787 38.1189 -0.160483 -0.00363715 -0.987032
-10.2415 -1.32059 37.9137 -0.168788 -0.00437703 -0.985643
-10.4818 -0.389296 37.9496 -0.168547 -0.006152 -0.985674
-10.7677 0.409412 37.9956 -0.170818 -0.00231931 -0.9853
-11.1526 1.25551 38.0576 -0.165289 -0.00486655 -0.986233
-11.587 1.97351 38.1285 -0.169632 -0.00204277 -0.985505
-12.0652 2.68586 38.2106 -0.165904 -0.000550817 -0.986133
-12.5824 3.2874 38.2941 -0.161759 -0.00223636 -0.986828
-13.3107 3.77318 38.412 -0.161505 0.00040502 -0.986868
-13.8594 3.72532 38.5008 -0.158019 0.00335467 -0.98743
-13.8457 2.66971 38.4954 -0.154358 0.0014859 -0.988013
-13.8474 1.70684 38.495 -0.150698 0.0021884 -0.988569
-13.8824 0.587752 38.4977 -0.152248 0.00258511 -0.988339
-13.8909 -0.191258 38.4973 -0.152187 0.00201989 -0.98835
-13.9115 -1.41999 38.4955 -0.145157 0.00277999 -0.989403
-13.9232 -2.52589 38.4945 -0.146903 0.000951674 -0.98915
-13.8562 -3.51962 38.4833 -0.139803 -0.00113316 -0.990179
-13.7871 -4.31071 38.4741 -0.144917 -0.00381005 -0.989436
-13.472 -5.53659 38.4298 -0.139324 0.000322253 -0.990247
-12.7339 -5.39103 38.3249 -0.14698 -0.00274716 -0.989135
-11.9291 -4.96403 38.2037 -0.147133 -0.00350349 -0.98911
-11.2191 -4.43957 38.0876 -0.156199 -0.00826859 -0.987691
-10.411 -3.56944 37.9542 -0.1636 -0.00555215 -0.986495
-10.0639 -2.54413 37.8889 -0.169619 -0.00602078 -0.985491
-10.175 -1.71256 37.9041 -0.169817 -0.00397399 -0.985467
-10.1834 -1.64839 37.9052 -0.168784 -0.00437571 -0.985643
-8.9415 -1.52126 37.6848 -0.177863 -0.00824702 -0.984021
-9.09912 -0.613814 37.707 -0.177894 -0.00535405 -0.984035
-9.33806 0.207904 37.7447 -0.176871 -0.00780268 -0.984203
-9.70815 1.08432 37.8056 -0.178007 -0.00559145 -0.984013
-10.0841 1.91865 37.8683 -0.175729 -0.00665253 -0.98441
-10.6566 2.86055 37.9642 -0.1729 -0.00317641 -0.984934
-11.2329 3.69919 38.0645 -0.17436 -0.00139437 -0.984681
-11.9082 4.38907 38.1788 -0.167957 -0.0016456 -0.985793
-12.6312 4.90111 38.3011 -0.167948 -0.00164885 -0.985794
-13.2691 5.41329 38.4103 -0.16538 0.0025263 -0.986219
-14.0518 6.06514 38.5401 -0.162484 0.00370944 -0.986703
-14.7358 6.56732 38.6537 -0.158347 0.00495679 -0.987371
-15.1106 6.0363 38.7086 -0.154259 0.00995502 -0.98798
-15.1934 5.18067 38.7143 -0.152491 0.00424362 -0.988295
-15.1849 4.26632 38.7097 -0.152388 0.0023266 -0.988317
-15.1604 3.38512 38.701 -0.147848 0.0078966 -0.988979
-15.1176 2.41946 38.688 -0.149056 0.00533446 -0.988814
-15.0951 1.57269 38.68 -0.148054 0.00453903 -0.988968
-15.1498 0.532164 38.6856 -0.134057 0.00903594 -0.990899
-15.1474 -0.231856 38.6783 -0.138291 0.00558037 -0.990376
-15.1701 -1.61255 38.6735 -0.134914 0.00463719 -0.990841
-15.1623 -2.60736 38.6678 -0.134556 0.00505185 -0.990886
-15.1152 -3.48725 38.6549 -0.130826 0.00512015 -0.991389
-15.0347 -4.28345 38.6418 -0.129363 0.0041187 -0.991589
-14.9254 -5.54758 38.6232 -0.12428 0.00345044 -0.992241
-14.8991 -6.356 38.6181 -0.122562 -0.00361637 -0.992454
-14.6355 -7.1085 38.5877 -0.124089 0.00277032 -0.992251
-13.6935 -7.06469 38.4645 -0.134776 -0.00170989 -0.990859
-12.6536 -6.76126 38.3177 -0.140006 -0.00815773 -0.990111
-11.6087 -6.28929 38.163 -0.142867 -0.00765564 -0.989712
-10.7705 -5.76654 38.0293 -0.154602 -0.0111805 -0.987914
-10.0648 -5.16227 37.9096 -0.168385 -0.0113451 -0.985656
-9.37375 -4.49273 37.784 -0.16814 -0.0110359 -0.985701
-8.84866 -3.80558 37.6871 -0.172767 -0.00763455 -0.984933
-8.74636 -2.7899 37.6596 -0.174128 -0.0105367 -0.984667
-8.92037 -1.64498 37.682 -0.177614 -0.0084505 -0.984064
-8.9394 -1.53248 37.6845 -0.177613 -0.00844742 -0.984064
-7.70089 -1.41024 37.4553 -0.182757 -0.00917727 -0.983115
-7.49009 -2.59367 37.4289 -0.181875 -0.0111166 -0.983259
-7.39288 -3.60413 37.4238 -0.179891 -0.0151956 -0.983569
-7.60472 -4.39757 37.4734 -0.175445 -0.011014 -0.984427
-8.06211 -5.00779 37.5619 -0.172572 -0.0100827 -0.984945
-8.80371 -5.70109 37.7003 -0.170641 -0.0128842 -0.985246
-9.44081 -6.33296 37.8166 -0.168443 -0.0115071 -0.985644
-10.0339 -6.82858 37.9209 -0.162714 -0.0109631 -0.986612
-10.7927 -7.31414 38.047 -0.150904 -0.0073992 -0.988521
-11.5817 -7.70371 38.1692 -0.144856 -0.00626405 -0.989433
-12.519 -8.07085 38.3071 -0.137487 -0.00231958 -0.990485
-13.2335 -8.28789 38.4028 -0.13173 -0.00192975 -0.991284
-13.993 -8.45867 38.503 -0.130123 -0.00208345 -0.991496
-14.7444 -8.57438 38.5956 -0.119053 0.00203527 -0.992886
-15.8754 -8.48901 38.7281 -0.112281 0.00546502 -0.993661
-16.172 -7.50885 38.7657 -0.109892 0.00481223 -0.993923
-16.1817 -6.62303 38.768 -0.112493 0.00138763 -0.993652
-16.1949 -5.83759 38.7744 -0.114182 0.00614489 -0.993441
-16.2798 -4.61579 38.7922 -0.121129 0.0113629 -0.992571
-16.3135 -3.80357 38.8064 -0.122405 0.0114728 -0.992414
-16.387 -3.01432 38.824 -0.1249 0.00859438 -0.992126
-16.4434 -2.00993 38.8382 -0.127648 0.00715348 -0.991794
-16.4403 -1.13298 38.8441 -0.125888 0.00686659 -0.992019
-16.405 -0.279277 38.8453 -0.130151 0.00680801 -0.991471
-16.3514 0.513591 38.8438 -0.130654 0.00542506 -0.991412
-16.3663 1.29025 38.8527 -0.13559 0.0147788 -0.990655
-16.3827 2.24639 38.8692 -0.138503 0.0105158 -0.990293
-16.4253 3.49332 38.8877 -0.134945 0.00939118 -0.990808
-16.4205 4.56818 38.8946 -0.145101 0.004515 -0.989406
-16.4574 5.34942 38.9058 -0.148531 0.00919542 -0.988865
-16.4665 6.14974 38.9145 -0.146456 0.0101036 -0.989165
-16.448 7.03579 38.9193 -0.149877 0.0082305 -0.98867
-16.4214 7.86474 38.9227 -0.150961 0.00867004 -0.988501
-16.3786 8.65662 38.9225 -0.152252 0.0100058 -0.988289
-15.3092 8.4926 38.7555 -0.157924 0.00570213 -0.987425
-14.4942 8.05905 38.6215 -0.163107 0.00296789 -0.986601
-13.8738 7.6064 38.5166 -0.164719 0.00209605 -0.986338
-13.2429 7.06459 38.41 -0.168671 0.00250147 -0.985661
-12.4943 6.44021 38.2792 -0.171049 -0.000102757 -0.985263
-11.695 5.79673 38.1405 -0.1749 -0.000279152 -0.984578
-10.8631 5.17933 37.993 -0.177185 -0.0053776 -0.984163
-10.2963 4.54571 37.8935 -0.179461 -0.00524296 -0.983751
-9.68437 3.6617 37.7848 -0.182205 -0.00532988 -0.983245
-9.08229 2.66945 37.6803 -0.184185 -0.00636409 -0.982868
-8.66037 1.83445 37.6066 -0.186139 -0.00801548 -0.982491
-8.2275 0.816931 37.5337 -0.185205 -0.00979243 -0.982651
-7.99759 0.08085 37.4976 -0.184987 -0.00935201 -0.982697
-7.78734 -0.876069 37.4666 -0.182564 -0.00862995 -0.983156
-7.7328 -1.17694 37.4591 -0.182564 -0.00862995 -0.983156
-6.48049 -0.903944 37.2178 -0.190459 -0.00874329 -0.981656
-6.66367 -0.119304 37.2444 -0.190898 -0.0133249 -0.981519
-6.91351 0.735515 37.2828 -0.189989 -0.00986802 -0.981737
-7.22299 1.67389 37.3336 -0.189492 -0.00844547 -0.981846
-7.53707 2.4092 37.3885 -0.190065 -0.00760383 -0.981742
-8.0915 3.48637 37.4865 -0.189067 -0.00888463 -0.981924
-8.70327 4.47153 37.5983 -0.187474 -0.00446096 -0.982254
-9.47009 5.51403 37.7376 -0.184829 -0.00325859 -0.982765
-10.2168 6.32238 37.872 -0.180507 -0.00219178 -0.983571
-11.1227 7.03625 38.0359 -0.178749 -0.00045195 -0.983895
-11.7544 7.52401 38.1505 -0.178685 -0.000345665 -0.983906
-12.3743 8.01128 38.2605 -0.173735 0.00118086 -0.984792
-12.9439 8.50675 38.3616 -0.173937 0.0015485 -0.984756
-13.6841 9.09394 38.4887 -0.166667 0.0013426 -0.986012
-14.7943 9.71947 38.6786 -0.164619 0.00677126 -0.98633
-15.791 10.1019 38.8443 -0.157974 0.0102715 -0.987386
-16.6381 10.3996 38.9824 -0.149388 0.00978049 -0.98873
-17.5619 10.386 39.1206 -0.147624 0.0115288 -0.988976
-17.7597 9.58711 39.1409 -0.147074 0.0107102 -0.989067
-17.7354 8.55472 39.1261 -0.145899 0.0110716 -0.989238
-17.7165 7.704 39.1157 -0.145295 0.00809204 -0.989355
-17.7441 6.57365 39.1081 -0.141469 0.0102779 -0.989889
-17.7629 5.79116 39.1026 -0.139924 0.0122452 -0.990083
-17.7296 4.8829 39.0841 -0.139523 0.0150927 -0.990104
-17.6859 3.98723 39.0664 -0.139172 0.0116515 -0.9902
-17.6727 2.85293 39.0476 -0.130284 0.014537 -0.99137
-17.6416 1.62121 39.0262 -0.127731 0.0148329 -0.991695
-17.6148 0.705478 39.0078 -0.125915 0.0126474 -0.991954
-17.6778 -0.242315 39.0072 -0.125389 0.00859121 -0.99207
-17.728 -1.20528 39.0057 -0.125 0.00788416 -0.992125
-17.7144 -1.95926 38.9978 -0.115515 0.0124547 -0.993227
-17.6237 -2.97109 38.975 -0.120335 0.0107435 -0.992675
-17.5573 -3.82901 38.9549 -0.111023 0.0137215 -0.993721
-17.5534 -4.86489 38.9403 -0.114197 0.0166695 -0.993317
-17.4956 -5.61708 38.9199 -0.110443 0.011562 -0.993788
-17.4701 -6.37107 38.9134 -0.107303 0.00485222 -0.994215
-17.484 -7.14084 38.9073 -0.102073 0.00930308 -0.99473
-17.4638 -8.19497 38.8979 -0.0993314 0.0093591 -0.995006
-17.387 -9.02391 38.8855 -0.0951703 0.00424065 -0.995452
-16.7784 -9.82901 38.8191 -0.102054 0.00358945 -0.994772
-15.5925 -9.93534 38.6918 -0.11164 0.000369357 -0.993748
-14.7937 -9.87696 38.6028 -0.110814 -0.000190359 -0.993841
-14.0077 -9.75091 38.5079 -0.125014 -0.00464594 -0.992144
-12.7042 -9.463 38.3388 -0.12973 -0.00891033 -0.991509
-11.9424 -9.22764 38.2297 -0.140298 -0.00656158 -0.990087
-10.7232 -8.7189 38.0471 -0.149992 -0.00763932 -0.988658
-9.8094 -8.21366 37.8997 -0.161196 -0.0104173 -0.986867
-9.14921 -7.76782 37.7871 -0.165292 -0.0133901 -0.986146
-8.06486 -6.81859 37.587 -0.168752 -0.0131101 -0.98557
-7.08711 -5.90141 37.3976 -0.179174 -0.0121822 -0.983742
-6.51939 -5.20549 37.2848 -0.183833 -0.012736 -0.982866
-6.16477 -4.49731 37.2063 -0.187133 -0.0161102 -0.982202
-6.08262 -3.57284 37.1768 -0.186133 -0.014434 -0.982418
-6.1569 -2.67742 37.1787 -0.188978 -0.0139751 -0.981875
-6.29679 -1.86221 37.1938 -0.189032 -0.0144984 -0.981864
-6.42557 -1.17366 37.2095 -0.190459 -0.00874339 -0.981656
-5.19873 -0.7389 36.9613 -0.196456 -0.014149 -0.980411
-4.99178 -1.96698 36.9385 -0.196704 -0.0155496 -0.98034
-4.84362 -3.18363 36.9288 -0.197006 -0.0168745 -0.980257
-4.77237 -3.95706 36.9276 -0.191885 -0.0152433 -0.981299
-4.84173 -4.89886 36.9561 -0.192424 -0.0155555 -0.981189
-5.26135 -5.69343 37.0517 -0.186962 -0.0191976 -0.982173
-5.92751 -6.50875 37.1922 -0.183487 -0.019459 -0.98283
-6.55988 -7.20047 37.323 -0.177072 -0.0185822 -0.984023
-7.33408 -7.92025 37.4749 -0.176301 -0.0167691 -0.984193
-7.92205 -8.43398 37.5882 -0.167656 -0.0167447 -0.985703
-8.72261 -9.03718 37.7348 -0.167177 -0.017981 -0.985763
-9.38346 -9.43943 37.8483 -0.158872 -0.0150479 -0.987184
-10.1443 -9.86076 37.9721 -0.14755 -0.0140071 -0.988951
-10.8914 -10.199 38.0897 -0.147995 -0.0169034 -0.988844
-11.7393 -10.5273 38.2159 -0.137475 -0.0155303 -0.990383
-13.1322 -10.8898 38.4079 -0.130764 -0.00887339 -0.991374
-13.9445 -11.0438 38.5109 -0.117933 -0.00750682 -0.992993
-14.7654 -11.1928 38.6095 -0.113828 -0.00957394 -0.993444
-15.9215 -11.2359 38.7347 -0.106361 -0.00772841 -0.994298
-16.7972 -11.2677 38.8176 -0.0930576 -0.00825083 -0.995627
-17.5958 -11.1973 38.8951 -0.0931484 0.0048069 -0.995608
-18.3344 -10.9243 38.9586 -0.0789905 0.0111211 -0.996813
-18.6056 -10.1228 38.9858 -0.0867189 0.00888972 -0.99618
-18.7396 -8.94991 39.0138 -0.0849891 0.0130658 -0.996291
-18.8065 -7.87843 39.0308 -0.0900313 0.00973068 -0.995891
-18.7807 -6.69791 39.0424 -0.0918118 0.0116233 -0.995709
-18.7718 -5.46721 39.0627 -0.0965232 0.0202034 -0.995126
-18.7909 -4.4043 39.0817 -0.106745 0.0153002 -0.994168
-18.8166 -3.58542 39.0982 -0.107457 0.0191792 -0.994025
-18.8943 -2.64862 39.1247 -0.108146 0.0171578 -0.993984
-18.9806 -1.687 39.1486 -0.109328 0.0156724 -0.993882
-18.987 -0.879321 39.1588 -0.117628 0.0100376 -0.993007
-18.9502 -0.0629388 39.1643 -0.117337 0.0134833 -0.993001
-18.9256 1.03856 39.1789 -0.121953 0.0170783 -0.992385
-18.9446 1.96898 39.1957 -0.124331 0.0175875 -0.992082
-18.9488 3.26362 39.222 -0.122521 0.018817 -0.992285
-19.0154 4.55194 39.2518 -0.12876 0.0161351 -0.991544
-19.0352 5.32869 39.2714 -0.127823 0.0212492 -0.991569
-19.0277 6.08833 39.2818 -0.12929 0.0132108 -0.991519
-19.0091 7.19953 39.2947 -0.135977 0.0114056 -0.990646
-19.0048 8.25439 39.3079 -0.139312 0.0154466 -0.990127
-19.0215 9.50305 39.3261 -0.145716 0.0122441 -0.98925
-19.0365 10.593 39.3432 -0.145826 0.0126739 -0.989229
-19.0472 11.5874 39.3557 -0.147536 0.0108058 -0.988998
-18.3222 12.3234 39.2536 -0.150346 0.00744327 -0.988605
-17.4437 12.0738 39.118 -0.150515 0.0074768 -0.98858
-16.719 11.8252 39.003 -0.154986 0.00766881 -0.987887
-16.0011 11.5665 38.8876 -0.163909 0.00509778 -0.98646
-15.2071 11.2754 38.7547 -0.16401 0.00317745 -0.986454
-14.3786 10.969 38.6145 -0.166413 0.00477789 -0.986045
-13.5641 10.5657 38.474 -0.168531 0.00514605 -0.985683
-12.7976 10.051 38.3389 -0.17439 0.00366217 -0.984669
-12.0583 9.42575 38.2067 -0.173946 0.00229148 -0.984752
-11.2165 8.69403 38.054 -0.17967 0.00152137 -0.983726
-10.6144 8.25013 37.9433 -0.179146 0.000646055 -0.983822
-9.82653 7.68118 37.7974 -0.183493 9.40372e-05 -0.983021
-9.02741 6.94441 37.649 -0.187153 -0.00283939 -0.982327
-8.30493 6.05571 37.515 -0.189356 -0.00402292 -0.981895
-7.8314 5.40914 37.4243 -0.192139 -0.00406187 -0.981359
-7.17779 4.42058 37.2999 -0.194941 -0.00686063 -0.980786
-6.62685 3.45986 37.2004 -0.193381 -0.00894168 -0.981082
-6.14622 2.42452 37.1142 -0.197018 -0.0097144 -0.980352
-5.87339 1.71526 37.0676 -0.197992 -0.00908874 -0.98016
-5.61757 0.739488 37.0267 -0.197374 -0.0126479 -0.980247
-5.38579 0.00930409 36.9892 -0.197736 -0.0127828 -0.980172
-5.21259 -0.665063 36.963 -0.196453 -0.0141481 -0.980411
-3.9668 -0.34482 36.706 -0.200629 -0.0156916 -0.979542
-3.8183 -1.14207 36.6884 -0.200221 -0.0161035 -0.979618
-3.70577 -1.99058 36.6798 -0.199831 -0.016586 -0.97969
-3.62098 -2.7801 36.6758 -0.1989 -0.0177931 -0.979857
-3.49265 -3.97281 36.6726 -0.195634 -0.0182955 -0.980506
-3.44139 -5.00397 36.6814 -0.19636 -0.0196407 -0.980334
-3.65324 -5.73291 36.7385 -0.194207 -0.0193117 -0.980771
-4.13289 -6.46954 36.8477 -0.190889 -0.0194765 -0.981418
-4.79566 -7.1893 36.9916 -0.189366 -0.0222074 -0.981655
-5.32071 -7.72016 37.1031 -0.186747 -0.0198264 -0.982208
-5.98458 -8.42316 37.2414 -0.179219 -0.0193097 -0.98362
-6.53233 -8.94726 37.3518 -0.177814 -0.0205009 -0.983849
-7.26937 -9.54362 37.4957 -0.176073 -0.0204608 -0.984164
-7.8956 -9.99207 37.6124 -0.166844 -0.0203549 -0.985773
-8.69522 -10.5025 37.756 -0.162394 -0.0187981 -0.986547
-9.36801 -10.9018 37.8719 -0.154436 -0.0201749 -0.987797
-10.0649 -11.2725 37.9854 -0.14763 -0.0185079 -0.988869
-10.8226 -11.5964 38.102 -0.142238 -0.0190484 -0.989648
-11.5555 -11.8294 38.2127 -0.13867 -0.0191707 -0.990143
-12.8226 -12.1725 38.3871 -0.126372 -0.0187249 -0.991802
-14.0212 -12.3552 38.5356 -0.115789 -0.016479 -0.993137
-14.9564 -12.4675 38.6433 -0.105588 -0.0112622 -0.994345
-15.852 -12.5519 38.7399 -0.100866 -0.0108201 -0.994826
-16.7503 -12.6017 38.8263 -0.0945086 -0.00988983 -0.995475
-17.9724 -12.5045 38.925 -0.0724524 -0.00317392 -0.997367
-19.0255 -12.2933 39.0051 -0.0733703 0.00573353 -0.997268
-19.7986 -11.8308 39.0622 -0.0683074 0.00947553 -0.997619
-19.9006 -10.9888 39.0805 -0.0765651 0.0100661 -0.997014
-19.9821 -9.89818 39.1013 -0.0776603 0.016968 -0.996835
-20.0793 -9.03886 39.1241 -0.0793215 0.0178622 -0.996689
-20.0699 -8.0523 39.1399 -0.0804609 0.0144493 -0.996653
-20.0689 -7.18233 39.1537 -0.0842859 0.0203673 -0.996232
-20.108 -6.25669 39.1751 -0.0873841 0.0185202 -0.996003
-20.052 -5.46539 39.1863 -0.0906022 0.0210847 -0.995651
-20.0392 -4.64849 39.2008 -0.0950454 0.0201546 -0.995268
-20.0495 -3.87985 39.2183 -0.0953152 0.0215629 -0.995214
-20.1151 -2.89011 39.2463 -0.0951758 0.0221558 -0.995214
-20.1979 -2.14074 39.273 -0.10221 0.0183821 -0.994593
-20.2362 -1.38305 39.2914 -0.104185 0.0213159 -0.994329
-20.249 -0.595529 39.3057 -0.112099 0.0170446 -0.993547
-20.2169 0.415623 39.3222 -0.110956 0.0190531 -0.993641
-20.2266 1.18428 39.3372 -0.115661 0.0169992 -0.993143
-20.2446 2.1392 39.3571 -0.116374 0.0214367 -0.992974
-20.2489 3.19945 39.3787 -0.120618 0.0195693 -0.992505
-20.2705 4.05968 39.4001 -0.122804 0.0225752 -0.992174
-20.291 4.89273 39.4215 -0.122973 0.0217078 -0.992173
-20.3009 5.94413 39.4465 -0.126953 0.021096 -0.991677
-20.2931 6.71495 39.4594 -0.128857 0.017898 -0.991502
-20.3007 7.52266 39.4764 -0.13264 0.0193693 -0.990969
-20.302 8.44898 39.492 -0.134962 0.0178743 -0.990689
-20.3226 9.26959 39.5089 -0.14019 0.0147772 -0.990014
-20.3204 10.042 39.5214 -0.140092 0.0171525 -0.98999
-20.3325 11.042 39.5386 -0.139464 0.0139579 -0.990129
-20.3122 11.9032 39.5458 -0.144737 0.0118743 -0.989399
-20.2691 12.805 39.5504 -0.144891 0.0121562 -0.989373
-20.3235 13.6089 39.5675 -0.147952 0.00789334 -0.988962
-20.2359 14.4285 39.5602 -0.147452 0.00685658 -0.989045
-19.5336 14.28 39.4544 -0.148728 0.00652592 -0.988856
-18.6137 13.8952 39.3107 -0.151546 0.00800353 -0.988418
-17.9069 13.6089 39.1993 -0.153838 0.0074632 -0.988068
-16.5461 13.1416 38.984 -0.155458 0.00690175 -0.987817
-15.8095 12.8576 38.8627 -0.16079 0.00456518 -0.986978
-15.0564 12.593 38.738 -0.165151 0.00644289 -0.986246
-14.3113 12.3336 38.6107 -0.166494 0.00586766 -0.986025
-13.4393 11.9772 38.4605 -0.167442 0.00661589 -0.98586
-12.7332 11.5905 38.335 -0.174842 0.00563822 -0.98458
-11.6951 10.8183 38.1465 -0.17488 0.00504682 -0.984577
-10.8487 10.0815 37.9879 -0.182099 0.00277502 -0.983276
-10.1711 9.49136 37.8626 -0.182929 0.0006122 -0.983123
-9.27368 8.89308 37.6926 -0.184861 -8.71897e-06 -0.982764
-8.513 8.26342 37.5469 -0.190283 -6.19827e-05 -0.981729
-7.99879 7.7138 37.449 -0.191835 -0.0038682 -0.981413
-7.4908 7.04696 37.3499 -0.195783 -0.00285299 -0.980643
-6.98705 6.40165 37.2521 -0.196744 -0.00549172 -0.980439
-6.53739 5.74981 37.1648 -0.197686 -0.00555739 -0.980249
-5.96287 4.84714 37.0532 -0.200371 -0.00726147 -0.979691
-5.47949 4.05897 36.9622 -0.199384 -0.00896882 -0.97988
-5.04985 3.08755 36.8843 -0.202326 -0.0106762 -0.97926
-4.82385 2.3246 36.8462 -0.202053 -0.0110323 -0.979313
-4.404 1.1352 36.7741 -0.201056 -0.0131574 -0.979491
-4.15172 0.408152 36.7326 -0.200798 -0.0141786 -0.97953
-3.99121 -0.234895 36.7093 -0.200535 -0.0151173 -0.97957
-2.74956 -0.0202894 36.4505 -0.202982 -0.0160073 -0.979051
-2.58113 -0.844245 36.43 -0.2028 -0.0177177 -0.97906
-2.43607 -1.79163 36.4171 -0.202352 -0.0180617 -0.979146
-2.39419 -2.54607 36.4233 -0.201056 -0.0191815 -0.979392
-2.32136 -3.30041 36.4231 -0.200919 -0.0194375 -0.979415
-2.11062 -4.41835 36.402 -0.20016 -0.0203472 -0.979551
-2.21124 -5.69322 36.4499 -0.197916 -0.0207337 -0.98
-2.62781 -6.67274 36.555 -0.196549 -0.0211538 -0.980266
-3.14183 -7.37403 36.6729 -0.193034 -0.021833 -0.980949
-3.7155 -7.93202 36.7983 -0.191409 -0.0244744 -0.981205
-4.25542 -8.4453 36.9161 -0.188818 -0.0228777 -0.981743
-5.01143 -9.245 37.078 -0.187048 -0.023371 -0.982072
-5.73868 -9.94771 37.2288 -0.178422 -0.0225993 -0.983695
-6.35461 -10.4506 37.3523 -0.174563 -0.0233482 -0.984369
-7.22424 -11.0764 37.5221 -0.170876 -0.0237428 -0.984996
-7.94386 -11.5404 37.6543 -0.164226 -0.0231227 -0.986148
-8.87285 -12.0919 37.8197 -0.157064 -0.0226689 -0.987317
-9.65739 -12.5406 37.9506 -0.152825 -0.0234598 -0.987973
-10.5764 -12.8862 38.0959 -0.144694 -0.0224844 -0.989215
-11.6206 -13.2268 38.2497 -0.136496 -0.020832 -0.990418
-12.682 -13.4399 38.3933 -0.126503 -0.0187865 -0.991782
-13.7434 -13.6202 38.5245 -0.118722 -0.0157316 -0.992803
-14.7077 -13.7663 38.6343 -0.105171 -0.0136736 -0.99436
-15.5225 -13.8626 38.7216 -0.0969806 -0.0125435 -0.995176
-16.3187 -13.9303 38.7937 -0.0914565 -0.00836757 -0.995764
-17.0756 -13.8857 38.8577 -0.0807356 -0.00617937 -0.996716
-18.0432 -13.8148 38.9316 -0.0720091 -0.00580522 -0.997387
-19.0677 -13.6746 39.0033 -0.0643958 -0.000823701 -0.997924
-19.8114 -13.5182 39.0512 -0.0664833 0.0021205 -0.997779
-20.8935 -13.1486 39.1197 -0.0582634 0.00950436 -0.998256
-21.1363 -12.4492 39.1432 -0.0613929 0.013732 -0.998019
-21.2196 -11.5503 39.1628 -0.0663417 0.019069 -0.997614
-21.2286 -10.3753 39.1865 -0.0698508 0.0217405 -0.99732
-21.2896 -9.53969 39.208 -0.0702902 0.0207545 -0.997311
-21.3434 -8.74152 39.2273 -0.071059 0.0187012 -0.997297
-21.3373 -7.84939 39.2454 -0.0733828 0.0209836 -0.997083
-21.3614 -7.00961 39.2651 -0.0743697 0.0217033 -0.996994
-21.3838 -5.87692 39.2909 -0.0768939 0.0242409 -0.996737
-21.3201 -4.77184 39.3124 -0.0865766 0.0234569 -0.995969
-21.3154 -3.88312 39.3341 -0.0864478 0.025327 -0.995934
-21.4349 -2.81963 39.3758 -0.0923542 0.0292267 -0.99529
-21.5074 -2.03816 39.4035 -0.0950004 0.0266125 -0.995121
-21.4946 -1.04656 39.4293 -0.0987475 0.0238577 -0.994815
-21.4968 -0.190151 39.4486 -0.102225 0.0233872 -0.994486
-21.5189 0.83759 39.4744 -0.105853 0.02125 -0.994155
-21.5196 1.73717 39.4955 -0.109266 0.0256645 -0.993681
-21.5894 2.5653 39.5236 -0.116791 0.0227187 -0.992895
-21.5411 3.45881 39.5396 -0.117693 0.0243792 -0.992751
-21.5435 4.44778 39.5642 -0.119976 0.0259668 -0.992433
-21.5669 5.61659 39.5977 -0.123354 0.0245491 -0.992059
-21.5783 6.60483 39.6235 -0.124658 0.0261736 -0.991852
-21.5863 7.36901 39.6427 -0.131701 0.0223582 -0.991037
-21.5702 8.43257 39.6647 -0.13322 0.0209308 -0.990863
-21.6128 9.26635 39.6865 -0.134639 0.0190492 -0.990712
-21.5659 10.4015 39.7019 -0.137981 0.0165247 -0.990297
-21.6229 11.2026 39.7244 -0.141712 0.0156164 -0.989785
-21.6076 12.0473 39.7347 -0.141802 0.0136522 -0.989801
-21.5386 13.0878 39.7393 -0.144959 0.0109003 -0.989378
-21.7203 14.3475 39.7788 -0.146043 0.00880445 -0.989239
-21.7314 15.1061 39.7869 -0.147463 0.00764095 -0.989037
-21.6905 15.9283 39.7876 -0.14844 0.00826004 -0.988887
-21.1757 16.3968 39.7127 -0.147966 0.00378656 -0.988985
-20.2383 15.9889 39.5707 -0.14808 0.00502122 -0.988963
-19.2189 15.586 39.4151 -0.14978 0.00678157 -0.988696
-18.3437 15.2233 39.2798 -0.152262 0.00747176 -0.98831
-17.2138 14.7243 39.0999 -0.15375 0.00798731 -0.988077
-16.332 14.451 38.9584 -0.157107 0.00635709 -0.987561
-15.5309 14.0975 38.8281 -0.16202 0.00798679 -0.986752
-14.247 13.7024 38.6114 -0.165105 0.00820093 -0.986241
-13.4355 13.4075 38.469 -0.170842 0.00741032 -0.985271
-12.7468 13.0916 38.3469 -0.174472 0.00698788 -0.984637
-11.8799 12.6205 38.19 -0.174467 0.00696886 -0.984638
-11.2123 12.1088 38.0636 -0.182094 0.00651781 -0.983258
-10.102 11.1973 37.8541 -0.184063 0.00396647 -0.982903
-9.15783 10.4292 37.6701 -0.188238 0.00240255 -0.982115
-8.51887 9.9949 37.5484 -0.19012 0.000363912 -0.981757
-7.79802 9.42833 37.406 -0.19363 0.00128103 -0.981073
-7.07796 8.67012 37.2629 -0.194978 -0.00286294 -0.980801
-6.64252 8.05961 37.1775 -0.199823 -0.00269814 -0.979826
-6.14298 7.4179 37.0767 -0.201675 -0.00352971 -0.979446
-5.52575 6.54503 36.9532 -0.203191 -0.00520483 -0.979125
-5.08349 5.82129 36.866 -0.202554 -0.00731221 -0.979244
-4.58063 5.01324 36.7676 -0.20386 -0.00897749 -0.978959
-4.11652 4.31276 36.6779 -0.203835 -0.0109007 -0.978943
-3.82088 3.56709 36.6242 -0.20485 -0.0115099 -0.978725
-3.65425 2.71582 36.5995 -0.204341 -0.0115005 -0.978832
-3.41549 1.9969 36.559 -0.203625 -0.0133631 -0.978958
-2.96553 0.955228 36.4799 -0.203338 -0.0146508 -0.978998
-2.81199 0.265187 36.459 -0.203412 -0.0155963 -0.978969
-1.64814 0.678262 36.2104 -0.206355 -0.0193223 -0.978282
-1.47082 -0.115847 36.187 -0.204725 -0.0168581 -0.978674
-1.24458 -1.04439 36.1566 -0.205044 -0.0197053 -0.978554
-1.12003 -1.83885 36.1467 -0.202828 -0.0207458 -0.978994
-1.11951 -2.70258 36.1645 -0.20215 -0.0172023 -0.979199
-0.924296 -3.43222 36.1388 -0.200747 -0.021881 -0.979395
-0.731894 -4.27746 36.1177 -0.201249 -0.0211427 -0.979312
-0.818356 -5.22321 36.1564 -0.201312 -0.0229131 -0.979259
-0.931902 -6.05581 36.1981 -0.1999 -0.0216585 -0.979577
-1.30922 -6.99666 36.2961 -0.198542 -0.0222936 -0.979839
-1.78555 -7.78809 36.4113 -0.198957 -0.0232705 -0.979732
-2.51299 -8.5836 36.5777 -0.194406 -0.0265457 -0.980562
-3.25868 -9.27775 36.7429 -0.189181 -0.0255554 -0.98161
-3.96453 -10.0447 36.8982 -0.187374 -0.0244495 -0.981984
-4.61534 -10.6257 37.0369 -0.186737 -0.0298503 -0.981941
-5.31975 -11.2461 37.1868 -0.174056 -0.0322316 -0.984208
-6.18328 -11.9265 37.3607 -0.17201 -0.0310335 -0.984606
-6.88209 -12.3822 37.4954 -0.168454 -0.0263851 -0.985355
-7.54128 -12.7798 37.6177 -0.166612 -0.0265322 -0.985665
-8.25155 -13.2392 37.7472 -0.161277 -0.0267515 -0.986546
-8.97674 -13.6849 37.8742 -0.153731 -0.0337844 -0.987535
-9.71916 -13.9485 37.9969 -0.143949 -0.0308238 -0.9891
-10.6917 -14.2765 38.146 -0.139435 -0.0305576 -0.989758
-11.4098 -14.5134 38.25 -0.132472 -0.0301227 -0.990729
-12.3864 -14.7379 38.3835 -0.125956 -0.0259953 -0.991695
-13.2633 -14.8617 38.4947 -0.116825 -0.0261777 -0.992807
-14.3249 -15.0216 38.6156 -0.10384 -0.0200014 -0.99439
-15.251 -15.1536 38.713 -0.101845 -0.0209308 -0.99458
-16.0095 -15.281 38.784 -0.0862309 -0.0194467 -0.996085
-17.0745 -15.1857 38.8709 -0.0786393 -0.0133509 -0.996814
-17.9642 -15.1391 38.9364 -0.0691178 -0.0131471 -0.997522
-19.0551 -15.0822 39.0089 -0.0652517 -0.0108897 -0.997809
-19.8035 -14.8581 39.054 -0.0503595 -0.00979824 -0.99868
-20.6801 -14.697 39.1012 -0.0510469 0.00153771 -0.998688
-21.6307 -14.4379 39.1467 -0.0485403 0.00702298 -0.998782
-22.4312 -13.9061 39.1894 -0.0487795 0.0179909 -0.998619
-22.6512 -13.0946 39.221 -0.0524243 0.0245719 -0.998323
-22.5162 -12.2876 39.2284 -0.0571239 0.0216231 -0.998133
-22.5326 -11.0018 39.2627 -0.0667618 0.0262225 -0.997417
-22.4868 -10.2086 39.2778 -0.068981 0.0239286 -0.99733
-22.5876 -9.37782 39.3026 -0.0685756 0.0206016 -0.997433
-22.5927 -8.62263 39.3187 -0.0671175 0.0222721 -0.997496
-22.5823 -7.8141 39.3367 -0.0688573 0.0239969 -0.997337
-22.6524 -6.91451 39.362 -0.0691994 0.0227831 -0.997343
-22.7238 -6.05323 39.3909 -0.0677912 0.0299417 -0.99725
-22.6383 -4.96995 39.4167 -0.0831624 0.0301413 -0.99608
-22.6441 -3.99773 39.4468 -0.0831374 0.0306666 -0.996066
-22.7593 -3.25429 39.4819 -0.088864 0.035101 -0.995425
-22.7372 -2.33696 39.5111 -0.095354 0.0356038 -0.994807
-22.7259 -1.49344 39.5373 -0.0983965 0.0282129 -0.994747
-22.8131 -0.726892 39.5675 -0.0982635 0.0266799 -0.994803
-22.7914 0.206685 39.5912 -0.101856 0.0283376 -0.994394
-22.8208 0.996759 39.6153 -0.104527 0.0270262 -0.994154
-22.7635 1.83121 39.6316 -0.101248 0.0320434 -0.994321
-22.7708 2.85578 39.6644 -0.108999 0.0283958 -0.993636
-22.7936 3.73773 39.6971 -0.118625 0.0287885 -0.992522
-22.8216 4.52011 39.7232 -0.119545 0.0298905 -0.992378
-22.8184 5.28821 39.7442 -0.123419 0.026684 -0.991996
-22.8465 6.22233 39.7732 -0.120983 0.0287577 -0.992238
-22.875 7.3963 39.8109 -0.129291 0.0284239 -0.991199
-22.817 8.3104 39.8272 -0.130048 0.0226414 -0.991249
-22.8874 9.50154 39.8673 -0.13599 0.0249424 -0.990386
-22.8272 10.3237 39.8768 -0.138916 0.0203568 -0.990094
-22.8788 11.0993 39.8988 -0.138961 0.0187978 -0.990119
-22.8741 12.174 39.9217 -0.1436 0.0186713 -0.989451
-22.8417 12.9569 39.929 -0.145835 0.0126985 -0.989224
-22.9988 13.7957 39.962 -0.147576 0.0132872 -0.988958
-23.0825 14.5571 39.9835 -0.146848 0.0115819 -0.989091
-23.0326 15.8084 39.9866 -0.149408 0.00686548 -0.988752
-23.033 16.8709 39.9934 -0.148244 0.00542921 -0.988936
-22.7919 17.7327 39.9604 -0.149944 0.00234011 -0.988692
-21.963 18.1417 39.8354 -0.14997 -0.00170033 -0.988689
-21.0287 17.7825 39.6971 -0.143537 0.00326795 -0.989632
-20.1077 17.3415 39.5584 -0.148464 0.00621085 -0.988895
-19.286 16.9653 39.4327 -0.148517 0.00345239 -0.988904
-18.4678 16.7043 39.3095 -0.14987 0.0095242 -0.98866
-17.5479 16.2438 39.1651 -0.152641 0.00931346 -0.988237
-16.6525 15.8854 39.0226 -0.151355 0.0103408 -0.988424
-15.7943 15.6241 38.8841 -0.156365 0.0102308 -0.987646
-15.0597 15.2746 38.7615 -0.161945 0.0092183 -0.986757
-13.8237 14.9718 38.5521 -0.166416 0.0170362 -0.985908
-13.0633 14.6832 38.4171 -0.176018 0.0128802 -0.984293
-12.4011 14.3482 38.297 -0.174297 0.00996434 -0.984643
-11.6602 14.0336 38.1614 -0.177224 0.0118943 -0.984099
-10.9615 13.5856 38.0292 -0.183799 0.00689124 -0.98294
-10.3791 13.092 37.9172 -0.182921 0.0076415 -0.983098
-9.26072 12.3288 37.6993 -0.186762 0.00674107 -0.98238
-8.56181 11.7136 37.5632 -0.188105 0.00629655 -0.982129
-7.57544 10.8749 37.3635 -0.195332 0.0040502 -0.980725
-6.95263 10.3858 37.2393 -0.192978 0.00083954 -0.981201
-6.14396 9.65598 37.0725 -0.203151 0.00135901 -0.979146
-5.57462 8.8109 36.9556 -0.201461 -0.00198884 -0.979495
-5.0175 8.11659 36.8413 -0.203795 -0.000758083 -0.979011
-4.48415 7.47157 36.732 -0.205393 -0.00283989 -0.978675
-3.94687 6.54817 36.6225 -0.20675 -0.0048428 -0.978382
-3.46159 5.71687 36.5276 -0.205005 -0.00736726 -0.978733
-2.91524 4.79638 36.4197 -0.21115 -0.011502 -0.977386
-2.57997 3.88071 36.361 -0.205525 -0.0141658 -0.978547
-2.44611 3.12155 36.3424 -0.204659 -0.0119594 -0.97876
-2.16965 2.3842 36.2945 -0.203398 -0.0143351 -0.978991
