40.259 -30.1895 30.25 -0.448506 0.0276058 -0.893346
41.3032 -30.7407 29.714 -0.442191 0.0293143 -0.896431
41.3032 -30.7407 29.714 -0.442191 0.0293143 -0.896431
41.9849 -31.0582 29.3768 -0.432001 0.0295925 -0.901388
42.6684 -31.2205 29.0438 -0.425109 0.0292888 -0.904636
43.5892 -31.6332 28.6063 -0.418377 0.0292168 -0.907803
44.4421 -31.7549 28.2135 -0.414715 0.0366312 -0.909214
44.926 -31.8654 27.9883 -0.409856 0.0360462 -0.911422
44.489 -31.0229 28.2189 -0.411395 0.0296487 -0.910973
43.9625 -30.4885 28.473 -0.411538 0.0278048 -0.910968
43.3682 -30.0288 28.7603 -0.417511 0.0300374 -0.908175
42.2643 -29.6068 29.2912 -0.431155 0.0314736 -0.901729
41.6148 -29.3195 29.6122 -0.435624 0.0311093 -0.899583
40.5603 -28.7157 30.1446 -0.437615 0.0260148 -0.898786
39.8392 -28.236 30.5203 -0.446628 0.0234411 -0.894403
39.2107 -27.8276 30.8459 -0.454981 0.0190709 -0.890291
38.3031 -27.2838 31.3233 -0.458473 0.0201352 -0.888476
37.5829 -26.4164 31.7099 -0.460017 0.0147169 -0.887786
37.1293 -25.8143 31.9564 -0.461832 0.015135 -0.886838
36.2611 -25.3208 32.4119 -0.463746 0.0100465 -0.885899
35.6068 -25.0623 32.7614 -0.467908 0.0104405 -0.883716
34.8951 -24.6433 33.1427 -0.468703 0.00786539 -0.883318
35.2587 -25.5404 32.9395 -0.466821 0.0117236 -0.884274
35.7448 -26.2308 32.6737 -0.467129 0.0150678 -0.884054
36.5823 -27.0638 32.2169 -0.464403 0.0166639 -0.885467
37.1203 -27.7837 31.922 -0.459001 0.0184479 -0.888242
37.7766 -28.0851 31.5754 -0.459501 0.0226423 -0.887889
38.3807 -28.7638 31.2454 -0.456057 0.0217671 -0.889675
38.964 -29.341 30.9323 -0.454221 0.0251035 -0.890535
39.6313 -29.7755 30.5812 -0.451065 0.0265607 -0.892093
40.1327 -30.1119 30.3165 -0.451674 0.0285426 -0.891726
39.4354 -31.3399 30.6334 -0.452367 0.0254899 -0.891466
40.3131 -31.85 30.1737 -0.449325 0.02826 -0.892919
40.9855 -32.1399 29.8282 -0.447119 0.027982 -0.894036
41.8315 -32.4655 29.4031 -0.435861 0.0370127 -0.899252
42.4777 -32.6951 29.082 -0.422571 0.0326256 -0.905742
43.414 -33.0347 28.6329 -0.420109 0.03456 -0.906809
44.2622 -33.1877 28.2385 -0.415846 0.0371403 -0.908676
45.3076 -33.3797 27.7566 -0.408704 0.0376534 -0.911883
46.0472 -33.6014 27.4176 -0.401542 0.039025 -0.914993
47.1581 -33.9733 26.9193 -0.398526 0.0426032 -0.916167
47.9889 -33.4786 26.6087 -0.362349 0.0468178 -0.930866
48.4824 -32.6109 26.4592 -0.361537 0.0453787 -0.931253
47.8852 -32.0018 26.7208 -0.37229 0.0491798 -0.926736
47.2527 -31.632 26.9997 -0.380007 0.0415107 -0.924052
46.6427 -31.1292 27.2731 -0.388154 0.0440717 -0.920494
46.1019 -30.5972 27.5339 -0.392491 0.0358217 -0.918984
45.5814 -30.0711 27.7679 -0.38868 0.0250097 -0.921033
44.9421 -29.5061 28.0657 -0.407211 0.0286468 -0.912881
44.2825 -28.9688 28.3749 -0.406685 0.0261572 -0.913194
43.6816 -28.6078 28.6615 -0.416548 0.0290633 -0.908649
42.6035 -28.1849 29.1736 -0.428883 0.0235689 -0.903053
41.8158 -27.8778 29.5558 -0.433799 0.0241472 -0.90067
40.9274 -27.4171 30.0002 -0.437121 0.0205147 -0.899169
40.2131 -26.7242 30.3672 -0.448235 0.0219816 -0.893637
39.4018 -26.3273 30.7831 -0.447089 0.0133483 -0.89439
38.5199 -25.5002 31.2448 -0.454671 0.0167973 -0.890501
37.9509 -24.7275 31.543 -0.456526 0.0073861 -0.889668
37.2736 -23.8548 31.9028 -0.460423 0.00869531 -0.887657
36.488 -23.5463 32.311 -0.461553 0.000147519 -0.887107
35.461 -23.307 32.856 -0.469869 -0.000826157 -0.882736
34.4273 -23.0923 33.4047 -0.468702 0.00786925 -0.883318
33.5567 -22.6771 33.8735 -0.472662 0.00255122 -0.88124
32.8779 -22.4465 34.2382 -0.472664 0.00254985 -0.881239
32.1146 -21.9795 34.6538 -0.477147 0.00432169 -0.878813
31.5346 -21.3754 34.9702 -0.477984 0.00132545 -0.878366
30.9197 -20.7752 35.3074 -0.479474 0.00179858 -0.877554
30.3046 -20.167 35.6418 -0.48151 -0.00469492 -0.876416
29.5516 -19.458 36.057 -0.485344 -0.00348969 -0.874316
28.8139 -18.8727 36.4619 -0.486447 -0.010604 -0.873639
28.0445 -18.4481 36.8883 -0.48758 -0.0078691 -0.873043
27.4206 -17.6181 37.2293 -0.487493 -0.00789933 -0.873091
26.634 -16.8987 37.6621 -0.487529 -0.00768747 -0.873073
25.8291 -16.46 38.1061 -0.492419 -0.0148252 -0.870224
24.9826 -16.6671 38.5815 -0.487337 -0.00246796 -0.873211
25.0248 -17.426 38.56 -0.485344 -0.00463566 -0.874305
26.0041 -18.2016 38.0253 -0.485442 -0.00724378 -0.874236
27.125 -18.7475 37.4046 -0.487493 -0.00789849 -0.873091
27.6301 -19.2431 37.1241 -0.486596 0.00182254 -0.873625
28.3928 -19.395 36.6989 -0.486594 0.0018186 -0.873626
29.0897 -19.9993 36.3125 -0.481708 0.00165313 -0.87633
29.8762 -20.6823 35.8788 -0.481866 0.00208513 -0.876242
30.434 -21.292 35.5715 -0.479302 0.00201283 -0.877648
31.0218 -21.9327 35.2491 -0.479732 0.00364214 -0.877406
31.4574 -22.528 35.008 -0.477207 0.00426786 -0.878781
32.0363 -23.2343 34.6902 -0.477347 0.00779594 -0.878673
32.9187 -24.0234 34.2054 -0.473653 0.00871743 -0.880669
33.3814 -24.8354 33.9485 -0.473859 0.0117495 -0.880517
33.7995 -25.6282 33.7133 -0.470903 0.0131857 -0.882087
34.2913 -26.4129 33.4391 -0.471089 0.0156834 -0.881943
34.8742 -27.1741 33.1145 -0.467436 0.0184149 -0.883835
35.4606 -27.7756 32.7918 -0.465917 0.0175423 -0.884652
36.1753 -28.708 32.3929 -0.464927 0.0221559 -0.885069
36.7876 -29.2906 32.0574 -0.463961 0.0231087 -0.885554
37.7098 -30.1058 31.5548 -0.45984 0.0255135 -0.887635
38.7451 -30.923 30.9982 -0.454983 0.026562 -0.890104
39.2762 -31.245 30.7172 -0.454069 0.0265326 -0.890571
38.8778 -32.6703 30.8804 -0.455467 0.0251155 -0.889898
38.2081 -32.2914 31.2332 -0.457013 0.0229564 -0.889159
37.5457 -31.777 31.5911 -0.462059 0.0259146 -0.886471
36.9756 -31.2739 31.904 -0.467245 0.0252076 -0.883767
36.2108 -30.6337 32.3252 -0.467647 0.0243911 -0.883578
35.5933 -30.0357 32.6685 -0.468761 0.0222077 -0.883046
35.0954 -29.4861 32.9456 -0.468929 0.0212172 -0.88298
34.4931 -28.7386 33.2845 -0.469528 0.0205082 -0.882679
33.6809 -27.8107 33.7367 -0.469319 0.0183256 -0.882838
33.2452 -27.1794 33.9823 -0.471278 0.0181805 -0.881797
32.8452 -26.5661 34.2088 -0.471089 0.0156831 -0.881943
32.3407 -25.7749 34.4931 -0.474068 0.0147801 -0.880364
31.8167 -24.9841 34.7886 -0.473863 0.0117476 -0.880515
31.1656 -24.228 35.1507 -0.477735 0.0112335 -0.878432
30.6033 -23.5846 35.4647 -0.477349 0.0104857 -0.878651
30.1514 -23.0315 35.7161 -0.476965 0.00974406 -0.878868
29.6056 -22.4484 36.0205 -0.479933 0.0086 -0.877261
29.0525 -21.8828 36.327 -0.47937 0.00683698 -0.877586
28.4993 -21.3646 36.6337 -0.482155 0.00827621 -0.876045
27.9261 -20.9213 36.9548 -0.482982 0.00976184 -0.875576
27.205 -20.4845 37.3574 -0.482116 0.00970833 -0.876053
26.5688 -20.1718 37.7095 -0.480797 0.00857261 -0.87679
25.9435 -19.8365 38.0556 -0.481264 0.00865552 -0.876533
25.3582 -19.4097 38.3819 -0.481866 0.00913359 -0.876197
24.669 -18.7913 38.762 -0.477665 -0.00201996 -0.87854
23.8649 -18.0147 39.206 -0.485758 0.00375831 -0.874085
22.8589 -17.1342 39.7692 -0.490241 0.00155094 -0.871586
22.2977 -16.6995 40.0857 -0.485964 0.0057146 -0.873936
21.3552 -15.8008 40.6245 -0.492325 0.00895144 -0.870366
20.6326 -15.2593 41.0387 -0.494731 0.0115219 -0.868962
20.7479 -14.3787 40.987 -0.49714 0.014087 -0.867556
21.5804 -14.7397 40.508 -0.496646 0.00727051 -0.867907
22.7009 -15.2835 39.8559 -0.50097 0.00558546 -0.865447
23.5923 -15.4091 39.3551 -0.490076 -0.00303584 -0.871674
24.5422 -15.2306 38.8158 -0.49362 -0.00458017 -0.869665
25.3108 -15.0342 38.3812 -0.491538 -0.0110721 -0.870777
25.9734 -14.8948 38.0019 -0.495543 -0.0168128 -0.868408
26.8638 -15.2258 37.4996 -0.492416 -0.0148236 -0.870225
27.4457 -15.842 37.1855 -0.488317 -0.0167994 -0.872504
28.0133 -16.4494 36.8795 -0.488599 -0.0165594 -0.872351
28.6395 -17.0002 36.5388 -0.48888 -0.0163212 -0.872198
29.3523 -17.5776 36.1464 -0.486447 -0.0106043 -0.873639
30.0188 -18.0955 35.7851 -0.483749 -0.0120864 -0.875123
30.6442 -18.6677 35.4473 -0.484546 -0.00778643 -0.87472
31.2739 -19.3133 35.1089 -0.480483 -0.00911002 -0.876957
31.8959 -19.9162 34.7743 -0.479542 -0.00944764 -0.877467
32.5048 -20.4417 34.4438 -0.480003 -0.00301913 -0.877261
33.1339 -20.9048 34.1011 -0.47683 -0.00385503 -0.878979
33.7996 -21.2727 33.7442 -0.474993 -6.05697e-05 -0.879989
34.5186 -21.6196 33.3562 -0.472469 -0.000375639 -0.881343
35.7597 -21.8836 32.6956 -0.469907 -0.000761129 -0.882716
36.4514 -22.0063 32.333 -0.464039 0.00159442 -0.885813
37.1773 -22.0427 31.9526 -0.461552 0.000147023 -0.887108
37.9305 -22.2875 31.5644 -0.457897 -0.000383242 -0.889005
38.4646 -23.0357 31.2896 -0.454955 -0.00192555 -0.890505
38.9442 -23.8601 31.0446 -0.453014 0.00566991 -0.891485
39.552 -24.6895 30.7304 -0.447963 0.00507506 -0.89402
40.461 -25.3446 30.2683 -0.446615 0.0134115 -0.894626
41.2005 -25.9099 29.8995 -0.435526 0.00930938 -0.900128
41.9568 -26.3442 29.5238 -0.432365 0.0197959 -0.901464
42.6469 -26.6531 29.1909 -0.4274 0.019366 -0.903855
43.334 -26.9079 28.8603 -0.421759 0.0221402 -0.906403
43.9902 -27.1375 28.5569 -0.41278 0.0224997 -0.910553
44.6249 -27.472 28.2609 -0.404528 0.0202253 -0.914254
45.2297 -27.9196 27.9911 -0.396276 0.0179484 -0.917956
45.7843 -28.3945 27.7317 -0.392168 0.0299919 -0.919355
46.4557 -28.9208 27.4371 -0.384527 0.0291279 -0.922652
46.9561 -29.4471 27.2115 -0.381682 0.0322011 -0.923733
47.7816 -30.1929 26.858 -0.369819 0.0375166 -0.928272
48.6511 -30.7585 26.4808 -0.365734 0.04571 -0.929576
49.8194 -31.364 26.0178 -0.335245 0.046811 -0.940967
50.5964 -31.6744 25.7192 -0.33564 0.0614672 -0.939965
51.2962 -32.019 25.4553 -0.315302 0.0667215 -0.946643
50.6619 -32.5143 25.6435 -0.330783 0.059112 -0.941854
49.9496 -33.259 25.8586 -0.347662 0.0430292 -0.936515
49.3998 -33.8395 26.0418 -0.361319 0.0471195 -0.931251
48.9239 -34.4259 26.1969 -0.362611 0.0512811 -0.930529
48.4105 -35.0657 26.3695 -0.381167 0.0346419 -0.923857
47.773 -35.5638 26.6138 -0.376321 0.0321482 -0.925913
47.0243 -35.5226 26.93 -0.396714 0.0169723 -0.917785
46.047 -35.1605 27.3647 -0.402384 0.0273504 -0.915062
44.9129 -34.7515 27.8838 -0.410245 0.0308923 -0.911452
44.2242 -34.5774 28.1999 -0.415155 0.0289372 -0.909285
43.4724 -34.4614 28.55 -0.418193 0.0299593 -0.907864
42.5568 -34.2322 28.9898 -0.435196 0.0258706 -0.899964
41.5208 -33.893 29.5059 -0.441447 0.0266733 -0.896891
40.6599 -33.5542 29.9436 -0.452503 0.026778 -0.891339
39.8727 -33.2074 30.3565 -0.456064 0.0222131 -0.889669
39.3561 -32.9286 30.6278 -0.455807 0.0236861 -0.889762
38.815 -34.2798 30.8727 -0.456812 0.0209709 -0.889316
38.0443 -33.8801 31.2789 -0.459332 0.0226772 -0.887975
37.4484 -33.477 31.5986 -0.461664 0.0223269 -0.886774
36.7403 -32.8749 31.9824 -0.467819 0.0213953 -0.883562
35.8498 -32.0288 32.4778 -0.469741 0.0229252 -0.882506
35.2714 -31.5887 32.7982 -0.47102 0.0230012 -0.881823
34.3154 -30.7387 33.3313 -0.470862 0.0219378 -0.881933
33.81 -30.1385 33.6149 -0.470335 0.0207354 -0.882244
33.3659 -29.5045 33.8671 -0.472897 0.0204605 -0.88088
32.9125 -28.9233 34.1235 -0.47263 0.0198555 -0.881037
32.3992 -28.2866 34.4132 -0.472278 0.0187022 -0.88125
31.9448 -27.6163 34.6711 -0.473893 0.0182563 -0.880393
31.4804 -26.9256 34.9355 -0.473606 0.0168898 -0.880574
31.0027 -26.2234 35.2058 -0.476371 0.0162883 -0.879093
30.5756 -25.6225 35.4484 -0.476254 0.0160503 -0.879161
30.0526 -24.966 35.7434 -0.476139 0.0158111 -0.879228
29.5771 -24.3783 36.0116 -0.477317 0.0162165 -0.878581
29.0179 -23.8041 36.3252 -0.478124 0.0126751 -0.878201
28.4268 -23.2584 36.6548 -0.478905 0.013269 -0.877766
27.8501 -22.6809 36.9793 -0.479686 0.0138683 -0.87733
27.3393 -22.2091 37.2642 -0.482156 0.00827244 -0.876044
26.5051 -21.7476 37.7278 -0.48125 0.00965983 -0.87653
25.698 -21.3843 38.1735 -0.477638 0.0153106 -0.878423
24.9038 -20.8269 38.6145 -0.477518 0.0144274 -0.878504
24.3316 -20.3043 38.9327 -0.474669 0.0125526 -0.880074
23.8112 -19.8 39.2199 -0.47451 0.0116161 -0.880173
23.2299 -19.2457 39.5446 -0.478294 0.0118874 -0.878117
22.6473 -18.7521 39.8692 -0.482183 0.0115329 -0.875995
21.788 -18.1503 40.3495 -0.482702 0.0100714 -0.875726
21.1091 -17.7037 40.73 -0.483723 0.0102643 -0.875161
20.3257 -16.9875 41.1791 -0.487498 0.0205052 -0.87288
19.6574 -16.2465 41.568 -0.487936 0.0243179 -0.872529
19.1647 -15.6954 41.863 -0.490243 0.0279114 -0.871139
18.5891 -15.1724 42.204 -0.493212 0.0316786 -0.869322
17.9749 -14.6643 42.5748 -0.494942 0.0353744 -0.868205
17.3395 -14.2754 42.9529 -0.49335 0.0356214 -0.869099
16.5285 -13.9285 43.4371 -0.498781 0.0449267 -0.865563
15.7492 -13.7088 43.8981 -0.49951 0.044991 -0.865139
14.8031 -13.487 44.4556 -0.494174 0.0505672 -0.867891
14.391 -12.9354 44.7223 -0.497432 0.0540688 -0.865801
14.6502 -12.2035 44.6209 -0.501219 0.0558678 -0.863513
14.9798 -11.3705 44.4775 -0.51632 0.0514092 -0.854851
15.2871 -10.5379 44.342 -0.519461 0.0417317 -0.853412
15.5537 -9.50717 44.2173 -0.527249 0.0394085 -0.848746
15.8696 -8.61631 44.045 -0.534789 0.0184772 -0.844783
16.5167 -7.806 43.6531 -0.533755 0.0122129 -0.845527
17.2272 -8.23301 43.2015 -0.529196 0.014654 -0.848373
17.7568 -8.73038 42.8625 -0.529995 0.016045 -0.847848
18.2219 -9.23747 42.5612 -0.52954 0.0173376 -0.848108
18.6449 -9.81166 42.2853 -0.527424 0.0128285 -0.849489
19.0422 -10.4736 42.0336 -0.52531 0.00832304 -0.85087
19.4348 -11.1359 41.7871 -0.517696 0.00390026 -0.855543
19.8856 -11.7976 41.5159 -0.51573 -0.000147215 -0.856751
20.4863 -12.4921 41.1521 -0.507615 0.0113682 -0.861508
21.1843 -13.0267 40.7434 -0.504887 0.00102303 -0.863185
21.8367 -13.4172 40.3613 -0.504887 0.00102436 -0.863185
22.6413 -13.7438 39.8963 -0.500821 -0.00173651 -0.865549
23.3786 -13.9624 39.4684 -0.505129 -0.00710221 -0.863012
24.1598 -13.8664 39.0172 -0.496314 -0.017846 -0.86796
24.8106 -13.7221 38.642 -0.496315 -0.0178479 -0.867959
25.719 -13.4519 38.1139 -0.498939 -0.0185649 -0.866438
26.4314 -13.2342 37.6991 -0.497628 -0.0199829 -0.867158
27.1831 -13.5257 37.2776 -0.495161 -0.0210029 -0.868547
27.7064 -14.1197 36.9936 -0.492306 -0.0238536 -0.870084
28.222 -14.7277 36.7227 -0.489453 -0.0267041 -0.871621
28.7461 -15.3165 36.4453 -0.494685 -0.0318205 -0.868484
29.3345 -15.8155 36.1248 -0.492239 -0.018514 -0.870263
29.9325 -16.2974 35.7968 -0.492239 -0.0185143 -0.870263
30.5515 -16.7668 35.4621 -0.487935 -0.0213519 -0.872619
31.1617 -17.3131 35.1323 -0.4834 -0.0188803 -0.875174
31.7197 -17.8881 34.8421 -0.478453 -0.0213052 -0.877855
32.2872 -18.4789 34.545 -0.479543 -0.00944842 -0.877467
32.8296 -18.9776 34.2549 -0.478603 -0.00978586 -0.877977
33.4322 -19.4527 33.9311 -0.479225 -0.0130639 -0.877592
34.0213 -19.8231 33.6153 -0.478266 -0.0106771 -0.87815
34.6406 -20.1603 33.2821 -0.474881 -0.0109932 -0.879973
35.3776 -20.4122 32.8912 -0.471496 -0.0113016 -0.881796
36.068 -20.5533 32.521 -0.468632 -0.00738207 -0.883343
36.866 -20.5953 32.1038 -0.463644 -0.00883866 -0.885977
37.8141 -20.4985 31.6067 -0.460331 -0.0105516 -0.887675
38.5367 -20.5929 31.2368 -0.45655 -0.0118459 -0.889619
39.0737 -21.3661 30.9715 -0.452854 -0.0124368 -0.891488
39.5109 -22.2348 30.7574 -0.448616 -0.00172711 -0.893723
39.9337 -22.8903 30.5464 -0.447424 -0.00273806 -0.894316
40.4388 -23.5913 30.2975 -0.446229 -0.00374742 -0.894911
40.899 -24.1946 30.0675 -0.444936 0.009361 -0.895497
41.8356 -24.7595 29.6073 -0.427868 0.0131432 -0.903746
42.7499 -25.2158 29.1678 -0.428737 0.014313 -0.903315
43.5259 -25.4526 28.8027 -0.41628 0.0188461 -0.909041
44.2476 -25.6709 28.4677 -0.414635 0.0173137 -0.90982
45.0893 -26.0469 28.0884 -0.401725 0.0204739 -0.915531
45.7772 -26.5457 27.7794 -0.392239 0.0170911 -0.919686
46.4605 -27.114 27.4812 -0.385591 0.0169313 -0.922512
47.1129 -27.6953 27.1999 -0.384125 0.0154985 -0.923151
47.7271 -28.2753 26.9338 -0.380995 0.0305955 -0.924069
48.528 -28.9162 26.6011 -0.355886 0.0365848 -0.933813
49.2955 -29.4896 26.2861 -0.344425 0.0322644 -0.938169
50.0714 -29.9082 25.9966 -0.337884 0.0425407 -0.940226
50.8155 -30.1826 25.7167 -0.337884 0.0425416 -0.940226
51.6626 -30.408 25.4294 -0.306284 0.0367465 -0.951231
52.3996 -30.4599 25.1905 -0.295895 0.0385467 -0.954416
53.472 -30.6332 24.853 -0.278867 0.0517741 -0.958821
54.5346 -30.4607 24.5702 -0.260263 0.048556 -0.964296
55.3447 -30.4034 24.3754 -0.229452 0.0410874 -0.972351
56.7679 -30.8694 24.0177 -0.219498 0.0306209 -0.975001
55.8933 -30.986 24.2168 -0.223958 0.0539486 -0.973105
55.1806 -31.622 24.3456 -0.239846 0.0492474 -0.969412
54.3489 -31.6673 24.5637 -0.255733 0.0445453 -0.965721
53.7795 -32.1481 24.6814 -0.25761 0.0661899 -0.963805
53.0574 -32.5382 24.8685 -0.287177 0.0591053 -0.956052
52.2756 -33.0509 25.0783 -0.299603 0.0413432 -0.953168
51.6189 -33.5581 25.269 -0.314053 0.0416103 -0.948488
50.9408 -34.1594 25.4651 -0.325458 0.0490014 -0.944199
50.3882 -34.7252 25.6327 -0.337382 0.050955 -0.939988
49.8479 -35.3734 25.7989 -0.344419 0.0438901 -0.937789
49.3364 -36.1431 25.9584 -0.363662 0.0236823 -0.93123
48.7397 -36.9785 26.1702 -0.362578 0.0197873 -0.931735
48.0464 -37.2587 26.4421 -0.368908 0.0101603 -0.92941
46.8949 -37.0108 26.9287 -0.396484 0.0300979 -0.917507
46.1046 -36.702 27.2848 -0.408625 0.0260864 -0.912326
45.299 -36.3746 27.6568 -0.409542 0.0284801 -0.911846
44.6164 -36.1496 27.9731 -0.412599 0.0290148 -0.910451
43.7749 -35.9565 28.362 -0.420916 0.0265142 -0.906701
43.04 -35.8183 28.7097 -0.423942 0.0235907 -0.905382
42.3678 -35.6448 29.0387 -0.442809 0.0233536 -0.896312
41.4785 -35.413 29.4882 -0.44999 0.0260529 -0.892654
40.6225 -35.1248 29.9256 -0.452143 0.0195285 -0.89172
39.4456 -34.5996 30.5403 -0.455735 0.0232704 -0.889809
39.0528 -34.4005 30.7477 -0.457007 0.0223648 -0.889181
38.4427 -35.7316 31.0284 -0.463461 0.0178052 -0.885938
37.803 -35.3906 31.37 -0.463541 0.0178111 -0.885896
37.0192 -34.8551 31.791 -0.463727 0.0180291 -0.885795
36.2731 -34.275 32.1967 -0.46841 0.0203125 -0.883278
35.544 -33.6024 32.6003 -0.47033 0.0215419 -0.882228
35.0293 -33.1282 32.8868 -0.470644 0.0231247 -0.88202
34.3995 -32.6712 33.236 -0.472845 0.0228518 -0.880849
33.5723 -31.9854 33.6967 -0.472061 0.0218099 -0.881296
32.6875 -30.968 34.1966 -0.473275 0.0207909 -0.880669
32.1538 -30.2093 34.5015 -0.472895 0.0204614 -0.880881
31.6238 -29.5153 34.8023 -0.474559 0.0204259 -0.879987
31.0482 -28.7085 35.1315 -0.4743 0.0192614 -0.880152
30.6085 -27.9965 35.3833 -0.475688 0.0187534 -0.879414
30.1306 -27.264 35.6575 -0.475568 0.0180738 -0.879493
29.6839 -26.6676 35.911 -0.476674 0.0179633 -0.878897
29.0938 -25.9456 36.2458 -0.476673 0.0168087 -0.878919
28.2587 -25.0437 36.7164 -0.477966 0.016786 -0.878218
27.6776 -24.4503 37.043 -0.476159 0.0179901 -0.879175
27.1688 -23.9479 37.3287 -0.476558 0.0157289 -0.879002
26.5892 -23.4396 37.6521 -0.477156 0.0161058 -0.878671
25.9495 -23.1063 38.0063 -0.477754 0.0164809 -0.878339
25.3328 -22.8484 38.3466 -0.477632 0.0158745 -0.878416
24.5337 -22.359 38.7894 -0.476906 0.0162826 -0.878803
23.9416 -21.8533 39.1178 -0.472543 0.0157143 -0.881167
23.3729 -21.2948 39.4328 -0.472571 0.0158145 -0.881151
22.5638 -20.4894 39.8864 -0.477018 0.0162575 -0.878742
21.6942 -19.7684 40.3724 -0.478764 0.0170265 -0.877779
21.0186 -19.3471 40.7488 -0.478598 0.0170188 -0.877869
20.3401 -18.9557 41.1271 -0.479324 0.0187922 -0.877437
19.5984 -18.3232 41.5458 -0.481772 0.0224449 -0.875996
19.1034 -17.7324 41.8375 -0.484294 0.0260969 -0.874516
18.6386 -17.1526 42.1117 -0.481164 0.0313629 -0.876058
18.0481 -16.5574 42.4639 -0.485031 0.0360007 -0.873755
17.4156 -16.0604 42.8355 -0.488142 0.0376632 -0.871942
16.811 -15.6055 43.1968 -0.491757 0.0358695 -0.869994
16.2151 -15.2584 43.548 -0.495267 0.040685 -0.867764
15.4009 -15.0099 44.0276 -0.49081 0.0503584 -0.86981
14.5693 -14.9143 44.5024 -0.492311 0.0518068 -0.868873
13.7873 -14.7261 44.954 -0.48771 0.0586283 -0.871035
13.0915 -14.437 45.3605 -0.484717 0.0583763 -0.872721
12.6708 -13.6885 45.6502 -0.488054 0.063078 -0.870531
13.0926 -12.6041 45.491 -0.488342 0.0619797 -0.870448
13.4728 -11.7557 45.3333 -0.501216 0.0558687 -0.863515
13.8185 -10.9406 45.1841 -0.504402 0.0581082 -0.861511
14.1713 -10.1753 45.0291 -0.505391 0.0527765 -0.861258
14.4196 -9.46207 44.9191 -0.516489 0.0394963 -0.855382
14.6883 -8.50621 44.7904 -0.53124 0.022895 -0.846912
14.9113 -7.67052 44.6687 -0.534667 0.01177 -0.844961
15.1618 -6.93775 44.5158 -0.53862 0.00831268 -0.842508
15.4215 -6.2284 44.3564 -0.544589 0.00215735 -0.838651
15.9876 -5.86813 43.9852 -0.541557 -0.00548248 -0.840646
16.8313 -6.1861 43.4434 -0.538332 -0.00539745 -0.842705
17.4063 -6.54536 43.082 -0.534812 -0.00597905 -0.84495
18.0088 -7.13341 42.7036 -0.5401 -0.0035302 -0.841581
18.6043 -7.73933 42.3201 -0.543984 -0.00358761 -0.839088
19.2252 -8.38347 41.9238 -0.537633 -0.00670672 -0.843136
19.7216 -9.05645 41.616 -0.531691 -0.00937427 -0.84688
20.1039 -9.75213 41.3871 -0.530095 -0.0122769 -0.84785
20.4958 -10.4296 41.1483 -0.517696 0.00390124 -0.855543
20.9281 -11.0355 40.8909 -0.510513 -0.000151577 -0.85987
21.3964 -11.552 40.6129 -0.507933 -0.00326679 -0.86138
21.9526 -11.9445 40.2901 -0.505352 -0.006382 -0.86289
22.8809 -12.3569 39.7471 -0.505558 -0.0146313 -0.862669
23.558 -12.483 39.3512 -0.505129 -0.0070987 -0.863013
24.3275 -12.3928 38.8965 -0.508834 -0.0255555 -0.860485
25.2307 -12.124 38.3568 -0.506177 -0.0248096 -0.862073
26.0098 -11.8097 37.8931 -0.504957 -0.0320457 -0.862535
26.7118 -11.5703 37.4683 -0.508983 -0.0335916 -0.860121
27.4513 -11.732 37.0371 -0.50383 -0.0383162 -0.86292
28.0421 -12.3376 36.7251 -0.50346 -0.0443319 -0.86288
28.5749 -13.0666 36.4517 -0.501608 -0.0465281 -0.863838
29.0111 -13.6471 36.2323 -0.499753 -0.0487235 -0.864796
29.5009 -14.2237 35.9754 -0.494682 -0.0318186 -0.868486
30.0417 -14.6724 35.6863 -0.496219 -0.0359899 -0.867451
31.0646 -15.4058 35.1356 -0.492755 -0.0323351 -0.869543
31.709 -15.9372 34.7858 -0.488366 -0.0285879 -0.872148
32.2565 -16.5087 34.5038 -0.483394 -0.0313261 -0.874842
32.797 -17.1141 34.2251 -0.481471 -0.0277546 -0.876018
33.6435 -17.9501 33.7904 -0.479535 -0.0292853 -0.877034
34.2118 -18.3562 33.4893 -0.480835 -0.0182088 -0.876622
34.9354 -18.8167 33.1018 -0.479159 -0.0204961 -0.877483
35.8227 -19.1087 32.6276 -0.477084 -0.0227501 -0.878563
36.7156 -19.184 32.1564 -0.46612 -0.0194243 -0.884508
37.5122 -19.063 31.7357 -0.463153 -0.020744 -0.886035
38.6538 -18.871 31.1362 -0.458936 -0.0224729 -0.888175
39.497 -19.2589 30.718 -0.452274 -0.0229513 -0.891583
40.0428 -20.0958 30.4616 -0.453237 -0.0219875 -0.891119
40.2572 -20.8146 30.3685 -0.450322 -0.0109107 -0.892796
40.806 -21.8699 30.1075 -0.441594 -0.00940522 -0.897166
41.2534 -22.5232 29.8896 -0.437744 -0.00225218 -0.899072
41.8093 -23.2109 29.6254 -0.430173 -0.00371793 -0.902736
42.6991 -23.6741 29.2058 -0.429762 0.000780852 -0.902922
43.3789 -23.9643 28.8864 -0.418575 0.00723952 -0.908153
44.0521 -24.1472 28.5746 -0.413109 0.0105533 -0.91059
45.1168 -24.4276 28.0954 -0.402745 0.00427008 -0.915273
45.8106 -24.7672 27.7926 -0.396918 0.0133625 -0.917757
46.4817 -25.2597 27.501 -0.388134 0.0083023 -0.921565
47.103 -25.7741 27.2347 -0.384257 0.0110119 -0.923147
47.9607 -26.4879 26.8828 -0.362648 0.021446 -0.931679
48.5083 -27.0542 26.6566 -0.358005 0.0182666 -0.933522
49.1351 -27.5518 26.4118 -0.353361 0.0150845 -0.935366
49.7866 -28.0548 26.1552 -0.344425 0.0322628 -0.938169
50.515 -28.4816 25.8865 -0.326596 0.0348363 -0.944522
51.2672 -28.7935 25.6149 -0.312555 0.0307307 -0.949278
52.1562 -29.0156 25.3306 -0.298514 0.0266288 -0.954034
53.0509 -29.0881 25.044 -0.295897 0.0385455 -0.954416
54.0112 -29.0046 24.7733 -0.272503 0.030096 -0.961684
54.8229 -28.9491 24.545 -0.254109 0.0296617 -0.966533
55.6481 -28.8585 24.3475 -0.235717 0.0292299 -0.971382
56.5019 -28.9816 24.1369 -0.219499 0.03062 -0.975001
57.2553 -29.2421 23.9702 -0.209286 0.0253795 -0.977525
58.05 -29.6607 23.7892 -0.190202 0.0201668 -0.981331
58.6945 -30.1342 23.6638 -0.169094 0.0425855 -0.98468
59.328 -30.557 23.5368 -0.15696 0.037312 -0.986809
60.0161 -30.8556 23.4267 -0.129099 0.0396396 -0.990839
59.4512 -31.5213 23.4875 -0.144825 0.0320416 -0.988938
58.8987 -32.0336 23.5464 -0.141675 0.0684161 -0.987517
57.9843 -32.2532 23.7033 -0.18848 0.0601572 -0.980233
57.1809 -32.5323 23.8406 -0.204686 0.0555776 -0.977098
56.3445 -32.6911 24.022 -0.220892 0.0509976 -0.973964
55.5863 -32.8522 24.1763 -0.224436 0.076709 -0.971287
54.6531 -33.2576 24.3795 -0.240272 0.0678927 -0.968329
53.9231 -33.578 24.5593 -0.270664 0.0516135 -0.961289
52.9913 -34.1464 24.7998 -0.301645 0.0494616 -0.952136
52.3393 -34.6726 24.979 -0.30025 0.0523142 -0.95242
51.4989 -35.4236 25.2148 -0.316633 0.053569 -0.947034
50.8985 -36.1043 25.3822 -0.33158 0.0427871 -0.942374
50.4906 -36.7349 25.5046 -0.343074 0.0397933 -0.938465
50.1394 -37.4084 25.6235 -0.350041 0.0157046 -0.936603
49.8288 -38.0815 25.7295 -0.366701 0.00968385 -0.930289
48.8727 -38.733 26.0995 -0.366738 0.00987752 -0.930272
48.1612 -38.7796 26.379 -0.36616 0.0106735 -0.930491
47.2399 -38.6549 26.7434 -0.385249 0.000137679 -0.922526
46.2641 -38.2991 27.1801 -0.409262 -0.00378297 -0.912409
45.6299 -38.0128 27.4693 -0.416371 0.0101732 -0.909138
44.7025 -37.6679 27.8967 -0.413968 0.00992151 -0.910237
43.8787 -37.4204 28.2771 -0.413951 0.0215496 -0.910035
43.1984 -37.2939 28.5953 -0.42888 0.00273758 -0.903357
42.1274 -37.0674 29.1234 -0.442159 0.0195905 -0.896722
41.4092 -36.9262 29.4873 -0.451662 0.00870617 -0.892147
40.3668 -36.5646 30.0219 -0.453922 0.0213061 -0.890787
39.7064 -36.2909 30.3648 -0.45374 0.0212752 -0.89088
39.0584 -36.0128 30.7016 -0.455735 0.0232721 -0.88981
38.8883 -35.9331 30.7913 -0.460331 0.0207832 -0.887492
38.4578 -37.3755 30.9915 -0.459361 0.0125797 -0.888161
37.7222 -36.9475 31.3809 -0.4635 0.0178624 -0.885917
37.0105 -36.5219 31.7618 -0.465297 0.0162781 -0.885001
36.3757 -36.0713 32.105 -0.4683 0.0161623 -0.883421
35.7208 -35.5359 32.4628 -0.468568 0.0172093 -0.88326
35.0175 -34.9301 32.8503 -0.472766 0.0195173 -0.880972
34.2218 -34.2804 33.2922 -0.472826 0.0200834 -0.880927
33.6835 -33.8454 33.5917 -0.473282 0.0205 -0.880673
33.0413 -33.3702 33.9485 -0.474599 0.0203524 -0.879967
32.5237 -32.8821 34.239 -0.474635 0.0204166 -0.879946
32.0414 -32.3648 34.5114 -0.47377 0.021127 -0.880395
31.5963 -31.7855 34.7648 -0.475198 0.0202205 -0.879646
30.7209 -30.6273 35.2646 -0.475343 0.0200522 -0.879572
30.0942 -29.8303 35.6211 -0.475305 0.0197197 -0.8796
29.6649 -28.9837 35.8726 -0.475707 0.0199656 -0.879377
29.1943 -28.2202 36.1435 -0.475749 0.0188466 -0.879379
28.6161 -27.552 36.4707 -0.475842 0.018833 -0.879329
28.114 -26.9337 36.7556 -0.475923 0.0187818 -0.879286
27.2646 -25.9534 37.2359 -0.475674 0.0182326 -0.879433
26.7086 -25.3963 37.5482 -0.475679 0.018541 -0.879424
26.0476 -24.81 37.9183 -0.475718 0.0188573 -0.879396
25.3344 -24.4294 38.3135 -0.476812 0.0194328 -0.87879
24.6735 -24.1219 38.6789 -0.475462 0.020628 -0.879492
23.8826 -23.6934 39.1135 -0.472611 0.021238 -0.881015
23.1345 -23.0267 39.5281 -0.47091 0.0189706 -0.881977
22.6044 -22.4787 39.8227 -0.470928 0.0203042 -0.881936
21.9944 -21.8792 40.164 -0.472155 0.0213072 -0.881258
21.4393 -21.3305 40.4746 -0.472155 0.0213053 -0.881258
20.7519 -20.8615 40.8555 -0.473198 0.0218398 -0.880685
20.0684 -20.4589 41.2342 -0.474473 0.0246506 -0.879924
19.2513 -20.0602 41.6868 -0.473308 0.0265653 -0.880493
18.6839 -19.4786 42.0114 -0.476611 0.0262049 -0.878724
18.0133 -18.601 42.4033 -0.481163 0.0313619 -0.876058
17.4384 -17.9857 42.7456 -0.48472 0.0333058 -0.874035
16.8667 -17.439 43.0835 -0.480379 0.0359965 -0.876304
16.2351 -16.8976 43.4596 -0.482271 0.0458012 -0.874824
15.5827 -16.5122 43.8394 -0.484565 0.0466877 -0.873504
14.8876 -16.3624 44.2356 -0.486855 0.0475737 -0.872186
14.1601 -16.3044 44.6453 -0.488127 0.0545339 -0.871066
13.0271 -16.0315 45.2902 -0.482862 0.0585502 -0.873735
12.1244 -15.6943 45.8044 -0.475741 0.0635002 -0.87729
11.575 -15.0941 46.1467 -0.476482 0.0639453 -0.876856
11.1668 -14.3681 46.423 -0.47911 0.0714791 -0.874825
11.2765 -13.2974 46.454 -0.482459 0.0746851 -0.872729
11.6946 -12.5776 46.2854 -0.488495 0.0720401 -0.86955
12.0863 -11.7772 46.1246 -0.494776 0.0681003 -0.866348
12.4806 -10.9025 45.9625 -0.4952 0.0612707 -0.866616
12.8597 -10.1538 45.7945 -0.499968 0.0572701 -0.864148
13.2311 -9.38617 45.6223 -0.499196 0.0466437 -0.865232
13.5182 -8.52753 45.4945 -0.506124 0.0327555 -0.861833
13.6916 -7.6591 45.4229 -0.513039 0.0209332 -0.858017
13.9688 -6.73098 45.2757 -0.526732 0.0261572 -0.849629
14.3049 -5.84549 45.0731 -0.537873 0.0075287 -0.842992
14.5551 -5.15271 44.9254 -0.552592 0.000993707 -0.833086
14.7155 -4.14346 44.7905 -0.560435 -0.0215255 -0.827918
14.6686 -3.28614 44.7851 -0.575032 -0.0350425 -0.81738
15.0901 -2.52329 44.4559 -0.568956 -0.0384725 -0.821428
15.4437 -3.36084 44.2573 -0.562879 -0.0419029 -0.825476
16.011 -4.01082 43.9004 -0.561933 -0.0526929 -0.82542
16.7844 -4.52728 43.4163 -0.552798 -0.0366229 -0.83251
17.5729 -4.92692 42.9103 -0.548596 -0.0413253 -0.835038
18.1445 -5.36121 42.5614 -0.550427 -0.0463106 -0.833598
18.6386 -5.94476 42.2629 -0.55103 -0.0247123 -0.834114
19.1889 -6.45267 41.9111 -0.553316 -0.022544 -0.832666
19.7491 -6.92581 41.5517 -0.553315 -0.0225455 -0.832667
20.2985 -7.56536 41.2195 -0.545195 -0.0344712 -0.8376
20.7742 -8.23175 40.9393 -0.53762 -0.0363778 -0.842395
21.1634 -9.03128 40.7208 -0.523 -0.012302 -0.852244
21.5575 -9.7799 40.4897 -0.521589 -0.0154644 -0.853049
22.4408 -10.7218 39.98 -0.511954 -0.0213191 -0.858748
23.2238 -11.0466 39.52 -0.514505 -0.0278301 -0.857003
24.1656 -11.0241 38.9539 -0.514502 -0.0278275 -0.857005
24.9815 -10.7143 38.4555 -0.508963 -0.0373689 -0.859977
26.0802 -10.1991 37.7719 -0.520135 -0.0423319 -0.853034
26.7181 -9.90488 37.362 -0.520301 -0.0699864 -0.851067
27.5869 -10.1078 36.8538 -0.516123 -0.0582043 -0.854535
28.1916 -10.4412 36.5174 -0.502335 -0.0636889 -0.862325
28.7841 -11.0017 36.2137 -0.504312 -0.0578209 -0.861561
29.2353 -11.6528 35.9872 -0.508294 -0.0523477 -0.859591
29.7804 -12.4985 35.7219 -0.502169 -0.0539883 -0.863068
30.3315 -13.2388 35.4443 -0.499616 -0.0510988 -0.864734
30.9142 -13.6884 35.1366 -0.498015 -0.052991 -0.865548
31.6329 -14.1377 34.749 -0.500201 -0.0478171 -0.864588
32.5963 -14.8827 34.2413 -0.489733 -0.0513413 -0.87036
33.4519 -15.8018 33.8042 -0.486129 -0.0413158 -0.872885
33.9248 -16.3871 33.5742 -0.481196 -0.0448489 -0.875465
34.4394 -16.9438 33.3201 -0.481445 -0.0401777 -0.875542
35.0272 -17.3745 33.0127 -0.48396 -0.0363745 -0.874334
35.6591 -17.7073 32.6768 -0.476382 -0.0358224 -0.878466
36.3966 -17.7779 32.2869 -0.47001 -0.0334014 -0.882029
37.1277 -17.7042 31.8946 -0.47001 -0.0333993 -0.882029
37.993 -17.4206 31.4326 -0.465496 -0.0389352 -0.884157
38.7445 -17.3174 31.0343 -0.460867 -0.0471895 -0.886214
39.4768 -17.523 30.6617 -0.45853 -0.033394 -0.888034
40.2035 -17.8441 30.3101 -0.445777 -0.0338814 -0.894503
40.7552 -18.391 30.0559 -0.447073 -0.0321125 -0.893918
41.2553 -19.4982 29.845 -0.4376 -0.0250545 -0.898809
41.5234 -20.6589 29.7416 -0.441347 -0.0158991 -0.897173
41.8995 -21.3519 29.5686 -0.432796 -0.0137305 -0.901388
42.5381 -22.1196 29.2737 -0.432253 -0.00804871 -0.901698
43.1779 -22.5018 28.979 -0.418583 -0.00227007 -0.908176
44.3871 -22.8258 28.4279 -0.411223 -0.0109396 -0.911469
45.0814 -22.9484 28.1162 -0.407131 -0.00821467 -0.913318
45.9275 -23.1981 27.7515 -0.395487 0.00444346 -0.918461
46.6123 -23.5295 27.455 -0.386976 0.00165353 -0.922038
47.2665 -24.0121 27.1881 -0.378463 -0.00113526 -0.925616
47.8796 -24.5434 26.9335 -0.37164 0.0100039 -0.928268
48.5982 -25.1226 26.6517 -0.35818 0.00791102 -0.933619
49.126 -25.6134 26.4424 -0.350815 0.0098412 -0.936333
49.6876 -26.0975 26.2351 -0.341396 0.00641461 -0.939898
50.2525 -26.5828 26.0195 -0.332667 0.0176538 -0.942783
50.9263 -27.0638 25.7846 -0.320629 0.0134689 -0.947109
51.5866 -27.3832 25.5565 -0.323614 0.0241532 -0.945815
52.4498 -27.5717 25.2736 -0.306922 0.016372 -0.951594
53.2475 -27.6027 25.0158 -0.290839 0.0158598 -0.956493
54.2527 -27.4607 24.7308 -0.271788 0.0127725 -0.962264
54.9755 -27.3916 24.5344 -0.263309 0.0137874 -0.964613
56.1949 -27.3167 24.2311 -0.225351 0.0112906 -0.974212
57.465 -27.6835 23.9493 -0.201629 0.00329405 -0.979456
58.2794 -28.1179 23.7802 -0.205457 0.0143357 -0.978491
59.2396 -28.6659 23.6038 -0.15667 0.0234226 -0.987373
59.9996 -29.0695 23.4736 -0.156671 0.023422 -0.987373
60.7935 -29.5535 23.3584 -0.134165 0.00940252 -0.990914
61.4595 -30.0943 23.2659 -0.113963 0.00807781 -0.9934
61.9243 -30.7551 23.2057 -0.0947132 0.0351405 -0.994884
62.3144 -31.4815 23.1429 -0.0889838 0.0298315 -0.995555
62.652 -32.1563 23.0981 -0.080797 0.0340878 -0.996099
61.5572 -32.5257 23.1697 -0.0947134 0.0498167 -0.994139
60.8077 -32.7227 23.2399 -0.114324 0.0546567 -0.991915
59.8443 -33.0448 23.3402 -0.133996 0.0577254 -0.98919
59.1204 -33.3015 23.4302 -0.142995 0.0556751 -0.988156
58.3959 -33.554 23.549 -0.181109 0.070306 -0.980844
57.5903 -33.9177 23.6633 -0.179389 0.0830609 -0.980262
56.7882 -34.0902 23.8108 -0.208898 0.085859 -0.974161
55.6869 -34.3761 24.0443 -0.240584 0.0679856 -0.968244
54.4791 -34.8455 24.3237 -0.270665 0.0699631 -0.960089
53.6567 -35.3623 24.5258 -0.300251 0.052317 -0.952419
52.9534 -35.9008 24.7152 -0.30395 0.0719706 -0.949799
52.2891 -36.4223 24.8878 -0.327858 0.0740682 -0.941766
51.6714 -37.1446 25.0527 -0.337295 0.0742068 -0.93847
51.3115 -37.8622 25.1585 -0.355759 0.0341448 -0.933919
50.9791 -38.927 25.2695 -0.366822 0.00712253 -0.930264
50.7647 -40.0098 25.3582 -0.3708 -0.023019 -0.92833
49.5492 -40.2029 25.834 -0.363791 -0.0145432 -0.931367
48.8063 -40.2206 26.1262 -0.365509 -0.016223 -0.930666
48.0825 -40.2884 26.4113 -0.365045 -0.0165172 -0.930843
47.3336 -40.2378 26.7195 -0.393743 -0.0180192 -0.918939
46.6151 -39.9966 27.0343 -0.398105 -0.00701955 -0.917287
45.8153 -39.6551 27.3817 -0.40522 0.00663644 -0.914195
45.0548 -39.2979 27.7214 -0.408968 0.00533434 -0.912523
44.2387 -38.9871 28.0991 -0.419881 0.00663359 -0.907551
43.5034 -38.7651 28.4401 -0.424286 0.00580133 -0.905493
42.2974 -38.506 29.0255 -0.439066 -6.8402e-05 -0.898455
41.6196 -38.44 29.3682 -0.451196 0.00478394 -0.892412
40.3178 -38.1128 30.0284 -0.451918 0.0101346 -0.892
39.6715 -37.8277 30.3583 -0.454619 0.010643 -0.890613
38.843 -37.5425 30.79 -0.459361 0.0125797 -0.888161
38.3868 -38.9763 31.0054 -0.459392 0.0129378 -0.888139
37.6641 -38.623 31.3852 -0.463112 0.0119757 -0.886219
37.0727 -38.18 31.7011 -0.467124 0.0151303 -0.884062
36.2501 -37.7561 32.143 -0.467088 0.0149114 -0.884085
35.5005 -37.1713 32.5498 -0.468032 0.0151129 -0.883582
34.9055 -36.5653 32.8753 -0.468298 0.016163 -0.883422
34.2984 -36.0035 33.2131 -0.472957 0.0186695 -0.880888
33.7124 -35.4759 33.5389 -0.472956 0.0186736 -0.880888
32.8959 -34.9269 33.9912 -0.47506 0.0190526 -0.879747
32.1124 -34.3603 34.4266 -0.474809 0.01967 -0.879869
31.4241 -33.7754 34.8117 -0.474937 0.0204109 -0.879783
30.9324 -33.2576 35.0891 -0.475007 0.0205292 -0.879742
30.5027 -32.6865 35.3346 -0.475418 0.0206582 -0.879517
30.0731 -31.9734 35.5835 -0.475321 0.0204524 -0.879575
29.5472 -31.3867 35.8814 -0.475349 0.0204558 -0.879559
29.0326 -30.6798 36.176 -0.475452 0.0202413 -0.879509
28.5774 -29.7497 36.4433 -0.475481 0.0200863 -0.879497
27.991 -28.9666 36.7776 -0.475066 0.0196812 -0.87973
27.1868 -27.9138 37.2357 -0.475541 0.0198186 -0.87947
26.6502 -27.215 37.5411 -0.474438 0.0204535 -0.880051
26.1385 -26.7 37.8288 -0.474606 0.019335 -0.879986
25.5278 -26.1269 38.1707 -0.474598 0.0193359 -0.87999
24.7948 -25.8441 38.5712 -0.473678 0.0189401 -0.880495
24.1312 -25.5436 38.9358 -0.473358 0.0214683 -0.880608
23.5007 -25.2442 39.2808 -0.469608 0.0234519 -0.882563
22.7518 -24.6243 39.6958 -0.469246 0.0231295 -0.882765
22.2116 -24.13 39.9955 -0.468909 0.0228939 -0.88295
21.37 -23.2782 40.4646 -0.470342 0.0222894 -0.8822
20.8124 -22.6286 40.7774 -0.468534 0.0231692 -0.883142
20.12 -22.1828 41.1593 -0.470822 0.0249139 -0.881876
19.5579 -21.7939 41.4706 -0.471696 0.0245498 -0.881419
18.9367 -21.4695 41.8115 -0.471041 0.0237747 -0.881791
18.3023 -21.1995 42.1575 -0.468828 0.0342581 -0.882625
17.5001 -20.1729 42.6228 -0.468896 0.0336683 -0.882612
16.9826 -19.7051 42.9197 -0.47488 0.0387233 -0.879196
16.5623 -19.0762 43.1763 -0.475886 0.0396846 -0.878611
15.8205 -18.279 43.6189 -0.482008 0.0422276 -0.875149
15.1702 -17.8075 43.9979 -0.476961 0.0483206 -0.877593
14.4627 -17.7418 44.3884 -0.479904 0.0556476 -0.875555
13.5641 -17.7219 44.8824 -0.477838 0.0583822 -0.876497
12.8019 -17.4237 45.3159 -0.475211 0.0609234 -0.87776
12.133 -17.2054 45.693 -0.475074 0.0608372 -0.87784
11.3559 -17.0339 46.1161 -0.464634 0.0670418 -0.882961
10.6914 -16.402 46.5151 -0.465438 0.0677279 -0.882485
10.1643 -15.6468 46.8529 -0.467234 0.0727427 -0.881129
9.66886 -14.9731 47.1747 -0.469478 0.0749822 -0.879754
9.32507 -14.216 47.4216 -0.449957 0.0808579 -0.889382
9.55036 -13.3754 47.3842 -0.473892 0.0889648 -0.876078
9.9838 -12.7522 47.2131 -0.470137 0.0988293 -0.876979
10.6736 -11.9314 46.9144 -0.497981 0.0876709 -0.862745
11.1096 -11.0824 46.742 -0.502808 0.0737478 -0.861235
11.4285 -10.2991 46.62 -0.506458 0.0723272 -0.859226
11.7761 -9.57663 46.4585 -0.508827 0.0456859 -0.859656
12.2147 -8.76078 46.2443 -0.500768 0.0383767 -0.864731
12.4434 -8.01023 46.1437 -0.501925 0.0354571 -0.864184
12.7322 -6.82199 46.0278 -0.528356 0.0424221 -0.847963
13.1412 -5.58176 45.8348 -0.53939 0.0333898 -0.841249
13.4524 -4.65209 45.657 -0.550216 0.0296823 -0.834479
13.594 -3.87029 45.5568 -0.568511 -0.0186289 -0.822392
13.599 -3.03927 45.5265 -0.578676 -0.0257652 -0.81515
13.6036 -2.26793 45.4878 -0.592124 -0.0479363 -0.80442
13.642 -1.04278 45.3801 -0.590583 -0.065539 -0.804274
13.6759 -0.210327 45.2801 -0.593571 -0.0721214 -0.801544
13.6473 0.781835 45.198 -0.580771 -0.0990776 -0.807951
13.6232 1.97451 45.0798 -0.574969 -0.0925033 -0.812929
13.5736 2.88668 45.0057 -0.578167 -0.098254 -0.809981
13.4511 3.93652 44.9676 -0.582059 -0.100585 -0.806902
13.3839 4.86614 44.8946 -0.579903 -0.106374 -0.807711
13.3053 5.70293 44.8428 -0.5867 -0.1172 -0.801275
13.0137 6.77338 44.9 -0.584034 -0.115572 -0.80346
12.8389 7.68938 44.889 -0.57227 -0.125395 -0.810421
12.4556 8.68967 45.0204 -0.566137 -0.108415 -0.81715
12.0228 9.5022 45.2087 -0.562901 -0.108505 -0.819365
11.5752 10.3077 45.4064 -0.555755 -0.109515 -0.824097
11.0261 11.1658 45.6614 -0.546058 -0.10103 -0.831633
10.3768 12.0586 45.9788 -0.542287 -0.0958893 -0.834701
9.97084 12.7613 46.1554 -0.53598 -0.104644 -0.83772
9.34403 13.5387 46.4354 -0.517296 -0.11124 -0.848546
8.97045 14.2032 46.5726 -0.496488 -0.124352 -0.858892
8.17714 14.9933 46.9274 -0.496948 -0.105737 -0.861314
7.89134 15.7289 46.9943 -0.476044 -0.114217 -0.87195
8.12866 16.4178 46.7803 -0.474654 -0.102389 -0.874153
8.81139 17.0041 46.332 -0.487583 -0.099366 -0.867372
9.53534 17.2638 45.8897 -0.494627 -0.0958216 -0.863807
10.4572 17.2173 45.3576 -0.51604 -0.0834525 -0.852468
11.1196 17.2421 44.9487 -0.521146 -0.0841854 -0.849305
11.7903 17.337 44.5259 -0.541039 -0.0719358 -0.837905
12.4739 17.4236 44.0732 -0.544182 -0.0736208 -0.835731
13.1611 17.3653 43.6308 -0.552153 -0.0693059 -0.830793
13.7975 17.5252 43.1871 -0.559138 -0.0641612 -0.826588
14.5902 17.6573 42.6352 -0.570485 -0.0563353 -0.819373
15.2173 17.8811 42.181 -0.573803 -0.0571214 -0.816999
15.8907 18.3895 41.673 -0.578496 -0.0540798 -0.813864
16.5437 18.7499 41.1793 -0.583701 -0.0523507 -0.810279
17.0481 19.2331 40.7792 -0.5885 -0.0541595 -0.806681
17.5012 19.8689 40.4146 -0.58443 -0.0467268 -0.810098
18.0618 20.5966 39.9627 -0.6009 -0.0343586 -0.798584
18.6331 21.1331 39.5103 -0.601416 -0.0327448 -0.798265
19.2542 21.7337 39.0191 -0.603766 -0.0308766 -0.796551
19.8549 22.182 38.5419 -0.60739 -0.0311145 -0.793795
20.4514 22.6521 38.068 -0.611736 -0.0260321 -0.790594
21.1328 22.9366 37.5221 -0.620581 -0.0209255 -0.783863
21.748 23.0986 37.0307 -0.625474 -0.0191709 -0.779983
22.4947 23.5268 36.4111 -0.63311 -0.0106667 -0.773989
23.117 23.7688 35.8988 -0.638087 -0.0124395 -0.769834
23.6204 24.1333 35.4692 -0.643063 -0.0142184 -0.765681
24.5358 24.817 34.686 -0.64822 -0.0117549 -0.761351
25.0832 25.0713 34.2135 -0.652584 -0.0106455 -0.757637
25.9426 25.4829 33.4635 -0.654116 -0.00675162 -0.756347
26.5813 25.7594 32.9018 -0.663329 0.00258798 -0.748324
27.1368 26.0096 32.4103 -0.664065 0.00179192 -0.747672
28.0647 26.6319 31.5785 -0.670248 0.00266984 -0.742133
28.866 27.0123 30.8579 -0.672948 0.00774168 -0.73965
29.6861 27.3619 30.1041 -0.682698 0.0148067 -0.730551
30.4289 27.0075 29.4025 -0.682918 0.0150256 -0.730341
29.9692 26.4384 29.8206 -0.6824 0.0193724 -0.730709
29.5252 25.9894 30.2282 -0.691526 0.0180112 -0.722127
29.0024 24.9458 30.7113 -0.683916 0.00206839 -0.729558
28.6111 24.3772 31.076 -0.677985 -0.0027392 -0.73507
28.1651 23.5913 31.497 -0.676843 -0.0105821 -0.736052
27.9096 22.892 31.741 -0.673808 -0.0159803 -0.738704
27.6947 22.0558 31.9623 -0.673107 -0.0226096 -0.739199
27.5451 21.2436 32.1222 -0.688884 -0.0206058 -0.724499
27.6162 20.445 32.0998 -0.699615 -0.0436841 -0.713183
27.8977 19.6625 31.8899 -0.689237 -0.0974037 -0.717959
28.7326 19.0338 31.2224 -0.654033 -0.0995878 -0.749882
29.2996 18.7435 30.7659 -0.672925 -0.114289 -0.730741
29.9306 18.7246 30.2433 -0.632045 -0.15924 -0.758394
30.67 18.9999 29.5794 -0.622835 -0.140479 -0.769636
31.3258 19.2399 29.0036 -0.62398 -0.139724 -0.768847
31.8954 19.3392 28.5105 -0.621911 -0.160446 -0.76617
32.4981 19.4833 28.0094 -0.605766 -0.169418 -0.777396
33.2404 19.8477 27.368 -0.593276 -0.162841 -0.788357
33.8867 20.4255 26.7583 -0.584805 -0.180721 -0.790786
34.6294 20.8131 26.1275 -0.573975 -0.174892 -0.799979
35.3342 21.0892 25.5528 -0.577232 -0.193799 -0.793245
35.9514 21.5499 24.9943 -0.576558 -0.206623 -0.790356
36.5545 21.8828 24.4797 -0.564891 -0.209752 -0.798046
37.2631 22.2566 23.8883 -0.551265 -0.216635 -0.805715
38.0487 22.6643 23.2455 -0.547283 -0.212617 -0.809491
38.8151 22.7538 22.7227 -0.522667 -0.224146 -0.822543
39.627 23.1622 22.0874 -0.507218 -0.249435 -0.824816
40.417 23.633 21.4687 -0.481592 -0.253118 -0.838854
41.3552 23.8604 20.8857 -0.468123 -0.254491 -0.846205
42.1755 24.1737 20.34 -0.440366 -0.284719 -0.851477
42.9044 24.3683 19.9085 -0.42132 -0.292789 -0.858349
43.7944 24.5712 19.4198 -0.3896 -0.290831 -0.873859
45.197 24.7619 18.7463 -0.367131 -0.285742 -0.885093
45.981 25.0543 18.3378 -0.331866 -0.286736 -0.898351
46.7044 25.2151 18.037 -0.322047 -0.296949 -0.898948
47.844 25.3739 17.5788 -0.312112 -0.333426 -0.889614
48.928 25.3371 17.2472 -0.264056 -0.315508 -0.911443
49.6344 24.9496 17.1775 -0.263289 -0.315948 -0.911513
49.7032 23.8939 17.4869 -0.266136 -0.280387 -0.922255
49.2841 23.1215 17.8567 -0.281852 -0.277247 -0.918379
48.6954 22.4721 18.2199 -0.281315 -0.261458 -0.92331
48.1292 21.9835 18.5499 -0.299755 -0.272378 -0.914307
47.5592 21.522 18.8747 -0.321721 -0.280467 -0.904338
46.8818 21.0417 19.2621 -0.321641 -0.277462 -0.90529
46.1228 20.7098 19.6345 -0.337444 -0.276605 -0.89967
45.4403 20.3197 20.0222 -0.350416 -0.272335 -0.896115
44.8364 19.9978 20.3548 -0.356407 -0.274076 -0.893183
44.0779 19.3223 20.8976 -0.389581 -0.279367 -0.877599
43.3093 18.6934 21.4271 -0.383011 -0.271311 -0.883002
42.7043 18.3668 21.8095 -0.429089 -0.257775 -0.865685
41.739 18.1505 22.3413 -0.422031 -0.239514 -0.87437
40.8221 17.9946 22.8484 -0.445222 -0.241482 -0.862243
40.0485 17.9744 23.2695 -0.479577 -0.214485 -0.850715
39.3991 17.7565 23.707 -0.49568 -0.217151 -0.84092
38.7212 17.5767 24.1531 -0.508562 -0.216272 -0.833286
38.1109 17.1612 24.6421 -0.514384 -0.199652 -0.833995
37.5957 16.7923 25.0482 -0.514383 -0.199652 -0.833996
37.0093 16.4627 25.5015 -0.535275 -0.20048 -0.82052
36.4347 16.01 25.9932 -0.538401 -0.206955 -0.816876
35.7736 15.464 26.5728 -0.542762 -0.213043 -0.812417
35.2718 15.0153 27.0257 -0.548817 -0.208066 -0.809592
34.656 14.713 27.5278 -0.552276 -0.217809 -0.804705
33.918 14.4809 28.0972 -0.542921 -0.204606 -0.814261
32.9563 14.3151 28.7816 -0.5548 -0.183072 -0.811592
31.9137 14.2097 29.5216 -0.562364 -0.165812 -0.810093
31.2221 13.6963 30.132 -0.584628 -0.158278 -0.795712
30.7186 13.2496 30.5902 -0.585859 -0.155456 -0.795363
30.2556 12.7996 31.0244 -0.578332 -0.169522 -0.797994
29.8364 12.3236 31.4293 -0.578785 -0.173518 -0.796795
29.2943 11.7638 31.9491 -0.579422 -0.177615 -0.795439
28.7517 11.4455 32.4222 -0.59503 -0.163984 -0.786795
27.9109 11.1506 33.1154 -0.593502 -0.151195 -0.790503
27.0872 10.8414 33.7908 -0.591298 -0.151213 -0.79215
26.4611 10.5011 34.3244 -0.599139 -0.148685 -0.786666
25.892 10.2441 34.8128 -0.600257 -0.140721 -0.787284
25.351 9.78049 35.2988 -0.594565 -0.13682 -0.792321
24.8634 9.14642 35.7782 -0.586847 -0.144018 -0.79678
24.4295 8.64619 36.1853 -0.590758 -0.138623 -0.794806
23.6251 8.04764 36.8942 -0.591517 -0.13076 -0.795578
23.0133 7.53118 37.4259 -0.587045 -0.132756 -0.798595
22.4426 7.20967 37.9038 -0.592883 -0.134542 -0.79397
21.5465 6.86178 38.6262 -0.588934 -0.129985 -0.797659
20.9818 6.64053 39.0792 -0.581021 -0.124093 -0.804284
20.3038 6.32924 39.6253 -0.59004 -0.124581 -0.797705
19.6335 6.13124 40.1516 -0.586391 -0.124401 -0.800418
18.8143 5.88339 40.7915 -0.587224 -0.123981 -0.799873
18.1648 5.3438 41.3546 -0.591315 -0.119935 -0.797472
17.6429 4.69223 41.8305 -0.583919 -0.11853 -0.803112
17.2167 3.8095 42.2658 -0.580774 -0.112188 -0.806297
16.9563 3.13979 42.5465 -0.581896 -0.111953 -0.80552
16.6489 2.4763 42.856 -0.577536 -0.0994558 -0.810282
16.0977 1.5434 43.3618 -0.578298 -0.0975132 -0.809977
15.7884 0.241799 43.7228 -0.572908 -0.0856324 -0.815134
16.1189 -1.13237 43.6296 -0.574682 -0.0814375 -0.814315
16.345 -2.19685 43.5648 -0.568307 -0.0575598 -0.820726
17.346 -3.2335 42.9561 -0.55347 -0.0586962 -0.830799
18.2172 -3.8388 42.4069 -0.562266 -0.0688999 -0.824065
18.9629 -4.35572 41.9477 -0.559114 -0.0628734 -0.826659
19.4983 -4.87004 41.619 -0.560635 -0.0533311 -0.826343
20.0956 -5.41906 41.2478 -0.561458 -0.0523748 -0.825846
20.7656 -6.04601 40.8415 -0.549126 -0.052611 -0.834076
21.2855 -6.68627 40.5428 -0.547558 -0.0551268 -0.83495
21.7655 -7.36205 40.269 -0.537622 -0.0363798 -0.842393
22.1011 -8.0723 40.0902 -0.529998 -0.0383454 -0.847131
22.3732 -8.77747 39.9519 -0.529997 -0.0383459 -0.847132
22.9372 -9.50837 39.6376 -0.526114 -0.043727 -0.849289
23.5984 -9.87015 39.2469 -0.515574 -0.0365016 -0.856065
24.4352 -9.44339 38.7223 -0.515962 -0.0408499 -0.855631
25.0842 -9.09323 38.3047 -0.518856 -0.0625086 -0.852573
25.8901 -8.64003 37.7743 -0.528175 -0.0688938 -0.846336
26.6545 -8.24322 37.2649 -0.527899 -0.0692636 -0.846478
27.3836 -8.37029 36.8288 -0.522635 -0.0827893 -0.848527
28.0254 -8.70563 36.4662 -0.522635 -0.0827898 -0.848527
28.6774 -9.01542 36.1019 -0.512373 -0.0861719 -0.854429
29.4956 -9.74206 35.6825 -0.513293 -0.0792345 -0.85453
29.9792 -10.4493 35.4555 -0.511176 -0.075519 -0.856152
30.3615 -11.0865 35.2834 -0.509584 -0.0769891 -0.856966
31.0178 -12.1054 34.9713 -0.505413 -0.0595382 -0.860821
31.882 -12.7648 34.5166 -0.501217 -0.0644979 -0.862914
32.6563 -13.0595 34.0917 -0.493593 -0.0653649 -0.867223
33.8811 -14.2411 33.4777 -0.491908 -0.0537481 -0.868987
34.5055 -14.9874 33.1787 -0.48356 -0.0563568 -0.873495
35.0393 -15.7607 32.9331 -0.481246 -0.0501691 -0.875122
35.5555 -16.291 32.6752 -0.476379 -0.0358241 -0.878467
36.2168 -16.3904 32.3274 -0.47548 -0.0501804 -0.878294
36.9545 -16.3742 31.9271 -0.471032 -0.0500716 -0.88068
37.6197 -16.1205 31.5613 -0.466588 -0.0499627 -0.883062
38.2835 -15.7385 31.1855 -0.464593 -0.0586742 -0.883549
38.9796 -15.7464 30.8264 -0.460227 -0.0537646 -0.886156
39.8172 -15.9505 30.4004 -0.454337 -0.0508184 -0.889334
40.5643 -16.2602 30.0453 -0.445852 -0.0522745 -0.893578
41.4479 -16.9842 29.6493 -0.441396 -0.0483642 -0.895989
42.2293 -18.1995 29.3205 -0.441978 -0.0391482 -0.896171
42.4637 -19.0506 29.245 -0.426277 -0.0354913 -0.903893
42.5638 -19.8639 29.22 -0.430351 -0.0247622 -0.902322
42.7495 -20.5912 29.1514 -0.430682 -0.0186452 -0.902291
43.3014 -21.0866 28.9033 -0.417931 -0.0160399 -0.908337
44.0548 -21.4141 28.5625 -0.419622 -0.0118401 -0.90761
45.0238 -21.5098 28.1329 -0.403038 -0.00548692 -0.915167
45.8514 -21.685 27.7695 -0.398272 -0.0081887 -0.917212
46.7276 -21.9493 27.4004 -0.389022 -0.00766371 -0.921197
47.5488 -22.393 27.069 -0.374702 -0.0114726 -0.927074
48.1668 -22.8299 26.8177 -0.367456 -0.00334302 -0.929951
48.8228 -23.3402 26.5705 -0.355919 -0.00501322 -0.934503
49.4485 -24.0235 26.3304 -0.348824 0.00241285 -0.937105
50.1821 -24.6616 26.067 -0.338867 0.0041696 -0.940817
50.8393 -25.1388 25.8321 -0.321275 0.0047662 -0.946974
51.3962 -25.6592 25.6405 -0.322392 0.00749315 -0.946572
52.4709 -26.1112 25.281 -0.302891 0.00517989 -0.953011
53.5424 -26.1475 24.9445 -0.288631 0.00499695 -0.957366
54.3435 -26.0671 24.7115 -0.27933 0.0002212 -0.960195
55.0859 -25.8447 24.5036 -0.26713 -0.000595321 -0.963646
55.8238 -25.7995 24.319 -0.234692 0.00156028 -0.972069
57.1857 -26.0121 24.008 -0.210221 0.000840807 -0.977653
57.9184 -26.2239 23.8503 -0.20805 -0.00146285 -0.978112
58.7551 -26.5087 23.6944 -0.174499 0.00262647 -0.984654
59.3704 -27.0197 23.584 -0.168204 -0.00299574 -0.985711
60.167 -27.4417 23.457 -0.157725 -0.00689715 -0.987448
60.9026 -27.8439 23.3448 -0.141086 -0.0134713 -0.989791
61.7125 -28.3405 23.2506 -0.128634 -0.0217679 -0.991453
62.4737 -28.8828 23.1594 -0.113962 0.00807814 -0.9934
62.9811 -29.4765 23.1117 -0.0814842 0.00600781 -0.996657
63.3913 -30.188 23.0738 -0.0783062 0.00364623 -0.996915
63.9862 -31.0341 23.0251 -0.064352 0.0109325 -0.997798
64.5771 -32.0202 22.9903 -0.036586 0.014678 -0.999153
64.8408 -33.0443 22.9538 -0.0355288 0.026469 -0.999018
64.1192 -33.2718 22.9775 -0.0456059 0.0228594 -0.998698
63.161 -33.5711 23.0138 -0.0527168 0.0337248 -0.99804
62.292 -33.7507 23.0494 -0.0800417 0.0707069 -0.99428
61.3403 -33.9997 23.1079 -0.0794801 0.0702619 -0.994357
60.5915 -34.2212 23.1569 -0.113233 0.0839928 -0.990012
59.7714 -34.4201 23.2536 -0.154687 0.0703974 -0.985452
58.7241 -34.8771 23.3875 -0.165749 0.0715241 -0.983571
58.0085 -35.1138 23.4777 -0.176471 0.108658 -0.977911
57.1485 -35.4409 23.6208 -0.193805 0.0915938 -0.976755
56.4213 -35.6893 23.7418 -0.195437 0.0916117 -0.976427
55.7418 -36.0104 23.867 -0.255835 0.0864582 -0.962528
55.0692 -36.2729 24.0365 -0.260372 0.106731 -0.959591
54.3267 -36.656 24.2205 -0.279102 0.0791193 -0.956996
53.562 -37.0263 24.4095 -0.292304 0.12452 -0.948095
52.6319 -37.8128 24.6276 -0.331315 0.130295 -0.93448
52.2771 -38.6301 24.7296 -0.394069 0.0105059 -0.919021
52.0984 -39.3898 24.7975 -0.403613 0.0193629 -0.914622
52.034 -40.2659 24.8493 -0.42457 -0.0588533 -0.901148
52.3827 -40.9939 24.7597 -0.35008 -0.147286 -0.923347
52.9547 -41.5482 24.6313 -0.350078 -0.147287 -0.923348
51.937 -41.7868 24.999 -0.341837 -0.0969154 -0.934284
51.1352 -41.8343 25.2993 -0.336914 -0.0675112 -0.939112
50.1781 -41.8345 25.6523 -0.347086 -0.0496876 -0.936516
48.8747 -41.7152 26.145 -0.364746 -0.0424252 -0.93014
47.9127 -41.912 26.5259 -0.360136 -0.0395906 -0.932059
47.1192 -41.7971 26.8447 -0.378635 -0.0171399 -0.925377
46.3965 -41.4947 27.1315 -0.383403 -0.00814266 -0.923461
45.5514 -41.0694 27.4956 -0.405376 -0.0159012 -0.914012
44.9054 -40.7605 27.786 -0.417611 -0.0110251 -0.908559
44.2307 -40.4586 28.0925 -0.417613 -0.0110256 -0.908558
43.413 -40.2083 28.478 -0.429603 0.00190967 -0.903016
42.5223 -40.0084 28.9106 -0.439674 0.00591608 -0.898138
41.859 -39.8528 29.2362 -0.442549 0.00720704 -0.896708
40.7619 -39.8015 29.7828 -0.445629 0.00831915 -0.895179
39.9607 -39.5235 30.1902 -0.451831 0.0122776 -0.892019
39.3351 -39.2231 30.5112 -0.451814 0.0122743 -0.892028
38.6546 -39.1148 30.8647 -0.459491 0.0131061 -0.888086
20.079 -14.6717 41.3656 -0.496271 0.0142541 -0.86805
19.4432 -14.0495 41.7428 -0.499355 0.0216034 -0.866128
18.5918 -13.4281 42.2501 -0.503072 0.0260849 -0.863837
17.7733 -13.0139 42.7438 -0.504935 0.0303786 -0.862623
17.146 -12.7738 43.1229 -0.510068 0.0314676 -0.859558
16.3033 -12.2535 43.6468 -0.509415 0.0369166 -0.859722
16.3225 -11.2677 43.6778 -0.509416 0.0369143 -0.859721
16.5016 -10.5286 43.5943 -0.526438 0.0281174 -0.849743
17.305 -10.1551 43.1113 -0.52418 0.0269324 -0.851182
17.8285 -10.9402 42.768 -0.520227 0.0211709 -0.853761
18.1915 -11.5566 42.5332 -0.517899 0.0208097 -0.855189
18.7358 -12.4508 42.1889 -0.515059 0.0139771 -0.857041
19.2603 -13.0703 41.8669 -0.507615 0.0113682 -0.861508
20.103 -13.8705 41.362 -0.502381 0.0076264 -0.864593
20.5491 -14.1879 41.104 -0.497416 0.00977151 -0.867447
15.3486 2.87409 43.7314 -0.579357 -0.100726 -0.80882
15.7843 3.68131 43.3205 -0.579895 -0.106563 -0.807664
16.088 4.44901 42.9943 -0.583435 -0.110279 -0.804638
16.4813 5.18003 42.6089 -0.58464 -0.111857 -0.803541
17.1982 6.17304 41.9452 -0.586112 -0.11337 -0.802259
17.9358 6.8822 41.298 -0.591978 -0.112634 -0.798045
18.7397 7.31601 40.639 -0.592712 -0.112276 -0.79755
19.6488 7.68747 39.9104 -0.594115 -0.114966 -0.796119
20.4961 7.91806 39.2466 -0.596302 -0.113663 -0.794665
21.0434 8.26224 38.7833 -0.599043 -0.114492 -0.792489
21.6399 8.47029 38.3079 -0.59439 -0.124379 -0.79447
22.2312 8.79394 37.8113 -0.597032 -0.121198 -0.793009
22.9227 9.39593 37.1999 -0.600955 -0.120365 -0.79015
23.4768 9.79236 36.7154 -0.59847 -0.126188 -0.791145
24.0209 10.251 36.2306 -0.60049 -0.129045 -0.789141
24.5612 10.8121 35.723 -0.60156 -0.131829 -0.787874
25.1318 11.3666 35.1982 -0.60043 -0.126015 -0.789686
25.7917 11.8151 34.6135 -0.608384 -0.131226 -0.782719
26.6216 12.2347 33.9028 -0.606042 -0.139384 -0.783074
27.348 12.4901 33.2877 -0.608451 -0.147321 -0.779797
27.9154 12.7142 32.8027 -0.608393 -0.14732 -0.779842
28.8441 13.3598 31.9761 -0.603926 -0.127971 -0.7867
29.3025 13.9021 31.5376 -0.598129 -0.15045 -0.787109
29.8032 14.4605 31.0429 -0.611896 -0.137654 -0.778867
30.4117 14.9681 30.4752 -0.610785 -0.132801 -0.780563
30.9363 15.3049 30.0095 -0.606718 -0.137341 -0.782963
31.7192 15.6239 29.3687 -0.587446 -0.125466 -0.799478
32.4034 15.7328 28.8707 -0.56527 -0.175157 -0.806019
33.1943 15.7812 28.2971 -0.569655 -0.184039 -0.801013
33.9385 15.972 27.7171 -0.576234 -0.185163 -0.796033
34.5149 16.296 27.226 -0.561644 -0.188914 -0.805482
34.9967 16.7222 26.7933 -0.555551 -0.193194 -0.808727
35.5519 17.2526 26.2836 -0.557002 -0.194424 -0.807433
36.2291 17.7859 25.6899 -0.547721 -0.192426 -0.814027
36.8603 18.1977 25.1842 -0.532426 -0.195331 -0.823631
37.4493 18.5373 24.715 -0.532806 -0.203921 -0.821278
38.0254 18.8544 24.2676 -0.529471 -0.215075 -0.820532
38.7482 19.1435 23.7294 -0.500604 -0.220034 -0.837115
39.8537 19.4939 22.9964 -0.488045 -0.225256 -0.84325
40.6263 19.5276 22.5506 -0.476869 -0.241118 -0.845256
41.383 19.6295 22.0946 -0.453918 -0.244574 -0.856434
42.3632 19.981 21.4995 -0.437733 -0.25326 -0.862699
42.9468 20.389 21.0783 -0.457837 -0.269478 -0.846873
43.5519 20.7348 20.6532 -0.399085 -0.270785 -0.87563
44.0665 21.1796 20.3167 -0.364364 -0.26176 -0.893661
44.9213 21.6986 19.8045 -0.368805 -0.264071 -0.8912
45.7892 22.2525 19.2855 -0.358318 -0.27082 -0.893395
46.6079 22.7849 18.8246 -0.32542 -0.280891 -0.902886
47.2635 23.2755 18.4521 -0.302927 -0.270885 -0.913705
47.2311 23.5761 18.372 -0.304626 -0.283331 -0.909355
46.4635 23.767 18.5704 -0.331866 -0.286736 -0.898351
45.5252 23.4958 19.0193 -0.348958 -0.266338 -0.898495
44.8115 23.346 19.3521 -0.374816 -0.271759 -0.886332
43.9007 23.2484 19.7784 -0.400729 -0.264858 -0.876996
43.2365 23.1059 20.1353 -0.411699 -0.259728 -0.873476
42.5345 22.8258 20.5647 -0.443291 -0.246683 -0.861766
41.4942 22.3847 21.2466 -0.462842 -0.252676 -0.849666
40.8774 22.1851 21.6401 -0.47279 -0.245058 -0.846289
40.1738 21.8392 22.1517 -0.49403 -0.237647 -0.836336
39.4254 21.4679 22.7077 -0.504356 -0.23051 -0.832086
38.7812 21.337 23.128 -0.514989 -0.220804 -0.828109
38.0404 21.1506 23.6563 -0.52568 -0.213474 -0.823415
37.3782 20.8208 24.1823 -0.551273 -0.204477 -0.80888
36.7665 20.4554 24.692 -0.564374 -0.199252 -0.801112
36.0708 19.985 25.2903 -0.558809 -0.182951 -0.808864
35.4389 19.5977 25.8231 -0.566351 -0.18593 -0.802918
34.6227 19.2112 26.4847 -0.563332 -0.182772 -0.805761
34.0198 18.7463 27.0218 -0.587686 -0.169325 -0.791173
33.3692 18.3375 27.593 -0.587746 -0.16986 -0.791013
32.6828 18.0557 28.1691 -0.599079 -0.167728 -0.782856
32.0756 17.929 28.665 -0.598145 -0.156411 -0.785976
31.4499 17.7972 29.1673 -0.610919 -0.148895 -0.777377
30.8106 17.5847 29.7211 -0.620007 -0.137895 -0.772384
30.1808 17.4194 30.254 -0.61977 -0.121444 -0.77531
29.3657 17.4481 30.9076 -0.622116 -0.117859 -0.774
28.714 17.6735 31.4136 -0.636102 -0.100702 -0.764989
28.0063 18.0909 31.9584 -0.649798 -0.0807842 -0.755731
27.3072 18.778 32.4967 -0.650104 -0.0631145 -0.757186
26.8892 19.5753 32.8063 -0.654662 -0.0477091 -0.754415
26.6508 20.701 32.953 -0.654913 -0.0324362 -0.755008
26.6379 21.4525 32.9293 -0.667436 -0.0288936 -0.744046
26.7521 22.3502 32.8022 -0.663142 -0.0221176 -0.748167
26.9703 23.2088 32.5898 -0.665722 -0.0131009 -0.746078
27.2033 24.0897 32.3636 -0.667981 -0.0144223 -0.744039
26.7095 24.2018 32.8057 -0.66533 -0.00775715 -0.746495
26.1411 23.9588 33.3085 -0.659098 -0.0149449 -0.751908
25.2744 23.4901 34.0732 -0.65311 -0.0132298 -0.757141
24.6325 23.0954 34.6315 -0.648561 -0.0129058 -0.761044
24.0779 22.6868 35.107 -0.646082 -0.0111631 -0.763186
23.5224 22.3314 35.5881 -0.644326 -0.0218889 -0.764427
22.7884 21.9998 36.2053 -0.635464 -0.0222502 -0.77181
22.0168 21.7056 36.8453 -0.629875 -0.0234189 -0.776343
21.1293 21.3829 37.5677 -0.622455 -0.0207196 -0.782378
20.387 20.9251 38.1649 -0.615606 -0.0280999 -0.787519
19.7469 20.4216 38.6893 -0.616497 -0.0353099 -0.786565
19.1466 19.8388 39.1768 -0.610586 -0.0311251 -0.791338
18.6232 19.284 39.5999 -0.601864 -0.0374727 -0.797715
18.2377 18.7269 39.9223 -0.602471 -0.0462169 -0.796802
17.814 18.1894 40.2739 -0.601325 -0.0454707 -0.797708
16.9166 17.4085 40.992 -0.599776 -0.0474723 -0.798754
16.3041 17.0163 41.4646 -0.587018 -0.0547616 -0.807719
15.727 16.6308 41.9101 -0.580469 -0.0558349 -0.812326
15.1025 16.3494 42.3702 -0.575146 -0.0635773 -0.81556
14.3369 16.0839 42.9324 -0.574945 -0.0687929 -0.815295
13.4213 15.9016 43.5705 -0.555103 -0.0790105 -0.828021
12.6172 15.7982 44.123 -0.552151 -0.0693045 -0.830795
11.6843 15.6829 44.7321 -0.537896 -0.0702507 -0.840079
10.7427 15.6554 45.3373 -0.529522 -0.0772205 -0.844691
9.98601 15.2455 45.84 -0.515349 -0.0942419 -0.851783
10.208 14.4034 45.8061 -0.510786 -0.102091 -0.853625
10.7697 13.9843 45.5008 -0.534609 -0.0916643 -0.840113
11.1849 13.0064 45.3455 -0.541599 -0.0918599 -0.835603
11.5031 12.344 45.2135 -0.548048 -0.0924707 -0.831298
12.1184 11.7468 44.8682 -0.552021 -0.0941527 -0.828491
12.5411 11.0116 44.6672 -0.561689 -0.0908469 -0.822346
12.9968 10.2515 44.4462 -0.566751 -0.101741 -0.817553
13.3606 9.55345 44.2751 -0.572187 -0.098727 -0.814159
13.6649 8.83208 44.1545 -0.575792 -0.107015 -0.810543
13.8971 7.94923 44.1015 -0.579865 -0.103984 -0.808049
14.159 6.84697 44.0635 -0.579334 -0.11263 -0.807266
14.3778 5.96168 44.0281 -0.583558 -0.111203 -0.804421
14.4933 5.05526 44.0682 -0.583422 -0.109317 -0.804779
14.5536 4.29637 44.1278 -0.582467 -0.105071 -0.806022
14.6725 3.51588 44.1394 -0.581815 -0.100358 -0.807106
15.3036 2.90515 43.76 -0.581942 -0.100051 -0.807052
15.7756 6.47529 42.9444 -0.586279 -0.110243 -0.802573
15.3225 7.05981 43.1946 -0.58267 -0.108998 -0.805366
15.0587 8.05225 43.2509 -0.58296 -0.109365 -0.805107
14.7205 9.23844 43.3427 -0.581342 -0.0996956 -0.807511
14.4468 9.93456 43.4583 -0.581673 -0.0944929 -0.807916
14.1228 10.6266 43.606 -0.574418 -0.0922133 -0.813314
13.7718 11.3187 43.7821 -0.574926 -0.0844282 -0.813838
13.4215 11.979 43.9545 -0.565066 -0.0860991 -0.820516
13.0655 12.6413 44.1356 -0.565822 -0.0797638 -0.82066
12.553 13.4768 44.3966 -0.55333 -0.0811121 -0.829004
12.6227 14.0872 44.292 -0.551102 -0.0775086 -0.83083
13.3287 14.3334 43.7898 -0.566413 -0.0793576 -0.820292
14.2547 14.5667 43.1196 -0.574257 -0.0751644 -0.815218
14.9449 14.7736 42.6143 -0.578437 -0.0723558 -0.812492
15.7477 15.1137 42.0059 -0.586583 -0.0598987 -0.807671
16.4587 15.4946 41.4545 -0.593249 -0.0622644 -0.802608
17.2885 16.0607 40.7983 -0.599807 -0.0507499 -0.798534
18.0427 16.6339 40.1924 -0.605961 -0.0468952 -0.794111
18.6843 17.2998 39.6599 -0.609548 -0.0493391 -0.791212
19.2807 18.0456 39.1559 -0.614351 -0.0429578 -0.787862
20.0294 18.8703 38.536 -0.615727 -0.0338391 -0.787198
20.5154 19.3085 38.1308 -0.621497 -0.0345529 -0.782655
21.466 19.9438 37.3458 -0.625758 -0.032128 -0.779355
22.0839 20.1991 36.8383 -0.630575 -0.0291832 -0.775568
22.6677 20.46 36.3488 -0.634757 -0.0225094 -0.772384
23.3903 20.7389 35.7431 -0.642273 -0.0251611 -0.766063
23.9829 20.9418 35.2396 -0.641342 -0.0268563 -0.766782
24.5895 21.2685 34.7132 -0.650003 -0.0210805 -0.759639
25.2027 21.6144 34.1771 -0.654604 -0.0223622 -0.755641
25.5996 21.2163 33.8471 -0.652434 -0.0269654 -0.757366
25.6961 20.3675 33.7947 -0.652706 -0.0345603 -0.7568
25.9568 19.2592 33.6319 -0.649954 -0.0419547 -0.758814
26.2337 18.5775 33.4417 -0.650235 -0.0560853 -0.75766
26.6897 17.8464 33.1045 -0.649901 -0.0679152 -0.756886
27.2598 17.2356 32.6869 -0.641634 -0.0846183 -0.762329
28.018 16.6769 32.1169 -0.631505 -0.103685 -0.768318
28.624 16.3295 31.6719 -0.62652 -0.117289 -0.770515
29.2535 16.0482 31.209 -0.620639 -0.11772 -0.775209
28.7877 15.5528 31.6598 -0.622994 -0.119247 -0.773084
28.1774 14.7793 32.263 -0.603619 -0.120856 -0.788059
27.5953 14.2463 32.8004 -0.617082 -0.110169 -0.779132
26.9876 13.9153 33.3308 -0.614755 -0.114617 -0.780346
26.4009 13.6803 33.8303 -0.624163 -0.12148 -0.771761
25.8145 13.395 34.355 -0.617608 -0.113385 -0.778096
25.0849 12.9796 34.9774 -0.613066 -0.119784 -0.780893
24.3142 12.4218 35.6648 -0.609682 -0.1142 -0.784377
23.8025 11.9774 36.1276 -0.610515 -0.11472 -0.783632
23.1415 11.44 36.7255 -0.610893 -0.109076 -0.78414
22.6271 11.0001 37.1811 -0.607027 -0.105812 -0.787606
22.1108 10.5773 37.6375 -0.600953 -0.120367 -0.790152
21.5758 10.1636 38.1057 -0.603628 -0.113957 -0.78908
21.0308 9.78853 38.5768 -0.60121 -0.112122 -0.791177
20.4649 9.53615 39.039 -0.598741 -0.110282 -0.793314
19.7791 9.25574 39.5953 -0.597685 -0.1056 -0.794745
19.0355 8.96925 40.1936 -0.59676 -0.107068 -0.795243
18.3919 8.69692 40.7117 -0.595077 -0.10615 -0.796627
17.7997 8.40443 41.1915 -0.591284 -0.106099 -0.799454
17.2576 8.05095 41.6394 -0.591856 -0.10701 -0.798908
16.7741 7.52638 42.0691 -0.589948 -0.107406 -0.800259
16.2824 7.06523 42.4932 -0.587221 -0.110441 -0.801856
15.9545 6.7251 42.7794 -0.586279 -0.110243 -0.802573
15.918 9.1964 42.478 -0.586694 -0.0952792 -0.804184
15.5574 10.1377 42.6295 -0.585802 -0.0959682 -0.804751
15.234 10.894 42.7784 -0.584925 -0.0850807 -0.806613
14.8874 11.6447 42.9505 -0.582692 -0.0866061 -0.808059
14.5606 12.3592 43.1108 -0.580853 -0.0793561 -0.810131
14.5046 13.0663 43.0817 -0.581522 -0.0798387 -0.809603
15.1709 13.3591 42.5732 -0.582399 -0.0749297 -0.809424
15.9956 13.6942 41.943 -0.593505 -0.0676453 -0.801982
16.8018 14.1289 41.3074 -0.596324 -0.0692893 -0.799748
17.587 14.626 40.6761 -0.600515 -0.0660246 -0.796883
18.5116 15.3232 39.9205 -0.609052 -0.052913 -0.791364
19.0847 15.8712 39.4415 -0.612579 -0.0558659 -0.788432
19.583 16.4288 39.0147 -0.613085 -0.0514609 -0.788327
20.097 17.0396 38.5761 -0.620627 -0.0439047 -0.782875
20.5842 17.582 38.1586 -0.622823 -0.0459384 -0.781013
21.0604 18.015 37.7534 -0.622556 -0.0397555 -0.78154
21.7041 18.4843 37.2152 -0.628768 -0.0362852 -0.776746
22.3865 18.8236 36.6446 -0.632308 -0.0390983 -0.77373
23.0085 19.0801 36.1231 -0.635597 -0.0409449 -0.770924
23.5583 19.2998 35.6545 -0.639064 -0.035648 -0.768288
24.157 19.5141 35.1475 -0.64442 -0.0285963 -0.764118
24.8166 19.3409 34.5983 -0.644267 -0.0352412 -0.763988
25.1163 18.5916 34.3896 -0.643575 -0.0482207 -0.763858
25.4144 17.9113 34.1838 -0.641797 -0.056067 -0.764796
25.799 17.2384 33.9169 -0.634423 -0.0674407 -0.770038
26.2823 16.5959 33.575 -0.634101 -0.0759906 -0.769459
26.9143 15.9823 33.1266 -0.628659 -0.0872921 -0.772766
26.2225 15.2056 33.7771 -0.631218 -0.0859165 -0.770824
25.3201 14.7283 34.5694 -0.626516 -0.0993835 -0.773046
24.6474 14.3281 35.1487 -0.623505 -0.0887246 -0.776711
24.0902 13.9355 35.6459 -0.626074 -0.095756 -0.773862
23.5361 13.5495 36.1424 -0.62035 -0.0948752 -0.778518
23.0387 13.1515 36.5791 -0.614051 -0.0925549 -0.78382
22.5077 12.7442 37.0446 -0.616007 -0.0880787 -0.782797
21.8841 12.2341 37.5912 -0.609881 -0.104409 -0.785585
21.3349 11.8039 38.0747 -0.607917 -0.102548 -0.787344
20.8269 11.4356 38.5125 -0.608556 -0.0994678 -0.787252
20.2097 11.0185 39.0399 -0.601807 -0.0942505 -0.793061
19.4352 10.6689 39.6691 -0.603524 -0.09333 -0.79186
18.7229 10.3494 40.2491 -0.600481 -0.102058 -0.7931
18.1331 10.085 40.727 -0.597233 -0.0995714 -0.795863
17.5099 9.79459 41.2305 -0.595107 -0.0981093 -0.79763
16.8926 9.47037 41.7281 -0.593473 -0.0964568 -0.799053
16.3442 9.18437 42.1685 -0.588766 -0.0965491 -0.802511
16.5523 10.9872 41.8011 -0.59129 -0.0870764 -0.801744
17.2126 11.1633 41.2905 -0.596798 -0.0896488 -0.797366
17.7731 11.412 40.8418 -0.5986 -0.0894681 -0.796036
18.5679 11.8347 40.1955 -0.600143 -0.0894215 -0.794878
19.1804 12.1054 39.6974 -0.605984 -0.0809092 -0.791351
19.9805 12.5952 39.0315 -0.6097 -0.0835352 -0.788218
20.5917 12.9946 38.5159 -0.612146 -0.0850678 -0.78615
21.4236 13.638 37.7935 -0.613833 -0.086945 -0.784633
22.2206 14.1829 37.1127 -0.619925 -0.0716247 -0.781383
22.7326 14.6152 36.6673 -0.6169 -0.0744394 -0.783513
23.3653 15.0797 36.1103 -0.627377 -0.0839402 -0.774178
23.8902 15.4261 35.6487 -0.633585 -0.0688032 -0.770599
24.6437 15.9187 34.9884 -0.630974 -0.0705 -0.772594
24.8894 16.6409 34.7181 -0.634076 -0.0646453 -0.770519
24.5395 17.3132 34.9572 -0.639313 -0.0528037 -0.767131
23.7172 17.8597 35.6049 -0.638122 -0.0518088 -0.768188
22.9658 17.6038 36.2386 -0.632352 -0.053856 -0.772807
22.4219 17.3162 36.6986 -0.626809 -0.0494411 -0.777603
21.9124 16.9678 37.1324 -0.626689 -0.0464052 -0.77788
21.4084 16.5373 37.5634 -0.624035 -0.0565213 -0.779349
20.8825 15.9491 38.0272 -0.624021 -0.0565051 -0.779362
20.1113 15.0581 38.6977 -0.614434 -0.0616434 -0.786524
19.6453 14.5385 39.1066 -0.612234 -0.0674212 -0.787794
19.1374 14.082 39.5381 -0.609517 -0.066752 -0.789956
18.4019 13.5264 40.1477 -0.605288 -0.0645552 -0.793385
17.868 13.2291 40.582 -0.60162 -0.0805952 -0.794702
17.1119 12.7494 41.1993 -0.599848 -0.0791259 -0.796192
16.5587 12.4915 41.6374 -0.596243 -0.0762037 -0.799179
16.0196 11.9725 42.0862 -0.589675 -0.0817186 -0.80347
16.3895 11.2401 41.8937 -0.591291 -0.087076 -0.801744
48.4952 34.2402 17.2411 -0.308733 0.172673 -0.934896
48.3553 35.031 17.4084 -0.309299 0.144171 -0.939973
48.4399 35.9873 17.5381 -0.34635 0.134226 -0.928071
48.9233 36.8627 17.4762 -0.324808 0.119187 -0.93824
49.6444 37.5547 17.3267 -0.284913 0.106886 -0.952556
50.3421 37.9386 17.1664 -0.279816 0.110128 -0.953716
51.126 38.1215 16.9575 -0.258618 0.101819 -0.960306
51.8746 37.9243 16.7618 -0.22646 0.100049 -0.968869
52.4945 37.4289 16.5658 -0.20736 0.0917421 -0.973719
53.1392 36.955 16.4013 -0.188262 0.0834355 -0.978568
53.4806 35.8921 16.2135 -0.172101 0.122661 -0.977212
53.3289 35.0551 16.1401 -0.154778 0.114022 -0.981347
52.7538 34.3674 16.1367 -0.193237 0.160551 -0.967871
51.8488 33.9782 16.2606 -0.202722 0.16412 -0.965385
51.0644 33.8423 16.4017 -0.254868 0.182905 -0.94952
50.2011 33.7992 16.6251 -0.251542 0.186593 -0.949676
49.3894 33.7755 16.8442 -0.298045 0.195659 -0.934203
48.6325 33.9502 17.1329 -0.308166 0.201175 -0.929819
49.8395 35.2413 16.9645 -0.294212 0.153922 -0.943264
50.6943 34.9418 16.6919 -0.246517 0.137284 -0.959366
51.644 35.36 16.5112 -0.221379 0.132762 -0.965844
51.3643 36.3725 16.7298 -0.239624 0.116984 -0.963498
50.4321 36.3518 16.9567 -0.258618 0.101818 -0.960306
49.901 35.4968 16.987 -0.294211 0.153923 -0.943264
