-24.7798 46.7712 71.5143 0.406087 -0.056916 0.912044
-24.4335 47.6236 71.4079 0.418864 -0.0545387 0.906343
-24.4335 47.6236 71.4079 0.418864 -0.0545387 0.906343
-24.5622 48.7439 71.5266 0.410998 -0.0463256 0.910459
-25.17 48.6176 71.7946 0.409755 -0.0487702 0.910887
-25.5905 47.7998 71.9371 0.401348 -0.0506389 0.914491
-25.9964 46.9367 72.0588 0.394779 -0.06076 0.916765
-25.7169 46.2276 71.8915 0.398939 -0.0610321 0.914933
-25.1664 46.469 71.6647 0.403103 -0.0612901 0.9131
-24.6742 45.416 71.3665 0.427392 -0.0654139 0.901687
-23.8914 46.0695 71.0443 0.430102 -0.0669784 0.900288
-23.2986 46.9957 70.8195 0.448699 -0.0576452 0.8918
-23.306 48.1506 70.8845 0.443124 -0.0501733 0.895034
-23.5035 49.1605 71.0459 0.441388 -0.0580031 0.895436
-23.7879 50.3937 71.2608 0.421668 -0.0576451 0.904914
-24.0422 51.2962 71.4123 0.417071 -0.0347695 0.908208
-24.9389 51.0148 71.8056 0.388047 -0.0311055 0.921114
-25.4806 50.1818 72.0057 0.391726 -0.0454738 0.918835
-26.0789 49.2209 72.2219 0.395024 -0.0431586 0.917649
-26.5073 48.4469 72.3663 0.393624 -0.0482114 0.918004
-26.9331 47.6965 72.5055 0.394464 -0.0538297 0.917333
-27.456 46.554 72.659 0.390739 -0.0596394 0.918567
-27.4484 45.7264 72.6044 0.389657 -0.0568891 0.919201
-27.0338 44.8703 72.3704 0.394887 -0.0727297 0.915843
-26.3446 44.5028 72.0418 0.397269 -0.072911 0.914801
-25.6793 44.8492 71.7764 0.404196 -0.0661394 0.912272
-24.7601 45.359 71.4023 0.4102 -0.0686441 0.909398
-24.7249 45.3784 71.3878 0.419708 -0.0664793 0.905181
-24.3245 44.2773 71.1189 0.413176 -0.0741727 0.907621
-23.6313 44.7365 70.8231 0.437559 -0.0651848 0.896824
-23.0104 45.3343 70.5625 0.440575 -0.0629092 0.895509
-22.4537 46.0613 70.338 0.447077 -0.0539285 0.892836
-22.1159 46.8814 70.2124 0.453229 -0.0504631 0.889964
-22.0777 47.6843 70.2398 0.450636 -0.0558139 0.890961
-22.3201 48.8355 70.4388 0.452722 -0.0633052 0.889402
-22.5437 49.8081 70.6182 0.438682 -0.0573975 0.896804
-22.7313 50.5588 70.7558 0.437727 -0.0550954 0.897418
-22.8995 51.4896 70.8949 0.427398 -0.0449315 0.902814
-22.9039 52.4764 70.948 0.426989 -0.0469156 0.903039
-22.9325 53.3439 71.0131 0.425321 -0.0565455 0.903275
-23.0259 54.1116 71.1051 0.422763 -0.0609684 0.904172
-23.579 54.4768 71.3674 0.398922 -0.0466471 0.915798
-24.306 53.9353 71.6564 0.392445 -0.0446795 0.91866
-24.824 53.3243 71.8478 0.390383 -0.0382958 0.919856
-25.2925 52.7227 72.0217 0.390305 -0.0382585 0.919891
-25.865 51.8672 72.2245 0.38714 -0.0415159 0.921086
-26.35 51.1017 72.3989 0.387766 -0.0274144 0.921345
-26.7889 50.386 72.5651 0.382717 -0.0241078 0.923517
-27.2392 49.545 72.7251 0.378684 -0.035086 0.924803
-27.6482 48.7526 72.8576 0.384628 -0.0413687 0.92214
-28.2378 47.7056 73.0585 0.381104 -0.0420859 0.92357
-28.6303 46.838 73.1737 0.384456 -0.0609948 0.92112
-28.7708 46.1008 73.1815 0.382045 -0.0603069 0.92217
-28.6583 45.278 73.0836 0.381864 -0.0575439 0.922425
-28.3207 44.5835 72.8986 0.390103 -0.065996 0.918375
-27.9389 43.9463 72.685 0.394617 -0.0687966 0.916267
-27.4681 43.3014 72.4338 0.395879 -0.0710307 0.915548
-26.906 42.8929 72.1597 0.389508 -0.0733018 0.918101
-25.9042 43.2437 71.7568 0.406776 -0.0694381 0.91078
-25.3218 43.6689 71.5215 0.416035 -0.0748534 0.906255
-24.7248 44.0442 71.2815 0.413167 -0.0768903 0.907403
-24.1682 42.9879 70.9304 0.425944 -0.0833781 0.900899
-23.3291 43.5114 70.5803 0.429792 -0.0810368 0.899284
-22.5471 44.1279 70.2417 0.459453 -0.0769882 0.884859
-21.7363 45.0456 69.8889 0.468058 -0.0655216 0.881265
-21.3138 45.6869 69.7122 0.468274 -0.0634643 0.881299
-21.0107 46.3735 69.5963 0.477762 -0.0560667 0.876698
-20.8971 47.1345 69.5832 0.477451 -0.0586683 0.876698
-21.0013 48.2129 69.7161 0.48022 -0.0637347 0.874829
-21.3181 49.4 69.9645 0.459883 -0.0544728 0.886307
-21.6056 50.6801 70.1966 0.460207 -0.0601202 0.885774
-21.7396 51.4666 70.3097 0.449209 -0.0594278 0.891397
-21.8109 52.3604 70.4146 0.450194 -0.0670173 0.890407
-21.8275 53.1311 70.4757 0.434226 -0.0533294 0.899224
-21.8361 54.172 70.5523 0.435916 -0.0715905 0.897135
-21.9091 55.2144 70.6601 0.419517 -0.0550041 0.906079
-22.3648 55.8734 70.9116 0.419918 -0.0565601 0.905798
-23.1048 55.9828 71.2454 0.396938 -0.0474095 0.91662
-23.8901 55.8301 71.5722 0.3818 -0.0445323 0.923171
-24.9143 55.1541 71.9673 0.385778 -0.0415318 0.921656
-25.515 54.4611 72.1886 0.383659 -0.0373284 0.92269
-26.1208 53.5996 72.4016 0.376911 -0.0362057 0.925541
-26.5473 52.9979 72.5507 0.375852 -0.0372969 0.925929
-27.0289 52.3028 72.7204 0.376415 -0.0338666 0.925832
-27.4108 51.6697 72.8531 0.377696 -0.0309403 0.925409
-28.0021 50.5922 73.0618 0.376935 -0.0256036 0.92588
-28.3474 49.9022 73.1804 0.369217 -0.0262974 0.928971
-28.7274 49.2067 73.3122 0.370772 -0.0236393 0.928423
-29.171 48.4622 73.4686 0.370723 -0.0355867 0.928055
-29.5978 47.5961 73.6026 0.369336 -0.0410011 0.928385
-29.9505 46.489 73.6851 0.372484 -0.0494906 0.926718
-30 45.5125 73.6581 0.377264 -0.0447464 0.925024
-29.7844 44.5444 73.5166 0.390191 -0.0584266 0.918849
-29.307 43.7745 73.2591 0.389508 -0.0656924 0.918677
-28.8965 43.157 73.037 0.39253 -0.0691272 0.917138
-28.4123 42.4787 72.776 0.397067 -0.083275 0.913986
-27.7724 41.7263 72.4335 0.391787 -0.0839006 0.916222
-27.2303 41.2365 72.138 0.405888 -0.107786 0.907545
-26.3994 41.4831 71.8107 0.395141 -0.101554 0.912947
-25.7756 41.8956 71.5773 0.406027 -0.0936593 0.909049
-25.1757 42.3075 71.3414 0.419022 -0.0799929 0.904446
-24.5631 42.7387 71.0941 0.424928 -0.0768587 0.901934
-23.8348 41.7805 70.6775 0.419996 -0.0751133 0.90439
-24.6683 41.2151 71.0105 0.414733 -0.0765165 0.906712
-25.4093 40.7371 71.2902 0.402017 -0.105344 0.909552
-26.3585 40.0565 71.6233 0.384544 -0.121372 0.914984
-27.064 39.4592 71.8275 0.389178 -0.132639 0.91149
-27.7224 39.6892 72.1509 0.399812 -0.131169 0.907163
-28.2517 40.3883 72.4802 0.39638 -0.125733 0.909436
-28.696 40.946 72.7566 0.401811 -0.109803 0.90895
-29.3103 41.6922 73.0996 0.392812 -0.0936721 0.914831
-29.8541 42.3667 73.385 0.387779 -0.0735738 0.918811
-30.329 43.0748 73.6379 0.378011 -0.0740051 0.922779
-30.7717 43.7866 73.8837 0.370264 -0.0739871 0.92589
-31.0911 44.501 74.0541 0.377375 -0.0473446 0.924846
-31.2594 45.6137 74.1689 0.358981 -0.0383593 0.932556
-31.134 46.7399 74.1659 0.36091 -0.0369463 0.931869
-30.8792 47.5733 74.1003 0.361268 -0.0367241 0.931738
-30.3899 48.6319 73.9451 0.360392 -0.0316869 0.93226
-30.0014 49.3241 73.8146 0.358242 -0.0222297 0.933364
-29.4088 50.4272 73.6137 0.362465 -0.0221088 0.931723
-29.0586 51.1472 73.4923 0.364954 -0.0249955 0.930682
-28.6334 51.984 73.3512 0.362466 -0.025894 0.931637
-28.0503 52.9093 73.148 0.364736 -0.0240786 0.9308
-27.6176 53.529 72.9949 0.362619 -0.0258979 0.931574
-27.1583 54.2113 72.8371 0.3605 -0.0271118 0.932365
-26.5015 55.214 72.6078 0.368814 -0.0334219 0.928862
-25.876 56.0097 72.3974 0.37151 -0.0390665 0.927581
-25.2053 56.581 72.1481 0.377763 -0.0403183 0.925024
-24.4326 57.062 71.8583 0.373684 -0.0438416 0.92652
-23.1406 57.3226 71.3269 0.395299 -0.0438641 0.917504
-22.2581 57.2983 70.9526 0.397245 -0.0644161 0.915381
-21.5817 57.1488 70.6324 0.416287 -0.0632942 0.907027
-20.9854 56.5768 70.3188 0.423402 -0.0636145 0.903671
-20.7715 55.6974 70.15 0.444265 -0.0631155 0.89367
-20.7203 54.8295 70.0574 0.446641 -0.0725389 0.891765
-20.7266 54.0274 69.9939 0.448266 -0.0739366 0.890837
-20.7394 53.0875 69.924 0.450212 -0.0698953 0.890176
-20.7179 52.3119 69.8553 0.457442 -0.0677347 0.886633
-20.6655 51.5654 69.7685 0.463725 -0.0745706 0.882824
-20.4173 50.546 69.5615 0.471785 -0.0565904 0.879896
-20.2957 49.7857 69.4364 0.480976 -0.0661412 0.874216
-20.0566 49.0393 69.2552 0.480179 -0.0540838 0.875501
-19.8491 48.2876 69.0857 0.491612 -0.0681918 0.868117
-19.7472 47.4966 68.9664 0.511197 -0.0733635 0.856327
-19.7794 46.5339 68.9111 0.509959 -0.0606476 0.858058
-19.9989 45.7206 68.974 0.499656 -0.0665574 0.863663
-20.5487 44.7128 69.2107 0.497222 -0.071151 0.864701
-21.2097 43.8451 69.5034 0.477343 -0.0733782 0.875648
-21.9032 43.1485 69.8171 0.465711 -0.0749121 0.881747
-22.4989 42.6932 70.0963 0.45487 -0.0707923 0.887639
-23.3531 42.1056 70.47 0.440453 -0.07454 0.894676
-23.7029 41.8682 70.6224 0.432179 -0.0724418 0.898823
-23.039 40.8717 70.225 0.429758 -0.0754769 0.899782
-22.3491 41.3657 69.9182 0.44703 -0.0672961 0.891984
-21.6287 41.8441 69.5756 0.462416 -0.0619575 0.884492
-21.0182 42.3233 69.284 0.478367 -0.0580438 0.87624
-20.4168 43.0052 69.0039 0.488348 -0.066941 0.869945
-19.7533 43.8563 68.6802 0.499842 -0.067687 0.86345
-19.1587 44.8469 68.3949 0.524419 -0.0615054 0.849236
-18.8434 45.5851 68.2607 0.532365 -0.0659677 0.843941
-18.6711 46.3164 68.2092 0.532898 -0.0686827 0.843383
-18.637 47.3659 68.2767 0.534723 -0.0774887 0.841444
-18.6951 48.118 68.3871 0.539669 -0.0680109 0.839114
-18.8403 48.8615 68.5369 0.535037 -0.0769062 0.841222
-19.0583 49.6427 68.7321 0.490857 -0.06323 0.868943
-19.2941 50.4127 68.9296 0.494519 -0.0751349 0.865913
-19.4355 51.2938 69.0927 0.475998 -0.0777914 0.875999
-19.6244 52.0119 69.2592 0.473617 -0.0788381 0.877052
-19.662 52.9004 69.3514 0.461462 -0.0759997 0.88389
-19.6554 53.7049 69.4206 0.46652 -0.0759663 0.881218
-19.6123 54.7083 69.4839 0.46125 -0.0725592 0.884299
-19.6392 55.8759 69.5999 0.453282 -0.0807705 0.88768
-19.8106 57.1051 69.7913 0.448881 -0.0813804 0.889858
-20.3138 57.9054 70.1042 0.425925 -0.0810385 0.901122
-20.8738 58.3023 70.3977 0.417203 -0.0730022 0.905876
-21.6022 58.5707 70.7486 0.403727 -0.0688746 0.912283
-22.4049 58.6521 71.1115 0.397249 -0.0644077 0.91538
-23.1669 58.6602 71.4312 0.384173 -0.0615727 0.921205
-23.8869 58.6058 71.7278 0.374276 -0.0609411 0.925251
-24.6661 58.4658 72.0243 0.364382 -0.0603111 0.929294
-25.372 58.0759 72.2882 0.374429 -0.0478368 0.926021
-25.9407 57.6188 72.4865 0.360102 -0.0429392 0.931916
-26.71 56.9186 72.7558 0.361682 -0.0377729 0.931533
-27.2251 56.3234 72.9287 0.351229 -0.0358245 0.935604
-27.8762 55.3518 73.1445 0.3579 -0.02303 0.933476
-28.2716 54.6672 73.276 0.348349 -0.0195023 0.937154
-28.6952 54.0578 73.4239 0.350947 -0.0168744 0.936243
-29.1642 53.4384 73.5885 0.350487 -0.01724 0.936409
-29.5994 52.8035 73.739 0.350166 -0.0198134 0.936478
-29.9435 52.1337 73.8536 0.351788 -0.0187465 0.935892
-30.2511 51.3668 73.9545 0.352259 -0.0153583 0.935777
-30.719 50.4153 74.115 0.351247 -0.0157384 0.93615
-31.0984 49.7406 74.245 0.357296 -0.0223691 0.933723
-31.5127 49.0223 74.3882 0.359414 -0.0187764 0.932989
-31.8714 48.2981 74.5106 0.361041 -0.0328957 0.931965
-32.2258 47.2418 74.6067 0.358418 -0.0355025 0.932886
-32.4683 46.0148 74.6519 0.360736 -0.0391319 0.931847
-32.4678 44.9509 74.6052 0.361776 -0.0432987 0.931259
-32.2273 43.9823 74.4621 0.364157 -0.0570906 0.929554
-31.8923 43.232 74.2871 0.369309 -0.0539211 0.927738
-31.4314 42.4284 74.0468 0.379956 -0.0633772 0.922831
-30.8728 41.6209 73.7525 0.384445 -0.0785128 0.919803
-30.1826 40.7875 73.3812 0.393906 -0.0905919 0.914675
-29.5863 40.1313 73.0456 0.410103 -0.124853 0.903451
-29.0183 39.3663 72.6833 0.408237 -0.125096 0.904264
-28.3249 38.4083 72.2077 0.407726 -0.149339 0.900809
-27.826 37.7552 71.8479 0.395147 -0.203062 0.895894
-27.2133 37.5697 71.5413 0.385254 -0.207361 0.899211
-26.6832 38.1344 71.453 0.350351 -0.172209 0.920651
-25.9305 38.8942 71.2752 0.379149 -0.135286 0.915393
-25.2308 39.436 71.0748 0.38419 -0.102938 0.917497
-24.6146 39.8444 70.8622 0.395634 -0.088341 0.91406
-23.8159 40.3505 70.5517 0.417154 -0.0873139 0.904588
-23.3835 40.6448 70.3705 0.430607 -0.0773159 0.899222
-22.7183 39.6679 69.9686 0.433382 -0.0652138 0.898841
-21.9097 40.2261 69.6156 0.44993 -0.0586079 0.890979
-21.0949 40.7091 69.219 0.463587 -0.0601546 0.884007
-20.4265 41.1833 68.884 0.485048 -0.0488048 0.873124
-19.8826 41.8251 68.6135 0.503207 -0.0534663 0.862506
-19.405 42.4809 68.3761 0.503536 -0.0597536 0.861895
-18.7787 43.2077 68.0451 0.523713 -0.0575652 0.849948
-18.3271 43.8911 67.8146 0.534486 -0.0562891 0.843186
-17.9541 44.8148 67.629 0.545415 -0.0545003 0.83639
-17.6219 45.685 67.4714 0.548294 -0.0634203 0.833838
-17.541 46.6223 67.4882 0.55735 -0.0612459 0.828016
-17.5841 47.9128 67.6402 0.558549 -0.0762312 0.825944
-17.7486 48.8539 67.8404 0.547583 -0.0918541 0.831675
-17.9117 49.7009 68.0381 0.534391 -0.0878655 0.840524
-18.2042 50.7724 68.3311 0.527354 -0.0972204 0.844065
-18.4252 51.5587 68.5433 0.504977 -0.0866905 0.858768
-18.5389 52.5862 68.7057 0.494443 -0.0745178 0.86601
-18.5655 53.4273 68.8002 0.494378 -0.0882843 0.864752
-18.5118 54.2832 68.856 0.487637 -0.0829086 0.869101
-18.492 55.2347 68.944 0.470549 -0.0947572 0.877224
-18.5587 56.2082 69.0759 0.4611 -0.0866111 0.883092
-18.6382 57.2785 69.2193 0.451214 -0.0856853 0.88828
-18.8673 58.2921 69.4334 0.453717 -0.0903308 0.886534
-19.3859 58.8458 69.7451 0.435706 -0.0952746 0.895033
-20.0796 59.3146 70.1206 0.422869 -0.0812645 0.902539
-20.7968 59.701 70.4811 0.407842 -0.0766273 0.909831
-21.5248 59.8893 70.8233 0.406138 -0.0775972 0.910509
-22.3785 59.9372 71.1978 0.397156 -0.0708708 0.915011
-23.1461 59.9585 71.5211 0.383368 -0.0668618 0.921172
-24.0057 59.9501 71.8649 0.363364 -0.0655983 0.929335
-24.9801 59.7878 72.2362 0.365005 -0.0644007 0.928776
-26.0284 59.2385 72.594 0.349904 -0.0468804 0.935558
-26.7356 58.5617 72.8339 0.347223 -0.0390071 0.936951
-27.4309 57.9484 73.0662 0.34341 -0.0329465 0.938604
-27.999 57.2877 73.2478 0.345493 -0.0346686 0.937766
-28.6033 56.4937 73.4437 0.344912 -0.0278486 0.938217
-29.0689 55.7356 73.5953 0.346146 -0.0237935 0.937877
-29.5196 55.0024 73.7484 0.337626 -0.0124245 0.941198
-30.241 54.0508 73.999 0.343683 -0.0106707 0.939016
-30.6679 53.4318 74.146 0.343703 -0.0151539 0.938956
-31.1755 52.2688 74.3144 0.343127 -0.011782 0.939215
-31.6111 51.1819 74.4617 0.34546 -0.010846 0.938371
-32.001 50.4828 74.596 0.351431 -0.0136091 0.936115
-32.5928 49.5657 74.8056 0.352289 -0.0114626 0.935819
-32.8535 48.8642 74.896 0.352995 -0.0135941 0.935523
-33.2234 48.0179 75.0144 0.350979 -0.0339245 0.935769
-33.4671 47.1301 75.0756 0.351608 -0.0307697 0.935641
-33.667 46.1217 75.1152 0.351328 -0.0364608 0.935542
-33.7243 45.2298 75.102 0.352281 -0.0354886 0.93522
-33.6598 44.4488 75.0447 0.359029 -0.0428984 0.93234
-33.3793 43.5455 74.8914 0.360909 -0.0502117 0.931248
-32.9538 42.5752 74.6718 0.374938 -0.0532874 0.925517
-32.5759 41.8827 74.4788 0.375314 -0.0510776 0.925486
-32.1151 41.2009 74.237 0.389982 -0.0682181 0.918292
-31.6705 40.6026 74.0038 0.391033 -0.0738857 0.917387
-30.9797 39.7462 73.6154 0.415955 -0.0903229 0.904889
-30.216 38.9503 73.1678 0.410396 -0.130603 0.902507
-29.6124 38.0862 72.7549 0.428652 -0.16971 0.886957
-29.2255 37.525 72.4411 0.42637 -0.195588 0.883142
-28.5904 36.7401 71.9229 0.419812 -0.270706 0.866161
-28.2045 35.844 71.4189 0.424438 -0.340484 0.839001
-28.1491 34.9007 70.9576 0.405144 -0.412826 0.815741
-28.1856 34.0347 70.5038 0.405322 -0.467111 0.785825
-28.3665 33.2558 70.1414 0.459134 -0.472829 0.752083
-28.4615 32.4977 69.7443 0.490276 -0.426895 0.75985
-29.0439 31.7289 69.6846 0.499001 -0.418432 0.758747
-29.4213 30.9093 69.4996 0.521435 -0.387302 0.76
-29.2881 29.7096 68.8355 0.537566 -0.356058 0.764359
-28.3787 30.4347 68.5041 0.555739 -0.397004 0.729872
-28.2084 31.5764 69.018 0.525909 -0.422622 0.737666
-28.0297 32.4629 69.4329 0.520648 -0.445006 0.728624
-27.9063 33.161 69.81 0.433181 -0.480637 0.762458
-27.737 33.8949 70.1756 0.433644 -0.478389 0.763608
-27.6702 34.5274 70.5308 0.405231 -0.439976 0.80078
-27.2511 35.3496 70.7988 0.354845 -0.412778 0.837842
-26.8596 36.102 70.9852 0.305086 -0.277781 0.910912
-26.2994 36.9014 71.0561 0.289142 -0.233276 0.926517
-25.6395 37.5923 70.9698 0.317906 -0.170708 0.932628
-24.9799 38.1577 70.8116 0.347244 -0.110593 0.931231
-24.2515 38.7186 70.5809 0.384946 -0.0753127 0.919861
-23.3049 39.2718 70.2104 0.416318 -0.069249 0.906578
-22.8427 39.5735 70.0212 0.423988 -0.0688016 0.903011
-22.2996 38.4208 69.6768 0.426211 -0.0557287 0.902905
-23.118 37.9517 70.0284 0.401636 -0.0482005 0.91453
-23.8884 37.5075 70.3296 0.343266 -0.0672745 0.936826
-24.7764 36.87 70.5846 0.304797 -0.102818 0.946576
-25.3263 36.3078 70.6888 0.218446 -0.153452 0.960037
-26.0132 35.3732 70.4397 0.111842 -0.447938 0.887042
-26.3744 34.6968 70.0566 0.303287 -0.586143 0.747432
-26.6297 34.0708 69.7261 0.368491 -0.547028 0.751648
-26.8018 33.3967 69.2395 0.430293 -0.583733 0.683393
-26.8765 32.6898 68.7448 0.509326 -0.488161 0.706919
-27.1526 31.592 68.2366 0.55371 -0.449747 0.699814
-27.2573 30.6863 67.7909 0.564677 -0.41823 0.711486
-27.5183 29.8921 67.5378 0.603081 -0.401084 0.689511
-28.5432 28.4999 67.6741 0.595875 -0.347455 0.723964
-29.3357 28.31 68.1983 0.570391 -0.344654 0.745565
-29.9568 28.5983 68.8126 0.570339 -0.331965 0.751205
-30.5628 29.3612 69.5935 0.55554 -0.337449 0.75992
-30.6495 30.1037 69.9849 0.549354 -0.331458 0.766998
-30.501 30.8941 70.2238 0.508752 -0.352013 0.785658
-30.0955 31.7978 70.4018 0.479717 -0.408552 0.776503
-29.7454 32.6256 70.647 0.499518 -0.42457 0.755131
-29.5176 33.4141 70.8896 0.44768 -0.394352 0.801615
-29.4011 34.1323 71.2064 0.421292 -0.422383 0.802562
-29.3411 34.8702 71.5687 0.441919 -0.44612 0.777426
-29.4382 35.7838 72.1043 0.524658 -0.362511 0.770273
-30.0483 36.4573 72.6107 0.443463 -0.204233 0.872714
-30.558 37.1805 73.054 0.507822 -0.189196 0.840429
-31.0578 38.0459 73.4845 0.468161 -0.07935 0.880073
-31.7672 38.7101 73.8826 0.41595 -0.0784842 0.905939
-32.3155 39.3129 74.1771 0.403326 -0.0652343 0.912728
-32.7957 40.0956 74.4452 0.38522 -0.0627421 0.920476
-33.2612 40.6425 74.6833 0.397106 -0.0581007 0.915932
-33.7214 41.2711 74.9169 0.387544 -0.0398703 0.920988
-34.0725 41.9578 75.0921 0.370593 -0.0313014 0.928247
-34.4471 42.631 75.2641 0.36029 -0.0432826 0.931836
-34.6706 43.4045 75.3864 0.359164 -0.0416708 0.932342
-34.9066 44.4439 75.5196 0.359168 -0.0361531 0.932572
-34.9755 45.3529 75.5782 0.349422 -0.0340624 0.936346
-34.8275 46.3573 75.5608 0.359262 -0.0249216 0.932781
-34.6028 47.5064 75.5096 0.344107 -0.028003 0.938513
-34.3101 48.448 75.4295 0.346813 -0.0249144 0.937597
-33.9626 49.2339 75.3191 0.350736 -0.0168924 0.936301
-33.7021 49.9844 75.2291 0.352395 -0.00985642 0.9358
-33.3475 50.7217 75.1004 0.34508 -0.00318511 0.938554
-32.9099 51.3354 74.9437 0.349013 -0.00868703 0.937076
-32.5598 52.013 74.8187 0.34033 0.00103114 0.940289
-32.2196 52.8195 74.6997 0.337535 -0.00931913 0.941246
-31.8852 53.5593 74.5912 0.341199 -0.0140905 0.939885
-31.2536 54.7106 74.3735 0.343249 -0.00674244 0.93922
-30.7685 55.3205 74.1988 0.321311 0.00122633 0.946812
-30.186 56.2952 74.0025 0.334791 -0.0142896 0.942172
-29.7077 57.1301 73.848 0.32744 -0.0148285 0.944752
-29.2215 57.7469 73.6946 0.319167 -0.0207198 0.947472
-28.7097 58.4329 73.5359 0.329593 -0.033943 0.943508
-28.076 59.1211 73.3406 0.324429 -0.041607 0.944961
-27.4914 59.5653 73.1523 0.341498 -0.0404698 0.939011
-26.7983 60.3041 72.939 0.338221 -0.0481527 0.939834
-26.004 60.7982 72.6819 0.343409 -0.065688 0.936865
-25.1184 61.1122 72.375 0.348433 -0.0689032 0.934798
-24.2204 61.3288 72.0508 0.359405 -0.0693623 0.9306
-23.3039 61.278 71.6872 0.370611 -0.0695603 0.92618
-22.3894 61.2069 71.3075 0.386295 -0.0826965 0.918661
-21.6116 61.1644 70.9787 0.390152 -0.100256 0.915121
-20.4763 61.0404 70.4643 0.409379 -0.107463 0.905939
-19.578 60.6579 70.0194 0.411188 -0.0848269 0.907595
-18.9059 60.2118 69.6609 0.431995 -0.0992953 0.896274
-18.1414 59.5323 69.1994 0.442263 -0.105596 0.890646
-17.7474 58.8968 68.9208 0.477227 -0.0854091 0.87462
-17.3901 57.8065 68.6274 0.458782 -0.0826049 0.884668
-17.452 56.9385 68.573 0.459417 -0.0895008 0.883697
-17.385 56.1541 68.4538 0.46535 -0.104176 0.878874
-17.4663 55.2092 68.3809 0.484871 -0.102412 0.868569
-17.5059 54.3759 68.3047 0.485611 -0.103835 0.867984
-17.4245 53.4944 68.1554 0.498177 -0.0943197 0.86193
-17.4404 52.6604 68.0732 0.50539 -0.083386 0.858853
-17.3979 51.8416 67.9672 0.505438 -0.0864155 0.858525
-17.1173 51.0238 67.6953 0.528386 -0.118156 0.840518
-16.9343 50.2516 67.4579 0.547803 -0.109333 0.829234
-16.7472 49.2959 67.2257 0.553535 -0.0956972 0.82731
-16.5439 48.088 66.9356 0.573138 -0.0938905 0.813914
-16.527 47.1666 66.8327 0.578181 -0.0752917 0.812412
-16.505 46.039 66.7425 0.574121 -0.0480512 0.817349
-16.6592 45.287 66.8019 0.563825 -0.0547357 0.824078
-16.9456 44.4947 66.9467 0.564627 -0.0342136 0.824566
-17.1526 43.7395 67.0556 0.53236 -0.0341342 0.84583
-17.3837 43.0063 67.1714 0.530261 -0.0401516 0.846859
-17.8245 42.4415 67.4152 0.528154 -0.0461717 0.847892
-18.3549 41.9341 67.715 0.515973 -0.0473741 0.855293
-19.013 41.0756 68.0636 0.508753 -0.0495916 0.859444
-19.5045 40.4229 68.3236 0.485257 -0.0159347 0.874226
-20.1401 39.901 68.6668 0.481231 -0.0226679 0.876263
-20.8669 39.4237 69.0355 0.438044 -0.0251108 0.898603
