-22.2216 46.7004 76.7819 0.493419 -0.0430379 0.868726
-22.8654 46.872 77.1561 0.493418 -0.0430425 0.868727
-22.8654 46.872 77.1561 0.493418 -0.0430425 0.868727
-22.7712 47.6293 77.1392 0.48143 -0.0358009 0.875753
-21.7314 48.2561 76.5816 0.493407 -0.0473914 0.868498
-21.1053 47.8149 76.2041 0.497567 -0.0464022 0.866164
-21.8631 46.8853 76.5876 0.493257 -0.0435562 0.868793
-21.5443 45.8337 76.3454 0.504604 -0.0493866 0.861937
-20.7839 46.3766 75.9343 0.502079 -0.0520195 0.863256
-19.7888 47.4045 75.4136 0.503644 -0.0483397 0.862558
-19.4534 48.1094 75.2573 0.502619 -0.054972 0.862732
-19.4347 48.8621 75.2995 0.509688 -0.0571064 0.858462
-20.021 49.237 75.6677 0.497106 -0.0561299 0.865838
-20.7973 49.342 76.114 0.493327 -0.0506722 0.868367
-21.7387 49.4378 76.6554 0.492154 -0.0458855 0.869282
-22.5657 49.2179 77.1061 0.476326 -0.0317567 0.878646
-23.0879 48.7375 77.3573 0.475532 -0.0429825 0.878584
-23.7879 47.8999 77.7078 0.478237 -0.034079 0.87757
-24.292 46.9804 77.9485 0.481203 -0.0326481 0.876
-24.0706 46.0211 77.7904 0.483984 -0.0347281 0.87438
-23.3824 45.5864 77.3853 0.490764 -0.0372121 0.870497
-22.715 45.4827 77.0002 0.498375 -0.0469855 0.865684
-21.8491 45.663 76.5136 0.497057 -0.0487558 0.866347
-21.8068 45.6787 76.4902 0.500831 -0.0490681 0.864142
-21.3769 44.6317 76.1782 0.504069 -0.058245 0.861697
-20.6967 45.0683 75.8014 0.514859 -0.0512163 0.855744
-19.9434 45.6965 75.3955 0.510073 -0.0559804 0.858307
-19.2336 46.363 75.0156 0.517844 -0.0615669 0.853197
-18.7823 46.9177 74.7745 0.524947 -0.0556436 0.849314
-18.3994 47.579 74.583 0.52003 -0.0629621 0.851824
-18.2307 48.4549 74.5447 0.519876 -0.0624339 0.851957
-18.4212 49.6556 74.7481 0.524748 -0.0575579 0.849279
-18.8858 50.159 75.0656 0.515859 -0.0615653 0.854458
-19.5796 50.357 75.489 0.494662 -0.057822 0.86716
-20.3486 50.48 75.9307 0.484188 -0.0498536 0.873542
-21.1766 50.5768 76.3953 0.484464 -0.0498742 0.873388
-22.1371 50.6076 76.9251 0.475963 -0.0330659 0.878843
-23.1217 50.2821 77.4393 0.466648 -0.0323372 0.883851
-23.6304 49.7786 77.6901 0.466257 -0.0317696 0.884079
-24.1174 49.1892 77.926 0.468436 -0.0209636 0.883249
-24.637 48.5236 78.1857 0.468557 -0.0209365 0.883185
-25.0503 47.9251 78.3928 0.470502 -0.0144918 0.88228
-25.4527 47.1616 78.5863 0.470527 -0.0357428 0.881661
-25.5597 46.0702 78.6113 0.473333 -0.021625 0.880618
-24.747 45.0391 78.1291 0.484527 -0.0294159 0.874282
-23.894 44.5198 77.6271 0.493456 -0.0389704 0.868897
-23.0202 44.2797 77.1142 0.499414 -0.0437424 0.865259
-22.1738 44.3757 76.6302 0.502374 -0.0470326 0.863357
-21.4505 44.5892 76.2184 0.504064 -0.0582462 0.8617
-21.1655 43.4268 75.9779 0.514047 -0.0560872 0.855926
-20.441 43.8866 75.5719 0.515361 -0.0555153 0.855173
-19.8215 44.3703 75.2316 0.519371 -0.0590602 0.85247
-19.2301 44.8864 74.9005 0.526029 -0.0584291 0.848457
-18.7013 45.3801 74.6083 0.526096 -0.0666708 0.847806
-18.2073 45.8954 74.3368 0.541085 -0.0724301 0.837843
-17.7347 46.4665 74.081 0.546067 -0.0691162 0.834859
-17.3549 47.1444 73.8857 0.549945 -0.0739674 0.831919
-17.1586 48.0867 73.8368 0.545508 -0.0609347 0.835873
-17.2054 48.8815 73.9218 0.548004 -0.0569357 0.834536
-17.3042 49.8146 74.057 0.552323 -0.0604888 0.831426
-17.6523 50.9792 74.3564 0.53963 -0.0537513 0.840095
-18.2391 51.3073 74.747 0.531345 -0.0559145 0.845308
-18.914 51.4411 75.1655 0.509662 -0.047213 0.859078
-19.7046 51.5601 75.6333 0.485199 -0.0481264 0.873078
-20.578 51.6964 76.126 0.48182 -0.0475055 0.874974
-21.2821 51.7593 76.5137 0.480122 -0.0447656 0.876054
-21.9964 51.8013 76.8992 0.470332 -0.036066 0.881752
-22.6622 51.8151 77.2536 0.460365 -0.031004 0.887184
-23.7856 51.2812 77.82 0.459953 -0.02447 0.887606
-24.29 50.6899 78.0626 0.456502 -0.0237003 0.889405
-24.9309 49.8948 78.3723 0.459005 -0.0210952 0.88818
-25.6026 49.0384 78.707 0.462642 -0.0130787 0.886449
-26.2396 48.0294 79.0193 0.455924 -0.0155347 0.889883
-26.6764 47.0321 79.2294 0.46355 -0.00907682 0.886024
-26.6811 45.5655 79.2055 0.477257 -0.0155741 0.878613
-26.2433 44.9041 78.9589 0.482409 -0.0167191 0.875753
-25.7178 44.3473 78.6516 0.487836 -0.022464 0.872645
-24.9799 43.7798 78.2177 0.494087 -0.0310592 0.868857
-24.2721 43.4008 77.7979 0.499481 -0.0353152 0.865604
-23.4883 43.132 77.3331 0.504203 -0.038847 0.862701
-22.8373 43.0366 76.9455 0.508805 -0.0423814 0.859838
-22.1182 43.1033 76.5232 0.506958 -0.0463691 0.860711
-21.3403 43.3343 76.0768 0.514042 -0.0560884 0.855929
-21.0056 42.2069 75.805 0.514472 -0.0519439 0.855933
-21.626 41.9539 76.164 0.51816 -0.0495275 0.853849
-22.5763 41.7905 76.7268 0.512996 -0.0428436 0.857309
-23.3299 41.8756 77.1856 0.516238 -0.0402657 0.855498
-24.5246 42.2203 77.9042 0.507112 -0.0335326 0.861228
-25.351 42.6139 78.3977 0.498913 -0.0211997 0.866387
-26.1903 43.2348 78.8988 0.50151 -0.0201591 0.864917
-26.7196 43.7133 79.2055 0.493704 -0.00651197 0.869606
-27.3095 44.3683 79.5381 0.4847 -0.00628713 0.874657
-27.7117 44.9954 79.7664 0.477333 -0.00135166 0.878659
-27.9607 45.829 79.8944 0.469097 -0.000558789 0.883129
-27.8225 47.1164 79.8299 0.465924 -0.00720801 0.884791
-27.5412 47.924 79.6886 0.453366 -0.001779 0.891322
-27.2084 48.5753 79.5221 0.451242 -0.00805163 0.892363
-26.7206 49.3198 79.2839 0.449418 -0.0106382 0.893256
-26.2727 49.9683 79.0649 0.454123 -0.011745 0.890862
-25.7947 50.5597 78.8321 0.451896 -0.0149125 0.891946
-25.2825 51.1646 78.5828 0.448191 -0.0156343 0.893801
-24.6981 51.9538 78.3032 0.448656 -0.0156099 0.893568
-24.194 52.5835 78.0641 0.447201 -0.0217348 0.894169
-23.3745 53.0058 77.6639 0.452987 -0.0267638 0.89108
-22.5597 53.022 77.241 0.462524 -0.0300737 0.886097
-21.8442 52.9598 76.8655 0.466425 -0.0330728 0.883926
-21.1485 52.9209 76.4914 0.470654 -0.0388488 0.881454
-20.4833 52.8771 76.1358 0.476542 -0.0423095 0.87809
-19.8023 52.8001 75.7539 0.486218 -0.0461942 0.872616
-19.0902 52.6942 75.3395 0.509916 -0.047821 0.858894
-18.4019 52.6011 74.9257 0.506669 -0.0534773 0.860455
-17.5165 52.4714 74.3559 0.543784 -0.067126 0.836536
-16.8377 52.2526 73.8971 0.545025 -0.0574474 0.836392
-16.5412 51.566 73.6579 0.561139 -0.0469095 0.826391
-16.4373 50.6511 73.5354 0.569464 -0.0546702 0.820093
-16.2575 49.4069 73.3177 0.568473 -0.061795 0.820378
-16.1623 48.3748 73.1835 0.564436 -0.0574107 0.823466
-16.1991 47.5893 73.1459 0.567387 -0.0673531 0.820692
-16.3658 46.6577 73.1851 0.567371 -0.0646135 0.820922
-16.9096 45.7449 73.4767 0.551893 -0.0668357 0.831232
-17.4768 45.0837 73.7965 0.545541 -0.0707597 0.83507
-18.0962 44.4558 74.146 0.544417 -0.063348 0.836419
-18.6468 43.9299 74.4646 0.537164 -0.0635756 0.841035
-19.1753 43.4774 74.7626 0.530837 -0.0610232 0.845274
-19.9299 42.8896 75.1906 0.524245 -0.0629265 0.849239
-20.4875 42.4939 75.5083 0.523551 -0.0554533 0.850183
-20.915 42.246 75.7529 0.514476 -0.0519419 0.85593
-20.4417 41.1912 75.3942 0.521152 -0.0557193 0.851643
-19.8166 41.6084 75.0305 0.532323 -0.0614565 0.844308
-19.0552 42.1693 74.5883 0.536492 -0.060406 0.84174
-18.3833 42.7104 74.1986 0.544308 -0.0655185 0.836323
-17.6327 43.3864 73.7623 0.550822 -0.0646979 0.832081
-17.0654 43.9469 73.4249 0.55672 -0.0650737 0.828148
-16.5188 44.533 73.113 0.55197 -0.0739057 0.830582
-15.8666 45.3555 72.7262 0.581475 -0.0636101 0.811074
-15.3905 46.2688 72.4663 0.588098 -0.0745357 0.805344
-15.2205 47.3145 72.4419 0.592107 -0.074011 0.802434
-15.1858 48.083 72.4793 0.595099 -0.0641673 0.801086
-15.2448 49.1602 72.5971 0.579606 -0.0417773 0.813825
-15.3367 49.904 72.7057 0.580161 -0.0545759 0.812671
-15.4502 50.7183 72.8398 0.577524 -0.057426 0.814336
-15.5403 52.0435 73.0053 0.569465 -0.0546697 0.820093
-15.6226 52.8276 73.1204 0.57151 -0.060279 0.818378
-16.4514 53.5834 73.739 0.55697 -0.0626767 0.828164
-17.0859 53.677 74.1728 0.550379 -0.0649005 0.832349
-17.8499 53.74 74.6618 0.53342 -0.0555807 0.844022
-18.6423 53.8337 75.1506 0.502255 -0.0568171 0.862846
-19.3665 53.9155 75.5729 0.491456 -0.0502787 0.86945
-20.0368 54.0091 75.9492 0.480351 -0.0544396 0.875385
-20.8492 54.0792 76.3884 0.469296 -0.0433758 0.881975
-22.008 54.1899 76.9984 0.457158 -0.0380557 0.888571
-22.7039 54.2637 77.3629 0.453865 -0.0292646 0.890525
-23.5991 54.338 77.8104 0.44639 -0.0238826 0.894519
-24.2637 54.1485 78.1333 0.436963 -0.0130424 0.899385
-24.7855 53.6659 78.3803 0.438096 -0.012273 0.898844
-25.3558 52.8922 78.6481 0.434894 -0.0121886 0.900392
-25.8424 52.2535 78.8817 0.437954 0.00159654 0.898996
-26.4475 51.515 79.1747 0.443976 -0.00847707 0.895961
-26.9363 50.8997 79.4081 0.437908 -0.00544768 0.899003
-27.5339 50.0694 79.6974 0.439229 -0.00170306 0.898374
-28.0803 49.2611 79.9672 0.444961 -8.86371e-05 0.89555
-28.4948 48.5065 80.1728 0.444498 0.00378907 0.89576
-28.9278 47.3539 80.3951 0.455546 0.00218642 0.890204
-29.0915 46.4731 80.4861 0.461439 0.00770586 0.887138
-29.0644 45.5193 80.4888 0.470268 0.0143507 0.882354
-28.8244 44.6749 80.366 0.476333 0.00752929 0.879233
-28.2731 43.7248 80.0824 0.493482 0.0128355 0.869622
-27.6756 43.0316 79.7457 0.500491 0.0108371 0.865674
-27.0712 42.4979 79.402 0.510776 0.00400542 0.859687
-26.4947 42.0208 79.0583 0.506012 -0.00381616 0.862518
-25.9497 41.6113 78.7368 0.508702 -0.00872357 0.860879
-25.3232 41.2428 78.3564 0.516188 -0.0158583 0.856328
-24.3733 40.9168 77.7799 0.516612 -0.0213729 0.855933
-23.5778 40.7101 77.2877 0.525329 -0.0273784 0.850459
-22.7394 40.5437 76.7709 0.52024 -0.0381771 0.85315
-21.9149 40.62 76.2662 0.521121 -0.0429016 0.852392
-20.9047 40.9498 75.6627 0.527553 -0.0502464 0.848035
-20.6701 41.069 75.526 0.521152 -0.0557257 0.851643
-20.163 39.993 75.1374 0.535175 -0.0541137 0.842997
-19.4534 40.4826 74.7228 0.538887 -0.0583896 0.840317
-18.6526 41.0945 74.2475 0.542644 -0.0623249 0.837647
-17.8458 41.7337 73.7736 0.550218 -0.0654882 0.832413
-17.1961 42.3036 73.3827 0.55659 -0.0665596 0.828117
-16.6171 42.8553 73.0372 0.561406 -0.0659056 0.824895
-16.0793 43.4087 72.7112 0.56679 -0.0641585 0.82136
-15.5345 44.0421 72.3847 0.57515 -0.0645241 0.815435
-15.0311 44.705 72.0694 0.589854 -0.0649603 0.804893
-14.5495 45.5804 71.7914 0.592235 -0.0691449 0.802769
-14.3357 46.3222 71.6935 0.596904 -0.0664957 0.799553
-14.2488 47.2413 71.7112 0.596419 -0.0715091 0.799482
-14.2257 47.9997 71.756 0.61153 -0.0592931 0.788996
-14.2539 48.823 71.8427 0.604584 -0.0618874 0.794064
-14.3381 49.6376 71.962 0.598127 -0.0580202 0.799293
-14.4287 50.4003 72.0832 0.587634 -0.0501292 0.807572
-14.5252 51.3577 72.2271 0.586471 -0.06869 0.807052
-14.5861 52.44 72.3587 0.57888 -0.0684014 0.812539
-14.6115 53.2925 72.4486 0.575191 -0.0643436 0.815461
-14.6851 54.1245 72.5634 0.58718 -0.0576339 0.807402
-15.4582 54.708 73.1483 0.570746 -0.0630163 0.818705
-16.1176 54.8015 73.6152 0.563414 -0.0658527 0.823495
-17.0039 54.883 74.2013 0.543194 -0.0557149 0.837757
-17.6597 54.9258 74.6238 0.525717 -0.0521752 0.848987
-18.3108 54.9822 75.0225 0.518768 -0.0451903 0.85372
-19.1503 55.0694 75.5161 0.492108 -0.0487416 0.869169
-19.9479 55.1864 75.9676 0.467272 -0.0523804 0.88256
-20.7545 55.2571 76.3989 0.467237 -0.0523086 0.882584
-21.631 55.3698 76.8582 0.458146 -0.0439931 0.887788
-22.3117 55.4351 77.2127 0.448237 -0.0409096 0.892903
-23.2196 55.5443 77.6605 0.44216 -0.0338708 0.896278
-23.9125 55.5938 77.999 0.428971 -0.023495 0.903002
-24.7853 55.4607 78.4086 0.419952 -0.019302 0.907306
-25.3723 54.7918 78.6733 0.422614 -0.00326839 0.906304
-25.8509 54.1128 78.8949 0.425873 -0.000123258 0.904783
-26.4048 53.2875 79.1556 0.428737 -0.00631295 0.90338
-27.0963 52.4827 79.4875 0.431752 0.00435405 0.90198
-27.6741 51.7507 79.769 0.431095 0.00393546 0.902296
-28.1752 51.0703 80.0099 0.432732 0.00314491 0.901514
-28.716 50.3161 80.2779 0.435869 0.00943948 0.89996
-29.2455 49.4796 80.5426 0.435177 0.00870436 0.900303
-29.5627 48.7923 80.7015 0.444489 0.00379063 0.895765
-29.9367 47.8799 80.8979 0.447652 0.00916645 0.894161
-30.1876 47.0286 81.0396 0.44978 0.0192574 0.892932
-30.236 46.0695 81.0912 0.461988 0.0284008 0.886389
-30.1381 45.2223 81.061 0.467599 0.0224897 0.883655
-29.92 44.4154 80.9753 0.482126 0.0256071 0.875727
-29.426 43.4352 80.7371 0.491704 0.0355741 0.869979
-28.9367 42.7232 80.4803 0.499328 0.0307647 0.865867
-28.2303 41.9835 80.0926 0.511713 0.0282767 0.858691
-27.5307 41.3811 79.6818 0.519332 0.0221108 0.85427
-26.7048 40.7321 79.191 0.515371 0.00871463 0.856923
-25.785 40.1698 78.6257 0.523732 -0.0027318 0.851869
-24.7645 39.7892 77.9913 0.530419 -0.0130078 0.847636
-23.7128 39.5012 77.3324 0.528303 -0.0251106 0.848676
-22.6698 39.2885 76.6757 0.531124 -0.0303152 0.846752
-21.8898 39.3882 76.1945 0.534695 -0.0408276 0.844058
-20.7846 39.709 75.5173 0.532474 -0.0492181 0.844988
-20.5314 39.8217 75.3624 0.537789 -0.0514219 0.84151
-20.0221 38.7255 74.971 0.537554 -0.0497978 0.841758
-19.3595 39.1407 74.5649 0.547299 -0.0570422 0.83498
-18.6287 39.7303 74.1309 0.547903 -0.0605712 0.834341
-17.8404 40.3287 73.6584 0.548363 -0.0669077 0.83356
-17.2915 40.7431 73.3214 0.557919 -0.064089 0.827417
-16.6823 41.2833 72.955 0.561934 -0.0668169 0.824455
-16.1675 41.7751 72.6393 0.566867 -0.0671943 0.821064
-15.5549 42.3926 72.2675 0.574053 -0.0662544 0.816083
-14.8758 43.1857 71.8425 0.582126 -0.0625227 0.810691
-14.4218 43.7758 71.5568 0.589063 -0.0589317 0.805935
-13.8763 44.6413 71.212 0.602129 -0.0527816 0.796652
-13.5449 45.3762 71.0038 0.608364 -0.0604496 0.791217
-13.3109 46.6809 70.933 0.618198 -0.062351 0.783545
-13.2709 47.799 70.9928 0.617725 -0.0661395 0.783608
-13.3071 48.6375 71.0917 0.622781 -0.0673224 0.779471
-13.3535 49.4025 71.1909 0.618958 -0.0639483 0.782816
-13.4946 50.5869 71.3913 0.611034 -0.0551445 0.789681
-13.6082 51.8304 71.5835 0.600163 -0.0675827 0.797003
-13.6402 52.697 71.6862 0.596063 -0.0679265 0.800035
-13.6511 53.5315 71.761 0.592478 -0.0650752 0.802954
-13.6416 54.3739 71.8223 0.589826 -0.0613542 0.80518
-13.7273 55.307 71.964 0.584116 -0.0720474 0.808466
-14.1793 55.7879 72.3334 0.583374 -0.0711944 0.809076
-14.887 55.936 72.8556 0.58263 -0.0703484 0.809687
-15.6158 55.9821 73.3737 0.564439 -0.0737846 0.822144
-16.4354 56.0383 73.9347 0.550059 -0.0743005 0.831718
-17.4462 56.1188 74.5813 0.528658 -0.0679525 0.846111
-18.1049 56.1502 74.984 0.509599 -0.0660049 0.857828
-18.7525 56.2193 75.3673 0.486568 -0.0628075 0.871382
-19.5064 56.343 75.7972 0.484322 -0.0598061 0.872834
-20.2319 56.4446 76.1938 0.463915 -0.0586721 0.883935
-20.8973 56.5037 76.5482 0.459554 -0.0516505 0.886605
-21.6008 56.5824 76.9106 0.453212 -0.055776 0.889656
-22.4036 56.6512 77.3117 0.436153 -0.045837 0.898693
-23.0842 56.7395 77.6492 0.439394 -0.0429317 0.897268
-23.9768 56.9031 78.0678 0.414436 -0.0357269 0.909377
-24.6622 56.9888 78.3836 0.420818 -0.0276689 0.906661
-25.5115 56.5705 78.7569 0.402884 -0.00661048 0.915227
-26.1145 55.6779 79.0199 0.404186 0.0014365 0.914676
-26.8452 54.6235 79.3572 0.417886 0.00603653 0.908468
-27.3096 54.0294 79.5725 0.423361 0.00705824 0.905904
-27.9378 53.2784 79.8786 0.42364 0.0123701 0.905746
-28.4804 52.5318 80.144 0.424317 0.0144266 0.905399
-28.9326 51.9018 80.3664 0.425015 0.014738 0.905066
-29.4483 51.1953 80.6201 0.425401 0.0154679 0.904872
-29.9851 50.4372 80.8856 0.426268 0.0145709 0.90448
-30.3686 49.8061 81.0789 0.429948 0.0122549 0.90276
-30.8253 48.7716 81.316 0.43911 0.0217113 0.898166
-31.1608 47.8341 81.5049 0.441653 0.022681 0.896899
-31.3583 46.8045 81.6381 0.44384 0.0322651 0.895522
-31.3577 46.0352 81.6684 0.45674 0.0344331 0.888933
-31.1833 44.9175 81.6313 0.466701 0.0455959 0.883189
-31.0076 44.183 81.5695 0.47293 0.0391237 0.880231
-30.6933 43.379 81.4458 0.489765 0.0433107 0.870778
-30.2426 42.6294 81.2296 0.491978 0.0556326 0.868736
-29.6699 41.8442 80.9485 0.514928 0.0539666 0.855533
-29.1228 41.2794 80.6549 0.515572 0.0514116 0.855298
-28.5421 40.749 80.3262 0.534951 0.0416778 0.843855
-28.0257 40.2965 80.0212 0.53819 0.0336224 0.842106
-27.2698 39.7472 79.5602 0.531462 0.0234842 0.846757
-26.6548 39.3405 79.1727 0.536224 0.0103262 0.843996
-26.0654 39.0237 78.8061 0.535786 0.00435829 0.844314
-25.4643 38.7673 78.421 0.53294 -0.00284294 0.846148
-24.3926 38.482 77.7375 0.536629 -0.0117801 0.843722
-23.6804 38.2559 77.284 0.539627 -0.0189816 0.84169
-22.6687 38.0262 76.6365 0.537387 -0.0276985 0.842839
-21.9287 38.1173 76.1606 0.538938 -0.0347964 0.841605
-21.2178 38.3461 75.7208 0.539787 -0.0399779 0.840824
-20.602 38.5295 75.3297 0.537554 -0.0497977 0.841757
-20.5065 37.3335 75.2035 0.546931 -0.0476878 0.835818
-19.8074 37.503 74.7535 0.549723 -0.0479152 0.833972
-19.1453 37.8853 74.3435 0.548976 -0.0540151 0.834091
-18.5283 38.3876 73.9689 0.553147 -0.0545236 0.831295
-17.7866 38.9949 73.5198 0.552059 -0.0627381 0.831441
-17.1598 39.4329 73.1305 0.559055 -0.0624263 0.826774
-16.4493 40.0063 72.6922 0.566855 -0.0639851 0.821329
-15.7542 40.655 72.264 0.566346 -0.0648327 0.821613
-15.0845 41.3151 71.849 0.57486 -0.0572703 0.816245
-14.536 41.918 71.5052 0.574842 -0.0575908 0.816235
-14.0899 42.4768 71.2172 0.590138 -0.0544449 0.805442
-13.4553 43.3231 70.8057 0.604087 -0.0494836 0.79538
-13.0644 43.9744 70.5442 0.619796 -0.0462214 0.7834
-12.7262 44.6543 70.32 0.623202 -0.0524772 0.780277
-12.5003 45.4711 70.1905 0.627154 -0.0515435 0.777187
-12.3886 46.2639 70.1542 0.629311 -0.0568748 0.775052
-12.3215 47.074 70.1633 0.631195 -0.0638792 0.772983
-12.293 47.9015 70.2115 0.630632 -0.0667548 0.773206
-12.3472 48.6442 70.3173 0.626466 -0.066329 0.776609
-12.4149 49.468 70.445 0.629263 -0.0667838 0.774317
-12.5136 50.2802 70.5925 0.627755 -0.0631006 0.775849
-12.6587 51.4998 70.8209 0.619538 -0.0689779 0.78193
-12.7011 52.499 70.9479 0.612744 -0.0685832 0.7873
-12.7199 53.4775 71.0461 0.613311 -0.0664826 0.787038
-12.6873 54.3696 71.0917 0.608269 -0.0671028 0.790889
-12.6495 55.1583 71.1295 0.607913 -0.0662962 0.79123
-12.7346 56.0202 71.2689 0.604515 -0.0726522 0.793274
-12.9157 56.7403 71.4729 0.607543 -0.0844557 0.789681
-13.6355 56.9696 72.0601 0.597259 -0.0932969 0.79642
-14.2682 57.1153 72.5344 0.583946 -0.0903362 0.80675
-15.0417 57.1851 73.0981 0.571676 -0.0889846 0.815547
-15.6636 57.1821 73.5232 0.560605 -0.0855907 0.823644
-16.6247 57.2742 74.1694 0.540212 -0.0752018 0.838162
-17.2795 57.3234 74.5831 0.51968 -0.0731193 0.851226
-18.2886 57.363 75.1852 0.49984 -0.0763182 0.862749
-19.1174 57.4832 75.6631 0.477348 -0.0725431 0.875715
-19.9369 57.6031 76.1179 0.466888 -0.0670695 0.881752
-20.7529 57.7048 76.553 0.457708 -0.0597681 0.887052
-21.6005 57.7804 76.9881 0.445153 -0.0643161 0.893104
-22.4799 57.8394 77.4172 0.43322 -0.0635986 0.899042
-23.3737 58.0207 77.8421 0.404076 -0.0539479 0.913133
-24.053 58.2112 78.1557 0.405388 -0.0310126 0.913538
-25.1044 58.2617 78.6106 0.397407 -0.0241637 0.917323
-26.0288 57.9823 78.9973 0.390832 -0.0148409 0.920324
-26.5087 57.1653 79.1937 0.393701 0.00700756 0.919212
-26.9941 56.3021 79.4081 0.398456 0.000241261 0.917148
-27.5168 55.6 79.6501 0.404942 0.0154084 0.914213
-27.9902 54.9691 79.8705 0.412188 0.0200703 0.910831
-28.9218 53.9013 80.3253 0.418851 0.0177222 0.907882
-29.5608 52.8991 80.6434 0.422548 0.0167594 0.906185
-30.139 52.1652 80.9274 0.423216 0.0177847 0.905854
-30.6058 51.5314 81.1567 0.419451 0.0210095 0.907535
-31.1388 50.6665 81.4228 0.418426 0.0212246 0.908003
-31.6153 49.8165 81.6671 0.427336 0.0279233 0.903658
-32.1768 48.4067 81.98 0.431707 0.0320991 0.901431
-32.3754 47.5905 82.1081 0.433653 0.03979 0.900201
-32.4829 46.6662 82.2047 0.44146 0.0485191 0.895964
-32.4265 45.7119 82.227 0.447931 0.0569184 0.892225
-32.2364 44.6111 82.1969 0.461346 0.0524183 0.88567
-32.0357 43.8002 82.1509 0.470442 0.0655933 0.879924
-31.7493 42.9757 82.05 0.478744 0.067653 0.875299
-31.233 42.114 81.8333 0.489419 0.0665083 0.869509
-30.6637 41.2861 81.574 0.515103 0.0836131 0.85304
-30.1097 40.6785 81.2982 0.526428 0.0746723 0.846819
-29.6015 40.1884 81.0132 0.537106 0.0680042 0.840769
-29.0667 39.7285 80.7092 0.53819 0.0336216 0.842106
-28.5415 39.2769 80.3885 0.546379 0.0421595 0.836477
-27.9709 38.8628 80.0367 0.552793 0.0331157 0.832577
-27.0376 38.2346 79.4397 0.543897 0.0209156 0.838891
-26.412 37.9049 79.0322 0.546723 0.0078949 0.837257
-25.8082 37.603 78.6451 0.542065 0.00664224 0.84031
-24.965 37.4126 78.0967 0.541953 -0.00242092 0.840405
-23.9769 37.0858 77.4538 0.544074 -0.00827803 0.838985
-23.3418 36.8484 77.043 0.546265 -0.0148919 0.837436
-22.6954 36.7774 76.6132 0.551987 -0.0199971 0.833613
-22.0301 36.8293 76.1823 0.544447 -0.0240743 0.83845
-21.2836 37.0915 75.6982 0.549756 -0.0422245 0.834233
-20.9276 37.2258 75.4729 0.546931 -0.0476886 0.835819
-20.6731 36.0612 75.2455 0.554872 -0.0442879 0.830756
-19.8642 36.2537 74.7145 0.554477 -0.0497976 0.830696
-19.045 36.476 74.1836 0.552051 -0.0547957 0.832006
-18.4942 36.9699 73.8523 0.549413 -0.0550041 0.833736
-17.5762 37.7095 73.2899 0.552482 -0.0488295 0.832093
-17.0471 38.1375 72.9567 0.566172 -0.0595525 0.82211
-16.2776 38.6311 72.4658 0.566244 -0.0656513 0.821619
-15.7511 39.1664 72.1445 0.567292 -0.0646097 0.820979
-15.1086 39.7536 71.7475 0.56668 -0.0654281 0.821336
-14.2845 40.529 71.2307 0.574895 -0.0569648 0.816242
-13.7547 41.1529 70.9005 0.578329 -0.0471281 0.814392
-13.2542 41.791 70.5735 0.602696 -0.0290277 0.796911
-12.6872 42.5732 70.1604 0.613825 -0.0427902 0.788282
-12.1485 43.5256 69.7875 0.629627 -0.0481588 0.775404
-11.7313 44.5025 69.5107 0.62464 -0.0471983 0.779485
-11.5234 45.4868 69.391 0.640021 -0.0416284 0.767097
-11.4428 46.3337 69.3828 0.644933 -0.0540837 0.762323
-11.3497 47.5936 69.4142 0.636019 -0.0701229 0.76845
-11.3918 48.691 69.5429 0.631848 -0.0662934 0.772252
-11.5194 49.7968 69.7453 0.629598 -0.066802 0.774044
-11.6253 50.6227 69.9018 0.637153 -0.0736452 0.767211
-11.7544 51.6178 70.1154 0.626498 -0.0868463 0.774463
-11.7934 52.4316 70.2258 0.622566 -0.07389 0.779068
-11.79 53.6413 70.3289 0.620322 -0.0654598 0.781611
-11.7028 54.9089 70.3833 0.605609 -0.0673948 0.792903
-11.7109 55.7811 70.4452 0.619548 -0.0615257 0.782427
-11.7708 56.5415 70.5651 0.623785 -0.0736004 0.778123
-11.9133 57.5275 70.7771 0.625464 -0.0834786 0.775742
-12.2572 58.1159 71.1244 0.62154 -0.0894199 0.778189
-12.8241 58.2746 71.5881 0.616123 -0.146271 0.773949
-13.526 58.2277 72.1282 0.591217 -0.123809 0.796907
-14.5477 58.3532 72.8995 0.587043 -0.130994 0.798888
-15.2581 58.3665 73.3781 0.561945 -0.100766 0.821014
-16.1022 58.4092 73.9555 0.54602 -0.100946 0.831647
-16.7251 58.5407 74.3684 0.511265 -0.0912742 0.854562
-17.4049 58.5226 74.7732 0.511804 -0.0924182 0.854116
-18.2431 58.5657 75.2675 0.489113 -0.100935 0.86636
-19.1289 58.6978 75.7707 0.466794 -0.0780117 0.880913
-19.9127 58.7978 76.1978 0.470846 -0.0783309 0.878728
-20.6905 58.896 76.6131 0.45548 -0.0864748 0.886036
-21.5262 58.987 77.0378 0.437708 -0.0758039 0.895916
-22.2563 59.0306 77.3975 0.424974 -0.0782025 0.90174
-22.9728 59.1372 77.7347 0.387692 -0.061848 0.919018
-23.7546 59.3757 78.0819 0.393195 -0.0479796 0.918192
-24.4852 59.4786 78.3979 0.391589 -0.0438609 0.919094
-25.5451 59.5648 78.8281 0.354055 -0.0344906 0.934588
-26.4809 59.4422 79.1888 0.355506 0.000825352 0.934674
-27.015 58.6227 79.4059 0.378627 0.0091052 0.925458
-27.5141 57.7335 79.6093 0.377515 0.00172598 0.925981
-28.0716 56.9167 79.8578 0.401636 0.031631 0.915253
-28.4657 56.2865 80.0525 0.405048 0.0311957 0.913755
-28.9722 55.5943 80.3026 0.40743 0.0325345 0.912657
-29.8669 54.4958 80.7566 0.425746 0.0275535 0.904353
-30.2723 53.8699 80.9592 0.419918 0.00697709 0.907455
-30.9733 52.9588 81.2976 0.417806 0.0155546 0.908403
-31.437 52.3383 81.5183 0.407138 0.0239074 0.913043
-31.9532 51.4855 81.7746 0.41854 0.0364999 0.907332
-32.3956 50.874 82.0031 0.42138 0.0301984 0.906381
-32.7665 50.0526 82.2023 0.425707 0.0193516 0.904566
-33.19 49.1498 82.428 0.419538 0.0300221 0.907241
-33.3337 48.3221 82.5327 0.422308 0.0422252 0.905468
-33.5664 47.1183 82.7125 0.428677 0.0703378 0.900488
-33.5797 45.9452 82.7901 0.435362 0.0426863 0.899148
-33.4948 44.8874 82.8229 0.445085 0.0632703 0.89325
-33.1843 43.8282 82.7494 0.460889 0.0712066 0.884597
-32.74 42.5319 82.6405 0.477968 0.0898542 0.873611
-32.3269 41.817 82.4744 0.49478 0.0668699 0.866293
-31.8146 41.0102 82.2627 0.466859 0.101636 0.878168
-31.337 40.3459 82.0815 0.505357 0.118032 0.8548
-30.5814 39.6365 81.6919 0.53359 0.0963244 0.840183
-30.0209 39.0861 81.3893 0.538685 0.104105 0.835942
-29.444 38.5434 81.0481 0.580855 0.0785517 0.809878
-28.7433 38.024 80.5933 0.579153 0.0417294 0.814009
-28.0424 37.5174 80.1285 0.562332 0.0325482 0.82627
-27.4527 37.1368 79.7275 0.561297 0.00866915 0.827466
-26.8139 36.8334 79.3088 0.550582 0.00738225 0.834749
-25.8283 36.2896 78.6614 0.553839 0.00734809 0.832557
-24.9128 36.119 78.0605 0.562373 0.000698521 0.826725
-24.1507 35.8359 77.5606 0.550046 -0.00389905 0.835114
-23.4393 35.6118 77.0874 0.552587 -0.00708232 0.833425
-22.7926 35.5719 76.6579 0.552887 -0.00688438 0.833228
-21.925 35.5712 76.0629 0.556689 -0.0306464 0.830155
-21.3224 35.8297 75.6672 0.558695 -0.0368225 0.828551
-20.974 35.9561 75.4408 0.554872 -0.044289 0.830756
-26.4486 27.7326 71.1432 0.576483 -0.377885 0.724479
-27.1115 27.8147 71.7125 0.583894 -0.385633 0.714226
-28.0258 27.2877 72.1523 0.569663 -0.377119 0.730249
-28.4456 26.424 72.0456 0.587318 -0.371723 0.718686
-28.6432 25.7323 71.8342 0.584396 -0.426473 0.690364
-28.8046 25.0406 71.5449 0.565639 -0.425229 0.70639
-28.6582 24.4131 71.0387 0.558066 -0.446224 0.699541
-28.0168 23.7236 70.1296 0.531084 -0.434206 0.727609
-27.2882 23.6213 69.5356 0.5213 -0.440864 0.730591
-26.5203 23.8295 69.1102 0.526913 -0.416195 0.741043
-25.8553 24.3837 68.947 0.535976 -0.398767 0.74392
-25.6286 25.9628 69.5845 0.563108 -0.375244 0.736271
-25.5458 26.836 69.9732 0.569545 -0.375182 0.731314
-25.7831 27.5036 70.4958 0.572016 -0.369741 0.732181
-25.837 27.6041 70.5885 0.574666 -0.373616 0.728101
-26.6517 26.5874 70.6963 0.565345 -0.387986 0.727865
-27.3435 26.5466 71.2207 0.570712 -0.390502 0.722354
-27.6991 25.7981 71.0971 0.56773 -0.402937 0.717731
-27.7046 25.0997 70.6947 0.557229 -0.408294 0.722904
-26.7872 24.9407 69.9192 0.553647 -0.398579 0.731154
