-22.6897 47.1649 78.3105 0.49555 -0.0340272 0.867911
-21.9113 47.7937 77.89 0.49628 -0.0374602 0.867354
-21.9113 47.7937 77.89 0.49628 -0.0374602 0.867354
-21.0421 47.829 77.3845 0.506599 -0.0498053 0.860742
-20.5021 47.4797 77.0442 0.5104 -0.0497432 0.858497
-21.1271 46.9231 77.3821 0.509057 -0.0460991 0.859485
-21.8965 46.482 77.8178 0.509177 -0.0454299 0.859457
-22.6578 46.5999 78.2696 0.497714 -0.0410354 0.86634
-23.1519 45.4945 78.5043 0.503592 -0.0357422 0.863202
-22.3732 45.2399 78.0347 0.509999 -0.0457808 0.858956
-21.688 45.2986 77.6259 0.514997 -0.0486409 0.855808
-20.9589 45.65 77.2092 0.513653 -0.0503223 0.856521
-20.4083 46.0889 76.902 0.513172 -0.0545818 0.856549
-19.6362 46.7405 76.481 0.517502 -0.0559986 0.853831
-19.0862 47.3158 76.1829 0.521624 -0.0577524 0.851219
-18.5839 47.985 75.9202 0.516254 -0.0553526 0.854635
-19.1435 48.6861 76.3067 0.515863 -0.0594764 0.854604
-19.7746 48.8477 76.6976 0.513241 -0.0577139 0.856302
-20.4376 48.9168 77.0936 0.503259 -0.0490215 0.862744
-21.409 48.9485 77.6532 0.495788 -0.041699 0.867442
-22.1059 48.9601 78.0521 0.4912 -0.0384019 0.870177
-23.152 48.3844 78.6177 0.488227 -0.0293471 0.872223
-23.5741 47.7757 78.8327 0.487297 -0.0279122 0.87279
-23.9095 47.114 78.9988 0.489091 -0.0311939 0.871666
-23.7696 45.9887 78.8817 0.496833 -0.025759 0.867464
-23.2029 45.5222 78.5351 0.502964 -0.0358824 0.863562
-23.5388 44.4053 78.6855 0.507447 -0.0386686 0.860815
-22.8692 44.1007 78.2743 0.514386 -0.0411183 0.85657
-22.2249 43.9522 77.8788 0.516266 -0.0428426 0.855356
-21.449 44.1271 77.4192 0.519202 -0.0465752 0.853366
-20.5682 44.5438 76.9035 0.521753 -0.0574495 0.85116
-20.0086 44.9676 76.589 0.52623 -0.0587332 0.848311
-19.4181 45.5029 76.2624 0.523514 -0.0619334 0.849763
-18.7435 46.0935 75.8898 0.528938 -0.0632707 0.846273
-18.2115 46.631 75.5926 0.531653 -0.0587168 0.844924
-17.7549 47.2017 75.345 0.530671 -0.0600783 0.845444
-17.2249 48.6081 75.1152 0.529443 -0.0606353 0.846175
-17.4457 49.581 75.3186 0.53646 -0.0540279 0.842195
-18.2142 49.786 75.8135 0.520765 -0.0570905 0.851788
-19.1203 49.9383 76.3782 0.513651 -0.0566774 0.856081
-20.0032 50.0458 76.9046 0.503214 -0.0510107 0.862636
-20.694 50.1066 77.3013 0.494505 -0.0421983 0.86815
-21.456 50.1261 77.7366 0.4912 -0.0384019 0.870177
-22.5009 50.1687 78.3207 0.483833 -0.0338648 0.8745
-23.2399 49.8573 78.7171 0.482619 -0.029852 0.875322
-23.7605 49.3311 78.9812 0.47547 -0.0307804 0.879193
-24.3799 48.4582 79.299 0.480243 -0.0192747 0.876922
-24.8009 47.7583 79.516 0.483675 -0.0227294 0.874932
-25.1233 47.0821 79.6769 0.490622 -0.0174059 0.871197
-25.236 46.3172 79.7261 0.491924 -0.0165092 0.870482
-24.976 45.5816 79.5605 0.496346 -0.021716 0.867853
-24.2659 44.8641 79.13 0.504885 -0.0278546 0.862737
-23.9119 44.6084 78.9146 0.506206 -0.0351937 0.861686
-24.2935 43.4937 79.1035 0.509255 -0.0284697 0.860127
-25.0657 44.0242 79.5763 0.513008 -0.0216641 0.858111
-25.5886 44.5017 79.8933 0.505408 -0.0162815 0.862727
-26.0218 45.0727 80.1542 0.495557 -0.0109656 0.868506
-26.3898 45.966 80.3736 0.494888 -0.00700704 0.868929
-26.3772 46.8731 80.371 0.483419 -0.00335336 0.875377
-26.1083 47.5979 80.2273 0.480202 -0.00830249 0.877111
-25.7544 48.2931 80.0435 0.476776 -0.0139217 0.878907
-25.141 49.2312 79.7288 0.473713 -0.0131687 0.880581
-24.7152 49.8178 79.5088 0.471615 -0.0182891 0.881599
-24.0139 50.7314 79.1595 0.469156 -0.025313 0.88275
-23.252 51.2663 78.7697 0.474044 -0.0259807 0.880118
-22.5943 51.3936 78.4192 0.477645 -0.0298625 0.878027
-21.8459 51.3599 78.0048 0.481645 -0.0393986 0.87548
-21.0574 51.2788 77.5656 0.48761 -0.0399492 0.872147
-20.4034 51.2441 77.1984 0.490399 -0.0437792 0.870383
-19.6564 51.1617 76.7641 0.500137 -0.0465812 0.864693
-18.9686 51.0976 76.3632 0.502359 -0.0507719 0.863156
-18.2018 50.9954 75.8899 0.519423 -0.0599076 0.852415
-17.4209 50.9334 75.398 0.535178 -0.0602692 0.842587
-16.586 50.6915 74.8397 0.555123 -0.0552505 0.829931
-16.2954 50.039 74.6003 0.558524 -0.0615907 0.827198
-16.2295 49.2968 74.5004 0.557621 -0.0629119 0.827707
-16.2059 48.4952 74.426 0.569015 -0.0613599 0.820035
-16.3557 47.5318 74.4576 0.561525 -0.0655397 0.824804
-16.7286 46.7034 74.6376 0.554027 -0.0690538 0.82963
-17.492 45.8032 75.0715 0.547545 -0.0691922 0.83391
-18.406 44.9493 75.5881 0.534366 -0.0646091 0.84278
-19.0396 44.3827 75.9462 0.536931 -0.0649144 0.841119
-19.586 43.9029 76.2539 0.530351 -0.0629142 0.84544
-20.597 43.1148 76.8325 0.52759 -0.0504644 0.847999
-21.4724 42.8012 77.3553 0.524314 -0.0462932 0.850253
-22.1653 42.7021 77.7799 0.526485 -0.0422737 0.849133
-22.8126 42.8074 78.1833 0.520972 -0.0385504 0.852691
-23.421 43.0545 78.5617 0.515247 -0.0348226 0.856334
-24.1048 43.398 78.9871 0.514457 -0.0326019 0.856893
-24.4829 42.2756 79.1844 0.522868 -0.0225009 0.852117
-25.1585 42.6657 79.6092 0.519295 -0.0159791 0.85441
-25.9277 43.2584 80.0795 0.51664 -0.00950125 0.85615
-26.4741 43.8153 80.4106 0.508347 -0.00381828 0.861144
-27.0325 44.6178 80.7425 0.502181 0.0025128 0.864729
-27.3548 45.3019 80.9226 0.496475 0.00540694 0.868034
-27.5376 46.0276 81.0228 0.496489 0.00518442 0.868027
-27.4824 46.9588 80.9806 0.480507 0.00838449 0.87693
-27.2524 47.6849 80.8516 0.475939 0.00545722 0.879461
-26.8061 48.6441 80.6113 0.467243 -0.00288914 0.884124
-26.3705 49.3927 80.384 0.467165 -0.00372735 0.884162
-25.8545 50.0815 80.1196 0.462294 -0.00356144 0.886714
-25.3914 50.6971 79.8858 0.458804 -0.0115437 0.888443
-24.9305 51.3706 79.6537 0.461077 -0.0166853 0.887186
-24.3591 52.0632 79.3736 0.454446 -0.00785104 0.890739
-23.4913 52.5583 78.9326 0.469333 -0.0219938 0.882732
-22.7558 52.6137 78.5456 0.464206 -0.0331146 0.885108
-22.0338 52.5591 78.1572 0.476532 -0.0322701 0.878565
-21.2907 52.4887 77.7486 0.477282 -0.0383251 0.877914
-20.3962 52.4112 77.2543 0.488443 -0.0454749 0.871404
-19.5393 52.3345 76.7665 0.494952 -0.0483698 0.867554
-18.6985 52.2501 76.2708 0.506011 -0.0495194 0.861104
-17.9018 52.1481 75.7845 0.524891 -0.0551804 0.849379
-17.1424 52.1008 75.3083 0.544808 -0.0603742 0.836286
-16.2513 52.0365 74.7074 0.555018 -0.0569148 0.829889
-15.4813 51.4173 74.1417 0.564159 -0.0535184 0.82393
-15.3788 50.6608 74.01 0.578855 -0.0618733 0.813072
-15.2828 49.8072 73.8804 0.575746 -0.0616074 0.815291
-15.2059 48.7096 73.7448 0.572008 -0.0586217 0.81815
-15.2287 47.9489 73.7056 0.575658 -0.0600998 0.815479
-15.3843 47.1319 73.7514 0.571826 -0.0640902 0.817867
-15.6402 46.4245 73.8749 0.572104 -0.062451 0.817799
-16.2811 45.5226 74.2446 0.558069 -0.066682 0.827111
-16.7843 44.9688 74.536 0.552337 -0.0713711 0.830545
-17.3131 44.4671 74.842 0.550123 -0.0680657 0.832305
-17.8537 43.9751 75.159 0.542803 -0.067853 0.837069
-18.4682 43.4307 75.5097 0.538383 -0.0621796 0.840403
-19.0468 42.9284 75.8431 0.534367 -0.0625391 0.842923
-19.561 42.4628 76.1375 0.53629 -0.053475 0.842338
-20.1783 42.0289 76.5022 0.532891 -0.0545497 0.844415
-20.8703 41.7219 76.9173 0.535632 -0.0492486 0.843014
-21.4818 41.5045 77.2931 0.531577 -0.0474224 0.845665
-22.335 41.4741 77.8261 0.533845 -0.0407512 0.8446
-23.0964 41.6382 78.3072 0.527185 -0.0335759 0.849086
-23.7982 41.9386 78.7562 0.528437 -0.0332742 0.84832
-24.3741 42.2235 79.1163 0.522266 -0.0225085 0.852485
-24.5595 41.0376 79.2071 0.536234 -0.0134237 0.843948
-25.6097 41.5895 79.8732 0.528579 -0.00757803 0.848841
-26.289 42.0773 80.2965 0.524277 -0.00339867 0.851532
-27.0469 42.7791 80.7594 0.520587 0.00089047 0.853808
-27.6471 43.5338 81.1155 0.509038 0.0115706 0.860666
-28.2238 44.537 81.4409 0.502436 0.0186064 0.864381
-28.5049 45.2739 81.5833 0.496421 0.0217059 0.867811
-28.6528 46.0383 81.6504 0.496461 0.0194627 0.867841
-28.6168 46.8824 81.6073 0.477618 0.0209965 0.878303
-28.4246 47.6464 81.4878 0.474014 0.0184445 0.880324
-28.0727 48.5075 81.2851 0.465622 0.00957736 0.884932
-27.533 49.5974 80.9916 0.465097 0.00592127 0.88524
-26.817 50.7148 80.62 0.457762 -0.00051863 0.889075
-26.2629 51.4448 80.3384 0.452815 -0.00653054 0.89157
-25.677 52.2129 80.0434 0.452062 -0.00225654 0.891984
-25.1798 52.8461 79.7967 0.4493 -0.00622728 0.893358
-24.5636 53.4861 79.4965 0.449176 -0.0139262 0.893318
-23.7928 53.8292 79.1116 0.451204 -0.018174 0.892236
-23.0153 53.8402 78.7171 0.458984 -0.0182199 0.888252
-22.2124 53.7591 78.2964 0.472082 -0.028766 0.881068
-21.4128 53.6894 77.8669 0.46924 -0.0354509 0.882359
-20.5897 53.6183 77.4182 0.480898 -0.0390595 0.875906
-19.5338 53.5114 76.826 0.494638 -0.0455771 0.867892
-18.798 53.4405 76.3988 0.502141 -0.0474837 0.863464
-17.9124 53.322 75.8663 0.512595 -0.0482128 0.857276
-17.1839 53.2875 75.4121 0.54043 -0.0521938 0.839769
-16.4218 53.2644 74.9155 0.556379 -0.0637094 0.828477
-15.5439 53.1657 74.3147 0.560875 -0.064494 0.825379
-14.7828 52.8839 73.7655 0.569863 -0.0627718 0.819339
-14.4652 52.0944 73.4742 0.579204 -0.07018 0.812156
-14.4192 51.0617 73.3583 0.582895 -0.0676553 0.80971
-14.3537 50.2398 73.2483 0.581787 -0.0599069 0.811132
-14.2641 49.3158 73.1187 0.580768 -0.0530191 0.812341
-14.2073 48.5438 73.0264 0.596788 -0.0626004 0.799936
-14.2836 47.3737 72.9902 0.601259 -0.0671702 0.796217
-14.5282 46.4163 73.0783 0.591366 -0.0793138 0.802494
-14.8396 45.6911 73.2452 0.585628 -0.071639 0.807408
-15.5123 44.7694 73.6564 0.578948 -0.0669105 0.812536
-16.2634 43.9403 74.0973 0.557352 -0.0694854 0.827361
-17.1625 43.1343 74.6327 0.550781 -0.0679944 0.831875
-17.7968 42.5561 75.0062 0.546605 -0.0680149 0.834606
-18.3441 42.0554 75.3212 0.54492 -0.0612154 0.83625
-19.0588 41.4679 75.7439 0.544912 -0.0612233 0.836255
-19.641 41.0651 76.0943 0.540993 -0.059963 0.838871
-20.6804 40.5189 76.7269 0.539615 -0.0495953 0.840435
-21.2865 40.2742 77.0979 0.535539 -0.0483554 0.843125
-22.0007 40.1705 77.5543 0.538061 -0.0406164 0.841908
-22.6403 40.2541 77.963 0.544655 -0.0285887 0.838173
-23.4092 40.4776 78.4665 0.536038 -0.0231486 0.843856
-24.0985 40.7796 78.9075 0.533046 -0.0184738 0.845885
-24.206 40.8359 78.9765 0.53651 -0.0170872 0.84371
-24.6961 39.7927 79.2759 0.541893 -0.00563824 0.840429
-25.3498 40.1292 79.7014 0.542951 0.0031762 0.839758
-26.2962 40.673 80.3111 0.542869 0.00318558 0.839811
-26.94 41.144 80.7157 0.536218 0.0149368 0.843947
-27.4905 41.6321 81.0569 0.535663 0.0171073 0.844256
-28.2605 42.5219 81.5138 0.52419 0.0229797 0.851291
-28.6785 43.1318 81.7526 0.518386 0.0284406 0.854651
-29.0828 43.8137 81.9703 0.51333 0.0305651 0.857647
-29.43 44.5602 82.1473 0.512378 0.0350799 0.858043
-29.7418 45.7715 82.2659 0.489494 0.0400403 0.871018
-29.7301 46.7656 82.224 0.48244 0.034699 0.875233
-29.5525 47.6303 82.096 0.471115 0.0285779 0.881609
-29.2867 48.4363 81.9312 0.461664 0.020922 0.886808
-28.955 49.1606 81.7414 0.461509 0.0216917 0.88687
-28.5985 49.9285 81.5432 0.457544 0.0140546 0.889076
-28.043 50.8627 81.245 0.456257 0.00888014 0.889804
-27.5509 51.6009 80.9885 0.451548 0.00647414 0.892223
-27.0414 52.282 80.7265 0.44784 0.00378746 0.894095
-26.2864 53.1967 80.3516 0.442471 -0.00245994 0.896777
-25.7178 53.9496 80.0752 0.440584 -0.000403128 0.897706
-25.2382 54.5193 79.8422 0.444444 -0.00668576 0.895781
-24.6483 54.976 79.5548 0.437856 -0.0118502 0.898967
-23.7561 55.1019 79.1218 0.444525 -0.0163063 0.895576
-23.0561 55.0322 78.7682 0.448152 -0.0222592 0.89368
-22.1561 54.9463 78.3059 0.46168 -0.029698 0.886549
-21.4147 54.891 77.9146 0.46803 -0.0346616 0.883031
-20.5739 54.829 77.4678 0.47399 -0.0396378 0.87959
-19.7106 54.7241 76.9872 0.483153 -0.0421833 0.874519
-18.7372 54.6373 76.4289 0.501334 -0.0473017 0.863948
-17.6713 54.4876 75.7904 0.522162 -0.0479922 0.851409
-16.9255 54.4711 75.3202 0.536204 -0.0488114 0.842651
-16.2351 54.4647 74.8698 0.547978 -0.0503403 0.834977
-15.3595 54.352 74.2759 0.562327 -0.0596484 0.824761
-14.4087 54.2025 73.6024 0.582011 -0.0579583 0.811113
-13.6308 53.8285 73.0104 0.590138 -0.0641416 0.804751
-13.4851 52.7742 72.8197 0.593513 -0.0667869 0.802031
-13.4892 51.9917 72.7544 0.597241 -0.066509 0.799293
-13.449 50.9419 72.6413 0.601642 -0.0665082 0.795968
-13.3755 50.0667 72.5175 0.597483 -0.0628757 0.799413
-13.297 49.2281 72.3981 0.604805 -0.0607994 0.793975
-13.2504 48.261 72.2814 0.612385 -0.0653424 0.787854
-13.284 47.5119 72.2452 0.610944 -0.0673728 0.788753
-13.4323 46.6124 72.2764 0.604981 -0.0723205 0.792948
-13.6512 45.8649 72.3833 0.599139 -0.062642 0.798146
-13.9944 45.0438 72.5682 0.593685 -0.0621454 0.802277
-14.3754 44.4243 72.8038 0.588384 -0.0612835 0.806256
-14.8982 43.8009 73.1379 0.588453 -0.0600186 0.8063
-15.5966 43.0698 73.5644 0.57124 -0.0711519 0.817693
-16.444 42.3237 74.0822 0.565912 -0.0679283 0.821663
-17.154 41.681 74.5057 0.553284 -0.0708345 0.829976
-17.6551 41.2026 74.8048 0.555882 -0.0640692 0.828789
-18.6628 40.3679 75.4045 0.548048 -0.0618607 0.834154
-19.2642 39.9925 75.77 0.548094 -0.0586827 0.834346
-19.8794 39.639 76.1509 0.545407 -0.0554101 0.836338
-20.5148 39.3059 76.5432 0.547816 -0.050493 0.835055
-21.3129 38.9956 77.0541 0.547245 -0.0408351 0.835946
-22.0399 38.9319 77.5216 0.542778 -0.0364089 0.839087
-22.9359 39.0914 78.1147 0.548359 -0.0276709 0.835771
-23.7999 39.3555 78.6862 0.542657 -0.017422 0.839774
-24.3759 39.6243 79.0683 0.541889 -0.00563363 0.840431
-24.6132 38.4598 79.2108 0.555709 -0.00473009 0.83135
-24.0243 38.1623 78.819 0.556304 -0.0104887 0.830883
-23.338 37.9433 78.3501 0.560762 -0.0149138 0.827842
-22.5726 37.7937 77.838 0.554228 -0.0212531 0.832093
-21.91 37.7167 77.389 0.560455 -0.0314585 0.827587
-21.1212 37.7709 76.8631 0.553124 -0.0373892 0.83226
-20.1987 38.1286 76.2685 0.553508 -0.0518278 0.83123
-19.4319 38.5908 75.7858 0.553681 -0.0556097 0.830858
-18.8058 38.9422 75.3956 0.551872 -0.0595508 0.8318
-18.1778 39.3051 75.0012 0.554977 -0.0633771 0.829435
-17.6355 39.7252 74.6742 0.553089 -0.0676332 0.830372
-17.1335 40.2101 74.3724 0.561624 -0.068414 0.824553
-16.5049 40.822 73.9984 0.563254 -0.0709017 0.823229
-15.9837 41.2729 73.6775 0.566602 -0.0689913 0.821098
-15.4395 41.7294 73.3403 0.570453 -0.0684869 0.818457
-14.9164 42.226 73.0141 0.572967 -0.0706538 0.816527
-14.3994 42.7496 72.6966 0.580505 -0.0695438 0.811228
-13.7383 43.5073 72.2693 0.595754 -0.0571538 0.801094
-13.1817 44.3442 71.9123 0.600498 -0.0615569 0.797253
-12.8963 45.0383 71.7431 0.612665 -0.056709 0.788287
-12.5533 46.0689 71.5575 0.617202 -0.0580237 0.784632
-12.3851 46.7986 71.4792 0.622571 -0.0648659 0.77987
-12.3086 47.6355 71.4872 0.626208 -0.0629576 0.777107
-12.3229 48.656 71.5836 0.627041 -0.0662638 0.776161
-12.399 49.781 71.7389 0.618438 -0.0632016 0.783287
-12.4779 50.6091 71.8692 0.620748 -0.062705 0.781491
-12.5479 51.6516 72.0099 0.615732 -0.0643022 0.785328
-12.5437 52.4345 72.0746 0.612411 -0.0667656 0.787706
-12.5233 53.2189 72.1189 0.613272 -0.0549526 0.787958
-12.5323 53.9782 72.1815 0.61887 -0.0587245 0.783295
-12.7248 54.965 72.401 0.616798 -0.0503072 0.785512
-13.3632 55.3285 72.9193 0.597109 -0.0558397 0.80017
-14.2674 55.3901 73.5875 0.586606 -0.055654 0.80793
-15.167 55.5205 74.2254 0.568716 -0.0583344 0.820455
-15.95 55.6614 74.7713 0.553815 -0.0527623 0.830864
-16.7949 55.6826 75.3167 0.533205 -0.0574547 0.844013
-17.7365 55.6706 75.9008 0.525329 -0.0539536 0.849187
-18.638 55.8154 76.442 0.498848 -0.0526813 0.865044
-19.527 55.9048 76.9503 0.491969 -0.0518355 0.869068
-20.591 56.0311 77.5333 0.469183 -0.0440189 0.882003
-21.3993 56.0878 77.96 0.454713 -0.0380862 0.889823
-22.2813 56.1556 78.4136 0.458327 -0.0347045 0.88809
-23.1699 56.2551 78.8596 0.43743 -0.0194638 0.899042
-23.9375 56.3793 79.2357 0.437278 -0.0195209 0.899114
-24.6946 56.4189 79.6002 0.42119 -0.0047386 0.90696
-25.3519 56.1595 79.9041 0.42394 -0.00388847 0.905677
-25.8802 55.5862 80.1533 0.429645 0.00696275 0.902971
-26.4019 54.9113 80.4067 0.430524 0.00720461 0.90255
-26.8336 54.2738 80.6174 0.43154 0.00556368 0.902077
-27.3464 53.6357 80.869 0.433294 0.00854989 0.901212
-27.8971 53.0111 81.1481 0.444114 0.0120754 0.895889
-28.3325 52.4356 81.3715 0.444087 0.0118529 0.895905
-29.0244 51.3508 81.7377 0.449636 0.0156895 0.893074
-29.4496 50.6775 81.9656 0.451976 0.0192031 0.891824
-29.7566 50.0145 82.1359 0.455033 0.0224915 0.890189
-30.1009 49.2681 82.332 0.458343 0.0271908 0.888346
-30.4025 48.5426 82.5142 0.461474 0.0312651 0.886603
-30.6671 47.6899 82.6877 0.46829 0.0397679 0.882675
-30.8351 46.8306 82.8183 0.475572 0.050151 0.878171
-30.8546 45.8066 82.8941 0.486206 0.0502846 0.872396
-30.6769 44.8219 82.8518 0.492157 0.0608781 0.868281
-30.2651 43.7804 82.677 0.513797 0.0571425 0.856007
-29.9331 43.126 82.5191 0.521437 0.0495615 0.851806
-29.5341 42.4535 82.307 0.528151 0.0459453 0.847907
-29.0546 41.7949 82.0401 0.529379 0.0410327 0.847393
-28.5547 41.1569 81.7516 0.537182 0.0371172 0.842649
-27.5849 40.2222 81.1623 0.550553 0.025784 0.834369
-26.92 39.7252 80.7326 0.55204 0.0187359 0.833607
-26.2928 39.3208 80.3269 0.553854 0.0137586 0.832481
-25.6373 38.9867 79.8929 0.551655 0.00839049 0.83403
-25.0803 38.7119 79.5272 0.555609 0.00249945 0.831406
-25.6314 37.701 79.9001 0.567696 0.0103152 0.823147
-24.9321 37.3021 79.4285 0.5625 0.00842639 0.826755
-24.2238 36.9196 78.9371 0.567277 -0.00575886 0.82348
-23.5184 36.7398 78.456 0.56209 -0.00785351 0.827039
-22.6171 36.6002 77.8288 0.566887 -0.0209617 0.823484
-21.7794 36.4946 77.255 0.565808 -0.0271067 0.824091
-21.1613 36.5528 76.8346 0.562877 -0.0365033 0.825734
-20.2991 36.7251 76.2572 0.559306 -0.0452055 0.827728
-19.6605 37.0992 75.8462 0.563089 -0.0473865 0.825021
-19.0997 37.4817 75.4935 0.559171 -0.0581483 0.827011
-18.3461 37.8872 75.0125 0.558378 -0.0595579 0.827444
-17.6833 38.2282 74.5911 0.557657 -0.0609574 0.827831
-17.037 38.7729 74.1912 0.565103 -0.0641127 0.822516
-16.5317 39.281 73.8863 0.564606 -0.067913 0.822562
-15.8927 39.9257 73.5003 0.565388 -0.0691886 0.821918
-15.0951 40.5506 73.0025 0.569999 -0.0657212 0.819005
-14.3098 41.3078 72.5121 0.576008 -0.0617481 0.815088
-13.8283 41.8332 72.2059 0.581372 -0.0582834 0.811548
-13.2619 42.4522 71.8404 0.595878 -0.0495965 0.801538
-12.7882 42.9807 71.5186 0.596518 -0.0469802 0.801224
-12.397 43.6051 71.2608 0.618449 -0.0465654 0.784389
-12.0433 44.4488 71.039 0.621275 -0.0549642 0.781663
-11.6801 45.5786 70.8278 0.624379 -0.0553446 0.779158
-11.4603 46.4262 70.7119 0.629941 -0.0517985 0.774873
-11.3616 47.3868 70.703 0.634646 -0.0601891 0.770456
-11.3691 48.3126 70.7815 0.63318 -0.0630207 0.771428
-11.4282 49.212 70.9087 0.632768 -0.0686233 0.771295
-11.5022 50.2523 71.0572 0.627422 -0.0630898 0.776119
-11.6099 51.0445 71.2097 0.629603 -0.0675615 0.773974
-11.6516 52.0253 71.3293 0.629574 -0.0676295 0.773992
-11.5959 53.0069 71.3634 0.630908 -0.0582813 0.77365
-11.6095 53.9136 71.4421 0.6315 -0.056092 0.773333
-11.5866 54.8777 71.489 0.629898 -0.0526326 0.774893
-11.6402 55.6642 71.5865 0.631 -0.0608925 0.77335
-11.9793 56.3732 71.9233 0.624784 -0.065478 0.778047
-12.9345 56.5697 72.6977 0.60406 -0.0686468 0.793836
-13.931 56.5969 73.4361 0.594966 -0.0710378 0.800568
-14.6584 56.6167 73.9546 0.5773 -0.0699762 0.813528
-15.3096 56.7479 74.4164 0.559514 -0.0661357 0.826139
-15.9675 56.8609 74.8634 0.546222 -0.066296 0.835013
-17.1827 56.8562 75.6362 0.527423 -0.0555241 0.847787
-17.9853 56.9177 76.1283 0.507176 -0.0562019 0.860007
-18.7184 56.9983 76.5649 0.506345 -0.0553537 0.860553
-19.3924 57.0852 76.9522 0.475969 -0.052626 0.877886
-20.1805 57.2083 77.3849 0.465953 -0.0554633 0.883067
-20.8881 57.2503 77.7587 0.455507 -0.051795 0.888724
-21.9696 57.3485 78.3187 0.44676 -0.045659 0.893412
-22.7728 57.4033 78.7129 0.438081 -0.0394757 0.898068
-23.5586 57.5452 79.096 0.431623 -0.042019 0.901075
-24.3079 57.6632 79.4444 0.415262 -0.0281619 0.909266
-25.0454 57.7428 79.7831 0.414658 -0.0283842 0.909535
-25.7508 57.5538 80.0938 0.397427 -0.000737394 0.917533
-26.2389 57.0132 80.3188 0.407527 0.0131465 0.913098
-26.7345 56.3278 80.5498 0.412943 0.0148373 0.910615
-27.2345 55.6165 80.7954 0.419202 0.0199101 0.907675
-27.8066 54.7471 81.0787 0.42096 0.0199128 0.906858
-28.365 54.1974 81.3591 0.4334 0.0193425 0.900994
-28.8672 53.6201 81.6131 0.438438 0.0225412 0.898455
-29.4942 52.6408 81.9477 0.442963 0.0199299 0.896318
-29.9186 51.9572 82.1758 0.447044 0.0208147 0.89427
-30.5159 51.0805 82.4958 0.449412 0.023479 0.893014
-30.829 50.2391 82.6775 0.45076 0.0260454 0.892264
-31.3697 49.1868 82.9885 0.453029 0.0310251 0.890956
-31.6511 48.3277 83.1766 0.45151 0.0414681 0.891249
-31.853 47.4785 83.3271 0.4591 0.0637718 0.886091
-31.9943 46.4589 83.4721 0.459763 0.0622731 0.885855
-31.9161 45.6134 83.4962 0.478447 0.0823317 0.874246
-31.7644 44.6695 83.4913 0.49825 0.0714992 0.86408
-31.4312 43.7142 83.3761 0.515311 0.072573 0.853925
-31.0825 43.0084 83.2239 0.521605 0.0638646 0.850767
-30.6063 42.1296 82.9908 0.52729 0.0655688 0.847136
-30.0679 41.3573 82.7099 0.544004 0.0666599 0.836431
-29.6526 40.7497 82.4882 0.546476 0.0616109 0.835186
-29.1408 40.1359 82.1929 0.551992 0.056425 0.83193
-28.3112 39.3447 81.6847 0.570211 0.0451331 0.820258
-27.7381 38.9068 81.313 0.566577 0.0445527 0.822804
-27.0631 38.4347 80.8655 0.572116 0.0278118 0.819696
-26.245 37.969 80.315 0.560683 0.0205496 0.827775
-25.8604 37.8262 80.0584 0.566691 0.0169682 0.823708
-26.2192 36.6486 80.3294 0.584996 0.0209965 0.810671
-26.8896 36.9464 80.7964 0.576022 0.033519 0.816747
-27.4696 37.37 81.191 0.581725 0.0369202 0.812547
-28.142 37.8041 81.6512 0.581758 0.0430341 0.812222
-28.7118 38.2025 82.0381 0.578429 0.0505691 0.814121
-29.217 38.7259 82.3637 0.589313 0.0659054 0.805212
-30.0299 39.5503 82.8584 0.5768 0.106069 0.80997
-30.6124 40.2715 83.1451 0.530699 0.0885544 0.842768
-31.0874 40.8897 83.393 0.534172 0.0725339 0.842258
-31.6967 41.7839 83.7004 0.528733 0.0707571 0.845834
-32.1372 42.6307 83.9008 0.527686 0.0790705 0.845751
-32.5161 43.3313 84.0569 0.514061 0.0917047 0.852837
-32.7656 44.1637 84.1037 0.484714 0.0949487 0.869475
-32.9472 45.2346 84.0967 0.481282 0.0861788 0.872309
-33.1001 46.1208 84.0919 0.455651 0.0862428 0.885971
-33.0279 47.3112 83.9364 0.44168 0.079103 0.893486
-32.7413 48.5836 83.7052 0.444035 0.0660724 0.893425
-32.5886 49.3121 83.5988 0.445683 0.0366434 0.894441
-32.2453 50.023 83.4034 0.438896 0.0210807 0.898137
-31.8639 50.8136 83.1842 0.450484 0.0279374 0.892347
-31.3897 51.7766 82.9126 0.445373 0.0293633 0.894847
-30.9175 52.4566 82.6596 0.435555 0.0138551 0.89993
-30.4385 53.1528 82.4109 0.454152 0.0158781 0.890783
-29.9751 53.9022 82.1454 0.433788 0.0360165 0.900295
-29.4096 54.7361 81.8439 0.431273 0.0279136 0.90179
-28.8605 55.3222 81.5637 0.427821 0.0286757 0.903402
-28.3319 55.9547 81.2972 0.418496 0.0257097 0.907825
-27.8303 56.7692 81.0427 0.410632 0.0262414 0.911416
-27.1966 57.5998 80.7362 0.411196 0.0333618 0.910897
-26.6494 58.5226 80.4868 0.39803 0.0117441 0.917231
-26.1132 59.0153 80.2568 0.384537 0.00830792 0.923072
-25.1459 59.0268 79.8585 0.386721 -0.0487378 0.920908
-24.4 58.8905 79.5263 0.422121 -0.0360927 0.905783
-23.6555 58.8024 79.183 0.415287 -0.0328124 0.909098
-22.9627 58.6104 78.8691 0.41253 -0.0623734 0.908456
-21.8838 58.61 78.3533 0.429711 -0.0667062 0.900499
-21.0493 58.5132 77.9239 0.453115 -0.0611774 0.889349
-20.0358 58.3883 77.392 0.463296 -0.0778788 0.882708
-19.2442 58.2392 76.9543 0.471574 -0.0740734 0.87871
-18.4892 58.1622 76.5263 0.500963 -0.0850698 0.861277
-17.8114 58.0815 76.1241 0.513915 -0.0801032 0.853949
-16.7274 58.0245 75.4422 0.52883 -0.0759654 0.845321
-15.9284 58.0388 74.9435 0.551474 -0.0930795 0.828983
-15.1122 57.9399 74.391 0.553241 -0.0855186 0.828607
-14.2052 57.7791 73.7448 0.58054 -0.0973589 0.80839
-13.22 57.8811 73.0388 0.590434 -0.0935687 0.801644
-12.539 57.7572 72.5124 0.62525 -0.0963558 0.774453
-11.9411 57.768 72.0316 0.624835 -0.0961608 0.774813
-11.3073 57.6559 71.4837 0.646671 -0.0688154 0.759626
-10.797 56.8748 70.9932 0.641455 -0.0584034 0.764935
-10.7006 56.1025 70.8527 0.643803 -0.0478074 0.763569
-10.5999 55.271 70.7113 0.63688 -0.0544653 0.769036
-10.6819 54.4831 70.7234 0.637354 -0.0344706 0.769539
-10.7013 53.6799 70.6835 0.620486 -0.0612252 0.781824
-10.6867 52.7704 70.5889 0.642048 -0.0708398 0.763259
-10.7383 52.0109 70.5701 0.6452 -0.0643479 0.761278
-10.6987 51.2578 70.4723 0.646362 -0.0552316 0.761029
-10.5634 50.3672 70.2927 0.645657 -0.0548716 0.761653
-10.5114 49.2153 70.1552 0.639054 -0.0633591 0.766548
-10.4338 48.4124 70.0221 0.638852 -0.0654925 0.766537
-10.4152 47.4831 69.9233 0.649237 -0.0613662 0.758024
-10.5068 46.368 69.9252 0.643586 -0.0548573 0.763265
-10.5917 45.3487 69.9288 0.632844 -0.0467931 0.772864
-10.9845 44.4915 70.1948 0.626324 -0.0525227 0.777791
-11.2277 43.6972 70.3451 0.627951 -0.038206 0.777315
-11.5828 42.8636 70.5915 0.610418 -0.0293109 0.791537
-12.0714 42.1632 70.9368 0.598052 -0.0328341 0.800784
-12.672 41.503 71.3447 0.587138 -0.04576 0.808192
-13.4592 40.6143 71.8544 0.573607 -0.0505533 0.817569
-14.0444 40.0407 72.2295 0.573789 -0.0451945 0.817738
-14.6513 39.4425 72.6017 0.568136 -0.0679517 0.820125
-15.2646 38.9891 72.989 0.567074 -0.0697366 0.820706
-15.8331 38.4137 73.333 0.566817 -0.0693946 0.820916
-16.4266 37.8367 73.7005 0.572043 -0.0566754 0.818229
-17.0667 37.3002 74.1054 0.560544 -0.0517997 0.826503
-17.6488 36.9269 74.4727 0.558865 -0.059959 0.827087
-18.3997 36.55 74.9543 0.558795 -0.0617177 0.827003
-19.1315 36.0231 75.4166 0.563622 -0.0518917 0.824389
-19.7754 35.6153 75.833 0.567493 -0.0609208 0.821122
-20.6086 35.4136 76.4051 0.566418 -0.0321373 0.823491
-21.2341 35.3283 76.8304 0.564472 -0.036121 0.824644
-21.8897 35.272 77.2816 0.579242 -0.0297069 0.814478
-22.5759 35.3539 77.7804 0.571351 -0.00678199 0.820678
-23.4084 35.4873 78.3568 0.567139 -0.0175932 0.823434
-24.2692 35.6753 78.9681 0.5798 -0.00138638 0.814707
-24.9044 35.9184 79.4121 0.574069 0.00428141 0.818796
-25.4787 36.2702 79.8147 0.578707 0.00611139 0.815512
-26.1361 36.5999 80.272 0.575226 0.0186507 0.817782
-27.0621 26.9279 72.1662 0.562389 -0.398845 0.724321
-27.701 26.3608 72.351 0.571406 -0.394848 0.719367
-28.0914 25.6999 72.2885 0.571968 -0.419243 0.705045
-28.4389 24.8558 72.059 0.562422 -0.428668 0.707054
-28.2692 23.8462 71.2926 0.531213 -0.456479 0.713593
-27.8621 23.1585 70.5697 0.52471 -0.439429 0.728999
-27.4494 22.7988 70.0589 0.507342 -0.464551 0.725807
-26.6791 22.8427 69.554 0.513044 -0.417696 0.749877
-25.8177 23.4062 69.254 0.538855 -0.406862 0.73763
-25.3207 24.194 69.3318 0.542469 -0.408996 0.733726
-25.1303 25.0102 69.6262 0.570343 -0.389543 0.72291
-25.1477 25.9972 70.1872 0.553784 -0.401737 0.729321
-25.5243 26.7318 70.872 0.55375 -0.389738 0.735749
-26.1323 27.0903 71.5349 0.558934 -0.398675 0.727083
-26.4581 27.1051 71.7948 0.562391 -0.398842 0.724321
-26.8033 25.7508 71.3081 0.554972 -0.410617 0.723424
-27.3214 25.2101 71.4011 0.558875 -0.413812 0.718621
-27.3773 24.4844 71.0178 0.539286 -0.424197 0.72748
-26.8686 23.9426 70.3247 0.542202 -0.422304 0.726405
-26.1861 24.8179 70.3191 0.540836 -0.418635 0.729522
