-20.3807 45.3591 80.5437 0.541086 -0.0406669 0.839974
-19.7466 45.2997 80.1351 0.537886 -0.047369 0.841686
-19.7466 45.2997 80.1351 0.537886 -0.047369 0.841686
-19.1947 45.7306 79.8067 0.537313 -0.0475273 0.842042
-19.1379 46.4889 79.8139 0.534185 -0.0474341 0.844028
-19.847 46.5401 80.2643 0.534284 -0.0432762 0.844195
-20.6856 46.6049 80.7961 0.531347 -0.0413767 0.846143
-21.2509 45.9179 81.1227 0.538061 -0.0346975 0.842191
-20.3839 45.3608 80.5458 0.538258 -0.0365151 0.841987
-20.6701 44.2423 80.6741 0.543712 -0.0429912 0.83817
-21.36 44.6113 81.1361 0.540618 -0.0367995 0.840458
-22.0748 45.2091 81.6205 0.539819 -0.0272325 0.841341
-22.5165 45.77 81.922 0.541328 -0.0272719 0.840367
-22.7887 46.4723 82.1144 0.53224 -0.0251877 0.846219
-22.4529 47.3996 81.9308 0.530342 -0.0206558 0.847517
-21.8141 47.7222 81.5447 0.52837 -0.0322515 0.848402
-21.0447 47.7534 81.0675 0.526922 -0.0324422 0.849294
-19.9843 47.6817 80.4054 0.528453 -0.0391857 0.848058
-19.0841 47.5896 79.8392 0.53154 -0.046513 0.845755
-18.2279 47.4461 79.291 0.535578 -0.0478805 0.843125
-17.1924 47.2489 78.621 0.535336 -0.0495222 0.843186
-16.7525 46.6937 78.3091 0.535489 -0.0500903 0.843055
-17.4097 45.935 78.6811 0.535652 -0.0506663 0.842918
-17.8868 45.409 78.9497 0.533917 -0.0545063 0.843778
-18.4302 44.8538 79.2654 0.541431 -0.0526116 0.839097
-19.1126 44.29 79.6714 0.543078 -0.0510982 0.838126
-19.8267 44.088 80.1218 0.54098 -0.0477164 0.83967
-20.5136 44.1792 80.5694 0.543715 -0.0429946 0.838168
-20.874 43.0395 80.7498 0.547516 -0.0427163 0.835689
-20.224 42.828 80.3089 0.550289 -0.0465375 0.833676
-19.5907 42.8081 79.8936 0.546781 -0.0503257 0.835753
-18.9526 43.0289 79.4869 0.549531 -0.0524494 0.833825
-18.2126 43.597 79.0433 0.546599 -0.0577886 0.835398
-17.6869 44.0844 78.733 0.544985 -0.0581572 0.836424
-17.1882 44.6217 78.4472 0.542661 -0.0637291 0.837531
-16.5207 45.3639 78.0708 0.543176 -0.0633573 0.837225
-15.883 46.0626 77.7032 0.551827 -0.0598931 0.831805
-15.3976 46.6198 77.4216 0.552436 -0.0555668 0.831683
-14.8346 47.45 77.096 0.555213 -0.0508099 0.830155
-15.3585 48.2052 77.4873 0.549228 -0.0522803 0.834036
-16.309 48.3632 78.1206 0.542422 -0.0522297 0.83847
-17.057 48.4509 78.6063 0.536538 -0.0517174 0.842278
-17.7866 48.5339 79.0724 0.533844 -0.0488065 0.844174
-18.5082 48.6565 79.5359 0.529784 -0.044235 0.846952
-19.4197 48.767 80.1051 0.525889 -0.0395494 0.849633
-20.0736 48.8249 80.5111 0.524046 -0.0389053 0.850801
-20.9588 48.9094 81.0585 0.521556 -0.0286239 0.852737
-21.6984 48.9229 81.5114 0.52158 -0.0286181 0.852722
-22.3952 48.8821 81.9349 0.518914 -0.0181507 0.854627
-23.1827 48.3522 82.4057 0.522253 -0.0196444 0.852552
-23.6088 47.6494 82.6552 0.52878 -0.0161708 0.848605
-23.9326 46.5554 82.844 0.538464 -0.0107518 0.842556
-23.6578 45.4694 82.6459 0.539103 -0.0164489 0.842078
-23.246 44.8299 82.3632 0.54452 -0.0236408 0.838404
-22.7309 44.2934 82.0144 0.547467 -0.0230339 0.836503
-22.1657 43.838 81.6276 0.547532 -0.0294021 0.836257
-21.4758 43.3533 81.1575 0.54733 -0.0384288 0.836034
-21.0295 43.1096 80.8542 0.546038 -0.0386605 0.836867
-21.5032 42.0358 81.1196 0.55601 -0.0409146 0.830168
-22.3685 42.5922 81.7183 0.551813 -0.0308823 0.833396
-22.9042 42.9931 82.0876 0.549504 -0.026357 0.835075
-23.4401 43.4089 82.4561 0.557735 -0.018166 0.82982
-23.9774 43.9546 82.8282 0.556824 -0.0171558 0.830453
-24.4865 44.5855 83.1741 0.547011 -0.00941016 0.837072
-24.9137 45.4638 83.4637 0.55042 -0.00906968 0.834839
-25.0303 46.5546 83.5421 0.540658 0.000509444 0.841213
-24.812 47.5125 83.4087 0.53529 -0.00017153 0.844652
-24.4409 48.3952 83.1799 0.526062 -0.00645928 0.850422
-23.9069 49.3178 82.863 0.517684 -0.0109017 0.855491
-23.4002 49.8859 82.5618 0.514124 -0.00931574 0.857657
-22.5526 50.1216 82.0578 0.514792 -0.012957 0.857217
-21.5003 50.0865 81.4254 0.514989 -0.0255867 0.856815
-20.6844 50.0577 80.9314 0.520707 -0.0304168 0.853194
-19.9619 49.9741 80.4879 0.518801 -0.0340359 0.854208
-19.1542 49.9127 79.9945 0.523721 -0.0384608 0.851015
-18.3906 49.8247 79.5179 0.525656 -0.0406684 0.849725
-17.7419 49.6913 79.11 0.528777 -0.0408622 0.847771
-16.5991 49.6163 78.3846 0.533558 -0.0495409 0.844311
-15.9531 49.5318 77.959 0.546063 -0.0522092 0.836116
-14.6595 49.3638 77.0887 0.558269 -0.0460418 0.828381
-13.916 49.297 76.5839 0.558989 -0.0456423 0.827917
-13.5457 48.6651 76.2853 0.579404 -0.0470878 0.813679
-13.6343 47.6306 76.2854 0.57818 -0.0560222 0.813975
-13.9048 46.9059 76.4257 0.575188 -0.0530243 0.816301
-14.3249 46.2237 76.673 0.570247 -0.0578211 0.819436
-14.8828 45.5631 77.0044 0.552811 -0.0660674 0.830684
-15.451 44.9866 77.336 0.551694 -0.0679617 0.831273
-15.9615 44.4292 77.6286 0.551051 -0.0681125 0.831687
-16.4787 43.8193 77.9255 0.550574 -0.0631299 0.83239
-16.9826 43.2644 78.2143 0.548025 -0.0636782 0.834034
-17.7002 42.5849 78.6345 0.54928 -0.0633594 0.833232
-18.3056 42.0789 78.9953 0.552424 -0.0577859 0.831558
-19.221 41.5842 79.5677 0.552864 -0.0539397 0.831512
-19.8904 41.5274 80.0122 0.555441 -0.0506615 0.830011
-20.7091 41.6856 80.5723 0.554868 -0.0459305 0.830649
-21.3242 41.9432 80.9951 0.556014 -0.0409138 0.830165
-21.8403 40.8809 81.3006 0.56283 -0.0370312 0.825723
-22.5236 41.2938 81.7816 0.562977 -0.032262 0.825843
-23.2887 41.8457 82.3207 0.564898 -0.0212111 0.824888
-23.9317 42.3787 82.7732 0.569293 -0.00962777 0.822078
-24.4737 42.8787 83.152 0.568879 -0.00578012 0.822397
-24.9505 43.3971 83.4872 0.567337 0.00125047 0.823442
-25.4154 44.0091 83.7984 0.567644 0.00765614 0.823224
-25.8454 44.8621 84.0883 0.571266 0.0099042 0.820705
-26.08 45.8352 84.2276 0.551092 0.0168103 0.834149
-26.0832 46.7365 84.223 0.542887 0.00622383 0.839783
-25.9386 47.4768 84.119 0.536577 0.0101543 0.843758
-25.5358 48.5602 83.8596 0.529972 0.00987134 0.847938
-25.2427 49.2291 83.6753 0.522123 0.00487298 0.852856
-24.751 50.1068 83.3757 0.51405 -0.005876 0.85774
-24.166 50.8553 83.027 0.508478 -0.000701833 0.861055
-23.1431 51.3141 82.4261 0.511391 -0.00851558 0.859306
-22.471 51.3416 82.0303 0.507337 -0.0104034 0.861685
-21.7135 51.3177 81.5806 0.510361 -0.023238 0.859625
-20.826 51.2429 81.0557 0.50711 -0.0280186 0.861426
-20.0667 51.1581 80.6012 0.514875 -0.0254849 0.856886
-19.1029 51.0945 80.0145 0.520298 -0.0410276 0.852999
-18.0698 51.0072 79.3753 0.526657 -0.040821 0.849097
-17.3939 50.8817 78.9504 0.528785 -0.0408653 0.847766
-16.2627 50.7505 78.2338 0.531229 -0.0416861 0.846202
-15.5419 50.6544 77.7571 0.54714 -0.0488666 0.835613
-14.5223 50.571 77.0633 0.559041 -0.0468698 0.827813
-13.8814 50.56 76.6295 0.560423 -0.0421887 0.827131
-12.9907 50.5217 76.0127 0.578764 -0.0424511 0.814388
-12.4966 49.6733 75.6088 0.595069 -0.053672 0.801874
-12.5088 48.4908 75.5343 0.594168 -0.055392 0.802429
-12.5697 47.6993 75.5262 0.588481 -0.0551959 0.806601
-12.7526 46.7989 75.595 0.583671 -0.0565738 0.810017
-13.1366 46.1043 75.8235 0.58353 -0.0556889 0.81018
-13.6618 45.3414 76.1464 0.579433 -0.0596374 0.812835
-14.3213 44.6013 76.5436 0.564638 -0.0733109 0.822076
-15.022 43.9427 76.9615 0.561958 -0.0742612 0.823824
-15.559 43.283 77.27 0.55626 -0.068405 0.828188
-16.3165 42.3994 77.7052 0.553964 -0.0697937 0.829607
-17.0624 41.6961 78.1424 0.552112 -0.0684255 0.830957
-17.8627 41.0021 78.6201 0.554452 -0.0639609 0.829754
-18.5537 40.5331 79.0475 0.557267 -0.0596194 0.82819
-19.5697 40.2453 79.7116 0.561014 -0.0561284 0.825889
-20.5301 40.351 80.3776 0.564851 -0.0472931 0.823813
-21.2382 40.5904 80.8729 0.565107 -0.0419506 0.82395
-21.5701 40.739 81.1081 0.565109 -0.0419465 0.823949
-22.1264 39.6926 81.4512 0.5745 -0.0304541 0.817929
-21.2174 39.2849 80.7918 0.578219 -0.0448452 0.814648
-20.3928 39.0526 80.2028 0.573445 -0.0482546 0.817811
-19.6816 38.9834 79.7013 0.567242 -0.0625054 0.821176
-18.6665 39.1627 79.0159 0.564955 -0.0623848 0.82276
-17.9017 39.5626 78.5274 0.560145 -0.0691417 0.825504
-17.1234 40.1838 78.0536 0.557971 -0.0729444 0.826648
-16.5415 40.7051 77.7068 0.557377 -0.0742841 0.826928
-15.7223 41.4922 77.2232 0.561566 -0.0746854 0.824054
-14.8887 42.4201 76.7383 0.564383 -0.0750929 0.822091
-14.2453 43.1745 76.3642 0.56747 -0.0738363 0.820046
-13.6581 43.758 76.0053 0.573188 -0.074944 0.815989
-13.1649 44.2828 75.7037 0.575115 -0.0713534 0.814955
-12.5587 45.0601 75.3355 0.583508 -0.0558162 0.810187
-12.1326 45.6981 75.0725 0.583501 -0.0556642 0.810202
-11.7545 46.4839 74.846 0.591023 -0.0500083 0.805103
-11.563 47.3878 74.7617 0.592167 -0.0519155 0.804138
-11.4936 48.5127 74.7859 0.593247 -0.0540903 0.803201
-11.4752 49.6296 74.8475 0.594168 -0.0553916 0.802429
-11.4355 50.5117 74.8732 0.596146 -0.0490501 0.801376
-11.4766 51.2941 74.9517 0.594645 -0.0446935 0.802731
-12.2318 51.7463 75.5315 0.586783 -0.0391141 0.808759
-13.0664 51.7702 76.1281 0.581009 -0.0405618 0.812881
-13.8137 51.7751 76.6499 0.565476 -0.0435635 0.823614
-14.7286 51.7824 77.2735 0.559071 -0.0485544 0.827697
-15.4948 51.8339 77.7873 0.54472 -0.0337773 0.837938
-16.1279 51.9209 78.2024 0.544828 -0.0337438 0.837869
-16.8346 52.0222 78.6526 0.532037 -0.0392243 0.845812
-17.9023 52.1856 79.3279 0.526751 -0.0406001 0.84905
-18.5594 52.2398 79.7335 0.516767 -0.0320181 0.855512
-19.2211 52.2699 80.1298 0.51355 -0.0302885 0.857521
-20.062 52.3273 80.6349 0.511611 -0.0239943 0.858882
-20.9806 52.4548 81.1808 0.504237 -0.0235803 0.863244
-21.7873 52.5353 81.6526 0.500837 -0.0181303 0.865352
-22.5824 52.5397 82.1157 0.503154 -0.0112389 0.864105
-23.2558 52.5256 82.5051 0.498666 -0.00595255 0.866771
-24.4118 52.2626 83.1738 0.503395 0.00291503 0.864051
-24.9669 51.7139 83.5001 0.506448 0.00844934 0.862226
-25.5439 50.9534 83.8446 0.506551 0.0062434 0.862187
-26.151 49.8702 84.2262 0.516958 0.0162918 0.855855
-26.5485 48.9098 84.4825 0.532268 0.0158707 0.846409
-26.8443 48.0961 84.6871 0.536938 0.0172085 0.843446
-27.0586 47.1853 84.8425 0.543864 0.0212104 0.838857
-27.1656 46.1852 84.9499 0.56167 0.0272117 0.826914
-27.042 45.2533 84.8996 0.572191 0.0343225 0.819342
-26.6889 44.2056 84.6842 0.578417 0.0297379 0.815194
-26.3107 43.4669 84.4341 0.583071 0.0204985 0.812162
-25.9136 42.8692 84.1641 0.583772 0.0161057 0.811746
-25.4054 42.2557 83.8073 0.577011 0.00996278 0.816676
-24.5199 41.4142 83.1816 0.583394 0.000705995 0.812189
-23.9916 40.9602 82.8059 0.57676 -0.0122464 0.816796
-23.4403 40.5268 82.4049 0.578767 -0.0181827 0.81529
-22.8855 40.1421 82.0055 0.574477 -0.0239693 0.818133
-22.3386 39.8092 81.6058 0.577567 -0.0305989 0.81577
-22.7755 38.7061 81.8883 0.587744 -0.0260209 0.808579
-22.1746 38.393 81.4339 0.587877 -0.0333739 0.808248
-21.2299 38.0008 80.7321 0.584609 -0.0417457 0.810227
-20.2701 37.7537 80.0336 0.577949 -0.0468065 0.814706
-19.3827 37.7598 79.4039 0.578036 -0.0632691 0.813554
-18.736 37.8663 78.9559 0.574626 -0.0632124 0.815971
-18.0047 38.1311 78.4706 0.567718 -0.0726771 0.820009
-17.1568 38.7035 77.938 0.564059 -0.0788986 0.821956
-16.5987 39.1952 77.6022 0.564024 -0.0788981 0.821981
-16.088 39.6638 77.2994 0.562727 -0.0820271 0.822563
-15.5272 40.1749 76.9664 0.563645 -0.0802658 0.822106
-14.9889 40.708 76.6481 0.561063 -0.0798467 0.823913
-14.518 41.2258 76.3776 0.561748 -0.0764818 0.823758
-13.78 42.1259 75.9457 0.571138 -0.0711624 0.817764
-13.2067 42.7124 75.5958 0.571389 -0.0705957 0.817637
-12.6528 43.248 75.2521 0.57455 -0.0718168 0.81531
-12.1495 43.8642 74.9535 0.580908 -0.0709627 0.810822
-11.5933 44.625 74.606 0.588885 -0.0593756 0.806033
-11.148 45.2767 74.3218 0.5949 -0.0535299 0.802015
-10.8135 45.9252 74.117 0.595634 -0.0530327 0.801503
-10.5689 46.7429 73.9907 0.596208 -0.057196 0.80079
-10.4923 47.7183 73.9875 0.600675 -0.0355158 0.798704
-10.4715 48.6826 74.0301 0.600874 -0.0508956 0.79772
-10.4677 49.449 74.075 0.604142 -0.0463188 0.795529
-10.4679 50.233 74.1224 0.60478 -0.0511534 0.794748
-10.4253 51.1682 74.1487 0.605314 -0.0462869 0.794638
-10.4066 52.1772 74.193 0.60173 -0.0417519 0.79759
-10.9826 52.8214 74.6566 0.598738 -0.0411122 0.799889
-11.5744 52.9361 75.1052 0.598324 -0.0409153 0.800209
-12.2371 52.9593 75.5938 0.585724 -0.0391594 0.809564
-12.9065 52.97 76.0775 0.576476 -0.0407452 0.816069
-13.5238 52.9852 76.5084 0.571355 -0.0382508 0.819811
-14.1557 53.0064 76.9496 0.557731 -0.0380987 0.829089
-14.9925 53.0121 77.5045 0.552426 -0.0330756 0.832905
-15.7344 53.0526 77.9933 0.543875 -0.0340198 0.838476
-16.4214 53.1517 78.4421 0.543262 -0.0334008 0.838898
-17.0801 53.2729 78.863 0.532589 -0.0368826 0.84557
-17.7718 53.3708 79.2962 0.526743 -0.031497 0.849441
-18.9371 53.4283 80.0024 0.512239 -0.0295443 0.858334
-19.8188 53.5074 80.5284 0.508466 -0.0297098 0.860569
-20.5218 53.6038 80.9435 0.502358 -0.0221869 0.864371
-21.2933 53.6668 81.3908 0.500943 -0.0203942 0.865237
-22.2896 53.7154 81.9631 0.493745 -0.0138803 0.869496
-23.0814 53.7334 82.413 0.497189 -0.0100934 0.867566
-24.2944 53.8082 83.1013 0.493577 0.00285841 0.869698
-25.1817 53.1716 83.6106 0.497012 0.0126294 0.867652
-25.8192 52.4386 83.9895 0.499669 0.0164096 0.866061
-26.3406 51.7751 84.3058 0.510007 0.0215677 0.859896
-26.723 51.1477 84.5493 0.516227 0.0129961 0.856353
-27.0817 50.4366 84.7777 0.523927 0.0203638 0.851471
-27.3972 49.654 84.9981 0.530766 0.0244839 0.847164
-27.6712 48.8764 85.191 0.530667 0.0228543 0.847272
-27.9245 48.0507 85.384 0.543148 0.0334611 0.83897
-28.1085 47.1974 85.5352 0.552559 0.0322036 0.832816
-28.2023 46.425 85.6386 0.568074 0.0438633 0.821808
-28.1677 45.6201 85.6627 0.574573 0.0498493 0.816907
-27.9716 44.7137 85.5734 0.57866 0.047386 0.814186
-27.6665 43.8511 85.3973 0.59045 0.0360926 0.806267
-27.2425 43.0064 85.1232 0.596286 0.0364957 0.801942
-26.7 42.1464 84.7528 0.597164 0.0273938 0.80165
-26.065 41.3618 84.3067 0.597246 0.0256679 0.801647
-25.3594 40.682 83.7896 0.595199 0.00911076 0.803416
-24.7871 40.1741 83.3811 0.589761 -0.000447392 0.807524
-24.1641 39.6349 82.9152 0.589906 -0.00736445 0.807416
-23.3193 39.0349 82.2893 0.591104 -0.0187731 0.806377
-23.1523 38.9285 82.1644 0.587451 -0.0186868 0.809031
-23.5369 37.7968 82.4262 0.608443 -0.0271455 0.793133
-22.6566 37.3125 81.7478 0.595926 -0.0316334 0.802405
-21.7489 36.9166 81.0583 0.591757 -0.0348971 0.805361
-20.9369 36.6224 80.4439 0.592358 -0.0427894 0.804538
-20.3404 36.4883 80.0002 0.584787 -0.0540656 0.809382
-19.7079 36.4839 79.5414 0.587935 -0.0668076 0.806145
-18.942 36.5845 78.9932 0.582283 -0.0712532 0.809839
-18.2749 36.7199 78.5294 0.577766 -0.0758265 0.81267
-17.6051 36.9934 78.0809 0.573808 -0.0793683 0.815124
-16.6332 37.6919 77.4739 0.568957 -0.0829782 0.81817
-16.113 38.1743 77.1642 0.567068 -0.0862239 0.819146
-15.4627 38.7791 76.7792 0.565492 -0.0869599 0.820156
-14.8587 39.3127 76.4193 0.563889 -0.0870342 0.82125
-14.2401 39.947 76.0592 0.56606 -0.0828435 0.82019
-13.7434 40.5464 75.7774 0.569417 -0.0798969 0.81814
-13.057 41.3851 75.3742 0.571961 -0.0760661 0.816746
-12.33 42.0227 74.9175 0.57722 -0.0725914 0.813356
-11.8035 42.5606 74.5919 0.582656 -0.0693613 0.809721
-11.212 43.4133 74.2318 0.587783 -0.0681129 0.806146
-10.6759 44.1438 73.8919 0.597351 -0.0574956 0.799916
-10.0021 45.1106 73.4505 0.605424 -0.0556775 0.793946
-9.66149 45.9961 73.2568 0.611419 -0.0532787 0.789453
-9.53598 46.8634 73.2108 0.617716 -0.0479726 0.784936
-9.51765 47.6777 73.2461 0.617539 -0.0482531 0.785059
-9.5091 48.5731 73.2937 0.606254 -0.0448661 0.794004
-9.51601 49.7647 73.3676 0.606397 -0.0477321 0.793727
-9.48447 50.5476 73.3914 0.606078 -0.0485993 0.793919
-9.4531 51.4358 73.4214 0.609075 -0.0426945 0.791948
-9.41223 52.3491 73.4347 0.611581 -0.038905 0.790224
-9.35167 53.2068 73.43 0.615779 -0.0317586 0.78723
-9.83211 53.9926 73.8366 0.613986 -0.0302327 0.788678
-10.6633 54.1027 74.4755 0.607536 -0.0334768 0.793584
-11.5277 54.1426 75.1256 0.593735 -0.0392735 0.803702
-12.3481 54.1571 75.7304 0.582531 -0.0354952 0.81202
-13 54.1675 76.1946 0.57935 -0.0332092 0.814402
-13.6174 54.2065 76.631 0.568418 -0.0366803 0.821912
-14.481 54.2125 77.2238 0.557733 -0.038105 0.829087
-15.3398 54.1984 77.7904 0.551494 -0.0427314 0.833083
-16.0997 54.2929 78.2863 0.539283 -0.0452722 0.840907
-16.8785 54.4594 78.7874 0.527104 -0.0406254 0.848829
-17.6209 54.5673 79.2531 0.526603 -0.0410195 0.849121
-18.3088 54.5775 79.6712 0.512849 -0.0376304 0.857654
-18.9755 54.5745 80.0697 0.508897 -0.0341157 0.860131
-19.6672 54.6507 80.4765 0.501656 -0.0316484 0.864488
-20.3141 54.7873 80.8569 0.497307 -0.0278954 0.867103
-20.9612 54.8872 81.2275 0.498694 -0.0185054 0.86658
-21.6391 54.9089 81.6159 0.490085 -0.0165231 0.871518
-22.3085 54.9449 81.993 0.488444 -0.01323 0.872487
-23.3183 54.9913 82.5555 0.487622 -0.00698715 0.873026
-24.0647 55.0867 82.9691 0.484584 0.00270072 0.87474
-25.0648 55.0773 83.5212 0.485402 0.00729054 0.874245
-25.6185 54.496 83.8369 0.484823 0.0124677 0.874524
-26.1275 53.7748 84.1409 0.492616 0.0241419 0.869912
-26.6454 53.2084 84.4527 0.503016 0.0280058 0.863813
-27.2392 52.4628 84.8194 0.508045 0.0270166 0.860884
-27.6362 51.7538 85.0786 0.513335 0.023405 0.857869
-28.03 50.9611 85.3467 0.522909 0.0318692 0.851792
-28.3261 50.2093 85.5554 0.522938 0.0304683 0.851826
-28.545 49.5094 85.7252 0.53438 0.0368833 0.844438
-28.7974 48.7195 85.9184 0.540618 0.0441789 0.84003
-29.1227 47.6852 86.1875 0.556129 0.0466576 0.829718
-29.2191 46.8377 86.3105 0.563412 0.0582617 0.824101
-29.2272 45.8571 86.3897 0.579093 0.0572434 0.813249
-29.0244 44.7644 86.3283 0.587748 0.0623284 0.806584
-28.713 43.7585 86.1673 0.593144 0.057437 0.803041
-28.4157 43.0469 85.9922 0.605102 0.0483709 0.794677
-28.0344 42.3277 85.7457 0.605481 0.0513118 0.794198
-27.6087 41.6335 85.4577 0.607118 0.0417324 0.793515
-26.9068 40.6608 84.9605 0.609987 0.0258715 0.791985
-26.2823 40.0191 84.5036 0.609966 0.0203296 0.792137
-25.6884 39.4919 84.0589 0.606234 0.0142306 0.795159
-25.1595 39.035 83.6587 0.61063 0.00852045 0.79187
-24.6363 38.5679 83.2668 0.608463 -0.00818904 0.79354
-24.1083 38.16 82.8603 0.596595 -0.00731842 0.802509
-23.6915 37.8874 82.5479 0.602519 -0.0172319 0.797821
-24.0896 36.7637 82.8169 0.617462 -0.0202139 0.786264
-23.4914 36.4278 82.3468 0.609287 -0.0240615 0.792585
-22.6322 35.9873 81.6757 0.601112 -0.0314529 0.798543
-21.8514 35.6713 81.0744 0.600731 -0.0330402 0.798768
-20.9678 35.3433 80.3892 0.602144 -0.0456499 0.797082
-19.9586 35.1903 79.6268 0.595545 -0.055506 0.801402
-19.3342 35.2926 79.1691 0.59212 -0.07432 0.802397
-18.5 35.4226 78.5698 0.589726 -0.0790194 0.803728
-17.8342 35.5727 78.0987 0.58363 -0.0839652 0.807644
-17.1531 35.9182 77.6496 0.573249 -0.0886277 0.814574
-16.2173 36.5916 77.0665 0.571922 -0.0906786 0.815281
-15.5536 37.221 76.6754 0.567422 -0.0905652 0.818432
-14.9108 37.8374 76.2979 0.567269 -0.090546 0.81854
-14.1587 38.4432 75.8477 0.563693 -0.0891322 0.821161
-13.6273 38.9716 75.5382 0.566651 -0.0826812 0.819799
-13.044 39.8173 75.2206 0.56837 -0.0783525 0.819017
-12.4395 40.497 74.8602 0.570921 -0.0748407 0.817586
-11.8589 40.9596 74.4906 0.5747 -0.0668084 0.815632
-11.2914 41.4696 74.1314 0.581603 -0.0608634 0.81117
-10.7653 42.2075 73.8074 0.584674 -0.0630555 0.808814
-10.2801 42.9885 73.5105 0.590885 -0.056802 0.804753
-9.64813 43.6958 73.0893 0.603192 -0.0503731 0.796003
-9.23277 44.3293 72.814 0.603319 -0.0497581 0.795946
-8.85206 45.1438 72.5713 0.611664 -0.0439413 0.789897
-8.61072 45.8959 72.4259 0.611588 -0.0435519 0.789977
-8.55012 46.7015 72.425 0.61754 -0.0482491 0.785058
-8.50874 47.5165 72.4429 0.617365 -0.0485337 0.785178
-8.54174 48.6079 72.5381 0.618889 -0.0502144 0.78387
-8.57773 49.4489 72.6194 0.619847 -0.051407 0.783034
-8.5191 50.4637 72.6391 0.614321 -0.0465934 0.787679
-8.49589 51.6556 72.6883 0.615119 -0.0429602 0.787263
-8.46274 52.4737 72.7038 0.613568 -0.0393822 0.788659
-8.29837 53.9425 72.6208 0.619728 -0.0246589 0.784429
-8.5643 54.9697 72.8618 0.626542 -0.0267805 0.778927
-9.34083 55.2617 73.4908 0.622283 -0.0262622 0.782352
-9.96367 55.2747 73.99 0.620279 -0.0375867 0.78343
-10.7524 55.3176 74.5994 0.608141 -0.0427678 0.792676
-11.3484 55.3474 75.0543 0.597666 -0.0420868 0.800632
-11.9852 55.3609 75.5279 0.59563 -0.0445304 0.802024
-12.6116 55.3596 75.9822 0.582196 -0.0456143 0.811752
-13.2501 55.3774 76.436 0.569442 -0.0439731 0.820854
-14.3169 55.452 77.1754 0.561075 -0.045613 0.826497
-15.2452 55.3547 77.7894 0.550409 -0.0471707 0.833562
-15.9971 55.4836 78.2832 0.535633 -0.0471724 0.843133
-16.6878 55.677 78.7282 0.527748 -0.0457245 0.848169
-17.4566 55.7701 79.2088 0.520529 -0.0416137 0.852824
-18.1422 55.7983 79.6257 0.514888 -0.0405068 0.85629
-19.1497 55.7553 80.2164 0.502582 -0.0390481 0.863647
-19.8493 55.8952 80.626 0.491623 -0.0322282 0.870209
-20.8071 56.1405 81.1781 0.493162 -0.031166 0.869379
-21.5501 56.1053 81.5899 0.483773 -0.0219756 0.874917
-22.7113 56.0982 82.2319 0.478587 -0.0174583 0.877834
-23.5618 56.2216 82.6961 0.478413 -0.00993462 0.878079
-24.3411 56.3954 83.1129 0.468141 0.00459155 0.883612
-25.4543 56.3807 83.7122 0.466658 0.0141691 0.884264
-26.0652 55.9329 84.052 0.471367 0.0312112 0.881385
-26.5313 55.1496 84.329 0.477049 0.0322262 0.878261
-26.941 54.5243 84.5836 0.495557 0.0257505 0.868194
-27.5343 53.9078 84.9444 0.503765 0.0334364 0.863191
-28.0325 53.2642 85.2655 0.514731 0.0372527 0.856542
-28.6224 52.1801 85.663 0.521217 0.0340357 0.852745
-28.9539 51.5204 85.8916 0.524954 0.0348252 0.850418
-29.279 50.7899 86.1249 0.526556 0.0444678 0.848977
-29.5656 49.6527 86.3622 0.530638 0.0460698 0.84633
-29.9285 48.7404 86.6519 0.54622 0.0528098 0.835959
-30.177 47.7147 86.9025 0.559585 0.0696649 0.82582
-30.2266 46.8918 87.0001 0.568591 0.0756062 0.818999
-30.2443 46.0053 87.097 0.581465 0.0728081 0.810307
-30.1241 45.0777 87.0989 0.593782 0.0708562 0.8015
-29.892 44.1982 87.0047 0.59676 0.0767157 0.798712
-29.6467 43.3473 86.8956 0.608548 0.0695391 0.790465
-29.321 42.6136 86.7094 0.608537 0.0683019 0.79058
-28.9479 41.853 86.4789 0.617814 0.0608184 0.783969
-28.435 41.0615 86.131 0.623371 0.0558646 0.779928
-28.0241 40.39 85.8428 0.626514 0.0374822 0.778505
-27.3223 39.562 85.3212 0.625513 0.0308214 0.779568
-26.8441 39.0189 84.9589 0.619743 0.025143 0.784402
-26.2112 38.4899 84.4758 0.62 0.0218901 0.78429
-25.3881 37.7719 83.847 0.610486 0.00656973 0.792
-24.9026 37.31 83.4691 0.616426 0.00251597 0.787409
-24.4133 36.9599 83.0807 0.621923 -0.013985 0.782935
-24.8236 35.8695 83.3877 0.639995 -0.00572939 0.768319
-24.1241 35.4456 82.8139 0.624806 -0.0229195 0.780444
-23.5872 35.1288 82.3706 0.612116 -0.0357265 0.78996
-22.8785 34.7793 81.8128 0.603352 -0.0314933 0.796853
-22.2623 34.5527 81.3349 0.613937 -0.0303395 0.788771
-21.6546 34.2871 80.8517 0.618957 -0.0535708 0.783215
-21.048 34.0929 80.3675 0.609345 -0.0568881 0.790862
-20.1101 33.876 79.6327 0.602837 -0.067192 0.79503
-19.4415 33.9684 79.1361 0.598575 -0.0687968 0.798107
-18.7533 34.1458 78.6379 0.59604 -0.0732285 0.799608
-17.991 34.2526 78.0718 0.598984 -0.0865299 0.795956
-17.2925 34.5319 77.5886 0.585383 -0.0988272 0.804666
-16.5087 34.9983 77.0883 0.576844 -0.101422 0.810534
-15.7465 35.5729 76.6274 0.564067 -0.0983737 0.819787
-15.018 36.2173 76.194 0.569226 -0.0872528 0.817528
-14.3344 36.8701 75.7915 0.569359 -0.0931233 0.816796
-13.7172 37.4012 75.4267 0.560999 -0.0983484 0.821919
-13.0795 37.9643 75.0547 0.563297 -0.0841183 0.821961
-12.5973 38.6117 74.7897 0.564621 -0.0827442 0.821188
-12.2233 39.2334 74.5953 0.556951 -0.0887209 0.825733
-11.4158 39.9114 74.0918 0.565938 -0.0682176 0.821613
-10.8886 40.3311 73.7595 0.566205 -0.044562 0.823059
-10.2908 41.0243 73.3779 0.586011 -0.0469871 0.808878
-9.87821 41.6047 73.1186 0.587768 -0.0553946 0.80713
-9.50454 42.235 72.8875 0.604904 -0.0420269 0.795146
-9.01469 42.7116 72.5477 0.600491 -0.0481798 0.798179
-8.62491 43.3562 72.2974 0.59347 -0.0292156 0.804085
-8.23104 44.0704 72.0292 0.609198 -0.0452136 0.791728
-7.90025 44.8012 71.814 0.613581 -0.0443405 0.788386
-7.64002 45.5574 71.6473 0.618526 -0.0333194 0.785057
-7.56553 46.3637 71.6246 0.622279 -0.0382542 0.78186
-7.49324 47.332 71.6217 0.632566 -0.0455181 0.773167
-7.52945 48.2937 71.7124 0.622868 -0.0503953 0.780701
-7.62401 49.2876 71.8537 0.624653 -0.051148 0.779223
-7.56402 50.0476 71.8618 0.61135 -0.0568805 0.789313
-7.55719 51.223 71.9279 0.616837 -0.0390012 0.786107
-7.54709 52.0994 71.9679 0.618302 -0.0521525 0.784153
-7.45069 53.0373 71.9319 0.607852 -0.0230627 0.793715
-7.32948 53.9883 71.8479 0.621831 -0.0111959 0.783041
-7.31525 54.8446 71.855 0.624698 -0.0183033 0.78065
-7.46927 56.0723 71.9914 0.630684 -0.00909409 0.77595
-8.26265 56.4472 72.6552 0.637178 -0.0174082 0.77052
-8.91593 56.4851 73.2115 0.623234 -0.0501401 0.780427
-9.70962 56.4858 73.8453 0.625173 -0.0443911 0.779198
-10.3272 56.5078 74.3327 0.616433 -0.0584054 0.785238
-11.0703 56.535 74.9118 0.602233 -0.0570654 0.796275
-11.8456 56.5394 75.4963 0.590876 -0.0557663 0.804731
-12.7812 56.5525 76.1713 0.58585 -0.0478698 0.809005
-13.6847 56.6201 76.8074 0.569137 -0.0487416 0.820797
-14.4677 56.6729 77.346 0.560201 -0.0475695 0.826977
-15.2173 56.5883 77.8422 0.547349 -0.0524514 0.835259
-16.0211 56.7832 78.3684 0.532848 -0.0449841 0.845015
-16.6674 56.8766 78.785 0.528997 -0.056176 0.846697
-17.4427 56.9327 79.2629 0.513449 -0.0539195 0.856358
-18.2944 56.9458 79.7693 0.51244 -0.0429533 0.857648
-18.9928 56.9785 80.1812 0.498193 -0.0463758 0.865825
-19.6263 57.1245 80.5488 0.490357 -0.039879 0.870609
-20.4792 57.277 81.0333 0.484197 -0.0357086 0.874223
-21.2706 57.3904 81.473 0.481279 -0.0368509 0.875793
-22.0118 57.2661 81.8744 0.466548 -0.0378979 0.883557
-22.7122 57.2527 82.2494 0.473306 -0.0130012 0.880802
-23.381 57.388 82.6109 0.452638 -0.0147432 0.891126
-24.0595 57.6934 82.966 0.462327 -0.00419648 0.886699
-24.7552 57.681 83.3287 0.432184 -0.00161335 0.901161
-25.7972 57.6914 83.8603 0.455802 0.0173852 0.8899
-26.6028 57.1401 84.2926 0.451945 0.0427688 0.89102
-27.0806 56.5074 84.5754 0.472398 0.0468014 0.880142
-27.4157 55.8706 84.7895 0.477555 0.0402696 0.877632
-27.8078 55.283 85.0414 0.482968 0.0565198 0.873812
-28.3592 54.6542 85.4026 0.515336 0.0469457 0.855617
-28.9125 53.8621 85.7711 0.518311 0.0353704 0.85446
-29.3065 53.1609 86.041 0.520276 0.0345823 0.853297
-29.9139 52.0051 86.462 0.522672 0.0379839 0.851688
-30.3922 51.0311 86.8059 0.523337 0.0652267 0.849521
-30.6359 50.0373 87.0188 0.537234 0.0548676 0.84161
-30.864 49.3175 87.2171 0.540579 0.0658881 0.838675
-31.1031 48.5732 87.436 0.543422 0.0756692 0.836022
-31.2026 47.7073 87.5841 0.549614 0.104021 0.828511
-31.2185 46.7638 87.7133 0.569992 0.0881111 0.816913
-31.223 45.9164 87.827 0.602486 0.0862771 0.793453
-31.0556 44.7411 87.8266 0.602196 0.083348 0.793984
-30.8542 43.9154 87.7593 0.604307 0.0948834 0.790977
-30.5136 42.8399 87.6069 0.611115 0.0794923 0.787534
-30.1392 42.062 87.3905 0.620745 0.0781294 0.78011
-29.57 40.9098 87.0481 0.624835 0.0696738 0.777622
-29.0711 40.212 86.7051 0.617037 0.0861542 0.781888
-28.6165 39.4713 86.3765 0.64311 0.0385988 0.764627
-28.1243 38.8206 85.9872 0.624372 0.0216902 0.780826
-27.682 38.3166 85.6495 0.625612 0.028768 0.779604
-27.248 37.7979 85.317 0.628176 0.0239586 0.777702
-26.6216 37.2826 84.8257 0.625462 0.0165722 0.780078
-26.0207 36.8686 84.3555 0.622855 0.0201999 0.782077
-25.4009 36.2333 83.8593 0.634547 0.00766577 0.772847
-24.9479 35.9421 83.4902 0.634299 0.000925134 0.773058
-26.4237 24.2388 72.9683 0.483858 -0.464887 0.741459
-27.034 23.835 73.1262 0.494908 -0.473233 0.728734
-27.6789 22.5882 72.7302 0.474714 -0.47902 0.738117
-27.5684 21.8608 72.2072 0.464153 -0.469518 0.751075
-27.265 21.2378 71.6334 0.44188 -0.45108 0.775415
-26.7406 20.6656 70.9939 0.452484 -0.447129 0.771579
-26.106 20.4882 70.5154 0.460882 -0.439615 0.770924
-25.4355 20.53 70.1386 0.461308 -0.43832 0.771408
-24.6813 20.89 69.8895 0.463249 -0.434094 0.772634
-24.1579 21.5608 69.937 0.488958 -0.416701 0.766156
-23.8478 22.5557 70.2933 0.487917 -0.42705 0.761292
-23.8775 23.2514 70.7053 0.487009 -0.430244 0.760074
-24.1959 23.8235 71.239 0.493976 -0.438195 0.75098
-24.638 24.2325 71.7687 0.492064 -0.439271 0.751608
-25.6752 24.3963 72.5786 0.496592 -0.458469 0.736871
-25.7094 24.3939 72.5994 0.483859 -0.464889 0.741457
-25.7277 23.241 71.8906 0.476897 -0.455951 0.751361
-26.6074 22.6397 72.0912 0.484406 -0.4606 0.743773
-26.41 21.96 71.5509 0.469608 -0.446021 0.761903
-25.8215 21.6767 71.0262 0.469825 -0.440739 0.764862
-25.1065 22.0253 70.7896 0.472015 -0.435295 0.766595
