-2.00988 37.1838 6.1316 -0.114398 0.147767 -0.982384
-1.42688 36.5319 5.96505 -0.116311 0.148887 -0.981989
-1.42688 36.5319 5.96505 -0.116311 0.148887 -0.981989
-1.60498 35.1202 5.76248 -0.11227 0.158203 -0.981003
-2.71667 35.5755 5.95713 -0.104921 0.158083 -0.981835
-2.93114 36.3078 6.09691 -0.104139 0.155727 -0.982295
-2.63122 37.1787 6.20319 -0.109268 0.151747 -0.98234
-2.30994 37.2331 6.17396 -0.114397 0.147767 -0.982384
-2.40495 38.9382 6.43352 -0.106323 0.143447 -0.98393
-1.30595 39.0874 6.33262 -0.116327 0.141823 -0.983032
-0.565395 38.5031 6.15936 -0.117432 0.142582 -0.982792
0.115411 37.4803 5.92618 -0.116312 0.148887 -0.981989
0.357936 36.5787 5.75966 -0.116915 0.149877 -0.981768
0.554596 35.2315 5.53057 -0.114535 0.149705 -0.982072
0.0959699 34.0594 5.39688 -0.114019 0.15889 -0.98069
-0.641642 33.3443 5.36605 -0.111116 0.159948 -0.980849
-1.34299 33.0568 5.39731 -0.105853 0.163339 -0.980865
-2.11982 33.032 5.47362 -0.102736 0.16545 -0.980852
-3.3096 33.4084 5.66335 -0.103829 0.166112 -0.980625
-4.27952 34.1934 5.89745 -0.0986414 0.167713 -0.980888
-4.74685 35.236 6.11521 -0.100156 0.157091 -0.982492
-4.73059 36.32 6.28598 -0.0991407 0.152087 -0.983374
-4.37001 37.3825 6.40958 -0.0993471 0.148168 -0.98396
-3.88576 38.3014 6.49905 -0.0993477 0.148169 -0.983959
-2.93561 38.8459 6.47741 -0.106323 0.143447 -0.98393
-12.7096 38.6171 7.47692 -0.096569 0.167213 -0.98118
-13.0706 39.9408 7.73465 -0.102234 0.157042 -0.982266
-14.2093 40.9095 7.99669 -0.0975824 0.148065 -0.984152
-15.4211 41.1387 8.1475 -0.0939666 0.15012 -0.984192
-16.3206 41.1336 8.23407 -0.0928465 0.152417 -0.983938
-16.9888 40.5268 8.19696 -0.0846999 0.163521 -0.982897
-17.6725 39.2626 8.04557 -0.0847006 0.163521 -0.982897
-17.5965 37.976 7.82407 -0.081157 0.169447 -0.982177
-17.0391 36.9279 7.59082 -0.0812265 0.176381 -0.980965
-16.0548 35.9069 7.32574 -0.0813904 0.175403 -0.981126
-14.5855 35.6674 7.15168 -0.0892328 0.170479 -0.981313
-13.4295 35.9799 7.10087 -0.0930514 0.168107 -0.981357
-12.8529 37.1192 7.23631 -0.096873 0.165705 -0.981406
-12.7262 38.49 7.45689 -0.096569 0.167213 -0.98118
-14.7433 38.9863 7.73628 -0.0909962 0.165125 -0.982066
-14.8308 38.2468 7.62006 -0.0906088 0.165344 -0.982065
-15.7728 37.8907 7.64656 -0.0902213 0.165562 -0.982064
-15.8141 39.0906 7.85264 -0.090221 0.165562 -0.982064
-15.1711 39.4294 7.85043 -0.0909962 0.165125 -0.982066
-23.2353 38.7522 8.4169 -0.0783973 0.173492 -0.98171
-23.6407 37.7671 8.27539 -0.0795785 0.173896 -0.981543
-24.492 36.5528 8.12928 -0.0795784 0.173896 -0.981543
-25.3549 36.1 8.10782 -0.0685621 0.184797 -0.980382
-27.0366 36.7194 8.34219 -0.0691046 0.180881 -0.981066
-27.6783 37.3568 8.4996 -0.057436 0.182357 -0.981553
-28.1974 37.9877 8.64717 -0.0574347 0.182358 -0.981553
-28.7534 38.6792 8.80779 -0.0568084 0.182343 -0.981592
-29.0203 39.7493 9.02241 -0.0567561 0.182699 -0.981529
-29.068 40.5854 9.18081 -0.0567567 0.182699 -0.981529
-28.7458 41.3814 9.2938 -0.0545291 0.155778 -0.986286
-27.801 42.3391 9.39292 -0.0543821 0.155729 -0.986302
-26.8543 42.5661 9.36258 -0.0744438 0.149432 -0.985916
-25.5985 42.3351 9.22161 -0.081673 0.155185 -0.984504
-24.6651 41.8336 9.06182 -0.0845468 0.150857 -0.98493
-23.9402 40.9052 8.85077 -0.084042 0.169943 -0.981864
-23.5859 40.0671 8.67539 -0.0840419 0.169943 -0.981864
-23.2998 39.0577 8.47619 -0.0812826 0.17194 -0.981742
-25.3115 38.927 8.61396 -0.0777832 0.173821 -0.9817
-25.3465 38.1416 8.47758 -0.0783973 0.173492 -0.98171
-26.6319 38.5932 8.6509 -0.0685796 0.178772 -0.981498
-27.1797 39.4558 8.84629 -0.0685791 0.178772 -0.981498
-27.1606 40.4795 9.03126 -0.0683877 0.177019 -0.981827
-26.3453 40.6456 8.99916 -0.0763832 0.172131 -0.982107
-25.2604 39.6465 8.73725 -0.0770431 0.173705 -0.981779
-8.92331 26.929 5.04232 -0.0858325 0.186544 -0.97869
-7.94264 27.656 5.09561 -0.0858749 0.185232 -0.978934
-7.16429 27.7988 5.05291 -0.0875785 0.184613 -0.978901
-6.10764 27.5494 4.91134 -0.0844959 0.182649 -0.979534
-5.40726 27.0727 4.76218 -0.0897914 0.180176 -0.979527
-4.951 26.2908 4.57654 -0.0897914 0.180176 -0.979527
-4.54016 25.4094 4.37795 -0.0892538 0.178768 -0.979835
-4.34297 24.3726 4.1719 -0.0881609 0.177977 -0.980077
-4.61772 23.321 3.99702 -0.0861591 0.184135 -0.97911
-4.93244 22.6185 3.88615 -0.0797837 0.191654 -0.978214
-5.62107 22.0795 3.8367 -0.0797836 0.191655 -0.978214
-6.69738 21.7236 3.85423 -0.0800444 0.19319 -0.977891
-8.21961 21.9503 4.02262 -0.0757482 0.196781 -0.977499
-9.22438 23.0705 4.32453 -0.0792761 0.19151 -0.978283
-9.54805 24.007 4.53324 -0.0789199 0.190751 -0.978461
-9.69715 24.9263 4.72448 -0.0789193 0.19075 -0.978461
-9.77025 25.7316 4.88838 -0.0837083 0.188577 -0.97848
-9.35962 26.3647 4.97302 -0.0858327 0.186544 -0.97869
-7.78942 25.3125 4.63909 -0.0833797 0.181948 -0.979767
-7.22547 23.813 4.30791 -0.079276 0.19151 -0.978284
-6.48314 23.5958 4.20486 -0.0797993 0.192148 -0.978116
-6.19378 24.2896 4.31314 -0.0831114 0.180743 -0.98
-6.59175 25.5847 4.58896 -0.0813374 0.182712 -0.979796
-7.29782 25.8604 4.69928 -0.0858753 0.185231 -0.978934
-7.41259 25.7631 4.69068 -0.083776 0.183899 -0.979366
-14.8268 18.7169 3.76581 -0.0604372 0.218414 -0.973979
-14.5263 18.0481 3.5967 -0.0579724 0.220488 -0.973665
-14.6124 17.3127 3.4351 -0.0589333 0.224899 -0.972598
-15.2416 16.6977 3.33102 -0.0561998 0.226246 -0.972443
-16.2002 16.4268 3.32034 -0.0542208 0.228298 -0.97208
-16.924 16.8343 3.45621 -0.045621 0.232549 -0.971514
-17.5474 17.5321 3.65372 -0.048558 0.233133 -0.971232
-17.4911 18.5334 3.88566 -0.0556278 0.224507 -0.972884
-16.9849 19.3133 4.03669 -0.0576844 0.224649 -0.972729
-16.0121 19.4206 4.00101 -0.0628019 0.219602 -0.973566
-14.9478 18.8038 3.79322 -0.0628017 0.219602 -0.973566
-11.6412 10.5309 1.68779 -0.0445504 0.235088 -0.970952
-10.7596 10.923 1.74266 -0.043742 0.234273 -0.971186
-9.57908 10.9574 1.6978 -0.043742 0.234273 -0.971186
-8.57373 10.616 1.57016 -0.043448 0.231843 -0.971779
-7.89085 10.1262 1.42589 -0.0487513 0.22248 -0.973718
-6.95283 9.65944 1.27064 -0.0534035 0.225274 -0.97283
-5.54756 9.71638 1.20677 -0.0529422 0.225874 -0.972717
-4.79173 9.97619 1.22714 -0.0486943 0.219842 -0.974319
-3.25272 10.6137 1.27071 -0.0621799 0.207519 -0.976253
-2.35641 10.6214 1.21527 -0.0621799 0.207519 -0.976253
-0.748684 10.094 0.998311 -0.0640751 0.207746 -0.976082
-0.067057 8.61652 0.644548 -0.0629257 0.202408 -0.977277
-0.0992792 7.57142 0.430491 -0.0612306 0.197101 -0.978455
-1.17089 6.4147 0.25665 -0.048953 0.19814 -0.97895
-2.63664 6.00499 0.24768 -0.0494659 0.198395 -0.978873
-3.71594 5.82689 0.260139 -0.043918 0.203492 -0.978091
-4.73733 5.66745 0.272429 -0.043522 0.203409 -0.978126
-5.62266 5.50464 0.257216 -0.0224616 0.219672 -0.975315
-7.07134 5.3956 0.280353 -0.0323292 0.220745 -0.974796
-8.08329 5.69642 0.382034 -0.030784 0.223524 -0.974207
-8.98796 5.9295 0.46622 -0.0333948 0.233455 -0.971793
-9.87799 6.01333 0.516943 -0.0333947 0.233455 -0.971793
-10.6537 5.917 0.518459 -0.0279104 0.24193 -0.96988
-11.4443 6.29096 0.638964 -0.032192 0.244242 -0.96918
-12.1393 6.98234 0.836282 -0.0338361 0.241563 -0.96979
-12.6429 8.2026 1.15536 -0.0401457 0.240573 -0.969789
-12.5899 9.32803 1.43379 -0.0446801 0.241906 -0.96927
-12.2771 10.0207 1.59224 -0.0431249 0.239504 -0.969933
-12.0471 10.3324 1.65851 -0.0435249 0.236417 -0.970675
-10.4806 9.08634 1.29389 -0.0393826 0.234326 -0.97134
-9.38003 9.04882 1.2362 -0.0413103 0.228239 -0.972726
-8.59007 8.65836 1.11213 -0.0406063 0.230563 -0.97221
-7.292 8.12157 0.930608 -0.0472224 0.228923 -0.972275
-6.45174 7.69784 0.793426 -0.0453466 0.220432 -0.974348
-5.72166 7.82492 0.788199 -0.0467134 0.220204 -0.974334
-4.81363 7.96112 0.774139 -0.0480803 0.219975 -0.97432
-4.0079 8.45257 0.845213 -0.0536258 0.217662 -0.974532
-3.14591 8.71626 0.851279 -0.0582153 0.214422 -0.975003
-2.53815 8.56866 0.783353 -0.0549399 0.21188 -0.975747
-2.49762 7.66446 0.585975 -0.0526082 0.210721 -0.97613
-3.6814 7.33731 0.58153 -0.0508585 0.214815 -0.975307
-4.63275 7.07764 0.567218 -0.0444458 0.216591 -0.97525
-5.59221 7.03802 0.604149 -0.0467134 0.220204 -0.974334
-6.5239 6.98199 0.629963 -0.0352778 0.232825 -0.971878
-7.43409 7.55718 0.800796 -0.0344213 0.232351 -0.972022
-8.61296 7.82426 0.911037 -0.0380237 0.239679 -0.970107
