-11.4855 41.4808 84.429 0.537829 -0.112435 0.835515
-11.3647 40.5327 84.2227 0.537147 -0.123713 0.834349
-11.3647 40.5327 84.2227 0.537147 -0.123713 0.834349
-11.8311 40.2258 84.478 0.542072 -0.126402 0.830771
-12.6456 40.6254 85.0652 0.545006 -0.114302 0.830585
-13.1151 41.1052 85.4438 0.547471 -0.1098 0.829567
-12.5517 41.5881 85.1352 0.545645 -0.103872 0.831553
-11.7382 41.5277 84.5993 0.540878 -0.112711 0.833515
-11.5292 42.7633 84.6173 0.538677 -0.0993654 0.836632
-12.5832 42.8217 85.3092 0.544124 -0.0953715 0.833525
-13.329 42.8794 85.799 0.545401 -0.0888715 0.83344
-14.0982 42.9792 86.32 0.552196 -0.0880154 0.829055
-14.7317 42.9911 86.7449 0.557855 -0.0828926 0.825789
-15.4293 42.9999 87.219 0.560974 -0.0843911 0.823521
-15.9262 42.3941 87.4964 0.561632 -0.0835611 0.823157
-15.4082 41.7958 87.0764 0.565261 -0.090162 0.81997
-14.8062 41.1195 86.5778 0.560615 -0.105532 0.821312
-14.2685 40.5408 86.14 0.556874 -0.105684 0.823846
-13.7125 40.0605 85.6931 0.555807 -0.117571 0.822956
-13.2115 39.6041 85.2921 0.54807 -0.12196 0.827493
-12.5608 39.114 84.7846 0.54855 -0.134559 0.825216
-11.9387 38.6445 84.2983 0.539985 -0.138289 0.830236
-11.2297 38.1997 83.7593 0.536903 -0.142142 0.831559
-10.7 38.8756 83.5381 0.53162 -0.14342 0.834752
-10.5296 39.6106 83.5442 0.53545 -0.128781 0.834691
-10.2427 40.8374 83.5449 0.52779 -0.120186 0.840829
-10.0232 42.0001 83.5648 0.530188 -0.104613 0.841391
-10.5384 42.5959 83.9593 0.533601 -0.100533 0.839716
-11.0868 42.7121 84.3264 0.538676 -0.0993713 0.836632
-10.7532 43.9606 84.249 0.541811 -0.0878158 0.8359
-11.5593 44.0414 84.7754 0.535281 -0.0858968 0.840295
-12.3644 44.0766 85.2971 0.543234 -0.085721 0.835194
-13.3426 44.1742 85.9417 0.546034 -0.0770045 0.834216
-14.2301 44.2368 86.5332 0.551293 -0.0742063 0.830991
-15.1464 44.2507 87.1463 0.560319 -0.0708603 0.82524
-16.0805 44.2296 87.7817 0.565453 -0.0712102 0.821687
-16.7481 44.2043 88.2361 0.570845 -0.0672137 0.818249
-17.4462 44.2599 88.7375 0.578333 -0.0672272 0.813026
-18.1317 44.1755 89.2245 0.584166 -0.0623745 0.809234
-17.9895 43.4485 89.0611 0.586232 -0.070563 0.807056
-17.6309 42.7426 88.736 0.585712 -0.0745162 0.807087
-17.1317 41.9969 88.3037 0.578285 -0.0821559 0.811688
-16.5598 41.3254 87.8203 0.581989 -0.101213 0.806874
-15.9408 40.5886 87.2926 0.565873 -0.102169 0.818138
-15.3658 39.9033 86.8033 0.56394 -0.114109 0.81788
-14.8057 39.3682 86.3389 0.56302 -0.123641 0.817118
-14.1537 38.8182 85.8013 0.5591 -0.132551 0.818418
-13.5489 38.3202 85.3138 0.551295 -0.138135 0.822766
-12.8681 37.7752 84.7626 0.547332 -0.148817 0.82356
-12.1889 37.284 84.2195 0.545213 -0.152251 0.824356
-11.5719 36.8903 83.7407 0.539762 -0.157681 0.826918
-10.8022 36.5553 83.1802 0.531547 -0.163013 0.831195
-10.0437 37.039 82.7953 0.521501 -0.15903 0.838291
-9.73373 38.3299 82.8339 0.520207 -0.147561 0.841196
-9.55407 39.195 82.8665 0.521895 -0.129766 0.843082
-9.39112 39.9653 82.8842 0.522415 -0.129117 0.842859
-9.20822 40.7869 82.8912 0.519919 -0.121677 0.845505
-9.00269 41.6221 82.8767 0.522257 -0.108198 0.845897
-8.68188 42.9877 82.8423 0.527124 -0.097058 0.844228
-9.38898 43.787 83.3704 0.526333 -0.0864335 0.845843
-10.322 43.8931 83.9632 0.527621 -0.0832706 0.845388
-10.3795 43.9016 84.0005 0.541805 -0.0878146 0.835904
-10.3005 45.1776 84.0707 0.535996 -0.0678067 0.841485
-9.49353 45.0774 83.556 0.528217 -0.0662332 0.846522
-8.86326 44.9913 83.156 0.528989 -0.0736025 0.845397
-8.1406 44.9237 82.7018 0.52299 -0.0815222 0.848431
-7.50632 44.7714 82.2978 0.51742 -0.0745177 0.852474
-7.08495 44.4061 82.0102 0.517419 -0.0745178 0.852474
-7.27301 43.6868 82.0541 0.519339 -0.0892353 0.849896
-7.67233 42.5011 82.1686 0.515157 -0.0959355 0.85171
-7.89886 41.6743 82.2067 0.517928 -0.105014 0.848954
-8.23197 40.4274 82.2413 0.515455 -0.123067 0.848023
-8.40979 39.6096 82.2267 0.515119 -0.131015 0.847033
-8.64674 38.3466 82.1658 0.514188 -0.139003 0.846339
-8.78983 37.6102 82.1249 0.51568 -0.151873 0.843206
-8.97794 36.7516 82.082 0.515345 -0.158767 0.842134
-9.21554 35.928 82.0654 0.511733 -0.17051 0.842054
-9.66863 35.0447 82.1619 0.517387 -0.171108 0.838443
-10.4516 35.0209 82.6415 0.517679 -0.178521 0.836743
-11.3274 35.33 83.2655 0.528385 -0.174846 0.830787
-12.184 35.779 83.9177 0.542173 -0.177009 0.821387
-12.8563 36.2049 84.4513 0.544087 -0.165666 0.822511
-13.4768 36.6423 84.9605 0.551985 -0.159874 0.818341
-14.1103 37.1577 85.4851 0.565297 -0.147457 0.811601
-14.7528 37.7033 86.0284 0.56065 -0.140638 0.816022
-15.3079 38.1909 86.5011 0.571431 -0.13396 0.80962
-15.8005 38.6551 86.9199 0.573932 -0.129491 0.808576
-16.3496 39.2446 87.3973 0.574329 -0.114511 0.810576
-16.8164 39.777 87.8093 0.580412 -0.10468 0.807567
-17.2697 40.3247 88.2079 0.586317 -0.10211 0.803605
-17.7872 40.9084 88.6546 0.589644 -0.0978104 0.801697
-18.2201 41.4944 89.0416 0.594631 -0.0790822 0.8001
-18.6766 42.2299 89.4538 0.594948 -0.0793785 0.799835
-19.0203 42.9399 89.7759 0.596591 -0.068999 0.799574
-19.403 43.8882 90.1426 0.597305 -0.0634071 0.799486
-19.6106 44.7813 90.3618 0.597342 -0.057223 0.799943
-19.624 45.5711 90.4189 0.598165 -0.0393174 0.800408
-19.0085 45.6929 89.966 0.590303 -0.0463659 0.805849
-18.3826 45.6322 89.5089 0.581402 -0.0442327 0.812413
-17.7165 45.5943 89.0261 0.579787 -0.0566818 0.81275
-16.7964 45.5379 88.3763 0.5723 -0.0517573 0.818398
-16.172 45.5297 87.9474 0.565852 -0.062833 0.822109
-15.2102 45.5347 87.2926 0.55673 -0.0619807 0.828378
-14.1656 45.5097 86.5953 0.549432 -0.0627122 0.833169
-13.2648 45.4502 86 0.542516 -0.0657319 0.83747
-12.3742 45.3566 85.4169 0.540942 -0.0664928 0.838417
-11.5123 45.2866 84.8561 0.536069 -0.0691544 0.841337
-10.7725 45.2326 84.3779 0.538823 -0.0660877 0.839822
-10.4653 45.2059 84.1787 0.538824 -0.0660879 0.839822
-10.4505 46.4936 84.2669 0.533738 -0.0566325 0.843747
-11.1689 46.5397 84.7273 0.536855 -0.0567745 0.841762
-11.87 46.601 85.1813 0.542486 -0.0580198 0.838059
-12.5895 46.6642 85.649 0.541162 -0.0509244 0.839372
-13.5069 46.742 86.2466 0.545018 -0.0555829 0.836565
-14.4682 46.8062 86.8805 0.550458 -0.0449442 0.833628
-15.1573 46.8237 87.3418 0.554014 -0.0487338 0.83108
-15.9603 46.8218 87.8851 0.563479 -0.050155 0.824607
-16.6823 46.8155 88.3788 0.567596 -0.0433015 0.822155
-17.3228 46.8538 88.8217 0.569526 -0.0454275 0.820705
-17.9645 46.9076 89.28 0.576377 -0.0330445 0.816515
-18.8862 47.0201 89.9442 0.586957 -0.0351387 0.808855
-19.6841 47.0861 90.5353 0.599609 -0.0335126 0.799588
-20.3035 47.0629 90.9974 0.605387 -0.0293354 0.795338
-20.7207 46.4939 91.2991 0.610316 -0.0364573 0.791319
-20.8111 45.594 91.3272 0.609926 -0.0409182 0.791393
-20.7218 44.8084 91.2146 0.609791 -0.0479672 0.791099
-20.5713 43.9457 91.0431 0.620471 -0.0526714 0.782425
-20.1759 42.8581 90.6545 0.616454 -0.0637657 0.784772
-19.8001 41.9191 90.2769 0.607226 -0.0741296 0.791062
-19.3548 41.0718 89.8501 0.605333 -0.0826448 0.79167
-18.8755 40.3737 89.4036 0.602518 -0.0893459 0.793089
-18.4063 39.7746 88.9743 0.593163 -0.102049 0.798588
-17.8875 39.2144 88.5178 0.592775 -0.101673 0.798924
-17.4018 38.6538 88.0763 0.586797 -0.115306 0.801482
-16.8021 37.9752 87.5311 0.585293 -0.130299 0.80025
-16.2877 37.4504 87.0764 0.582252 -0.136442 0.801433
-15.5369 36.7482 86.4122 0.571889 -0.14316 0.807743
-15.0674 36.3282 85.994 0.577577 -0.154685 0.801547
-14.5222 35.8447 85.52 0.568639 -0.168922 0.805056
-13.6476 35.1969 84.7795 0.556054 -0.175022 0.81246
-12.8232 34.691 84.107 0.544393 -0.181333 0.818996
-12.1382 34.3028 83.5641 0.534076 -0.192931 0.823128
-11.2885 33.8989 82.9212 0.529448 -0.193076 0.826079
-10.3849 33.5978 82.2793 0.521882 -0.19106 0.831345
-9.74338 33.5318 81.8637 0.509216 -0.190944 0.83919
-8.93274 33.9268 81.4616 0.509275 -0.191006 0.83914
-8.46873 34.6767 81.3506 0.504213 -0.177751 0.845088
-8.14745 35.632 81.3596 0.50577 -0.171362 0.845456
-7.93214 36.4385 81.387 0.504846 -0.162293 0.847815
-7.72685 37.4719 81.4574 0.508737 -0.156268 0.846621
-7.58859 38.21 81.5029 0.506683 -0.143913 0.85003
-7.43671 39.0336 81.5474 0.506107 -0.133208 0.852122
-7.12553 40.4675 81.577 0.511529 -0.121149 0.85068
-6.88482 41.1789 81.5324 0.512032 -0.111014 0.85172
-6.71234 41.9629 81.5229 0.511134 -0.104176 0.853159
-6.43897 42.796 81.4596 0.510436 -0.0929845 0.854874
-6.04776 43.7215 81.3255 0.509469 -0.0836237 0.8564
-5.60826 44.6992 81.1542 0.506531 -0.0772918 0.85875
-5.41287 45.4415 81.0937 0.506545 -0.0594519 0.860161
-5.99658 45.8965 81.4759 0.513908 -0.0622706 0.855582
-6.78657 46.0019 81.9566 0.518081 -0.055245 0.853545
-7.59045 46.142 82.4533 0.522258 -0.0572197 0.850847
-8.31272 46.2147 82.9064 0.526637 -0.0643529 0.847644
-9.28248 46.3627 83.5239 0.530139 -0.0561175 0.846051
-10.1949 46.4677 84.1044 0.531578 -0.0554479 0.845192
-10.021 47.7345 84.0714 0.531545 -0.0376962 0.846186
-11.0898 47.8188 84.7502 0.533499 -0.0383588 0.84493
-11.7311 47.8505 85.1615 0.538652 -0.04145 0.841508
-12.445 47.9034 85.6244 0.541555 -0.0388075 0.839769
-13.237 47.9859 86.1384 0.543163 -0.0414227 0.838596
-14.238 48.0901 86.7931 0.547989 -0.0283406 0.835979
-15.0809 48.1244 87.3531 0.551539 -0.0326728 0.833509
-15.8429 48.1184 87.8666 0.561483 -0.0345066 0.826768
-16.5144 48.1266 88.3229 0.564978 -0.0246946 0.824722
-17.293 48.141 88.8543 0.563134 -0.0289922 0.825857
-17.9276 48.1874 89.3005 0.579126 -0.0269647 0.814792
-18.5439 48.2698 89.7391 0.581037 -0.0225552 0.813548
-19.4498 48.3686 90.3972 0.586801 -0.0218529 0.809436
-20.0488 48.4381 90.8464 0.602056 -0.0168841 0.798274
-20.6805 48.4501 91.3244 0.603049 -0.017802 0.797505
-21.3811 48.0164 91.8647 0.619181 -0.0131925 0.785117
-21.7481 47.0098 92.1278 0.630034 -0.0299719 0.775989
-21.8357 46.2509 92.171 0.621597 -0.0301755 0.782741
-21.8515 45.3418 92.14 0.637822 -0.0352647 0.769376
-21.7567 44.4576 92.0209 0.636813 -0.0378036 0.770086
-21.5588 43.4753 91.7928 0.635646 -0.0519391 0.770232
-21.141 42.3644 91.3731 0.634386 -0.055176 0.771036
-20.8098 41.4589 91.0204 0.614854 -0.0804158 0.78453
-20.4461 40.6744 90.655 0.614042 -0.0798404 0.785224
-20.0916 40.0794 90.3098 0.613274 -0.0937984 0.784281
-19.5186 39.2429 89.7568 0.611639 -0.099829 0.784779
-19.0828 38.7228 89.3567 0.607779 -0.107782 0.786709
-18.6166 38.2335 88.925 0.600205 -0.111859 0.791986
-18.1627 37.7226 88.5089 0.602282 -0.121805 0.788865
-17.5195 36.9707 87.8997 0.592966 -0.12896 0.794834
-16.9239 36.3572 87.3446 0.583883 -0.145604 0.798674
-16.1421 35.6223 86.6263 0.581913 -0.162076 0.796874
-15.6436 35.1799 86.1805 0.573818 -0.16239 0.802721
-15.1464 34.7365 85.7231 0.572547 -0.173556 0.801248
-14.3042 34.0944 84.9793 0.572222 -0.188594 0.798119
-13.3971 33.5575 84.2237 0.552985 -0.20005 0.808758
-12.6324 33.1134 83.6 0.541097 -0.206492 0.815174
-11.9688 32.8134 83.0919 0.535911 -0.204391 0.819156
-11.2695 32.5069 82.5632 0.528005 -0.213065 0.822079
-10.4208 32.1758 81.943 0.516121 -0.210226 0.830316
-9.73163 32.1299 81.5052 0.506917 -0.214578 0.834854
-8.6758 32.4846 80.9605 0.500056 -0.212427 0.839503
-8.0112 33.1224 80.7211 0.499633 -0.206336 0.841304
-7.55642 33.9338 80.6434 0.490213 -0.194213 0.84969
-7.26075 34.6992 80.6405 0.497392 -0.175967 0.849492
-6.99446 35.5929 80.6699 0.498203 -0.170326 0.850144
-6.76881 36.6618 80.7424 0.499927 -0.163006 0.850589
-6.6491 37.4062 80.8102 0.499178 -0.150394 0.853333
-6.47664 38.2051 80.8457 0.500168 -0.141479 0.854276
-6.3306 39.0689 80.9005 0.49641 -0.133542 0.857738
-6.13675 39.922 80.9123 0.49471 -0.120325 0.860688
-5.88142 40.7689 80.884 0.497954 -0.114968 0.859525
-5.52206 42.0658 80.8343 0.498429 -0.101621 0.860954
-5.22625 42.8372 80.7462 0.504124 -0.0941886 0.85848
-4.91034 43.5486 80.6363 0.508052 -0.0795479 0.857644
-4.32502 44.8183 80.4104 0.493806 -0.0734264 0.866464
-3.97002 45.5457 80.2604 0.491763 -0.0562351 0.868911
-3.65995 46.3279 80.1355 0.492469 -0.0553807 0.868565
-3.76092 46.8967 80.2236 0.494884 -0.0420585 0.867914
-4.58528 47.0531 80.7094 0.501698 -0.0433386 0.863957
-5.24963 47.1509 81.1039 0.50726 -0.0472409 0.860497
-6.18706 47.2519 81.6693 0.516408 -0.0448037 0.855162
-7.00646 47.3431 82.1731 0.517388 -0.0410306 0.854755
-8.01928 47.4832 82.8071 0.527625 -0.0450644 0.848281
-8.81692 47.5721 83.3086 0.530053 -0.042124 0.846918
-9.61261 47.6946 83.8142 0.53214 -0.0424057 0.845594
-9.69442 47.7019 83.866 0.530733 -0.0398618 0.846596
-9.59277 49.0043 83.8536 0.534424 -0.0279894 0.844753
-8.67275 48.8632 83.2708 0.52939 -0.0276187 0.847929
-7.76521 48.7623 82.7021 0.527075 -0.0241248 0.849476
-7.12738 48.6813 82.3044 0.518358 -0.0311281 0.854566
-6.34735 48.6175 81.8255 0.5216 -0.0247725 0.852831
-5.68939 48.5158 81.427 0.512491 -0.02372 0.858365
-5.03116 48.4289 81.0308 0.506342 -0.0318563 0.861744
-4.34601 48.3485 80.6248 0.506858 -0.0314124 0.861457
-3.62422 48.2981 80.2081 0.49705 -0.0280962 0.867266
-2.74563 48.2722 79.7121 0.487008 -0.0240358 0.873067
-1.8087 48.1114 79.1889 0.481869 -0.023759 0.875921
-1.67555 47.5327 79.0939 0.477786 -0.0399045 0.877569
-2.03456 46.8183 79.2543 0.484167 -0.0449691 0.873819
-2.43112 46.0281 79.426 0.48054 -0.0532284 0.875356
-2.7849 45.2875 79.5717 0.481717 -0.0685502 0.873633
-3.12505 44.5818 79.7068 0.484701 -0.0666449 0.872137
-3.46704 43.918 79.8453 0.484833 -0.0818386 0.870768
-3.84796 43.1534 79.9876 0.495658 -0.085028 0.864346
-4.27905 42.207 80.1354 0.49176 -0.0947441 0.865558
-4.54862 41.4662 80.2061 0.490039 -0.102949 0.865574
-4.86912 40.4517 80.2587 0.48739 -0.109076 0.866345
-5.05391 39.6694 80.2541 0.481998 -0.125579 0.867126
-5.25516 38.8141 80.2421 0.482762 -0.126763 0.866527
-5.43199 37.9033 80.1954 0.486115 -0.140696 0.862495
-5.57391 37.029 80.1288 0.485609 -0.158903 0.859612
-5.7049 36.1843 80.0475 0.477508 -0.160411 0.86383
-5.9677 35.1229 79.9897 0.485095 -0.173327 0.857076
-6.16825 34.3657 79.9441 0.479165 -0.17809 0.859467
-6.51532 33.4856 79.9423 0.47605 -0.195884 0.857325
-7.01469 32.5655 80.0094 0.477934 -0.201606 0.854922
-7.48781 31.9459 80.1252 0.489045 -0.214964 0.845351
-8.10193 31.4245 80.3496 0.493249 -0.223838 0.840546
-8.74911 31.0431 80.6245 0.489235 -0.237743 0.839099
-9.42834 30.8289 80.9638 0.50168 -0.242826 0.830273
-10.1502 30.7987 81.3911 0.500198 -0.244259 0.830743
-10.8058 30.9165 81.8285 0.509838 -0.235887 0.827298
-11.4877 31.1361 82.3192 0.528251 -0.239998 0.814464
-12.0887 31.3998 82.7867 0.525238 -0.231049 0.818922
-12.6801 31.6742 83.2504 0.545598 -0.222729 0.807908
-13.3637 32.0413 83.8109 0.548445 -0.216308 0.807688
-13.8972 32.3554 84.2627 0.554412 -0.213673 0.804346
-14.7765 32.8803 85.0206 0.572152 -0.209023 0.793064
-15.3307 33.1979 85.5048 0.576124 -0.197922 0.792966
-15.9113 33.7325 86.0496 0.574026 -0.185406 0.797571
-16.5983 34.3335 86.6983 0.589648 -0.174523 0.788544
-17.0854 34.7689 87.1518 0.586686 -0.168698 0.792048
-17.5184 35.2168 87.5734 0.60444 -0.163201 0.779738
-18.1586 35.8712 88.1872 0.602736 -0.142865 0.785047
-18.6447 36.4393 88.6652 0.605424 -0.130137 0.785192
-19.1049 36.9798 89.1097 0.612401 -0.12993 0.779747
-19.6307 37.5456 89.6168 0.618924 -0.109002 0.777851
-20.0653 38.0123 90.0274 0.61594 -0.105099 0.780751
-20.5206 38.5674 90.4639 0.630811 -0.102993 0.76907
-20.9013 39.1798 90.8515 0.630803 -0.0906344 0.770631
-21.3179 39.9215 91.2778 0.628764 -0.0884502 0.772549
-21.6691 40.6073 91.6422 0.629719 -0.0798676 0.772658
-21.9807 41.4454 91.9814 0.637085 -0.0747243 0.767163
-22.3152 42.3329 92.3339 0.639582 -0.0596548 0.766357
-22.5735 43.1779 92.6168 0.644454 -0.0498535 0.763016
-22.7996 44.3623 92.8789 0.648052 -0.0387773 0.760608
-22.8762 45.1421 92.9835 0.648499 -0.0329034 0.760489
-22.8443 46.2834 93.0021 0.636276 -0.0283787 0.770925
-22.7296 47.4303 92.9455 0.647148 -0.0210016 0.762026
-22.5229 48.3669 92.7935 0.640684 -0.0179952 0.767594
-21.9705 49.4544 92.3477 0.626551 0.00288751 0.779332
-21.3899 49.7386 91.8859 0.618091 0.00323815 0.786088
-20.7792 49.783 91.4096 0.603605 0.0040555 0.797273
-20.0051 49.7394 90.8255 0.600618 -0.0011518 0.799535
-19.1232 49.6353 90.1807 0.585212 -0.00163843 0.810879
-18.1325 49.52 89.4686 0.574538 -0.00908089 0.818425
-17.4187 49.4148 88.9678 0.567257 -0.00865635 0.823461
-16.5148 49.4004 88.3547 0.564026 -0.0136003 0.82561
-15.6807 49.4141 87.7915 0.557039 -0.0167103 0.830318
-15.0122 49.436 87.3444 0.549519 -0.0149027 0.835348
-14.1773 49.3956 86.7944 0.548009 -0.0167123 0.836302
-13.5055 49.3015 86.3582 0.541705 -0.0214958 0.840276
-12.8561 49.2071 85.9355 0.541529 -0.0263105 0.840269
-11.8542 49.1101 85.289 0.540111 -0.0261752 0.841187
-11.1983 49.0939 84.8696 0.532802 -0.0293463 0.845731
-10.1597 49.0638 84.2142 0.532835 -0.0293889 0.845708
-10.0651 49.0558 84.1544 0.533743 -0.0288238 0.845154
-10.0315 50.3833 84.1657 0.534597 -0.0140151 0.84499
-10.7065 50.3656 84.5914 0.533166 -0.0138682 0.845897
-11.8862 50.3695 85.3366 0.534806 -0.0157422 0.844828
-12.7306 50.4805 85.8799 0.542666 -0.014029 0.839831
-13.3838 50.5759 86.3036 0.541595 -0.00987443 0.840571
-14.0722 50.6792 86.7506 0.545326 -0.00662148 0.838198
-14.9668 50.7277 87.3309 0.546771 -0.00232105 0.837256
-15.678 50.7252 87.8015 0.551595 -0.00240446 0.834108
-16.5655 50.6837 88.3956 0.563072 -0.00310189 0.826402
-17.3531 50.7093 88.9276 0.564628 0.00650153 0.825281
-18.0637 50.8278 89.4204 0.570903 0.00896815 0.820968
-18.7277 50.9268 89.8862 0.575158 0.00569196 0.818022
-19.3781 50.9399 90.3562 0.587613 0.011836 0.809056
-20.3942 51.0336 91.1049 0.601908 0.0141062 0.798435
-21.4176 51.0573 91.8886 0.618295 0.0157611 0.785756
-22.1697 50.9656 92.4898 0.626882 0.01614 0.778927
-22.9723 50.2447 93.1638 0.644345 0.0161809 0.764538
-23.2516 49.5376 93.4077 0.650048 -0.00159471 0.759892
-23.4826 48.8286 93.6037 0.651301 -0.000167436 0.758816
-23.6578 48.0241 93.7428 0.654093 -0.0167738 0.756228
-23.7537 47.2249 93.808 0.649858 -0.0147105 0.75989
-23.843 46.336 93.8569 0.661765 -0.0263001 0.74925
-23.8698 45.3445 93.8431 0.659684 -0.0344538 0.750753
-23.8428 44.5963 93.785 0.659729 -0.0345204 0.75071
-23.6988 43.5266 93.6005 0.659435 -0.0450286 0.750412
-23.5381 42.7963 93.4155 0.658277 -0.0498345 0.751108
-23.3167 42.0305 93.1632 0.65951 -0.0583383 0.749428
-22.9914 41.1266 92.8098 0.650142 -0.069991 0.756582
-22.5587 39.9611 92.3249 0.644997 -0.0821154 0.75976
-22.0766 38.974 91.805 0.641229 -0.0928489 0.761712
-21.6527 38.2405 91.3583 0.640359 -0.0983544 0.761735
-21.2715 37.6962 90.9635 0.635673 -0.10485 0.764775
-20.6012 36.8322 90.2841 0.63162 -0.119807 0.76594
-20.0809 36.2455 89.7703 0.628546 -0.126191 0.76742
-19.623 35.7216 89.3122 0.618224 -0.13217 0.77481
-19.1459 35.1985 88.8319 0.609099 -0.147191 0.779316
-18.619 34.5784 88.2976 0.613416 -0.153999 0.7746
-18.102 33.9879 87.7649 0.60597 -0.168201 0.777501
-17.5394 33.4821 87.2131 0.605105 -0.192612 0.772495
-17.059 33.0509 86.7414 0.585145 -0.200123 0.785847
-16.542 32.6099 86.2442 0.587605 -0.204188 0.782941
-16.0626 32.2191 85.778 0.574461 -0.211006 0.790867
-15.4774 31.805 85.2404 0.579148 -0.216924 0.785832
-14.9005 31.4232 84.7174 0.568584 -0.22593 0.790955
-14.2543 31.0444 84.1438 0.561349 -0.229239 0.795196
-13.6462 30.6764 83.6115 0.545989 -0.235125 0.804088
-12.9159 30.2946 82.9968 0.546286 -0.251938 0.798811
-12.0877 29.8734 82.3192 0.528494 -0.258689 0.808559
-11.4964 29.6887 81.884 0.508566 -0.25346 0.822872
-10.7646 29.5462 81.3832 0.502967 -0.269984 0.820982
-9.84841 29.493 80.8133 0.495952 -0.258199 0.829051
-9.17579 29.5845 80.4451 0.49318 -0.254705 0.831796
-8.44443 29.8545 80.0989 0.487798 -0.249122 0.836655
-7.78491 30.2059 79.8218 0.481176 -0.246398 0.841267
-7.02883 30.7469 79.5484 0.475198 -0.226469 0.850235
-6.38234 31.4461 79.3715 0.477343 -0.224266 0.849616
-5.81492 32.335 79.2845 0.463009 -0.205795 0.862132
-5.35609 33.313 79.2658 0.468551 -0.198054 0.86095
-5.06615 34.0912 79.2787 0.471879 -0.182245 0.862622
-4.85933 34.8526 79.3254 0.468335 -0.167565 0.867485
-4.64896 35.884 79.4135 0.463945 -0.160723 0.871123
-4.45127 36.8724 79.4827 0.471184 -0.151212 0.868961
-4.29994 37.8344 79.5589 0.471739 -0.137346 0.870976
-4.07865 39.0757 79.625 0.471325 -0.122853 0.873361
-3.8164 40.0809 79.6197 0.481837 -0.10985 0.869325
-3.53466 40.9593 79.5773 0.478738 -0.104726 0.871666
-3.19256 41.8404 79.4873 0.480174 -0.096351 0.871866
-2.85766 42.5996 79.3798 0.485124 -0.0855755 0.870248
-2.42518 43.4365 79.2209 0.479846 -0.0769654 0.87397
-2.03452 44.119 79.068 0.475502 -0.0740478 0.876572
-1.62444 44.9682 78.9111 0.477467 -0.0692353 0.875915
-1.30383 45.7418 78.7926 0.469773 -0.0589922 0.880814
-0.749663 46.8465 78.5589 0.467897 -0.0457408 0.88257
-0.176588 47.5493 78.2987 0.463762 -0.0381512 0.885068
0.454512 48.2013 77.996 0.443532 -0.0345312 0.895593
0.86745 48.9775 77.8169 0.451489 -0.010037 0.89222
0.00737706 49.1516 78.2541 0.447511 -0.0222841 0.893907
-0.804726 49.3776 78.684 0.468634 -0.00610215 0.883371
-1.51772 49.5297 79.0633 0.474502 -0.00919143 0.880176
-2.49363 49.5966 79.6027 0.484604 -0.00923536 0.874685
-3.30808 49.5986 80.0611 0.494771 -0.0111034 0.868952
-4.45905 49.6878 80.7256 0.503116 -0.015131 0.864086
-5.34471 49.8047 81.2506 0.516078 -0.01828 0.856346
-6.08307 49.9097 81.6955 0.519488 -0.0135589 0.854342
-6.80911 49.9801 82.1449 0.522973 -0.0179676 0.852142
-7.76216 50.0613 82.7348 0.526647 -0.0121155 0.849996
-8.68928 50.1724 83.3137 0.528766 -0.0122625 0.848679
-9.43259 50.3093 83.7846 0.534943 -0.0149918 0.844755
-9.50038 50.3202 83.8278 0.535228 -0.0147752 0.844579
-9.40788 51.6299 83.7858 0.532964 -0.00589326 0.846118
-8.5637 51.4514 83.2527 0.532403 -0.00529165 0.846473
-7.92431 51.3366 82.8536 0.528561 -0.00270301 0.848891
-7.26679 51.2781 82.444 0.527733 -0.00304146 0.849404
-6.51325 51.2654 81.978 0.525726 -0.00222887 0.850651
-5.56882 51.1269 81.4009 0.517583 -0.00157315 0.855631
-4.50938 51.0332 80.7663 0.505665 -0.000890436 0.862717
-3.70609 50.9306 80.2998 0.500622 0.000851228 0.865663
-2.80081 50.9029 79.7852 0.491552 0.00373436 0.87084
-1.98503 50.9189 79.3302 0.479724 0.00638889 0.877396
-1.27082 50.8321 78.9403 0.479648 0.00632392 0.877438
-0.547758 50.6865 78.5565 0.467165 0.00350628 0.884111
0.144236 50.53 78.1881 0.457728 -0.00329415 0.888994
1.23291 50.4216 77.6402 0.441556 0.0106199 0.89708
1.95869 50.316 77.2926 0.427906 0.00170015 0.903764
2.74099 50.1182 76.9388 0.409702 -0.00122164 0.912219
3.33713 49.5737 76.6916 0.385812 0.00799935 0.922543
2.79446 49.1505 76.9094 0.396143 -0.0356647 0.917476
2.14408 48.3172 77.1831 0.423341 -0.0267893 0.905574
1.6755 47.7609 77.37 0.438357 -0.0407667 0.897876
1.22454 47.1551 77.5617 0.440969 -0.0529315 0.895928
0.589518 46.558 77.8471 0.459055 -0.046962 0.887166
-0.0630722 45.7508 78.1358 0.458613 -0.0624029 0.886441
-0.409652 44.8845 78.2555 0.460049 -0.0687445 0.885197
-0.781236 44.0139 78.3825 0.466785 -0.0763666 0.881047
-1.25752 43.2346 78.5672 0.472752 -0.0783692 0.877704
-1.71031 42.4147 78.7341 0.474638 -0.0839653 0.876167
-2.19115 41.3649 78.8883 0.472844 -0.0951289 0.875995
-2.63611 40.1501 78.989 0.471854 -0.105214 0.875376
-2.87154 39.2346 78.9968 0.470473 -0.12345 0.873736
-3.04289 38.4429 78.9787 0.459563 -0.119356 0.880077
-3.18927 37.6949 78.9406 0.452163 -0.135058 0.881651
-3.41495 36.418 78.8518 0.447401 -0.146981 0.882173
-3.58761 35.4712 78.7772 0.446467 -0.16416 0.87959
-3.80403 34.343 78.6694 0.444085 -0.172911 0.87913
-4.04938 33.5405 78.6238 0.448532 -0.187105 0.873899
-4.43467 32.6053 78.616 0.454614 -0.203843 0.867049
-4.74537 31.9136 78.6135 0.448695 -0.212917 0.867951
-5.1805 31.1074 78.6392 0.448003 -0.224175 0.865448
-5.66862 30.4828 78.7288 0.46366 -0.23296 0.854839
-6.28795 29.8229 78.8814 0.459856 -0.237097 0.855755
-7.01295 29.2305 79.0975 0.463047 -0.260864 0.847045
-8.01011 28.7333 79.5006 0.477779 -0.262498 0.838328
-8.97746 28.356 79.9316 0.481278 -0.280904 0.830325
-10.0011 28.2011 80.4793 0.491024 -0.278059 0.825552
-11.0215 28.2685 81.1148 0.499426 -0.290093 0.816263
-12.0612 28.4372 81.8199 0.505739 -0.280051 0.815965
-13.0035 28.9121 82.5949 0.533391 -0.275963 0.799457
-13.8117 29.2519 83.2632 0.552357 -0.262006 0.791175
-14.3129 29.583 83.7368 0.563717 -0.257933 0.784647
-14.9251 29.8959 84.2756 0.572561 -0.250628 0.780546
-15.4991 30.2962 84.8266 0.577403 -0.233985 0.782213
-16.0259 30.6282 85.3091 0.571352 -0.230291 0.787733
-16.5143 30.9666 85.7774 0.587846 -0.222434 0.777767
-17.0128 31.3378 86.2546 0.58544 -0.217736 0.78093
-17.7399 31.9732 86.9902 0.599055 -0.20973 0.772752
-18.2655 32.4149 87.5157 0.605103 -0.192607 0.772498
-18.8706 32.9653 88.1354 0.617449 -0.18441 0.764689
-19.4866 33.7508 88.8124 0.62317 -0.1663 0.764175
-20.147 34.5069 89.5086 0.622146 -0.149403 0.768514
-20.6486 35.0681 90.0341 0.633049 -0.130025 0.763114
-21.221 35.7348 90.6307 0.64258 -0.125171 0.755861
-21.6861 36.3243 91.1131 0.645811 -0.117822 0.754313
-22.1591 36.988 91.62 0.646951 -0.10608 0.755117
-22.6517 37.7719 92.1516 0.654354 -0.0950952 0.750185
-23.1839 38.7134 92.732 0.659519 -0.0828926 0.747104
-23.4572 39.3522 93.0454 0.664033 -0.0784483 0.743526
-23.772 40.2918 93.4145 0.659948 -0.0735625 0.747671
-24.0642 40.9172 93.7282 0.664445 -0.0624402 0.744724
-24.2947 41.6484 93.9934 0.66272 -0.0535859 0.74691
-24.5373 42.4507 94.2687 0.668321 -0.0525265 0.742016
-24.6895 43.2425 94.4593 0.667088 -0.0440895 0.74366
-24.8101 44.2659 94.6228 0.667804 -0.0392988 0.743299
-24.8484 45.3266 94.7068 0.668784 -0.0324913 0.742746
-24.8226 46.5083 94.7274 0.669158 -0.0220299 0.742794
-24.7047 47.584 94.6491 0.665528 -0.0130939 0.746229
-24.6025 48.3744 94.5732 0.668769 -0.010698 0.743376
-24.3647 49.4669 94.3666 0.668555 -0.00452802 0.743649
-23.9639 50.6368 94.003 0.657892 0.010704 0.753036
-23.6881 51.3752 93.7516 0.659709 0.020276 0.751182
-23.2414 52.1103 93.3399 0.647445 0.0251741 0.761696
-22.5106 52.2732 92.7248 0.633903 0.0274953 0.772924
-21.8694 52.3512 92.2036 0.619069 0.0332203 0.784633
-21.0867 52.3979 91.5848 0.618603 0.032514 0.785031
-20.4144 52.3764 91.0832 0.594909 0.02905 0.80325
-19.7243 52.2355 90.5769 0.588726 0.0287842 0.80782
-18.7549 52.2291 89.8823 0.576121 0.0229601 0.817034
-18.1213 52.1631 89.4406 0.573458 0.0247996 0.81886
-17.4595 51.9771 88.9881 0.559469 0.0215107 0.828565
-16.5502 51.9552 88.3713 0.561548 0.0189929 0.827226
-15.8265 52.0122 87.8932 0.548442 0.0117529 0.836104
-15.1874 52.0159 87.4724 0.545227 0.00860855 0.838223
-14.3394 51.9771 86.9264 0.542322 0.00268627 0.840166
-13.6785 51.8989 86.5011 0.542001 0.00417127 0.840366
-12.8846 51.8057 85.989 0.542791 -0.00107481 0.839867
-12.1296 51.6957 85.5041 0.533958 -0.00202878 0.845509
-11.2173 51.6204 84.9262 0.534 -0.00520006 0.845465
-10.4926 51.6919 84.4711 0.532826 -0.00653433 0.846199
-9.80239 51.6854 84.035 0.534258 -0.00621553 0.845299
-9.6717 51.6719 83.9523 0.533612 -0.00604974 0.845707
-9.53987 52.9721 83.8749 0.533097 -0.00220085 0.846052
-8.79332 52.8369 83.4051 0.531904 -0.00242706 0.846801
-8.12056 52.6967 82.9824 0.531546 -0.00279107 0.847025
-7.11162 52.5815 82.3512 0.528885 0.00833922 0.848652
-6.18596 52.5691 81.7788 0.521207 0.00463887 0.853417
-5.20556 52.361 81.1823 0.527407 0.00783971 0.849535
-4.28724 52.3608 80.6332 0.512098 0.0115217 0.85885
-3.63621 52.2522 80.2531 0.499393 0.0141589 0.86626
-2.79539 52.2292 79.7762 0.48913 0.00628975 0.872188
-1.74139 52.1756 79.1776 0.489511 0.0246164 0.871537
-0.755786 52.049 78.6444 0.473868 0.0273001 0.880146
-0.0598506 51.9367 78.28 0.467186 0.0147625 0.884036
0.776051 51.8673 77.8479 0.448776 0.0227818 0.893352
1.45943 51.798 77.5056 0.441763 0.0274018 0.896665
2.15282 51.7022 77.1704 0.440243 0.0217383 0.897615
2.9003 51.4908 76.8442 0.382442 0.0294887 0.923316
3.66779 51.3914 76.5479 0.361187 0.0233886 0.9322
4.42742 51.2922 76.2633 0.334659 0.0246859 0.941919
5.23542 51.1855 75.9758 0.321886 0.0048452 0.946766
5.92596 50.9602 75.7463 0.317872 0.00064938 0.948133
6.64022 50.8367 75.5125 0.291091 0.0050107 0.956682
7.35518 50.7978 75.3008 0.271919 -0.00268416 0.962316
8.36114 50.5559 75.0159 0.274431 0.000308536 0.961599
8.49517 49.9196 74.9672 0.266666 -0.0203262 0.963531
7.88736 49.6617 75.1358 0.27551 -0.0210145 0.961068
7.11672 49.4755 75.3682 0.294958 -0.00561881 0.955494
6.29304 49.2134 75.6205 0.295352 -0.0063094 0.955367
5.32653 48.8632 75.9185 0.287333 -0.0232706 0.957349
4.36595 48.551 76.2192 0.325461 -0.0592174 0.943699
3.69664 48.1406 76.478 0.400613 -0.041804 0.915284
3.09677 47.4681 76.7082 0.398276 -0.0542276 0.915661
2.55319 46.9983 76.9242 0.419825 -0.0779087 0.904255
1.97957 46.2948 77.1385 0.434828 -0.0658889 0.898035
1.46583 45.68 77.3482 0.444531 -0.0667074 0.893276
0.856638 44.9448 77.6044 0.455777 -0.0600064 0.888066
0.573367 44.1439 77.6845 0.454061 -0.0830441 0.887003
0.168148 43.3813 77.8169 0.472845 -0.086947 0.876846
-0.352844 42.5878 78.0229 0.470423 -0.0777186 0.878991
-0.774207 41.8097 78.1741 0.464965 -0.0896676 0.880734
-1.1887 40.8975 78.2972 0.471294 -0.0923002 0.877133
-1.47465 40.1713 78.3756 0.460687 -0.0968181 0.882266
-1.70485 39.1869 78.3787 0.459319 -0.114702 0.880835
-1.9065 38.3059 78.3669 0.447053 -0.121144 0.886266
-2.09462 37.5619 78.3615 0.435349 -0.123491 0.891636
-2.2418 36.6189 78.2892 0.43398 -0.135779 0.890632
-2.42074 35.5377 78.2003 0.427434 -0.152237 0.891136
-2.54253 34.7231 78.1156 0.427713 -0.174602 0.886891
-2.72034 33.9896 78.0557 0.425073 -0.175386 0.888003
-3.04568 32.9655 77.9983 0.42561 -0.190142 0.884704
-3.42164 32.0158 77.9673 0.429794 -0.207696 0.87867
-3.83855 31.133 77.9577 0.433422 -0.220253 0.873862
-4.24689 30.4619 77.9919 0.423164 -0.226534 0.877143
-4.90794 29.5509 78.0755 0.437885 -0.241831 0.865877
-5.57981 28.8998 78.233 0.450484 -0.257285 0.854858
-6.25618 28.2762 78.3945 0.453618 -0.265475 0.850721
-6.91664 27.9328 78.6376 0.45377 -0.276926 0.846998
-7.59917 27.5934 78.8976 0.462853 -0.286683 0.838764
-8.47005 27.2539 79.2709 0.462747 -0.297868 0.834804
-9.39257 27.0418 79.7196 0.4785 -0.298453 0.825811
-10.1406 26.9338 80.1138 0.484422 -0.29433 0.823801
-11.0459 27.0025 80.6773 0.486417 -0.310843 0.816558
-11.7153 27.0665 81.1126 0.499243 -0.309024 0.809482
-12.8623 27.3402 81.9514 0.52284 -0.29735 0.798821
-13.4228 27.6095 82.4109 0.527281 -0.292154 0.797824
-14.0714 27.782 82.9216 0.572714 -0.287778 0.767582
-14.8974 28.3268 83.7421 0.593989 -0.267019 0.758226
-15.5811 28.6615 84.3773 0.591789 -0.234505 0.771228
-16.158 29.135 84.964 0.588637 -0.234957 0.77349
-16.6373 29.5654 85.4571 0.586483 -0.233212 0.775661
-17.1497 29.8791 85.9388 0.593346 -0.231442 0.77091
-17.7043 30.3003 86.4969 0.597801 -0.221272 0.770501
-18.1857 30.7247 86.9922 0.601615 -0.221067 0.767571
-18.6991 31.1411 87.5215 0.606911 -0.223036 0.762833
-19.3745 31.6471 88.2104 0.625324 -0.189906 0.756883
-19.8594 32.2472 88.7632 0.621654 -0.19262 0.759239
-20.3374 32.908 89.3174 0.626154 -0.179042 0.758857
-20.9668 33.5752 90.0156 0.646386 -0.164431 0.744736
-21.4611 34.1751 90.5551 0.647002 -0.143262 0.748906
-21.9062 34.7125 91.0354 0.644518 -0.134592 0.752649
-22.3821 35.3427 91.5677 0.657325 -0.110802 0.745417
-22.8377 35.9756 92.0615 0.653259 -0.110253 0.749063
-23.4058 36.9143 92.6975 0.662792 -0.1109 0.740447
-23.7322 37.5126 93.0677 0.662359 -0.0945797 0.743193
-24.2984 38.4904 93.7019 0.669611 -0.088451 0.737369
-24.5103 39.2483 93.9774 0.66977 -0.0684809 0.739308
-24.8156 39.8457 94.3091 0.671315 -0.0689382 0.737949
-25.1298 40.6268 94.6634 0.669846 -0.0657828 0.73958
-25.3139 41.4532 94.8958 0.682015 -0.0540005 0.729341
-25.5817 42.4613 95.2114 0.673446 -0.045612 0.737827
-25.7037 43.4494 95.3849 0.675118 -0.0564702 0.73547
-25.8164 44.1975 95.5293 0.676191 -0.0367741 0.735808
-25.8277 45.0625 95.5799 0.67381 -0.0307012 0.738261
-25.7974 46.354 95.6013 0.681092 -0.0385034 0.731053
-25.7809 47.1833 95.6115 0.676239 -0.0213173 0.736374
-25.6413 47.9231 95.5047 0.676294 -0.0238315 0.736242
-25.5237 48.7271 95.4112 0.68091 -0.0122242 0.732265
-25.3485 49.569 95.2503 0.673224 0.00419304 0.739425
-25.0926 50.4869 95.014 0.672509 0.00199559 0.740085
-24.8627 51.2116 94.7947 0.679251 0.00753773 0.733868
-24.5826 52.0283 94.515 0.670409 0.0317286 0.741207
-24.2299 53.1141 94.16 0.661203 0.0303364 0.749593
-23.7633 53.6544 93.7067 0.660943 0.0450382 0.74901
-22.94 53.6145 92.9875 0.648706 0.0738115 0.75731
-22.1491 53.6509 92.3429 0.629386 0.0656536 0.774206
-21.5225 53.7029 91.8426 0.616364 0.0747243 0.783908
-20.5412 53.5897 91.1194 0.58382 0.0561612 0.809759
-19.9082 53.5133 90.6561 0.593477 0.0435375 0.803673
-18.8866 53.4924 89.9288 0.577055 0.0441014 0.815514
-18.017 53.4614 89.3303 0.566144 0.0303274 0.823742
-17.3923 53.3086 88.9041 0.567861 0.0279753 0.822649
-16.7576 53.2761 88.4757 0.552621 0.0304692 0.832824
-15.9667 53.309 87.957 0.548008 0.0273126 0.836027
-15.3058 53.2684 87.5327 0.539111 0.0178704 0.842044
-14.4931 53.263 87.0114 0.539144 0.0167227 0.842047
-13.6529 53.1483 86.4741 0.537721 0.013172 0.843014
-12.8805 53.1103 85.9802 0.539681 0.00939102 0.841817
-12.2147 53.0126 85.558 0.53323 0.00603101 0.845948
-11.3953 52.9175 85.0419 0.533111 -0.000763182 0.846043
-10.6822 52.9416 84.594 0.53653 0.00795548 0.843817
-10.0398 52.9819 84.1899 0.533096 -0.00220079 0.846052
-22.5214 18.2197 74.634 0.41422 -0.400487 0.817332
-23.2032 18.1808 74.9605 0.409067 -0.412907 0.81362
-23.9123 17.9705 75.2339 0.430929 -0.40106 0.808363
-24.513 17.4821 75.3227 0.438829 -0.436612 0.784376
-24.9858 16.5126 75.0669 0.423474 -0.40954 0.808051
-25.0394 15.6903 74.694 0.449629 -0.400824 0.798118
-24.9914 14.6469 74.1253 0.449261 -0.411008 0.793244
-24.894 13.8987 73.6988 0.468562 -0.399278 0.787838
-24.4457 13.108 73.0057 0.477402 -0.4173 0.773215
-23.8978 12.6888 72.4442 0.48626 -0.405805 0.773869
-23.2374 12.5994 71.9824 0.505846 -0.430725 0.746207
-22.5353 12.8188 71.6375 0.471715 -0.466445 0.748269
-21.8068 13.3668 71.5166 0.472847 -0.457696 0.752906
-21.2656 14.0503 71.5983 0.454053 -0.463681 0.760812
-20.9041 14.7745 71.8217 0.453174 -0.453126 0.767666
-20.651 15.691 72.2223 0.438128 -0.452232 0.776872
-20.8048 16.3139 72.6818 0.432837 -0.463894 0.772952
-21.0792 16.9031 73.1873 0.419643 -0.447087 0.789779
-21.4055 17.5297 73.7102 0.377048 -0.473978 0.795726
-21.9501 17.9764 74.2321 0.365327 -0.453443 0.812736
-22.0727 18.0333 74.3153 0.381238 -0.425526 0.819674
-22.6358 16.8494 73.9784 0.412062 -0.429098 0.803717
-23.6209 16.661 74.4083 0.437326 -0.409909 0.80045
-23.9642 15.7565 74.1252 0.439933 -0.423039 0.792147
-23.9247 14.8706 73.639 0.452978 -0.41869 0.787006
-23.6808 14.2626 73.1638 0.46004 -0.421573 0.781421
-23.1013 13.8773 72.6019 0.468211 -0.43781 0.767441
-22.3726 14.2921 72.407 0.458846 -0.440365 0.771705
-21.9632 15.2226 72.6976 0.445098 -0.447698 0.775534
-22.1563 16.2095 73.3569 0.436926 -0.434562 0.787561
-22.4568 16.6408 73.7708 0.419642 -0.447087 0.789779
-3.11917 -15.6822 58.7321 -0.00437337 -0.32585 0.945411
-2.13034 -15.36 58.8451 0.0114686 -0.336524 0.941605
-1.03042 -15.3833 58.8207 0.0192232 -0.324492 0.945693
-0.294882 -15.6842 58.6988 0.0289839 -0.316122 0.948236
0.227741 -16.1862 58.5215 0.0308376 -0.310694 0.949996
0.597538 -16.855 58.2932 0.0334183 -0.289941 0.956461
0.83612 -17.9746 57.9454 0.0378841 -0.291782 0.955722
0.853092 -18.7294 57.7202 0.0351596 -0.276866 0.960265
0.317585 -19.6048 57.4757 0.0153442 -0.280947 0.959601
-0.3087 -20.2073 57.315 0.0211865 -0.273928 0.961517
-1.14853 -20.679 57.2167 0.00986466 -0.243577 0.969712
-2.11028 -20.9915 57.1321 -0.0100563 -0.255493 0.966704
-2.877 -21.0764 57.0999 -0.0180106 -0.236198 0.971538
-3.77851 -20.9036 57.1237 -0.0315293 -0.26543 0.963615
-4.73755 -20.2428 57.2723 -0.0365125 -0.266707 0.963062
-5.31291 -19.3479 57.5046 -0.0369355 -0.277128 0.960123
-5.20483 -18.5069 57.7572 -0.0465696 -0.290332 0.955792
-4.9091 -17.696 58.0296 -0.0342947 -0.310832 0.949766
-4.5696 -16.8549 58.3104 -0.0240061 -0.311294 0.950004
-3.77295 -16.1363 58.5699 -0.0228009 -0.323543 0.945882
-3.28543 -15.787 58.6952 -0.00437327 -0.32585 0.945411
-2.55914 -16.7918 58.3631 -0.00681698 -0.31592 0.948759
-1.37366 -16.6697 58.3997 0.0108393 -0.304933 0.952272
-0.740322 -17.1596 58.2304 0.0194816 -0.303948 0.952489
-0.489695 -17.9753 57.972 0.0158662 -0.292146 0.956223
-0.886876 -18.9008 57.7025 0.0101422 -0.289009 0.957236
-1.47845 -19.4543 57.5466 0.00456542 -0.26804 0.963397
-2.3231 -19.7796 57.4566 -0.000577563 -0.270503 0.962719
-3.27304 -19.6929 57.4726 -0.0183252 -0.274677 0.961326
-3.85004 -19.1185 57.6201 -0.0241212 -0.278592 0.960089
-3.7752 -18.3415 57.8557 -0.0286762 -0.299777 0.953578
-3.40023 -17.473 58.135 -0.00851514 -0.298373 0.954389
-2.88606 -17.0153 58.2871 -0.00840964 -0.309231 0.950931
-2.31928 -18.0741 57.9567 -0.000888319 -0.292539 0.956249
-2.38423 -18.4406 57.8436 -0.00322144 -0.294308 0.955705
-2.41101 -18.2347 57.907 -0.0032248 -0.294306 0.955706
-10.869 -53.898 47.6166 -0.704137 -0.272955 0.655504
-10.2885 -54.2267 48.1094 -0.711027 -0.272493 0.648218
-9.41679 -54.9517 48.763 -0.711127 -0.26554 0.650957
-8.80513 -55.5786 49.1664 -0.694922 -0.242737 0.676876
-8.4467 -56.2282 49.3325 -0.716585 -0.228826 0.658897
-7.99167 -57.291 49.4603 -0.719281 -0.221257 0.658521
-7.75156 -58.1226 49.4501 -0.724044 -0.209969 0.656971
-7.59372 -59.0863 49.3079 -0.725219 -0.221206 0.651981
-7.58131 -59.8312 49.0792 -0.715735 -0.209299 0.666271
-7.65731 -60.715 48.7162 -0.730662 -0.201179 0.652426
-7.80793 -61.572 48.2829 -0.728895 -0.186265 0.658594
-8.06766 -62.6093 47.6949 -0.755932 -0.181083 0.629107
-8.22546 -63.3885 47.2631 -0.763148 -0.193292 0.616638
-8.45287 -64.1177 46.7786 -0.764733 -0.167607 0.622116
-8.80892 -64.6565 46.1716 -0.790334 -0.166487 0.589463
-9.10031 -65.2886 45.5612 -0.801911 -0.1716 0.572179
-9.37121 -65.8642 45.021 -0.815875 -0.163212 0.554164
-9.68561 -66.3146 44.3933 -0.831173 -0.169049 0.529657
-10.0034 -66.8331 43.6846 -0.840141 -0.167456 0.515511
-10.3554 -67.1912 42.9834 -0.868897 -0.156101 0.469735
-10.7537 -67.5142 42.1316 -0.875945 -0.175301 0.44927
-11.1282 -67.7248 41.2942 -0.87534 -0.191573 0.443625
-11.5299 -67.8032 40.4344 -0.883081 -0.209047 0.420076
-11.8851 -67.5814 39.8044 -0.88191 -0.227203 0.41266
-12.3083 -67.3804 38.9731 -0.890516 -0.239734 0.386446
-12.7931 -66.9611 38.0856 -0.891959 -0.260698 0.369086
-13.2943 -66.352 37.3452 -0.88575 -0.272861 0.375492
-13.7078 -65.7377 36.814 -0.886773 -0.27864 0.368772
-14.0455 -65.1535 36.4451 -0.884389 -0.288978 0.366534
-14.4724 -64.3091 36.0794 -0.881946 -0.29795 0.365093
-14.839 -63.5885 35.8037 -0.875682 -0.311503 0.36892
-15.18 -62.8136 35.6611 -0.872528 -0.314514 0.373867
-15.5344 -61.9064 35.6055 -0.870594 -0.321017 0.372846
-15.887 -61.0207 35.5804 -0.862791 -0.33464 0.378957
-16.1366 -60.1045 35.828 -0.861958 -0.341964 0.374284
-16.3469 -59.3192 36.0583 -0.852292 -0.35035 0.388398
-16.5841 -58.2925 36.4611 -0.844035 -0.354619 0.402307
-16.6431 -57.512 37.0227 -0.842774 -0.349464 0.409341
-16.6526 -56.7466 37.6425 -0.837727 -0.358253 0.411962
-16.572 -55.9269 38.4809 -0.825975 -0.358587 0.434929
-16.396 -55.4077 39.2129 -0.814615 -0.359609 0.455056
-16.1763 -54.9377 39.9223 -0.800147 -0.349494 0.487462
-15.8986 -54.5444 40.6427 -0.794941 -0.336382 0.504892
-15.5353 -54.2025 41.4398 -0.786327 -0.336998 0.517722
-15.0475 -53.8349 42.4084 -0.774516 -0.346134 0.529344
-14.5321 -53.6123 43.277 -0.763568 -0.34529 0.545654
-13.9746 -53.541 44.0734 -0.755823 -0.326256 0.567705
-13.4447 -53.4817 44.8058 -0.74307 -0.323995 0.58546
-12.8506 -53.4743 45.5492 -0.728464 -0.322354 0.604286
-12.1376 -53.5472 46.3489 -0.723261 -0.314037 0.61504
-11.4534 -53.7056 47.0505 -0.705291 -0.309429 0.637823
-10.933 -53.8667 47.5609 -0.709823 -0.281704 0.645433
-10.9248 -55.1007 47.0228 -0.720612 -0.274317 0.636712
-11.4924 -54.8838 46.4726 -0.736798 -0.285211 0.613012
-12.0774 -54.7428 45.835 -0.731335 -0.291595 0.616473
-12.5856 -54.6719 45.2482 -0.740318 -0.308488 0.597298
-13.248 -54.6801 44.4041 -0.752639 -0.316916 0.577148
-13.8607 -54.748 43.5414 -0.771493 -0.315062 0.552752
-14.2782 -54.8712 42.8789 -0.784025 -0.319677 0.531829
-14.7542 -55.1848 41.9949 -0.791939 -0.311768 0.524886
-15.213 -55.6031 41.0274 -0.796301 -0.318182 0.514456
-15.5364 -56.0725 40.2009 -0.805296 -0.331454 0.491477
-15.7309 -56.4827 39.5737 -0.81282 -0.345985 0.468633
-15.911 -57.1178 38.7872 -0.828898 -0.340818 0.443494
-15.9563 -57.8009 38.1577 -0.840785 -0.341044 0.420341
-15.9456 -58.4235 37.6868 -0.844194 -0.33256 0.420406
-15.8357 -59.1234 37.3255 -0.850533 -0.337648 0.403107
-15.6319 -59.9341 37.0948 -0.855737 -0.334262 0.394854
-15.3905 -60.7579 36.9162 -0.854148 -0.337344 0.395767
-15.1173 -61.5257 36.8712 -0.865936 -0.309582 0.392827
-14.7784 -62.4069 36.9169 -0.871649 -0.309249 0.380252
-14.5072 -63.1252 36.9569 -0.872428 -0.308231 0.379293
-14.1811 -63.7664 37.2014 -0.878061 -0.295257 0.376607
-13.707 -64.6095 37.6559 -0.882106 -0.280971 0.378077
-13.2994 -65.2404 38.1413 -0.878986 -0.275035 0.389299
-12.933 -65.701 38.6397 -0.87848 -0.26335 0.398648
-12.4232 -66.1231 39.4916 -0.881331 -0.259971 0.394552
-11.8406 -66.3936 40.5281 -0.870667 -0.245514 0.426218
-11.3204 -66.4135 41.5206 -0.858914 -0.228702 0.458217
-10.8223 -66.0874 42.581 -0.852184 -0.202604 0.482425
-10.4648 -65.6633 43.3583 -0.837976 -0.196553 0.509024
-10.1976 -65.2114 43.9824 -0.826723 -0.195898 0.526821
-9.88024 -64.6944 44.6351 -0.816131 -0.194268 0.544234
-9.5925 -64.0171 45.2833 -0.798359 -0.194613 0.569803
-9.16675 -63.1706 46.1445 -0.778286 -0.183806 0.600405
-8.90908 -62.2038 46.7863 -0.764506 -0.191922 0.615383
-8.70105 -61.4048 47.2952 -0.748962 -0.189979 0.634794
-8.56121 -60.5045 47.7462 -0.750333 -0.203588 0.62893
-8.49759 -59.818 48.0492 -0.740289 -0.216188 0.636576
-8.55355 -58.5105 48.4235 -0.736065 -0.22273 0.639151
-8.86606 -57.4537 48.4361 -0.726296 -0.220898 0.650922
-9.18448 -56.7472 48.3326 -0.719531 -0.238421 0.65222
-9.86394 -55.8622 47.9177 -0.722139 -0.244313 0.647079
-10.4092 -55.4396 47.4695 -0.72547 -0.268534 0.633705
-10.7208 -55.2253 47.2035 -0.725471 -0.268533 0.633705
-10.8074 -56.4357 46.6095 -0.739728 -0.26201 0.619801
-11.6916 -56.0315 45.702 -0.752465 -0.255102 0.607223
-12.1892 -55.9202 45.1421 -0.741535 -0.287271 0.606271
-12.7258 -55.8674 44.4623 -0.76446 -0.300883 0.57015
-13.1968 -55.9065 43.8165 -0.773084 -0.286727 0.565588
-13.7348 -56.0535 42.9832 -0.778068 -0.294404 0.554921
-14.2145 -56.3514 42.1167 -0.800476 -0.302264 0.517566
-14.5187 -56.6506 41.4663 -0.803825 -0.313674 0.505444
-14.8622 -57.1238 40.6224 -0.811284 -0.321757 0.4879
-15.1364 -57.7408 39.7377 -0.826221 -0.314709 0.467069
-15.2477 -58.5197 38.9835 -0.835477 -0.328234 0.440532
-15.1923 -59.2834 38.5218 -0.846114 -0.316098 0.429153
-14.9348 -60.373 38.1987 -0.852302 -0.325611 0.40934
-14.6576 -61.2249 38.1139 -0.861195 -0.30751 0.404617
-14.3856 -61.9347 38.1436 -0.86158 -0.313501 0.399245
-14.0997 -62.6945 38.1935 -0.869084 -0.293669 0.398045
-13.7616 -63.3716 38.4388 -0.871181 -0.289216 0.396728
-13.4106 -63.9507 38.7902 -0.871528 -0.287228 0.397416
-12.9804 -64.5096 39.3106 -0.865492 -0.262803 0.426352
-12.5222 -64.8949 40.0112 -0.868481 -0.25285 0.426385
-11.9678 -65.1174 40.9596 -0.855143 -0.24643 0.456073
-11.5519 -65.068 41.7512 -0.842884 -0.240471 0.481348
-11.2269 -64.8368 42.4396 -0.845361 -0.237073 0.478708
-10.9441 -64.4866 43.0636 -0.827347 -0.216914 0.518117
-10.5383 -63.755 44.0111 -0.812312 -0.216515 0.541443
-10.3172 -63.2268 44.545 -0.802385 -0.210452 0.558336
-9.93707 -62.4252 45.3864 -0.788116 -0.221132 0.574223
-9.72392 -61.7345 45.9129 -0.770391 -0.210223 0.601916
-9.56507 -61.0143 46.3551 -0.76278 -0.211765 0.610892
-9.43504 -60.0721 46.8545 -0.757466 -0.216676 0.61587
-9.38261 -59.0259 47.287 -0.75233 -0.229141 0.617503
-9.53131 -58.2647 47.3886 -0.741782 -0.228053 0.630675
-9.88004 -57.4088 47.2969 -0.729671 -0.254422 0.634705
-10.4195 -56.695 46.9629 -0.736646 -0.25238 0.627336
-10.4216 -56.6932 46.9611 -0.741675 -0.256174 0.619884
-10.7963 -57.7847 46.062 -0.748587 -0.262066 0.609047
-11.3878 -57.3847 45.5007 -0.76011 -0.256565 0.596998
-11.8819 -57.1852 44.9573 -0.757921 -0.262766 0.597049
-12.5831 -57.0996 44.0531 -0.780627 -0.276559 0.560362
-13.1887 -57.2401 43.1268 -0.780718 -0.286895 0.555131
-13.5997 -57.4427 42.4188 -0.793863 -0.28734 0.535927
-13.9345 -57.7702 41.7272 -0.796642 -0.299679 0.524933
-14.283 -58.307 40.8353 -0.818293 -0.309969 0.484062
-14.497 -58.9623 40.0574 -0.830733 -0.304507 0.466002
-14.4389 -59.9806 39.4858 -0.841063 -0.308665 0.444229
-14.1209 -61.12 39.2986 -0.838374 -0.305849 0.451204
-13.7342 -62.0498 39.4163 -0.855832 -0.280202 0.434783
-13.4048 -62.7579 39.6058 -0.856137 -0.285473 0.430704
-12.9855 -63.3486 40.0327 -0.848543 -0.282124 0.447639
-12.5091 -63.7103 40.7322 -0.847496 -0.263345 0.460869
-12.0774 -63.7975 41.4762 -0.846463 -0.255819 0.466865
-11.6579 -63.5727 42.3116 -0.836516 -0.23213 0.496215
-11.3906 -63.2006 42.9234 -0.824887 -0.243068 0.510363
-11.0653 -62.5626 43.7051 -0.808646 -0.239558 0.537312
-10.8376 -62.0446 44.2638 -0.802503 -0.226583 0.551894
-10.5374 -61.2723 45.0045 -0.789166 -0.21943 0.573348
-10.3663 -60.2383 45.6236 -0.780665 -0.22634 0.582522
-10.3681 -58.7827 46.1916 -0.756243 -0.237977 0.609478
-10.6109 -58.0296 46.1844 -0.752416 -0.250022 0.609261
-11.3199 -58.7898 44.969 -0.773607 -0.258731 0.578425
-11.1937 -59.8455 44.6822 -0.781007 -0.238559 0.577017
-11.2972 -60.6153 44.207 -0.787422 -0.23994 0.56778
-11.507 -61.1774 43.6621 -0.798096 -0.251406 0.547574
-11.7368 -61.6601 43.1042 -0.805325 -0.257662 0.533714
-12.0408 -62.2221 42.3496 -0.810598 -0.263159 0.523142
-12.4279 -62.4946 41.5539 -0.836852 -0.271636 0.475281
-12.9558 -62.1595 40.8143 -0.838214 -0.270892 0.473301
-13.3638 -61.4257 40.528 -0.834141 -0.28193 0.47405
-13.6323 -60.6461 40.5241 -0.822824 -0.293805 0.486253
-13.7266 -59.95 40.7785 -0.815993 -0.292691 0.498485
-13.5657 -59.2074 41.484 -0.814623 -0.30008 0.496329
-13.2144 -58.7242 42.2958 -0.802624 -0.282537 0.525326
-12.8615 -58.4699 42.9705 -0.7952 -0.274322 0.54045
-12.1274 -58.3274 44.0831 -0.786943 -0.266922 0.556295
-11.3765 -58.7467 44.912 -0.776022 -0.256984 0.575977
-12.0595 -60.0208 43.3868 -0.799347 -0.253813 0.544632
-12.3275 -60.5611 42.7417 -0.806442 -0.249183 0.536111
-12.6008 -61.149 42.0015 -0.82495 -0.255153 0.504336
-12.9449 -60.3621 41.8519 -0.820086 -0.268643 0.505262
