-10.5812 39.2539 85.3999 0.534074 -0.13526 0.834538
-11.0192 39.8054 85.7714 0.537447 -0.134043 0.832576
-11.0192 39.8054 85.7714 0.537447 -0.134043 0.832576
-10.3912 40.2724 85.4455 0.532347 -0.130989 0.836311
-9.64566 40.0844 84.9411 0.528617 -0.126671 0.839332
-9.50809 39.3172 84.7294 0.530699 -0.136476 0.8365
-9.97502 38.7908 84.9391 0.525957 -0.150554 0.83708
-10.4475 39.1343 85.2956 0.530697 -0.136473 0.836502
-11.0023 38.2085 85.4884 0.536544 -0.149077 0.8306
-11.5401 38.7435 85.9292 0.538605 -0.144702 0.830025
-12.0817 39.3274 86.3863 0.54403 -0.138272 0.827571
-12.6547 39.9786 86.8645 0.546884 -0.128457 0.827278
-13.1264 40.5752 87.2705 0.548827 -0.123294 0.826793
-13.0992 41.363 87.3659 0.551324 -0.117138 0.826027
-12.5021 41.5151 86.989 0.546328 -0.116507 0.829407
-11.6045 41.5242 86.4058 0.539429 -0.113495 0.834339
-10.7279 41.4447 85.83 0.535081 -0.120374 0.836165
-9.77591 41.3515 85.2143 0.532958 -0.114744 0.838304
-9.14143 41.2675 84.8057 0.527167 -0.113279 0.842178
-8.55895 40.9075 84.3932 0.513309 -0.126343 0.848848
-8.46266 40.1226 84.2166 0.511516 -0.128457 0.849617
-8.55406 39.3189 84.1444 0.514702 -0.137051 0.846344
-8.7539 38.1834 84.0717 0.516857 -0.151147 0.842623
-8.87866 37.4178 84.0074 0.515279 -0.159426 0.84205
-9.42253 36.9768 84.2561 0.514415 -0.167529 0.841005
-10.0158 37.358 84.7019 0.52371 -0.165218 0.835722
-10.8588 38.0703 85.3709 0.536539 -0.149078 0.830603
-11.4655 37.103 85.5774 0.533981 -0.162044 0.82981
-10.6858 36.389 84.9302 0.529603 -0.165569 0.8319
-10.1793 35.9957 84.5291 0.526345 -0.172194 0.832653
-9.16441 35.3499 83.7604 0.515491 -0.180456 0.837678
-8.21422 35.4617 83.2093 0.500327 -0.180731 0.846764
-8.02722 36.39 83.2921 0.506557 -0.166703 0.845937
-7.89063 37.2545 83.3788 0.506385 -0.160943 0.84715
-7.79216 37.9979 83.459 0.506598 -0.15394 0.848313
-7.62037 39.0564 83.5393 0.508912 -0.143472 0.848778
-7.4751 40.0496 83.6129 0.506963 -0.135329 0.851278
-7.36549 40.8371 83.6633 0.505232 -0.121576 0.854377
-7.27214 41.8289 83.7439 0.504718 -0.111142 0.8561
-7.71206 42.2404 84.0622 0.511843 -0.114115 0.851466
-8.37542 42.3493 84.4789 0.51988 -0.109626 0.847147
-9.35339 42.4764 85.098 0.528026 -0.104061 0.842828
-10.3148 42.5755 85.7153 0.531624 -0.103993 0.840572
-11.0907 42.6437 86.219 0.540051 -0.100879 0.835563
-11.7289 42.6705 86.6337 0.539398 -0.0997638 0.83612
-12.3972 42.6872 87.0703 0.546842 -0.103136 0.830859
-13.096 42.6939 87.531 0.544961 -0.0957852 0.832935
-13.777 42.7687 87.9917 0.553232 -0.0927306 0.82785
-14.473 42.8757 88.4721 0.563019 -0.0948541 0.820982
-15.1901 42.9575 88.9708 0.565447 -0.0871544 0.820137
-15.8246 42.9626 89.4155 0.569167 -0.0931995 0.816898
-15.7157 41.9366 89.2155 0.566722 -0.0988179 0.817961
-15.2103 41.3765 88.7936 0.568047 -0.106881 0.816026
-14.6183 40.635 88.2834 0.557543 -0.122763 0.821021
-14.0393 39.866 87.777 0.555534 -0.12818 0.821523
-13.6053 39.3548 87.3997 0.548771 -0.133051 0.825317
-13.0514 38.7126 86.9215 0.552435 -0.143989 0.821025
-12.4242 38.0744 86.3891 0.547719 -0.152114 0.822718
-11.8167 37.4515 85.8729 0.542843 -0.158659 0.824712
-11.602 37.2355 85.6901 0.537662 -0.158412 0.828122
-12.2803 36.3077 85.9491 0.544552 -0.17256 0.820784
-12.8985 36.9589 86.4915 0.550331 -0.163356 0.818811
-13.4836 37.5415 86.9981 0.549338 -0.151078 0.821829
-13.9959 38.1013 87.4484 0.560642 -0.14742 0.81483
-14.4555 38.5902 87.8537 0.560858 -0.139461 0.816035
-14.9068 39.134 88.2508 0.566484 -0.134327 0.813051
-15.3896 39.7295 88.6856 0.566523 -0.125789 0.814343
-15.9624 40.4597 89.1863 0.573917 -0.114062 0.810852
-16.4351 41.0966 89.6182 0.581161 -0.109631 0.806359
-16.9499 41.8035 90.0803 0.580722 -0.100036 0.807905
-17.3767 42.4355 90.4621 0.58815 -0.0915388 0.803526
-17.7269 43.1156 90.7977 0.595681 -0.0826546 0.798919
-17.5835 44.2662 90.8053 0.589121 -0.0729065 0.804718
-16.9502 44.206 90.3367 0.580831 -0.0784461 0.810226
-16.3247 44.1594 89.8865 0.578288 -0.0808866 0.811813
-15.6117 44.1541 89.3886 0.567037 -0.0782697 0.819965
-14.6072 44.1085 88.6948 0.561592 -0.0832871 0.823212
-13.5561 43.9885 87.9756 0.551307 -0.0822623 0.830237
-12.8229 43.9169 87.483 0.544649 -0.0858786 0.83425
-12.0144 43.868 86.9482 0.546221 -0.0833293 0.833486
-11.1643 43.8385 86.4005 0.538571 -0.0867348 0.838087
-10.4697 43.7713 85.9509 0.532014 -0.0935799 0.841549
-9.4603 43.6608 85.306 0.524322 -0.0982381 0.845834
-8.78449 43.5998 84.8796 0.518636 -0.0881525 0.850435
-7.72776 43.466 84.2195 0.514433 -0.101938 0.851437
-6.89424 43.3885 83.7129 0.509538 -0.101106 0.854488
-6.22492 43.3451 83.3137 0.498963 -0.101356 0.860676
-5.98057 42.4823 83.0711 0.495546 -0.105843 0.862086
-6.19173 41.6419 83.0852 0.501683 -0.109637 0.858075
-6.35296 40.8518 83.0716 0.499315 -0.122634 0.85769
-6.47711 40.0482 83.0251 0.496545 -0.135241 0.85741
-6.6006 39.1155 82.9482 0.498083 -0.141223 0.855551
-6.73284 38.3617 82.8997 0.497524 -0.148863 0.854555
-6.83926 37.5206 82.8086 0.497905 -0.155491 0.853178
-6.99272 36.4573 82.6935 0.494708 -0.167967 0.852664
-7.11776 35.4368 82.5588 0.490313 -0.185438 0.85159
-7.349 34.3839 82.4619 0.488978 -0.194704 0.850251
-7.62533 33.64 82.4431 0.491731 -0.201912 0.846997
-8.48929 33.578 82.9362 0.496362 -0.201321 0.84445
-9.10327 33.901 83.385 0.51393 -0.200502 0.834072
-9.78261 34.3003 83.8995 0.512061 -0.195183 0.836456
-10.3398 34.6454 84.3289 0.525959 -0.191549 0.82866
-10.8615 35.0156 84.7456 0.524041 -0.185479 0.831223
-11.3924 35.4464 85.1833 0.535825 -0.181006 0.824699
-12.1358 36.1602 85.8222 0.544552 -0.172561 0.820783
-12.8311 35.2283 86.0819 0.543736 -0.182881 0.819057
-12.1607 34.5528 85.4774 0.538872 -0.187989 0.821103
-11.5897 34.064 84.9873 0.536112 -0.201152 0.819831
-10.7671 33.474 84.3118 0.525289 -0.212792 0.823888
-9.8828 32.9264 83.6199 0.510659 -0.219392 0.831237
-9.21097 32.5061 83.0867 0.512364 -0.230431 0.827275
-8.43781 32.0752 82.5173 0.496935 -0.232727 0.835898
-7.69219 31.8675 82.0258 0.478879 -0.23843 0.844882
-6.9871 32.2567 81.7271 0.485038 -0.226199 0.844732
-6.51527 33.4214 81.7533 0.470807 -0.203669 0.858405
-6.29557 34.2634 81.8312 0.474305 -0.18939 0.859717
-6.14346 35.0332 81.9109 0.47263 -0.182688 0.862117
-6.0245 35.7856 82.0053 0.490738 -0.186101 0.8512
-5.91824 36.5455 82.0942 0.488534 -0.168273 0.856165
-5.82432 37.2972 82.1883 0.487519 -0.159706 0.858336
-5.75265 38.0944 82.2878 0.488234 -0.14914 0.859871
-5.65948 38.8904 82.3695 0.486718 -0.138841 0.862455
-5.43742 40.2133 82.4509 0.490288 -0.129069 0.861946
-5.30583 40.9514 82.4848 0.491853 -0.11963 0.862386
-5.06076 41.9185 82.4703 0.489264 -0.114404 0.864576
-4.78033 42.773 82.4186 0.485871 -0.099861 0.868307
-4.55394 43.5535 82.3806 0.488844 -0.0892055 0.86779
-4.65875 44.3207 82.5198 0.48584 -0.0912679 0.869269
-5.38576 44.5173 82.9522 0.498307 -0.0882991 0.86249
-6.05978 44.5635 83.3458 0.50083 -0.0843151 0.861429
-6.78605 44.5846 83.7761 0.507974 -0.0870122 0.856966
-7.51487 44.6387 84.2166 0.514812 -0.0882073 0.852753
-8.18766 44.7188 84.6316 0.518635 -0.0881525 0.850436
-9.15514 44.8123 85.2342 0.523838 -0.0878335 0.847267
-9.97249 44.9002 85.7511 0.525728 -0.0847575 0.846419
-11.0064 45.0112 86.4143 0.534761 -0.0756294 0.841585
-11.7046 45.0672 86.8604 0.53883 -0.0705736 0.839425
-12.436 45.1205 87.341 0.543036 -0.0740251 0.83644
-13.3504 45.1983 87.9517 0.555002 -0.0753403 0.82843
-14.0103 45.2624 88.3955 0.555627 -0.067931 0.828637
-14.656 45.3271 88.8384 0.558333 -0.0701469 0.826641
-15.2967 45.3503 89.2775 0.568436 -0.0714223 0.819618
-16.2329 45.3512 89.925 0.567369 -0.0698103 0.820499
-17.0461 45.4375 90.5113 0.586785 -0.0681076 0.806873
-17.8107 45.5073 91.0687 0.587545 -0.0575955 0.807117
-18.7658 45.3826 91.7692 0.599645 -0.0583527 0.798136
-19.0848 44.809 91.9644 0.59829 -0.0618735 0.798888
-19.0502 44.0421 91.8753 0.602765 -0.0737244 0.794482
-18.8584 43.1361 91.6472 0.606399 -0.0777174 0.791322
-18.5604 42.381 91.3389 0.605007 -0.0841775 0.791758
-18.1047 41.541 90.8956 0.595967 -0.0994735 0.796803
-17.5754 40.7524 90.4019 0.592272 -0.10549 0.798801
-17.15 40.165 90.0038 0.588252 -0.119371 0.799759
-16.6262 39.4404 89.5201 0.58052 -0.118225 0.805617
-16.1459 38.8077 89.0644 0.577969 -0.133189 0.805046
-15.715 38.3214 88.6833 0.569599 -0.131189 0.811385
-15.2876 37.7944 88.2863 0.570001 -0.145309 0.808666
-14.788 37.2747 87.8418 0.567446 -0.156158 0.808467
-14.2739 36.7369 87.3827 0.562188 -0.165845 0.81021
-13.6029 36.0457 86.783 0.552405 -0.171153 0.81577
-13.0208 35.4279 86.2499 0.548192 -0.177788 0.817201
-13.7847 34.5641 86.5733 0.556692 -0.196972 0.807029
-14.295 35.1146 87.0495 0.564873 -0.184345 0.804323
-15.0327 35.8897 87.7339 0.566058 -0.169288 0.806768
-15.5342 36.3933 88.1979 0.570133 -0.162566 0.80526
-16.0029 36.908 88.6287 0.572168 -0.156229 0.805119
-16.5081 37.4831 89.1026 0.587615 -0.151503 0.794813
-16.9712 37.9592 89.5276 0.588052 -0.13304 0.797806
-17.4286 38.62 89.9749 0.594466 -0.134927 0.792675
-17.8234 39.2044 90.3637 0.596623 -0.119665 0.79355
-18.216 39.766 90.7435 0.601898 -0.121732 0.789208
-18.8637 40.7304 91.37 0.609549 -0.107628 0.785386
-19.2429 41.3866 91.7461 0.613614 -0.0926812 0.784148
-19.5558 42.0369 92.0687 0.616628 -0.0863723 0.782463
-19.8687 42.9441 92.407 0.616514 -0.0768666 0.783578
-20.0299 43.7999 92.6133 0.617499 -0.0701164 0.783441
-20.1038 44.8851 92.756 0.614135 -0.0602129 0.786899
-20.0658 45.6463 92.7814 0.612776 -0.0419761 0.789141
-19.7004 46.7015 92.5554 0.612195 -0.0444998 0.789454
-18.8051 46.7603 91.8817 0.596359 -0.0403225 0.801697
-18.0871 46.7162 91.3436 0.590749 -0.0374029 0.80594
-16.9613 46.6342 90.5261 0.58316 -0.0437775 0.811165
-16.2051 46.5598 89.988 0.567021 -0.0420278 0.82263
-15.4131 46.5977 89.4426 0.566283 -0.0527308 0.822502
-14.5887 46.5147 88.8757 0.559017 -0.0535119 0.827418
-13.9239 46.4461 88.427 0.553988 -0.0534734 0.830805
-13.1756 46.3798 87.9232 0.554554 -0.0540568 0.83039
-12.5062 46.3253 87.4812 0.543161 -0.0581581 0.837608
-11.5618 46.2544 86.867 0.540482 -0.0578079 0.839366
-10.8348 46.1951 86.4019 0.534176 -0.0677501 0.842654
-9.97132 46.1176 85.8541 0.527388 -0.0684104 0.846866
-9.06525 46.008 85.2834 0.521343 -0.0719866 0.850306
-8.13822 45.8993 84.7059 0.520324 -0.062107 0.851707
-7.24154 45.8087 84.1561 0.511941 -0.0718079 0.856014
-6.48485 45.7644 83.7014 0.505347 -0.0718231 0.859911
-5.70212 45.7348 83.2428 0.501436 -0.0735171 0.862065
-4.94156 45.6914 82.8028 0.494018 -0.0763995 0.866088
-4.07907 45.5314 82.3042 0.483842 -0.0740291 0.872019
-3.14431 45.217 81.7657 0.474996 -0.0720804 0.877031
-3.16155 44.3405 81.6975 0.47779 -0.0793361 0.874884
-3.4599 43.3709 81.7582 0.472436 -0.0928707 0.876456
-3.87124 42.2257 81.8484 0.472327 -0.101509 0.875558
-4.14094 41.4256 81.8932 0.478382 -0.112503 0.870915
-4.32853 40.677 81.8995 0.477204 -0.121941 0.870239
-4.49255 39.5412 81.8185 0.477797 -0.130767 0.868683
-4.66294 38.6247 81.7676 0.472286 -0.146287 0.869222
-4.74606 37.7995 81.6739 0.473552 -0.148444 0.868162
-4.82832 36.9994 81.5748 0.470081 -0.164063 0.867241
-4.93533 36.1388 81.4713 0.477325 -0.167916 0.862505
-5.11779 35.0205 81.346 0.475566 -0.178617 0.86134
-5.22711 34.1739 81.2175 0.475989 -0.196097 0.85731
-5.41521 33.4039 81.1458 0.473398 -0.199883 0.857858
-5.65578 32.5985 81.0752 0.473933 -0.220772 0.852436
-5.94723 31.8109 81.0339 0.456999 -0.226 0.860165
-6.40619 31.0728 81.0791 0.463266 -0.235499 0.854356
-7.06084 30.6614 81.3247 0.477481 -0.244861 0.843817
-7.80867 30.6046 81.7287 0.474868 -0.249433 0.843969
-8.63385 30.8107 82.2674 0.484647 -0.243853 0.839993
-9.24416 31.0701 82.7048 0.495012 -0.248928 0.832465
-9.78653 31.4251 83.1351 0.507316 -0.252795 0.823807
-10.6852 31.9779 83.8522 0.511987 -0.230798 0.827407
-11.3659 32.4191 84.4168 0.524461 -0.226821 0.820583
-11.894 32.7875 84.8552 0.536288 -0.220301 0.814778
-12.5184 33.2774 85.3946 0.539691 -0.207241 0.815913
-13.1552 33.8906 85.9814 0.544358 -0.201422 0.81427
-13.5344 34.2921 86.3342 0.556687 -0.196972 0.807032
-14.207 33.3183 86.5561 0.556622 -0.20773 0.804333
-14.84 34.0129 87.1733 0.568739 -0.20301 0.797072
-15.3692 34.5841 87.6811 0.564035 -0.18554 0.804636
-15.8139 35.0551 88.1159 0.576235 -0.178432 0.797482
-16.2678 35.51 88.5372 0.585706 -0.17235 0.791987
-16.8059 36.0546 89.0536 0.584878 -0.160731 0.794945
-17.3976 36.6116 89.5974 0.591185 -0.153887 0.791719
-17.8326 37.1266 90.023 0.604216 -0.147542 0.783031
-18.1775 37.7138 90.3889 0.600882 -0.136811 0.787542
-18.6327 38.4552 90.8592 0.601901 -0.121726 0.789207
-19.2025 39.2497 91.4253 0.61167 -0.120359 0.781877
-19.6884 40.001 91.9158 0.619242 -0.104038 0.778278
-20.0388 40.6633 92.2832 0.624779 -0.105214 0.773646
-20.472 41.5316 92.7336 0.629017 -0.0866489 0.772548
-20.7472 42.343 93.0471 0.629929 -0.0768608 0.772831
-20.9523 43.2597 93.3019 0.631225 -0.0734731 0.772112
-21.0611 44.138 93.467 0.629466 -0.0624736 0.774495
-21.0791 44.9529 93.5427 0.631284 -0.0578582 0.773391
-21.023 45.7713 93.551 0.629846 -0.0460664 0.775335
-20.9492 46.5239 93.531 0.631875 -0.0414549 0.773961
-20.8368 47.274 93.4724 0.627806 -0.0255897 0.777946
-20.366 47.933 93.1164 0.623261 -0.026066 0.781579
-19.6272 48.0417 92.5479 0.605745 -0.0261129 0.79523
-18.8287 48.0038 91.9435 0.593339 -0.0209496 0.80468
-18.0091 47.9219 91.3377 0.587279 -0.0211392 0.809087
-17.1695 47.857 90.73 0.580724 -0.0307488 0.813489
-16.3834 47.7543 90.1734 0.576775 -0.0253629 0.816491
-15.6329 47.7626 89.6553 0.565174 -0.0294651 0.824445
-14.7706 47.7825 89.0696 0.558815 -0.0376267 0.82841
-14.1552 47.706 88.6478 0.556727 -0.041785 0.829624
-12.9096 47.5496 87.8202 0.545933 -0.043122 0.836717
-12.2318 47.5002 87.3768 0.536651 -0.044252 0.842585
-11.4581 47.4662 86.885 0.538302 -0.054952 0.840949
-10.6559 47.4137 86.3727 0.533083 -0.0549985 0.844274
-9.65701 47.3042 85.7394 0.525843 -0.0559668 0.848738
-8.89988 47.196 85.2653 0.522558 -0.0551572 0.850818
-7.92545 47.0727 84.6615 0.518655 -0.0537878 0.853247
-7.10001 47.0016 84.1556 0.509576 -0.0592023 0.858385
-6.4425 46.9568 83.7633 0.508462 -0.0600035 0.858991
-5.57422 46.9396 83.2559 0.496142 -0.0600677 0.866161
-4.53799 46.8669 82.6605 0.491102 -0.0629658 0.868824
-3.86326 46.7276 82.272 0.482666 -0.0595895 0.873774
-3.18716 46.6084 81.8913 0.481746 -0.0601576 0.874244
-2.33451 46.5212 81.4225 0.467825 -0.0591484 0.881835
-1.52989 46.4721 80.9906 0.469488 -0.0568441 0.881107
-1.55573 45.4393 80.9318 0.462464 -0.0703977 0.883802
-2.01727 44.2717 81.0799 0.463583 -0.0791006 0.882516
-2.32691 43.4168 81.1559 0.466392 -0.092619 0.879716
-2.6755 42.5099 81.2392 0.464077 -0.103376 0.879742
-3.05918 41.4052 81.3044 0.459563 -0.111886 0.881069
-3.28693 40.6621 81.3288 0.46084 -0.115437 0.879935
-3.47092 39.657 81.2782 0.454784 -0.129361 0.881157
-3.62963 38.6573 81.2133 0.456905 -0.134413 0.879282
-3.72985 37.4002 81.0542 0.45704 -0.148062 0.877036
-3.81827 36.6212 80.961 0.455469 -0.163846 0.875044
-3.90283 35.865 80.8635 0.454367 -0.162665 0.875835
-4.04643 34.9355 80.7553 0.461001 -0.172539 0.870464
-4.22448 33.7393 80.5872 0.457149 -0.1946 0.867839
-4.39343 33.0088 80.5056 0.456855 -0.213458 0.863551
-4.75421 31.8722 80.4162 0.457005 -0.226004 0.860161
-5.09426 31.0478 80.3668 0.453372 -0.236414 0.859384
-5.46508 30.3778 80.3739 0.448575 -0.253333 0.857074
-6.12189 29.7965 80.551 0.456869 -0.254582 0.852306
-6.99967 29.4058 80.9098 0.462082 -0.256801 0.848842
-7.78576 29.3901 81.3377 0.477909 -0.264713 0.837573
-8.77143 29.5354 81.9472 0.478585 -0.264104 0.83738
-9.62918 29.8715 82.5589 0.49278 -0.263416 0.829321
-10.4839 30.4092 83.253 0.502817 -0.25669 0.825352
-11.09 30.7803 83.749 0.513898 -0.256102 0.818731
-11.6907 31.1691 84.2607 0.526041 -0.250981 0.81248
-12.2426 31.5508 84.7301 0.537435 -0.244608 0.807051
-12.9159 32.0587 85.3259 0.540908 -0.225641 0.8102
-13.5065 32.5792 85.8752 0.545967 -0.220078 0.808339
-14.1137 33.2154 86.4634 0.558827 -0.21494 0.800945
-14.857 32.2956 86.7299 0.572614 -0.222214 0.789135
-14.3686 31.7686 86.2393 0.559492 -0.233532 0.795256
-13.6989 31.1486 85.5873 0.547865 -0.247536 0.799106
-13.1559 30.7209 85.0887 0.539788 -0.255254 0.802064
-12.6129 30.3017 84.5822 0.529278 -0.261257 0.807223
-12.0022 29.9001 84.0518 0.530178 -0.273003 0.802634
-11.4478 29.5398 83.5726 0.51466 -0.27491 0.812124
-10.8985 29.1654 83.1013 0.503002 -0.274759 0.819409
-10.1477 28.7349 82.4881 0.496065 -0.279646 0.82195
-9.40023 28.4067 81.9353 0.489032 -0.280734 0.825855
-8.4333 28.1969 81.3085 0.472196 -0.279226 0.8361
-7.39607 28.178 80.7262 0.456038 -0.280611 0.844563
-6.62716 28.2897 80.3485 0.45116 -0.287263 0.844947
-5.7963 28.6522 80.0237 0.446106 -0.26784 0.853944
-5.13176 29.1277 79.8273 0.438857 -0.266404 0.858146
-4.5158 29.8265 79.7217 0.438728 -0.249595 0.863261
-4.0058 30.8054 79.7412 0.430274 -0.235515 0.871434
-3.68463 31.5492 79.7811 0.438085 -0.226342 0.869972
-3.4011 32.4318 79.8603 0.436363 -0.207701 0.87547
-3.20668 33.2891 79.9657 0.440712 -0.208058 0.873204
-3.09954 34.0955 80.0911 0.442908 -0.188206 0.87659
-2.99592 34.8347 80.1963 0.440217 -0.171032 0.881452
-2.88406 35.5817 80.2854 0.441737 -0.169295 0.881023
-2.78576 36.437 80.3966 0.441528 -0.164562 0.882027
-2.70457 37.2294 80.493 0.445911 -0.149552 0.882495
-2.54404 38.5415 80.627 0.459027 -0.139463 0.877408
-2.4891 39.3187 80.7218 0.456906 -0.134412 0.879282
-2.29954 40.3008 80.7607 0.462124 -0.118984 0.878797
-2.07685 41.0392 80.7435 0.453029 -0.119097 0.883446
-1.79355 41.8631 80.7008 0.450039 -0.104353 0.886891
-1.33163 42.9605 80.5915 0.45335 -0.0926266 0.886482
-1.03318 43.7642 80.5174 0.45262 -0.0861633 0.887531
-0.65324 44.7747 80.4173 0.450859 -0.0679725 0.890003
-0.189193 45.7357 80.2556 0.443922 -0.071496 0.893169
0.306858 46.4483 80.0602 0.43574 -0.0512947 0.89861
0.690257 47.2785 79.9171 0.440725 -0.0329969 0.897035
0.0222868 47.4656 80.2522 0.443863 -0.0355535 0.895379
-0.927777 47.6189 80.7382 0.451791 -0.0343554 0.891462
-1.59111 47.6924 81.0878 0.464233 -0.0405818 0.884783
-2.28825 47.7379 81.4581 0.473668 -0.0413309 0.879695
-2.94644 47.7954 81.8219 0.480258 -0.0445731 0.875994
-3.60534 47.9017 82.1908 0.487421 -0.0431719 0.872091
-4.27981 48.0522 82.5785 0.490324 -0.0448341 0.870386
-5.0859 48.1671 83.0415 0.500274 -0.0457507 0.864657
-6.18917 48.1557 83.6793 0.500283 -0.0457618 0.864652
-6.84853 48.1961 84.0704 0.512885 -0.0436097 0.857334
-7.60623 48.2711 84.5324 0.516706 -0.0457776 0.854938
-8.29679 48.3325 84.9531 0.522458 -0.0458019 0.85141
-8.96631 48.4131 85.3714 0.524951 -0.0421302 0.850089
-9.80429 48.5443 85.8954 0.524326 -0.0426878 0.850447
-10.527 48.6698 86.3527 0.529658 -0.0352895 0.847477
-11.1699 48.7137 86.7564 0.534159 -0.0352531 0.844632
-11.9061 48.6715 87.2257 0.535273 -0.0288624 0.844152
-12.6429 48.6984 87.6962 0.545387 -0.0237648 0.837846
-13.5116 48.8565 88.2677 0.546593 -0.0225046 0.837096
-14.1465 48.9609 88.6876 0.559758 -0.020843 0.828394
-14.9817 49.0092 89.2532 0.557486 -0.0175876 0.829989
-15.6711 48.9873 89.7217 0.56431 -0.0192457 0.825309
-16.4426 48.9562 90.2454 0.570343 -0.0230138 0.821019
-17.2289 49.0268 90.807 0.580635 -0.0218765 0.81387
-17.8772 49.1207 91.2707 0.58781 -0.00724498 0.808964
-18.5966 49.2141 91.7958 0.589013 -0.00593698 0.808102
-19.7366 49.2933 92.6525 0.607798 -0.00730379 0.794042
-20.3485 49.2562 93.1254 0.624336 -0.00325962 0.781149
-21.0066 49.0839 93.6507 0.627733 -0.00572767 0.778392
-21.4577 48.6024 94.013 0.637272 -0.0216073 0.770336
-21.7313 47.7312 94.2179 0.642634 -0.0249056 0.765725
-21.8978 46.5168 94.3055 0.645049 -0.0313375 0.763492
-22.0199 45.5585 94.3542 0.646019 -0.0474974 0.761842
-22.0646 44.713 94.3393 0.643759 -0.0540618 0.763284
-22.0289 43.9181 94.2453 0.643728 -0.0643757 0.762541
-21.8998 43.0219 94.0607 0.642116 -0.0683068 0.763546
-21.7508 42.2845 93.8623 0.644085 -0.0800811 0.760751
-21.5111 41.5015 93.5823 0.635701 -0.0820207 0.767565
-21.274 40.8161 93.3087 0.637114 -0.0954741 0.764834
-20.9473 40.0816 92.9474 0.628313 -0.100683 0.771391
-20.4365 39.1237 92.3964 0.632857 -0.111306 0.766195
-20.0641 38.5786 92.0117 0.624181 -0.115851 0.772643
-19.6088 37.9006 91.5383 0.614048 -0.127412 0.778917
-19.0789 37.0283 90.968 0.61891 -0.136131 0.773576
-18.6157 36.3038 90.4755 0.606152 -0.152499 0.780581
-18.1805 35.7732 90.033 0.599229 -0.153955 0.785635
-17.5777 35.1394 89.4343 0.60453 -0.170868 0.778041
-17.0956 34.6891 88.9768 0.590994 -0.166721 0.789259
-16.4884 34.0875 88.3793 0.581054 -0.185775 0.792379
-16.0477 33.6087 87.9438 0.583838 -0.198007 0.787237
-15.6099 33.1257 87.494 0.566551 -0.20654 0.797723
-14.9757 32.4252 86.8525 0.572613 -0.222211 0.789137
-15.7846 31.5309 87.1784 0.56666 -0.237766 0.788901
-16.2429 32.0607 87.6745 0.588223 -0.221538 0.777649
-16.7046 32.572 88.1582 0.587595 -0.208898 0.781725
-17.1118 33.0631 88.5965 0.603599 -0.210045 0.76912
-17.6736 33.6112 89.162 0.600975 -0.184783 0.777614
-18.1932 34.0925 89.6871 0.611344 -0.177681 0.77105
-18.7016 34.6575 90.2074 0.612816 -0.167279 0.772302
-19.3304 35.412 90.8655 0.618152 -0.151568 0.77129
-19.7651 36.0002 91.3349 0.620053 -0.145241 0.770947
-20.1991 36.8028 91.8334 0.63068 -0.139204 0.763456
-20.6033 37.4889 92.2781 0.633126 -0.128455 0.763266
-20.9864 38.0219 92.6841 0.635816 -0.115735 0.763114
-21.4191 38.6703 93.1457 0.644348 -0.110154 0.756712
-21.8458 39.5185 93.622 0.645715 -0.103144 0.756575
-22.1267 40.2353 93.9527 0.649147 -0.0935652 0.754886
-22.3548 40.902 94.2311 0.649655 -0.0849999 0.755417
-22.6267 41.8054 94.557 0.650925 -0.0772807 0.755197
-22.8483 42.8912 94.8518 0.653729 -0.0683042 0.753639
-22.9623 43.6478 95.0169 0.653229 -0.0605445 0.75472
-23.0293 44.4525 95.1347 0.654672 -0.0558646 0.753846
-23.0005 45.2733 95.1692 0.656008 -0.0439618 0.753472
-22.9275 46.0607 95.1511 0.650221 -0.0439249 0.758432
-22.8147 46.8768 95.098 0.650086 -0.0321298 0.759166
-22.725 47.6533 95.0561 0.653724 -0.0261847 0.756233
-22.5064 48.6832 94.8953 0.649031 -0.0154982 0.760582
-22.0971 49.7386 94.5607 0.648035 -0.0101635 0.761542
-21.5477 50.258 94.0958 0.636262 0.00948494 0.771363
-20.9638 50.4092 93.6193 0.630111 0.0135587 0.776387
-20.2881 50.486 93.0803 0.614408 0.0113042 0.788907
-19.6796 50.5034 92.6084 0.602702 0.00460848 0.797953
-18.7147 50.4457 91.8855 0.597091 0.00834429 0.80213
-17.8523 50.3066 91.2602 0.585197 0.00438529 0.810879
-17.184 50.2141 90.7824 0.580088 0.00189709 0.814552
-16.3471 50.17 90.1966 0.566625 -0.00388402 0.823966
-15.3403 50.1757 89.5128 0.56402 -0.0071856 0.825705
-14.553 50.2107 88.9847 0.557282 -0.00709534 0.830293
-13.881 50.1578 88.5417 0.54812 -0.0122882 0.836302
-13.2625 50.0392 88.1321 0.545037 -0.0157348 0.838242
-12.6356 49.9248 87.7275 0.539953 -0.0165738 0.841532
-11.7249 49.8941 87.1443 0.530875 -0.0237305 0.847116
-10.9923 49.934 86.6865 0.534276 -0.0250324 0.84494
-10.1995 49.8544 86.1835 0.530275 -0.0251934 0.847442
-9.53486 49.7045 85.7663 0.527172 -0.0264055 0.849348
-8.78284 49.5983 85.297 0.524056 -0.0271456 0.851246
-8.08688 49.5324 84.8689 0.521812 -0.0286137 0.85258
-7.42209 49.4904 84.4676 0.513819 -0.0251439 0.85753
-6.53477 49.4017 83.9323 0.509757 -0.0233859 0.859977
-5.83872 49.3813 83.525 0.505384 -0.0254356 0.86252
-5.05697 49.4075 83.0677 0.499896 -0.0268409 0.865645
-4.37637 49.3854 82.6798 0.49428 -0.0282794 0.868843
-3.67692 49.1677 82.2786 0.489201 -0.0281789 0.871716
-2.73015 48.9953 81.7472 0.480304 -0.0234809 0.876788
-1.74485 48.9305 81.2118 0.468986 -0.0247359 0.882834
-0.992168 48.857 80.8158 0.460385 -0.0238378 0.887387
-0.273499 48.757 80.4463 0.447806 -0.0194653 0.893919
0.405995 48.6694 80.104 0.443871 -0.0216984 0.895815
1.3601 48.5171 79.6411 0.430286 -0.0168661 0.902535
2.20905 48.3208 79.2424 0.410366 -0.0255947 0.9115
2.93913 48.061 78.902 0.399643 -0.0366501 0.915843
3.11932 47.7331 78.813 0.387543 -0.0372236 0.9211
2.39076 47.0564 79.1133 0.417059 -0.0484806 0.907429
1.76052 46.4729 79.3626 0.420341 -0.0626908 0.905193
1.16539 45.7478 79.592 0.431373 -0.0604894 0.900083
0.691562 45.0594 79.7697 0.43698 -0.0750058 0.896338
0.349165 44.331 79.8756 0.44392 -0.0714889 0.893171
0.0850933 43.5913 79.9378 0.445004 -0.0859833 0.891391
-0.200201 42.8401 80.0065 0.4416 -0.0970241 0.891951
-0.527627 42.0959 80.0886 0.44458 -0.0962236 0.890556
-0.881851 41.2668 80.1681 0.440533 -0.107047 0.891332
-1.15739 40.4222 80.2011 0.443074 -0.118015 0.888682
-1.38279 39.4337 80.1833 0.442206 -0.116822 0.889273
-1.45691 38.4715 80.0749 0.436396 -0.132692 0.88991
-1.60256 37.518 79.9956 0.438577 -0.147596 0.886466
-1.72952 36.5182 79.8882 0.428455 -0.154051 0.890318
-1.84956 35.3668 79.7344 0.42408 -0.165449 0.890384
-1.94925 34.4947 79.6109 0.421547 -0.182666 0.888218
-2.12319 33.1883 79.415 0.425243 -0.195922 0.883619
-2.4201 31.9095 79.2537 0.418971 -0.218656 0.881262
-2.72972 31.0047 79.1707 0.417471 -0.227586 0.879714
-3.12304 30.1821 79.1314 0.419867 -0.244953 0.873855
-3.5629 29.3301 79.1066 0.423409 -0.256482 0.868836
-4.24474 28.4848 79.1834 0.426033 -0.262515 0.865784
-4.8639 27.9408 79.317 0.425997 -0.282493 0.859453
-5.69632 27.4092 79.5631 0.434874 -0.284396 0.854397
-6.64308 27.0925 79.9438 0.439805 -0.304904 0.844752
-7.36228 27.0133 80.2957 0.448523 -0.304584 0.840268
-8.14368 26.9694 80.7076 0.465234 -0.30223 0.831995
-8.93577 27.0271 81.1709 0.464039 -0.303711 0.832122
-9.87804 27.2477 81.7958 0.483402 -0.305521 0.820353
-10.4426 27.5125 82.2241 0.491347 -0.302409 0.816693
-11.1027 27.8521 82.7593 0.499243 -0.297343 0.813817
-11.6438 28.16 83.2083 0.518338 -0.296251 0.802223
-12.1879 28.5257 83.695 0.515741 -0.286353 0.807392
-12.8106 28.9129 84.2375 0.535498 -0.281787 0.796119
-13.5719 29.4867 84.9631 0.547334 -0.272986 0.791059
-14.1006 29.9443 85.4797 0.552082 -0.265183 0.790496
-14.678 30.4169 86.0415 0.5524 -0.254357 0.793744
-15.3329 31.052 86.7091 0.569093 -0.240939 0.786181
-15.4123 31.1332 86.791 0.566658 -0.23777 0.788901
-16.1078 30.1551 86.9938 0.582055 -0.252199 0.77305
-15.6666 29.7248 86.524 0.565499 -0.261436 0.782216
-14.9952 29.1669 85.8564 0.562167 -0.271617 0.781024
-14.498 28.7373 85.3412 0.553363 -0.279406 0.784679
-14.0214 28.2751 84.8405 0.553229 -0.289855 0.780896
-13.1732 27.7056 84.0363 0.535447 -0.306783 0.78688
-12.2742 27.0439 83.1881 0.512442 -0.313691 0.799344
-11.2586 26.5297 82.3486 0.492346 -0.316237 0.810919
-10.7096 26.2564 81.9047 0.481247 -0.320408 0.815929
-10.0925 26.0136 81.4469 0.476093 -0.321578 0.818487
-9.3238 25.8691 80.9479 0.463516 -0.321403 0.825744
-8.6635 25.7778 80.5399 0.458498 -0.329156 0.825446
-7.95495 25.7898 80.1542 0.459604 -0.318659 0.828987
-7.26965 25.8204 79.801 0.439537 -0.321458 0.838732
-6.58382 25.8847 79.4741 0.426765 -0.31655 0.847153
-5.72593 26.1357 79.1358 0.422831 -0.312359 0.850648
-4.93823 26.5207 78.882 0.419735 -0.291821 0.859455
-4.32452 26.9652 78.7325 0.420601 -0.291298 0.859209
-3.45263 27.7346 78.5656 0.407321 -0.266641 0.873494
-2.90587 28.3966 78.5124 0.4071 -0.263387 0.874579
-2.4555 29.1395 78.5237 0.407938 -0.25919 0.875447
-2.07856 29.8289 78.543 0.405459 -0.245573 0.880492
-1.66471 30.6356 78.5728 0.400496 -0.23035 0.886872
-1.36249 31.6812 78.703 0.404418 -0.217355 0.888353
-1.1751 32.4963 78.8125 0.405939 -0.207538 0.890005
-0.933077 33.6823 78.9648 0.406381 -0.193595 0.892959
-0.869299 34.4816 79.1006 0.407643 -0.173083 0.896588
-0.724084 35.5769 79.242 0.413423 -0.160399 0.89629
-0.659958 36.629 79.3958 0.415461 -0.15294 0.89665
-0.551566 37.4819 79.4835 0.416144 -0.143502 0.897904
-0.415903 38.5105 79.5771 0.423028 -0.132235 0.896416
-0.236335 39.6557 79.6501 0.431012 -0.117695 0.894635
0.075496 40.7595 79.6388 0.436826 -0.102746 0.893659
0.353499 41.555 79.5965 0.433246 -0.0988628 0.895818
0.707573 42.3329 79.5059 0.435119 -0.0920545 0.895653
1.06354 43.1048 79.4088 0.436889 -0.0869496 0.895303
1.36761 43.9534 79.3431 0.436944 -0.0874364 0.895229
1.762 44.7177 79.2213 0.431363 -0.0782096 0.89876
2.25708 45.289 79.0387 0.424733 -0.0813828 0.901649
2.98457 45.98 78.7739 0.400005 -0.075003 0.913173
3.57304 46.506 78.5502 0.396502 -0.0586017 0.916162
4.11116 47.0578 78.3586 0.37972 -0.0556866 0.923376
4.75164 47.7926 78.1413 0.3666 -0.0501228 0.928988
5.33601 48.2421 77.934 0.350278 -0.0540307 0.935086
6.22829 48.4725 77.6283 0.327018 -0.04565 0.943907
5.34464 49.1671 77.9757 0.344628 -0.04031 0.937874
4.34561 49.4163 78.3643 0.368651 -0.0170228 0.929262
3.43499 49.4195 78.7252 0.376548 -0.00263968 0.926349
2.41998 49.5282 79.1661 0.407529 -0.000887793 0.913133
1.70971 49.7238 79.4971 0.422851 -0.00239247 0.906196
0.870664 49.8506 79.8995 0.44161 -0.00331187 0.897201
-0.167896 49.9683 80.4162 0.453666 -0.00824203 0.89112
-0.902231 50.0885 80.795 0.457656 -0.00607666 0.889108
-1.64044 50.1763 81.1809 0.469473 -0.00774803 0.882882
-2.34889 50.1757 81.5635 0.475201 -0.0043688 0.879866
-3.05903 50.2263 81.9539 0.491865 -0.00635634 0.870648
-3.76126 50.4153 82.3513 0.491313 -0.0156134 0.870828
-4.43633 50.5889 82.7358 0.494421 -0.00829604 0.86918
-5.29545 50.5892 83.2308 0.505715 -0.0102968 0.862621
-6.4735 50.6728 83.931 0.507369 -0.0161347 0.86154
-7.46002 50.7439 84.5209 0.512627 -0.0145619 0.858488
-8.67414 50.7993 85.2591 0.521536 -0.0142564 0.85311
-9.81773 51.0133 85.9686 0.52913 -0.0122264 0.848453
-10.6039 51.1773 86.4619 0.532778 -0.0111188 0.846172
-11.3095 51.1505 86.9052 0.530792 -0.00428491 0.847491
-12.1311 51.0596 87.4172 0.530661 -0.00803959 0.847546
-12.831 51.1235 87.8683 0.543225 -0.00413796 0.839577
-13.5618 51.3133 88.3414 0.547965 -0.000348546 0.836501
-14.5681 51.4232 88.9988 0.550066 0.0048583 0.835085
-15.3103 51.3634 89.4943 0.553893 0.00290639 0.832573
-16.1035 51.3577 90.0277 0.558753 0.00566095 0.829315
-16.9858 51.4179 90.6347 0.570478 0.0121773 0.821202
-17.8798 51.528 91.2663 0.579501 0.0159836 0.814814
-18.5835 51.6484 91.7746 0.587609 0.0191852 0.808917
-19.3701 51.7234 92.3512 0.594131 0.0167779 0.804194
-20.1048 51.6968 92.9113 0.615589 0.0215105 0.787773
-20.7261 51.6544 93.4015 0.623145 0.0261051 0.781665
-21.344 51.6119 93.9029 0.636805 0.0255086 0.770562
-22.163 51.469 94.595 0.649673 0.0241061 0.759753
-22.6935 50.959 95.0673 0.66022 6.92977e-05 0.751073
-23.1045 49.9269 95.4316 0.662959 -0.00598302 0.748576
-23.3456 49.1848 95.6296 0.660455 -0.0131047 0.750748
-23.5411 48.4585 95.7827 0.661689 -0.0210751 0.749435
-23.6593 47.7159 95.8662 0.667584 -0.0325658 0.743813
-23.8086 46.4857 95.9414 0.661635 -0.0343607 0.748977
-23.9307 45.7008 96.0041 0.666657 -0.0463284 0.743924
-23.9529 44.8752 95.9717 0.659347 -0.0556419 0.749765
-23.9625 44.0958 95.924 0.661397 -0.0566259 0.747896
-23.8118 43.0847 95.7073 0.663415 -0.0631017 0.745586
-23.6707 42.0732 95.4907 0.662646 -0.0732115 0.745344
-23.5032 41.299 95.2667 0.661674 -0.0727339 0.746256
-23.2056 40.3027 94.8942 0.659218 -0.0856318 0.747061
-22.8518 39.3351 94.4652 0.657529 -0.0987266 0.746931
-22.4726 38.4726 94.0195 0.655996 -0.104682 0.747439
-22.1898 37.8572 93.681 0.654042 -0.110299 0.748373
-21.7536 37.1859 93.2008 0.652794 -0.118026 0.748244
-21.317 36.6256 92.7318 0.636666 -0.135075 0.759218
-20.959 35.9585 92.3121 0.639254 -0.137982 0.756515
-20.6516 35.3466 91.9368 0.636562 -0.149738 0.756531
-20.2795 34.7944 91.5197 0.627665 -0.155437 0.762772
-19.8846 34.3166 91.092 0.627738 -0.162635 0.761246
-19.3752 33.7056 90.5438 0.62599 -0.170196 0.760983
-18.9811 33.1814 90.0947 0.618646 -0.183522 0.763935
-18.4337 32.7203 89.5406 0.618697 -0.195336 0.760861
-17.862 32.1812 88.9443 0.603212 -0.210619 0.769267
-17.4582 31.6131 88.4667 0.601208 -0.228803 0.765626
-16.8578 30.952 87.8069 0.587574 -0.233026 0.774888
-16.4577 30.4954 87.3657 0.580295 -0.248708 0.775502
-16.2374 30.2704 87.1287 0.580797 -0.250237 0.774631
-16.9125 29.2913 87.3168 0.580184 -0.252808 0.774258
-17.5048 29.8647 87.9555 0.586788 -0.25192 0.769535
-18.0683 30.4721 88.5993 0.602734 -0.257706 0.755032
-18.5032 31.0704 89.1383 0.61785 -0.222899 0.754041
-19.0573 31.6137 89.7475 0.616199 -0.212549 0.758336
-19.6826 32.1335 90.4127 0.633059 -0.198926 0.748107
-20.0658 32.7551 90.8921 0.63819 -0.181974 0.747977
-20.6314 33.456 91.5308 0.635641 -0.165058 0.754098
-21.1601 34.078 92.1052 0.635728 -0.159098 0.75534
-21.4673 34.6917 92.493 0.647042 -0.155717 0.746235
-21.9736 35.6362 93.1247 0.655757 -0.129279 0.743821
-22.3633 36.1349 93.5551 0.65344 -0.127935 0.74608
-22.8253 36.7771 94.068 0.658039 -0.121601 0.7431
-23.2008 37.6405 94.5406 0.665991 -0.103227 0.738783
-23.5502 38.415 94.961 0.661429 -0.0981574 0.743556
-23.892 39.2263 95.3713 0.666057 -0.10052 0.739061
-24.0892 39.8992 95.6378 0.673154 -0.0793769 0.73523
-24.2979 40.5852 95.9016 0.667586 -0.0730774 0.740938
-24.5587 41.7319 96.2488 0.66938 -0.0733565 0.739285
-24.6645 42.4798 96.4115 0.666638 -0.0663568 0.742422
-24.8568 43.7736 96.7021 0.671696 -0.0619563 0.738187
-24.8796 44.5894 96.7843 0.674456 -0.044307 0.736899
-24.8936 45.5584 96.8597 0.671211 -0.0483173 0.73969
-24.7771 46.4278 96.8071 0.675604 -0.042754 0.736024
-24.6436 47.5694 96.7421 0.673102 -0.0299021 0.738945
-24.4793 48.6696 96.6336 0.672623 -0.0248029 0.739569
-24.1881 49.5381 96.3929 0.67705 -0.0170935 0.735739
-23.9242 50.474 96.1618 0.67262 -4.59572e-05 0.73998
-23.613 51.3207 95.8824 0.67153 0.00537475 0.740925
-23.319 52.1281 95.6004 0.673532 0.0131773 0.73904
-22.8327 52.694 95.1413 0.659901 0.0378937 0.750367
-22.2419 52.8085 94.622 0.655218 0.0403853 0.75436
-21.5503 52.8271 94.0279 0.628228 0.05438 0.775966
-20.7923 52.9275 93.3952 0.63685 0.0426601 0.769806
-20.1985 52.8483 92.937 0.617231 0.0464459 0.785387
-19.4551 52.9192 92.3688 0.584154 0.0507429 0.810055
-18.7589 52.907 91.8659 0.584183 0.0268861 0.811177
-18.0183 52.7364 91.337 0.585656 0.0258294 0.810148
-17.323 52.722 90.848 0.572479 0.0241721 0.819563
-16.5578 52.6439 90.3205 0.566321 0.0185808 0.823975
-15.7792 52.5567 89.7916 0.560984 0.0191253 0.827596
-15.0346 52.5981 89.2956 0.550173 0.0157573 0.834891
-14.3466 52.5948 88.8459 0.546584 0.0139373 0.837288
-13.2024 52.4646 88.1091 0.539664 0.00604665 0.841848
-12.4105 52.2773 87.5991 0.538311 0.00292638 0.842731
-11.4712 52.353 87.0096 0.529454 -0.00101965 0.848338
-10.6125 52.3671 86.4749 0.528124 -0.00306321 0.849162
-9.7137 52.2182 85.9151 0.528311 -0.00465145 0.849038
-9.05228 52.0811 85.5066 0.521833 -0.00426187 0.853031
-8.40641 52.0782 85.1096 0.516637 -0.00619695 0.856182
-7.71813 52.0317 84.6945 0.514173 -0.00847619 0.857644
-6.81249 51.9492 84.1503 0.514796 -0.00955608 0.857258
-6.05008 51.8917 83.6938 0.513007 -0.00747606 0.858352
-5.26342 51.8057 83.2201 0.513902 -0.000850743 0.857782
-4.60799 51.8632 82.8342 0.500719 0.00488372 0.865566
-3.54905 51.6069 82.2328 0.495924 0.00597188 0.868341
-2.9105 51.4097 81.8728 0.485223 0.00525594 0.87434
-2.22146 51.3975 81.4951 0.476709 0.0114944 0.87892
-1.42409 51.4215 81.073 0.465591 0.0099165 0.884944
-0.66865 51.2873 80.6771 0.459183 0.00774564 0.888276
0.310228 51.1323 80.1838 0.450037 0.00743431 0.892979
1.26517 51.0389 79.7126 0.427656 0.0165869 0.903699
2.14136 50.9734 79.2925 0.432556 0.00493582 0.901594
2.81256 50.7662 78.988 0.414487 0.0161604 0.909911
3.61902 50.7049 78.6506 0.383863 0.0227963 0.923109
4.58528 50.6344 78.286 0.353435 -0.00162229 0.935368
5.56627 50.4787 77.9328 0.323858 -0.0246858 0.945784
6.44504 50.1082 77.6212 0.326296 -0.034681 0.944631
7.41269 49.9445 77.2953 0.307491 -0.0347811 0.950915
8.94794 49.7636 76.8266 0.286634 -0.039744 0.957216
10.0499 49.5361 76.5116 0.268225 -0.0407474 0.962489
10.7788 49.2554 76.297 0.264611 -0.0469176 0.963213
11.5445 49.2072 76.0889 0.262625 -0.0514257 0.963499
12.6758 49.052 75.7764 0.253011 -0.0722418 0.964762
13.4304 48.1963 75.5092 0.260176 -0.0670207 0.962989
12.579 47.9239 75.7189 0.28327 -0.0703594 0.956456
11.7405 47.7842 75.952 0.272439 -0.0622294 0.960159
10.9423 47.7703 76.1759 0.268756 -0.0502114 0.961899
10.1221 47.6004 76.3944 0.264635 -0.0492846 0.963088
9.21443 47.5172 76.6374 0.26308 -0.057337 0.963069
8.40446 47.5416 76.8723 0.293643 -0.0603905 0.954006
7.63578 47.3283 77.1022 0.301171 -0.0548495 0.951991
6.60013 47.2352 77.415 0.313909 -0.0733731 0.946327
5.73451 47.0208 77.7043 0.308807 -0.0950728 0.945907
5.16486 46.5402 77.8957 0.372778 -0.0598611 0.925988
4.24054 45.736 78.1833 0.393464 -0.120966 0.910869
3.75482 45.1873 78.3422 0.419149 -0.110091 0.901218
3.23247 44.6495 78.5203 0.425637 -0.104343 0.898827
2.67394 44.0408 78.7183 0.428868 -0.0948511 0.898355
2.26255 43.1503 78.8287 0.436329 -0.0873136 0.895541
1.8995 42.3367 78.928 0.432137 -0.0844388 0.897839
1.45309 41.4942 79.0606 0.429309 -0.0848294 0.899164
1.0741 40.5096 79.1363 0.417151 -0.0956934 0.903785
0.853001 39.6613 79.1318 0.422207 -0.116679 0.898959
0.70319 38.8181 79.0927 0.417635 -0.105055 0.902428
0.603379 37.8899 79.0097 0.402855 -0.132153 0.905673
0.407812 36.6913 78.9108 0.396699 -0.145594 0.906329
0.381665 35.4959 78.7223 0.399772 -0.161193 0.902327
0.245912 34.5691 78.6152 0.397699 -0.166416 0.90229
0.172733 33.8318 78.4976 0.391998 -0.184581 0.901259
0.0658841 32.9612 78.3572 0.395649 -0.198588 0.896668
-0.15396 32.1159 78.2642 0.393607 -0.203554 0.896455
-0.329239 31.2666 78.1344 0.388544 -0.220222 0.894727
-0.610711 30.2994 78.011 0.382673 -0.238447 0.892583
-0.937255 29.5554 77.9542 0.39195 -0.245399 0.886654
-1.44499 28.7193 77.943 0.38708 -0.248727 0.887864
-1.95491 27.8822 77.9212 0.392926 -0.262703 0.881247
-2.60731 27.0869 77.965 0.386223 -0.284318 0.877215
-3.38201 26.3297 78.0785 0.406803 -0.285038 0.867908
-3.97473 25.8773 78.2065 0.404819 -0.284847 0.868898
-4.75371 25.3707 78.3869 0.415636 -0.309795 0.855145
-5.4481 25.022 78.5981 0.416767 -0.307985 0.855246
-6.12133 24.7839 78.8358 0.415855 -0.321503 0.850706
-6.92642 24.6261 79.1667 0.411261 -0.323959 0.852007
-7.67 24.6175 79.5393 0.428739 -0.337416 0.838053
-8.42505 24.5946 79.9327 0.454345 -0.344103 0.821684
-9.17338 24.5871 80.3485 0.461571 -0.337406 0.820433
-9.98052 24.7939 80.8906 0.469521 -0.334387 0.817151
-10.9729 25.0317 81.5633 0.471234 -0.350809 0.809241
-11.6355 25.3326 82.0915 0.496618 -0.344101 0.796767
-12.1712 25.6154 82.538 0.500208 -0.33573 0.798105
-12.9567 25.9052 83.161 0.505845 -0.333967 0.795353
-13.4529 26.2559 83.6443 0.529136 -0.328508 0.782352
-13.8786 26.7048 84.1163 0.547841 -0.327865 0.769236
-14.542 27.1574 84.776 0.556345 -0.312436 0.769909
-15.0389 27.6249 85.3193 0.56493 -0.289527 0.772676
-15.7286 28.2584 86.0521 0.559881 -0.287203 0.777205
-16.1968 28.6725 86.5777 0.583652 -0.250033 0.77255
-16.7731 29.1631 87.1704 0.579933 -0.251267 0.774945
-22.6736 16.9515 75.5226 0.432148 -0.401997 0.807247
-23.6662 16.5942 75.8786 0.437698 -0.4096 0.800405
-24.3279 15.8298 75.8675 0.457948 -0.386728 0.800453
-24.6801 14.7702 75.5528 0.473825 -0.393024 0.78805
-24.6128 13.2228 74.7426 0.483259 -0.395971 0.780713
-24.4854 12.4746 74.2739 0.492028 -0.400394 0.773041
-24.3213 11.6537 73.7448 0.506246 -0.404962 0.761334
-23.7806 10.8925 72.9824 0.521172 -0.38652 0.760909
-23.1359 10.5642 72.3209 0.530141 -0.421591 0.735671
-22.5131 10.4808 71.8188 0.520897 -0.452302 0.723927
-21.8569 10.8696 71.5925 0.518026 -0.446728 0.72944
-21.2581 11.5043 71.573 0.494338 -0.467192 0.732714
-20.7893 12.0954 71.6125 0.502245 -0.447751 0.739776
-20.4984 12.9285 71.9362 0.48713 -0.463437 0.74021
-20.3081 13.6236 72.2509 0.486696 -0.467347 0.738047
-20.3461 14.3043 72.7148 0.437139 -0.505916 0.742827
-20.5398 15.3967 73.5043 0.424355 -0.479562 0.768078
-20.7995 15.9359 73.988 0.411772 -0.472108 0.779145
-21.2623 16.4056 74.4952 0.411997 -0.455473 0.789179
-21.8562 16.7823 75.0227 0.401075 -0.438975 0.803641
-22.4087 16.9575 75.3838 0.432148 -0.401996 0.807246
-22.7691 15.7067 74.9302 0.44217 -0.428844 0.787768
-23.6153 14.7876 74.9364 0.474208 -0.407245 0.780563
-23.6249 14.0147 74.539 0.474155 -0.407504 0.78046
-23.4932 13.2553 74.0622 0.474108 -0.407755 0.780357
-23.2902 12.458 73.4915 0.497375 -0.424146 0.756755
-22.9432 11.8738 72.9413 0.498942 -0.418379 0.758957
-22.265 11.8346 72.453 0.513285 -0.426611 0.744676
-21.7033 12.4502 72.4414 0.493574 -0.445437 0.746975
-21.3945 13.4754 72.8466 0.463016 -0.460633 0.757254
-21.4194 14.1255 73.2573 0.463016 -0.460633 0.757254
-21.5601 14.8918 73.7992 0.464459 -0.452559 0.761228
-22.0756 15.5008 74.4305 0.436057 -0.432039 0.789424
-22.5996 15.6787 74.8198 0.442173 -0.428849 0.787764
-3.91076 -14.1457 60.9154 0.00509352 -0.361725 0.932271
-4.654 -14.6749 60.7087 -0.0137301 -0.348531 0.937173
-5.37562 -15.2723 60.4756 -0.0229581 -0.347322 0.93746
-5.99827 -15.754 60.2707 -0.0434819 -0.343504 0.938081
-6.63154 -16.2683 60.0505 -0.0635159 -0.33818 0.938936
-7.15164 -16.8829 59.799 -0.059696 -0.317029 0.946535
-7.60531 -17.5829 59.5341 -0.0681066 -0.321814 0.944347
-8.07111 -18.152 59.3045 -0.069491 -0.323857 0.943551
-8.49576 -18.7405 59.0708 -0.0971126 -0.31899 0.942769
-9.00862 -19.8049 58.6746 -0.106588 -0.301073 0.947626
-9.25566 -20.6161 58.4171 -0.100447 -0.270794 0.957369
-9.55186 -21.7409 58.0531 -0.132199 -0.276865 0.951703
-9.2893 -22.6023 57.8497 -0.133917 -0.255246 0.957462
-8.80876 -23.2262 57.7526 -0.108209 -0.242268 0.964156
-8.07255 -23.936 57.6636 -0.11396 -0.232071 0.965995
-7.35675 -24.4601 57.6224 -0.103462 -0.210204 0.972146
-6.65596 -24.7405 57.6336 -0.0903579 -0.1989 0.975845
-5.62253 -24.9553 57.7008 -0.09053 -0.165093 0.981546
-4.49786 -24.9443 57.7681 -0.061309 -0.174768 0.982627
-3.59364 -24.7329 57.8518 -0.0376668 -0.189657 0.981128
-2.67398 -24.6149 57.9013 -0.0116063 -0.192002 0.981321
-1.52599 -24.2304 57.9909 0.00993718 -0.172105 0.984601
-0.773112 -23.7489 58.0827 0.0068636 -0.213727 0.976869
-0.00605411 -23.3078 58.1705 0.0138701 -0.208005 0.978013
0.854457 -22.5932 58.3049 0.043474 -0.197469 0.978927
1.39461 -21.8987 58.4364 0.0499599 -0.231555 0.971538
1.84992 -21.0587 58.6159 0.0576208 -0.244006 0.96806
2.12845 -20.3049 58.8035 0.037583 -0.263918 0.963747
2.41855 -19.4325 59.0178 0.0692844 -0.269791 0.960423
2.46819 -18.5768 59.2538 0.0605835 -0.27362 0.959895
2.32936 -17.4883 59.5778 0.0769337 -0.288996 0.954112
1.99972 -16.5602 59.8878 0.0578843 -0.292602 0.954481
1.34245 -15.5233 60.2555 0.0593444 -0.301384 0.951654
0.604079 -14.8073 60.543 0.0499581 -0.321542 0.945572
0.0231862 -14.2356 60.766 0.0470301 -0.321157 0.945857
-0.696461 -13.7986 60.9703 0.048929 -0.342879 0.938053
-1.74049 -13.6518 61.0719 0.0310096 -0.363628 0.93095
-2.54324 -13.7266 61.0617 0.0223242 -0.360773 0.932387
-3.28966 -13.9051 61.0053 0.00754212 -0.358809 0.933372
-3.57415 -14.0051 60.9681 0.00509352 -0.361725 0.932271
-2.84289 -14.9433 60.6139 0.0136833 -0.346634 0.937901
-2.04245 -14.8353 60.6416 0.0266367 -0.344899 0.938215
-0.998443 -15.0652 60.528 0.0293197 -0.324284 0.945505
-0.231905 -15.5569 60.3257 0.042647 -0.326872 0.944106
0.49623 -16.4063 60.0179 0.0468193 -0.310679 0.949361
0.900718 -17.1495 59.7689 0.0449323 -0.290343 0.955867
1.18787 -18.149 59.4548 0.0512666 -0.277454 0.95937
1.23275 -19.0059 59.2047 0.0427194 -0.271021 0.961625
1.05118 -19.7648 59.0024 0.0479724 -0.25961 0.964521
0.70955 -20.4457 58.8312 0.033405 -0.256656 0.965878
0.300871 -21.2066 58.6516 0.0366289 -0.24884 0.96785
-0.427816 -22.103 58.4518 0.0269277 -0.232088 0.972308
-1.07428 -22.6291 58.3392 0.00666432 -0.230525 0.973009
-1.81025 -23.0393 58.2401 0.00185285 -0.222583 0.974817
-2.49408 -23.3673 58.1615 -0.0190658 -0.212432 0.97699
-3.33007 -23.5097 58.111 -0.0310474 -0.221029 0.974773
-4.49597 -23.7295 58.0122 -0.0538475 -0.214145 0.975314
-5.35887 -23.7964 57.9486 -0.065527 -0.211774 0.975056
-6.63157 -23.4924 57.9143 -0.0837027 -0.214837 0.972997
-7.41059 -22.869 57.9932 -0.0971759 -0.245666 0.964471
-7.97151 -22.2996 58.0861 -0.0919201 -0.251717 0.963426
-8.12095 -21.4236 58.3076 -0.0940006 -0.264098 0.959904
-7.86523 -20.521 58.5882 -0.0967541 -0.278107 0.955665
-7.55196 -19.6668 58.8659 -0.0863061 -0.288871 0.95347
-7.10609 -18.8574 59.1564 -0.0719464 -0.30571 0.949321
-6.58713 -18.1677 59.4097 -0.0596675 -0.304246 0.950723
-6.12267 -17.5368 59.6477 -0.0630662 -0.312955 0.947672
-5.33952 -16.739 59.9461 -0.0398381 -0.314343 0.948473
-4.57043 -16.1526 60.1787 -0.018447 -0.332989 0.942732
-3.75266 -15.4444 60.4376 -0.00898195 -0.329409 0.944145
-3.34798 -15.1653 60.5392 0.0055289 -0.344249 0.938823
-2.633 -16.1779 60.1824 0.00381967 -0.317266 0.948326
-1.85279 -16.0831 60.2009 0.0187752 -0.308715 0.950969
-0.82386 -16.694 59.9754 0.0285411 -0.313585 0.949131
-0.385719 -17.3533 59.7594 0.0293133 -0.295426 0.954893
-0.0461347 -18.6123 59.3696 0.0308663 -0.277056 0.960358
-0.136967 -19.4008 59.145 0.0276219 -0.262196 0.964619
-0.47642 -20.1479 58.9517 0.0209914 -0.265559 0.963837
-1.26665 -21.2423 58.6793 0.0217477 -0.244743 0.969288
-1.86979 -21.7458 58.5535 -0.00426878 -0.239154 0.970972
-2.66266 -22.1417 58.4479 -0.0209399 -0.24146 0.970181
-3.60351 -22.3993 58.3645 -0.0321992 -0.243934 0.969171
-4.59306 -22.5478 58.2817 -0.0436975 -0.24181 0.969339
-5.47526 -22.5679 58.2262 -0.0662763 -0.237444 0.969138
-6.17451 -22.3061 58.2436 -0.0768497 -0.249012 0.965447
-6.70343 -21.705 58.3623 -0.0771292 -0.260011 0.962508
-6.64506 -20.7827 58.6204 -0.0834474 -0.271476 0.958821
-6.28786 -19.8741 58.904 -0.0693348 -0.277773 0.958141
-5.84439 -19.1467 59.1535 -0.0555115 -0.293299 0.954332
-5.39215 -18.5198 59.3659 -0.0448949 -0.295152 0.954389
-4.72894 -17.7719 59.6319 -0.0349119 -0.298041 0.953847
-4.00666 -17.1625 59.8445 -0.0157595 -0.316575 0.948437
-3.33242 -16.6074 60.0407 0.00184581 -0.316018 0.948751
-3.00177 -16.3601 60.1224 0.00184581 -0.316018 0.948751
-2.28081 -17.4406 59.7666 0.00368824 -0.292434 0.956279
-3.0241 -17.8393 59.6455 -0.00982464 -0.300619 0.953694
-3.62425 -18.2724 59.5028 -0.0164652 -0.298967 0.954097
-4.1384 -18.7999 59.3284 -0.028804 -0.2871 0.957467
-4.60233 -19.3944 59.1397 -0.0265814 -0.281328 0.959243
-5.08164 -20.1903 58.8856 -0.0503761 -0.271299 0.961164
-5.28189 -21.1 58.6234 -0.0511221 -0.263339 0.963348
-4.36564 -21.3522 58.6009 -0.0382447 -0.25876 0.965184
-3.25151 -21.1279 58.697 -0.0172702 -0.259412 0.965612
-2.20698 -20.4973 58.8795 -0.00246316 -0.261451 0.965214
-1.54487 -19.6395 59.1096 0.0145271 -0.269126 0.962995
-1.28026 -18.7757 59.3496 0.011114 -0.276575 0.960928
-1.65103 -17.6988 59.6803 0.0176494 -0.298335 0.954298
-1.87671 -17.4613 59.7587 0.0106684 -0.295383 0.955289
-2.78781 -19.1639 59.2465 -0.0119271 -0.275577 0.961205
-3.20138 -19.8099 59.059 -0.0141192 -0.272015 0.962189
-3.26742 -19.4977 59.1463 -0.0123063 -0.270563 0.962621
-3.03181 -19.2246 59.226 -0.0119266 -0.275578 0.961205
-11.1504 -53.3733 49.7013 -0.682383 -0.241515 0.68993
-10.6079 -53.6573 50.1431 -0.685635 -0.241168 0.686836
-9.96728 -54.377 50.5279 -0.668891 -0.247134 0.700772
-9.53514 -55.0483 50.7538 -0.678619 -0.19879 0.707078
-9.04829 -55.8654 51.0004 -0.695173 -0.194315 0.692076
-8.69129 -56.7666 51.1035 -0.702001 -0.176083 0.689733
-8.50253 -57.6422 51.044 -0.710338 -0.200381 0.674734
-8.33507 -58.3861 50.9984 -0.709201 -0.200271 0.675961
-8.24901 -59.2734 50.8271 -0.709997 -0.178834 0.680796
-8.22296 -60.2325 50.5859 -0.716012 -0.186919 0.672584
-8.31978 -61.0249 50.2659 -0.718146 -0.183411 0.671288
-8.51727 -62.0804 49.7702 -0.744526 -0.166299 0.646549
-8.75284 -63.1754 49.2406 -0.753053 -0.149467 0.640631
-8.97998 -63.9575 48.7742 -0.760425 -0.140712 0.633808
-9.2184 -64.558 48.3583 -0.785059 -0.142339 0.602844
-9.49617 -65.3405 47.8069 -0.794384 -0.151119 0.588317
-9.88464 -66.2828 47.0666 -0.809952 -0.127825 0.571839
-10.2799 -67.0442 46.2911 -0.823372 -0.133195 0.551649
-10.5365 -67.7449 45.7282 -0.847873 -0.124657 0.515336
-10.8202 -68.1776 45.1567 -0.850786 -0.131587 0.508672
-11.1133 -68.7858 44.4458 -0.86791 -0.149208 0.473782
-11.4347 -69.2861 43.662 -0.887163 -0.145498 0.437249
-11.7707 -69.5696 42.8836 -0.900473 -0.149613 0.408162
-12.1942 -69.939 41.802 -0.89619 -0.187366 0.401876
-12.5009 -70.05 41.0377 -0.897309 -0.199225 0.393838
-12.8488 -70.0479 40.2743 -0.898065 -0.209847 0.385883
-13.1502 -69.9679 39.5662 -0.912203 -0.216629 0.347754
-13.5782 -69.7494 38.5717 -0.911952 -0.228788 0.340494
-13.9069 -69.3717 37.9339 -0.91532 -0.237053 0.325562
-14.3309 -68.921 37.1159 -0.907265 -0.261572 0.329317
-14.7206 -68.4101 36.4467 -0.908365 -0.262059 0.325866
-15.1177 -67.6691 35.9482 -0.908482 -0.275883 0.313775
-15.4665 -67.0543 35.4827 -0.904459 -0.293361 0.309667
-15.9947 -65.9717 34.9579 -0.899965 -0.307399 0.308655
-16.3765 -65.2797 34.58 -0.892633 -0.324465 0.312925
-16.7993 -64.2886 34.3878 -0.89217 -0.315882 0.322878
-17.125 -63.6215 34.1593 -0.88633 -0.329867 0.324891
-17.4317 -62.8808 34.0844 -0.887632 -0.331818 0.319377
-17.6998 -62.1101 34.1452 -0.887128 -0.333368 0.31917
-17.9535 -61.306 34.2835 -0.889837 -0.336752 0.307876
-18.174 -60.5143 34.5122 -0.885103 -0.343688 0.313636
-18.3424 -59.8301 34.7982 -0.877012 -0.350181 0.328972
-18.473 -59.1498 35.17 -0.869885 -0.349446 0.348019
-18.6125 -58.3528 35.6308 -0.864156 -0.360587 0.35097
-18.7405 -57.6978 35.9892 -0.856376 -0.353968 0.375933
-18.794 -57.0818 36.4473 -0.855822 -0.355999 0.375271
-18.7799 -56.4067 37.1069 -0.852399 -0.351952 0.386712
-18.6969 -55.7401 37.8775 -0.829458 -0.370968 0.417591
-18.5585 -55.0699 38.7315 -0.825811 -0.358457 0.435212
-18.4011 -54.6178 39.3828 -0.821369 -0.35601 0.445656
-18.2045 -54.1874 40.0937 -0.801621 -0.35308 0.48243
-17.916 -53.7814 40.8704 -0.801669 -0.352808 0.482548
-17.5562 -53.506 41.6517 -0.792219 -0.355362 0.496091
-17.2404 -53.2151 42.3429 -0.786966 -0.33916 0.515417
-16.8344 -52.9333 43.132 -0.775245 -0.347695 0.527356
-16.3749 -52.857 43.838 -0.758697 -0.339086 0.556236
-15.8089 -52.7452 44.68 -0.755905 -0.333214 0.563446
-15.1385 -52.6705 45.5908 -0.742998 -0.333615 0.580219
-14.5633 -52.6411 46.3044 -0.729073 -0.308442 0.610996
-13.9581 -52.6513 47.0162 -0.721125 -0.302365 0.623333
-13.4127 -52.7348 47.6032 -0.719004 -0.304223 0.624885
-12.882 -52.7958 48.1412 -0.699656 -0.281827 0.656547
-12.1575 -53.0029 48.8244 -0.69371 -0.273224 0.666266
-11.3208 -53.2987 49.5595 -0.690363 -0.252208 0.678079
-11.2879 -53.3153 49.5868 -0.684748 -0.247038 0.685549
-11.4808 -54.4309 48.9766 -0.703597 -0.256745 0.662596
-10.6352 -55.1226 49.619 -0.699157 -0.230677 0.676733
-10.162 -55.7514 49.8948 -0.704824 -0.221968 0.673733
-9.64042 -56.6393 50.1562 -0.709075 -0.217647 0.670701
-9.34724 -57.5535 50.1763 -0.71453 -0.212295 0.666616
-9.13616 -58.6296 50.0702 -0.716431 -0.202584 0.667592
-9.07161 -59.6337 49.8355 -0.72112 -0.194997 0.66476
-9.16174 -60.5539 49.4661 -0.735325 -0.18943 0.650701
-9.26632 -61.2485 49.1468 -0.735936 -0.187905 0.650452
-9.4003 -61.9752 48.7863 -0.748862 -0.178788 0.638154
-9.54998 -62.8245 48.3596 -0.765669 -0.151841 0.625056
-9.74131 -63.4429 47.975 -0.768932 -0.159231 0.619103
-10.0268 -64.2342 47.391 -0.791804 -0.165135 0.588028
-10.2795 -64.9382 46.862 -0.800912 -0.161958 0.576121
-10.522 -65.5036 46.3415 -0.810788 -0.159327 0.563167
-10.7889 -66.0518 45.8025 -0.832209 -0.160597 0.530694
-11.0697 -66.715 45.1616 -0.832148 -0.160145 0.530927
-11.454 -67.4315 44.289 -0.856065 -0.172437 0.487226
-11.6819 -67.9079 43.7123 -0.862633 -0.178702 0.473024
-11.9849 -68.3033 42.9667 -0.871596 -0.198659 0.448168
-12.3022 -68.5596 42.2126 -0.879023 -0.213328 0.426392
-12.776 -68.6193 41.1782 -0.887466 -0.208957 0.410782
-13.1169 -68.5989 40.4277 -0.901887 -0.21702 0.373218
-13.5688 -68.5423 39.3996 -0.896003 -0.227478 0.381356
-14.0839 -68.1115 38.3738 -0.902694 -0.24697 0.352347
-14.4655 -67.7281 37.687 -0.895536 -0.273696 0.350859
-14.7923 -67.2534 37.2026 -0.902585 -0.272969 0.332908
-15.1487 -66.6205 36.7637 -0.901758 -0.283656 0.326101
-15.4745 -66.0243 36.3923 -0.899788 -0.283689 0.331515
-15.7944 -65.4286 36.0514 -0.892223 -0.302537 0.335264
-16.1572 -64.7321 35.7206 -0.891015 -0.304045 0.337119
-16.4524 -63.9566 35.6595 -0.884709 -0.323751 0.335362
-16.804 -63.2061 35.4631 -0.886521 -0.324824 0.329407
-17.1015 -62.4555 35.4107 -0.883677 -0.328463 0.333508
-17.4308 -61.5352 35.4583 -0.879233 -0.337615 0.336105
-17.7334 -60.4763 35.7314 -0.877898 -0.338841 0.338301
-17.864 -59.8019 36.064 -0.870604 -0.334253 0.360953
-18.0366 -58.894 36.507 -0.866427 -0.335178 0.369949
-18.1491 -57.867 37.1846 -0.855205 -0.34458 0.386819
-18.0945 -57.1137 37.934 -0.848503 -0.346919 0.399467
-18.0212 -56.5826 38.5305 -0.840548 -0.344941 0.417726
-17.8876 -55.9088 39.3266 -0.835181 -0.32947 0.440365
-17.7315 -55.4244 39.9993 -0.827411 -0.338381 0.448031
-17.4516 -54.9631 40.8084 -0.818003 -0.318291 0.479127
-17.123 -54.6774 41.5526 -0.800162 -0.327996 0.502155
-16.7486 -54.3738 42.3481 -0.796044 -0.324627 0.510707
-16.2553 -54.0512 43.2959 -0.782871 -0.319391 0.533745
-15.8232 -53.9311 43.9802 -0.771438 -0.316383 0.551996
-15.1785 -53.826 44.9212 -0.766261 -0.312323 0.561514
-14.6362 -53.7751 45.648 -0.742349 -0.303157 0.597506
-14.1023 -53.7748 46.3115 -0.738825 -0.296539 0.605053
-13.504 -53.8276 46.983 -0.725498 -0.281068 0.628059
-12.9066 -53.9178 47.6441 -0.722322 -0.269781 0.63658
-12.3811 -54.0502 48.1664 -0.708515 -0.263178 0.654703
-11.6293 -54.363 48.8452 -0.703597 -0.256745 0.662596
-11.6657 -55.521 48.3708 -0.717652 -0.245326 0.65173
-11.0651 -56.0294 48.8479 -0.715124 -0.237926 0.657211
-10.5676 -56.7572 49.1271 -0.712418 -0.231549 0.662454
-10.1786 -57.6304 49.2505 -0.719704 -0.225287 0.656713
-9.97206 -58.626 49.1587 -0.726265 -0.216751 0.652255
-9.92398 -59.4033 48.9603 -0.736656 -0.205052 0.644431
-9.99383 -60.2648 48.6002 -0.746496 -0.204869 0.63295
-10.1571 -61.3131 48.0863 -0.751388 -0.196503 0.629907
-10.3017 -62.187 47.6377 -0.753552 -0.196531 0.627324
-10.4845 -62.8643 47.1735 -0.788404 -0.193348 0.583465
-10.7359 -63.6391 46.6056 -0.794549 -0.169554 0.583047
-10.9375 -64.2813 46.114 -0.805553 -0.182682 0.563578
-11.1953 -64.8361 45.565 -0.816806 -0.176074 0.549388
-11.4821 -65.4471 44.9287 -0.818664 -0.185438 0.543509
-11.7274 -65.9938 44.3323 -0.842172 -0.19068 0.504368
-12.0393 -66.5916 43.585 -0.852124 -0.199242 0.483303
-12.3835 -67.1629 42.6975 -0.869081 -0.195524 0.45413
-12.7502 -67.377 41.8712 -0.875043 -0.201797 0.439974
-13.1147 -67.4262 41.0879 -0.876028 -0.229105 0.424366
-13.7046 -67.3022 39.839 -0.895287 -0.236084 0.37779
-14.0929 -67.0379 39.1377 -0.881252 -0.258511 0.395685
-14.4852 -66.6527 38.4587 -0.88989 -0.267576 0.369457
-15.0322 -65.8554 37.7155 -0.892903 -0.279813 0.352536
-15.5486 -64.9086 37.1779 -0.887302 -0.286314 0.361552
-16.0465 -63.8389 36.8346 -0.882766 -0.307182 0.355476
-16.3475 -63.1632 36.6822 -0.873312 -0.326637 0.361435
-16.6854 -62.387 36.5519 -0.88349 -0.322297 0.339954
-16.96 -61.5671 36.6371 -0.877331 -0.334023 0.344555
-17.1791 -60.7908 36.8158 -0.87138 -0.327474 0.365305
-17.378 -59.8226 37.2172 -0.868599 -0.322157 0.376248
-17.4781 -58.9988 37.6866 -0.861083 -0.328264 0.388302
-17.4757 -58.3937 38.1683 -0.859162 -0.313005 0.404807
-17.3978 -57.6162 38.9577 -0.846513 -0.328531 0.418908
-17.2647 -56.9281 39.7358 -0.831634 -0.324159 0.450767
-17.1169 -56.4288 40.3775 -0.827477 -0.330623 0.453815
-16.8388 -55.9784 41.1683 -0.812995 -0.322185 0.485012
-16.4506 -55.6283 42.0254 -0.80313 -0.313255 0.506807
-15.9919 -55.2842 42.9435 -0.794987 -0.308068 0.522581
-15.6229 -55.1184 43.5945 -0.780803 -0.303479 0.54612
-15.0419 -54.9886 44.4993 -0.776954 -0.294689 0.556143
-14.5354 -54.9259 45.2167 -0.75713 -0.284477 0.588071
-13.9858 -54.912 45.9147 -0.749874 -0.276815 0.600885
-13.4432 -54.9737 46.5634 -0.741032 -0.271843 0.613763
-12.677 -55.1278 47.3979 -0.730048 -0.257264 0.633012
-11.8784 -55.4048 48.1823 -0.717538 -0.250611 0.649863
-12.0604 -56.4928 47.5607 -0.733252 -0.252345 0.631398
-12.7981 -56.226 46.7918 -0.744983 -0.25911 0.614621
-13.4793 -56.1039 46.0125 -0.755252 -0.271777 0.596358
-13.9861 -56.0373 45.3904 -0.773537 -0.27905 0.569009
-14.5739 -56.1069 44.5571 -0.764639 -0.292433 0.574044
-15.0722 -56.2136 43.788 -0.786165 -0.299818 0.54042
-15.466 -56.3608 43.1335 -0.794462 -0.297553 0.529239
-15.8488 -56.6001 42.398 -0.803814 -0.299577 0.513942
-16.2771 -57.0261 41.4431 -0.823904 -0.297016 0.482663
-16.5806 -57.6302 40.5111 -0.832299 -0.316084 0.455378
-16.7574 -58.4074 39.622 -0.848113 -0.311592 0.428502
-16.825 -59.0528 39.0119 -0.849792 -0.318062 0.420344
-16.8315 -59.7616 38.4704 -0.854496 -0.314807 0.413095
-16.7191 -60.6085 38.0389 -0.857419 -0.31649 0.405769
-16.4722 -61.5966 37.7609 -0.864245 -0.331889 0.378062
-16.2158 -62.3547 37.7084 -0.870337 -0.316655 0.377152
-15.7361 -63.4458 37.9278 -0.875585 -0.291218 0.385412
-15.3905 -64.1956 38.1369 -0.8861 -0.290544 0.361121
-14.9582 -64.9458 38.5904 -0.880617 -0.2845 0.378476
-14.5985 -65.47 39.0443 -0.882555 -0.263679 0.389321
-14.2159 -65.8433 39.6561 -0.879625 -0.267133 0.393573
-13.7852 -66.1155 40.434 -0.874531 -0.258951 0.40962
-13.355 -66.2438 41.2236 -0.869984 -0.239857 0.430492
-13.0398 -66.1832 41.9019 -0.871336 -0.227284 0.434774
-12.7418 -65.9106 42.5877 -0.859282 -0.210084 0.466368
-12.5125 -65.4699 43.2201 -0.84716 -0.230079 0.4787
-12.2615 -64.9475 43.8476 -0.829004 -0.212691 0.517218
-12.0063 -64.3626 44.4971 -0.828825 -0.216436 0.515934
-11.696 -63.7522 45.1917 -0.805999 -0.201427 0.556591
-11.4825 -63.0859 45.7419 -0.804896 -0.214971 0.55293
-11.2951 -62.4749 46.2323 -0.785605 -0.214771 0.580232
-11.0909 -61.8097 46.7532 -0.7794 -0.210283 0.590104
-10.9439 -61.111 47.183 -0.776559 -0.203334 0.596332
-10.8103 -59.8276 47.791 -0.750095 -0.212791 0.626161
-10.771 -59.0968 48.0864 -0.746797 -0.224716 0.625814
-10.9383 -58.0282 48.2663 -0.735288 -0.221392 0.640575
-11.2665 -57.2608 48.175 -0.726792 -0.241807 0.642886
-11.7629 -56.6977 47.8243 -0.731641 -0.246641 0.635467
-12.0796 -57.728 47.0539 -0.742005 -0.247284 0.623121
-12.5709 -57.4296 46.5702 -0.756121 -0.25236 0.603752
-13.0954 -57.3008 45.9735 -0.759228 -0.258487 0.597198
-13.8392 -57.2041 45.0358 -0.771253 -0.264945 0.578768
-14.3097 -57.2629 44.3599 -0.789539 -0.277884 0.547182
-14.867 -57.4092 43.4755 -0.80043 -0.279783 0.529997
-15.4086 -57.7163 42.4714 -0.806601 -0.285029 0.517814
-15.7207 -58.0726 41.7414 -0.821264 -0.290271 0.49119
-15.9289 -58.4757 41.1333 -0.827195 -0.305121 0.471858
-16.1087 -59.139 40.3563 -0.846072 -0.307081 0.435664
-16.1924 -59.749 39.7737 -0.850258 -0.304871 0.428998
-16.1837 -60.3924 39.3188 -0.851756 -0.310329 0.422146
-16.0146 -61.3673 38.9322 -0.853271 -0.316186 0.414675
-15.7906 -62.0968 38.8673 -0.860965 -0.298236 0.412062
-15.4499 -62.8666 39.0157 -0.873198 -0.293532 0.389025
-15.1404 -63.537 39.1968 -0.87081 -0.295844 0.392639
-14.6267 -64.3561 39.7524 -0.876936 -0.265627 0.40028
-14.2575 -64.7471 40.2891 -0.869189 -0.263147 0.418555
-13.7115 -64.9936 41.2454 -0.867148 -0.259098 0.425263
-13.342 -64.8931 42.0026 -0.858329 -0.236652 0.455266
-13.0103 -64.41 42.8301 -0.845076 -0.218521 0.48795
-12.6084 -63.5293 43.8843 -0.828645 -0.220182 0.514653
-12.3951 -63.0395 44.4372 -0.817322 -0.210806 0.535621
-12.1752 -62.4757 44.9821 -0.803796 -0.228514 0.549266
-12.0034 -61.8608 45.4893 -0.796373 -0.220458 0.562922
-11.7827 -61.0293 46.1183 -0.786293 -0.231269 0.572938
-11.6446 -60.0036 46.6955 -0.765345 -0.232631 0.600108
-11.6135 -59.3011 47.0076 -0.764844 -0.23304 0.600587
-11.6996 -58.482 47.2138 -0.746319 -0.235154 0.622664
-11.9018 -57.9615 47.1731 -0.742005 -0.247285 0.62312
-12.447 -58.9766 46.0828 -0.761036 -0.254331 0.596775
-12.4331 -59.7815 45.7654 -0.775229 -0.245906 0.581851
-12.5573 -60.6244 45.2461 -0.786289 -0.249216 0.564936
-12.7161 -61.3073 44.6944 -0.796821 -0.256619 0.547012
-12.9078 -61.8799 44.1748 -0.807768 -0.2433 0.536478
-13.1068 -62.4103 43.603 -0.817443 -0.251832 0.518042
-13.3207 -62.9085 43.0374 -0.830382 -0.240511 0.501947
-13.5597 -63.4323 42.3458 -0.841308 -0.249905 0.479318
-13.9208 -63.7744 41.5119 -0.847405 -0.258637 0.463693
-14.4762 -63.4693 40.6487 -0.862967 -0.264249 0.42997
-14.8752 -62.8813 40.2071 -0.862713 -0.282923 0.41914
-15.2203 -62.1182 40.0093 -0.862936 -0.281492 0.419648
-15.4494 -61.3603 40.081 -0.849329 -0.312662 0.425303
-15.5245 -60.2489 40.6987 -0.840336 -0.29554 0.454413
-15.3815 -59.5418 41.4198 -0.83139 -0.293118 0.472093
-15.0459 -58.911 42.3505 -0.812609 -0.284128 0.508859
-14.725 -58.6519 43.0069 -0.802775 -0.288915 0.521614
-14.2205 -58.4465 43.8962 -0.79657 -0.280862 0.53509
-13.6474 -58.3662 44.758 -0.787863 -0.274737 0.551172
-13.1346 -58.4361 45.4186 -0.772138 -0.258832 0.580352
-12.7674 -58.5657 45.8494 -0.766593 -0.256576 0.588559
-13.283 -59.6836 44.6636 -0.790443 -0.260382 0.554339
-13.4073 -60.3194 44.1684 -0.805701 -0.266432 0.529018
-13.5834 -61.1199 43.4679 -0.818805 -0.265494 0.508599
-13.8401 -61.8346 42.711 -0.823115 -0.246269 0.511697
-14.0239 -62.3232 42.1192 -0.836958 -0.269378 0.476378
-14.6238 -62.0745 41.1928 -0.842017 -0.266009 0.469305
-14.8672 -61.1605 41.2944 -0.827207 -0.303458 0.472907
-14.8144 -60.5586 41.773 -0.825902 -0.294477 0.480652
-14.6559 -60.0358 42.3462 -0.820272 -0.284344 0.496207
-14.2043 -59.6841 43.2743 -0.81199 -0.275093 0.51462
