-6.80298 36.9725 87.0222 0.486718 -0.188685 0.852905
-5.84968 36.9507 86.483 0.482006 -0.186172 0.856154
-5.84968 36.9507 86.483 0.482006 -0.186172 0.856154
-4.93274 36.6706 85.912 0.475721 -0.191201 0.858564
-4.77899 35.9226 85.6605 0.463459 -0.202028 0.86278
-5.03525 35.0687 85.5979 0.462956 -0.209289 0.861289
-5.62219 35.288 85.9715 0.470486 -0.210123 0.857025
-6.26425 36.0616 86.5131 0.483096 -0.197813 0.852929
-6.53294 36.4797 86.7622 0.48166 -0.193297 0.85476
-7.43818 35.6192 87.0763 0.490691 -0.204452 0.847007
-7.9193 36.2278 87.4992 0.499802 -0.197974 0.843211
-8.35915 36.8108 87.8946 0.497633 -0.193682 0.845487
-8.76806 37.4395 88.278 0.504203 -0.186144 0.843285
-9.13374 38.3588 88.6931 0.512044 -0.175221 0.840898
-8.34012 38.5017 88.2446 0.503654 -0.16948 0.847118
-7.50498 38.4414 87.7422 0.494565 -0.171375 0.852078
-6.54362 38.3096 87.1584 0.492326 -0.174978 0.852642
-5.72957 38.2244 86.684 0.481258 -0.171144 0.859709
-4.75949 38.1104 86.1214 0.478755 -0.169952 0.861342
-3.8526 37.7205 85.5559 0.461964 -0.170279 0.870399
-3.6486 36.8364 85.2608 0.45849 -0.190977 0.867937
-3.66496 35.9608 85.0755 0.450015 -0.200034 0.870329
-3.72402 35.1788 84.9266 0.453035 -0.200933 0.868554
-3.8252 34.2457 84.7489 0.453513 -0.213512 0.865288
-3.93189 33.3624 84.577 0.444812 -0.224722 0.866973
-3.96162 32.3162 84.3118 0.444098 -0.240965 0.862968
-4.51959 32.3768 84.617 0.451792 -0.241968 0.858653
-5.21766 33.0998 85.1877 0.457163 -0.228646 0.85949
-5.70915 33.6203 85.598 0.467882 -0.228476 0.853732
-6.34715 34.3183 86.1324 0.477717 -0.22063 0.850354
-6.92894 34.9913 86.6309 0.479167 -0.214457 0.851108
-7.33722 35.489 86.9864 0.490689 -0.204447 0.847009
-8.20049 34.593 87.2631 0.493303 -0.210062 0.844085
-7.77422 34.0752 86.8804 0.488296 -0.222078 0.843948
-7.21784 33.4507 86.3921 0.477532 -0.235709 0.846398
-6.61088 32.7426 85.8539 0.471552 -0.235577 0.84978
-5.92037 31.964 85.2492 0.468298 -0.249239 0.847689
-5.48842 31.4505 84.8709 0.457992 -0.251975 0.852456
-5.05292 30.9224 84.4784 0.445986 -0.254329 0.858145
-4.61211 30.3979 84.0939 0.445896 -0.261867 0.855886
-4.1884 29.8914 83.7203 0.433445 -0.264165 0.861593
-3.70657 29.4227 83.3342 0.433612 -0.264036 0.861548
-3.14077 30.0173 83.2359 0.422327 -0.259157 0.868607
-2.99185 30.83 83.4013 0.426636 -0.248016 0.869727
-2.87055 31.654 83.5794 0.432407 -0.24312 0.868247
-2.76114 32.8717 83.8567 0.428272 -0.229889 0.873871
-2.69665 33.7241 84.0403 0.435358 -0.223892 0.871932
-2.64359 34.5801 84.2275 0.440112 -0.213071 0.872297
-2.60628 35.624 84.4559 0.438893 -0.200062 0.875984
-2.53837 36.5093 84.6192 0.439544 -0.190941 0.877691
-2.45432 37.36 84.7565 0.447051 -0.173149 0.877591
-2.39347 38.1553 84.8824 0.448079 -0.174179 0.87686
-2.48274 38.9172 85.0754 0.454086 -0.156961 0.877023
-3.35327 39.21 85.5776 0.458878 -0.156031 0.87466
-4.39099 39.3663 86.1641 0.469229 -0.155013 0.869365
-5.06756 39.4348 86.5462 0.478861 -0.157078 0.863711
-5.7555 39.506 86.9441 0.482528 -0.154854 0.862083
-6.84772 39.6341 87.5912 0.494246 -0.155187 0.855358
-7.55592 39.7089 88.016 0.501042 -0.154202 0.85157
-8.34501 39.7996 88.4986 0.50998 -0.159068 0.84535
-9.02875 39.8538 88.9212 0.510473 -0.158495 0.84516
-10.095 39.9339 89.5919 0.523857 -0.1497 0.838523
-11.0132 39.9773 90.18 0.530731 -0.15958 0.832356
-11.9855 39.8586 90.7856 0.535759 -0.157417 0.829567
-11.4951 39.1662 90.3371 0.534511 -0.162353 0.829408
-10.8174 38.2014 89.7031 0.5354 -0.171558 0.826992
-10.4147 37.6527 89.3329 0.518393 -0.174903 0.837053
-9.9949 37.0281 88.9345 0.517059 -0.190446 0.834494
-9.53914 36.3577 88.499 0.517017 -0.199447 0.832384
-8.87482 35.4591 87.8805 0.500583 -0.202996 0.841541
-8.52445 34.9987 87.5574 0.498977 -0.211291 0.840463
-9.41596 34.1238 87.863 0.505482 -0.227479 0.832286
-9.84017 34.6654 88.2645 0.510422 -0.213246 0.833064
-10.3454 35.3162 88.7453 0.516913 -0.211258 0.829539
-10.865 36.0153 89.2372 0.523849 -0.194587 0.829217
-11.2358 36.601 89.6166 0.532803 -0.195969 0.823236
-11.6446 37.1901 90.0159 0.529323 -0.188403 0.827237
-12.1098 37.8677 90.47 0.544951 -0.183739 0.818084
-12.5092 38.4363 90.8531 0.547768 -0.163874 0.820424
-12.9262 38.9898 91.2421 0.550381 -0.165675 0.818302
-13.3216 39.5233 91.6114 0.552014 -0.156119 0.819089
-13.6698 40.203 91.9708 0.554432 -0.139974 0.820338
-13.9355 41.0084 92.2935 0.560292 -0.14208 0.816018
-13.557 41.3722 92.0969 0.558941 -0.133687 0.818312
-12.7417 41.3445 91.5442 0.548631 -0.137798 0.824631
-11.9621 41.3386 91.0295 0.537134 -0.137443 0.832224
-11.228 41.3226 90.5531 0.538461 -0.139853 0.830959
-10.5734 41.2713 90.1291 0.531493 -0.131112 0.836854
-9.74175 41.2099 89.5958 0.519159 -0.134609 0.84401
-8.74588 41.1428 88.9742 0.516064 -0.135242 0.845801
-7.84347 41.0453 88.4177 0.503857 -0.145538 0.851423
-7.08782 40.9549 87.9582 0.498132 -0.136609 0.85624
-6.15646 40.8606 87.4071 0.490568 -0.145426 0.859169
-5.34127 40.7641 86.9318 0.484464 -0.14591 0.862557
-4.47243 40.6853 86.4384 0.476534 -0.14108 0.867762
-3.81745 40.6149 86.0735 0.465922 -0.145048 0.872853
-3.07837 40.4773 85.6582 0.464234 -0.143867 0.87395
-2.42582 40.3585 85.3026 0.45143 -0.139632 0.881314
-1.76394 40.2862 84.9524 0.440192 -0.141518 0.886649
-1.06944 39.8258 84.5318 0.437223 -0.151236 0.886546
-1.08959 39.0769 84.4111 0.43407 -0.161433 0.886282
-1.18886 38.0878 84.2745 0.432529 -0.17228 0.884979
-1.28818 37.2929 84.163 0.423533 -0.174418 0.888931
-1.39843 36.3048 84.0105 0.423811 -0.193219 0.884901
-1.44917 35.3466 83.8259 0.424092 -0.192977 0.88482
-1.47278 34.3454 83.5981 0.420816 -0.209704 0.882568
-1.52256 33.5262 83.4193 0.411606 -0.220023 0.884404
-1.60633 32.4645 83.1851 0.41223 -0.23489 0.880259
-1.69198 31.5588 82.9861 0.415769 -0.240823 0.876964
-1.85039 30.3956 82.7321 0.405498 -0.253092 0.878316
-2.08177 29.3773 82.5389 0.410688 -0.264068 0.872668
-2.52169 28.2415 82.394 0.401271 -0.278017 0.87266
-2.81029 27.5574 82.3005 0.403724 -0.286578 0.868838
-3.50476 27.5197 82.6171 0.414741 -0.28961 0.862611
-4.33322 28.1031 83.2181 0.425937 -0.292633 0.856097
-4.93373 28.7346 83.7302 0.431986 -0.280322 0.857209
-5.42208 29.351 84.1851 0.443463 -0.271378 0.854221
-6.13626 30.2082 84.8411 0.459137 -0.268295 0.846824
-6.55931 30.7331 85.2298 0.464792 -0.261556 0.845876
-6.98911 31.2763 85.6402 0.470435 -0.255874 0.844477
-7.44568 31.8065 86.0527 0.479517 -0.252788 0.840334
-7.92632 32.3507 86.4907 0.480106 -0.243299 0.842738
-8.3815 32.8351 86.8925 0.492349 -0.236847 0.837553
-8.79881 33.3265 87.2785 0.500933 -0.233483 0.833355
-9.15068 33.7827 87.6122 0.500509 -0.225421 0.835868
-9.96551 32.7931 87.8285 0.508528 -0.240936 0.826627
-10.4944 33.4903 88.3522 0.511095 -0.228884 0.828489
-11.1123 34.2648 88.9558 0.523138 -0.222462 0.822701
-11.6075 34.8295 89.4213 0.533699 -0.214261 0.818082
-11.9549 35.3814 89.7925 0.5335 -0.204885 0.820551
-12.3531 35.9738 90.1963 0.54101 -0.198876 0.817164
-12.7841 36.6408 90.644 0.542199 -0.190679 0.818286
-13.2022 37.2595 91.0632 0.550822 -0.181546 0.814617
-13.5789 37.7975 91.4385 0.557737 -0.179641 0.810336
-14.0617 38.4957 91.9148 0.560653 -0.164004 0.811647
-14.425 39.0522 92.2769 0.562581 -0.155806 0.811928
-14.9235 39.9 92.786 0.563379 -0.147522 0.812874
-15.3439 40.7976 93.2405 0.575416 -0.13931 0.805909
-15.5776 41.4984 93.5242 0.578589 -0.132793 0.804736
-15.3476 42.8065 93.5521 0.571685 -0.119526 0.811703
-14.6162 42.8058 93.0399 0.571783 -0.105531 0.813589
-13.4882 42.7174 92.2568 0.55514 -0.115243 0.823655
-12.7977 42.6749 91.782 0.551588 -0.12396 0.824826
-12.1632 42.6571 91.3647 0.540652 -0.125595 0.831818
-11.385 42.6339 90.8554 0.540903 -0.125924 0.831605
-10.6474 42.599 90.3796 0.534548 -0.115674 0.837185
-9.93001 42.5306 89.9183 0.523253 -0.119621 0.84374
-9.20761 42.4715 89.4613 0.518868 -0.121415 0.846169
-8.47934 42.4293 89.0142 0.515174 -0.121538 0.848423
-7.81445 42.3498 88.6049 0.504626 -0.118792 0.855126
-7.17464 42.2829 88.2181 0.503379 -0.120002 0.85569
-6.40833 42.1948 87.7642 0.494557 -0.132913 0.858922
-5.19523 42.0584 87.056 0.483561 -0.129002 0.865752
-4.24664 41.9817 86.5212 0.470097 -0.126269 0.873536
-3.57841 41.9232 86.1512 0.46666 -0.132175 0.87448
-2.63889 41.711 85.6234 0.459328 -0.125201 0.879349
-1.86728 41.611 85.2168 0.449195 -0.125911 0.884517
-1.18497 41.5517 84.866 0.437172 -0.132032 0.889631
-0.488506 41.487 84.5128 0.438294 -0.133599 0.888847
0.194148 41.2569 84.1593 0.420325 -0.131756 0.897757
0.280264 40.3369 83.9728 0.424192 -0.144847 0.893913
0.156201 39.5749 83.9057 0.421732 -0.155701 0.89323
0.00718021 38.4078 83.7649 0.421612 -0.163315 0.891945
-0.0731174 37.6191 83.6494 0.422038 -0.175672 0.889395
-0.147077 36.8195 83.5275 0.40724 -0.186169 0.894139
-0.231581 35.8845 83.3682 0.404952 -0.188955 0.894601
-0.295303 34.9987 83.203 0.404753 -0.206124 0.890874
-0.319776 34.2621 83.0399 0.401502 -0.210737 0.891283
-0.35677 33.1916 82.7962 0.397544 -0.22424 0.889761
-0.432748 32.1876 82.5726 0.400476 -0.233549 0.886043
-0.493357 31.434 82.4018 0.399651 -0.241294 0.884298
-0.622313 30.479 82.19 0.394739 -0.246945 0.884972
-0.802179 29.6382 82.0285 0.39003 -0.259484 0.883484
-1.09004 28.7891 81.9022 0.394082 -0.268803 0.878868
-1.35287 28.0752 81.8036 0.401273 -0.278011 0.872661
-1.62048 27.1678 81.6267 0.395938 -0.286287 0.87251
-1.94915 26.4067 81.5186 0.389684 -0.297678 0.871512
-2.78126 25.6749 81.6401 0.394324 -0.308285 0.865719
-3.46163 25.844 82.0138 0.408184 -0.307388 0.859592
-4.17855 26.2704 82.505 0.41342 -0.30299 0.858606
-5.06403 26.9339 83.1776 0.424085 -0.309327 0.851127
-5.63343 27.4968 83.6683 0.435642 -0.293232 0.851018
-6.08262 28.0708 84.0976 0.437 -0.295033 0.849698
-6.51028 28.6447 84.5236 0.454235 -0.293916 0.840997
-7.22867 29.478 85.1962 0.465986 -0.279267 0.839532
-7.61736 30.0097 85.5945 0.47121 -0.263472 0.84175
-8.03547 30.5357 85.9948 0.48228 -0.27056 0.833189
-8.58138 31.1791 86.5197 0.483383 -0.259951 0.83585
-9.03448 31.6697 86.9342 0.494942 -0.252225 0.831504
-9.46909 32.1613 87.345 0.503978 -0.247044 0.827593
-9.81809 32.5966 87.6824 0.503788 -0.239378 0.829997
-10.7227 31.7209 87.9818 0.513397 -0.254021 0.819693
-11.3124 32.4991 88.5885 0.523955 -0.241258 0.816846
-11.7787 33.1012 89.0599 0.529854 -0.237421 0.81413
-12.2334 33.6617 89.5183 0.534393 -0.226613 0.814291
-12.7894 34.3814 90.0845 0.547426 -0.214698 0.808844
-13.214 35.0077 90.5361 0.545775 -0.211352 0.810839
-13.884 36.0496 91.2511 0.553653 -0.19556 0.809459
-14.2419 36.5975 91.6301 0.567676 -0.184533 0.802243
-14.6265 37.164 92.0249 0.567937 -0.174828 0.80429
-15.2418 38.083 92.6581 0.57277 -0.164162 0.80311
-15.5817 38.6831 93.0235 0.571046 -0.158294 0.805474
-15.9724 39.3491 93.431 0.584982 -0.147464 0.797528
-16.2784 39.9869 93.774 0.587112 -0.141915 0.79694
-16.5509 40.7061 94.097 0.588213 -0.135213 0.797322
-16.7867 41.4992 94.4055 0.592653 -0.116545 0.796981
-17.0188 42.3893 94.7083 0.596257 -0.118995 0.793908
-17.1808 43.6185 94.9961 0.600615 -0.0996311 0.793306
-16.5915 44.2122 94.6328 0.590974 -0.0856398 0.802132
-15.9554 44.2109 94.1648 0.581407 -0.0864857 0.808977
-14.8946 44.1188 93.3972 0.573746 -0.100573 0.812809
-14.2065 44.0987 92.9206 0.562889 -0.101517 0.820274
-13.5051 44.0524 92.4362 0.552901 -0.0948465 0.827783
-12.5689 44.0062 91.8025 0.547984 -0.103039 0.830086
-11.7216 43.9731 91.2479 0.54372 -0.0971827 0.833602
-11.0322 43.9446 90.8028 0.534955 -0.0990528 0.839054
-10.0731 43.8827 90.1897 0.526999 -0.103476 0.843542
-9.35444 43.8177 89.7317 0.52775 -0.104524 0.842944
-8.62922 43.7309 89.2814 0.51374 -0.105291 0.85146
-7.95496 43.6671 88.8663 0.506759 -0.102729 0.855893
-7.15348 43.6252 88.3932 0.502311 -0.106447 0.85811
-6.08741 43.4785 87.7577 0.493508 -0.11531 0.862063
-5.29658 43.3992 87.2993 0.480546 -0.113357 0.869612
-4.40353 43.3118 86.7932 0.47779 -0.109008 0.871659
-3.68302 43.2325 86.3923 0.470863 -0.113787 0.874827
-2.98415 43.0799 85.9994 0.467545 -0.122744 0.875406
-2.31616 42.9693 85.6401 0.456906 -0.110223 0.88266
-1.55301 42.8958 85.2389 0.443087 -0.113746 0.889231
-0.756032 42.845 84.8368 0.441868 -0.112566 0.88999
-0.053396 42.7939 84.4902 0.423054 -0.114648 0.898822
0.754656 42.6437 84.0907 0.423146 -0.114547 0.898792
1.74234 42.4095 83.6093 0.406911 -0.124705 0.904905
1.79801 41.3935 83.4478 0.403915 -0.130295 0.905431
1.57439 40.6393 83.4321 0.403295 -0.139357 0.904396
1.39641 39.7892 83.3769 0.405402 -0.159004 0.900204
1.25169 38.7973 83.2669 0.406103 -0.158329 0.900006
1.15036 37.9845 83.162 0.40866 -0.170808 0.896561
1.08519 37.1461 83.0326 0.39374 -0.183084 0.900805
0.976168 36.0132 82.8495 0.392842 -0.182821 0.901249
0.914627 35.1671 82.6917 0.390288 -0.198833 0.898967
0.88104 34.0595 82.4551 0.389891 -0.215039 0.895397
0.83177 33.2396 82.2776 0.386273 -0.215462 0.896862
0.77977 32.236 82.048 0.384156 -0.229562 0.894273
0.746999 31.503 81.8737 0.38511 -0.243253 0.890235
0.625661 30.5312 81.6584 0.380386 -0.246344 0.891412
0.426217 29.6646 81.4988 0.3811 -0.254947 0.888687
0.0985395 28.5433 81.3092 0.38088 -0.266412 0.885412
-0.18386 27.6875 81.1681 0.380747 -0.285395 0.879535
-0.457477 26.8044 81 0.381026 -0.285193 0.879479
-0.772783 26.0934 80.8981 0.372401 -0.29143 0.881128
-1.34662 25.1241 80.8113 0.374053 -0.303825 0.876228
-1.84707 24.5548 80.8276 0.372777 -0.31193 0.873879
-2.8877 24.1939 81.1476 0.387123 -0.329371 0.861192
-3.59743 24.4005 81.5422 0.393361 -0.321253 0.861384
-4.3625 24.746 82.0292 0.401693 -0.328628 0.854756
-5.0175 25.2107 82.519 0.413079 -0.319435 0.852822
-5.73306 25.7401 83.0719 0.423281 -0.322324 0.846713
-6.27961 26.2264 83.5345 0.428037 -0.317938 0.845959
-6.78735 26.8048 84.0147 0.443437 -0.311118 0.840577
-7.21632 27.3517 84.4435 0.443448 -0.311119 0.84057
-7.76616 28.0635 85.0069 0.462834 -0.301176 0.833665
-8.18821 28.5673 85.4198 0.465879 -0.291505 0.835451
-8.65584 29.2043 85.9075 0.484035 -0.288612 0.826083
-9.21031 29.9003 86.4754 0.48398 -0.288503 0.826153
-9.81337 30.6243 87.0718 0.500346 -0.266809 0.823663
-10.2852 31.1674 87.5373 0.505269 -0.262651 0.822021
-10.6096 31.5737 87.8653 0.5134 -0.254012 0.819694
-11.5009 30.6869 88.1472 0.518513 -0.269982 0.811239
-12.085 31.4528 88.7625 0.528178 -0.255264 0.809796
-12.5377 32.0253 89.2436 0.533706 -0.243086 0.80998
-13.1223 32.7498 89.8537 0.547512 -0.238376 0.802083
-13.6294 33.4247 90.3912 0.551798 -0.232488 0.800886
-14.0194 33.9688 90.8128 0.55603 -0.218007 0.802062
-14.5612 34.8225 91.4187 0.565108 -0.204604 0.799244
-14.8998 35.3807 91.8022 0.573394 -0.199088 0.794652
-15.5107 36.2954 92.4584 0.576798 -0.191055 0.794216
-15.9571 36.9222 92.926 0.581623 -0.173262 0.794792
-16.3494 37.5362 93.3467 0.581511 -0.173111 0.794907
-16.721 38.2038 93.7568 0.588399 -0.158325 0.792874
-17.1356 39.0455 94.2346 0.592499 -0.152269 0.79105
-17.4764 39.8843 94.648 0.598808 -0.148318 0.787039
-17.7131 40.6524 94.9593 0.604 -0.135582 0.785327
-17.9974 41.5548 95.3274 0.609356 -0.116493 0.784292
-18.1577 42.2743 95.5589 0.610455 -0.117585 0.783272
-18.2957 43.1979 95.7925 0.613096 -0.101712 0.783433
-18.3254 43.9624 95.9134 0.615426 -0.0886513 0.783189
-18.1238 45.0379 95.8796 0.613858 -0.0903607 0.784228
-17.6021 45.533 95.5282 0.612562 -0.0780927 0.786456
-16.9279 45.606 95.0285 0.597716 -0.0743208 0.798256
-16.1639 45.581 94.4585 0.584199 -0.070396 0.808552
-15.4031 45.4939 93.903 0.576293 -0.0732154 0.813949
-14.6318 45.4201 93.3521 0.570713 -0.0843104 0.816788
-13.9571 45.4054 92.8824 0.563026 -0.0739454 0.823082
-13.0598 45.381 92.2774 0.554711 -0.074735 0.828677
-12.3821 45.354 91.8313 0.545644 -0.0712833 0.83498
-11.734 45.3064 91.4031 0.54519 -0.0914951 0.833304
-10.6697 45.2611 90.7176 0.536878 -0.0849561 0.839371
-9.83263 45.1816 90.1857 0.527138 -0.0819952 0.845815
-8.94197 45.0928 89.6292 0.51271 -0.0826615 0.854572
-8.01845 44.9829 89.0655 0.513382 -0.0930023 0.853031
-7.10367 44.9097 88.5194 0.500473 -0.0939045 0.86061
-6.32346 44.8568 88.0613 0.493273 -0.0934398 0.864826
-5.42897 44.7677 87.5376 0.495525 -0.0976668 0.863085
-4.50387 44.6796 87.0161 0.4801 -0.0958879 0.871957
-3.83433 44.5837 86.642 0.472753 -0.0939228 0.876175
-2.69925 44.3659 86.0131 0.457182 -0.110512 0.88248
-2.01182 44.2525 85.642 0.45073 -0.0949065 0.887599
-1.30298 44.1922 85.2768 0.449691 -0.0940335 0.888221
-0.383158 44.1674 84.82 0.431315 -0.098426 0.896817
0.592592 44.0234 84.3375 0.421085 -0.105641 0.900848
1.39137 43.8805 83.9482 0.40911 -0.0965008 0.907367
2.0809 43.7768 83.627 0.408429 -0.095709 0.907759
2.7591 43.6587 83.315 0.392482 -0.101097 0.914186
3.61054 43.2823 82.9088 0.384627 -0.102642 0.917312
3.36734 42.3128 82.8978 0.38047 -0.116708 0.917338
3.05852 41.3372 82.8944 0.388506 -0.123119 0.913184
2.81378 40.5372 82.8801 0.383694 -0.136924 0.913253
2.59094 39.6881 82.837 0.383354 -0.156885 0.910179
2.45995 38.7484 82.7334 0.391228 -0.159935 0.906254
2.33592 37.6017 82.5745 0.384598 -0.165147 0.908152
2.25998 36.7385 82.4385 0.376194 -0.180965 0.908697
2.189 35.9877 82.3174 0.377193 -0.192828 0.905836
2.15517 35.1931 82.161 0.375983 -0.194374 0.906011
2.05662 33.9257 81.9157 0.370913 -0.21355 0.903781
2.02991 33.0864 81.7283 0.379173 -0.211728 0.900732
2.02223 32.0046 81.4615 0.372077 -0.225035 0.90051
1.95232 31.2084 81.2838 0.367658 -0.243549 0.897503
1.81105 30.3459 81.1076 0.368077 -0.244268 0.897135
1.61864 29.4755 80.9405 0.373915 -0.253818 0.892056
1.29232 28.3574 80.7522 0.369281 -0.266845 0.890176
1.02668 27.6384 80.6441 0.363745 -0.281494 0.887947
0.75336 26.7854 80.4856 0.367643 -0.280006 0.886802
0.510824 26.0746 80.3547 0.361044 -0.288234 0.886887
0.111664 25.2312 80.2373 0.359751 -0.301544 0.882975
-0.345539 24.498 80.1751 0.360731 -0.3073 0.880562
-1.02814 23.6084 80.1368 0.360092 -0.313787 0.878562
-1.69797 22.9686 80.176 0.362651 -0.328932 0.871915
-2.46538 22.6245 80.3709 0.368823 -0.330752 0.868661
-3.42619 22.8888 80.8881 0.381719 -0.341265 0.858917
-4.2681 23.2087 81.3854 0.38958 -0.336256 0.857367
-5.14538 23.6656 81.9761 0.402106 -0.343105 0.848849
-5.75727 24.0611 82.4326 0.408344 -0.338186 0.847822
-6.27038 24.4407 82.8353 0.42184 -0.333369 0.843159
-6.97718 25.0588 83.4401 0.427958 -0.339314 0.837686
-7.64514 25.7496 84.0649 0.448847 -0.3229 0.83323
-8.07092 26.2854 84.5029 0.450574 -0.325504 0.831282
-8.57114 26.9276 85.0277 0.464087 -0.324821 0.824076
-9.13893 27.6261 85.6159 0.473631 -0.305948 0.825875
-9.60455 28.2128 86.1021 0.474591 -0.307598 0.82471
-10.2499 29.0817 86.812 0.491355 -0.302271 0.816825
-10.8591 29.8954 87.4657 0.506233 -0.281185 0.815218
-11.2003 30.3233 87.8293 0.514747 -0.280329 0.810216
-12.1898 29.5093 88.1763 0.520392 -0.294785 0.80143
-12.6493 30.0008 88.6506 0.529635 -0.279241 0.800923
-13.2849 30.9208 89.3856 0.530151 -0.26466 0.80554
-13.718 31.4322 89.8555 0.547943 -0.25846 0.795504
-14.1787 32.0508 90.3625 0.553008 -0.250555 0.794569
-14.7062 32.7673 90.9515 0.558011 -0.233335 0.796353
-15.1903 33.4867 91.5051 0.568095 -0.219187 0.793237
-15.5611 34.1596 91.9594 0.578427 -0.214534 0.786944
-16.1539 35.0983 92.636 0.583314 -0.206686 0.785478
-16.5325 35.6181 93.0443 0.587028 -0.186988 0.787676
-16.9089 36.1342 93.4474 0.592238 -0.190154 0.782966
-17.2773 36.7417 93.8665 0.595728 -0.171476 0.784668
-17.7244 37.5564 94.3828 0.606158 -0.16231 0.778606
-18.0124 38.1948 94.7365 0.602657 -0.154657 0.78287
-18.2877 38.8627 95.0802 0.603816 -0.148245 0.783208
-18.5412 39.5314 95.4037 0.607676 -0.147383 0.78039
-18.8022 40.2694 95.742 0.613306 -0.129197 0.779152
-19.0805 41.1398 96.1111 0.620582 -0.129576 0.773361
-19.2376 41.9199 96.3552 0.618726 -0.113749 0.777328
-19.3678 43.0259 96.6164 0.625377 -0.0997525 0.77392
-19.3829 43.7707 96.7263 0.616856 -0.0960872 0.781135
-19.3737 44.5995 96.8135 0.627885 -0.0904105 0.773037
-19.2393 45.3485 96.7867 0.626116 -0.0715022 0.776442
-18.949 46.1965 96.633 0.624679 -0.0729116 0.77747
-18.5094 46.7956 96.3368 0.611122 -0.0660094 0.788779
-17.896 47.0041 95.8793 0.610973 -0.0661949 0.788879
-17.2969 46.9888 95.4139 0.601958 -0.0643279 0.795849
-16.6878 46.9672 94.9614 0.598522 -0.0509583 0.799484
-15.7761 46.8623 94.2849 0.580851 -0.054151 0.812206
-14.9841 46.7687 93.7111 0.574606 -0.0551803 0.816524
-13.9581 46.6994 92.9973 0.568569 -0.0540274 0.820858
-13.1872 46.7307 92.4817 0.554053 -0.0520717 0.830851
-12.4767 46.722 92.0073 0.548942 -0.0549655 0.834025
-11.8363 46.6805 91.591 0.541061 -0.0557212 0.839135
-10.8452 46.5904 90.949 0.536491 -0.0649532 0.841403
-10.1598 46.5566 90.5144 0.520868 -0.0668588 0.851015
-9.4498 46.4853 90.0715 0.524019 -0.0699183 0.848832
-8.61028 46.3645 89.5527 0.513342 -0.0745776 0.854907
-7.90769 46.2871 89.1222 0.506571 -0.0820546 0.858252
-7.00131 46.223 88.59 0.502712 -0.075219 0.861129
-6.03362 46.1567 88.0259 0.495685 -0.0709584 0.865599
-5.35833 46.082 87.6331 0.492879 -0.0725324 0.867062
-4.70015 46.0151 87.2616 0.483515 -0.0762946 0.872005
-3.70332 45.912 86.7062 0.473391 -0.0789159 0.87731
-2.88153 45.7521 86.2512 0.462567 -0.0884547 0.882161
-1.98767 45.5847 85.7698 0.453648 -0.0794676 0.887631
-1.20687 45.5135 85.3652 0.445002 -0.0796685 0.891953
-0.250294 45.4701 84.8918 0.440077 -0.0852134 0.893873
0.487696 45.3755 84.5298 0.429483 -0.0769536 0.89979
1.18199 45.2674 84.1904 0.415926 -0.0797185 0.905898
1.95967 45.1535 83.8232 0.412951 -0.0868078 0.906607
2.67055 45.0144 83.4951 0.398002 -0.0854025 0.913401
3.80358 44.825 82.9957 0.38014 -0.0903726 0.920503
4.58981 44.7125 82.6618 0.368899 -0.0969411 0.9244
5.44952 44.4938 82.3007 0.360297 -0.0916937 0.92832
5.50768 43.8605 82.2127 0.362654 -0.103943 0.926109
5.12409 43.1985 82.2872 0.359964 -0.108191 0.926672
4.74058 42.4581 82.3497 0.360752 -0.109352 0.926228
4.40233 41.6202 82.3767 0.369795 -0.118994 0.921462
4.14526 40.6162 82.3407 0.366386 -0.147518 0.918695
3.8923 39.8688 82.3256 0.374458 -0.151345 0.914809
3.71108 38.9801 82.2528 0.37524 -0.157689 0.913392
3.59353 37.9613 82.1179 0.376686 -0.163295 0.911834
3.52953 37.2189 82.0035 0.380399 -0.174785 0.908156
3.46494 36.4729 81.8868 0.377302 -0.186121 0.907178
3.424 35.6512 81.7349 0.365621 -0.18629 0.911931
3.35424 34.8693 81.5948 0.36471 -0.202951 0.908734
3.26822 34.1015 81.46 0.374142 -0.205476 0.90428
3.2878 33.3094 81.2627 0.372444 -0.216156 0.902531
3.25063 32.5323 81.0919 0.369763 -0.221939 0.902207
3.21608 31.7741 80.9115 0.358729 -0.229344 0.904828
3.20499 31.0119 80.721 0.359132 -0.242016 0.901361
3.05332 30.275 80.5804 0.355858 -0.246207 0.901525
2.80904 29.1505 80.3646 0.359938 -0.253916 0.897759
2.46741 28.0006 80.1664 0.357527 -0.267996 0.894624
2.18968 27.2933 80.0645 0.356759 -0.278788 0.891628
1.91978 26.5963 79.9546 0.358192 -0.278029 0.891289
1.69007 25.8686 79.8128 0.349693 -0.285401 0.892335
1.33148 25.0092 79.6719 0.348245 -0.2984 0.888635
0.939727 24.3717 79.6135 0.349565 -0.303401 0.886401
0.320485 23.4312 79.5294 0.350029 -0.313661 0.882646
-0.208589 22.7547 79.4936 0.347517 -0.320133 0.881332
-0.807598 22.1312 79.5006 0.345002 -0.33149 0.878115
-1.41774 21.6371 79.5549 0.350824 -0.334409 0.874671
-2.19325 21.2573 79.7225 0.353089 -0.350697 0.867375
-3.01954 21.2418 80.0538 0.361032 -0.35304 0.863118
-3.78617 21.5066 80.4898 0.366887 -0.348245 0.862578
-4.60037 21.8834 81.0007 0.384567 -0.34863 0.854731
-5.52267 22.3459 81.6123 0.393488 -0.356821 0.847258
-6.19839 22.7692 82.1122 0.406398 -0.36057 0.839541
-6.73787 23.1355 82.5307 0.408738 -0.352692 0.841706
-7.316 23.5403 82.9894 0.419277 -0.350996 0.837263
-7.79569 23.9793 83.4216 0.428861 -0.356577 0.830019
-8.32933 24.4861 83.9151 0.436768 -0.355644 0.82624
-8.85216 25.1343 84.4675 0.452411 -0.337485 0.825487
-9.23052 25.65 84.889 0.454794 -0.340706 0.82285
-9.81976 26.3984 85.5277 0.472789 -0.324009 0.819444
-10.427 27.1069 86.1683 0.483513 -0.325885 0.812396
-10.9344 27.7601 86.7265 0.490742 -0.321763 0.809661
-11.324 28.3482 87.1982 0.506263 -0.299787 0.808595
-11.8129 29.047 87.7631 0.506041 -0.299334 0.808902
-11.9424 29.2175 87.9071 0.513539 -0.297875 0.804656
-12.92 28.3809 88.2212 0.511946 -0.318528 0.797779
-13.3071 28.8612 88.6678 0.535368 -0.307468 0.786468
-13.7701 29.4531 89.1986 0.536418 -0.290802 0.792269
-14.2644 30.0412 89.762 0.548504 -0.284361 0.786127
-14.7086 30.5702 90.2497 0.549404 -0.268256 0.791324
-15.0639 31.1062 90.6893 0.562281 -0.262235 0.784147
-15.5298 31.7719 91.2324 0.565755 -0.252264 0.78502
-16.0235 32.4467 91.8015 0.569044 -0.239322 0.786711
-16.4329 33.259 92.3457 0.58327 -0.220373 0.781813
-16.7921 33.8989 92.7957 0.59029 -0.21589 0.777735
-17.2154 34.4837 93.2709 0.588866 -0.20846 0.780884
-17.8607 35.4142 93.9992 0.597439 -0.193324 0.778263
-18.2044 35.9781 94.4032 0.607695 -0.19076 0.770884
-18.6259 36.732 94.9056 0.614155 -0.1697 0.770724
-19.0745 37.7985 95.4922 0.616647 -0.156831 0.77146
-19.3415 38.5051 95.8494 0.615761 -0.149426 0.773596
-19.6538 39.2613 96.2433 0.622191 -0.146118 0.769108
-19.9395 40.0853 96.6221 0.626162 -0.130886 0.768584
-20.1391 40.851 96.9188 0.631306 -0.128685 0.764777
-20.2902 41.5823 97.1582 0.633952 -0.112081 0.765208
-20.4009 42.4352 97.3749 0.634025 -0.112193 0.765131
-20.4454 43.3084 97.529 0.63741 -0.0981381 0.764249
-20.4125 44.4933 97.6454 0.6391 -0.0873832 0.764144
-20.3169 45.2374 97.6488 0.6325 -0.0722278 0.771155
-20.193 45.9952 97.6193 0.637449 -0.0743627 0.766895
-19.7001 47.3078 97.3219 0.635047 -0.0582763 0.770272
-19.2643 48.0317 97.0193 0.622072 -0.0514533 0.781267
-18.6501 48.3136 96.5474 0.619325 -0.0296282 0.784575
-18.0505 48.3587 96.076 0.609222 -0.0310889 0.792365
-17.1066 48.3189 95.3523 0.600778 -0.0445144 0.798139
-16.2281 48.2613 94.6966 0.592339 -0.0332352 0.804963
-15.4351 48.1494 94.1195 0.584774 -0.0338817 0.810488
-14.8222 48.0747 93.6794 0.569098 -0.0374989 0.821402
-14.1034 48.0307 93.1839 0.567597 -0.0441931 0.822071
-13.4141 48.0717 92.7179 0.558556 -0.0390035 0.82855
-12.4119 48.0536 92.0533 0.545233 -0.0414677 0.837258
-11.6327 47.9919 91.5452 0.536361 -0.0453651 0.842767
-10.9361 47.9416 91.1005 0.535243 -0.0445554 0.843522
-10.2662 47.8602 90.6747 0.525049 -0.0480489 0.849708
-9.57941 47.8099 90.2503 0.52258 -0.0464447 0.851324
-8.87869 47.7528 89.8193 0.512618 -0.0504874 0.857129
-7.81816 47.5958 89.1731 0.508687 -0.0646565 0.858499
-6.97768 47.5151 88.6758 0.505402 -0.0590379 0.860846
-6.13817 47.4991 88.191 0.497257 -0.0580235 0.865661
-5.37474 47.4305 87.7519 0.491436 -0.0595257 0.868877
-4.45406 47.3065 87.2298 0.481064 -0.066174 0.87418
-3.58124 47.2427 86.7454 0.46975 -0.0689802 0.880057
-2.53929 47.0473 86.1846 0.465454 -0.0657047 0.882604
-1.54242 46.8634 85.6575 0.452849 -0.0592734 0.889615
-0.832211 46.8245 85.2934 0.446723 -0.0626574 0.892443
-0.0671978 46.7841 84.9174 0.437004 -0.0635298 0.897213
0.988207 46.6508 84.403 0.424065 -0.0674214 0.903119
1.75078 46.5315 84.0391 0.409955 -0.0709711 0.909336
2.51451 46.4234 83.6887 0.401684 -0.0709696 0.912998
3.23867 46.2655 83.3589 0.399318 -0.0785719 0.913439
4.14955 46.1534 82.9723 0.38226 -0.0773235 0.920807
5.13549 45.9971 82.5662 0.361945 -0.0742514 0.929197
5.82021 45.8324 82.2877 0.358845 -0.082611 0.929734
6.7718 45.5244 81.9028 0.346372 -0.0911 0.933663
7.87313 45.3461 81.4881 0.328699 -0.0898345 0.940152
8.47718 45.2193 81.2641 0.323948 -0.100558 0.940711
7.89773 44.4764 81.3907 0.333345 -0.102705 0.937189
7.28934 44.0087 81.5569 0.338823 -0.100634 0.935452
6.70443 43.3932 81.7041 0.351042 -0.102874 0.930688
6.23423 42.6777 81.7956 0.35383 -0.115844 0.928108
5.74656 41.6583 81.8522 0.359101 -0.126612 0.924671
5.46805 40.8365 81.8478 0.364453 -0.122803 0.923064
5.17749 39.9735 81.8283 0.364392 -0.144132 0.920024
4.93906 39.1119 81.7827 0.364475 -0.157236 0.917843
4.84076 38.2593 81.6751 0.36392 -0.164719 0.916734
4.77778 37.3694 81.5353 0.359021 -0.168062 0.918048
4.68362 36.3561 81.3774 0.358895 -0.177892 0.916248
4.63814 35.4709 81.2162 0.353258 -0.188195 0.916397
4.55213 34.6824 81.0789 0.357506 -0.19759 0.912769
4.53435 33.9072 80.912 0.358548 -0.214675 0.908492
4.57619 33.0221 80.6854 0.353512 -0.220112 0.909157
4.49111 31.8125 80.419 0.352214 -0.230089 0.907189
4.37711 30.8179 80.2057 0.351213 -0.240679 0.904829
4.24271 29.8372 79.9934 0.349576 -0.249777 0.903
4.06498 29.0423 79.8399 0.349055 -0.254412 0.901906
3.8271 28.1524 79.6758 0.348749 -0.265012 0.898967
3.5581 27.3143 79.5338 0.34913 -0.269557 0.897449
3.16147 26.5104 79.4412 0.348823 -0.274585 0.896061
2.86282 25.789 79.3306 0.34598 -0.287227 0.893195
2.55652 24.8408 79.142 0.337531 -0.296265 0.893468
2.14782 24.1774 79.0788 0.341097 -0.295015 0.892535
1.74565 23.5011 78.9986 0.340049 -0.305899 0.88926
1.33369 22.8234 78.9189 0.338011 -0.314848 0.886914
0.837868 22.1478 78.8652 0.333285 -0.319087 0.887189
0.283342 21.5447 78.8576 0.337856 -0.330508 0.881258
-0.270987 20.978 78.857 0.334836 -0.334621 0.880849
-1.11442 20.321 78.9227 0.337852 -0.340657 0.877351
-1.88948 19.9577 79.0802 0.339024 -0.359333 0.86945
-2.995 19.8982 79.492 0.347677 -0.357832 0.866647
-3.73728 20.0629 79.8647 0.359368 -0.361628 0.860279
-4.80508 20.4823 80.4978 0.374775 -0.361941 0.853547
-5.48015 20.8141 80.9367 0.38375 -0.367319 0.847218
-6.0661 21.0902 81.3256 0.387872 -0.365697 0.846062
-6.63102 21.4493 81.7473 0.400387 -0.369781 0.838422
-7.43043 22.0146 82.3835 0.404192 -0.375338 0.834116
-8.08487 22.508 82.9302 0.414755 -0.374945 0.829092
-8.63339 22.9436 83.4063 0.434394 -0.376645 0.818192
-9.16536 23.4196 83.9028 0.43517 -0.366966 0.82217
-9.67524 24.0115 84.4424 0.452969 -0.352156 0.819027
-10.1929 24.7378 85.0468 0.457367 -0.357252 0.814362
-10.7643 25.51 85.71 0.479204 -0.338373 0.809856
-11.3305 26.1485 86.3108 0.478717 -0.337039 0.8107
-11.8129 26.7116 86.8445 0.492306 -0.332591 0.804374
-12.246 27.4115 87.4044 0.507385 -0.324996 0.798031
-12.595 27.9587 87.8441 0.511355 -0.317534 0.798553
-12.7396 28.1488 88.0127 0.51195 -0.318526 0.797777
-13.572 27.1648 88.1521 0.519195 -0.335983 0.785845
-14.0308 27.702 88.6819 0.528626 -0.319337 0.786441
-14.6848 28.5202 89.4692 0.534909 -0.323603 0.780482
-15.1664 29.0452 90.0174 0.56314 -0.289258 0.774082
-15.7338 29.7634 90.7005 0.565034 -0.281371 0.775539
-16.0585 30.3156 91.1284 0.564737 -0.271784 0.779234
-16.4268 30.8857 91.5994 0.576691 -0.266117 0.772353
-16.8257 31.3695 92.0573 0.577218 -0.257517 0.774922
-17.1436 31.9616 92.4881 0.587032 -0.235771 0.774428
-17.4807 32.6908 92.9705 0.59366 -0.234748 0.769715
-17.837 33.2597 93.4079 0.595908 -0.223529 0.771291
-18.3961 33.9303 94.0332 0.603276 -0.208431 0.769815
-18.7426 34.5676 94.4773 0.611472 -0.209658 0.762982
-19.1899 35.2881 95.0192 0.616138 -0.190774 0.764185
-19.5116 35.8499 95.4169 0.624512 -0.186074 0.758526
-19.8746 36.7055 95.9056 0.625882 -0.17196 0.760695
-20.2451 37.7643 96.4385 0.628282 -0.156074 0.762162
-20.6149 38.5891 96.9076 0.627935 -0.147239 0.764186
-20.8765 39.2566 97.2474 0.637143 -0.137435 0.758393
-21.0416 39.9795 97.5171 0.631306 -0.128686 0.764777
-21.2703 40.8751 97.8581 0.643569 -0.123893 0.755294
-21.3888 41.6739 98.0875 0.642833 -0.113089 0.757592
-21.4682 42.8701 98.3254 0.645207 -0.108563 0.756255
-21.4769 43.788 98.451 0.647147 -0.09559 0.756348
-21.4084 44.8798 98.5214 0.647528 -0.082295 0.757585
-21.2123 46.073 98.476 0.646836 -0.0715704 0.759264
-20.8828 47.285 98.3007 0.646199 -0.0605613 0.760763
-20.5958 47.9991 98.1128 0.64682 -0.0468428 0.761199
-20.0361 49.3029 97.7158 0.634101 -0.038079 0.772312
-19.4896 49.6481 97.2803 0.631051 -0.0148913 0.775598
-18.7423 49.6653 96.6712 0.626736 -0.0338256 0.778426
-18.1109 49.688 96.1792 0.615809 -0.00781542 0.787857
-17.4992 49.6652 95.7008 0.609132 -0.0105731 0.792949
-16.8884 49.6314 95.2412 0.600562 -0.0115042 0.799495
-15.9823 49.5991 94.5727 0.587822 -0.0189811 0.808768
-15.3164 49.4799 94.0889 0.574393 -0.0235633 0.818239
-14.3644 49.3151 93.4178 0.567485 -0.0250765 0.822968
-13.415 49.3955 92.7779 0.556371 -0.0286476 0.830425
-12.6909 49.4063 92.3006 0.549855 -0.0291475 0.834752
-11.8139 49.3207 91.7288 0.538405 -0.0294097 0.842173
-11.008 49.2989 91.2146 0.529917 -0.0320063 0.847435
-10.3135 49.2406 90.7821 0.52653 -0.0307102 0.849602
-9.6545 49.1115 90.3674 0.525049 -0.048057 0.849707
-8.9616 49.0867 89.9492 0.515018 -0.0426966 0.85607
-8.17176 49.0172 89.4701 0.512355 -0.03503 0.858047
-6.97533 48.7839 88.7542 0.506453 -0.0532016 0.860624
-6.16907 48.8166 88.2914 0.497816 -0.047962 0.865955
-5.4726 48.7686 87.891 0.493833 -0.046014 0.868338
-4.75485 48.6538 87.4821 0.483567 -0.046664 0.874063
-3.67608 48.5905 86.8852 0.47089 -0.049814 0.88074
-2.8921 48.5278 86.4694 0.468816 -0.0503619 0.881853
-2.06593 48.2616 86.0226 0.45903 -0.0551514 0.886669
-1.3892 48.1398 85.6645 0.44673 -0.0626618 0.89244
-0.714883 48.1771 85.334 0.444913 -0.0482157 0.894275
0.0566795 48.1319 84.9516 0.429935 -0.0536639 0.901263
1.08496 47.9703 84.4527 0.423063 -0.0559057 0.904345
1.9184 47.847 84.0634 0.414813 -0.0570694 0.908115
2.84786 47.6809 83.638 0.400389 -0.0570403 0.914568
3.70837 47.5239 83.2576 0.379471 -0.0573278 0.923404
4.85847 47.3611 82.7828 0.373188 -0.0553905 0.926099
5.77802 47.2683 82.4234 0.357256 -0.0666785 0.931623
6.76924 46.9709 82.0317 0.344966 -0.0749512 0.935618
7.69957 46.7336 81.6761 0.327371 -0.0772241 0.941735
8.47137 46.6791 81.4035 0.320623 -0.0789578 0.943883
9.23862 46.6422 81.1444 0.311781 -0.0869834 0.946164
10.355 46.2343 80.7508 0.299962 -0.097418 0.948964
11.1938 45.8507 80.4441 0.300348 -0.109776 0.947491
11.8382 45.956 80.2575 0.291562 -0.111675 0.950011
12.6282 45.9409 80.0149 0.285189 -0.110886 0.952035
13.3496 45.8431 79.7879 0.278942 -0.113356 0.953594
13.1557 45.2505 79.7737 0.28479 -0.119831 0.951058
12.4246 45.0505 79.9697 0.290225 -0.115465 0.949959
11.8178 44.9046 80.1393 0.291 -0.112708 0.950061
11.0277 44.7623 80.3702 0.301391 -0.11029 0.947101
10.1314 44.4203 80.6219 0.312343 -0.1061 0.944009
9.45522 43.9759 80.7946 0.313804 -0.111432 0.942926
8.62349 43.4417 81.0183 0.328508 -0.113258 0.937686
7.98615 42.9336 81.1812 0.329824 -0.111888 0.937389
7.44342 42.2823 81.2988 0.344897 -0.120161 0.930873
7.03247 41.5259 81.3466 0.345605 -0.129117 0.929455
6.71921 40.6855 81.3492 0.351517 -0.143866 0.925061
6.39798 39.7696 81.3289 0.352333 -0.1473 0.924202
6.13802 39.0692 81.3139 0.352224 -0.152464 0.923412
6.09419 38.1065 81.1634 0.353481 -0.16572 0.920645
5.98493 37.1182 81.0242 0.344295 -0.171744 0.92302
5.93771 36.3101 80.8871 0.347268 -0.182029 0.919928
5.87146 35.4241 80.7334 0.346739 -0.192986 0.917894
5.7895 34.4839 80.5638 0.345528 -0.197601 0.917368
5.80919 33.6473 80.3621 0.343963 -0.212314 0.91466
5.85556 32.9158 80.17 0.346426 -0.218973 0.912162
5.7852 31.9578 79.9601 0.346408 -0.230476 0.909331
5.66789 31.0612 79.7769 0.339719 -0.237622 0.910015
5.56979 30.2206 79.5942 0.340305 -0.243868 0.908117
5.47812 29.4813 79.4245 0.339539 -0.251491 0.906346
5.25208 28.6101 79.2652 0.339655 -0.254323 0.905514
5.05298 27.7611 79.0924 0.338801 -0.263078 0.903325
4.83415 26.9404 78.9338 0.340055 -0.271123 0.900475
4.29611 25.8811 78.8183 0.338414 -0.277245 0.899202
4.21882 24.9423 78.5507 0.332818 -0.280572 0.900269
3.58636 24.2696 78.5679 0.33307 -0.295559 0.895382
3.1332 23.4354 78.4571 0.329361 -0.303617 0.894057
2.68837 22.7384 78.3822 0.328917 -0.308089 0.89268
2.1339 21.9392 78.3073 0.329573 -0.317004 0.88932
1.52634 21.1199 78.2361 0.328704 -0.326827 0.88608
0.885987 20.4382 78.22 0.326491 -0.331073 0.885321
0.345102 19.9096 78.2173 0.31838 -0.340937 0.884531
-0.354665 19.3034 78.2388 0.327517 -0.349064 0.877972
-1.47556 18.6763 78.3977 0.31799 -0.361121 0.876594
-2.27868 18.5884 78.6621 0.32711 -0.3683 0.870261
-3.065 18.6075 78.9728 0.338274 -0.368016 0.866103
-3.9853 18.7689 79.4037 0.339667 -0.383178 0.858954
-4.61918 18.9839 79.756 0.355553 -0.387043 0.850753
-5.35621 19.2631 80.1909 0.360302 -0.392188 0.846343
-5.93856 19.5605 80.5831 0.373398 -0.376934 0.847641
-6.57664 19.9023 81.0189 0.385374 -0.384406 0.838857
-7.42605 20.3525 81.6227 0.391788 -0.385605 0.835348
-8.04768 20.8014 82.1264 0.396713 -0.385978 0.832851
-8.55878 21.196 82.5623 0.403082 -0.393506 0.826243
-9.29773 21.7765 83.2172 0.423199 -0.398887 0.813506
-9.79881 22.1669 83.664 0.436766 -0.381477 0.814661
-10.4532 22.86 84.3471 0.442676 -0.376261 0.813892
-10.9696 23.5434 84.9523 0.457096 -0.372776 0.807526
-11.3856 24.1558 85.4723 0.459627 -0.373292 0.805848
-11.7462 24.652 85.9097 0.478848 -0.356191 0.802392
-12.2087 25.1631 86.4178 0.488712 -0.365679 0.792111
-12.799 25.7432 87.0417 0.495039 -0.344156 0.797793
-13.1568 26.4519 87.5793 0.510713 -0.344747 0.787605
-13.4999 27.0778 88.0673 0.516822 -0.333269 0.788547
-14.382 26.1027 88.226 0.518429 -0.34496 0.782437
-14.9759 26.6437 88.8707 0.530925 -0.348839 0.772289
-15.3688 27.1649 89.3842 0.555708 -0.337782 0.759618
-15.8501 27.9294 90.0649 0.556743 -0.320941 0.766151
-16.4878 28.5725 90.8116 0.577954 -0.309304 0.755182
-16.8015 29.1652 91.2649 0.572063 -0.277419 0.771859
-17.1301 29.6886 91.6965 0.570151 -0.282214 0.771546
-17.5018 30.1697 92.1515 0.582647 -0.271494 0.766038
-17.9294 30.7004 92.6679 0.585032 -0.274794 0.763037
-18.23 31.3442 93.1277 0.600008 -0.253994 0.758544
-18.5805 32.1748 93.6688 0.598695 -0.2335 0.766186
-19.0138 32.661 94.1608 0.608458 -0.22621 0.760625
-19.4607 33.1978 94.6732 0.610209 -0.218849 0.761413
-19.8009 33.9258 95.1506 0.61356 -0.210597 0.761047
-20.1872 34.6663 95.6846 0.633073 -0.201233 0.747231
-20.4785 35.3077 96.0863 0.633229 -0.181068 0.752483
-20.8388 35.9579 96.5382 0.630956 -0.173436 0.756184
-21.1607 36.8824 97.0189 0.640683 -0.159273 0.751104
-21.4449 37.6416 97.4177 0.640796 -0.146853 0.753511
-21.7546 38.2503 97.8012 0.643977 -0.144033 0.751362
-21.9578 38.9144 98.0999 0.643802 -0.139519 0.752365
-22.0917 39.6303 98.345 0.645987 -0.129108 0.752316
-22.2838 40.4696 98.6556 0.649434 -0.126212 0.749864
-22.3744 41.2885 98.8663 0.650598 -0.118833 0.750067
-22.4992 42.2902 99.1258 0.650412 -0.105345 0.752241
-22.5218 43.1055 99.2565 0.650082 -0.100068 0.753246
-22.4843 43.9023 99.3308 0.653776 -0.0955877 0.750591
-22.4106 44.809 99.3741 0.654755 -0.0823163 0.751308
-22.336 45.7147 99.4007 0.652563 -0.0760349 0.75391
-22.0311 46.8902 99.2469 0.659094 -0.0653735 0.749214
-21.8352 47.6921 99.1445 0.655936 -0.0561976 0.752652
-21.5975 48.523 98.9961 0.654155 -0.0523586 0.754546
-21.2562 49.1419 98.7442 0.646816 -0.0468488 0.761203
-20.9452 50.4363 98.5262 0.659135 -0.0245392 0.751552
-20.3351 50.9959 98.0183 0.648725 -0.0179796 0.760811
-19.7323 50.9726 97.4997 0.649153 0.018224 0.760151
-18.8566 50.9976 96.7825 0.63426 0.00430541 0.772994
-18.2439 51.0176 96.2926 0.619331 0.0152472 0.784982
-17.6191 50.9978 95.8087 0.601358 0.00552024 0.798953
-16.8396 50.9387 95.2189 0.599193 0.00186585 0.800583
-16.1436 50.9408 94.7112 0.587605 0.00560231 0.809129
-15.2761 50.8606 94.0987 0.575032 -0.0133572 0.818022
-14.2917 50.6661 93.4116 0.564134 -0.0127017 0.825586
-13.5136 50.7629 92.8903 0.55329 -0.0213969 0.832714
-12.6306 50.7269 92.3036 0.548486 -0.0198455 0.83591
-11.8696 50.6293 91.8067 0.540155 -0.0194694 0.841318
-11.1936 50.6166 91.3797 0.533175 -0.021348 0.845735
-10.2341 50.5812 90.7808 0.524066 -0.0213138 0.851411
-9.57566 50.4435 90.3697 0.520192 -0.0315037 0.853443
-8.92034 50.4144 89.9751 0.516929 -0.0226719 0.85568
-8.14067 50.4112 89.5081 0.507495 -0.0239109 0.861316
-7.3111 50.1837 89.0103 0.508752 -0.0314984 0.860324
-6.353 50.1558 88.4547 0.494759 -0.027362 0.868578
-5.40219 50.1639 87.9157 0.495068 -0.0368431 0.868073
-4.54158 49.9528 87.4313 0.475622 -0.0420455 0.878639
-3.85081 49.8963 87.0518 0.483526 -0.038277 0.874464
-2.97848 49.8494 86.5774 0.469505 -0.0298037 0.882426
-2.32199 49.6899 86.2267 0.459706 -0.03539 0.887363
-1.48816 49.5376 85.7881 0.451695 -0.0449846 0.890978
-0.655553 49.5601 85.3758 0.442768 -0.038189 0.895811
0.289592 49.4454 84.9131 0.434227 -0.0355061 0.900104
1.17809 49.2865 84.4914 0.417884 -0.0451468 0.907378
1.91451 49.1599 84.1459 0.415117 -0.0474451 0.908522
2.674 49.0878 83.8012 0.407753 -0.0458537 0.91194
3.48049 48.9375 83.4375 0.389842 -0.0432923 0.919863
4.30124 48.8435 83.0912 0.366268 -0.0445086 0.929444
4.99502 48.7349 82.8118 0.360984 -0.0557683 0.930829
5.76884 48.6478 82.5123 0.359159 -0.0335753 0.932672
6.56827 48.504 82.2186 0.329705 -0.0539943 0.942372
7.37654 48.2188 81.9064 0.33417 -0.0680111 0.940046
8.18995 48.0409 81.6085 0.318964 -0.0689962 0.945176
9.03271 48.0136 81.3315 0.303457 -0.0758992 0.949785
9.77551 47.9087 81.0912 0.295286 -0.0792033 0.95212
10.8515 47.6218 80.7413 0.280164 -0.0961298 0.955088
11.6715 47.3294 80.4637 0.286971 -0.105631 0.952096
12.4584 47.244 80.2161 0.286553 -0.107413 0.952024
13.568 47.2308 79.8822 0.284993 -0.106671 0.952576
14.7246 46.8776 79.5254 0.254718 -0.11477 0.960166
15.6234 46.6148 79.2519 0.254307 -0.124132 0.959124
16.4888 46.6205 79.0246 0.247409 -0.134379 0.959529
17.3673 46.5095 78.7825 0.2507 -0.144499 0.95722
18.2603 46.2289 78.5086 0.247516 -0.14483 0.957998
19.0108 45.9392 78.2801 0.230782 -0.161997 0.959418
19.8996 45.7575 78.0436 0.224292 -0.167077 0.960017
20.5744 45.8463 77.923 0.197053 -0.19526 0.960752
21.2944 45.5457 77.7212 0.18609 -0.22162 0.957089
20.6146 45.0995 77.7676 0.200531 -0.185462 0.961973
19.5898 44.9502 77.9669 0.227637 -0.178302 0.957283
18.871 44.4828 78.0702 0.254175 -0.161537 0.953573
18.1192 44.2692 78.2367 0.257911 -0.156408 0.953425
17.3573 44.2079 78.4382 0.271327 -0.14799 0.951014
16.582 44.2195 78.6602 0.26898 -0.140118 0.952899
15.8332 44.1764 78.8695 0.273345 -0.127016 0.953473
14.8866 44.1156 79.1283 0.269122 -0.122828 0.955242
13.9722 44.0911 79.3811 0.279312 -0.135021 0.95066
13.0978 43.9092 79.6228 0.289835 -0.125102 0.948865
12.3588 43.6794 79.824 0.295711 -0.117305 0.948044
11.65 43.5191 80.0237 0.295994 -0.115779 0.948144
10.9256 43.2156 80.2153 0.306636 -0.113567 0.944994
10.1292 42.7461 80.4248 0.313703 -0.111561 0.942945
9.1725 42.2536 80.6811 0.313026 -0.129045 0.940937
8.55715 41.6364 80.8101 0.331714 -0.128891 0.934532
8.16246 40.9125 80.8488 0.336296 -0.141896 0.930973
7.92863 40.1347 80.8082 0.336204 -0.149584 0.929834
7.55952 39.342 80.8228 0.345074 -0.15049 0.926432
7.36187 38.3161 80.7239 0.344274 -0.162607 0.924681
7.23269 37.3709 80.6047 0.339088 -0.165965 0.925999
7.14225 36.5368 80.4848 0.333088 -0.17958 0.925637
7.09733 35.273 80.245 0.337752 -0.193342 0.921162
7.01017 34.5166 80.1168 0.336512 -0.192155 0.921861
7.06384 33.7662 79.9233 0.335689 -0.214822 0.91715
7.1129 32.8531 79.6874 0.337676 -0.218609 0.915524
7.04289 31.9438 79.4904 0.328335 -0.224502 0.917494
6.9273 30.881 79.2658 0.329388 -0.232543 0.915111
6.79442 29.7796 79.0233 0.327432 -0.250266 0.911129
6.64479 28.9294 78.8415 0.327514 -0.255198 0.909726
6.41138 27.9906 78.6605 0.328349 -0.263004 0.907202
6.22018 27.2399 78.5121 0.330828 -0.2658 0.905475
5.93041 26.1603 78.2973 0.319545 -0.271834 0.907725
5.43117 25.064 78.1455 0.332612 -0.274934 0.902098
5.17827 24.3014 78.0007 0.323489 -0.295952 0.898759
4.71131 23.3928 77.8686 0.323266 -0.296287 0.898728
4.18101 22.7241 77.8365 0.318433 -0.296679 0.900323
3.60456 21.9672 77.7831 0.320001 -0.308711 0.89571
3.08782 21.2387 77.7163 0.316115 -0.312274 0.895844
2.52098 20.4865 77.65 0.310927 -0.323056 0.893798
1.867 19.7523 77.6094 0.316285 -0.328326 0.890037
1.19319 19.0604 77.5867 0.306262 -0.338482 0.889738
0.564757 18.4635 77.5776 0.314119 -0.348445 0.883102
-0.376246 17.7855 77.6386 0.295958 -0.356892 0.885865
-1.21834 17.3958 77.7673 0.314534 -0.37274 0.873002
-2.20228 17.2828 78.0737 0.315689 -0.375302 0.871487
-3.02495 17.347 78.4035 0.32637 -0.385497 0.863043
-3.91198 17.4202 78.7677 0.327265 -0.392378 0.859587
-4.59493 17.6165 79.1208 0.326157 -0.401131 0.855988
-5.28929 17.8727 79.5185 0.346396 -0.409808 0.843841
-6.03011 18.1363 79.9506 0.350345 -0.408131 0.843011
-6.7278 18.4921 80.4241 0.361256 -0.414206 0.83542
-7.61526 18.9074 81.0174 0.377471 -0.407233 0.83166
-8.25509 19.3142 81.5094 0.38594 -0.414282 0.824253
-8.75364 19.7179 81.9416 0.385175 -0.409721 0.826903
-9.39291 20.1363 82.4664 0.405863 -0.407797 0.81791
-9.88311 20.5232 82.9025 0.413885 -0.40875 0.813349
-10.522 21.0199 83.4893 0.429376 -0.411272 0.804011
-10.9816 21.4658 83.9628 0.436851 -0.400724 0.805345
-11.5127 22.0851 84.5629 0.445096 -0.39274 0.804764
-12.0285 22.7667 85.1862 0.451609 -0.393793 0.80061
-12.6288 23.6509 85.9668 0.477074 -0.380553 0.792199
-13.1752 24.2418 86.595 0.495229 -0.378329 0.781841
-13.7032 24.6429 87.1106 0.500482 -0.364876 0.78507
-14.0849 25.4056 87.7171 0.505974 -0.359181 0.784145
-14.2845 25.9328 88.0881 0.515261 -0.34861 0.782896
-20.7883 12.7455 75.9562 0.523614 -0.406663 0.748627
-21.6339 12.5631 76.4473 0.52363 -0.404793 0.749636
-22.3294 11.7598 76.509 0.530192 -0.391953 0.751844
-22.6802 10.9506 76.3418 0.536924 -0.389877 0.748019
-22.9726 10.1089 76.0982 0.538487 -0.405389 0.738709
-23.0829 9.38205 75.7821 0.558494 -0.376956 0.738528
-23.1511 8.65981 75.464 0.601447 -0.414922 0.682716
-23.2353 7.81363 75.0239 0.581515 -0.438782 0.684355
-23.2878 7.13212 74.6179 0.542952 -0.447692 0.710475
-23.1949 6.16539 73.914 0.542291 -0.469196 0.696976
-23.0838 5.4363 73.3044 0.502059 -0.509001 0.699077
-22.9326 4.70568 72.6784 0.487714 -0.524226 0.697673
-22.6658 3.77598 71.8208 0.463274 -0.535706 0.705516
-22.4187 3.27277 71.311 0.410542 -0.53322 0.739684
-22.1425 2.43854 70.5706 0.395987 -0.522662 0.754996
-21.7264 1.89155 69.965 0.362308 -0.50466 0.781091
-21.3198 1.28159 69.4531 0.326044 -0.478617 0.815181
-21.0935 0.317128 68.9208 0.292064 -0.427667 0.854328
-20.8616 -0.445068 68.4761 0.200969 -0.406854 0.891112
-20.572 -1.40103 67.9952 0.209312 -0.363717 0.907689
-20.2872 -1.54846 67.8703 0.210339 -0.363408 0.907575
-20.4438 -0.632244 68.2854 0.252203 -0.391829 0.884796
-20.6317 0.277692 68.7226 0.323947 -0.361697 0.873246
-20.8117 1.24905 69.2346 0.357319 -0.367517 0.858429
-20.7528 2.02107 69.6029 0.40149 -0.441043 0.802675
-20.4698 2.77647 69.8658 0.432607 -0.488448 0.757806
-20.0806 3.58722 70.155 0.446408 -0.458122 0.768664
-19.822 4.36548 70.4694 0.455056 -0.444739 0.771169
-19.6719 5.07142 70.7787 0.474283 -0.44041 0.762296
-19.5517 5.82999 71.1422 0.493981 -0.417732 0.761958
-19.2867 6.72942 71.4643 0.511393 -0.431326 0.74326
-18.9457 7.4379 71.6409 0.519226 -0.412288 0.748314
-18.8005 8.65842 72.1764 0.532885 -0.403864 0.743426
-18.9156 9.34969 72.6348 0.557399 -0.391918 0.73192
-19.025 10.3724 73.3123 0.562562 -0.421199 0.711418
-19.2199 11.0165 73.8931 0.497533 -0.455986 0.735441
-19.3046 11.671 74.3044 0.527667 -0.420949 0.737814
-19.5796 12.1883 74.795 0.524525 -0.411657 0.745253
-20.1061 12.5878 75.3898 0.52615 -0.409815 0.745118
-20.827 11.3784 75.2397 0.531166 -0.404985 0.74421
-20.3922 10.9125 74.6632 0.538465 -0.412539 0.734756
-20.1562 10.2145 74.0895 0.539808 -0.425358 0.726414
-20.0798 9.51328 73.616 0.544128 -0.427554 0.721887
-20.0352 8.63874 73.0751 0.543066 -0.414829 0.730066
-20.0962 7.68725 72.5798 0.536814 -0.424099 0.729277
-20.3649 6.97417 72.3524 0.517037 -0.428826 0.740798
-20.5741 6.26246 72.0864 0.507902 -0.447256 0.735902
-20.792 5.54323 71.7769 0.498776 -0.465684 0.731
-21.0718 4.82138 71.5314 0.474962 -0.46125 0.748957
-21.2827 4.0353 71.1502 0.455852 -0.487432 0.744681
-21.7449 4.67794 71.8504 0.4654 -0.502739 0.727938
-21.897 5.46667 72.4985 0.516495 -0.462697 0.720516
-22.0085 6.07038 72.9661 0.516493 -0.462698 0.720518
-22.1186 6.90529 73.5875 0.524842 -0.454891 0.719319
-22.1754 7.55815 74.0302 0.548389 -0.441161 0.710385
-22.146 8.35036 74.4883 0.546005 -0.421016 0.72431
-22.076 9.06051 74.8494 0.543742 -0.424457 0.724003
-21.8898 9.87883 75.1775 0.544217 -0.409392 0.732275
-21.5624 10.7466 75.4226 0.532361 -0.403867 0.743965
-21.1608 11.1919 75.3769 0.532212 -0.404292 0.74384
-20.1695 -4.93166 66.4736 0.0762118 -0.362237 0.928876
-19.5708 -5.41847 66.2623 0.0263653 -0.320914 0.946741
-19.4221 -6.14869 66.0005 -0.0179023 -0.341224 0.939739
-19.4163 -6.87393 65.7457 -0.0233258 -0.331494 0.943169
-19.0073 -7.65645 65.4916 -0.0689421 -0.331278 0.940969
-18.5574 -8.86346 65.0919 -0.0831524 -0.342138 0.935905
-18.2346 -9.81163 64.7832 -0.116307 -0.340095 0.933166
-18.0936 -10.5682 64.5278 -0.126774 -0.34642 0.929358
-17.8505 -11.5177 64.2134 -0.144589 -0.341512 0.928682
-17.4888 -12.3516 63.9632 -0.164505 -0.349286 0.922463
-17.1655 -13.3186 63.657 -0.175236 -0.35434 0.918551
-16.7812 -14.1953 63.3916 -0.174453 -0.353368 0.91907
-16.1636 -14.7459 63.2986 -0.174469 -0.350936 0.920002
-15.0137 -15.8367 63.1017 -0.169894 -0.348079 0.921942
-14.0727 -16.3064 63.0984 -0.164635 -0.348289 0.9228
-13.1667 -16.2613 63.2661 -0.148956 -0.341849 0.927875
-12.1705 -16.1713 63.4543 -0.139989 -0.341491 0.929402
-11.2224 -16.0423 63.6367 -0.118922 -0.351727 0.92846
-10.2556 -15.4576 63.9906 -0.10325 -0.36781 0.923999
-9.52456 -14.803 64.3222 -0.0824943 -0.366992 0.926537
-8.58964 -14.1192 64.668 -0.0767476 -0.369389 0.926072
-7.84896 -13.5185 64.963 -0.0593859 -0.382551 0.922019
-7.2065 -12.9823 65.2135 -0.0343288 -0.384353 0.922548
-6.6526 -12.4881 65.4405 0.00487836 -0.384896 0.922947
-5.95612 -11.8374 65.71 0.0102867 -0.382988 0.923621
-5.3201 -11.1896 65.9597 0.0190485 -0.390502 0.920268
-4.69726 -10.5455 66.2233 0.0384425 -0.393221 0.91864
-3.96287 -9.9067 66.4627 0.0492662 -0.399988 0.915195
-3.27365 -9.5499 66.5576 0.0760075 -0.386003 0.919361
-2.52437 -9.00202 66.7277 0.090739 -0.386185 0.917947
-1.85104 -8.66146 66.8008 0.0980315 -0.395136 0.913377
-1.03196 -8.65262 66.7115 0.11008 -0.376927 0.919664
-0.301032 -8.78303 66.5717 0.110829 -0.372674 0.92132
0.493204 -9.10911 66.3423 0.119572 -0.366022 0.922892
1.17036 -9.61182 66.056 0.1198 -0.364022 0.923653
1.59943 -10.1641 65.7826 0.118339 -0.360346 0.92527
2.29599 -11.0882 65.3349 0.123957 -0.356063 0.926204
2.7385 -11.8284 64.9961 0.124186 -0.337196 0.933163
3.08462 -12.7194 64.6336 0.126738 -0.334061 0.933992
3.44173 -13.6584 64.2468 0.15672 -0.313761 0.936479
3.82637 -14.6225 63.8685 0.144534 -0.301413 0.942475
4.2529 -15.7441 63.4495 0.15964 -0.283025 0.945734
4.52767 -16.823 63.0793 0.141343 -0.286504 0.947596
4.77192 -17.9608 62.7043 0.139742 -0.279534 0.949912
4.84268 -18.8023 62.4437 0.174802 -0.2558 0.950795
4.96153 -19.7922 62.1527 0.150059 -0.254829 0.955209
4.9271 -20.8008 61.8998 0.153701 -0.245514 0.957131
4.97197 -21.6223 61.6899 0.1563 -0.230043 0.960538
5.05436 -22.4822 61.4718 0.162976 -0.229528 0.95956
4.97374 -23.4 61.2821 0.163273 -0.20763 0.964485
4.88542 -24.2267 61.1191 0.164845 -0.21272 0.963092
4.88454 -25.1046 60.9491 0.183278 -0.169227 0.968386
4.54858 -25.9563 60.8622 0.15488 -0.158541 0.975129
4.20478 -26.6311 60.8094 0.153993 -0.144651 0.977426
3.9658 -27.5992 60.708 0.14961 -0.127698 0.980463
3.71009 -28.3114 60.6538 0.159429 -0.120571 0.979747
3.16136 -29.1064 60.6565 0.141577 -0.0827771 0.98646
2.35248 -29.8049 60.6702 0.083637 -0.103868 0.991068
1.75729 -30.6686 60.6438 0.0896644 -0.0891406 0.991975
1.19904 -31.1881 60.6523 0.0590356 -0.0403622 0.997301
0.579289 -31.86 60.6403 0.0251986 -0.0427097 0.99877
0.105845 -32.5272 60.6154 0.0132055 -0.0407434 0.998973
-0.433164 -33.0941 60.5995 -0.0418573 -0.0211809 0.998899
-1.07709 -33.5074 60.5637 -0.0425694 -0.00538269 0.998954
-1.75042 -34.0084 60.5149 -0.0832537 -0.0195778 0.996293
-2.5252 -34.5366 60.4357 -0.0914266 -0.0151771 0.995696
-3.22642 -34.8573 60.3481 -0.141912 -0.0215692 0.98959
-3.99308 -35.0818 60.2273 -0.156235 -0.0508868 0.986401
-5.05058 -35.1773 60.0523 -0.186277 -0.0542181 0.980825
-6.31589 -34.9273 59.801 -0.223974 -0.0676998 0.971858
-7.24159 -34.5409 59.6322 -0.217746 -0.102675 0.97059
-8.07921 -34.1134 59.4638 -0.249822 -0.127286 0.95958
-9.03801 -33.5633 59.3111 -0.242065 -0.148988 0.958744
-9.68838 -33.1444 59.2132 -0.241983 -0.154282 0.957936
-10.3087 -32.7163 59.1291 -0.245393 -0.176131 0.953253
-11.2194 -32.0585 59.0093 -0.253229 -0.177453 0.950992
-11.8611 -31.5286 58.952 -0.237024 -0.217805 0.946644
-12.5901 -30.8808 58.9307 -0.231982 -0.229776 0.945192
-13.4042 -30.323 58.8664 -0.244444 -0.235452 0.940532
-14.253 -29.525 58.8451 -0.251274 -0.2593 0.932394
-14.7779 -28.8067 58.8987 -0.248218 -0.250542 0.935744
-15.2367 -28.1181 58.9811 -0.231999 -0.278848 0.931889
-15.8616 -27.6263 58.9821 -0.225906 -0.285096 0.93149
-16.4755 -26.8803 59.0622 -0.225488 -0.296653 0.927983
-17.0092 -26.2542 59.1343 -0.216184 -0.29824 0.929682
-17.6044 -25.5733 59.2116 -0.219866 -0.295323 0.929752
-18.0566 -24.8947 59.3226 -0.222213 -0.300487 0.927539
-18.5238 -24.1406 59.4573 -0.221544 -0.310677 0.924337
-19.0615 -23.223 59.64 -0.215269 -0.314452 0.924542
-19.4272 -22.4716 59.8106 -0.212502 -0.315084 0.924968
-19.6198 -21.7368 60.0165 -0.215742 -0.318518 0.92304
-19.8836 -21.0289 60.2018 -0.210048 -0.333203 0.91916
-20.1572 -20.2699 60.4144 -0.21024 -0.333124 0.919145
-20.3618 -19.4328 60.6734 -0.210056 -0.336113 0.918098
-20.5097 -18.67 60.9216 -0.206343 -0.341454 0.916968
-20.5667 -17.9542 61.176 -0.205515 -0.344288 0.916091
-20.6812 -17.0661 61.4863 -0.204311 -0.346175 0.915653
-20.5717 -15.8098 62.0018 -0.197623 -0.355112 0.913687
-20.4787 -15.0446 62.3238 -0.196415 -0.360132 0.91199
-20.4241 -14.1887 62.6816 -0.198349 -0.370804 0.907283
-20.3666 -13.0275 63.1708 -0.174963 -0.373296 0.911064
-20.3789 -11.9916 63.6002 -0.157803 -0.380386 0.91117
-20.2871 -11.0866 63.9838 -0.14781 -0.368288 0.917871
-20.3818 -10.2701 64.2957 -0.15186 -0.369135 0.916885
-20.4328 -9.30035 64.7057 -0.127695 -0.385035 0.913841
-20.2352 -8.41946 65.106 -0.078189 -0.378406 0.921995
-19.8452 -7.55973 65.4648 -0.0650361 -0.358932 0.931095
-19.9642 -6.9705 65.6867 -0.0656781 -0.364483 0.928891
-20.3388 -6.20845 65.975 0.0218483 -0.355644 0.934366
-20.2495 -5.32477 66.3229 0.0675136 -0.38123 0.921911
-20.1907 -5.00332 66.4466 0.0653285 -0.368837 0.927195
-18.908 -12.0824 63.818 -0.165568 -0.36201 0.91735
-18.7226 -13.1741 63.4211 -0.169333 -0.357962 0.918243
-18.217 -14.0325 63.1808 -0.176447 -0.362391 0.915172
-17.8764 -14.8334 62.9354 -0.179102 -0.353874 0.917985
-17.3515 -15.3978 62.8206 -0.180636 -0.347262 0.920206
-16.7682 -15.8899 62.7489 -0.177016 -0.348758 0.920344
-16.1577 -16.3905 62.679 -0.179946 -0.340718 0.922784
-15.3645 -17.0037 62.6036 -0.174857 -0.343026 0.922907
-14.2689 -17.432 62.6455 -0.165313 -0.342246 0.924954
-13.1135 -17.4836 62.8254 -0.152353 -0.340223 0.927921
-12.3684 -17.4046 62.9746 -0.140206 -0.337137 0.930944
-11.5549 -17.3251 63.1224 -0.133562 -0.337371 0.931843
-10.7017 -17.1159 63.3102 -0.118898 -0.339831 0.932941
-9.78909 -16.6352 63.5912 -0.0969446 -0.340417 0.935264
-9.041 -16.0817 63.8718 -0.0980869 -0.342145 0.934514
-8.38731 -15.6002 64.1026 -0.0640363 -0.347907 0.935287
-7.54752 -14.9519 64.411 -0.052849 -0.353511 0.933826
-6.87395 -14.4346 64.6421 -0.0421127 -0.373763 0.926568
-6.05451 -13.7476 64.9302 -0.00393761 -0.364681 0.931124
-5.41367 -13.1625 65.1667 -0.0070132 -0.369722 0.929116
-4.70099 -12.3525 65.4722 0.02236 -0.370605 0.928488
-4.15221 -11.7745 65.691 0.0480344 -0.363947 0.93018
-3.34376 -11.1295 65.9113 0.0544574 -0.37976 0.923386
-2.67645 -10.7524 66.0163 0.067078 -0.375938 0.924214
-1.82181 -10.1613 66.1823 0.0886335 -0.372886 0.923634
-1.0393 -9.99888 66.1682 0.0978839 -0.36779 0.924733
0.0204528 -10.5127 65.8462 0.102323 -0.363822 0.925812
0.600495 -11.2039 65.5117 0.119374 -0.35247 0.928178
1.06638 -11.9157 65.1885 0.116549 -0.341602 0.93259
1.45897 -12.5276 64.9159 0.11944 -0.3326 0.935466
1.7168 -13.1719 64.6518 0.113855 -0.329653 0.937179
2.18522 -14.0486 64.2953 0.121588 -0.323377 0.938354
2.51939 -14.8939 63.9696 0.126142 -0.305416 0.943798
2.82251 -15.6726 63.679 0.120027 -0.295818 0.947655
3.04775 -16.3813 63.4263 0.125566 -0.295504 0.947051
3.25637 -17.3096 63.1121 0.126111 -0.287936 0.949297
3.46375 -18.2846 62.7985 0.122617 -0.274966 0.953603
3.56814 -19.1433 62.5423 0.127724 -0.265276 0.955675
3.63169 -19.972 62.3079 0.129782 -0.253305 0.958638
3.59614 -20.7008 62.1216 0.128002 -0.25144 0.959371
3.61369 -21.6222 61.8933 0.134224 -0.232782 0.963221
3.68042 -22.3974 61.7011 0.142379 -0.219351 0.965201
3.64647 -23.6672 61.4266 0.140683 -0.20228 0.96916
3.58227 -24.5568 61.2533 0.143793 -0.199172 0.969358
3.41623 -25.2829 61.1484 0.139173 -0.167205 0.976042
3.07252 -26.0571 61.0664 0.139519 -0.152882 0.978325
2.75037 -26.996 60.9586 0.112886 -0.153373 0.981699
2.41845 -27.8064 60.8939 0.102264 -0.13082 0.985925
1.87953 -28.3975 60.8645 0.0931706 -0.111661 0.989369
1.33636 -28.9477 60.8536 0.0731577 -0.118059 0.990085
0.770774 -29.6727 60.7994 0.0609587 -0.105203 0.992581
0.0893635 -30.4201 60.762 0.0538042 -0.0914639 0.994232
-0.414595 -30.9846 60.7219 0.00340928 -0.0789203 0.996875
-1.06604 -31.8156 60.6632 0.00683068 -0.0653152 0.997841
-1.64591 -32.3643 60.6087 -0.0352803 -0.0750439 0.996513
-2.45946 -32.9563 60.5222 -0.0577323 -0.0767225 0.99534
-3.1398 -33.3247 60.4305 -0.105766 -0.0490115 0.993182
-3.86575 -33.5835 60.3334 -0.142733 -0.0702839 0.987129
-4.8219 -33.7839 60.1891 -0.131809 -0.0822458 0.987857
-5.88106 -33.6241 60.0161 -0.183932 -0.0896886 0.978753
-6.66272 -33.3519 59.8884 -0.200667 -0.135719 0.970213
-7.77186 -32.8341 59.7264 -0.20797 -0.132188 0.969162
-8.73925 -32.2521 59.5969 -0.22988 -0.16793 0.958621
-9.60033 -31.6556 59.493 -0.230064 -0.18187 0.955896
-10.3926 -30.9245 59.4599 -0.221354 -0.20303 0.953825
-11.1697 -30.1185 59.4561 -0.220483 -0.213847 0.95166
-11.9267 -29.575 59.4117 -0.209853 -0.237897 0.948328
-13.05 -28.9488 59.3018 -0.230715 -0.247289 0.941066
-13.4835 -28.2862 59.3726 -0.227948 -0.249544 0.941152
-14.0374 -27.5513 59.4436 -0.227995 -0.265679 0.936714
-14.6031 -26.9649 59.4791 -0.213021 -0.283409 0.935041
-15.251 -26.4399 59.4876 -0.217209 -0.286548 0.933104
-15.8293 -25.8107 59.5509 -0.216817 -0.290156 0.932089
-16.5924 -24.863 59.6734 -0.211485 -0.295924 0.931499
-17.1682 -24.0422 59.8049 -0.21372 -0.302756 0.928786
-17.6594 -23.1136 59.9996 -0.213266 -0.306241 0.927756
-18.002 -22.4392 60.1479 -0.211169 -0.312792 0.92605
-18.2997 -21.4115 60.4317 -0.205777 -0.318835 0.925199
-18.5224 -20.6551 60.6436 -0.201896 -0.326757 0.923283
-18.8924 -19.6025 60.9401 -0.203646 -0.329864 0.921791
-19.0948 -18.8599 61.1663 -0.20393 -0.337102 0.919116
-19.2082 -18.013 61.4526 -0.200834 -0.344399 0.917083
-19.2923 -17.0601 61.7927 -0.195014 -0.343841 0.918555
-19.2725 -16.2394 62.1111 -0.192706 -0.35397 0.915188
-19.137 -15.1535 62.5608 -0.184473 -0.359154 0.914865
-19.0748 -13.8997 63.0678 -0.177674 -0.362206 0.915007
-19.0759 -13.1153 63.3805 -0.168358 -0.367886 0.914466
-19.0291 -12.5279 63.6206 -0.163458 -0.362156 0.917673
-17.4163 -16.9214 62.2338 -0.187169 -0.34205 0.920852
-16.8263 -17.4165 62.1672 -0.183264 -0.343463 0.921112
-16.1355 -17.9028 62.1275 -0.180014 -0.336787 0.924213
-15.4631 -18.2577 62.1288 -0.174724 -0.333967 0.926249
-14.3081 -18.6076 62.2197 -0.169202 -0.332429 0.92781
-13.4945 -18.6824 62.3331 -0.160988 -0.317899 0.934357
-12.736 -18.6634 62.4684 -0.14845 -0.319797 0.935782
-11.7568 -18.5625 62.6566 -0.140985 -0.320092 0.936816
-10.7841 -18.3716 62.8605 -0.123811 -0.321094 0.938869
-10.057 -18.1562 63.0249 -0.116571 -0.327894 0.937495
-9.04977 -17.6106 63.3168 -0.0974533 -0.328921 0.93927
-8.09924 -16.9629 63.6315 -0.0704213 -0.32986 0.941319
-7.42667 -16.4555 63.8571 -0.0626157 -0.337942 0.939082
-6.66506 -15.8729 64.105 -0.0422645 -0.347899 0.936579
-5.83483 -15.2544 64.3565 -0.00666636 -0.338099 0.941087
-5.13126 -14.6895 64.5753 -0.0130295 -0.352185 0.93584
-4.44841 -14.0633 64.8015 0.0120927 -0.35309 0.935511
-3.87111 -13.4244 65.0352 0.0285565 -0.350124 0.936118
-3.2987 -12.7884 65.251 0.0495215 -0.361082 0.931218
-2.62163 -12.2178 65.434 0.0622359 -0.358415 0.931485
-1.97849 -11.8256 65.5396 0.0830246 -0.357046 0.930373
-0.988162 -11.6155 65.5328 0.0880746 -0.353735 0.931162
-0.314277 -12.2683 65.2146 0.0937761 -0.352189 0.931213
0.148668 -12.8408 64.9503 0.103051 -0.339486 0.9349
0.530882 -13.7239 64.5961 0.0920822 -0.331147 0.939041
0.728535 -14.4649 64.3253 0.0879942 -0.319848 0.943374
1.08245 -15.0842 64.0753 0.109171 -0.312501 0.943595
1.52952 -15.996 63.7294 0.101396 -0.302025 0.947866
1.83032 -17.0273 63.3747 0.112087 -0.297726 0.948048
1.99134 -17.7695 63.1329 0.104887 -0.286821 0.952225
2.19114 -18.9044 62.7827 0.100703 -0.26335 0.95943
2.28389 -19.9623 62.4815 0.112747 -0.254625 0.960445
2.29085 -20.8078 62.2569 0.113132 -0.254236 0.960503
2.33518 -21.7591 62.0224 0.110639 -0.228132 0.967324
2.34966 -22.8014 61.7809 0.116467 -0.217205 0.969153
2.27554 -24.0076 61.535 0.108001 -0.196483 0.974525
2.1618 -24.78 61.3905 0.107605 -0.168465 0.979817
1.88715 -25.6457 61.2718 0.097181 -0.173494 0.97996
1.59735 -26.4264 61.1678 0.0849261 -0.160743 0.983336
1.18856 -27.1925 61.0879 0.0914029 -0.146943 0.984913
0.608909 -27.8028 61.0359 0.0516494 -0.137231 0.98909
0.070391 -28.4113 60.9883 0.0515938 -0.123172 0.991043
-0.651031 -29.2747 60.9024 0.0235401 -0.120327 0.992455
-1.19754 -29.8898 60.8411 0.0161002 -0.103851 0.994453
-1.81361 -30.6301 60.753 -0.028446 -0.0963912 0.994937
-2.40866 -31.3036 60.6638 -0.0511267 -0.103656 0.993176
-3.08745 -31.7959 60.5739 -0.0626527 -0.08862 0.994093
-4.0871 -32.1918 60.4377 -0.0981473 -0.0928488 0.990815
-5.02348 -32.351 60.2976 -0.132154 -0.102173 0.985949
-5.95826 -32.156 60.1705 -0.172494 -0.132415 0.975901
-6.71344 -31.9075 60.0791 -0.167078 -0.149665 0.974518
-7.55788 -31.4566 59.9836 -0.186515 -0.151063 0.970729
-8.32292 -30.9684 59.9137 -0.208107 -0.180541 0.961299
-8.97382 -30.4765 59.8692 -0.198571 -0.204406 0.958534
-9.59155 -29.8935 59.861 -0.215154 -0.207836 0.954151
-10.3722 -29.0979 59.8702 -0.215149 -0.215339 0.952527
-10.9769 -28.5994 59.8618 -0.203758 -0.239607 0.949248
-11.7035 -28.1715 59.8125 -0.212198 -0.244159 0.946192
-12.4493 -27.4807 59.8323 -0.206674 -0.249713 0.946002
-12.9373 -26.9055 59.8825 -0.210102 -0.262272 0.941844
-13.4464 -26.3109 59.9351 -0.202353 -0.270484 0.941175
-14.0889 -25.7713 59.9556 -0.212139 -0.280069 0.936247
-14.7977 -25.1149 59.9983 -0.203987 -0.288008 0.935649
-15.4435 -24.3052 60.109 -0.202486 -0.29193 0.934757
-15.9112 -23.6625 60.2126 -0.198974 -0.296731 0.934002
-16.2878 -23.0147 60.3372 -0.206355 -0.305847 0.929442
-16.7392 -22.0265 60.5659 -0.201659 -0.306856 0.93013
-17.0538 -21.1016 60.81 -0.199822 -0.314259 0.928069
-17.3333 -20.2303 61.0523 -0.196244 -0.323322 0.925716
-17.5687 -19.3824 61.3036 -0.192025 -0.330238 0.924158
-17.8012 -18.3106 61.6421 -0.194298 -0.335844 0.92166
-17.9535 -17.2233 62.0125 -0.18904 -0.343776 0.919823
-17.576 -17.0812 62.142 -0.187167 -0.342051 0.920853
-16.0904 -19.7443 61.4792 -0.186633 -0.321248 0.928422
-15.4226 -19.541 61.6826 -0.177376 -0.319043 0.930991
-14.2496 -19.8444 61.8026 -0.171152 -0.321177 0.931398
-13.1797 -19.8856 61.9791 -0.162572 -0.313866 0.935428
-12.216 -19.8394 62.1526 -0.15259 -0.310725 0.938172
-11.4581 -19.7532 62.2973 -0.138737 -0.310375 0.940436
-10.4141 -19.5492 62.5103 -0.122424 -0.312835 0.941884
-9.68078 -19.3289 62.6728 -0.0996089 -0.315232 0.943773
-8.76266 -18.8992 62.9061 -0.0899109 -0.307337 0.947344
-7.96314 -18.3927 63.1438 -0.0766089 -0.323695 0.943055
-7.10715 -17.8085 63.4049 -0.0656927 -0.315596 0.946617
-6.3999 -17.2279 63.6363 -0.0371629 -0.327821 0.944009
-5.75889 -16.7684 63.8209 -0.020634 -0.322852 0.946071
-5.14127 -16.3271 63.9758 -0.00630022 -0.338355 0.940998
-4.06881 -15.4804 64.2746 0.00750321 -0.329516 0.94412
-3.45158 -14.9451 64.4518 0.0428677 -0.334197 0.941458
-2.95905 -14.4046 64.6283 0.0425888 -0.345021 0.937628
-2.16265 -13.5653 64.8927 0.0687266 -0.347192 0.935272
-1.28984 -13.3288 64.9163 0.0687548 -0.347154 0.935284
-0.676671 -14.2842 64.5217 0.0920667 -0.323513 0.941734
-0.430688 -14.9604 64.2655 0.0887033 -0.317355 0.944145
-0.00854267 -15.933 63.9015 0.0865064 -0.311644 0.946242
0.390946 -16.9029 63.5566 0.0861139 -0.300273 0.949958
0.606813 -17.8465 63.2475 0.0871934 -0.280282 0.955949
0.780825 -18.6919 62.9813 0.0769782 -0.275025 0.958274
0.941957 -19.9056 62.6295 0.090814 -0.25934 0.961445
0.994004 -20.9306 62.3576 0.0839904 -0.253163 0.963771
1.00457 -21.7541 62.1573 0.0819339 -0.228755 0.97003
1.00538 -22.5555 61.9695 0.0919669 -0.212275 0.972872
0.954421 -23.6442 61.7358 0.0894901 -0.203429 0.97494
0.794131 -24.6576 61.5426 0.0773813 -0.200726 0.976587
0.354231 -25.8343 61.3603 0.0645726 -0.182196 0.98114
-0.111555 -26.5041 61.2727 0.0564363 -0.147377 0.98745
-0.899397 -27.549 61.1339 0.0141045 -0.146822 0.989062
-1.64243 -28.4331 61.0163 -0.0184853 -0.135242 0.990634
-2.41229 -29.2905 60.8889 -0.0371834 -0.133548 0.99014
-2.94164 -29.9065 60.7826 -0.0634726 -0.115286 0.991302
-3.75937 -30.593 60.6431 -0.0921088 -0.114324 0.989164
-4.51396 -30.8779 60.5411 -0.101531 -0.128455 0.986323
-5.73727 -30.8486 60.3961 -0.140071 -0.135057 0.980665
-6.44737 -30.5759 60.3229 -0.154208 -0.144933 0.977351
-7.26403 -30.0954 60.2737 -0.163414 -0.17289 0.971071
-8.08133 -29.5556 60.2261 -0.171113 -0.190237 0.966711
-8.65056 -29.0688 60.2234 -0.188527 -0.198405 0.961817
-9.26599 -28.4531 60.2353 -0.184326 -0.226028 0.956523
-9.9649 -27.8299 60.2523 -0.176556 -0.23255 0.956425
-10.9146 -27.1227 60.247 -0.188771 -0.249022 0.949923
-11.4992 -26.6015 60.2674 -0.196837 -0.248161 0.948474
-12.3 -25.7782 60.3353 -0.19115 -0.266107 0.944801
-12.8737 -25.1512 60.394 -0.194931 -0.2804 0.939871
-13.5859 -24.5076 60.4416 -0.194606 -0.284764 0.938636
-14.202 -23.8519 60.5141 -0.19206 -0.292365 0.936822
-14.7168 -23.1396 60.6305 -0.18783 -0.294835 0.93689
-15.2322 -22.1858 60.8334 -0.192051 -0.3006 0.934177
-15.6457 -21.2575 61.0545 -0.188427 -0.309474 0.932052
-16.0369 -20.1405 61.3529 -0.187215 -0.320829 0.928449
-16.0592 -20.0652 61.3744 -0.186633 -0.321245 0.928423
-14.0959 -21.2493 61.3589 -0.171541 -0.303255 0.937336
-13.1789 -21.1385 61.5643 -0.172632 -0.306332 0.93614
-11.7073 -21.0364 61.8425 -0.14948 -0.30143 0.941688
-10.3975 -20.797 62.106 -0.123331 -0.301669 0.945402
-9.38087 -20.5039 62.3223 -0.103792 -0.298096 0.948851
-8.54067 -20.2098 62.509 -0.0958605 -0.291948 0.951533
-7.78368 -19.7813 62.7068 -0.084219 -0.292537 0.952538
-6.95876 -19.2821 62.9331 -0.0684808 -0.293454 0.953387
-6.17057 -18.7238 63.1458 -0.0464603 -0.302845 0.951907
-5.408 -18.1293 63.3721 -0.0274418 -0.30254 0.952551
-4.7029 -17.6003 63.5474 -0.0057139 -0.316844 0.94846
-4.04687 -17.1223 63.7111 0.00750304 -0.314369 0.949176
-3.34692 -16.5561 63.8805 0.0221007 -0.309823 0.950537
-2.66515 -15.9647 64.0671 0.0353708 -0.329596 0.943405
-2.06177 -15.3868 64.2373 0.0485518 -0.325401 0.94431
-1.46822 -15.9066 64.0229 0.0518521 -0.321572 0.945442
-1.09445 -16.6835 63.7404 0.0705418 -0.309509 0.948247
-0.810129 -17.6985 63.3958 0.0661196 -0.304134 0.950332
-0.538337 -19.0186 62.9929 0.0552559 -0.283064 0.957499
-0.416203 -19.9282 62.7296 0.0693316 -0.268737 0.960715
-0.35235 -20.7427 62.5084 0.063287 -0.247967 0.966699
-0.314995 -21.5535 62.302 0.0600325 -0.232439 0.970757
-0.330444 -22.4311 62.0964 0.0583448 -0.224358 0.972679
-0.358777 -23.1778 61.9244 0.0655198 -0.218884 0.973504
-0.463351 -24.0301 61.7504 0.0365617 -0.207431 0.977566
-0.661893 -24.8065 61.5931 0.0365617 -0.207431 0.977566
-1.07238 -25.6292 61.4566 0.0202331 -0.185804 0.982378
-1.5171 -26.2933 61.3402 0.0211327 -0.171221 0.984894
-2.09137 -26.9926 61.2268 -0.00527947 -0.162552 0.986686
-2.57917 -27.5582 61.1326 -0.0211454 -0.16183 0.986448
-3.2996 -28.3396 60.9745 -0.0383681 -0.164657 0.985604
-4.15092 -29.1694 60.7921 -0.0794652 -0.139898 0.98692
-4.85311 -29.4685 60.6951 -0.0942682 -0.152934 0.983488
-6.09831 -29.2356 60.5862 -0.113282 -0.159582 0.98066
-6.86154 -28.8202 60.559 -0.145177 -0.18191 0.972539
-7.54864 -28.3391 60.5416 -0.149481 -0.197597 0.968574
-8.18312 -27.7867 60.5717 -0.150134 -0.214847 0.965016
-8.90627 -27.0928 60.6073 -0.149597 -0.218872 0.96418
-9.92741 -26.2887 60.6365 -0.17216 -0.236091 0.956346
-10.5052 -25.7957 60.6626 -0.167996 -0.260251 0.950814
-11.0694 -25.2709 60.7065 -0.172915 -0.258427 0.950415
-11.7409 -24.6083 60.7669 -0.177724 -0.267555 0.94701
-12.4876 -23.8695 60.8462 -0.175706 -0.275028 0.945223
-13.1316 -23.1713 60.934 -0.178782 -0.287651 0.940899
-13.6841 -22.3133 61.0934 -0.174158 -0.294931 0.939491
-13.8998 -21.7734 61.2269 -0.170455 -0.300175 0.938531
-11.7121 -22.8693 61.2786 -0.15209 -0.278775 0.948221
-11.0381 -23.5492 61.1901 -0.151407 -0.273659 0.949835
-10.1874 -24.3441 61.103 -0.154528 -0.265705 0.951576
-9.57085 -24.9192 61.0439 -0.135601 -0.250069 0.958685
-8.68641 -25.658 60.9833 -0.144767 -0.240255 0.959854
-8.08826 -26.126 60.9532 -0.113977 -0.229578 0.966563
-7.54428 -26.6564 60.9043 -0.121333 -0.20981 0.970185
-6.9606 -27.1772 60.8666 -0.117712 -0.196889 0.973285
-6.29723 -27.6146 60.8516 -0.108055 -0.197328 0.974364
-5.49467 -27.9513 60.8724 -0.105805 -0.192985 0.975468
-4.56218 -27.6695 61.0019 -0.0716217 -0.183517 0.980404
-3.97236 -27.1806 61.1365 -0.068625 -0.180484 0.981171
-3.41169 -26.6099 61.2681 -0.0359853 -0.162937 0.985891
-2.77246 -25.8248 61.4268 -0.0284356 -0.187369 0.981833
-2.21706 -24.9288 61.5985 0.00201524 -0.186651 0.982424
-1.89977 -24.106 61.7757 -0.00372561 -0.214558 0.976704
-1.73383 -23.3072 61.9377 0.0262116 -0.21759 0.975548
-1.65733 -22.379 62.1589 0.0207951 -0.230586 0.972806
-1.64287 -21.51 62.3729 0.0240753 -0.249983 0.967911
-1.70622 -20.5641 62.6138 0.0337673 -0.258469 0.96532
-1.80659 -19.5349 62.909 0.0289224 -0.269182 0.962619
-1.96777 -18.8074 63.1276 0.0297914 -0.283993 0.958364
-2.22855 -17.8074 63.4406 0.0378579 -0.30191 0.952584
-3.16625 -18.0621 63.3904 0.0156573 -0.300798 0.953559
-3.77782 -18.5079 63.2577 0.0133025 -0.303879 0.952618
-4.63594 -19.1516 63.0573 -0.0157758 -0.286623 0.957914
-5.33508 -19.6436 62.8993 -0.0284057 -0.285903 0.957736
-5.98831 -20.1274 62.7251 -0.0417174 -0.286627 0.957133
-6.86957 -20.67 62.5108 -0.0587404 -0.280653 0.957992
-7.59853 -21.0958 62.3227 -0.0915435 -0.277242 0.956429
-8.33173 -21.4454 62.1512 -0.089981 -0.274506 0.957361
-9.13591 -21.735 61.9756 -0.105501 -0.286113 0.95237
-10.0695 -22.0039 61.7787 -0.130014 -0.282066 0.95052
-10.894 -22.2026 61.6105 -0.140303 -0.279897 0.949628
-11.4605 -22.3352 61.4793 -0.152768 -0.283894 0.946608
-9.10064 -23.1391 61.5819 -0.117059 -0.261934 0.957937
-8.65942 -24.0432 61.3949 -0.129639 -0.254358 0.958333
-7.66519 -24.8987 61.2942 -0.118514 -0.238007 0.963933
-6.62201 -25.809 61.1907 -0.0904656 -0.223714 0.970431
-5.83282 -26.3027 61.1612 -0.0890999 -0.198171 0.976109
-4.99923 -26.2386 61.2448 -0.0781635 -0.203333 0.975985
-4.30295 -25.6752 61.3985 -0.0578162 -0.200283 0.977958
-3.66557 -24.8278 61.5998 -0.0294948 -0.196713 0.980017
-3.33855 -24.1382 61.7612 -0.0190883 -0.218399 0.975579
-3.0992 -23.3012 61.9448 -0.00743965 -0.226432 0.97389
-3.01706 -21.9966 62.2688 -0.0116703 -0.238354 0.971098
-3.0625 -20.7487 62.5907 0.00580021 -0.249624 0.968325
-3.30032 -19.8481 62.8522 0.00465866 -0.275495 0.961284
-4.06222 -20.3156 62.7201 0.00134602 -0.273881 0.961763
-5.07287 -20.9814 62.5147 -0.0278567 -0.269381 0.962505
-5.97187 -21.5299 62.3184 -0.0400357 -0.267402 0.962724
-6.96099 -22.1286 62.0843 -0.0759186 -0.277031 0.957729
-7.66884 -22.4909 61.9159 -0.088425 -0.271774 0.95829
-8.36983 -22.7964 61.7647 -0.0977687 -0.257785 0.961238
-8.96148 -23.0103 61.6345 -0.113973 -0.267671 0.956746
-6.92532 -23.8724 61.6232 -0.0886516 -0.245105 0.965434
-6.30515 -24.4901 61.5235 -0.0919174 -0.233067 0.968031
-5.55753 -24.8481 61.5008 -0.0616735 -0.209664 0.975827
-4.75254 -24.1582 61.7111 -0.0472705 -0.232101 0.971384
-4.45743 -23.3977 61.8957 -0.0319008 -0.224028 0.97406
-4.43303 -22.6347 62.0881 -0.0313341 -0.246503 0.968635
-5.1493 -22.4047 62.1199 -0.0442782 -0.241662 0.96935
-5.8129 -22.8149 61.9835 -0.0608795 -0.253116 0.965519
-6.6425 -23.3188 61.7904 -0.0863995 -0.252396 0.963732
-6.79347 -23.5695 61.7125 -0.0892238 -0.245878 0.965185
-12.2984 -50.9954 53.8554 -0.617653 -0.196797 0.76143
-11.578 -51.5666 54.2916 -0.60807 -0.179452 0.773336
-11.2272 -52.3084 54.3976 -0.61826 -0.174805 0.766288
-10.7423 -53.2923 54.5716 -0.617434 -0.167173 0.768653
-10.5995 -54.1038 54.542 -0.642883 -0.141996 0.752546
-10.484 -54.9058 54.476 -0.648409 -0.150546 0.746245
-10.3219 -55.6527 54.4748 -0.650379 -0.141171 0.746376
-10.2801 -56.496 54.3641 -0.667375 -0.13115 0.733027
-10.2543 -57.3611 54.2238 -0.669476 -0.144242 0.728668
-10.1808 -58.3736 54.1015 -0.676351 -0.124517 0.725825
-10.2714 -59.3676 53.8455 -0.692988 -0.129143 0.709288
-10.3196 -60.2517 53.6375 -0.683449 -0.145945 0.714977
-10.3602 -61.0277 53.4609 -0.716106 -0.120385 0.687531
-10.5112 -61.8336 53.162 -0.708416 -0.128347 0.694013
-10.6828 -62.8771 52.8039 -0.720144 -0.110072 0.684843
-10.9371 -63.5115 52.4206 -0.727887 -0.115397 0.675903
-11.1095 -64.2117 52.1162 -0.730672 -0.112279 0.673433
-11.2892 -65.1324 51.7934 -0.753869 -0.0777464 0.652041
-11.4742 -65.7984 51.4811 -0.766891 -0.0852012 0.636097
-11.7877 -66.5846 50.9999 -0.790273 -0.0794754 0.607579
-12.0475 -67.281 50.5641 -0.798931 -0.085943 0.595251
-12.2687 -67.8974 50.1753 -0.80015 -0.0891891 0.593132
-12.5828 -68.5831 49.654 -0.833565 -0.0586081 0.549303
-12.882 -69.2735 49.1026 -0.851776 -0.0906653 0.516001
-13.1647 -69.9493 48.5171 -0.85384 -0.0696189 0.515425
-13.5265 -70.613 47.7836 -0.892428 -0.0688225 0.44591
-13.7351 -71.1412 47.2846 -0.89434 -0.0883114 0.438079
-13.973 -71.6979 46.6448 -0.902381 -0.107766 0.417248
-14.2559 -72.1311 45.9119 -0.910838 -0.126818 0.392585
-14.4683 -72.5666 45.2521 -0.915352 -0.135108 0.379286
-14.6812 -72.9498 44.5736 -0.930752 -0.149044 0.333896
-14.9133 -73.3611 43.7431 -0.930775 -0.147869 0.334353
-15.1699 -73.6302 42.868 -0.928806 -0.175046 0.326616
-15.4725 -73.7989 41.8518 -0.930935 -0.191623 0.310871
-15.7174 -73.8296 41.0805 -0.934018 -0.195702 0.298851
-15.9656 -73.7762 40.297 -0.941385 -0.21289 0.261642
-16.3192 -73.6358 39.1569 -0.936093 -0.227336 0.268029
-16.686 -73.3548 38.1086 -0.932863 -0.250834 0.258549
-16.9981 -72.9707 37.3625 -0.935163 -0.24862 0.252107
-17.3154 -72.5402 36.5904 -0.92967 -0.274383 0.245821
-17.5905 -72.0802 36.0638 -0.92862 -0.27596 0.248016
-17.9448 -71.5053 35.3767 -0.930517 -0.27658 0.239944
-18.239 -70.9295 34.9076 -0.928308 -0.286624 0.236837
-18.5863 -70.2699 34.3533 -0.926161 -0.29058 0.240394
-18.907 -69.6616 33.849 -0.925108 -0.300651 0.231864
-19.189 -68.9981 33.5959 -0.922257 -0.302577 0.240573
-19.6908 -67.8706 33.0807 -0.923669 -0.308662 0.227018
-20.0275 -67.0343 32.8652 -0.916983 -0.324944 0.230986
-20.3825 -66.2202 32.6375 -0.913645 -0.330665 0.236462
-20.6654 -65.5352 32.4788 -0.915117 -0.332697 0.227575
-21.0611 -64.4989 32.447 -0.910565 -0.343366 0.230123
-21.3338 -63.7423 32.5041 -0.908172 -0.343232 0.239616
-21.6329 -62.994 32.4563 -0.905177 -0.349821 0.241413
-22.0189 -61.8095 32.7342 -0.903811 -0.352522 0.242598
-22.2448 -61.0817 32.949 -0.901368 -0.350844 0.253833
-22.4856 -60.2744 33.2366 -0.896968 -0.359496 0.25724
-22.6847 -59.4165 33.7311 -0.890645 -0.364043 0.272442
-22.8375 -58.6957 34.1966 -0.888322 -0.363149 0.280932
-22.9466 -57.9867 34.7459 -0.886557 -0.360765 0.289595
-23.0424 -57.1422 35.491 -0.877926 -0.357597 0.318293
-23.081 -56.5516 36.0585 -0.880865 -0.356635 0.311269
-23.0275 -56.0298 36.7614 -0.87453 -0.346354 0.339465
-23.0213 -55.4881 37.3244 -0.872136 -0.344696 0.347224
-22.9774 -54.9726 37.9574 -0.859659 -0.366026 0.356027
-22.838 -54.5681 38.6793 -0.853075 -0.367355 0.370558
-22.6497 -54.1092 39.5349 -0.842726 -0.357249 0.402585
-22.4375 -53.5723 40.4376 -0.837386 -0.3602 0.411145
-22.1931 -53.1668 41.2544 -0.827987 -0.351947 0.436372
-21.9192 -52.9294 41.9474 -0.819443 -0.352233 0.452105
-21.6471 -52.6091 42.6458 -0.805926 -0.339187 0.485124
-21.2752 -52.3509 43.4288 -0.802192 -0.33464 0.494456
-20.9064 -52.1452 44.1398 -0.788947 -0.343186 0.509425
-20.4538 -51.9122 44.9795 -0.775988 -0.336087 0.533706
-19.9757 -51.6963 45.8167 -0.779936 -0.331437 0.530895
-19.5419 -51.6581 46.4183 -0.747039 -0.330574 0.576761
-19.0087 -51.5532 47.1384 -0.727585 -0.316784 0.608496
-18.4718 -51.4837 47.8166 -0.728612 -0.324783 0.602947
-17.95 -51.3844 48.4647 -0.714921 -0.311057 0.626205
-17.4663 -51.3373 49.0403 -0.701607 -0.305998 0.643135
-16.638 -51.2399 49.9563 -0.69358 -0.297774 0.655955
-16.1029 -51.1037 50.5368 -0.660719 -0.278383 0.697104
-15.3655 -50.9552 51.2796 -0.642024 -0.258379 0.721835
-14.6419 -51.0355 51.8986 -0.640321 -0.247331 0.727104
-13.6768 -50.8454 52.7837 -0.622263 -0.241913 0.744474
-12.8063 -50.8407 53.4834 -0.599311 -0.216394 0.770196
-12.5624 -50.904 53.6649 -0.617653 -0.196798 0.76143
-12.7588 -52.2456 53.1447 -0.628661 -0.209376 0.748964
-12.0253 -53.0259 53.5626 -0.631332 -0.180828 0.754036
-11.6033 -54.1214 53.6651 -0.639369 -0.178317 0.747938
-11.3798 -55.4282 53.5818 -0.651607 -0.158926 0.741722
-11.2532 -56.3132 53.5145 -0.662737 -0.149733 0.73373
-11.2048 -57.2645 53.3626 -0.672529 -0.148696 0.724979
-11.1636 -58.0212 53.2491 -0.681852 -0.14179 0.717558
-11.226 -59.3062 52.9201 -0.689799 -0.139156 0.710406
-11.2719 -60.1418 52.7058 -0.706169 -0.140921 0.693878
-11.3698 -60.9847 52.4299 -0.719654 -0.146573 0.678607
-11.5383 -61.9926 52.049 -0.723089 -0.13456 0.677512
-11.8146 -62.8963 51.5682 -0.738945 -0.128341 0.661429
-11.9807 -63.5775 51.2499 -0.755689 -0.121272 0.643605
-12.1421 -64.7204 50.8452 -0.75674 -0.107106 0.644728
-12.3326 -65.3707 50.4989 -0.781923 -0.113436 0.612967
-12.6167 -66.0326 50.014 -0.783154 -0.0984701 0.613797
-12.8368 -66.751 49.5758 -0.809012 -0.10598 0.578159
-13.0927 -67.3941 49.1019 -0.826402 -0.0998073 0.553973
-13.3468 -68.0254 48.595 -0.839968 -0.108171 0.531539
-13.695 -68.9235 47.8477 -0.857512 -0.107403 0.502365
-13.9253 -69.4262 47.3084 -0.870171 -0.115372 0.479052
-14.1729 -70.0017 46.7102 -0.880914 -0.126343 0.455507
-14.3892 -70.5249 46.1101 -0.890948 -0.130556 0.434933
-14.6192 -70.9448 45.501 -0.903844 -0.1448 0.402615
-14.8544 -71.4539 44.7725 -0.906159 -0.163092 0.390226
-15.0597 -71.7989 44.1252 -0.914127 -0.169936 0.368096
-15.355 -72.1814 43.1596 -0.9183 -0.193118 0.345522
-15.5759 -72.3497 42.456 -0.925469 -0.196958 0.323596
-15.8342 -72.4425 41.661 -0.92575 -0.201559 0.319885
-16.2104 -72.4556 40.5164 -0.925424 -0.222126 0.307003
-16.551 -72.3339 39.5062 -0.927584 -0.232638 0.292088
-16.9084 -72.1097 38.5039 -0.931593 -0.246511 0.267065
-17.248 -71.7118 37.711 -0.926701 -0.263285 0.268154
-17.5485 -71.2173 37.1355 -0.923091 -0.279116 0.264571
-17.9094 -70.6327 36.4932 -0.925703 -0.278769 0.255483
-18.2235 -70.0495 35.9876 -0.925534 -0.283361 0.251182
-18.592 -69.3514 35.4331 -0.921194 -0.291441 0.257806
-18.97 -68.611 34.9193 -0.920241 -0.29558 0.256457
-19.4209 -67.6413 34.4269 -0.921153 -0.304838 0.241973
-19.7238 -66.9297 34.1841 -0.917527 -0.314606 0.24317
-20.0244 -66.2073 34.0018 -0.913984 -0.323651 0.244656
-20.3469 -65.4627 33.7979 -0.910432 -0.331235 0.247744
-20.696 -64.5616 33.7366 -0.909588 -0.334575 0.246387
-20.9982 -63.7149 33.792 -0.905271 -0.342285 0.251542
-21.2767 -62.9542 33.8113 -0.902899 -0.343031 0.258978
-21.6415 -61.886 33.9773 -0.900828 -0.344604 0.26407
-21.8542 -61.1642 34.1983 -0.896159 -0.35024 0.272453
-22.1399 -59.9606 34.8031 -0.894152 -0.352994 0.275432
-22.3125 -59.0289 35.4391 -0.888707 -0.350914 0.294635
-22.4058 -58.2089 36.0951 -0.8847 -0.348394 0.309722
-22.4468 -57.605 36.6653 -0.881165 -0.348927 0.318827
-22.4198 -57.1243 37.2398 -0.877271 -0.345956 0.332717
-22.372 -56.2791 38.167 -0.872593 -0.340676 0.349993
-22.274 -55.8132 38.8296 -0.862853 -0.342842 0.371408
-22.149 -55.4096 39.4879 -0.852189 -0.330842 0.40536
-21.9086 -54.8311 40.4663 -0.845107 -0.336109 0.415503
-21.6746 -54.4199 41.2443 -0.833385 -0.33663 0.438345
-21.3922 -54.2065 41.9389 -0.815832 -0.336831 0.470067
-21.0699 -53.9321 42.6948 -0.815641 -0.333862 0.472495
-20.7187 -53.6081 43.4889 -0.802722 -0.322494 0.501632
-20.3074 -53.3268 44.3187 -0.798831 -0.31038 0.515299
-19.9457 -53.1164 44.9991 -0.782933 -0.314056 0.537006
-19.5172 -52.9797 45.7056 -0.772903 -0.31244 0.551917
-18.7809 -52.8435 46.7654 -0.751774 -0.307112 0.583309
-18.2014 -52.7217 47.5368 -0.732423 -0.311754 0.605281
-17.481 -52.6482 48.4115 -0.722883 -0.281799 0.630896
-16.8323 -52.5202 49.2019 -0.712166 -0.281214 0.643224
-16.3222 -52.4277 49.7874 -0.700466 -0.262391 0.6637
-15.7224 -52.3325 50.4334 -0.677287 -0.262063 0.687463
-15.1086 -52.2802 51.0508 -0.660248 -0.246356 0.709254
-14.3642 -52.3048 51.7238 -0.666255 -0.217057 0.713435
-13.6841 -52.2448 52.3526 -0.644932 -0.217169 0.732735
-12.8317 -52.2328 53.0871 -0.628661 -0.209376 0.748964
-13.142 -53.6447 52.4399 -0.646747 -0.201619 0.735518
-13.7806 -53.6068 51.87 -0.658153 -0.215977 0.721241
-14.6973 -53.6268 50.998 -0.68111 -0.230734 0.69457
-15.2358 -53.6539 50.4382 -0.694694 -0.235193 0.679768
-15.7644 -53.7117 49.877 -0.708711 -0.242723 0.662075
-16.5612 -53.8168 48.9565 -0.71526 -0.254511 0.650867
-17.166 -53.9382 48.2039 -0.735442 -0.263151 0.624402
-17.8616 -54.0242 47.3405 -0.750163 -0.286275 0.595993
-18.4556 -54.1079 46.5411 -0.752381 -0.293412 0.589772
-18.8866 -54.1941 45.9096 -0.775523 -0.286861 0.562384
-19.3888 -54.3303 45.118 -0.795947 -0.292653 0.529927
-19.9065 -54.623 44.1637 -0.805589 -0.302886 0.509121
-20.243 -54.8868 43.4627 -0.813931 -0.309141 0.491679
-20.7443 -55.3411 42.2866 -0.827995 -0.314093 0.464507
-21.0676 -55.6086 41.5115 -0.845026 -0.318212 0.429735
-21.3111 -55.9692 40.7646 -0.849208 -0.320073 0.419911
-21.463 -56.3869 40.1271 -0.853262 -0.319142 0.412422
-21.626 -56.9051 39.3556 -0.866389 -0.32828 0.3763
-21.7234 -57.4015 38.6961 -0.869708 -0.333008 0.364189
-21.7808 -57.9152 38.0761 -0.873563 -0.331174 0.356664
-21.8304 -58.4031 37.4844 -0.883195 -0.333085 0.330182
-21.7642 -59.2635 36.7803 -0.882893 -0.336847 0.327161
-21.6865 -59.9816 36.2108 -0.891928 -0.343609 0.293831
-21.5572 -60.669 35.7776 -0.894502 -0.343391 0.28615
-21.3264 -61.6274 35.3579 -0.898036 -0.342906 0.275586
-21.0861 -62.4219 35.1521 -0.901473 -0.335685 0.273116
-20.8461 -63.1394 35.0786 -0.90454 -0.338626 0.259112
-20.4715 -64.1677 35.0584 -0.908677 -0.329038 0.256982
-20.1847 -64.9169 35.113 -0.906587 -0.330637 0.262193
-19.7402 -65.994 35.3272 -0.911244 -0.318529 0.261102
-19.429 -66.7196 35.5279 -0.913637 -0.313777 0.258409
-19.1098 -67.4244 35.8195 -0.916557 -0.306501 0.256853
-18.6823 -68.28 36.3453 -0.916861 -0.298104 0.265308
-18.1906 -69.1727 37.0368 -0.919141 -0.284531 0.27238
-17.7209 -69.9799 37.81 -0.921961 -0.270108 0.277395
-17.3926 -70.4859 38.3899 -0.921601 -0.265527 0.283061
-16.9892 -70.9474 39.2882 -0.920025 -0.258873 0.293811
-16.6275 -71.0862 40.2867 -0.923179 -0.2434 0.297484
-16.3167 -71.1075 41.1632 -0.914354 -0.240513 0.325746
-16.0157 -71.0597 42.059 -0.916125 -0.207511 0.342694
-15.6497 -70.8415 43.1287 -0.915012 -0.196955 0.352081
-15.3751 -70.4446 43.9952 -0.90801 -0.183061 0.376837
-15.1273 -69.9778 44.7529 -0.894925 -0.171797 0.41182
-14.9246 -69.4998 45.3848 -0.885065 -0.164323 0.434893
-14.7025 -69.0048 45.9869 -0.87552 -0.161152 0.455515
-14.4923 -68.5123 46.5519 -0.865115 -0.148371 0.478632
-14.2647 -67.996 47.0928 -0.855344 -0.144136 0.497606
-14.0453 -67.4361 47.6189 -0.854174 -0.135871 0.501923
-13.8328 -66.8335 48.1057 -0.826158 -0.126727 0.548922
-13.6254 -66.2365 48.5679 -0.826522 -0.135722 0.546297
-13.4295 -65.6407 48.9906 -0.800181 -0.12803 0.585847
-13.12 -64.6663 49.6462 -0.788101 -0.128158 0.60155
-12.9426 -63.9741 50.0192 -0.775194 -0.137769 0.616518
-12.7385 -62.814 50.5254 -0.752955 -0.143567 0.642221
-12.4482 -61.5923 51.1361 -0.737294 -0.151184 0.658438
-12.3162 -60.8678 51.4533 -0.726421 -0.164415 0.667095
-12.1982 -59.7787 51.8311 -0.717286 -0.159757 0.678214
-12.1676 -58.9836 52.0533 -0.707915 -0.160384 0.687707
-12.1449 -57.66 52.3809 -0.686577 -0.168889 0.70717
-12.2008 -56.6018 52.5808 -0.677616 -0.164102 0.716713
-12.3859 -55.3291 52.6949 -0.666596 -0.170231 0.725719
-12.6584 -54.253 52.7151 -0.659831 -0.196024 0.725395
-13.0843 -53.6775 52.4808 -0.645388 -0.189875 0.739746
-13.631 -55.0833 51.5856 -0.692211 -0.196014 0.694325
-13.2576 -55.9936 51.7167 -0.676314 -0.182257 0.713698
-13.1271 -56.9069 51.6001 -0.700188 -0.19786 0.685988
-13.1122 -57.7118 51.3863 -0.712105 -0.186982 0.676716
-13.109 -58.6394 51.1488 -0.711982 -0.167614 0.6819
-13.1206 -59.5541 50.8943 -0.73409 -0.176359 0.655735
-13.2656 -60.8168 50.4012 -0.742677 -0.178763 0.645163
-13.4002 -61.5443 50.0542 -0.754316 -0.161505 0.636336
-13.5257 -62.2143 49.731 -0.772201 -0.16907 0.612339
-13.7008 -63.1597 49.2667 -0.779188 -0.165745 0.604357
-13.9048 -64.056 48.7437 -0.792882 -0.152426 0.589985
-14.1506 -64.9261 48.1561 -0.812254 -0.157204 0.561721
-14.3587 -65.5714 47.6769 -0.824187 -0.160464 0.54257
-14.5456 -66.1754 47.1857 -0.836363 -0.16601 0.522434
-14.7585 -66.802 46.6303 -0.837753 -0.17585 0.51696
-14.9993 -67.4472 45.9792 -0.856762 -0.186006 0.480988
-15.2243 -67.9644 45.3825 -0.857048 -0.182898 0.481682
-15.4439 -68.4877 44.7221 -0.877515 -0.205293 0.433386
-15.6597 -68.9482 44.067 -0.885094 -0.205483 0.417213
-15.8682 -69.3401 43.3836 -0.895001 -0.218431 0.388922
-16.1175 -69.6216 42.6586 -0.905451 -0.204003 0.371557
-16.372 -69.7637 41.9398 -0.903203 -0.223706 0.366307
-16.689 -69.795 41.0777 -0.912251 -0.241271 0.33097
-16.9816 -69.7393 40.3244 -0.911597 -0.256009 0.321123
-17.2648 -69.5607 39.6295 -0.915019 -0.263917 0.305104
-17.5975 -69.172 38.9777 -0.918749 -0.274223 0.284083
-17.941 -68.6242 38.4081 -0.912483 -0.285621 0.292909
-18.2783 -68.0609 37.9065 -0.912279 -0.286579 0.292606
-18.6097 -67.4937 37.4392 -0.913578 -0.300532 0.273963
-19.0688 -66.589 36.9228 -0.909193 -0.309011 0.27907
-19.5586 -65.452 36.6177 -0.906256 -0.319634 0.276219
-19.8547 -64.7307 36.4609 -0.907987 -0.32472 0.264653
-20.1301 -64.0355 36.3843 -0.906007 -0.318102 0.279217
-20.416 -63.2373 36.3708 -0.900064 -0.331053 0.283352
-20.6915 -62.4054 36.4677 -0.899997 -0.324468 0.290904
-20.8948 -61.6354 36.6938 -0.890634 -0.339611 0.302383
-21.0519 -60.9325 37.0206 -0.890634 -0.339611 0.302384
-21.1275 -60.2334 37.5109 -0.886702 -0.328965 0.32482
-21.1765 -59.5737 38.042 -0.876235 -0.31991 0.360375
-21.1706 -59.0161 38.5513 -0.875005 -0.324988 0.358776
-21.1114 -58.479 39.1704 -0.870678 -0.323244 0.370719
-20.9817 -57.8915 39.9551 -0.861892 -0.311756 0.399931
-20.8336 -57.4546 40.6179 -0.861372 -0.313879 0.399397
-20.5672 -56.945 41.5175 -0.848996 -0.3044 0.43183
-20.2263 -56.5621 42.3917 -0.82963 -0.310531 0.463988
-19.7604 -56.129 43.489 -0.823739 -0.299722 0.48127
-19.4492 -55.8747 44.1505 -0.806365 -0.289446 0.515748
-18.8418 -55.5458 45.2635 -0.790373 -0.286862 0.541168
-18.427 -55.4281 45.917 -0.78743 -0.278393 0.549956
-18.0044 -55.3539 46.5379 -0.770825 -0.27225 0.575661
-17.4717 -55.2813 47.2582 -0.753297 -0.268037 0.600584
-16.7462 -55.1723 48.1898 -0.736249 -0.252472 0.627849
-16.2213 -55.0801 48.8517 -0.734323 -0.236935 0.635765
-15.5189 -55.0129 49.6537 -0.722254 -0.239431 0.64881
-14.8458 -54.9851 50.3862 -0.712799 -0.212977 0.66825
-14.32 -54.9693 50.9477 -0.682645 -0.210663 0.699726
-13.8831 -54.9921 51.367 -0.682647 -0.210662 0.699725
-14.2729 -56.4492 50.5401 -0.724863 -0.199597 0.659344
-15.017 -56.3345 49.7634 -0.722105 -0.219643 0.655863
-15.7978 -56.3625 48.8675 -0.742247 -0.229465 0.629376
-16.4351 -56.4201 48.0734 -0.750927 -0.242733 0.614098
-17.1621 -56.5224 47.1235 -0.765834 -0.253019 0.590922
-17.6365 -56.5923 46.4586 -0.779024 -0.258863 0.570957
-18.3115 -56.7497 45.4155 -0.794911 -0.274349 0.541155
-18.6886 -56.9127 44.7609 -0.809125 -0.290262 0.510945
-19.1398 -57.2227 43.8558 -0.81946 -0.285347 0.49705
-19.4518 -57.5092 43.1696 -0.832102 -0.29335 0.470694
-19.782 -57.8536 42.3713 -0.832851 -0.292579 0.469845
-20.0641 -58.2296 41.5883 -0.846647 -0.300114 0.439454
-20.2726 -58.6683 40.87 -0.857272 -0.314834 0.407386
-20.4341 -59.1648 40.1464 -0.858684 -0.307638 0.40983
-20.5144 -59.6861 39.5461 -0.875044 -0.306805 0.374391
-20.5441 -60.2461 39.0008 -0.879978 -0.316007 0.354651
-20.5171 -60.925 38.4637 -0.881617 -0.321303 0.345539
-20.3195 -62.1027 37.8613 -0.888691 -0.318624 0.329621
-20.0916 -62.8984 37.6925 -0.889138 -0.32342 0.323779
-19.8623 -63.6751 37.6167 -0.899879 -0.306552 0.309757
-19.5651 -64.3824 37.7303 -0.89756 -0.317049 0.306189
-19.0861 -65.501 38.0191 -0.897291 -0.307858 0.316157
-18.7223 -66.2935 38.3133 -0.904979 -0.304901 0.296731
-18.3636 -66.9199 38.762 -0.897683 -0.286953 0.334294
-17.9625 -67.5994 39.3065 -0.905736 -0.278608 0.319405
-17.6268 -68.0788 39.8232 -0.901463 -0.28309 0.32745
-17.2078 -68.4468 40.6903 -0.904583 -0.261986 0.336293
-16.792 -68.4517 41.7325 -0.9042 -0.241416 0.352098
-16.5134 -68.3099 42.4792 -0.892922 -0.231473 0.386149
-16.2507 -67.9499 43.2811 -0.883997 -0.22257 0.41111
-16.001 -67.4447 44.0923 -0.876967 -0.214622 0.429387
-15.7733 -66.9548 44.7585 -0.870142 -0.205031 0.448124
-15.5701 -66.4726 45.3385 -0.859621 -0.190325 0.474139
-15.3155 -65.7072 46.0813 -0.846114 -0.186052 0.499476
-15.0025 -64.6656 46.9557 -0.829618 -0.182195 0.527735
-14.822 -63.9871 47.483 -0.829846 -0.187588 0.525516
-14.6033 -63.1168 48.0599 -0.799938 -0.175578 0.573822
-14.4321 -62.2883 48.5653 -0.78451 -0.189712 0.590145
-14.3239 -61.6245 48.9017 -0.779758 -0.177298 0.600453
-14.2173 -60.9123 49.2459 -0.752581 -0.173523 0.635108
-14.1212 -60.2068 49.5667 -0.748601 -0.187395 0.635987
-14.0495 -59.5056 49.8577 -0.747223 -0.194766 0.635348
-14.0359 -58.7729 50.0907 -0.727891 -0.185258 0.660192
-14.0342 -58.0485 50.2958 -0.725555 -0.199278 0.658524
-14.0651 -57.2027 50.5365 -0.718193 -0.206557 0.664384
-14.2048 -56.5874 50.5732 -0.718408 -0.20133 0.665785
-15.175 -57.7309 49.1081 -0.744717 -0.225139 0.628259
-14.9488 -58.4844 49.1154 -0.756707 -0.196245 0.623604
-14.9593 -59.318 48.8403 -0.760097 -0.202364 0.617425
-15.0279 -60.0986 48.4997 -0.769991 -0.190378 0.608991
-15.1186 -60.8667 48.1235 -0.774871 -0.20773 0.597011
-15.2469 -61.7969 47.6281 -0.81209 -0.178595 0.555529
-15.3689 -62.5245 47.1891 -0.81118 -0.213204 0.544546
-15.6532 -63.7148 46.2931 -0.826735 -0.205338 0.52349
-15.7975 -64.2929 45.8166 -0.834849 -0.205047 0.510822
-16.0591 -65.2201 44.9833 -0.853127 -0.212634 0.476405
-16.2652 -65.7636 44.3644 -0.868455 -0.216821 0.445842
-16.4956 -66.2483 43.6798 -0.86652 -0.219006 0.448513
-16.7181 -66.723 42.9524 -0.877673 -0.23207 0.419324
-16.9691 -67.0334 42.2076 -0.888343 -0.243115 0.389541
-17.3185 -67.1144 41.3369 -0.898402 -0.249554 0.361368
-17.6678 -66.9151 40.6125 -0.897031 -0.251741 0.363266
-18.0586 -66.3631 40.0314 -0.894178 -0.289825 0.341242
-18.5381 -65.589 39.4334 -0.892814 -0.292521 0.3425
-18.9695 -64.6681 39.1034 -0.892384 -0.293444 0.342839
-19.4566 -63.4047 38.9352 -0.888925 -0.303103 0.343425
-19.6747 -62.6857 39.0076 -0.878293 -0.330315 0.345679
-19.8421 -61.9669 39.2506 -0.88133 -0.292718 0.370766
-19.8945 -61.1912 39.7504 -0.874054 -0.311568 0.37253
-19.842 -60.3914 40.4896 -0.861567 -0.304272 0.406282
-19.6862 -59.8272 41.2259 -0.859108 -0.298781 0.415498
-19.4729 -59.3802 41.9465 -0.850983 -0.290389 0.437529
-19.1081 -58.9014 42.935 -0.834746 -0.278539 0.474989
-18.7356 -58.5175 43.8011 -0.827522 -0.26981 0.492352
-18.4146 -58.2502 44.4881 -0.822003 -0.269628 0.501439
-18.0224 -58.0397 45.2036 -0.807945 -0.269889 0.523818
-17.5127 -57.883 46.0359 -0.790572 -0.261709 0.553628
-16.9369 -57.7797 46.8885 -0.773369 -0.242715 0.585581
-16.2976 -57.6944 47.7529 -0.763585 -0.23803 0.600114
-15.7965 -57.6589 48.3846 -0.758101 -0.222026 0.613178
-15.5493 -57.6604 48.6897 -0.751409 -0.223581 0.620719
-16.1534 -59.0195 47.418 -0.769207 -0.219651 0.59983
-16.6874 -59.0543 46.6645 -0.785821 -0.259059 0.561582
-17.3449 -59.1917 45.6533 -0.799164 -0.267313 0.538405
-17.7383 -59.3496 44.9909 -0.804987 -0.263145 0.531652
-18.1118 -59.595 44.252 -0.82457 -0.26021 0.502369
-18.4817 -59.938 43.4248 -0.835313 -0.278732 0.473874
-18.813 -60.3416 42.5847 -0.841956 -0.291373 0.454105
-19.0723 -60.8226 41.7807 -0.863084 -0.287128 0.415505
-19.2158 -61.5055 41.0146 -0.862995 -0.284703 0.417352
-19.2112 -62.3346 40.4212 -0.877289 -0.295747 0.377995
-19.0432 -63.1063 40.215 -0.879077 -0.29766 0.372246
-18.7777 -63.874 40.2187 -0.879987 -0.301995 0.366635
-18.4498 -64.617 40.4264 -0.880497 -0.281369 0.381518
-17.8655 -65.4855 41.1359 -0.888541 -0.268786 0.371428
-17.4755 -65.7135 41.9003 -0.883301 -0.251849 0.395414
-17.1539 -65.4189 42.771 -0.881491 -0.235176 0.40947
-16.9366 -64.9784 43.4573 -0.864147 -0.225032 0.450106
-16.7567 -64.5156 44.0393 -0.863709 -0.228867 0.449029
-16.5617 -63.8832 44.6973 -0.84763 -0.234683 0.475865
-16.3456 -62.986 45.4751 -0.828414 -0.221095 0.51462
-16.2108 -62.3561 45.9677 -0.823579 -0.220512 0.522476
-16.0288 -61.2746 46.6936 -0.818897 -0.219654 0.530246
-15.9389 -60.3914 47.1612 -0.791747 -0.221192 0.569242
-15.8615 -59.5187 47.6223 -0.786237 -0.232778 0.572404
-16.0301 -59.2633 47.4947 -0.780741 -0.21852 0.585062
-16.9465 -60.5647 45.6236 -0.804356 -0.238835 0.544012
-17.3833 -60.6817 44.8782 -0.824027 -0.246809 0.509965
-17.8536 -60.944 43.956 -0.838981 -0.266718 0.474313
-18.1322 -61.2501 43.2909 -0.842666 -0.271637 0.464759
-18.4052 -61.7056 42.5068 -0.848893 -0.265807 0.456729
-18.5427 -62.2875 41.8816 -0.863354 -0.279455 0.42012
-18.4607 -63.2266 41.4239 -0.868012 -0.28726 0.404755
-18.0854 -64.0487 41.6631 -0.867674 -0.274714 0.414336
-17.6221 -64.1519 42.5687 -0.868737 -0.258341 0.422192
-17.417 -63.7533 43.2029 -0.861781 -0.257438 0.436942
-17.216 -63.0726 43.9579 -0.845532 -0.248745 0.472205
-17.043 -62.311 44.6446 -0.839342 -0.247272 0.48411
