4.89275 5.15885 72.4506 0.250861 -0.359805 0.898649
6.00466 5.64029 72.3166 0.278944 -0.362151 0.889364
6.00466 5.64029 72.3166 0.278944 -0.362151 0.889364
6.12704 5.05071 72.0355 0.269851 -0.357486 0.894011
5.85799 4.29924 71.8248 0.266106 -0.34974 0.898256
5.45473 3.49303 71.6279 0.259194 -0.354889 0.898236
4.57517 3.67533 71.9483 0.25331 -0.357868 0.898757
3.99195 4.27294 72.3375 0.239883 -0.354071 0.90393
4.54846 4.92094 72.4489 0.243525 -0.36233 0.899672
4.06241 5.82356 72.943 0.245568 -0.363141 0.898787
3.08492 5.1521 72.9299 0.22671 -0.360809 0.904665
1.83932 4.47029 72.9527 0.209024 -0.375619 0.902895
1.14344 4.19277 72.9923 0.186619 -0.384412 0.903933
0.841862 3.5384 72.7636 0.170696 -0.382901 0.90778
1.88294 3.29652 72.4644 0.195732 -0.367062 0.909279
2.74305 3.10886 72.1956 0.215858 -0.362085 0.906744
3.43508 2.84314 71.9154 0.225641 -0.364781 0.903339
4.07204 2.55556 71.6418 0.226142 -0.356008 0.906706
4.67509 2.20002 71.3401 0.250607 -0.349983 0.902612
5.26025 1.81628 71.0288 0.253186 -0.351594 0.901259
5.99472 1.72245 70.7818 0.263823 -0.346839 0.900056
6.45193 2.66609 71.0114 0.264486 -0.348165 0.899347
6.95471 3.65619 71.2423 0.279628 -0.343656 0.896498
7.2941 4.51549 71.4658 0.280221 -0.3456 0.895562
7.48743 5.48021 71.7844 0.278526 -0.353161 0.893141
7.62618 6.45157 72.1182 0.291411 -0.349204 0.890579
7.68555 7.26065 72.4182 0.291694 -0.351243 0.889687
7.77699 8.02812 72.6912 0.292106 -0.350619 0.889798
6.94578 8.28694 73.0627 0.286837 -0.355156 0.889712
5.98809 7.36842 73.0048 0.286021 -0.352591 0.89099
5.41859 6.84211 72.9679 0.259342 -0.354612 0.898327
4.6895 6.28654 72.9594 0.253257 -0.360362 0.897734
4.18029 5.91026 72.9459 0.246318 -0.365469 0.897641
3.47208 6.76094 73.4843 0.242651 -0.364565 0.899007
4.2345 7.34501 73.5143 0.261657 -0.368016 0.892243
4.82255 7.81964 73.5381 0.260593 -0.367644 0.892709
5.43413 8.39427 73.5846 0.277586 -0.353279 0.893387
6.15318 9.10523 73.646 0.284196 -0.365049 0.886538
6.99699 10.0913 73.7715 0.291053 -0.36106 0.885959
7.42482 10.7657 73.9022 0.293252 -0.35638 0.887128
7.92349 11.8661 74.172 0.304491 -0.351057 0.885463
8.27239 12.6133 74.3467 0.312708 -0.344852 0.885037
8.6307 13.2813 74.4807 0.312712 -0.345294 0.884863
9.01975 13.9343 74.596 0.325149 -0.335301 0.884224
9.64267 15.1012 74.8085 0.322569 -0.332312 0.886294
10.3739 15.5683 74.7009 0.339134 -0.321969 0.883925
10.0414 15.0249 74.6317 0.334815 -0.324625 0.884576
10.1962 14.3006 74.3022 0.328894 -0.332876 0.883744
9.93141 13.532 74.1081 0.325115 -0.335504 0.884159
9.64615 12.7888 73.9297 0.3127 -0.344849 0.885041
9.4122 12.0788 73.736 0.313569 -0.344773 0.884763
9.25795 11.1387 73.4234 0.309973 -0.349734 0.884071
9.14944 10.1456 73.0649 0.305839 -0.347604 0.886343
9.1418 8.98635 72.6206 0.29997 -0.348501 0.887975
9.13575 8.10414 72.2745 0.292523 -0.349999 0.889905
9.03385 7.31588 71.9979 0.29211 -0.350621 0.889795
8.92543 6.02717 71.5287 0.291179 -0.347201 0.89144
8.70115 4.62474 71.0556 0.291934 -0.344294 0.892315
8.45429 3.91753 70.8662 0.292636 -0.341347 0.893222
8.06217 3.08345 70.6707 0.284364 -0.346388 0.893953
7.70035 2.39271 70.5176 0.284396 -0.347082 0.893674
7.24224 1.40774 70.2782 0.280812 -0.345475 0.895417
7.01188 0.670561 70.069 0.279647 -0.341128 0.897457
6.78836 -0.450256 69.7137 0.280226 -0.340728 0.897428
6.86212 -1.12566 69.4338 0.266789 -0.349383 0.898196
6.00582 -0.611207 69.8827 0.257786 -0.342959 0.903286
5.07974 0.279984 70.4847 0.255977 -0.343322 0.903662
4.53147 0.697548 70.7981 0.23992 -0.344968 0.907341
3.9326 1.15334 71.1251 0.226996 -0.356518 0.906293
3.3407 1.51479 71.4155 0.226148 -0.356002 0.906708
2.57396 1.84107 71.7283 0.211733 -0.364307 0.90689
1.7005 2.11514 72.019 0.182247 -0.356936 0.916178
0.391848 2.2669 72.3195 0.150657 -0.38401 0.910955
-0.612591 2.1174 72.4163 0.120809 -0.386326 0.914339
-1.8162 1.74294 72.4019 0.0981085 -0.390521 0.915244
-2.52022 1.48718 72.3445 0.0557865 -0.355348 0.933068
-3.3527 1.15117 72.2594 0.0184233 -0.381479 0.924003
-4.03491 1.01437 72.2026 0.00241586 -0.387645 0.921805
-4.38328 1.81984 72.5477 -0.00697321 -0.421114 0.906981
-4.53521 2.74426 72.9758 -0.00327418 -0.425299 0.905028
-4.69494 3.50194 73.3338 0.0045124 -0.421453 0.906839
-4.83614 4.17899 73.6492 0.00775621 -0.426722 0.904325
-4.95677 4.90443 73.9981 0.0205656 -0.423125 0.905736
-5.12643 6.19247 74.6324 0.0371511 -0.459991 0.887143
-5.00745 6.96482 75.0287 0.0393304 -0.464419 0.884733
-4.53082 7.14259 75.0983 0.0581636 -0.460851 0.885559
-3.32079 6.41782 74.6518 0.0606236 -0.445043 0.893455
-2.67715 6.0818 74.4235 0.0792115 -0.452684 0.888146
-2.00466 5.79477 74.2176 0.121147 -0.405167 0.905939
-0.888636 5.5318 73.9344 0.137999 -0.393186 0.909044
0.0252187 5.45629 73.75 0.154911 -0.397659 0.904362
0.789093 5.51099 73.6253 0.189922 -0.384294 0.903357
1.54159 5.69717 73.5358 0.202877 -0.387365 0.899327
2.28679 6.02318 73.4911 0.220221 -0.37347 0.901123
3.2446 6.60535 73.4826 0.242651 -0.364565 0.899007
2.72395 7.60595 74.048 0.239409 -0.381149 0.892978
3.6023 8.25793 74.0776 0.263082 -0.372406 0.88999
4.20639 8.78512 74.1219 0.263423 -0.376434 0.888204
4.80462 9.36045 74.1783 0.276044 -0.367178 0.888245
5.54794 10.1701 74.2771 0.289752 -0.365247 0.884668
6.34705 11.3242 74.4871 0.293576 -0.360241 0.885458
6.82469 12.3047 74.7209 0.302803 -0.351984 0.885672
7.1755 13.1213 74.927 0.302968 -0.353492 0.885016
7.5337 13.8679 75.0977 0.313135 -0.342598 0.885756
7.87923 14.5605 75.241 0.313342 -0.339793 0.886768
8.22185 15.2195 75.37 0.322568 -0.332313 0.886294
8.59884 15.8947 75.4853 0.322719 -0.331565 0.886519
9.01192 16.5664 75.5866 0.33054 -0.3344 0.882559
9.47185 17.3119 75.6802 0.343992 -0.322157 0.881978
9.81366 18.0687 75.8233 0.343939 -0.322384 0.881915
10.2482 18.8013 75.9187 0.351641 -0.315035 0.881534
10.8529 19.7285 76.0089 0.351602 -0.316197 0.881132
11.1595 20.7805 76.2607 0.355543 -0.313852 0.88039
11.4583 21.5277 76.4042 0.35744 -0.308608 0.881471
11.8726 22.3281 76.5138 0.359197 -0.306669 0.881437
12.2716 23.1151 76.6224 0.359765 -0.300589 0.883297
12.6334 23.9334 76.752 0.36077 -0.299405 0.88329
13.0454 24.9183 76.9136 0.360215 -0.293796 0.885397
13.2456 25.7677 77.1145 0.359579 -0.291022 0.886565
13.2436 26.7373 77.4297 0.358827 -0.287454 0.888039
13.2981 27.6571 77.6958 0.356278 -0.27622 0.892619
13.562 28.7252 77.9169 0.355813 -0.267288 0.895519
13.9042 29.7388 78.0819 0.355769 -0.263535 0.896643
14.0776 30.6742 78.2816 0.357037 -0.257269 0.897963
14.1219 31.7603 78.5639 0.355763 -0.245001 0.901891
14.0551 32.8077 78.8799 0.347348 -0.244037 0.905392
14.0933 34.0838 79.1983 0.345046 -0.237625 0.908007
14.1886 35.1945 79.4476 0.338592 -0.232722 0.9117
14.4258 36.2612 79.6284 0.334438 -0.224515 0.915251
14.6981 37.072 79.722 0.32298 -0.215903 0.92145
15.2864 37.6242 79.6465 0.320034 -0.220358 0.921423
16.0431 37.9269 79.4538 0.320246 -0.227828 0.91949
16.9219 38.1059 79.2005 0.308667 -0.231219 0.922629
18.0442 38.3274 78.8858 0.31169 -0.235946 0.920375
18.8858 38.346 78.6135 0.299523 -0.256072 0.919083
19.6697 38.3138 78.3491 0.303005 -0.256884 0.917706
20.4792 38.3031 78.0753 0.306492 -0.257698 0.916327
21.2096 38.3051 77.8402 0.300417 -0.27224 0.914096
22.0034 38.575 77.6527 0.307895 -0.272602 0.911531
22.7078 38.978 77.5353 0.300721 -0.280625 0.911428
23.6183 39.0504 77.2441 0.314829 -0.287933 0.904421
24.3302 39.2198 77.0502 0.314828 -0.287933 0.904421
25.1002 39.5208 76.8706 0.322955 -0.284875 0.902522
25.781 39.8526 76.7346 0.322923 -0.293185 0.899845
26.4359 40.3984 76.6718 0.328901 -0.291295 0.898316
27.1217 41.1132 76.6426 0.336719 -0.27967 0.899113
27.7981 41.6826 76.5668 0.341315 -0.270787 0.90004
28.703 41.7129 76.2278 0.3422 -0.262705 0.902145
29.6295 41.1056 75.6998 0.340869 -0.268146 0.901058
30.4044 40.4056 75.1984 0.331985 -0.26762 0.904475
30.9861 40.0189 74.8776 0.324366 -0.269647 0.906679
32.4871 39.4321 74.1614 0.325631 -0.272201 0.905467
33.5551 38.9036 73.6271 0.312896 -0.274931 0.909124
34.0793 38.3081 73.2677 0.311512 -0.280404 0.907906
34.918 37.0047 72.5678 0.310949 -0.286541 0.906204
35.3212 35.8118 72.0576 0.305583 -0.287243 0.907798
34.9502 35.0694 71.9447 0.306518 -0.290034 0.906601
34.3468 34.5893 71.996 0.30731 -0.289431 0.906526
33.4921 34.4658 72.2521 0.313913 -0.290474 0.903927
32.6163 34.8673 72.684 0.315324 -0.288241 0.904146
31.9105 35.3695 73.092 0.319243 -0.288825 0.902585
30.9655 35.8397 73.5795 0.320684 -0.290197 0.901636
29.776 36.173 74.1146 0.325054 -0.288382 0.900653
28.6626 36.1423 74.506 0.324663 -0.28791 0.900945
27.728 35.9727 74.7917 0.331107 -0.285519 0.899359
26.8482 35.8933 75.0879 0.327082 -0.285215 0.900927
25.6673 35.7273 75.4641 0.328556 -0.284435 0.900636
24.6458 34.8982 75.5766 0.329701 -0.284468 0.900208
23.9933 34.3917 75.6556 0.33038 -0.286777 0.899223
23.2908 33.8195 75.7303 0.332978 -0.287198 0.898129
22.3287 33.6008 76.0185 0.330895 -0.279562 0.901281
21.5671 33.485 76.26 0.328256 -0.274005 0.903974
20.7158 33.4643 76.5628 0.32841 -0.274022 0.903913
19.7964 33.1807 76.811 0.333344 -0.267976 0.903887
18.3388 32.2641 77.0907 0.338118 -0.261913 0.903924
17.7535 31.6769 77.1395 0.338126 -0.261915 0.90392
17.0843 30.8958 77.1697 0.350483 -0.255854 0.900934
16.7454 30.1123 77.0727 0.354028 -0.267948 0.896029
16.5656 29.1144 76.8453 0.353134 -0.269744 0.895841
16.3047 28.1227 76.6416 0.359588 -0.277524 0.890885
16.0231 27.3949 76.5289 0.35312 -0.286055 0.890746
15.5757 26.683 76.4722 0.355194 -0.290684 0.888444
14.9733 25.9568 76.4777 0.357599 -0.29162 0.887176
14.4355 25.2992 76.4779 0.35661 -0.292559 0.887264
13.9034 24.538 76.4408 0.356768 -0.294895 0.886424
13.5657 23.7807 76.3224 0.356255 -0.297909 0.885626
13.3355 22.9875 76.1482 0.356737 -0.300358 0.884599
13.0615 22.0129 75.9235 0.355263 -0.305454 0.883451
12.9992 21.1888 75.6636 0.35528 -0.307299 0.882802
12.8279 20.1788 75.3786 0.355295 -0.309149 0.882152
12.7134 19.2962 75.1144 0.351405 -0.313144 0.882299
12.5371 18.2202 74.8038 0.349212 -0.311384 0.883794
12.2855 17.2845 74.5735 0.34921 -0.311387 0.883793
11.9237 16.4252 74.4088 0.346284 -0.316169 0.883247
11.797 15.6695 74.1886 0.346241 -0.315119 0.883639
11.5408 14.8816 74.0067 0.344849 -0.315742 0.88396
11.2383 13.9218 73.7687 0.332448 -0.326642 0.884743
11.0902 13.2142 73.566 0.327479 -0.328687 0.885813
10.8874 12.4523 73.3501 0.32233 -0.33719 0.884538
10.6969 11.655 73.1155 0.318352 -0.341235 0.884393
10.5133 10.7212 72.8148 0.312444 -0.346295 0.884567
10.4441 9.74061 72.4603 0.311794 -0.34071 0.886962
10.4911 9.04196 72.1735 0.308581 -0.34428 0.886706
10.4829 8.30922 71.8912 0.312424 -0.346855 0.884342
10.4241 7.23172 71.4864 0.314271 -0.341747 0.885651
10.2828 6.07672 71.0953 0.307249 -0.343302 0.887548
10.0595 4.48267 70.556 0.3071 -0.343133 0.887665
9.69431 3.51286 70.3016 0.296308 -0.345451 0.89043
9.23407 2.65716 70.1228 0.29459 -0.347489 0.890203
8.8092 1.86483 69.9514 0.293105 -0.34452 0.891834
8.38501 0.961287 69.7474 0.293333 -0.339501 0.893697
8.19551 0.120913 69.4903 0.292261 -0.338382 0.894471
8.14894 -0.782903 69.1608 0.282753 -0.342105 0.896111
8.14643 -1.63636 68.8358 0.282876 -0.338497 0.897433
8.07063 -2.52205 68.5296 0.283 -0.33489 0.898755
7.98227 -3.23385 68.2922 0.286526 -0.33625 0.897119
7.84372 -4.36332 67.9192 0.278032 -0.331605 0.901519
7.45993 -5.24558 67.713 0.279005 -0.328379 0.902392
6.98815 -5.2775 67.846 0.272039 -0.327316 0.904904
6.41082 -4.19547 68.4152 0.273732 -0.33198 0.902693
6.11758 -3.50506 68.7585 0.266106 -0.333621 0.90437
5.83628 -2.80925 69.0996 0.26732 -0.337281 0.902652
5.46424 -2.08328 69.481 0.260722 -0.33614 0.904977
4.93917 -1.41903 69.8759 0.253329 -0.340872 0.905326
4.39259 -0.870846 70.236 0.251738 -0.34507 0.904186
3.85848 -0.384306 70.558 0.227557 -0.343758 0.91107
3.28523 0.0665035 70.8712 0.229182 -0.346476 0.909625
2.63276 0.476844 71.1817 0.20694 -0.347607 0.914519
1.91465 0.781302 71.46 0.187385 -0.342975 0.920222
1.11548 0.970426 71.6803 0.172221 -0.36408 0.915306
0.247607 1.00675 71.8462 0.142748 -0.360421 0.921791
-0.787047 0.808803 71.9242 0.1227 -0.358842 0.925139
-1.51621 0.565364 71.9072 0.093244 -0.363879 0.926767
-2.47272 0.191922 71.8355 0.0317092 -0.36804 0.929269
-3.17361 -0.114654 71.7391 0.0212885 -0.35979 0.932679
-3.85569 -0.4795 71.6066 -0.00127731 -0.360871 0.932545
-4.51865 -1.15607 71.3414 -0.00741479 -0.347865 0.937515
-5.08383 -1.78926 71.0614 -0.0552998 -0.356863 0.932184
-5.83016 -2.29914 70.8436 -0.0451272 -0.335759 0.940866
-6.47723 -2.84481 70.5939 -0.104635 -0.34693 0.932033
-6.75767 -3.72666 70.2487 -0.113242 -0.322271 0.93985
-7.63253 -3.51817 70.2073 -0.131945 -0.344357 0.92945
-7.37408 -2.73535 70.5347 -0.103629 -0.344835 0.932926
-6.7984 -1.86679 70.9241 -0.105642 -0.349025 0.93114
-6.19852 -1.30157 71.1819 -0.0552969 -0.35687 0.932181
-6.20403 -0.591763 71.4773 -0.0616171 -0.387812 0.919677
-5.83366 0.480992 71.9342 -0.0319955 -0.382626 0.922948
-5.77057 1.2332 72.2726 -0.0331636 -0.407707 0.91251
-5.77012 1.95988 72.5911 -0.0648818 -0.408381 0.91027
-5.8871 2.74815 72.9613 -0.0666609 -0.433331 0.898766
-6.08247 3.5629 73.3396 -0.0642815 -0.437342 0.896981
-6.23251 4.27181 73.6732 -0.0517939 -0.426731 0.902894
-6.3389 4.97937 74.0015 -0.0517961 -0.426734 0.902893
-6.45619 5.73586 74.3917 -0.0251756 -0.464118 0.885415
-6.57193 6.40272 74.7547 -0.0329199 -0.482723 0.875154
-6.67729 7.1179 75.1422 -0.0285255 -0.466703 0.883802
-6.78508 7.7984 75.4864 -0.0162101 -0.460895 0.887258
-7.15416 8.50815 75.8575 -0.0113077 -0.467929 0.883694
-7.21731 9.39889 76.3661 -0.0189754 -0.526094 0.850044
-6.64386 10.0255 76.7726 -0.00939416 -0.538181 0.842777
-5.70081 9.32491 76.3723 -0.0285566 -0.514006 0.857311
-5.10988 8.93774 76.0864 0.0673741 -0.49981 0.863328
-4.29092 8.44544 75.7581 0.0544863 -0.474376 0.878462
-3.33671 7.84963 75.3846 0.0839806 -0.451269 0.888073
-2.72299 7.48198 75.1302 0.113725 -0.443061 0.889207
-2.03865 7.11656 74.8554 0.120359 -0.429194 0.895157
-0.884803 6.71002 74.4863 0.162015 -0.424834 0.890373
-0.00785256 6.62495 74.2692 0.181661 -0.412985 0.892436
0.796711 6.71255 74.1459 0.196033 -0.402131 0.894167
2.07676 7.21305 74.0528 0.223668 -0.394371 0.891316
2.20648 7.28932 74.0516 0.239409 -0.381149 0.892978
1.77841 8.34436 74.6235 0.238529 -0.390736 0.889057
0.971532 7.94307 74.6499 0.213431 -0.41199 0.885839
0.239905 7.77236 74.7468 0.214262 -0.412158 0.88556
-0.933455 7.92959 75.0759 0.181971 -0.432762 0.882952
-1.57475 8.23468 75.3397 0.160954 -0.425586 0.890489
-2.2331 8.62441 75.6355 0.107036 -0.452515 0.885196
-3.07098 9.15167 76.0176 0.107999 -0.465103 0.878644
-3.65422 9.54919 76.3054 0.11435 -0.468602 0.875977
-4.25941 9.93423 76.6046 0.096797 -0.523724 0.846
-5.04653 10.5661 77.0646 0.0719713 -0.526936 0.846852
-5.61074 10.9332 77.3684 0.0327018 -0.546491 0.83565
-6.33834 11.4353 77.6928 0.0127304 -0.571225 0.820695
-7.16347 12.0557 78.1374 0.0107502 -0.577672 0.816157
-7.79732 12.9365 78.8142 -0.00726037 -0.612382 0.790529
-8.34346 13.5223 79.3155 0.0150167 -0.644857 0.764155
-9.38183 13.7293 79.4542 -0.0162993 -0.659197 0.751174
-9.96433 13.6254 79.3598 0.00177917 -0.677866 0.735183
-10.4066 12.7666 78.6045 -0.0330405 -0.626133 0.778795
-10.2313 12.0292 78.0409 -0.0317022 -0.611738 0.790425
-9.58234 10.8954 77.1894 -0.0214468 -0.615233 0.787975
-9.15065 10.1934 76.754 -0.0729519 -0.537133 0.840044
-8.87082 9.50623 76.329 -0.0885626 -0.549758 0.830616
-8.63153 8.72867 75.8398 -0.11981 -0.496206 0.857246
-8.27993 7.6829 75.3423 -0.0806992 -0.483027 0.871876
-8.18969 6.99417 74.9672 -0.0827063 -0.48316 0.871613
-8.03228 6.3388 74.6208 -0.0841495 -0.481351 0.872479
-7.82952 5.69138 74.2762 -0.0980266 -0.477567 0.872954
-7.71325 4.99807 73.9229 -0.108024 -0.465616 0.878369
-7.60871 4.02051 73.4334 -0.12026 -0.437864 0.890961
-7.38265 3.11684 73.0198 -0.117633 -0.433893 0.893237
-7.22387 2.41758 72.7078 -0.11764 -0.425792 0.897141
-7.16552 1.72762 72.3893 -0.0790548 -0.394898 0.915229
-7.24732 0.845926 71.9945 -0.0901863 -0.400078 0.912033
-7.50671 0.192142 71.6976 -0.0827208 -0.385076 0.91917
-7.78213 -0.583234 71.3233 -0.112168 -0.408842 0.905686
-8.12478 -1.258 71.0151 -0.0963396 -0.359648 0.928101
-8.51185 -1.92151 70.6877 -0.146906 -0.361595 0.920549
-8.92372 -2.71798 70.3259 -0.14079 -0.34818 0.926795
-9.17487 -3.48457 69.9937 -0.187736 -0.365184 0.911809
-9.45736 -4.52071 69.5747 -0.169776 -0.325337 0.930232
-9.52778 -5.47981 69.2264 -0.169776 -0.325337 0.930232
-8.7423 -6.54031 69.0037 -0.163336 -0.315636 0.934717
-8.81281 -7.41526 68.7148 -0.164945 -0.295352 0.941042
-8.63962 -8.34196 68.4543 -0.156008 -0.298715 0.941456
-8.13429 -7.62937 68.7618 -0.147073 -0.302089 0.941866
-7.75407 -6.78341 69.0925 -0.144914 -0.299047 0.943162
-7.14381 -5.94299 69.4462 -0.142293 -0.294224 0.945085
-6.30383 -5.15754 69.8172 -0.118666 -0.289432 0.949498
-5.61031 -4.34911 70.1379 -0.0601497 -0.330279 0.941965
-4.97998 -3.61574 70.4353 -0.0601528 -0.330279 0.941965
-4.4514 -2.96496 70.6852 -0.0538722 -0.319372 0.946097
-3.82985 -2.32599 70.9184 -0.00668445 -0.314737 0.949153
-3.15199 -1.48232 71.229 -0.00453213 -0.349224 0.937028
-2.45713 -1.11278 71.3303 0.0378757 -0.315553 0.948152
-1.72783 -0.826447 71.4068 0.0631091 -0.358412 0.930847
-0.51947 -0.371476 71.4431 0.106955 -0.354218 0.929026
0.261534 -0.199897 71.3971 0.150312 -0.337572 0.929112
1.0679 -0.268216 71.2293 0.165635 -0.339722 0.925823
1.97992 -0.581806 70.9275 0.204616 -0.341385 0.917354
2.7222 -1.10119 70.5753 0.201969 -0.335445 0.920155
3.24252 -1.61289 70.257 0.231928 -0.337782 0.912202
4.04728 -2.39727 69.7626 0.243581 -0.337584 0.90915
4.50628 -3.04417 69.3949 0.258145 -0.330434 0.907841
4.93859 -4.19177 68.8544 0.263117 -0.330726 0.90629
5.35089 -5.20735 68.3618 0.267131 -0.328868 0.905808
5.70432 -5.7964 68.0437 0.267181 -0.328824 0.905808
6.13621 -6.43736 67.6847 0.270855 -0.325144 0.906046
6.49927 -7.4627 67.2123 0.268371 -0.318625 0.909096
6.60538 -8.63289 66.7709 0.269006 -0.317867 0.909173
6.83487 -9.45137 66.42 0.273866 -0.313049 0.909394
7.25572 -10.0739 66.079 0.273866 -0.313049 0.909394
7.58312 -10.9805 65.6781 0.26925 -0.306087 0.913135
7.68774 -11.8501 65.3567 0.268011 -0.297088 0.91643
7.81128 -12.6253 65.0764 0.26647 -0.290328 0.919078
7.88309 -13.5394 64.7668 0.26614 -0.282641 0.92153
8.19037 -14.1653 64.4922 0.265795 -0.274949 0.923989
8.52924 -14.7807 64.2157 0.260118 -0.267478 0.927782
8.76261 -14.0907 64.3521 0.260342 -0.271218 0.926641
9.21019 -13.4853 64.4042 0.257231 -0.275263 0.92631
9.14337 -12.5786 64.7035 0.268539 -0.289322 0.918792
8.86588 -11.7087 65.0586 0.267916 -0.293286 0.917707
8.84958 -10.9963 65.2943 0.2714 -0.301457 0.914016
8.79181 -9.97685 65.6537 0.275508 -0.305659 0.91141
8.64199 -9.13376 65.983 0.276853 -0.310993 0.909184
8.3871 -8.42443 66.3071 0.27924 -0.314245 0.907345
8.35855 -7.68211 66.573 0.278751 -0.316522 0.906701
8.60316 -6.63005 66.868 0.278262 -0.318799 0.906056
8.9933 -5.57213 67.1204 0.282281 -0.316406 0.905639
9.18929 -4.24555 67.538 0.287528 -0.326235 0.900499
9.42731 -3.14657 67.8602 0.287528 -0.326235 0.900499
9.50602 -2.1377 68.2119 0.290052 -0.33761 0.895483
9.48245 -1.29875 68.5359 0.289994 -0.337714 0.895462
9.40799 -0.234642 68.962 0.290987 -0.337837 0.895093
9.69043 0.881004 69.2905 0.291188 -0.337263 0.895245
10.1323 1.78601 69.4877 0.295311 -0.337195 0.893908
10.9426 3.04714 69.6947 0.306692 -0.343815 0.887542
11.4312 4.19743 69.9715 0.306822 -0.343391 0.887661
11.5781 5.06646 70.2564 0.306951 -0.342967 0.887781
11.5495 5.79433 70.5475 0.307096 -0.343137 0.887665
11.6774 6.81891 70.8907 0.312289 -0.33478 0.889043
11.922 7.80751 71.177 0.31427 -0.341744 0.885653
11.9088 8.52262 71.4644 0.319616 -0.343858 0.882934
11.686 9.43094 71.8944 0.322986 -0.338999 0.883606
11.7508 10.4304 72.2606 0.329074 -0.33996 0.880968
11.9372 11.2212 72.4939 0.333619 -0.33956 0.87943
12.1015 12.0654 72.7565 0.324352 -0.337014 0.883865
12.2678 12.9139 73.0069 0.337302 -0.325257 0.883422
12.4513 13.8039 73.2646 0.336942 -0.324492 0.883841
12.7719 14.8921 73.5303 0.345677 -0.314373 0.884125
13.1638 16.1013 73.807 0.34596 -0.314748 0.883881
13.4403 16.9592 74.0026 0.350875 -0.310873 0.883312
13.7215 17.7428 74.1658 0.352541 -0.31036 0.882832
13.9768 19.0615 74.5274 0.352548 -0.310322 0.882842
14.1273 19.8371 74.7375 0.353197 -0.307697 0.883501
14.407 21.1218 75.0731 0.354249 -0.308421 0.882826
14.4756 22.3553 75.4706 0.357208 -0.302817 0.883575
14.7152 23.3385 75.7107 0.357307 -0.300215 0.884418
15.0274 24.064 75.8285 0.357605 -0.297576 0.885193
15.6701 24.9088 75.8526 0.357573 -0.294356 0.886277
16.5484 25.875 75.8165 0.357112 -0.291482 0.887417
17.0479 26.8294 75.9251 0.359151 -0.288915 0.887434
17.464 27.6897 76.0368 0.35679 -0.288948 0.888371
17.8754 29.1289 76.3208 0.348598 -0.274982 0.896027
18.2134 30.4628 76.5986 0.348583 -0.275007 0.896025
18.9728 31.2158 76.5394 0.346374 -0.279286 0.895558
20.4885 32.0903 76.2259 0.346387 -0.279287 0.895553
21.5274 32.1288 75.8489 0.33474 -0.282877 0.898845
22.6596 32.2094 75.4542 0.334213 -0.285222 0.898304
23.7613 32.5934 75.1653 0.334896 -0.285312 0.898021
25.2866 33.6915 74.9536 0.331784 -0.289333 0.897889
26.2034 34.4974 74.874 0.330179 -0.290874 0.897979
26.9273 34.6944 74.6738 0.32785 -0.292168 0.898417
28.0551 34.9837 74.3564 0.328192 -0.290247 0.898912
29.6156 34.9091 73.7671 0.32545 -0.288859 0.900357
30.907 34.4325 73.1473 0.323067 -0.28953 0.900996
31.6895 33.8941 72.6975 0.317117 -0.293091 0.901962
32.411 33.3352 72.2622 0.314972 -0.292525 0.902893
33.0762 33.1113 71.9597 0.312827 -0.291958 0.903825
34.052 33.0592 71.6065 0.309326 -0.290422 0.905521
34.7789 33.3027 71.4382 0.307267 -0.291169 0.905984
35.7369 33.9656 71.3256 0.306517 -0.29004 0.9066
36.3364 34.8068 71.3931 0.305725 -0.290643 0.906675
36.7983 36.0167 71.6252 0.305578 -0.287245 0.907799
36.4717 36.9103 72.014 0.305436 -0.283848 0.908922
35.8303 38.1064 72.6031 0.308192 -0.285196 0.907563
35.2627 39.2307 73.1399 0.31208 -0.274268 0.909606
34.5156 40.0689 73.6489 0.312894 -0.274934 0.909125
33.5738 40.5433 74.118 0.313712 -0.275594 0.908643
32.5986 40.7856 74.5281 0.319672 -0.273894 0.907056
31.5668 41.2003 75.0185 0.323105 -0.267089 0.907891
30.6456 41.9958 75.5804 0.331988 -0.267619 0.904474
29.7435 42.6904 76.1236 0.34104 -0.248459 0.906483
28.7558 43.3245 76.6598 0.349348 -0.234911 0.907048
27.8899 43.4922 77.0432 0.354686 -0.236514 0.904576
26.9924 42.8949 77.2237 0.355143 -0.25548 0.899151
26.1774 41.8922 77.2416 0.342096 -0.29806 0.89114
25.6731 41.3369 77.2555 0.333011 -0.285438 0.898653
24.8239 40.967 77.436 0.316941 -0.295076 0.901376
24.0746 40.573 77.5705 0.309707 -0.295883 0.903584
22.8993 40.2484 77.8715 0.31154 -0.285462 0.906341
22.0813 40.0567 78.0788 0.293538 -0.288646 0.911328
21.0676 39.832 78.3384 0.288627 -0.264937 0.920013
20.071 39.6267 78.5879 0.280834 -0.257163 0.924654
18.6586 39.6218 79.0251 0.291293 -0.239361 0.926191
17.7078 39.5337 79.2965 0.286938 -0.237597 0.928016
16.9613 39.3929 79.4991 0.308499 -0.223291 0.924633
15.6306 39.1527 79.8849 0.3063 -0.219106 0.926376
14.7567 38.8347 80.1088 0.319109 -0.209578 0.924255
13.8884 38.3206 80.2924 0.322471 -0.20579 0.923926
13.4064 37.5178 80.2868 0.325419 -0.20188 0.923768
13.1461 36.7961 80.2155 0.330436 -0.216619 0.918631
12.9738 35.9343 80.075 0.345198 -0.210181 0.914692
12.9032 34.7393 79.8169 0.345316 -0.226276 0.910796
12.7806 33.5357 79.556 0.349321 -0.234594 0.907152
12.7235 32.7725 79.3829 0.352214 -0.231954 0.906721
12.7242 31.5999 79.0704 0.352354 -0.243289 0.903691
12.7873 30.7168 78.8069 0.3564 -0.251135 0.899927
12.6733 29.9849 78.6407 0.361416 -0.257822 0.89605
12.4594 29.2243 78.5066 0.359509 -0.268457 0.893691
12.1024 28.1703 78.3357 0.362645 -0.271096 0.891607
12.0147 27.0191 78.0137 0.360165 -0.275678 0.891222
11.9713 26.2463 77.7851 0.361348 -0.285057 0.88779
11.6418 24.8978 77.4787 0.360499 -0.293159 0.885493
11.3624 24.1796 77.3546 0.360748 -0.296404 0.884305
11.0194 23.2759 77.1859 0.35876 -0.301781 0.8833
10.6341 22.5144 77.0822 0.36095 -0.302114 0.88229
10.2207 21.6908 76.9616 0.358892 -0.311482 0.879872
9.93323 20.9808 76.8275 0.356754 -0.31373 0.879938
9.58035 20.256 76.7071 0.354304 -0.318998 0.879039
9.19996 19.5741 76.613 0.351602 -0.316197 0.881132
8.89546 18.8867 76.4807 0.343889 -0.322619 0.881849
8.55993 18.2106 76.3642 0.343943 -0.322388 0.881912
8.08113 17.4514 76.2676 0.331075 -0.331594 0.883422
7.60709 16.664 76.1497 0.330535 -0.334398 0.882562
7.19269 15.9839 76.0423 0.321287 -0.343927 0.88232
6.82121 15.2739 75.9009 0.321295 -0.34391 0.882324
6.4943 14.569 75.7436 0.308255 -0.353855 0.883043
6.11255 13.8208 75.5771 0.308168 -0.35467 0.882746
5.78002 13.0853 75.3969 0.303888 -0.358068 0.882845
5.48937 12.2432 75.1516 0.299027 -0.363933 0.882113
5.14034 11.5671 74.988 0.298366 -0.367212 0.880984
4.67594 10.8964 74.8607 0.28285 -0.374514 0.883026
4.11128 10.2556 74.7695 0.282775 -0.374866 0.882901
3.34604 9.50864 74.6815 0.260442 -0.37954 0.887748
2.55369 8.83987 74.6314 0.250633 -0.38317 0.888935
1.96325 8.44998 74.6198 0.240997 -0.391256 0.888166
1.43541 9.41392 75.1957 0.245621 -0.411289 0.877774
2.3257 9.98606 75.1984 0.282974 -0.399663 0.871892
3.1634 10.866 75.3299 0.281993 -0.396206 0.873776
3.76461 11.5764 75.4445 0.305633 -0.387666 0.869657
4.18434 12.2263 75.5867 0.305556 -0.387479 0.869768
4.42388 13.142 75.8859 0.307818 -0.365088 0.878612
4.75543 13.9064 76.0874 0.308039 -0.364347 0.878841
5.35865 15.0773 76.3511 0.317369 -0.356979 0.878546
5.68521 15.9642 76.5884 0.32141 -0.349022 0.880272
6.0928 16.6776 76.7201 0.327605 -0.347181 0.878715
6.53989 17.3156 76.8028 0.339205 -0.336249 0.878565
6.90717 18.0319 76.9352 0.339205 -0.336254 0.878563
7.50992 18.8165 77.0036 0.34595 -0.331809 0.87758
7.77742 19.6564 77.2112 0.350539 -0.324706 0.878449
8.32863 20.7608 77.3941 0.352895 -0.323452 0.877971
8.75453 21.4691 77.4786 0.362033 -0.320202 0.875444
9.13528 22.4632 77.6764 0.358567 -0.309866 0.880575
9.76202 23.6891 77.8447 0.363168 -0.302579 0.881224
10.0184 24.5575 78.0331 0.363065 -0.2968 0.883229
10.4753 25.2585 78.0796 0.366735 -0.291855 0.883359
10.7208 26.1943 78.2853 0.367147 -0.289415 0.883991
10.7129 26.9303 78.5208 0.372725 -0.276809 0.885654
10.7842 27.6416 78.7154 0.379737 -0.279276 0.881932
10.971 28.7117 78.9552 0.370623 -0.259548 0.891709
11.1667 29.4638 79.0991 0.360903 -0.264948 0.894177
11.3867 30.3297 79.2606 0.362802 -0.258675 0.895244
11.3737 31.5072 79.5809 0.362222 -0.237729 0.901266
11.4701 32.4192 79.7833 0.365175 -0.229585 0.902134
11.4603 33.272 79.9998 0.350037 -0.23128 0.907736
11.5486 34.0722 80.1696 0.350037 -0.23128 0.907736
11.6483 34.9459 80.3461 0.353918 -0.220624 0.908882
11.6279 35.7393 80.5376 0.350942 -0.203012 0.914126
11.709 36.5899 80.6939 0.334728 -0.197898 0.9213
11.9881 37.3831 80.7675 0.334429 -0.205861 0.919656
12.2895 38.3354 80.8675 0.336333 -0.203066 0.919589
12.7091 39.0681 80.867 0.320442 -0.184497 0.929091
13.5331 39.6705 80.7104 0.315782 -0.191833 0.929237
14.3864 40.0554 80.4999 0.311586 -0.196912 0.929568
15.4447 40.4696 80.24 0.305798 -0.201232 0.930586
16.3916 40.561 79.9504 0.304199 -0.200475 0.931275
17.5208 40.7445 79.6455 0.283771 -0.214521 0.934587
18.4864 40.8779 79.3817 0.284919 -0.215268 0.934067
19.3721 40.8566 79.1315 0.265123 -0.238926 0.934073
20.3515 40.9358 78.8638 0.269459 -0.24739 0.930679
21.1094 41.1467 78.7085 0.272172 -0.275094 0.922088
21.8354 41.3176 78.5461 0.26294 -0.273592 0.925208
22.5903 41.4949 78.3703 0.302536 -0.287052 0.908836
23.4185 41.7314 78.1668 0.301787 -0.295629 0.906382
24.3881 42.1765 77.9949 0.305362 -0.309654 0.900448
25.0655 42.4919 77.8687 0.314485 -0.310646 0.896994
25.6432 43.3041 77.8913 0.367099 -0.270948 0.889673
26.0728 44.0119 77.8969 0.367108 -0.220646 0.90363
27.2702 44.9815 77.6472 0.357578 -0.219437 0.907676
28.2093 45.0459 77.3041 0.348863 -0.216474 0.911828
29.2339 44.7271 76.8362 0.33598 -0.213073 0.917332
30.1513 44.0734 76.3327 0.330368 -0.244662 0.911591
31.0271 43.4636 75.8516 0.330368 -0.244661 0.911591
31.7231 42.8345 75.4405 0.323419 -0.253243 0.911659
32.6372 42.2116 74.9314 0.325289 -0.26461 0.907838
33.3876 41.9713 74.5975 0.315226 -0.261025 0.912414
34.0861 41.7648 74.297 0.315238 -0.261036 0.912406
34.7502 41.5704 74.012 0.311583 -0.263759 0.912867
35.6078 41.0234 73.5666 0.301911 -0.271196 0.913919
36.107 40.4849 73.2362 0.303322 -0.278056 0.911417
36.7254 39.5959 72.7595 0.301476 -0.276164 0.9126
37.1376 38.6635 72.344 0.299244 -0.274918 0.913714
37.8435 37.3205 71.6875 0.295649 -0.284856 0.911816
38.1542 36.2289 71.251 0.290439 -0.286527 0.91298
37.8992 35.1358 70.9845 0.293588 -0.288211 0.911443
37.1778 33.5871 70.7326 0.296476 -0.286289 0.91112
36.2572 32.7999 70.7802 0.299563 -0.289596 0.909055
35.105 31.9829 70.9057 0.303223 -0.288075 0.908333
34.4224 31.6876 71.0401 0.309326 -0.290429 0.905518
33.3036 31.672 71.4187 0.309769 -0.295709 0.903659
32.0673 31.9014 71.9176 0.31218 -0.294292 0.903287
31.0417 32.5898 72.5041 0.320349 -0.291306 0.901398
30.3736 33.0841 72.9013 0.320348 -0.291306 0.901398
29.7385 33.4303 73.2417 0.323895 -0.293457 0.89943
28.783 33.8283 73.7156 0.325662 -0.292695 0.899038
27.9709 33.7011 73.9702 0.327425 -0.291925 0.898651
26.7894 33.2307 74.2481 0.330179 -0.290874 0.89798
26.1342 32.5784 74.2804 0.33261 -0.29101 0.89704
25.4642 31.9964 74.3392 0.332712 -0.29244 0.896539
24.331 31.4268 74.5785 0.335918 -0.289276 0.89637
23.1124 31.0387 74.9095 0.335649 -0.289186 0.896499
21.706 30.7016 75.3367 0.338526 -0.282876 0.897422
20.5892 30.5221 75.6979 0.341152 -0.279955 0.897335
19.5299 29.9257 75.9216 0.347488 -0.277133 0.895792
19.3305 28.7759 75.6464 0.351445 -0.282071 0.892666
18.5285 27.2117 75.4573 0.354293 -0.28916 0.889305
17.9676 25.7637 75.2103 0.354434 -0.288976 0.889309
17.4869 25.0474 75.1658 0.355313 -0.29602 0.886637
16.8108 24.358 75.2064 0.355205 -0.296112 0.886649
16.1111 23.5802 75.2281 0.357822 -0.297406 0.885163
15.8587 22.3886 74.9241 0.35543 -0.301499 0.884742
15.7058 21.4962 74.6814 0.35543 -0.301499 0.884742
15.6396 20.1293 74.2343 0.355005 -0.306329 0.883252
15.5186 18.883 73.849 0.352861 -0.309051 0.883161
15.0534 17.6664 73.6071 0.351792 -0.309375 0.883474
14.4356 16.3626 73.3976 0.350585 -0.311047 0.883364
14.1893 15.6241 73.2328 0.349353 -0.314383 0.882675
13.8542 14.4766 72.9556 0.348588 -0.315058 0.882737
13.5763 13.1772 72.5946 0.347573 -0.322388 0.880488
13.5144 12.0532 72.2052 0.341661 -0.330598 0.879744
13.3357 11.1121 71.9185 0.335505 -0.329655 0.882476
12.9992 10.0493 71.6445 0.331022 -0.33538 0.882012
13.1622 9.06561 71.2077 0.331156 -0.336812 0.881416
13.2678 8.17068 70.8275 0.329331 -0.333951 0.883184
13.1075 7.32096 70.568 0.325266 -0.334847 0.884339
12.9167 6.44808 70.3041 0.321213 -0.337647 0.884769
12.8836 5.4857 69.9493 0.32123 -0.337112 0.884967
12.7515 4.1201 69.4805 0.314371 -0.330622 0.889863
12.4356 3.15965 69.2284 0.306511 -0.338663 0.889583
12.0601 2.12614 68.9626 0.302303 -0.336775 0.891733
11.3118 1.22471 68.8786 0.302361 -0.334269 0.89266
10.7432 0.0908957 68.6425 0.29943 -0.337126 0.892574
10.8954 -1.49007 68.0009 0.298575 -0.333678 0.894154
10.8236 -2.38225 67.6919 0.300956 -0.3343 0.893119
10.5924 -3.96737 67.192 0.286158 -0.325543 0.901185
10.4006 -4.96589 66.8922 0.28616 -0.325545 0.901184
10.0567 -6.36482 66.5091 0.286296 -0.314013 0.905224
9.86528 -7.17789 66.2876 0.282284 -0.316404 0.905639
9.84328 -8.21956 65.9299 0.276856 -0.310996 0.909182
10.0337 -8.91713 65.6369 0.277507 -0.308138 0.909962
10.1705 -10.0275 65.2177 0.279606 -0.300536 0.911825
10.1829 -10.797 64.9679 0.278656 -0.292549 0.914749
10.2531 -11.8073 64.6221 0.26791 -0.293285 0.917709
10.4549 -12.7835 64.2708 0.258725 -0.278064 0.92506
10.4946 -13.797 63.9549 0.257233 -0.275269 0.926308
10.4309 -14.5785 63.7409 0.232972 -0.272252 0.933597
10.4816 -15.4804 63.4752 0.246725 -0.240267 0.938828
10.5908 -16.1935 63.2583 0.248814 -0.257431 0.933714
10.6969 -16.9524 63.0374 0.237183 -0.235541 0.942474
10.9619 -17.7898 62.7636 0.233896 -0.235985 0.943185
11.1213 -18.6301 62.5122 0.232448 -0.238022 0.943034
11.4155 -19.4915 62.2363 0.22918 -0.216963 0.948896
12.0571 -20.9519 61.7532 0.223257 -0.216549 0.950398
12.3601 -21.9274 61.4574 0.222748 -0.218846 0.949995
12.7846 -22.8334 61.1698 0.208471 -0.201449 0.957057
13.1601 -23.7834 60.9115 0.202798 -0.163316 0.965506
13.3938 -24.4782 60.7448 0.202271 -0.165189 0.965295
13.4836 -25.7118 60.5153 0.199316 -0.164866 0.965967
13.6354 -26.6705 60.342 0.204874 -0.139876 0.96874
13.7628 -27.6118 60.1778 0.207321 -0.136883 0.968639
13.7421 -28.3973 60.0746 0.208503 -0.132738 0.968972
13.564 -29.2737 60.0049 0.205489 -0.0827369 0.975155
13.1215 -30.2907 60.0112 0.204849 -0.0830388 0.975265
12.8601 -31.2617 59.9968 0.206614 -0.0672221 0.976111
12.3036 -32.3313 60.0388 0.195068 -0.0496486 0.979532
11.7946 -33.2441 60.0931 0.204071 -0.0495026 0.977671
11.3665 -33.9905 60.1439 0.192474 -0.0452601 0.980258
11.0051 -34.6652 60.1837 0.192475 -0.0452579 0.980258
10.6303 -35.7221 60.228 0.201508 -0.0292112 0.979051
10.2772 -36.4465 60.2799 0.201209 -0.0265093 0.979189
9.8976 -37.2754 60.3359 0.201633 -0.0262009 0.979111
9.5566 -38.0489 60.3881 0.202388 -0.018723 0.979126
9.18807 -38.8373 60.4501 0.205182 -0.0187204 0.978545
8.86696 -39.5167 60.5019 0.199907 -0.0284053 0.9794
8.8598 -40.6907 60.4746 0.197104 -0.0218307 0.98014
8.63311 -41.644 60.499 0.197103 -0.0218322 0.98014
8.01424 -42.6696 60.6075 0.199892 -0.0150683 0.979702
7.38173 -43.4565 60.7207 0.19486 -0.0169277 0.980685
7.04652 -44.2579 60.7607 0.183943 -0.0400971 0.982119
7.00639 -45.1775 60.7306 0.182898 -0.0382224 0.982386
6.85473 -46.2407 60.718 0.180229 -0.0379939 0.982891
6.16814 -47.8195 60.7719 0.159427 -0.0328836 0.98665
5.70178 -48.9739 60.7884 0.177944 -0.0796231 0.980814
5.28274 -49.7085 60.8048 0.177944 -0.0796215 0.980814
4.7482 -50.5891 60.7898 0.13602 -0.124179 0.982893
4.07239 -51.5989 60.7671 0.0930638 -0.110151 0.988753
3.66746 -52.2315 60.7083 0.058388 -0.129399 0.989872
3.20125 -52.9729 60.6389 0.05839 -0.129398 0.989872
2.7063 -53.9346 60.5686 0.0469003 -0.105715 0.993166
1.76798 -54.1908 60.5705 -0.0111964 -0.0930436 0.994429
0.604763 -54.5503 60.4795 -0.0552463 -0.073383 0.995772
-0.690471 -54.6353 60.2737 -0.199432 -0.159245 0.966886
-1.42527 -54.6658 60.1068 -0.231069 -0.142511 0.962444
-2.4959 -54.4497 59.8818 -0.231066 -0.142512 0.962444
-3.64409 -54.0527 59.5734 -0.331597 -0.174881 0.927013
-5.36443 -53.2657 59.088 -0.36382 -0.161989 0.916836
-6.15463 -53.3766 58.7289 -0.390152 -0.157594 0.907163
-7.04624 -53.6875 58.2915 -0.390153 -0.157593 0.907163
-8.10945 -53.9262 57.7959 -0.400158 -0.152201 0.903603
-8.85739 -53.814 57.4705 -0.421807 -0.136693 0.896157
-9.00124 -52.895 57.5574 -0.428622 -0.18601 0.884129
-9.20313 -51.7864 57.6682 -0.42285 -0.147115 0.89403
-9.3166 -51.0448 57.7239 -0.432395 -0.155773 0.887815
-9.03865 -50.1621 58.0392 -0.434017 -0.178731 0.882997
-8.8427 -49.3017 58.3228 -0.403638 -0.202 0.892284
-9.07931 -48.533 58.3539 -0.398794 -0.156284 0.903388
-9.29656 -47.7692 58.3722 -0.472463 -0.149122 0.868643
-9.41521 -46.9124 58.4548 -0.447992 -0.159718 0.879188
-9.93751 -46.2802 58.266 -0.488805 -0.147721 0.859796
-10.9217 -46.2513 57.6859 -0.528453 -0.154767 0.834327
-11.7276 -46.5057 57.1447 -0.52914 -0.177198 0.829519
-12.3942 -46.6504 56.666 -0.547307 -0.181809 0.816946
-13.1312 -46.849 56.1149 -0.56615 -0.206838 0.797908
-13.8472 -47.035 55.5692 -0.551333 -0.218421 0.805186
-14.3896 -47.4198 55.0829 -0.557924 -0.228648 0.797764
-15.2372 -47.8175 54.3464 -0.594811 -0.250452 0.763855
-15.9143 -48.0572 53.7406 -0.594679 -0.242411 0.7665
-16.5795 -48.3133 53.117 -0.612697 -0.251429 0.749257
-17.1283 -48.563 52.5845 -0.615678 -0.257491 0.744696
-17.9037 -48.8718 51.7677 -0.649577 -0.282727 0.705015
-18.5874 -49.0863 51.0802 -0.639352 -0.30754 0.704477
-19.3672 -49.1062 50.327 -0.659619 -0.310389 0.684516
-19.6243 -48.2121 50.5096 -0.632695 -0.358649 0.686344
-19.0839 -47.231 51.464 -0.613913 -0.327943 0.718028
-18.5176 -46.5024 52.2877 -0.600774 -0.312534 0.735052
-18.0594 -45.7884 52.9189 -0.579478 -0.295763 0.759427
-17.3493 -44.909 53.8032 -0.571872 -0.296292 0.764909
-16.8727 -44.1369 54.4023 -0.52686 -0.286659 0.799623
-16.4854 -43.0875 55.0612 -0.513291 -0.312417 0.79933
-16.2935 -42.1897 55.5134 -0.507467 -0.294116 0.809921
-16.1684 -40.8116 56.0682 -0.460104 -0.275117 0.844138
-16.5054 -39.5377 56.3383 -0.418315 -0.309791 0.85384
-16.8296 -38.4167 56.5862 -0.416593 -0.327509 0.847842
-17.019 -37.6721 56.7982 -0.414872 -0.345224 0.841844
-17.1947 -36.8368 57.0358 -0.380875 -0.333747 0.862292
-17.4342 -35.9389 57.2717 -0.370086 -0.324451 0.870437
-17.7136 -34.8757 57.5659 -0.359717 -0.332249 0.871886
-18.0591 -33.9106 57.785 -0.358464 -0.328129 0.873975
-18.327 -33.1348 57.9754 -0.348543 -0.33623 0.874875
-18.6143 -32.4117 58.136 -0.340543 -0.336805 0.877813
-18.9061 -31.7123 58.2964 -0.340297 -0.341739 0.876016
-19.4321 -30.6593 58.5159 -0.318286 -0.360406 0.876813
-19.8021 -29.8842 58.6998 -0.318321 -0.360031 0.876954
-20.1198 -28.5839 59.1068 -0.302184 -0.351927 0.885901
-20.1976 -27.5403 59.5021 -0.292774 -0.359721 0.885937
-19.6523 -28.241 59.403 -0.300546 -0.354879 0.885287
-18.9644 -28.9962 59.3405 -0.304352 -0.348923 0.886353
-18.5738 -29.8778 59.1278 -0.304876 -0.348871 0.886194
-18.1943 -30.715 58.9355 -0.31405 -0.319872 0.893898
-17.5062 -31.1353 59.0282 -0.325877 -0.317145 0.890613
-16.8744 -31.688 59.0572 -0.319105 -0.321219 0.891617
-16.3068 -32.293 59.0406 -0.321227 -0.310718 0.894498
-15.6702 -32.912 59.065 -0.326185 -0.300106 0.896404
-15.305 -33.6555 58.9454 -0.340139 -0.306181 0.889073
-14.6405 -34.6153 58.8784 -0.341917 -0.288105 0.894392
-14.0278 -35.0663 58.9779 -0.352139 -0.283856 0.891861
-13.2141 -35.783 59.0692 -0.366131 -0.268753 0.890624
-12.5107 -36.5176 59.1623 -0.379844 -0.250875 0.890382
-12.0693 -37.3905 59.097 -0.385459 -0.253245 0.887234
-11.5705 -38.0562 59.1606 -0.415823 -0.213663 0.883939
-10.8874 -38.8301 59.3114 -0.42954 -0.206823 0.879045
-10.4623 -39.5105 59.359 -0.391787 -0.197704 0.897533
-9.96233 -40.4215 59.4047 -0.426629 -0.183906 0.885531
-9.59933 -41.1187 59.4348 -0.426627 -0.183906 0.885533
-9.32085 -41.8421 59.4603 -0.452212 -0.141458 0.880621
-9.15118 -42.6255 59.4066 -0.469149 -0.190384 0.862286
-8.3744 -43.5388 59.6126 -0.50314 -0.222837 0.833149
-7.45868 -43.4516 60.0633 -0.41063 -0.216813 0.885649
-6.59088 -43.2122 60.5243 -0.346467 -0.223969 0.908358
-5.82039 -42.9342 60.813 -0.242346 -0.185185 0.952352
-4.84523 -42.5578 61.1333 -0.249987 -0.205256 0.945964
-4.00689 -42.2834 61.3632 -0.162087 -0.206598 0.964907
-2.73713 -41.4433 61.695 -0.0823517 -0.152293 0.984158
-2.07224 -41.0619 61.7864 -0.013024 -0.135572 0.989906
-1.32749 -40.6236 61.8463 -0.0138926 -0.121173 0.992534
-0.602034 -40.1012 61.9085 0.0426063 -0.102032 0.992628
0.138209 -39.5971 61.8883 0.0916894 -0.0947952 0.991265
0.969402 -38.6498 61.8884 0.106884 -0.0821013 0.990679
1.59414 -37.88 61.8723 0.130417 -0.0770038 0.988444
2.24081 -37.2352 61.809 0.164575 -0.0484133 0.985176
3.09245 -36.3401 61.7018 0.162073 -0.0403662 0.985953
3.69365 -35.827 61.6308 0.16326 -0.077284 0.983521
4.607 -34.7334 61.5242 0.210752 -0.0703771 0.975003
5.1377 -34.1952 61.4365 0.20486 -0.042482 0.97782
5.62523 -33.4238 61.3749 0.212963 -0.0495715 0.975802
6.1655 -32.7621 61.2906 0.212962 -0.0495732 0.975802
6.68973 -32.0222 61.2152 0.198558 -0.0539146 0.978605
7.26991 -31.2427 61.1447 0.207649 -0.0686959 0.975788
7.98934 -30.3257 61.0679 0.192496 -0.0837488 0.977718
8.44958 -29.2806 61.0723 0.191068 -0.095576 0.976878
8.76065 -28.1542 61.1263 0.177443 -0.12223 0.976178
8.97386 -27.3111 61.2159 0.1717 -0.146982 0.974123
9.04761 -26.3101 61.3647 0.198348 -0.15862 0.967167
8.99044 -25.492 61.5114 0.204223 -0.174813 0.963145
8.76813 -24.3986 61.7692 0.206859 -0.184682 0.960782
8.66873 -23.5951 61.9635 0.222534 -0.204587 0.953217
8.44078 -22.4642 62.2594 0.220212 -0.203467 0.953992
8.22454 -21.5962 62.5071 0.190261 -0.234715 0.953263
8.12622 -20.8484 62.7037 0.225914 -0.227792 0.947091
8.02668 -20.0325 62.9323 0.223184 -0.237088 0.945501
7.86896 -19.2477 63.1741 0.244073 -0.245682 0.938102
7.63384 -18.0139 63.5544 0.248339 -0.241812 0.938006
7.44172 -17.2733 63.8051 0.250692 -0.255625 0.933694
7.22775 -16.3242 64.1275 0.253155 -0.259496 0.931974
7.18123 -15.4642 64.3867 0.250611 -0.272216 0.929028
6.87218 -14.5063 64.7641 0.259366 -0.278432 0.924773
6.65364 -13.7417 65.0476 0.248439 -0.286493 0.925191
6.47907 -12.4608 65.5133 0.258008 -0.295218 0.919887
6.32786 -11.6346 65.8299 0.257744 -0.305491 0.916648
6.09681 -10.8928 66.1439 0.267056 -0.313016 0.911428
5.72207 -10.1105 66.5227 0.267598 -0.312962 0.911288
5.37031 -9.31829 66.8981 0.268624 -0.315032 0.910269
5.25809 -8.4468 67.2353 0.269651 -0.317106 0.909248
5.18493 -7.65023 67.5348 0.266298 -0.31677 0.910346
4.91804 -7.00055 67.843 0.264733 -0.323478 0.908448
4.24477 -6.04194 68.3819 0.26065 -0.328686 0.90776
3.88496 -5.26764 68.7653 0.260231 -0.327958 0.908143
3.64216 -4.33833 69.1705 0.257465 -0.327758 0.908999
3.37573 -3.68556 69.4764 0.244617 -0.328631 0.91223
2.73479 -3.01599 69.8825 0.228762 -0.325694 0.917383
1.92486 -2.19766 70.3612 0.211852 -0.323334 0.922264
1.31799 -1.61973 70.7047 0.21223 -0.324979 0.9216
0.401121 -1.41701 70.9526 0.165926 -0.298933 0.939738
-0.526429 -1.77463 70.9514 0.114551 -0.301163 0.946527
-1.41127 -2.08055 70.9742 0.124209 -0.288394 0.949421
-2.15778 -2.54252 70.8595 -0.00106257 -0.312441 0.949904
-2.82984 -3.40099 70.5705 -0.00581626 -0.312802 0.949801
-3.33352 -3.94181 70.3893 -0.0157763 -0.29281 0.955761
-3.98862 -4.61908 70.1736 -0.099795 -0.266729 0.958452
-4.8951 -5.57961 69.8229 -0.083986 -0.270863 0.958947
-5.72411 -6.6345 69.4343 -0.095039 -0.28464 0.953912
-6.43585 -7.42216 69.0923 -0.144047 -0.297588 0.943756
-7.09922 -8.39819 68.6768 -0.151076 -0.287803 0.945575
-7.73594 -8.98685 68.4032 -0.155075 -0.27351 0.949286
-8.34215 -9.70435 68.0839 -0.162215 -0.289483 0.943337
-8.86289 -10.3243 67.8033 -0.16306 -0.289838 0.943083
-9.44651 -10.9652 67.5045 -0.185211 -0.296349 0.936939
-10.0776 -11.5633 67.2 -0.166009 -0.299696 0.93948
-10.6321 -11.9955 66.9634 -0.167287 -0.301011 0.938833
-11.5774 -12.6297 66.586 -0.165783 -0.309306 0.936399
-12.4246 -12.6881 66.4183 -0.162103 -0.310873 0.936522
-13.1566 -12.65 66.3073 -0.157678 -0.309397 0.937769
-13.8377 -12.2692 66.3213 -0.147718 -0.307279 0.940085
-14.3434 -11.5973 66.4522 -0.154186 -0.295624 0.942779
-14.8109 -10.1637 66.8215 -0.152097 -0.273349 0.949599
-14.9914 -9.30192 67.0443 -0.167247 -0.290544 0.942132
-15.0636 -8.59331 67.2527 -0.163377 -0.29997 0.939854
-14.1192 -8.39091 67.4814 -0.157266 -0.283455 0.94582
-12.817 -8.26617 67.749 -0.166075 -0.293162 0.941528
-12.0083 -8.05456 67.9575 -0.166072 -0.293161 0.941529
-11.0308 -7.348 68.3472 -0.164064 -0.293989 0.941621
-10.9761 -6.55757 68.6076 -0.163339 -0.315632 0.934717
-11.0475 -5.70318 68.8836 -0.16334 -0.315636 0.934716
-11.0109 -4.90159 69.1607 -0.174595 -0.309126 0.934767
-10.7668 -3.90352 69.5477 -0.172549 -0.320952 0.931245
-10.6844 -3.04573 69.8587 -0.180144 -0.343073 0.921525
-10.3854 -2.32627 70.2084 -0.187733 -0.365187 0.911808
-10.0296 -1.38173 70.6599 -0.164263 -0.356686 0.919301
-9.54819 -0.682397 71.0245 -0.149717 -0.381078 0.91234
-9.12789 -0.0461377 71.3593 -0.163266 -0.396025 0.903338
-8.85257 0.609103 71.7148 -0.17711 -0.402136 0.898235
-8.62273 1.34507 72.051 -0.124447 -0.375569 0.918401
-8.60917 2.34122 72.4903 -0.117787 -0.39333 0.911648
-8.76 3.05004 72.8059 -0.157238 -0.429717 0.889168
-8.95642 3.71656 73.0933 -0.15097 -0.436991 0.88665
-9.05049 4.60145 73.5279 -0.154244 -0.45266 0.878241
-9.14043 5.31142 73.878 -0.153183 -0.475092 0.866124
-9.3645 6.04981 74.2682 -0.152128 -0.497502 0.854019
-9.55394 6.79526 74.6551 -0.165242 -0.48553 0.858461
-9.82737 7.92512 75.2331 -0.152076 -0.458203 0.875564
-10.1915 8.92479 75.8033 -0.125101 -0.540041 0.831429
-10.5287 9.98535 76.4136 -0.161642 -0.530324 0.832243
-10.8157 10.6653 76.8298 -0.12432 -0.605086 0.784985
-11.2803 11.2336 77.239 -0.119302 -0.642514 0.75693
-11.7181 12.1929 77.9842 -0.09196 -0.659423 0.745344
-11.8352 12.7502 78.4876 -0.0612998 -0.689896 0.721062
-11.5469 13.3076 79.0648 -0.0310192 -0.68983 0.722536
-11.319 14.1794 79.8663 -0.00412044 -0.676231 0.736678
-11.7309 15.0927 80.7463 0.028453 -0.704709 0.708635
-12.0361 15.604 81.2841 0.0514229 -0.716518 0.695599
-12.2532 16.1395 81.8632 0.0560969 -0.722489 0.689103
-12.507 16.6187 82.3863 0.068875 -0.709936 0.700568
-12.4373 17.5022 83.2463 0.133995 -0.705523 0.695904
-12.4335 18.1765 83.9292 0.109567 -0.649536 0.748093
-12.1459 18.7211 84.3483 0.145998 -0.67801 0.720407
-11.3426 18.1384 83.6806 0.100918 -0.689274 0.716203
-10.8302 17.7013 83.2339 0.0678412 -0.67302 0.736506
-10.5678 16.8734 82.4134 0.0816546 -0.697396 0.712019
-9.76921 16.3214 81.8581 0.0421047 -0.699133 0.713751
-9.26074 15.7518 81.2957 0.010856 -0.670488 0.741193
-8.6216 15.2346 80.8346 0.0038644 -0.675351 0.737486
-8.02568 14.6589 80.2591 0.0593837 -0.659058 0.748494
-7.00906 13.9589 79.6475 0.0235379 -0.636199 0.771166
-6.43814 13.357 79.1242 0.0394476 -0.626262 0.778483
-5.8636 12.838 78.6864 0.0242188 -0.601273 0.798231
-5.35981 12.2566 78.2625 0.032788 -0.587035 0.80853
-4.75989 11.9428 77.9297 0.11751 -0.567405 0.814008
-4.1518 11.4618 77.5445 0.112484 -0.538366 0.835142
-3.48384 10.9518 77.1243 0.115042 -0.532482 0.838587
-2.75039 10.5102 76.7241 0.165665 -0.484901 0.858735
-2.09561 10.0589 76.342 0.158892 -0.465315 0.870388
-1.24786 9.53921 75.9313 0.160062 -0.448003 0.879587
-0.448603 8.95888 75.475 0.209934 -0.433688 0.876254
0.444641 8.93345 75.2442 0.229236 -0.425654 0.875168
1.23192 9.29667 75.1968 0.244511 -0.415718 0.87601
0.389473 4.33552 73.1993 0.163283 -0.39292 0.904903
0.791697 3.56184 72.7834 0.172886 -0.395107 0.90222
-0.118188 3.57418 72.9575 0.144421 -0.398028 0.905855
-1.40666 3.0996 72.9374 0.117749 -0.401742 0.907969
-2.70508 2.73031 72.9024 0.0693451 -0.408999 0.90964
-3.38745 3.5848 73.3232 0.0478147 -0.4103 0.910696
-3.47734 4.26392 73.6368 0.0498344 -0.417856 0.907131
-3.28727 4.98801 73.9644 0.0625846 -0.414941 0.907556
-2.52303 4.68134 73.763 0.0902874 -0.412327 0.906423
-1.80787 4.48744 73.5908 0.104295 -0.417147 0.902835
-1.03723 4.35349 73.4443 0.117751 -0.40175 0.907965
0.123182 4.33396 73.2437 0.153681 -0.390742 0.907581
-7.48054 -4.33921 69.9355 -0.133892 -0.333661 0.933136
-7.62482 -4.44748 69.8779 -0.123026 -0.313334 0.94164
-7.57428 -4.40066 69.9001 -0.128459 -0.323498 0.937388
-9.3889 -8.86418 68.1607 -0.16347 -0.291058 0.942635
-10.4193 -9.91837 67.658 -0.163792 -0.289547 0.943045
-11.2874 -10.7333 67.251 -0.166307 -0.296315 0.940493
-11.9692 -11.1195 67.0072 -0.164609 -0.301689 0.939089
-12.6944 -11.3363 66.8105 -0.16233 -0.298874 0.940377
-13.4061 -10.4923 66.9568 -0.164203 -0.296694 0.940735
-13.2723 -9.78257 67.1994 -0.164563 -0.290564 0.942598
-12.2629 -9.53342 67.4532 -0.165363 -0.292367 0.9419
-11.41 -9.44451 67.6303 -0.165815 -0.292995 0.941625
-10.5322 -9.8643 67.655 -0.165201 -0.291238 0.942276
-10.634 -9.05472 67.8859 -0.163475 -0.29106 0.942633
-10.1366 -8.75552 68.065 -0.163148 -0.292568 0.942224
8.93418 -16.0696 63.7364 0.255258 -0.267978 0.928973
8.99118 -16.1858 63.687 0.251884 -0.265858 0.9305
9.41106 -17.68 63.1794 0.241517 -0.250106 0.937612
9.44157 -18.5311 62.9557 0.238285 -0.238822 0.941373
9.1665 -18.856 62.9427 0.237717 -0.23951 0.941342
9.41357 -17.6853 63.1774 0.2399 -0.244465 0.939493
9.88206 -19.4548 62.6131 0.229649 -0.22442 0.947016
9.3727 -20.0574 62.5959 0.236554 -0.226828 0.94477
9.63522 -20.8231 62.351 0.222874 -0.218825 0.949964
9.68055 -21.5757 62.1695 0.222061 -0.216201 0.950761
9.68157 -22.3135 62.0015 0.222547 -0.21026 0.951959
9.84949 -23.0952 61.7944 0.225391 -0.205567 0.952335
10.0094 -24.1271 61.5458 0.221561 -0.174531 0.959401
10.169 -24.8568 61.3762 0.215784 -0.17971 0.95973
10.2103 -25.9583 61.178 0.199323 -0.149256 0.9685
10.2376 -26.7463 61.0509 0.199324 -0.149253 0.968501
10.2108 -27.6159 60.9338 0.203098 -0.136757 0.969561
9.9893 -28.417 60.8673 0.205289 -0.121889 0.970975
9.82323 -29.2593 60.8056 0.196642 -0.111362 0.974131
9.54986 -30.0569 60.7696 0.201578 -0.0961807 0.974608
9.02298 -31.0286 60.8005 0.204632 -0.0769926 0.975796
8.31163 -32.0785 60.8655 0.201701 -0.0636398 0.977307
7.66601 -33.0637 60.9516 0.208504 -0.0505503 0.976714
7.1393 -33.7744 61.0334 0.209089 -0.0432526 0.976936
6.46222 -34.5481 61.1417 0.206738 -0.0441029 0.977402
5.73986 -35.3598 61.2618 0.199029 -0.0417741 0.979103
5.02563 -36.2028 61.3626 0.185958 -0.0406186 0.981715
4.50138 -36.7801 61.4395 0.18637 -0.0384824 0.981726
3.96153 -37.3625 61.507 0.173642 -0.0474592 0.983665
3.33417 -38.062 61.587 0.161749 -0.0475332 0.985687
2.68638 -38.6946 61.6628 0.161816 -0.0362016 0.986091
2.13886 -39.4217 61.6894 0.106259 -0.0482938 0.993165
1.57638 -40.1013 61.7165 0.104507 -0.0510393 0.993208
0.92669 -40.7045 61.738 0.0615812 -0.0653344 0.995961
0.00985222 -41.344 61.7527 0.0665391 -0.0531213 0.996281
-0.854018 -41.8696 61.7257 -0.0232072 -0.0814903 0.996387
-1.48619 -42.2848 61.6791 -0.0540267 -0.0989139 0.992866
-2.28275 -42.7109 61.5586 -0.0892716 -0.110663 0.989841
-3.07469 -43.24 61.3893 -0.143376 -0.137487 0.980072
-3.74414 -43.5756 61.2239 -0.203344 -0.13973 0.968754
-4.49891 -43.8743 61.0017 -0.22144 -0.156349 0.962559
-5.15974 -44.1699 60.7883 -0.295912 -0.170142 0.938806
-5.84798 -44.431 60.4858 -0.332252 -0.193841 0.923057
-6.53244 -44.6819 60.1916 -0.348642 -0.16811 0.921862
-7.41384 -44.8877 59.7715 -0.393212 -0.174697 0.902699
-8.22329 -45.0052 59.3962 -0.425163 -0.174597 0.887411
-8.90628 -44.8223 59.0748 -0.457114 -0.174496 0.872123
-9.71336 -44.116 58.7907 -0.468815 -0.173284 0.86606
-10.0815 -43.3348 58.7444 -0.473995 -0.180866 0.861716
-10.3382 -42.5926 58.7629 -0.467001 -0.180492 0.86564
-10.6115 -41.8741 58.7653 -0.460329 -0.190286 0.867033
-10.9225 -41.1557 58.7684 -0.453659 -0.200077 0.868426
-11.2447 -40.4349 58.7567 -0.438808 -0.19655 0.876699
-11.6905 -39.7695 58.6962 -0.436975 -0.208411 0.874964
-12.2601 -39.1959 58.5435 -0.432052 -0.224283 0.873293
-13.0095 -38.2899 58.4319 -0.416009 -0.241753 0.876622
-13.485 -37.4038 58.4872 -0.390117 -0.272114 0.879479
-14.126 -36.5961 58.4511 -0.379784 -0.256264 0.888854
-14.8564 -35.9161 58.3708 -0.363811 -0.289432 0.885365
-15.4831 -35.2648 58.3262 -0.363811 -0.289432 0.885365
-15.9948 -35.7113 57.97 -0.368588 -0.302182 0.878978
-15.8135 -36.7606 57.6689 -0.374895 -0.308339 0.874261
-15.7289 -37.633 57.4047 -0.376421 -0.301745 0.875932
-15.5235 -38.455 57.2098 -0.388466 -0.292155 0.873784
-15.2597 -39.3404 57.0494 -0.438744 -0.286932 0.851571
-14.9632 -40.1858 56.9173 -0.440381 -0.27635 0.854151
-14.9902 -41.3627 56.5309 -0.460107 -0.275116 0.844137
-15.1011 -42.4006 56.1232 -0.46177 -0.281065 0.841291
-15.3569 -43.3763 55.663 -0.502765 -0.243573 0.829256
-15.547 -44.2813 55.2508 -0.541152 -0.260705 0.799491
-15.9064 -45.8692 54.4901 -0.552347 -0.278863 0.785153
-16.5889 -46.1177 53.8944 -0.564265 -0.296823 0.77039
-16.4666 -46.6353 53.7999 -0.577078 -0.259794 0.774266
-15.7179 -46.4109 54.4333 -0.585944 -0.255124 0.769061
-14.9994 -46.2113 55.0085 -0.556059 -0.233917 0.797547
-14.4133 -45.78 55.5436 -0.550928 -0.234013 0.801048
-13.4361 -45.5089 56.2682 -0.537319 -0.217959 0.814729
-12.7343 -45.3434 56.752 -0.517574 -0.214997 0.828187
-12.1004 -45.1964 57.1864 -0.532439 -0.198403 0.822567
-11.4555 -45.0762 57.6028 -0.510972 -0.172573 0.842097
-10.8234 -44.9827 58.0055 -0.510972 -0.172573 0.842096
-9.82328 -45.1078 58.5324 -0.482086 -0.156738 0.861914
-9.10559 -45.4953 58.8478 -0.446056 -0.146793 0.882885
-8.59367 -46.0681 59.0112 -0.442174 -0.15154 0.884013
-8.17519 -47.3125 58.9987 -0.41335 -0.158256 0.896296
-7.91571 -48.1375 58.9636 -0.408785 -0.169465 0.896759
-7.72383 -49.2829 58.8416 -0.416776 -0.156113 0.895504
-7.78334 -50.4837 58.5811 -0.421824 -0.178046 0.889024
-7.70633 -51.2568 58.4368 -0.387533 -0.189461 0.901713
-6.68696 -52.0541 58.7311 -0.387986 -0.161129 0.907471
-5.39641 -51.828 59.3241 -0.390151 -0.157593 0.907164
-4.36087 -52.2662 59.6331 -0.317578 -0.144559 0.936628
-2.79151 -53.0282 60.0277 -0.263928 -0.138043 0.953867
-2.07031 -53.1782 60.1766 -0.230191 -0.153358 0.960986
-0.656629 -53.3359 60.49 -0.20465 -0.132812 0.969194
0.668889 -53.0306 60.6178 -0.0425642 -0.154592 0.987061
1.87159 -52.5708 60.7416 -0.0462543 -0.157516 0.986421
2.31781 -51.9351 60.8677 0.0238745 -0.16296 0.983572
2.7931 -51.2308 60.9392 0.0976937 -0.165479 0.981363
3.58556 -49.9296 61.0288 0.123179 -0.123753 0.984638
4.02642 -49.0311 61.0866 0.1296 -0.123966 0.983765
4.49887 -47.8862 61.045 0.162532 -0.0292727 0.986269
4.96891 -46.764 61.0009 0.159427 -0.0328836 0.98665
5.5245 -45.7349 60.9509 0.156321 -0.0364946 0.987032
5.60139 -44.1791 61.0072 0.158589 -0.0435264 0.986385
5.7367 -43.2442 61.0221 0.169558 -0.0256643 0.985102
6.39403 -42.2642 60.9195 0.173753 -0.0135226 0.984696
6.87878 -41.6678 60.8422 0.178876 -0.0223353 0.983565
7.24339 -40.8705 60.7963 0.190878 -0.024216 0.981315
7.42534 -39.8233 60.7867 0.190937 -0.0242036 0.981304
7.55349 -39.0015 60.7831 0.195748 -0.0249141 0.980321
7.92291 -38.0907 60.7282 0.200234 -0.023403 0.979468
8.31903 -37.3949 60.6648 0.199761 -0.0244753 0.979539
8.86841 -36.3862 60.5752 0.204725 -0.0278959 0.978422
9.2039 -35.66 60.5261 0.204828 -0.0284613 0.978384
9.52428 -34.7041 60.4878 0.205835 -0.0327807 0.97803
10.0848 -33.36 60.4308 0.199059 -0.0505286 0.97868
10.4588 -32.582 60.3962 0.196857 -0.0501256 0.97915
10.945 -31.8716 60.334 0.202264 -0.0616854 0.977293
11.3919 -31.0018 60.309 0.19887 -0.0811329 0.976662
11.8529 -29.8043 60.3251 0.198027 -0.0989826 0.975186
12.1871 -28.8448 60.3467 0.211308 -0.112382 0.970709
12.3099 -28.0774 60.4258 0.208299 -0.133714 0.968882
12.2069 -27.2364 60.564 0.207869 -0.135545 0.968718
12.041 -26.4189 60.7155 0.207435 -0.137375 0.968555
12.0295 -25.6237 60.8342 0.210598 -0.154614 0.965201
11.8956 -24.2889 61.0923 0.210212 -0.169338 0.962867
11.3649 -23.124 61.4279 0.207951 -0.184236 0.960632
11.0646 -22.4436 61.6449 0.227097 -0.210747 0.950771
10.8638 -21.5886 61.8885 0.225901 -0.217477 0.949565
10.6971 -20.8099 62.1049 0.22287 -0.218825 0.949965
10.0851 -20.009 62.4358 0.222746 -0.222014 0.94926
7.68175 -35.9491 60.8373 0.203942 -0.0310182 0.978492
7.09836 -36.8771 60.9299 0.204154 -0.0304245 0.978466
6.4511 -37.1768 61.0522 0.191607 -0.0350821 0.980828
6.30336 -38.1338 61.0495 0.187978 -0.0262989 0.981821
6.2144 -39.1643 61.0389 0.189383 -0.0268934 0.981534
6.03056 -40.0968 61.0477 0.185188 -0.0275362 0.982317
5.81556 -40.8748 61.0664 0.184596 -0.0293427 0.982374
5.05021 -41.8087 61.1802 0.184 -0.0311498 0.982433
4.64683 -42.5037 61.2343 0.155111 -0.0441727 0.986258
4.21509 -44.1617 61.2215 0.135262 -0.0397619 0.990012
3.8413 -45.6555 61.2126 0.136616 -0.0385589 0.989872
3.49168 -46.5648 61.2435 0.138937 0.000721693 0.990301
3.08477 -47.7262 61.2879 0.163738 -0.0322976 0.985965
2.79387 -48.4348 61.3101 0.160266 -0.0349233 0.986456
2.28961 -49.52 61.266 0.0573384 -0.156526 0.982239
1.72984 -50.4746 61.0756 -0.0481693 -0.173833 0.983501
0.916903 -51.3963 60.8844 -0.0462557 -0.157514 0.986421
-0.0359752 -51.7984 60.7804 -0.110837 -0.133427 0.982232
-1.1902 -51.934 60.5533 -0.179109 -0.112263 0.977403
-2.30555 -51.8133 60.338 -0.26393 -0.138046 0.953866
-3.12768 -51.4402 60.1279 -0.296211 -0.157117 0.941468
-3.88038 -51.1371 59.9529 -0.294752 -0.191506 0.936187
-4.9132 -50.7186 59.707 -0.311147 -0.175776 0.933915
-5.93674 -50.5758 59.3577 -0.356189 -0.178414 0.917223
-6.49764 -49.617 59.3264 -0.361786 -0.168835 0.916778
-6.59176 -48.8764 59.4173 -0.367377 -0.159258 0.916336
-6.86877 -47.4239 59.5501 -0.365022 -0.150788 0.918707
-6.99613 -46.6482 59.6206 -0.392981 -0.153406 0.906622
-6.39116 -46.0127 59.9874 -0.362436 -0.178858 0.914686
-5.7219 -45.792 60.2957 -0.348644 -0.16811 0.921862
-4.94023 -45.4835 60.6387 -0.348367 -0.147593 0.925666
-4.2474 -45.2155 60.9049 -0.295163 -0.142565 0.944751
-3.53733 -44.9045 61.1276 -0.209193 -0.0862803 0.973067
-2.85909 -44.5776 61.2738 -0.166636 -0.0934992 0.981575
-2.21681 -44.2017 61.4089 -0.136236 -0.0852802 0.986779
-1.21449 -43.6257 61.5772 -0.115827 -0.0876712 0.989393
-0.44203 -43.1709 61.6364 -0.0246577 -0.0686301 0.997337
0.655213 -42.5144 61.6584 0.0714974 -0.0409062 0.996602
1.53381 -41.9591 61.6182 0.0665354 -0.0531209 0.996282
2.16546 -41.4141 61.5845 0.102758 -0.0537858 0.993251
2.71142 -40.8281 61.5597 0.104509 -0.0510422 0.993208
3.26426 -40.2256 61.5164 0.150752 -0.0379942 0.987841
3.64796 -39.5799 61.4827 0.156319 -0.0314312 0.987169
4.34135 -38.7894 61.3888 0.170799 -0.0228274 0.984998
4.97137 -38.2233 61.2956 0.175145 -0.0351501 0.983915
5.48148 -37.5651 61.2221 0.187778 -0.0326983 0.981646
6.06115 -36.9539 61.1356 0.187574 -0.0391018 0.981472
6.76436 -36.1546 61.0221 0.199892 -0.0307428 0.979326
7.45635 -36.0879 60.8798 0.203942 -0.0310182 0.978492
2.90724 -42.8487 61.464 0.115843 -0.0416589 0.992043
2.88353 -43.8673 61.4153 0.137861 -0.0451644 0.989403
2.54662 -45.095 61.4142 0.137976 -0.0373551 0.989731
2.18988 -46.0437 61.4142 0.0736414 -0.013529 0.996943
1.99004 -46.7976 61.4338 0.107999 -0.0112196 0.994088
1.6887 -47.6403 61.4583 0.0568905 -0.0313471 0.996252
1.37605 -48.3613 61.4197 0.00533049 -0.0558302 0.998426
0.619905 -49.6512 61.1982 -0.0645126 -0.198276 0.977127
-0.284582 -50.3086 60.9559 -0.146771 -0.200929 0.968546
-1.84781 -50.52 60.6731 -0.147738 -0.202654 0.968042
-2.99233 -50.2004 60.4241 -0.274458 -0.177866 0.944652
-3.79496 -49.8085 60.2435 -0.302626 -0.179895 0.935978
-4.84641 -49.3128 59.9889 -0.319668 -0.171658 0.931851
-5.3419 -48.5103 59.9617 -0.321882 -0.163142 0.932618
-5.45417 -47.5312 60.0942 -0.342801 -0.158094 0.925734
-4.8959 -46.9076 60.4115 -0.3421 -0.166597 0.924777
-4.22829 -46.6022 60.7135 -0.322005 -0.147583 0.934702
-3.09633 -46.1071 61.0926 -0.231347 -0.144168 0.96213
-2.42486 -45.7764 61.2434 -0.171774 -0.0794624 0.981926
-1.67239 -45.3619 61.3821 -0.124833 -0.0685788 0.989805
-0.999436 -44.9848 61.4931 -0.0855102 -0.07166 0.992969
-0.19206 -44.5382 61.5575 -0.0340832 -0.0571817 0.997782
0.492144 -44.165 61.6022 0.0187588 -0.0491102 0.997185
1.35872 -43.6706 61.5603 0.071604 -0.0410268 0.996589
2.18912 -43.4157 61.5111 0.0814183 -0.0368836 0.99594
2.67619 -43.1386 61.4756 0.0912284 -0.0327522 0.995291
0.639718 -45.6962 61.5204 -0.048779 -0.04687 0.997677
0.677757 -46.4458 61.4848 -0.0411736 -0.0495422 0.997923
0.366833 -47.3781 61.4256 -0.041503 -0.0421002 0.998223
0.0418119 -48.0986 61.3542 -0.113264 -0.0797796 0.990357
-0.449481 -48.7418 61.2417 -0.16783 -0.100026 0.980012
-1.09236 -49.0917 61.0695 -0.190263 -0.129253 0.973187
-2.00355 -49.1044 60.8637 -0.24396 -0.128086 0.96129
-2.96928 -48.8013 60.6517 -0.263841 -0.17297 0.948572
-3.69775 -48.4248 60.5281 -0.264637 -0.196611 0.944089
-3.47901 -47.883 60.7014 -0.266335 -0.194553 0.944042
-2.79816 -47.3503 60.9745 -0.213216 -0.154665 0.964522
-1.97182 -46.9098 61.195 -0.131212 -0.112585 0.984941
-1.19026 -46.5073 61.3451 -0.132145 -0.112311 0.984847
-0.27038 -46.0479 61.4534 -0.0563841 -0.0441996 0.99743
0.040074 -46.0816 61.4694 -0.0563842 -0.0441997 0.99743
1.56587 -57.3321 60.1942 0.0304208 -0.132812 0.990674
2.69085 -57.4318 60.1463 0.0303632 -0.133045 0.990645
3.53921 -57.6638 60.0711 0.0881664 -0.16093 0.98302
4.7318 -58.2843 59.8626 0.0912521 -0.159604 0.982949
5.60645 -58.9916 59.6647 0.118245 -0.169681 0.978009
5.98626 -60.2502 59.3912 0.123928 -0.177088 0.976131
6.12826 -62.1032 59.0095 0.109338 -0.192504 0.975186
6.11842 -63.2716 58.7796 0.10002 -0.210549 0.972241
5.98339 -64.5399 58.4936 0.0905096 -0.228286 0.969378
5.9065 -65.3732 58.3045 0.0965296 -0.235357 0.967056
5.97807 -66.8037 57.8625 0.0867912 -0.331423 0.939482
6.29022 -68.437 57.2246 0.0192165 -0.355252 0.934463
6.71949 -69.4072 56.8496 0.0518355 -0.352699 0.9343
7.02226 -70.3113 56.4915 0.0518355 -0.3527 0.9343
7.64475 -71.5198 55.8677 0.0418339 -0.437373 0.898148
8.09538 -72.6117 55.3332 0.024034 -0.452171 0.891274
8.41484 -73.4743 54.8614 0.0211589 -0.473773 0.880393
8.47248 -74.4164 54.3568 -0.0115235 -0.489058 0.871402
8.19496 -75.0326 53.9796 -0.0407984 -0.508171 0.86029
8.02038 -75.7262 53.55 -0.0433757 -0.52763 0.848366
7.58265 -76.4493 53.078 -0.0433769 -0.527629 0.848367
6.77103 -77.0295 52.6578 -0.0601649 -0.537294 0.841246
6.02468 -77.3403 52.4059 -0.0601688 -0.537294 0.841246
5.25992 -77.7321 52.0975 -0.0962316 -0.574674 0.810698
4.43731 -77.9272 51.8122 -0.125261 -0.613079 0.780028
3.6172 -77.9648 51.6509 -0.125263 -0.613079 0.780028
2.36489 -78.5894 50.9895 -0.115037 -0.63238 0.765489
1.92163 -79.0863 50.4797 -0.130979 -0.650553 0.748081
1.15254 -80.0411 49.5084 -0.153084 -0.66427 0.731079
-0.0786687 -80.8019 48.4913 -0.177312 -0.673023 0.718053
-0.802432 -81.17 47.9635 -0.201719 -0.677723 0.706668
-1.64051 -81.0688 47.7915 -0.226781 -0.677082 0.70009
-2.66613 -81.0031 47.5211 -0.228095 -0.675662 0.701038
-3.3827 -81.0836 47.2104 -0.202296 -0.67492 0.709104
-4.04084 -81.2133 46.8211 -0.353742 -0.76135 0.543335
-4.91928 -81.7477 45.7651 -0.326262 -0.685111 0.651288
-5.8659 -82.4315 44.5095 -0.368049 -0.6513 0.662245
-6.36495 -83.0541 43.6722 -0.368358 -0.65369 0.660592
-7.11487 -83.2148 43.031 -0.428626 -0.662033 0.614811
-7.74804 -83.3216 42.4747 -0.428626 -0.662032 0.614812
-8.39466 -83.426 41.9114 -0.428624 -0.662033 0.614812
-9.27695 -83.2461 41.4582 -0.492174 -0.639658 0.589757
-10.2857 -83.112 40.7039 -0.511561 -0.643195 0.569742
-11.4079 -82.909 39.953 -0.517382 -0.570958 0.637415
-12.0843 -82.7449 39.3955 -0.617259 -0.561856 0.55063
-13.5386 -81.9464 38.5604 -0.622008 -0.552979 0.554365
-14.4334 -81.4383 37.8441 -0.699989 -0.505393 0.504559
-15.4342 -80.5305 37.3705 -0.698179 -0.50474 0.507723
-16.066 -80.1874 36.8606 -0.732126 -0.492197 0.465555
-16.4847 -80.1023 36.161 -0.793779 -0.473664 0.381521
-17.1121 -80.0314 35.2084 -0.756051 -0.37754 0.534649
-18.0137 -79.3357 34.4016 -0.79676 -0.303729 0.516527
-18.4586 -78.6061 34.0103 -0.829016 -0.232912 0.508414
-18.7993 -77.8347 33.8082 -0.831186 -0.254084 0.493868
-19.3103 -76.2645 33.6051 -0.882082 -0.178016 0.436166
-19.2914 -75.2268 34.067 -0.885276 -0.198631 0.419673
-19.0359 -74.9255 34.7938 -0.888468 -0.219248 0.403181
-18.5872 -75.2213 35.6217 -0.914282 -0.197018 0.347936
-18.18 -75.7196 36.3826 -0.913874 -0.253544 0.309272
-17.8401 -75.9374 37.2954 -0.875769 -0.330579 0.351181
-17.4637 -76.3046 37.8611 -0.892149 -0.426864 0.147846
-17.1495 -76.7439 38.489 -0.888109 -0.431199 0.158675
-16.8038 -76.7432 39.3267 -0.779134 -0.523993 0.344067
-16.5406 -76.6573 40.297 -0.784108 -0.556203 0.275341
-16.2045 -76.7646 41.1947 -0.734526 -0.64784 0.200555
-16.0808 -76.6486 41.9337 -0.687244 -0.679462 0.24979
-15.7995 -76.5932 42.7339 -0.64458 -0.712958 0.276056
-15.6609 -76.3358 43.4896 -0.573595 -0.689644 0.439642
-15.3445 -76.1048 44.1867 -0.569132 -0.667861 0.479635
-14.7978 -75.9866 45.0656 -0.505235 -0.729451 0.458836
-14.0589 -76.3273 45.2649 -0.475051 -0.68097 0.556622
-13.1365 -76.9602 45.3072 -0.480399 -0.661535 0.575836
-12.484 -77.3405 45.4173 -0.494161 -0.649445 0.57795
-11.5867 -77.6617 45.8236 -0.452685 -0.64847 0.609777
-10.7786 -77.7242 46.2785 -0.41308 -0.649835 0.638011
-9.42183 -77.8083 47.0795 -0.414952 -0.652151 0.634439
-8.52133 -77.32 48.1451 -0.387347 -0.636663 0.666098
-8.21218 -76.6526 48.914 -0.379956 -0.617468 0.688743
-7.33736 -75.9528 50.024 -0.368184 -0.617742 0.694738
-6.78965 -75.2662 50.8882 -0.35231 -0.599863 0.718313
-5.89658 -74.7376 51.763 -0.355922 -0.593398 0.721941
-5.02771 -74.7517 52.1798 -0.32571 -0.559014 0.760168
-3.40374 -75.0243 52.5375 -0.259542 -0.565534 0.782822
-2.41855 -75.199 52.738 -0.259543 -0.565534 0.782821
-1.11742 -75.4072 52.9097 -0.16119 -0.574625 0.802386
-0.206158 -75.508 53.0205 -0.161186 -0.574628 0.802385
0.542126 -75.5075 53.1654 -0.117539 -0.611454 0.782323
1.08732 -74.6208 53.9152 -0.0780563 -0.615678 0.784123
1.31408 -74.0474 54.3879 -0.0780563 -0.615678 0.784123
1.51679 -73.2909 54.9542 -0.0481338 -0.564239 0.824207
1.50098 -72.5258 55.4154 -0.101348 -0.462864 0.880616
1.25444 -71.7465 55.7966 -0.101343 -0.462864 0.880617
1.05114 -71.019 56.1556 -0.163245 -0.44403 0.878634
0.659857 -69.684 56.7298 -0.18337 -0.433117 0.882488
0.548925 -68.965 57.0596 -0.183365 -0.433116 0.88249
0.514639 -68.253 57.402 -0.199623 -0.407976 0.890364
0.111037 -67.0991 57.7397 -0.181615 -0.319136 0.930144
-0.390455 -66.1034 57.9834 -0.181614 -0.319137 0.930144
-0.625893 -64.7788 58.2994 -0.219805 -0.257856 0.940848
-0.880087 -63.4066 58.597 -0.218077 -0.228848 0.948578
-1.04717 -62.6089 58.7372 -0.225433 -0.214211 0.950418
-1.40032 -61.7003 58.8582 -0.225433 -0.214212 0.950417
-1.51037 -60.9404 59.0034 -0.215021 -0.201526 0.955437
-1.39193 -59.7433 59.2693 -0.202985 -0.193964 0.959779
-0.50478 -59.1558 59.5757 -0.207506 -0.199914 0.957557
-0.024478 -58.4453 59.8354 -0.212023 -0.205867 0.955335
0.574813 -57.8445 60.1311 -0.113395 -0.216345 0.963282
1.26852 -57.4266 60.1907 0.0304206 -0.132811 0.990674
1.72623 -58.9624 59.9196 -0.0108265 -0.224449 0.974426
2.66852 -59.018 59.9261 0.0225077 -0.175314 0.982204
3.79275 -59.3619 59.7688 0.0856876 -0.168883 0.981904
4.67084 -60.0909 59.5668 0.0948696 -0.18067 0.978839
4.69637 -60.8796 59.4085 0.10405 -0.192455 0.975774
4.89094 -62.6255 59.0434 0.104945 -0.19103 0.975957
4.77683 -64.0812 58.7314 0.129605 -0.22736 0.965148
4.61263 -65.5385 58.4101 0.101162 -0.263764 0.958129
4.62369 -67.1594 57.7709 0.0607232 -0.383185 0.920711
4.90262 -68.7301 57.1417 0.0192189 -0.355254 0.934462
5.22513 -69.6675 56.7948 0.0161522 -0.342168 0.9395
5.63215 -70.8105 56.3319 -0.00285767 -0.430005 0.901798
5.95277 -71.4571 55.9891 0.0273919 -0.457613 0.888729
6.63633 -72.4685 55.4472 0.0223558 -0.4907 0.870201
6.84925 -73.0886 55.0615 -0.0121395 -0.515461 0.856268
6.92137 -74.3141 54.3431 -0.0415962 -0.507135 0.860862
6.54033 -75.1809 53.8135 -0.0420891 -0.517901 0.854327
5.99375 -75.6791 53.4647 -0.0636886 -0.53678 0.841307
5.20054 -76.1742 53.0858 -0.0672044 -0.536269 0.841368
4.53207 -76.4846 52.8345 -0.0672044 -0.536269 0.841368
3.39434 -76.7188 52.5944 -0.0962325 -0.574675 0.810697
1.86951 -76.1527 52.8333 -0.101014 -0.611664 0.784642
1.80133 -75.9884 52.9525 -0.0969614 -0.605226 0.790071
2.2427 -75.1156 53.6611 -0.0929086 -0.598787 0.795501
2.69428 -74.2769 54.3451 -0.0854841 -0.607232 0.789812
2.79016 -73.3866 54.926 0.0201111 -0.543872 0.838927
2.77989 -72.5318 55.4804 0.000512762 -0.485398 0.871507
2.59813 -71.6463 55.8947 -0.0190805 -0.426928 0.904084
2.26542 -70.0884 56.5747 0.00367411 -0.411648 0.911197
1.96567 -68.7703 57.1943 0.0137057 -0.422838 0.906102
1.62191 -67.4378 57.8391 -0.047127 -0.377005 0.921122
1.20403 -66.3563 58.1573 -0.103121 -0.317187 0.94274
0.858067 -65.6461 58.3584 -0.0933955 -0.301046 0.948818
0.691464 -64.1726 58.7366 -0.103451 -0.250213 0.962648
0.446328 -62.7968 59.0491 -0.218078 -0.228849 0.948577
0.0437651 -61.596 59.2056 -0.204611 -0.188838 0.960455
0.665527 -60.1363 59.625 -0.203799 -0.191401 0.960117
1.28039 -59.2983 59.8373 -0.010829 -0.224449 0.974426
2.01531 -60.8964 59.5516 -0.0462072 -0.190658 0.98051
2.81815 -60.5002 59.6581 0.0225077 -0.175316 0.982204
3.49751 -60.9913 59.5143 0.0948692 -0.180669 0.978839
3.58733 -61.844 59.3366 0.104945 -0.191029 0.975957
3.63815 -63.3066 59.047 0.105841 -0.189605 0.976139
3.44631 -64.6958 58.7653 0.101162 -0.263764 0.958129
3.2039 -65.7982 58.4359 0.0727198 -0.300168 0.951111
2.7594 -66.6075 58.2145 0.0859405 -0.349099 0.931554
3.21164 -67.76 57.6623 0.0991611 -0.398031 0.911997
2.54616 -66.6989 58.1888 -0.047126 -0.377002 0.921123
2.31116 -65.6789 58.4759 -0.0836734 -0.284901 0.954898
2.09111 -64.6695 58.7578 -0.0935576 -0.267556 0.958774
2.00745 -63.6843 59.0049 -0.0811488 -0.218802 0.971585
1.75276 -62.5678 59.203 -0.0588519 -0.187391 0.980521
1.78832 -61.5017 59.4161 -0.0517412 -0.199566 0.978517
3.8512 -69.8569 56.6869 -0.0197332 -0.40143 0.915579
3.83119 -70.6519 56.3393 -0.0063555 -0.400459 0.916293
3.85937 -72.1132 55.7008 -0.0127162 -0.413693 0.910189
4.26457 -73.4535 54.8742 -0.00229806 -0.533521 0.845784
4.01397 -74.1266 54.449 -0.00229763 -0.53352 0.845785
3.68336 -75.0591 53.8019 -0.0240087 -0.592516 0.805201
4.48541 -75.1214 53.78 -0.0240087 -0.592516 0.805201
5.49804 -74.2766 54.3584 0.00751134 -0.528651 0.84873
5.36605 -72.8994 55.208 0.0173187 -0.523786 0.851674
4.56415 -72.2514 55.6229 0.0223536 -0.4907 0.870201
4.06136 -70.6843 56.3306 -0.0331103 -0.402396 0.914867
4.00305 -70.5117 56.4043 -0.0331093 -0.402397 0.914866
0.551568 -76.5837 52.3236 -0.134063 -0.611238 0.78001
1.26993 -77.4375 51.7545 -0.100052 -0.61293 0.783775
0.757913 -78.4055 50.868 -0.167655 -0.646786 0.743085
0.18824 -79.3128 49.9198 -0.205754 -0.646037 0.735038
-0.759668 -79.8821 49.1468 -0.207172 -0.649052 0.731991
-1.77317 -79.9862 48.7557 -0.220106 -0.649523 0.727786
-3.34611 -79.9852 48.2809 -0.2241 -0.662593 0.714412
-4.46973 -80.1656 47.613 -0.374108 -0.612695 0.694162
-5.68083 -80.5955 46.5883 -0.371206 -0.650261 0.662028
-6.24451 -80.8791 45.9555 -0.387175 -0.664004 0.639319
-6.76021 -81.1528 45.3553 -0.374224 -0.679285 0.631291
-7.41648 -81.8112 44.2579 -0.368046 -0.651294 0.662252
-8.00883 -82.0983 43.61 -0.428625 -0.662033 0.614811
-8.86213 -82.1596 42.9133 -0.472787 -0.63612 0.609774
-9.82168 -82.0205 42.3145 -0.472784 -0.636121 0.609774
-11.2098 -81.8236 41.3287 -0.557209 -0.60996 0.56053
-12.447 -81.5396 40.2729 -0.615788 -0.581058 0.531603
-13.1242 -81.2795 39.7386 -0.628718 -0.58539 0.511891
-13.7123 -80.8784 39.475 -0.66699 -0.564881 0.483026
-14.3656 -80.4484 38.9759 -0.705264 -0.544374 0.454158
-15.2791 -79.7122 38.4398 -0.711332 -0.534312 0.45648
-15.8195 -79.1701 38.1147 -0.770729 -0.475505 0.419253
-16.5405 -78.3987 37.736 -0.746541 -0.463524 0.477307
-16.6797 -78.7495 37.1737 -0.798981 -0.387348 0.459705
-17.0703 -78.7166 36.5127 -0.809474 -0.372809 0.453584
-17.3859 -78.859 35.775 -0.816635 -0.404034 0.412146
-17.8567 -78.1169 35.285 -0.859408 -0.287928 0.416863
-18.2076 -77.1436 35.234 -0.859409 -0.287928 0.416861
-17.8685 -77.1811 36.0492 -0.880722 -0.303332 0.363598
-17.4754 -77.3275 36.8963 -0.875769 -0.330579 0.351183
-16.9945 -77.7413 37.5825 -0.815874 -0.425607 0.391418
-16.4795 -78.0597 38.1606 -0.770731 -0.475505 0.41925
-16.0706 -77.9161 39.2544 -0.756159 -0.505867 0.41
-15.73 -77.718 40.2612 -0.713395 -0.638343 0.289112
-15.396 -77.7263 41.0671 -0.706578 -0.635825 0.309827
-15.1822 -77.5593 41.8394 -0.699759 -0.633305 0.330549
-14.8133 -77.4911 42.657 -0.572446 -0.698205 0.428515
-14.3221 -77.2408 43.8149 -0.543889 -0.70703 0.448118
-13.6358 -77.5322 44.1128 -0.513094 -0.699196 0.497854
-12.9309 -77.9905 44.1957 -0.52347 -0.693963 0.494213
-12.0608 -78.4709 44.4681 -0.533843 -0.688733 0.490569
-10.9145 -78.92 44.9846 -0.452693 -0.648469 0.609771
-9.87274 -78.8901 45.6825 -0.411206 -0.647517 0.641585
-9.08138 -78.9171 46.1624 -0.413079 -0.649835 0.638012
-7.76114 -78.675 47.2304 -0.394735 -0.65586 0.643453
-7.04385 -78.0638 48.2934 -0.387344 -0.636666 0.666097
-6.78027 -77.599 48.8555 -0.368183 -0.617743 0.694737
-5.86635 -76.5876 50.2124 -0.356412 -0.618013 0.700736
-4.9855 -75.8868 51.242 -0.348707 -0.606321 0.714687
-4.16367 -75.9707 51.526 -0.286701 -0.611213 0.737713
-3.28193 -76.1324 51.7347 -0.286704 -0.611213 0.737712
-2.19481 -76.3146 52.0062 -0.273125 -0.588372 0.760267
-0.627364 -76.5483 52.1487 -0.134064 -0.611239 0.780009
-1.38552 -77.399 51.2382 -0.175622 -0.677058 0.714667
-2.33601 -77.2724 51.072 -0.237825 -0.673424 0.699957
-3.08416 -77.1778 50.9088 -0.237822 -0.673424 0.699958
-4.0466 -77.2563 50.5063 -0.26226 -0.642319 0.718836
-4.6717 -77.5076 50.0086 -0.346375 -0.629673 0.695175
-5.06562 -78.05 49.3121 -0.336338 -0.641333 0.689614
-5.27775 -78.5271 48.7649 -0.336339 -0.641334 0.689613
-6.14098 -79.3714 47.5326 -0.371208 -0.650259 0.662028
-7.24 -79.8101 46.4117 -0.400331 -0.64932 0.646621
-8.49239 -80.1437 45.3031 -0.376279 -0.651571 0.658161
-9.07149 -79.9419 45.1954 -0.394345 -0.632654 0.664824
-9.53632 -80.1054 44.7095 -0.441163 -0.673655 0.592928
-10.3494 -79.9447 44.3381 -0.46721 -0.622485 0.616257
-11.3321 -79.597 43.7498 -0.545593 -0.638981 0.542246
-12.9352 -78.7058 43.1871 -0.568986 -0.649705 0.50184
-13.8075 -78.3443 42.6396 -0.570198 -0.681551 0.458653
-14.3231 -78.5136 41.7471 -0.570201 -0.681549 0.458653
-14.4541 -78.8569 40.8948 -0.706576 -0.635824 0.309832
-14.4682 -79.5569 39.885 -0.71133 -0.534312 0.456482
-13.8775 -79.9039 40.3864 -0.666991 -0.564883 0.483024
-12.4617 -80.3583 41.4925 -0.602858 -0.576724 0.551318
-11.8754 -80.4849 42.0012 -0.59762 -0.618575 0.506376
-11.1345 -80.6828 42.6691 -0.568988 -0.649704 0.50184
-10.361 -80.9084 43.1964 -0.482881 -0.716312 0.488081
-9.20838 -81.0827 43.9497 -0.391667 -0.707698 0.565934
-8.51201 -81.0011 44.4539 -0.396795 -0.66404 0.63095
-8.21977 -80.4461 45.1686 -0.400124 -0.648724 0.647347
-7.17472 -80.0152 46.2463 -0.400125 -0.648724 0.647346
-6.06465 -79.5745 47.3759 -0.371206 -0.650261 0.662028
-5.08082 -79.2543 48.1805 -0.342084 -0.651199 0.677435
-3.92721 -79.1182 48.8739 -0.279725 -0.643976 0.709535
-3.08648 -79.0419 49.1987 -0.22311 -0.64662 0.729455
-2.2523 -79.0015 49.4896 -0.22161 -0.648071 0.728621
-1.43683 -79.0519 49.6912 -0.21364 -0.649287 0.729889
-0.658803 -78.2405 50.6195 -0.189977 -0.660041 0.726376
-0.88517 -77.9251 50.8627 -0.175622 -0.677059 0.714666
-11.5443 -43.8018 57.8343 -0.488654 -0.193529 0.850724
-11.5344 -42.5599 58.1147 -0.47854 -0.202915 0.854139
-11.9597 -41.5498 58.1283 -0.463243 -0.201095 0.863114
-12.6265 -40.5548 58.0296 -0.445633 -0.220402 0.86766
-13.2835 -40.0219 57.825 -0.432051 -0.22428 0.873295
-13.6343 -40.1498 57.6141 -0.44038 -0.276352 0.854151
-13.7444 -40.9203 57.333 -0.47206 -0.234125 0.849909
-13.8643 -41.7515 57.0374 -0.472772 -0.239881 0.847883
-14.0055 -42.7704 56.6625 -0.485339 -0.251719 0.837156
-14.0574 -43.5074 56.4226 -0.508349 -0.229347 0.830049
-13.695 -44.0724 56.4884 -0.499987 -0.228339 0.835329
-13.0329 -44.0461 56.8908 -0.513911 -0.202284 0.833653
-12.3813 -43.9468 57.3165 -0.502228 -0.200334 0.841093
-11.7438 -43.8281 57.7129 -0.490543 -0.198383 0.848535
-16.3764 -34.2874 58.3174 -0.353121 -0.312394 0.881876
-16.3917 -34.225 58.3334 -0.352006 -0.318042 0.88028
14.5217 27.7245 77.2269 0.357776 -0.276977 0.891785
15.09 28.258 77.1683 0.353558 -0.279921 0.892548
14.9291 29.0075 77.4598 0.355787 -0.270328 0.894616
14.9096 28.3663 77.2738 0.354673 -0.275125 0.893581
14.5352 27.8407 77.2575 0.357775 -0.276976 0.891785
16.549 31.964 77.6764 0.351298 -0.251743 0.901784
17.5836 33.1359 77.6258 0.338134 -0.261917 0.903916
18.3282 33.7051 77.5122 0.338126 -0.261915 0.90392
19.7266 34.5333 77.2465 0.328564 -0.274032 0.903854
20.9715 34.8052 76.8764 0.32841 -0.274017 0.903914
21.8101 34.9141 76.6049 0.325001 -0.278539 0.903747
22.6116 35.1332 76.3881 0.321746 -0.283075 0.90352
23.4354 35.574 76.2307 0.324523 -0.282286 0.902773
24.1547 36.2479 76.1826 0.32592 -0.282182 0.902289
24.9343 37.5347 76.3023 0.328557 -0.28443 0.900637
25.8875 37.2546 75.8676 0.327042 -0.28519 0.90095
27.2957 37.2307 75.3489 0.327065 -0.285205 0.900937
28.5683 37.4479 74.9572 0.326135 -0.284364 0.901531
29.4959 37.5804 74.6616 0.327604 -0.280819 0.902118
30.4384 37.459 74.2815 0.324011 -0.281445 0.903212
31.126 37.1745 73.9491 0.321544 -0.284327 0.903194
32.1746 36.7678 73.4448 0.32267 -0.286582 0.902084
33.3861 35.8937 72.7452 0.313587 -0.284885 0.905816
33.3454 37.0382 73.1192 0.313587 -0.284885 0.905816
32.8725 37.6204 73.4661 0.318128 -0.285733 0.90395
31.7248 38.2356 74.0679 0.320418 -0.282072 0.904305
31.047 38.5918 74.4192 0.320418 -0.282072 0.904305
30.3336 38.9142 74.7725 0.324012 -0.281443 0.903212
29.6734 39.1807 75.0952 0.328755 -0.282653 0.901123
28.5764 40.1687 75.8061 0.333319 -0.278404 0.900768
27.8141 40.0267 76.0466 0.333994 -0.28197 0.899404
27.1383 39.3302 76.0736 0.326957 -0.286756 0.900483
26.7102 38.7007 76.0286 0.326904 -0.286811 0.900485
25.8887 38.1292 76.1447 0.326848 -0.286868 0.900487
24.9232 37.9662 76.4432 0.324902 -0.285871 0.901505
23.9698 37.8109 76.7321 0.320706 -0.278061 0.905445
23.0991 37.8691 77.0584 0.320342 -0.278201 0.90553
22.3919 37.48 77.1887 0.315005 -0.2773 0.90766
21.6869 37.1966 77.344 0.31384 -0.271473 0.909839
20.5609 37.0512 77.6878 0.312138 -0.271593 0.910388
19.5549 37.0355 78.028 0.309311 -0.264645 0.913359
18.225 37.0336 78.4828 0.31872 -0.241019 0.916694
16.958 36.8333 78.8706 0.31169 -0.235945 0.920375
16.0571 36.4306 79.084 0.328303 -0.227903 0.91665
15.6178 35.7917 79.0786 0.327782 -0.23322 0.915515
15.357 34.46 78.8187 0.334692 -0.244235 0.910127
15.3505 33.6065 78.5957 0.345044 -0.237629 0.908007
15.4329 32.7055 78.3182 0.350332 -0.251425 0.902248
16.2681 32.1947 77.8503 0.351296 -0.251743 0.901785
17.301 34.4774 78.1078 0.335069 -0.244329 0.909963
18.7962 35.3482 77.8125 0.3215 -0.257904 0.91111
19.4153 35.8049 77.7225 0.322835 -0.258182 0.91056
