5.85963 -79.0255 65.8631 0.131237 -0.602855 0.786951
5.33138 -79.5941 65.5157 0.131233 -0.602857 0.786951
5.33138 -79.5941 65.5157 0.131233 -0.602857 0.786951
5.2845 -78.2984 66.5257 0.136709 -0.605946 0.783671
5.58586 -77.9986 66.6932 0.157089 -0.555711 0.8164
5.63328 -78.1343 66.5917 0.146906 -0.580829 0.800034
6.94978 -77.865 66.4318 0.28437 -0.510132 0.811444
6.63736 -77.0358 67.0883 0.298928 -0.520604 0.799758
6.37168 -76.3612 67.6268 0.31581 -0.47485 0.819758
5.82294 -76.256 67.9279 0.321025 -0.564427 0.753596
4.80755 -76.5296 68.0774 0.278789 -0.646705 0.709964
4.06371 -76.8273 68.0613 0.191563 -0.663472 0.723262
3.68851 -77.6689 67.3886 0.166645 -0.69589 0.696847
3.66264 -78.3113 66.6962 0.0903786 -0.675446 0.726006
3.75343 -79.4978 65.7466 0.0390283 -0.622583 0.78158
3.98162 -81.047 64.2706 -0.0230228 -0.697178 0.7162
3.90469 -81.7477 63.6002 -0.051149 -0.673813 0.73681
3.77677 -82.4216 62.9153 -0.0830946 -0.762394 0.641328
3.07828 -82.9318 62.1878 -0.0856166 -0.771398 0.630567
2.35828 -83.301 61.6384 -0.0862015 -0.771235 0.630686
1.35894 -83.8283 60.8541 -0.0875916 -0.772195 0.629319
0.588217 -84.1829 60.3117 -0.104044 -0.773042 0.625536
-0.214954 -84.4834 59.7359 -0.136045 -0.800065 0.584284
-1.06758 -84.687 59.2586 -0.158548 -0.798389 0.580443
-1.82606 -84.7667 58.9015 -0.18592 -0.803457 0.565589
-2.51757 -84.8247 58.5918 -0.185922 -0.803454 0.565592
-3.37791 -84.9341 58.1573 -0.183629 -0.803554 0.566199
-4.13454 -85.1212 57.6403 -0.199916 -0.808567 0.553201
-4.72322 -85.2702 57.1909 -0.214011 -0.808367 0.5484
-4.61634 -85.8854 56.3258 -0.214008 -0.808367 0.5484
-3.98869 -86.4109 55.7983 -0.226079 -0.793192 0.564954
-3.19408 -86.6232 55.8076 -0.195578 -0.787352 0.584638
-2.23414 -86.7159 55.9977 -0.192318 -0.785663 0.588003
-1.31752 -86.655 56.3619 -0.177383 -0.793567 0.581991
-0.611854 -86.5524 56.7263 -0.181229 -0.797525 0.575422
0.421154 -86.3755 57.2475 -0.15311 -0.798727 0.581887
1.19721 -86.2278 57.6644 -0.139496 -0.806005 0.574829
2.03191 -85.9843 58.1629 -0.112641 -0.803115 0.58508
3.26546 -85.6677 58.835 -0.109585 -0.795054 0.596388
4.23233 -85.4419 59.2377 -0.0660641 -0.780677 0.621433
4.97265 -85.2575 59.548 -0.0563458 -0.77949 0.623793
5.91118 -85 59.938 -0.0378628 -0.772685 0.63353
6.6863 -84.6605 60.3795 -0.0291023 -0.767062 0.640912
7.31431 -84.2534 60.8943 0.0181089 -0.758829 0.649477
7.66834 -83.7647 61.4195 0.0593437 -0.750889 0.657757
7.70717 -83.2002 62.0605 0.0338623 -0.746389 0.664113
7.55895 -82.472 62.7906 0.135485 -0.67855 0.721951
7.35104 -81.8116 63.3917 0.157351 -0.625957 0.763601
7.20573 -81.183 63.9519 0.172147 -0.625724 0.760753
7.13833 -80.5539 64.4746 0.172635 -0.618356 0.766702
7.09287 -79.926 64.9834 0.125727 -0.598655 0.791077
7.12894 -79.1102 65.5535 0.261108 -0.546183 0.795932
7.04722 -78.306 66.1322 0.265463 -0.522917 0.809532
8.39092 -78.3016 65.6944 0.265463 -0.522915 0.809533
8.32227 -77.5474 66.1747 0.26982 -0.499651 0.823132
8.03011 -76.7348 66.7637 0.284374 -0.510124 0.811447
7.78098 -76.1254 67.189 0.332684 -0.429098 0.83976
7.41539 -75.2221 67.8085 0.358971 -0.434406 0.825811
7.07788 -74.3478 68.3726 0.417246 -0.357522 0.833668
6.85906 -73.4307 68.9219 0.462533 -0.371745 0.804903
6.03623 -74.2723 68.959 0.401654 -0.42321 0.812138
5.11888 -75.153 68.9523 0.411387 -0.55455 0.72335
4.42716 -75.6255 68.9835 0.514056 -0.549491 0.64595
3.57017 -75.9232 69.1019 0.238356 -0.722803 0.64762
2.59346 -76.0218 69.3612 0.12581 -0.713384 0.678118
2.09427 -76.5987 68.7486 0.00283024 -0.729133 0.684366
2.27832 -77.3343 67.9641 0.00393052 -0.718438 0.695409
2.29778 -78.3063 66.9902 0.0733768 -0.718024 0.688444
2.25324 -79.0967 66.141 0.0903789 -0.675446 0.726006
2.49623 -80.6453 64.6608 -0.00490504 -0.705985 0.70821
2.58787 -81.8209 63.4428 -0.0912316 -0.72127 0.686619
1.87524 -82.4134 62.6569 -0.0958602 -0.760524 0.641947
0.548159 -83.0649 61.6779 -0.087191 -0.771631 0.630066
-0.383399 -83.4114 61.0837 -0.12049 -0.773892 0.62175
-1.11258 -83.7483 60.5231 -0.145843 -0.756404 0.636718
-1.98231 -83.9097 60.0332 -0.214406 -0.759701 0.61391
-2.76198 -83.9675 59.6893 -0.196942 -0.762471 0.616064
-3.7032 -84.0244 59.325 -0.193844 -0.796342 0.572944
-4.52607 -84.1572 58.862 -0.206648 -0.796075 0.568664
-5.18986 -84.3947 58.269 -0.219449 -0.795806 0.564389
-5.88727 -84.5979 57.7019 -0.223959 -0.802286 0.553333
-6.594 -84.674 57.3031 -0.225732 -0.802117 0.552859
-7.35544 -84.8023 56.8186 -0.210663 -0.806394 0.552487
-6.65405 -85.2394 56.4509 -0.229772 -0.806044 0.545433
-5.97546 -85.8779 55.7959 -0.231304 -0.804367 0.54726
-5.46052 -86.4799 55.1287 -0.222069 -0.805661 0.549094
-4.90928 -87.1064 54.4815 -0.245378 -0.782585 0.572063
-3.79927 -87.4882 54.4264 -0.219083 -0.784229 0.580132
-3.05483 -87.5723 54.5669 -0.198839 -0.789039 0.581275
-1.97008 -87.6481 54.8491 -0.197492 -0.770975 0.605179
-1.17227 -87.5728 55.1871 -0.184059 -0.777599 0.601217
-0.356692 -87.4495 55.5964 -0.17436 -0.779052 0.602146
0.50832 -87.3067 56.0226 -0.169753 -0.78466 0.596233
1.31612 -87.1884 56.4084 -0.169754 -0.78466 0.596231
2.33988 -86.9196 57.0031 -0.13601 -0.786228 0.602756
3.51517 -86.6201 57.6475 -0.13296 -0.783707 0.606732
4.73637 -86.3062 58.2202 -0.0798565 -0.78555 0.613624
5.62578 -86.1305 58.5479 -0.0620179 -0.770384 0.634464
6.35337 -85.8859 58.8865 -0.0250426 -0.77073 0.63667
7.0668 -85.6345 59.2188 -0.0250414 -0.77073 0.63667
7.89912 -85.2977 59.6579 0.0181108 -0.758829 0.649475
8.42984 -84.8917 60.069 0.0604937 -0.748284 0.660615
9.06596 -84.152 60.8487 0.0603551 -0.750056 0.658609
9.18046 -83.5125 61.4962 0.115559 -0.684709 0.719597
9.15374 -82.6595 62.3065 0.142037 -0.680688 0.718672
8.86694 -81.9395 63.0061 0.151823 -0.618847 0.770681
8.62642 -81.2965 63.5649 0.147689 -0.616707 0.773214
8.54753 -80.5863 64.1072 0.174544 -0.595502 0.783704
8.54677 -79.9246 64.6305 0.20164 -0.561333 0.800617
8.50628 -79.1119 65.1432 0.209991 -0.514121 0.831615
8.4205 -78.5791 65.4943 0.23555 -0.530149 0.813775
9.79123 -78.1844 65.3102 0.268707 -0.468641 0.84153
9.78371 -77.4976 65.6951 0.268706 -0.468644 0.841528
9.68795 -76.7338 66.1588 0.310666 -0.44987 0.836303
9.22709 -75.896 66.7373 0.324646 -0.421181 0.846808
8.98453 -75.2337 67.1543 0.359081 -0.389875 0.847973
8.6663 -74.4542 67.6449 0.358108 -0.388151 0.849174
8.38865 -73.7667 68.0213 0.40285 -0.320713 0.857237
8.16798 -73.1271 68.3642 0.403282 -0.283079 0.869291
8.08421 -72.3899 68.6079 0.40371 -0.245421 0.881355
7.95518 -71.6447 68.9049 0.451596 -0.221003 0.863064
7.94629 -70.8986 69.058 0.452858 -0.174005 0.874438
7.95378 -69.9973 69.2556 0.407723 -0.171927 0.896117
8.00211 -69.1537 69.3628 0.419 -0.142239 0.89672
7.94689 -68.1753 69.5497 0.42173 -0.115387 0.898778
7.99545 -67.2031 69.6256 0.399871 -0.106151 0.910404
7.77883 -66.4737 69.8058 0.399867 -0.106151 0.910406
7.57617 -65.5074 69.9656 0.382987 -0.0602583 0.921786
7.46186 -64.6936 70.0744 0.363132 -0.0699086 0.929006
7.37786 -63.8744 70.1575 0.356648 -0.0580355 0.932435
7.53159 -62.8887 70.1639 0.347814 -0.0581662 0.935704
7.66973 -61.9245 70.1646 0.342884 -0.0498038 0.938057
7.91531 -61.0687 70.1304 0.335836 -0.0609902 0.939944
8.01289 -60.297 70.1261 0.321158 -0.040931 0.946113
8.09267 -59.2098 70.1534 0.315802 -0.0440708 0.947795
7.83946 -58.404 70.2755 0.307226 -0.051888 0.950221
7.3974 -57.7151 70.4486 0.294709 -0.0370936 0.954867
7.12663 -56.9689 70.5612 0.295544 -0.0283538 0.954868
6.89682 -56.2363 70.6481 0.297197 -0.0211653 0.954582
5.81424 -55.4368 70.9775 0.274019 -0.0126963 0.961641
5.56518 -56.287 71.0492 0.312771 0.0187933 0.949643
5.57383 -57.2876 71.0514 0.312378 -0.0154061 0.949832
5.40384 -58.2143 71.0912 0.313023 -0.0166804 0.949599
5.30646 -59.0055 71.142 0.348514 0.00374235 0.936964
5.30611 -59.7843 71.1258 0.357035 -0.019496 0.933887
5.37757 -60.6901 71.076 0.355395 -0.0267353 0.934334
5.43917 -61.7712 71.0216 0.383242 -0.00327436 0.922853
5.54248 -62.6627 70.9661 0.397661 -0.028818 0.91708
5.6902 -63.434 70.8778 0.397676 -0.0288174 0.917073
5.88395 -64.7256 70.751 0.417841 -0.0313901 0.907978
5.77531 -65.8232 70.7679 0.43169 -0.0318404 0.901362
5.71511 -66.7482 70.7562 0.44261 -0.0662451 0.893874
5.91794 -67.6764 70.5588 0.444203 -0.092474 0.891141
6.27229 -68.6477 70.2878 0.475748 -0.100753 0.873188
6.1464 -69.898 70.1894 0.456482 -0.143272 0.877569
5.95262 -70.7186 70.1789 0.547175 -0.133141 0.826361
5.91993 -71.5755 70.0625 0.542694 -0.148774 0.82649
5.56768 -73.0744 69.8889 0.548334 -0.326501 0.767765
4.9973 -73.8718 69.8848 0.604453 -0.359577 0.701079
4.43296 -74.5488 70.0082 0.616722 -0.544426 0.568555
3.33327 -75.0576 70.2271 0.267666 -0.757399 0.59341
2.63946 -74.7277 70.6926 -0.0879703 -0.613815 0.772051
2.45816 -73.9024 71.2466 -0.0671881 -0.569489 0.818101
1.95163 -73.0194 71.7677 -0.0639344 -0.534136 0.842978
1.09068 -71.8605 72.2802 -0.122276 -0.358574 0.92085
1.09504 -70.952 72.5504 -0.0991863 -0.285873 0.953121
1.14701 -70.0494 72.7765 -0.0465556 -0.143713 0.988509
1.00127 -69.0292 72.9133 -0.044326 -0.140319 0.989096
1.01129 -67.9969 73.0035 0.0454985 -0.0675215 0.99668
0.839735 -67.2268 73.0635 0.0462022 -0.0798124 0.995662
0.709504 -65.9064 73.1683 0.0228324 -0.0641103 0.997682
0.594369 -64.9198 73.2171 0.0600956 -0.057952 0.993042
0.461428 -64.0494 73.2272 -0.0113568 0.0162201 0.999373
0.323546 -63.2759 73.1902 -0.00980253 0.0393415 0.999153
-0.0709604 -62.568 73.1641 -0.00634966 0.033208 0.999428
0.0271164 -61.1206 73.1452 -0.0193229 0.0151993 0.999698
-0.135794 -60.2466 73.0806 0.0740196 0.0505322 0.994807
-0.516488 -59.4747 73.1019 0.0426329 0.0095366 0.998817
-1.39676 -58.4245 73.0766 -0.0310298 0.015285 0.999391
-1.68932 -57.6678 73.0522 -0.0396817 0.0228819 0.998917
-2.32001 -56.5389 72.9672 -0.154334 0.0662301 0.98388
-2.79499 -55.7392 72.8352 -0.158863 -0.0161901 0.987168
-3.50842 -55.1398 72.7303 -0.158859 -0.0161906 0.987168
-3.86647 -55.3649 72.632 -0.361583 0.0112749 0.932272
-3.82609 -56.3404 72.6594 -0.260223 -0.0024617 0.95972
-3.2601 -56.8138 72.7987 -0.20408 0.100834 0.973747
-2.99209 -57.5167 72.9276 -0.154334 0.0662302 0.98388
-2.09804 -57.4193 73.0186 -0.104588 0.0316268 0.994013
-2.6649 -58.4537 72.9919 -0.106084 0.0254198 0.994012
-2.19138 -59.6813 73.0722 -0.0688835 0.0201414 0.996427
-1.99003 -60.6523 73.0923 -0.0246884 0.0156082 0.999573
-1.9182 -61.4844 73.0851 -0.0785284 -0.04554 0.995871
-1.70052 -62.2121 73.069 -0.0861684 0.00220083 0.995104
-1.68928 -63.2215 73.1208 -0.0938163 0.0499384 0.994336
-1.29074 -64.106 73.2028 -0.118313 0.0307375 0.99201
-1.15561 -65.1373 73.226 0.0190313 0.0185742 0.999646
-0.738176 -65.8356 73.231 0.0190294 0.018578 0.999646
-0.543657 -66.7193 73.1701 0.0603606 -0.0669573 0.995928
-0.534943 -67.4778 73.1038 0.0569972 -0.128843 0.989289
-0.505976 -68.302 72.9638 0.0688017 -0.164752 0.983932
-0.665853 -69.1763 72.8286 0.0687869 -0.164762 0.983932
-0.663696 -70.1237 72.582 -0.0350247 -0.252062 0.967077
-0.61977 -71.1279 72.3218 -0.0350185 -0.252058 0.967078
-0.645631 -72.0868 71.8799 -0.14835 -0.440667 0.885328
-0.499421 -72.7993 71.5498 -0.148356 -0.440667 0.885326
0.0793864 -73.6202 71.2382 -0.147349 -0.440543 0.885556
-0.108944 -74.3301 70.7272 -0.022957 -0.588619 0.808085
0.0472921 -74.9846 70.2549 -0.0229595 -0.588617 0.808086
0.0348181 -75.6615 69.6558 -0.0421854 -0.680809 0.731245
0.358816 -76.4299 68.8879 -0.0166065 -0.711208 0.702786
0.699327 -77.1203 68.1986 -0.00983687 -0.719757 0.693911
0.793513 -77.6872 67.6211 -0.00089014 -0.709724 0.704449
0.897939 -78.535 66.7631 -0.00680633 -0.711708 0.702442
0.906507 -79.2039 66.0855 -0.0124765 -0.740078 0.671049
0.893129 -79.7223 65.4623 -0.0181534 -0.768449 0.639653
1.03938 -81.0753 64.0202 -0.0912362 -0.721273 0.686615
0.280219 -82.0627 62.8034 -0.10493 -0.749979 0.653086
-0.376641 -82.2784 62.417 -0.171752 -0.754877 0.632978
-1.34811 -82.5633 61.8137 -0.171751 -0.754877 0.632978
-2.24841 -82.9305 61.152 -0.192802 -0.749311 0.632795
-3.626 -83.0732 60.5454 -0.179483 -0.76524 0.618218
-5.00035 -83.2368 59.9422 -0.194195 -0.766524 0.611961
-5.59925 -83.4243 59.4984 -0.206709 -0.786409 0.58136
-6.37567 -83.7165 58.7908 -0.216192 -0.804576 0.552983
-7.51595 -83.8328 58.1488 -0.249362 -0.791368 0.557444
-8.36737 -83.9591 57.5827 -0.258313 -0.783846 0.564677
-9.04269 -84.0483 57.15 -0.258289 -0.783832 0.564708
-10.0402 -84.0611 56.7231 -0.241572 -0.77263 0.586672
-10.7189 -84.1743 56.2915 -0.254283 -0.759131 0.599216
-11.3381 -84.4556 55.6785 -0.242212 -0.765743 0.595794
-11.691 -84.7958 55.0978 -0.235446 -0.761282 0.604053
-10.7051 -85.1121 55.0921 -0.228361 -0.767774 0.598475
-9.79349 -85.2049 55.2985 -0.214506 -0.769804 0.601156
-8.72087 -85.3163 55.4901 -0.201753 -0.827584 0.522388
-7.31074 -85.7694 55.3919 -0.213293 -0.812727 0.542182
-6.76673 -86.4633 54.5706 -0.242804 -0.814271 0.527266
-6.18558 -87.1147 53.8323 -0.274026 -0.792109 0.543813
-5.88683 -87.6495 53.2739 -0.299905 -0.739641 0.602483
-6.15591 -88.0657 52.6307 -0.266174 -0.715609 0.643261
-6.77849 -88.3989 52.0318 -0.256019 -0.717719 0.647559
-6.72838 -88.5432 51.8917 -0.256015 -0.717721 0.647558
-6.06464 -88.4356 52.272 -0.254884 -0.717741 0.647983
-5.33913 -88.4618 52.5526 -0.280761 -0.740249 0.610548
-4.5917 -88.4714 52.8506 -0.24021 -0.756865 0.607828
-3.6097 -88.4325 53.2871 -0.222567 -0.756545 0.614611
-2.78004 -88.5491 53.4189 -0.20493 -0.756224 0.621393
-1.90139 -88.6115 53.6442 -0.197492 -0.770975 0.605179
-1.17551 -88.5537 53.9314 -0.179077 -0.773368 0.608139
-0.494269 -88.4523 54.2649 -0.193221 -0.758822 0.621976
0.385604 -88.2674 54.7448 -0.175874 -0.765534 0.61889
1.19386 -88.1538 55.1151 -0.175866 -0.765538 0.618888
2.32434 -87.9643 55.6336 -0.15509 -0.762423 0.628219
3.08342 -87.7595 56.0695 -0.147074 -0.775586 0.6135
3.7709 -87.558 56.4921 -0.106405 -0.78463 0.610177
4.62937 -87.3601 56.8713 -0.1107 -0.764367 0.635207
5.28384 -87.1419 57.248 -0.110705 -0.764366 0.635208
6.00445 -86.9643 57.5873 -0.0823341 -0.763311 0.640116
6.76724 -86.8118 57.8313 -0.048842 -0.756466 0.652122
7.82326 -86.3804 58.3926 -0.0437164 -0.750678 0.65922
9.15491 -85.8851 58.9848 0.00204553 -0.734787 0.677924
9.91064 -85.1091 59.7806 0.00956401 -0.720459 0.693431
10.4542 -84.2423 60.6156 0.0929657 -0.686458 0.721014
10.5779 -83.5838 61.2025 0.0945173 -0.669373 0.73689
10.6443 -82.3903 62.2782 0.0945072 -0.669379 0.736886
10.3976 -81.7038 62.8513 0.223624 -0.574344 0.787478
10.0282 -81.154 63.3572 0.223628 -0.574343 0.787478
9.85392 -80.3427 63.9879 0.219539 -0.567229 0.793759
9.93242 -79.2869 64.6129 0.261915 -0.488491 0.832308
9.85838 -78.3967 65.165 0.266077 -0.491982 0.828949
9.81536 -78.2483 65.2669 0.267392 -0.48032 0.835234
5.60093 -80.5649 64.7381 0.125699 -0.597539 0.791926
5.36277 -81.2231 64.154 -0.00335356 -0.688846 0.7249
5.42446 -81.7917 63.6607 -0.0135676 -0.645317 0.763795
5.08128 -82.4951 62.9696 -0.0292274 -0.765635 0.64098
4.93973 -82.9506 62.4036 0.010033 -0.78286 0.622102
4.54232 -83.4147 61.8056 -0.0965773 -0.773853 0.625959
3.78236 -83.9603 61.0252 -0.085052 -0.769828 0.632554
3.01103 -84.2747 60.5418 -0.0844858 -0.768258 0.63454
2.19327 -84.6009 60.0344 -0.0940091 -0.780444 0.61782
1.71841 -84.9284 59.5283 -0.0960165 -0.792147 0.60273
2.65207 -84.8003 59.8508 -0.0918575 -0.782267 0.615887
3.69509 -84.5825 60.2512 -0.0771912 -0.777546 0.62407
4.60722 -84.3788 60.613 -0.0563462 -0.779494 0.623789
5.31034 -84.1278 60.9546 -0.0291052 -0.76377 0.644812
6.12668 -83.6417 61.561 -0.0290979 -0.760479 0.64871
6.23004 -83.1354 62.1506 0.00838063 -0.739725 0.672849
6.01442 -82.3607 63.0705 0.0629372 -0.760456 0.646332
5.9052 -81.7527 63.6821 0.0694982 -0.685397 0.724845
5.64501 -80.8185 64.5398 0.06117 -0.643197 0.758409
5.61267 -80.6855 64.6453 0.125699 -0.597542 0.791924
0.938966 -85.3539 58.807 -0.121323 -0.801368 0.585739
0.159826 -85.4992 58.4213 -0.154639 -0.812534 0.562012
0.446665 -85.4306 58.6 -0.139492 -0.806009 0.574825
-1.15193 -85.5046 58.0452 -0.170812 -0.81437 0.554639
-2.01947 -85.892 57.2244 -0.167649 -0.807331 0.565783
-1.54851 -85.5861 57.8035 -0.170809 -0.814369 0.554641
6.51736 -60.2329 70.6619 0.348762 -0.0350854 0.936554
6.53184 -59.262 70.6791 0.34255 -0.0185618 0.939316
6.55592 -60.0292 70.6552 0.345656 -0.026828 0.937935
6.54886 -60.066 70.6564 0.348764 -0.0350898 0.936554
24.0892 27.8279 85.7812 0.327366 -0.330555 0.885192
24.0619 28.5557 86.0643 0.321658 -0.327865 0.888279
24.7259 29.6121 86.2145 0.317995 -0.331147 0.888371
25.7016 30.5515 86.219 0.318227 -0.333518 0.887411
26.516 30.9146 86.0671 0.31749 -0.338756 0.885689
27.2892 31.08 85.8532 0.314598 -0.341979 0.885472
28.4179 31.1882 85.4978 0.314806 -0.348062 0.883022
29.1228 31.1062 85.2109 0.317127 -0.34901 0.881826
28.9585 30.2772 84.944 0.318691 -0.347592 0.881822
28.6583 29.4419 84.7266 0.320866 -0.344501 0.882249
27.603 28.792 84.8581 0.323669 -0.339403 0.883197
26.097 28.0663 85.1342 0.324373 -0.336835 0.883926
25.1447 27.8659 85.4061 0.326204 -0.334983 0.883955
24.3262 27.813 85.688 0.326979 -0.331859 0.884846
24.121 27.8242 85.7681 0.32737 -0.33056 0.885189
33.0865 30.8246 83.6494 0.324808 -0.35457 0.8768
33.6206 29.9828 83.1129 0.325671 -0.352156 0.877453
34.1383 29.2942 82.6444 0.325671 -0.352151 0.877455
34.6204 28.5512 82.1763 0.320018 -0.346569 0.881747
35.205 27.6382 81.6117 0.317835 -0.340719 0.884812
36.3384 26.6582 80.8337 0.313787 -0.340171 0.886466
36.9848 26.2488 80.4478 0.314034 -0.341696 0.88579
37.9457 25.8526 79.96 0.306509 -0.340445 0.888903
38.7458 25.7873 79.6587 0.30699 -0.340034 0.888895
39.6024 25.7699 79.3563 0.306996 -0.340037 0.888892
41.0267 26.6017 79.2092 0.289722 -0.338469 0.895265
41.8609 27.1728 79.1641 0.290495 -0.346077 0.892089
42.8819 28.1591 79.2076 0.2854 -0.341741 0.895353
43.1631 28.9959 79.4474 0.274939 -0.34957 0.895661
43.528 30.0059 79.7303 0.27416 -0.351458 0.895161
43.5318 30.9997 80.1204 0.274546 -0.352252 0.894731
43.3707 31.7558 80.4675 0.275257 -0.350398 0.895238
43.2249 32.8857 80.9606 0.282818 -0.35418 0.891387
43.0112 33.7368 81.3698 0.283004 -0.359129 0.889345
42.5873 34.6888 81.8946 0.293599 -0.362868 0.884376
42.2525 35.2724 82.2471 0.294432 -0.364455 0.883449
41.6847 36.0729 82.7664 0.295003 -0.365142 0.882974
41.0676 36.5389 83.1676 0.301004 -0.366708 0.880296
40.2614 37.1085 83.6806 0.301044 -0.367117 0.880112
39.2797 36.5068 83.7656 0.301409 -0.365924 0.880483
38.9656 35.6554 83.5202 0.301814 -0.365143 0.88067
38.6559 34.8926 83.3105 0.305223 -0.363597 0.880133
38.0235 34.065 83.1877 0.301848 -0.359974 0.882783
37.2911 33.3785 83.1582 0.30246 -0.358076 0.883343
36.6011 32.7453 83.1427 0.311293 -0.351719 0.882818
35.5072 32.0456 83.2545 0.314297 -0.351569 0.881826
34.7151 31.5388 83.3411 0.322156 -0.355991 0.8772
33.5415 31.3736 83.7038 0.322003 -0.354877 0.877711
33.343 31.0212 83.6342 0.323084 -0.355024 0.877253
35.8695 30.7823 82.6208 0.314354 -0.354153 0.880771
36.659 31.2791 82.5383 0.31502 -0.351229 0.881703
37.5585 32.0586 82.5365 0.306844 -0.352538 0.884061
38.5271 32.7409 82.4774 0.303075 -0.356183 0.8839
39.2722 33.5841 82.5646 0.30265 -0.359593 0.882664
39.7921 34.4348 82.7321 0.302414 -0.361602 0.88192
40.3715 34.5925 82.5991 0.301373 -0.363994 0.881296
41.0632 34.3741 82.2724 0.297814 -0.36438 0.882338
41.5341 33.5071 81.7637 0.298046 -0.35341 0.886719
41.8416 32.913 81.4236 0.29882 -0.356228 0.885323
42.1164 32.1455 81.0212 0.288412 -0.34617 0.89271
42.1636 31.3907 80.7179 0.293711 -0.35043 0.889344
42.2228 30.4998 80.3474 0.293711 -0.35043 0.889344
41.9074 29.3741 80.0065 0.293005 -0.351473 0.889165
41.44 28.662 79.8791 0.292672 -0.350943 0.889484
40.4833 27.9055 79.8942 0.293405 -0.353403 0.888268
39.6011 27.3687 79.972 0.300447 -0.349334 0.887486
38.897 27.1363 80.1257 0.307487 -0.345272 0.886701
37.9008 27.313 80.54 0.307607 -0.34531 0.886645
36.8038 28.0865 81.2221 0.307725 -0.345348 0.886589
36.2223 28.7393 81.6781 0.307885 -0.348743 0.885196
35.4883 29.7972 82.3608 0.314358 -0.354153 0.88077
37.2167 30.0664 81.8604 0.308048 -0.35214 0.883801
38.0468 30.9091 81.9081 0.306929 -0.353223 0.883758
38.8633 31.4925 81.8619 0.297791 -0.353964 0.886583
39.8554 32.0857 81.7644 0.298118 -0.352911 0.886893
40.6051 31.9564 81.4604 0.299648 -0.35171 0.886855
40.7117 31.1324 81.0973 0.297785 -0.353964 0.886584
40.6852 29.9243 80.6273 0.29415 -0.351193 0.888898
39.9608 29.1021 80.5422 0.294149 -0.351193 0.888898
38.9242 28.6859 80.7197 0.300444 -0.349336 0.887486
