-14.8356 36.5491 0.497556 -0.0807712 0.150897 -0.985243
-14.2712 37.0375 0.526539 -0.0795241 0.150361 -0.985428
-14.2712 37.0375 0.526539 -0.0795241 0.150361 -0.985428
-15.4032 36.8037 0.583962 -0.082018 0.151435 -0.985059
-15.3865 36.7053 0.567435 -0.080002 0.152612 -0.98504
-16.6502 37.6004 0.810259 -0.0811972 0.155057 -0.984563
-16.1327 38.3373 0.882729 -0.0829581 0.153479 -0.984663
-15.6061 38.8798 0.922925 -0.0829307 0.153539 -0.984656
-14.2365 39.0688 0.830974 -0.0876794 0.145808 -0.985419
-13.2215 38.632 0.675952 -0.0867657 0.14368 -0.985813
-12.4635 37.9929 0.51609 -0.0865519 0.145078 -0.985626
-12.1236 36.7079 0.2953 -0.0863382 0.146475 -0.985439
-12.6748 35.7414 0.199932 -0.0829314 0.148418 -0.985433
-13.3352 35.3787 0.19788 -0.0818382 0.145145 -0.986003
-14.5345 34.78 0.199471 -0.0766703 0.154232 -0.985055
-15.8779 34.5341 0.265538 -0.0774555 0.15464 -0.98493
-16.5486 35.0597 0.401071 -0.0740303 0.158253 -0.984619
-16.9836 35.6587 0.530063 -0.0735148 0.157688 -0.984748
-17.1505 36.5751 0.689256 -0.0810443 0.155734 -0.984469
-16.8224 37.3067 0.777976 -0.0810442 0.155733 -0.984469
-16.7637 37.4363 0.793644 -0.0810441 0.155733 -0.984469
-22.19 37.7419 1.25212 -0.0708196 0.162524 -0.98416
-22.1712 36.6164 1.06492 -0.0699824 0.163114 -0.984122
-22.4112 35.8168 0.949355 -0.0684711 0.162643 -0.984306
-23.1629 35.2352 0.905549 -0.0684706 0.162643 -0.984306
-24.0337 34.9623 0.918344 -0.0644257 0.166741 -0.983893
-25.0167 35.0577 0.998209 -0.0641794 0.167687 -0.983748
-25.9955 35.4036 1.12183 -0.0618008 0.168158 -0.983817
-26.7919 36.0205 1.27462 -0.0590186 0.167514 -0.984102
-27.218 36.6488 1.40711 -0.0589395 0.167103 -0.984176
-27.3319 37.6445 1.58296 -0.0611471 0.167604 -0.983956
-27.1898 38.5894 1.73509 -0.0611477 0.167605 -0.983956
-26.8686 39.6619 1.89487 -0.0645532 0.156552 -0.985529
-26.1706 40.2918 1.94359 -0.0641064 0.151021 -0.98645
-25.4456 40.5708 1.93919 -0.0668837 0.15319 -0.985924
-24.2593 40.4692 1.83865 -0.0708598 0.154604 -0.985432
-23.5723 39.9173 1.70266 -0.0708597 0.154604 -0.985432
-22.6051 38.9379 1.47951 -0.0708188 0.158549 -0.9848
-22.5698 38.8658 1.46507 -0.0708196 0.162524 -0.98416
-23.8418 37.8391 1.38569 -0.0691452 0.163704 -0.984083
-24.1944 38.5141 1.52274 -0.0688147 0.163409 -0.984155
-25.1072 39.0035 1.66738 -0.0684842 0.163114 -0.984227
-25.709 38.0823 1.55657 -0.0684842 0.163114 -0.984227
-25.4066 37.1874 1.38723 -0.0688147 0.163409 -0.984155
