17.1865 21.613 108.196 0.287082 -0.436319 0.852763
16.749 22.1397 108.611 0.285319 -0.43594 0.853551
16.749 22.1397 108.611 0.285319 -0.43594 0.853551
17.3036 22.7909 108.766 0.279887 -0.442329 0.852062
18.1756 22.6614 108.408 0.284504 -0.443112 0.850123
18.9122 22.5811 108.121 0.283908 -0.446569 0.848507
19.6973 22.3741 107.747 0.286183 -0.447893 0.847048
19.0458 22.0427 107.793 0.286173 -0.445503 0.848311
17.8392 21.5819 107.959 0.284254 -0.441683 0.85095
17.7078 21.5921 108.008 0.286551 -0.439184 0.851466
17.9411 20.5953 107.418 0.289183 -0.437746 0.851323
16.7943 20.457 107.736 0.291924 -0.433636 0.852475
16.2561 20.8754 108.131 0.286577 -0.435141 0.853538
15.6577 21.7168 108.758 0.282637 -0.433969 0.855442
15.2846 22.4455 109.252 0.281477 -0.436023 0.854784
15.0044 23.0812 109.669 0.28149 -0.43498 0.855309
14.6845 23.747 110.117 0.278332 -0.440912 0.853304
15.4053 23.9905 110.008 0.277092 -0.441198 0.85356
16.2788 23.9414 109.7 0.275184 -0.44676 0.851281
16.9977 23.8688 109.428 0.276677 -0.447943 0.850175
17.7215 23.7855 109.148 0.277217 -0.447809 0.850069
18.5086 23.6762 108.831 0.281093 -0.450476 0.847383
19.5089 23.4894 108.4 0.280053 -0.451058 0.847417
20.2202 23.3569 108.092 0.28323 -0.451408 0.846175
21.262 23.1309 107.62 0.285005 -0.453281 0.844575
22.0128 22.9356 107.262 0.287513 -0.456104 0.842202
22.7524 22.7815 106.926 0.286679 -0.45652 0.842261
23.4186 22.5539 106.574 0.288792 -0.459279 0.840037
22.6461 22.3639 106.738 0.289748 -0.452934 0.843144
21.8455 22.0956 106.867 0.289692 -0.450684 0.844368
20.9425 21.7325 106.985 0.289436 -0.448499 0.845621
20.209 21.4413 107.083 0.29023 -0.444504 0.847452
19.494 21.1434 107.17 0.288044 -0.443319 0.848822
18.3419 20.7094 107.34 0.290986 -0.437485 0.850841
18.3816 19.6803 106.797 0.294952 -0.437971 0.849224
17.5908 19.3934 106.926 0.294664 -0.429527 0.853627
16.829 19.1781 107.081 0.293596 -0.429726 0.853895
15.7922 19.6353 107.666 0.290817 -0.428118 0.855647
15.3574 20.1177 108.053 0.289105 -0.426311 0.857133
14.9254 20.672 108.474 0.286632 -0.425852 0.858188
14.5125 21.3791 108.967 0.283213 -0.432043 0.85623
14.2101 21.9767 109.369 0.283851 -0.433435 0.855314
13.8538 22.7415 109.874 0.281004 -0.433892 0.856023
13.5346 23.424 110.324 0.277559 -0.436629 0.855753
13.1635 24.1301 110.806 0.276603 -0.437862 0.855434
12.8534 25.0716 111.389 0.274226 -0.440895 0.85464
13.7048 25.34 111.256 0.271739 -0.442869 0.854415
14.6475 25.268 110.918 0.27309 -0.444602 0.853083
15.4692 25.1477 110.592 0.272741 -0.444717 0.853135
16.2329 25.0176 110.279 0.275185 -0.446768 0.851276
17.1482 24.9272 109.935 0.274271 -0.449215 0.850278
18.226 24.7891 109.513 0.275406 -0.45461 0.847042
19.0761 24.6571 109.166 0.278094 -0.454531 0.846205
20.2788 24.4334 108.65 0.281148 -0.452681 0.846185
21.4885 24.1896 108.116 0.280011 -0.455606 0.844995
22.2298 24.0055 107.767 0.282654 -0.457994 0.842821
22.9231 23.8415 107.445 0.284806 -0.460591 0.840679
23.8898 23.6519 107.014 0.285544 -0.461959 0.839675
24.6637 23.5343 106.684 0.287029 -0.463102 0.838541
25.6177 23.3646 106.264 0.289685 -0.463473 0.837418
26.479 23.1682 105.854 0.289558 -0.466384 0.83584
27.4314 22.7547 105.289 0.294159 -0.46884 0.832854
26.5495 22.5393 105.481 0.293439 -0.465302 0.835095
25.7837 22.2446 105.584 0.292115 -0.46462 0.835941
24.8765 21.9676 105.752 0.293481 -0.458773 0.838679
24.1518 21.717 105.867 0.291548 -0.456634 0.840527
23.0145 21.376 106.079 0.293155 -0.451753 0.842601
21.8162 20.9941 106.292 0.294217 -0.449773 0.843292
20.5685 20.5089 106.469 0.29271 -0.441344 0.848255
19.6849 20.1663 106.597 0.294901 -0.439672 0.848365
18.9386 19.8747 106.705 0.294672 -0.439666 0.848447
19.1962 18.9166 106.123 0.297596 -0.433967 0.850352
19.9289 19.2299 106.029 0.29514 -0.436293 0.850024
20.7502 19.5286 105.894 0.296514 -0.442213 0.846479
21.4724 19.7889 105.776 0.298038 -0.441938 0.846087
22.2824 20.0849 105.646 0.297544 -0.448789 0.842648
23.0259 20.3261 105.512 0.298779 -0.448558 0.842334
23.8743 20.5564 105.336 0.29685 -0.454615 0.839763
24.7927 20.8611 105.175 0.297234 -0.455693 0.839044
25.57 21.1193 105.04 0.298237 -0.456987 0.837982
26.2941 21.3439 104.906 0.29749 -0.464047 0.834362
27.0799 21.6069 104.771 0.299693 -0.466861 0.831994
27.9659 21.8875 104.613 0.297568 -0.469344 0.831366
28.7569 22.1507 104.476 0.299479 -0.471778 0.829293
29.514 22.3445 104.315 0.297154 -0.473986 0.828877
30.2846 22.5347 104.145 0.299964 -0.476791 0.826247
31.0712 22.6768 103.943 0.298027 -0.478654 0.825875
31.8386 22.8606 103.771 0.300686 -0.478827 0.82481
32.7633 22.9917 103.512 0.300527 -0.482571 0.822684
33.5628 23.1098 103.289 0.301006 -0.483862 0.821748
33.2385 23.5493 103.667 0.297208 -0.486365 0.821655
32.3606 23.6934 104.07 0.297099 -0.481677 0.82445
31.661 23.7483 104.353 0.296795 -0.480828 0.825056
30.9116 23.7541 104.624 0.294195 -0.480662 0.826083
30.1444 23.8882 104.976 0.293763 -0.47626 0.828782
29.3121 23.9921 105.33 0.292599 -0.476051 0.829313
28.5349 24.0733 105.65 0.290541 -0.474629 0.830848
27.683 24.1688 106 0.287672 -0.473368 0.832567
26.9379 24.2516 106.305 0.288842 -0.468962 0.834651
25.9418 24.4097 106.735 0.286603 -0.467817 0.836066
25.1816 24.52 107.055 0.283886 -0.468094 0.836838
24.2785 24.6633 107.44 0.28184 -0.467058 0.838107
23.1845 24.8821 107.927 0.279566 -0.46385 0.840646
22.4662 25.0568 108.263 0.280391 -0.463473 0.84058
21.7294 25.2457 108.61 0.276317 -0.461867 0.842809
20.9619 25.405 108.95 0.278514 -0.459008 0.843648
20.1715 25.5393 109.283 0.274496 -0.459329 0.844789
19.4546 25.6534 109.578 0.275224 -0.459362 0.844534
18.6401 25.7864 109.914 0.272078 -0.456328 0.847194
17.7521 25.922 110.272 0.270292 -0.455663 0.848122
16.8759 26.0275 110.608 0.272869 -0.452457 0.849014
16.0888 26.1532 110.925 0.269066 -0.450575 0.851226
14.9722 26.3313 111.373 0.270404 -0.448199 0.852056
14.2511 26.3887 111.632 0.270556 -0.448124 0.852047
13.4046 26.4728 111.946 0.271107 -0.448319 0.851769
12.5729 26.5509 112.252 0.268805 -0.451672 0.850722
11.8184 26.5651 112.499 0.270398 -0.448293 0.852009
11.3592 25.9274 112.311 0.270427 -0.445232 0.853603
11.5026 25.1987 111.887 0.274748 -0.439695 0.855091
11.8379 24.2226 111.279 0.274803 -0.43829 0.855795
12.1582 23.48 110.799 0.275419 -0.434361 0.857598
12.5677 22.6335 110.238 0.279617 -0.431724 0.857569
12.8558 22.0325 109.842 0.280844 -0.42944 0.858316
13.2207 21.2974 109.355 0.285104 -0.428688 0.857288
13.6015 20.5423 108.851 0.286 -0.425773 0.858438
14.2083 19.6718 108.219 0.288187 -0.424912 0.858133
14.8603 18.8465 107.592 0.291171 -0.421596 0.858764
15.5472 18.11 106.994 0.294415 -0.420122 0.858372
16.2038 17.9092 106.666 0.30016 -0.421095 0.855911
17.1922 18.1448 106.437 0.2998 -0.425774 0.853719
18.0437 18.4541 106.294 0.297671 -0.431475 0.851596
18.8377 18.7785 106.179 0.299961 -0.431659 0.850702
19.2222 17.8559 105.577 0.303199 -0.430379 0.850193
19.9198 18.1315 105.466 0.3021 -0.433437 0.849035
20.6258 18.4265 105.368 0.299834 -0.435193 0.848944
21.4358 18.7191 105.229 0.303264 -0.44081 0.844813
22.2218 18.9923 105.092 0.301245 -0.443033 0.844378
22.9308 19.2513 104.973 0.304973 -0.446603 0.841147
23.7694 19.4986 104.803 0.302459 -0.450184 0.840148
24.7358 19.7903 104.613 0.301825 -0.455368 0.837581
26.023 20.1838 104.363 0.302775 -0.458382 0.835591
27.3054 20.6067 104.132 0.302213 -0.46578 0.831695
28.1356 20.8851 103.985 0.305283 -0.469503 0.828465
28.8953 21.1215 103.842 0.302515 -0.472226 0.827942
29.7063 21.3293 103.663 0.303934 -0.474343 0.826205
30.5062 21.5034 103.471 0.302072 -0.476269 0.825785
31.5224 21.7191 103.221 0.303951 -0.479046 0.823486
32.4335 21.8942 102.988 0.304247 -0.482553 0.821326
33.402 22.0909 102.746 0.302002 -0.485152 0.820623
34.325 22.2178 102.481 0.30353 -0.487376 0.818734
35.2936 22.3434 102.196 0.303946 -0.489567 0.817277
36.0832 22.5342 102.017 0.302943 -0.492281 0.816015
37.0672 22.7921 101.805 0.304625 -0.493144 0.81487
37.8593 22.8474 101.546 0.302633 -0.495339 0.814278
38.6982 22.6915 101.137 0.304101 -0.496953 0.812748
39.3974 22.569 100.8 0.304829 -0.497431 0.812183
40.084 22.4625 100.475 0.306901 -0.498123 0.810978
41.0643 22.3489 100.033 0.307451 -0.500853 0.809086
41.9763 22.246 99.6221 0.308167 -0.501029 0.808705
42.789 22.1107 99.2278 0.308382 -0.503298 0.807212
43.5303 22.0299 98.8937 0.309045 -0.504013 0.806512
44.4728 22.1288 98.5947 0.308635 -0.504174 0.806568
44.8686 22.7442 98.8281 0.30856 -0.504332 0.806499
44.2859 23.0745 99.2573 0.307642 -0.50307 0.807637
43.3701 23.125 99.6372 0.307151 -0.503018 0.807856
42.5734 23.197 99.985 0.306907 -0.501185 0.809086
41.5206 23.3204 100.46 0.305756 -0.500275 0.810086
40.6142 23.4834 100.902 0.305609 -0.499001 0.810927
39.8718 23.5725 101.236 0.30382 -0.497408 0.812575
39.1736 23.6782 101.562 0.303983 -0.496758 0.812911
38.2794 23.8085 101.974 0.301135 -0.494788 0.81517
37.4594 23.9173 102.343 0.300897 -0.494857 0.815216
36.4418 24.0345 102.786 0.299331 -0.491922 0.817561
35.6435 24.2001 103.179 0.300266 -0.49039 0.818142
34.4931 24.3739 103.7 0.296418 -0.488627 0.820597
33.7332 24.5179 104.061 0.296432 -0.485183 0.822632
32.6906 24.7144 104.551 0.294738 -0.484071 0.823896
31.8043 24.7876 104.91 0.292255 -0.483749 0.824967
30.6225 24.9136 105.401 0.292282 -0.48 0.827145
29.8489 25.0227 105.735 0.289714 -0.477997 0.829207
28.8075 25.1596 106.175 0.286308 -0.478266 0.830235
27.7238 25.288 106.621 0.285239 -0.47437 0.832828
26.9969 25.3752 106.92 0.285172 -0.472008 0.834196
25.854 25.5239 107.392 0.283438 -0.471858 0.834873
25.1511 25.6189 107.681 0.279648 -0.472001 0.83607
24.2008 25.7701 108.082 0.276766 -0.46963 0.838358
23.2561 25.9969 108.522 0.278196 -0.468433 0.838557
22.4711 26.1769 108.879 0.274618 -0.468199 0.839865
21.7559 26.3354 109.201 0.274266 -0.469314 0.839359
20.6868 26.5268 109.655 0.27234 -0.464845 0.842467
19.7539 26.6759 110.037 0.270272 -0.462808 0.844252
19.0648 26.7882 110.319 0.270444 -0.462744 0.844232
18.0552 26.9388 110.723 0.268443 -0.461214 0.845706
17.0846 27.0936 111.114 0.26562 -0.459307 0.847634
16.2623 27.239 111.452 0.267238 -0.456508 0.848635
15.3428 27.4053 111.829 0.266299 -0.458827 0.847681
14.4373 27.4621 112.147 0.268429 -0.455881 0.848597
13.357 27.5645 112.542 0.269292 -0.454301 0.849169
12.575 27.6486 112.832 0.266485 -0.451474 0.851561
11.5011 27.7521 113.223 0.268205 -0.449286 0.852179
10.7523 27.7789 113.473 0.267745 -0.448748 0.852606
9.98812 27.4043 113.516 0.26644 -0.444041 0.855475
9.96971 26.7317 113.17 0.270665 -0.444429 0.853938
10.083 25.9219 112.715 0.272879 -0.4418 0.854605
10.2463 25.2047 112.293 0.271673 -0.440677 0.855568
10.5529 24.3256 111.746 0.277401 -0.435603 0.856329
10.9149 23.3401 111.13 0.276982 -0.432684 0.857942
11.3374 22.4044 110.524 0.277621 -0.429395 0.859387
11.6667 21.7355 110.083 0.279358 -0.429917 0.858561
11.9877 21.0942 109.66 0.285271 -0.422026 0.860532
12.3058 20.4537 109.24 0.286599 -0.423897 0.859169
12.6424 19.8266 108.819 0.287348 -0.421875 0.859911
13.0366 19.2362 108.398 0.288287 -0.420134 0.860452
13.6191 18.4977 107.841 0.291735 -0.417668 0.860477
14.0019 17.9648 107.455 0.294976 -0.414863 0.860739
14.6909 17.105 106.801 0.296072 -0.416516 0.859567
15.4545 16.7198 106.347 0.302415 -0.413117 0.858999
16.6895 16.8935 105.994 0.30361 -0.414086 0.858111
17.5403 17.1589 105.826 0.301919 -0.424581 0.853562
18.386 17.4858 105.687 0.304422 -0.425226 0.852356
18.6088 17.5975 105.663 0.302038 -0.427438 0.852091
18.9506 16.6277 105.057 0.307558 -0.424349 0.851664
18.1029 16.2229 105.161 0.308803 -0.419339 0.853694
17.2235 15.9453 105.342 0.308311 -0.418664 0.854204
16.3042 15.6647 105.538 0.309566 -0.410165 0.857863
15.2639 15.5135 105.836 0.305276 -0.407846 0.860504
14.5221 15.7288 106.201 0.303753 -0.406039 0.861897
13.9223 16.1084 106.592 0.300215 -0.411562 0.86051
13.4744 16.5802 106.972 0.302317 -0.407491 0.861717
13.1106 17.1382 107.363 0.298105 -0.406345 0.863723
12.7206 17.6645 107.747 0.293568 -0.413342 0.861955
12.3238 18.1877 108.133 0.293249 -0.412748 0.862348
11.7735 18.9807 108.698 0.291513 -0.414938 0.861879
11.4257 19.6109 109.122 0.289793 -0.417509 0.861221
11.055 20.3145 109.585 0.28739 -0.415294 0.863098
10.6069 21.1589 110.146 0.282306 -0.422686 0.861185
10.2558 21.8757 110.614 0.280791 -0.426636 0.859731
9.91319 22.6672 111.118 0.280091 -0.428265 0.859147
9.64017 23.3762 111.562 0.279727 -0.430127 0.858337
9.43123 23.9974 111.942 0.279737 -0.4302 0.858298
9.16824 24.764 112.415 0.277239 -0.437558 0.855384
8.98593 25.4225 112.811 0.276817 -0.437396 0.855603
8.86512 26.1751 113.234 0.274803 -0.43931 0.855265
8.78894 26.9323 113.649 0.271649 -0.439905 0.855973
8.84131 27.8031 114.083 0.269827 -0.444807 0.854014
9.11686 28.6741 114.452 0.268711 -0.448392 0.85249
9.86181 28.968 114.374 0.264736 -0.449485 0.853158
10.5835 28.945 114.138 0.262059 -0.456048 0.850497
11.3327 28.8743 113.868 0.262892 -0.457658 0.849375
12.0855 28.7856 113.588 0.261921 -0.457556 0.849729
12.867 28.7103 113.307 0.263384 -0.457436 0.84934
13.6765 28.618 113.004 0.264482 -0.455314 0.850136
14.4403 28.5567 112.734 0.262879 -0.457529 0.849448
15.3156 28.4649 112.412 0.264238 -0.461779 0.846714
16.2564 28.3353 112.049 0.261563 -0.46369 0.846508
17.3888 28.1503 111.595 0.266001 -0.464164 0.844864
18.1383 28.0163 111.287 0.263457 -0.46852 0.843254
19.1498 27.8618 110.879 0.262913 -0.465867 0.844846
20.1388 27.7004 110.479 0.266599 -0.473137 0.839682
20.8535 27.5828 110.186 0.267272 -0.472932 0.839584
21.5435 27.4701 109.901 0.268915 -0.473649 0.838655
22.3652 27.292 109.537 0.268365 -0.474003 0.83863
23.0467 27.1555 109.239 0.271236 -0.473428 0.838032
23.9149 26.9764 108.856 0.275859 -0.47437 0.835987
24.6806 26.8176 108.513 0.275593 -0.472597 0.837076
25.503 26.6867 108.167 0.275783 -0.47548 0.835382
26.2691 26.5643 107.843 0.281068 -0.47639 0.833099
27.0421 26.4565 107.521 0.281711 -0.475446 0.83342
28.1476 26.3367 107.077 0.283182 -0.476111 0.832541
28.9735 26.2439 106.742 0.282372 -0.481966 0.829442
29.9138 26.135 106.357 0.285668 -0.48213 0.828217
30.8183 26.0103 105.972 0.286045 -0.482851 0.827667
31.5348 25.9003 105.656 0.290635 -0.482989 0.825986
32.229 25.8133 105.361 0.288925 -0.487152 0.824135
33.1542 25.7303 104.985 0.291319 -0.487367 0.823169
33.8414 25.626 104.679 0.292966 -0.488883 0.821683
35.0148 25.3701 104.106 0.294814 -0.490765 0.819897
36.0231 25.2219 103.655 0.295835 -0.492943 0.81822
37.3077 25.0265 103.07 0.297038 -0.494056 0.817115
38.1704 24.9009 102.678 0.298507 -0.495392 0.81577
38.9034 24.7702 102.328 0.300882 -0.496091 0.814472
39.7791 24.6771 101.948 0.302351 -0.497416 0.813118
40.4818 24.6068 101.643 0.303347 -0.498007 0.812385
41.3777 24.4651 101.22 0.305123 -0.499708 0.810674
42.0571 24.3415 100.887 0.30471 -0.500646 0.81025
42.7516 24.2448 100.566 0.305247 -0.50167 0.809414
43.4805 24.1855 100.255 0.306066 -0.501884 0.808972
44.2017 24.1359 99.9505 0.306181 -0.502665 0.808444
44.894 24.0212 99.6158 0.307181 -0.503504 0.807542
45.5856 23.8686 99.2576 0.307707 -0.504172 0.806924
46.1566 23.4854 98.7995 0.307696 -0.504901 0.806473
46.2165 22.8111 98.3541 0.308228 -0.505393 0.805961
45.8814 21.8215 97.8619 0.308758 -0.505236 0.805857
45.2685 21.2677 97.7493 0.308841 -0.505823 0.805457
44.2776 21.0836 98.0142 0.309923 -0.505666 0.805139
43.5433 21.0605 98.2824 0.309884 -0.50572 0.80512
42.7563 21.0875 98.6022 0.309956 -0.504636 0.805773
41.6583 21.2381 99.1171 0.308518 -0.502484 0.807667
40.9303 21.3077 99.4387 0.309067 -0.502488 0.807455
40.1252 21.3693 99.7852 0.310021 -0.501743 0.807552
39.3668 21.4684 100.134 0.306621 -0.499503 0.810235
38.6894 21.5633 100.449 0.305638 -0.49878 0.81105
37.9778 21.6872 100.792 0.305307 -0.497136 0.812184
36.7529 21.6164 101.21 0.306969 -0.496912 0.811695
36.0132 21.4388 101.38 0.306165 -0.492917 0.814428
35.1802 21.2839 101.601 0.307676 -0.492703 0.81399
34.4071 21.1825 101.83 0.306121 -0.48739 0.817761
33.3614 21.027 102.131 0.307674 -0.485184 0.818495
32.4812 20.8346 102.348 0.308411 -0.484396 0.818683
31.4955 20.6661 102.617 0.308509 -0.48117 0.820542
30.518 20.4342 102.848 0.306444 -0.476915 0.823798
29.7623 20.2795 103.041 0.308312 -0.476228 0.823499
29.0323 20.1168 103.219 0.305291 -0.469504 0.828461
28.3135 19.8617 103.342 0.30806 -0.46678 0.828984
27.5736 19.6146 103.478 0.31055 -0.465846 0.828575
26.8654 19.3806 103.611 0.30805 -0.462835 0.831197
25.938 19.0971 103.797 0.307594 -0.456391 0.834921
24.9864 18.8177 103.995 0.304572 -0.45533 0.8366
24.2389 18.6043 104.153 0.307264 -0.450157 0.838419
22.9529 18.1782 104.398 0.307232 -0.441613 0.842963
21.9556 17.8131 104.572 0.307955 -0.437642 0.84476
21.1939 17.5636 104.718 0.305392 -0.436084 0.846503
20.1642 17.1784 104.896 0.307855 -0.428772 0.849335
19.378 16.8438 105.01 0.307265 -0.426399 0.850741
19.7236 15.8977 104.414 0.309562 -0.42085 0.852676
18.6861 15.3928 104.543 0.312997 -0.417861 0.852892
18.0085 15.0853 104.639 0.314312 -0.410892 0.85579
16.9435 14.7387 104.863 0.312495 -0.411098 0.856355
15.7282 14.4127 105.148 0.310664 -0.40619 0.859359
14.6822 14.4313 105.532 0.308399 -0.401644 0.862294
14.0185 14.6123 105.853 0.306994 -0.400445 0.863364
13.1398 15.1457 106.414 0.303563 -0.405063 0.862422
12.54 15.7469 106.906 0.301877 -0.403396 0.863794
12.0456 16.5329 107.446 0.298111 -0.406336 0.863725
11.5899 17.1673 107.901 0.295913 -0.406409 0.864446
11.0736 17.8937 108.418 0.294103 -0.407969 0.864324
10.6816 18.4656 108.823 0.293138 -0.410311 0.863548
10.1932 19.3773 109.421 0.290368 -0.41352 0.862941
9.85187 20.016 109.841 0.285538 -0.414871 0.863916
9.47691 20.7556 110.322 0.284824 -0.420985 0.861189
9.18851 21.3648 110.715 0.284381 -0.420745 0.861453
8.85167 22.1337 111.203 0.282032 -0.422651 0.861292
8.59916 22.7775 111.604 0.284287 -0.428606 0.8576
8.36065 23.5103 112.048 0.283554 -0.427428 0.85843
8.10852 24.2154 112.485 0.281481 -0.431131 0.85726
7.84379 25.125 113.03 0.281291 -0.434792 0.855467
7.71692 25.9485 113.491 0.279452 -0.434245 0.856352
7.65477 26.6821 113.885 0.276241 -0.436367 0.856315
7.67201 27.4239 114.259 0.275328 -0.442463 0.853472
7.75336 28.2255 114.649 0.272768 -0.443838 0.853584
8.05294 29.2803 115.102 0.269749 -0.445532 0.853654
8.60919 30.0503 115.338 0.261755 -0.450442 0.853573
9.67266 30.1535 115.066 0.26113 -0.454986 0.851351
10.4667 30.0749 114.78 0.262069 -0.456044 0.850496
11.3006 30.0035 114.485 0.259431 -0.460209 0.849046
12.014 29.9165 114.221 0.257314 -0.464779 0.847213
12.8161 29.8059 113.916 0.257578 -0.465243 0.846878
13.6322 29.7168 113.617 0.261156 -0.465628 0.84557
14.5824 29.6253 113.274 0.261983 -0.463452 0.846509
15.3295 29.5408 112.999 0.259599 -0.468437 0.844497
16.1305 29.4296 112.691 0.257166 -0.470633 0.84402
17.1878 29.2702 112.28 0.260123 -0.469491 0.843746
18.0887 29.1287 111.92 0.260466 -0.472435 0.841992
19.0048 28.9779 111.552 0.259783 -0.476483 0.839927
19.9672 28.8116 111.159 0.262073 -0.478077 0.838308
21.0027 28.6444 110.738 0.265652 -0.47755 0.837481
21.8548 28.5172 110.395 0.267146 -0.477809 0.836857
22.5576 28.3967 110.1 0.268137 -0.476085 0.837521
23.4153 28.2099 109.718 0.26969 -0.477499 0.836214
24.1152 28.059 109.407 0.27053 -0.480101 0.83445
25.3756 27.8256 108.86 0.274526 -0.477553 0.834611
26.5103 27.6303 108.374 0.276061 -0.480377 0.83248
27.295 27.4822 108.026 0.278078 -0.479999 0.832029
28.4934 27.3751 107.561 0.28089 -0.480317 0.830901
29.3599 27.2957 107.222 0.281631 -0.481141 0.830172
30.1783 27.2141 106.895 0.281277 -0.488251 0.826132
30.9427 27.1012 106.568 0.281801 -0.488081 0.826053
31.7614 26.9683 106.206 0.286388 -0.490336 0.823136
32.6061 26.8452 105.839 0.288924 -0.487152 0.824135
33.3845 26.7484 105.509 0.288067 -0.489928 0.822793
34.4219 26.5716 105.038 0.289325 -0.490978 0.821725
35.1773 26.4154 104.675 0.293196 -0.492059 0.819703
36.072 26.3187 104.297 0.293944 -0.494135 0.818185
36.791 26.2127 103.975 0.293157 -0.494714 0.818117
37.9602 26.0297 103.44 0.29626 -0.496478 0.815928
38.7921 25.87 103.04 0.296734 -0.496318 0.815854
39.7908 25.7349 102.59 0.299767 -0.498324 0.813518
40.8835 25.6356 102.125 0.301466 -0.498786 0.812607
41.7189 25.5022 101.731 0.302983 -0.499975 0.811311
42.4874 25.3631 101.359 0.303398 -0.500759 0.810672
43.3604 25.2458 100.958 0.304034 -0.502604 0.809292
44.4192 25.156 100.503 0.306057 -0.503201 0.808157
45.4398 24.9887 100.013 0.306152 -0.504634 0.807227
46.1172 24.8633 99.6771 0.306631 -0.504899 0.80688
46.7757 24.7212 99.3376 0.307152 -0.505158 0.806519
47.3674 24.3487 98.8785 0.307791 -0.505396 0.806126
47.4953 23.6385 98.384 0.308136 -0.505622 0.805853
47.322 22.745 97.8899 0.308384 -0.505662 0.805733
47.1107 21.9893 97.4962 0.308464 -0.505959 0.805515
46.6839 21.0145 97.0471 0.308748 -0.506507 0.805062
45.9358 20.3888 96.9404 0.308895 -0.506328 0.805119
44.6858 20.0954 97.2356 0.308932 -0.506734 0.804849
43.8639 20.0269 97.5097 0.310188 -0.506106 0.804761
42.9592 20.0274 97.8587 0.31088 -0.505587 0.80482
42.2466 20.1173 98.1905 0.31051 -0.506134 0.804619
41.5413 20.2138 98.5222 0.309418 -0.505757 0.805277
40.7397 20.2941 98.8812 0.310496 -0.50381 0.806082
39.9107 20.335 99.2255 0.309462 -0.503008 0.806979
39.1981 20.4146 99.5476 0.308713 -0.502048 0.807863
38.4015 20.5175 99.9136 0.307573 -0.498992 0.810188
37.6881 20.5793 100.222 0.306437 -0.498066 0.811186
36.8616 20.5306 100.504 0.308583 -0.49537 0.812022
35.997 20.4184 100.766 0.310205 -0.493833 0.812343
35.2402 20.3029 100.984 0.309688 -0.491747 0.813801
34.3823 20.1487 101.22 0.311038 -0.490219 0.814211
33.3875 19.9989 101.509 0.312381 -0.488156 0.814936
32.4274 19.8301 101.774 0.30932 -0.486087 0.817337
31.413 19.6114 102.031 0.310798 -0.480762 0.819922
30.0919 19.2857 102.346 0.312736 -0.475384 0.822303
29.1056 19.0144 102.562 0.314885 -0.470891 0.824081
28.3607 18.7678 102.706 0.315207 -0.469854 0.824549
27.5908 18.5362 102.868 0.313087 -0.465289 0.827939
26.4351 18.1821 103.108 0.313559 -0.459091 0.831214
25.5704 17.9196 103.29 0.314467 -0.45247 0.834493
24.4946 17.6303 103.538 0.310542 -0.450226 0.837166
23.665 17.3582 103.702 0.313877 -0.444488 0.838994
22.9035 17.074 103.837 0.315589 -0.438642 0.841424
21.8699 16.6896 104.02 0.310928 -0.435097 0.844994
21.0323 16.4283 104.199 0.310911 -0.429029 0.848097
20.2152 16.1135 104.339 0.313806 -0.425209 0.84894
19.7412 15.9004 104.409 0.309561 -0.42085 0.852676
19.8194 14.8857 103.878 0.317307 -0.422714 0.848897
21.1127 15.3678 103.634 0.320738 -0.42356 0.847181
22.108 15.6733 103.412 0.318454 -0.431371 0.844101
23.2218 16.0913 103.205 0.31789 -0.434608 0.842644
23.9255 16.342 103.069 0.321835 -0.444462 0.835988
24.7808 16.6076 102.881 0.319814 -0.445095 0.836427
25.5217 16.8243 102.711 0.32215 -0.451445 0.832105
26.3932 17.1143 102.536 0.322689 -0.455102 0.829897
27.2185 17.3771 102.362 0.319224 -0.462609 0.827097
27.9622 17.6076 102.202 0.322276 -0.466842 0.823517
28.7813 17.8701 102.034 0.316755 -0.471305 0.823127
29.898 18.1761 101.773 0.319975 -0.476615 0.818798
30.6298 18.3669 101.602 0.316026 -0.479499 0.818662
31.3578 18.5604 101.432 0.317962 -0.484073 0.815203
32.4729 18.8105 101.15 0.316211 -0.486825 0.814253
33.3717 18.9461 100.883 0.31388 -0.490742 0.812805
34.269 19.0959 100.627 0.313972 -0.490956 0.81264
35.0903 19.2346 100.394 0.314942 -0.494165 0.810316
36.5101 19.439 99.9723 0.311327 -0.497422 0.809718
37.2317 19.5186 99.7422 0.312067 -0.498682 0.808659
37.9847 19.4459 99.4075 0.311422 -0.49876 0.80886
38.8093 19.3532 99.0356 0.308188 -0.502565 0.807743
39.6962 19.3098 98.6673 0.310983 -0.504391 0.805531
40.6864 19.2491 98.2465 0.311642 -0.504948 0.804927
41.4977 19.1935 97.8982 0.310133 -0.506096 0.804788
42.4013 19.0437 97.4543 0.310632 -0.507267 0.803858
43.6575 18.9728 96.9235 0.311334 -0.507833 0.803229
44.3735 19.0294 96.6831 0.309765 -0.508532 0.803394
45.094 19.116 96.4603 0.309736 -0.508439 0.803463
45.9139 19.2659 96.2395 0.308482 -0.508272 0.804051
47.0241 19.7835 96.1404 0.308992 -0.507971 0.804046
47.7013 20.5637 96.3731 0.308823 -0.507376 0.804485
48.0269 21.3796 96.7617 0.308744 -0.506558 0.805032
48.2371 22.0647 97.1122 0.308319 -0.506366 0.805316
48.4437 22.7164 97.4424 0.308324 -0.505883 0.805617
48.591 23.3683 97.7954 0.308332 -0.505855 0.805632
48.714 24.1696 98.2514 0.308141 -0.505848 0.805709
48.7133 24.91 98.7169 0.307659 -0.506475 0.8055
48.3841 25.4177 99.1616 0.307357 -0.506375 0.805678
47.3633 25.721 99.7411 0.306921 -0.506106 0.806013
46.2546 25.9106 100.281 0.305344 -0.505396 0.807056
45.3476 26.0942 100.738 0.304424 -0.504481 0.807976
44.1378 26.2385 101.283 0.303673 -0.503661 0.80877
43.4324 26.2916 101.581 0.303968 -0.503537 0.808736
42.6204 26.4416 101.976 0.301523 -0.502092 0.810548
41.6223 26.6233 102.46 0.301336 -0.501411 0.811038
40.4238 26.7446 102.976 0.298404 -0.500269 0.812826
39.4896 26.8065 103.357 0.297419 -0.499613 0.813589
38.8011 26.9262 103.681 0.294961 -0.499204 0.814735
38.1395 27.0917 104.022 0.294381 -0.498549 0.815345
37.2498 27.2575 104.443 0.294206 -0.496693 0.816539
36.5072 27.3434 104.761 0.292355 -0.496558 0.817288
35.5236 27.4344 105.166 0.291536 -0.494226 0.818991
34.6707 27.604 105.57 0.287233 -0.493915 0.820698
33.991 27.7249 105.881 0.288551 -0.492936 0.820824
32.9407 27.8786 106.34 0.284492 -0.491421 0.823146
32.1547 28.0015 106.685 0.284448 -0.492432 0.822556
31.4612 28.1277 106.997 0.281107 -0.49228 0.823796
30.6868 28.2479 107.333 0.278345 -0.490802 0.825613
29.748 28.3405 107.704 0.279276 -0.48641 0.827894
28.94 28.4462 108.038 0.276235 -0.489065 0.827348
28.1243 28.4789 108.33 0.278042 -0.484864 0.829216
27.3925 28.5696 108.626 0.274467 -0.484999 0.830328
26.6694 28.7196 108.952 0.274025 -0.484764 0.830611
25.908 28.8585 109.284 0.270193 -0.48315 0.832804
24.7091 29.0473 109.782 0.27177 -0.481924 0.832998
23.9128 29.2311 110.145 0.2681 -0.480557 0.834977
22.7791 29.4382 110.627 0.266259 -0.4824 0.8345
21.9212 29.5769 110.981 0.263808 -0.483458 0.83467
21.2003 29.6918 111.275 0.263134 -0.483687 0.83475
20.4955 29.8073 111.562 0.259399 -0.480533 0.837735
19.5049 29.9708 111.962 0.25843 -0.480183 0.838235
18.7326 30.1022 112.274 0.256562 -0.480168 0.838817
17.9307 30.2405 112.598 0.258966 -0.477209 0.839767
17.0856 30.38 112.934 0.25274 -0.476344 0.842151
16.2946 30.4904 113.237 0.25551 -0.478542 0.840067
15.3597 30.5972 113.58 0.253419 -0.477328 0.841389
14.6183 30.6877 113.857 0.255866 -0.473322 0.842908
13.8295 30.7789 114.145 0.254015 -0.473976 0.843102
12.6978 30.941 114.576 0.253265 -0.472336 0.844249
11.8922 31.0557 114.882 0.257098 -0.464304 0.847539
11.0289 31.1359 115.186 0.256064 -0.462245 0.848976
10.0746 31.2581 115.538 0.252974 -0.461641 0.850231
9.17988 31.3517 115.858 0.25686 -0.453773 0.85329
8.4112 31.2882 116.054 0.255225 -0.451875 0.854792
7.69592 30.8391 116.033 0.258504 -0.45116 0.854184
7.25337 30.2152 115.84 0.26366 -0.44734 0.85461
6.90789 29.4999 115.578 0.269768 -0.441541 0.855726
6.70789 28.7145 115.235 0.272845 -0.440886 0.855081
6.58357 28.0391 114.929 0.275016 -0.438354 0.855694
6.51435 27.2317 114.537 0.282162 -0.436533 0.854286
6.49572 26.4211 114.131 0.285745 -0.434311 0.854239
6.61707 25.6444 113.698 0.28616 -0.431901 0.85532
6.70558 24.9038 113.295 0.285423 -0.430816 0.856114
6.84797 24.2449 112.916 0.285663 -0.429711 0.856589
7.08748 23.5345 112.48 0.283176 -0.428123 0.858208
7.46906 22.4742 111.828 0.284365 -0.423729 0.859992
7.73152 21.7511 111.386 0.285383 -0.422558 0.860233
8.04334 20.9713 110.902 0.284951 -0.419535 0.861855
8.43655 20.1562 110.378 0.28592 -0.412753 0.864803
8.80887 19.4188 109.902 0.287792 -0.411368 0.864839
9.21793 18.6314 109.394 0.288761 -0.409858 0.865236
9.55288 18.0448 109.005 0.293199 -0.404967 0.866047
9.9335 17.4062 108.578 0.29522 -0.40505 0.86532
10.3866 16.7749 108.128 0.295713 -0.40309 0.866064
10.755 16.2348 107.751 0.297796 -0.402218 0.865759
11.2654 15.5105 107.238 0.29831 -0.402873 0.865277
11.6436 14.9539 106.85 0.301892 -0.396326 0.867057
12.1031 14.4081 106.438 0.305271 -0.397714 0.865235
12.7012 13.9096 105.997 0.306536 -0.395715 0.865705
13.3298 13.6084 105.635 0.310248 -0.395121 0.864652
14.0747 13.3968 105.273 0.306391 -0.396523 0.865378
14.9366 13.2192 104.88 0.313685 -0.393463 0.86417
15.8632 13.3164 104.587 0.313658 -0.398667 0.861776
16.614 13.518 104.409 0.313788 -0.402636 0.859895
17.6843 13.8558 104.172 0.31809 -0.403772 0.85778
18.4024 14.129 104.038 0.313556 -0.407127 0.857862
19.0991 14.4795 103.949 0.31584 -0.408181 0.856524
19.6237 14.8099 103.913 0.313131 -0.42112 0.85123
19.9594 13.7773 103.285 0.325807 -0.411461 0.851204
20.9686 14.2089 103.109 0.321462 -0.417932 0.849672
21.7163 14.4722 102.955 0.324688 -0.424483 0.845217
22.8756 14.857 102.699 0.326978 -0.429787 0.841616
24.0558 15.2608 102.454 0.329495 -0.439363 0.835662
24.7909 15.5207 102.296 0.335466 -0.442633 0.831588
25.5962 15.7949 102.127 0.330307 -0.449769 0.829803
26.3388 16.0484 101.969 0.326868 -0.456051 0.827753
27.1484 16.3156 101.797 0.33087 -0.458658 0.824697
27.8995 16.5416 101.625 0.327125 -0.469233 0.82025
28.6089 16.7693 101.472 0.329633 -0.469594 0.819033
29.3553 16.9823 101.295 0.324044 -0.476943 0.81702
30.1878 17.1942 101.088 0.326732 -0.477828 0.815424
31.0234 17.4083 100.882 0.32104 -0.484896 0.813516
31.9705 17.6794 100.669 0.323405 -0.486156 0.81182
32.9246 17.8381 100.389 0.319194 -0.492146 0.809881
33.9452 17.9821 100.075 0.317849 -0.493527 0.809568
35.1987 18.1847 99.71 0.31578 -0.49649 0.808564
36.1442 18.328 99.4285 0.312616 -0.498812 0.808368
37.1495 18.4285 99.1018 0.314221 -0.500561 0.806657
37.9108 18.3471 98.7555 0.312324 -0.503796 0.805384
38.6317 18.3285 98.4638 0.312905 -0.50431 0.804836
39.3909 18.2828 98.1402 0.311881 -0.50509 0.804744
40.3372 18.221 97.7354 0.311948 -0.506701 0.803705
41.1763 18.1744 97.3792 0.31264 -0.50755 0.802901
41.8993 18.0999 97.0524 0.310479 -0.507835 0.803558
42.7031 17.9893 96.6706 0.310969 -0.509342 0.802415
43.4732 17.9473 96.3454 0.311529 -0.510158 0.801678
44.2674 17.9927 96.0667 0.310011 -0.51008 0.802316
45.146 18.0843 95.7856 0.309867 -0.5102 0.802296
46.025 18.2406 95.5467 0.308611 -0.510067 0.802864
46.8438 18.4925 95.3918 0.308487 -0.509778 0.803095
47.7625 19.07 95.4049 0.30939 -0.508743 0.803404
48.4206 19.7284 95.569 0.308605 -0.508488 0.803868
48.944 20.7508 96.0144 0.308191 -0.507735 0.804502
49.3838 21.9356 96.592 0.308321 -0.506358 0.805319
49.5839 22.605 96.9359 0.30814 -0.506093 0.805555
49.6932 23.252 97.3007 0.307889 -0.506108 0.805642
49.8124 24.2131 97.8587 0.307964 -0.506022 0.805667
49.9124 25.3779 98.5529 0.308136 -0.50644 0.805339
49.5212 26.3805 99.3338 0.307896 -0.507162 0.804976
48.8795 26.569 99.6974 0.306653 -0.507171 0.805445
47.902 26.7226 100.166 0.306263 -0.507183 0.805586
46.8905 26.8545 100.632 0.304411 -0.507228 0.806259
46.1655 27.0187 101.009 0.303327 -0.50695 0.806842
45.2216 27.2371 101.5 0.302563 -0.506402 0.807473
44.2363 27.2748 101.893 0.302221 -0.506234 0.807706
43.3558 27.3487 102.267 0.301301 -0.504608 0.809066
42.3177 27.5823 102.797 0.299278 -0.504441 0.809921
41.5943 27.7475 103.166 0.297697 -0.503169 0.811293
40.7154 27.794 103.517 0.296742 -0.502916 0.8118
39.8654 27.8131 103.838 0.294912 -0.502817 0.812528
39.1012 27.9411 104.194 0.292638 -0.500924 0.814517
38.0746 28.2326 104.742 0.291914 -0.500372 0.815116
37.2443 28.3438 105.106 0.291056 -0.499861 0.815736
36.1515 28.4157 105.538 0.288996 -0.499007 0.816991
35.4677 28.5098 105.838 0.288388 -0.498466 0.817535
34.7907 28.6785 106.177 0.284614 -0.498464 0.818858
34.0477 28.8375 106.533 0.28704 -0.496268 0.819345
33.1952 28.9199 106.878 0.281121 -0.496543 0.821228
32.2383 29.0859 107.305 0.280252 -0.496268 0.821692
31.1588 29.2444 107.767 0.277582 -0.494843 0.823456
30.4149 29.3443 108.077 0.275955 -0.493735 0.824666
29.5378 29.4285 108.421 0.274777 -0.492871 0.825574
28.5455 29.4799 108.781 0.274257 -0.491699 0.826447
27.6696 29.6027 109.142 0.271258 -0.491189 0.827739
26.8677 29.79 109.516 0.270278 -0.490061 0.828726
26.1027 29.9308 109.847 0.269839 -0.488734 0.829654
25.2104 30.0669 110.218 0.267725 -0.487282 0.831186
24.1829 30.2898 110.676 0.265378 -0.486006 0.83269
23.0397 30.4678 111.144 0.262969 -0.490778 0.830652
22.2801 30.6009 111.462 0.262412 -0.490066 0.831249
21.1957 30.7762 111.903 0.257357 -0.488124 0.833968
20.2339 30.9221 112.284 0.255761 -0.48605 0.835668
19.2461 31.0759 112.676 0.25539 -0.485234 0.836255
18.1171 31.2939 113.146 0.255017 -0.484401 0.836852
17.3031 31.4219 113.465 0.251833 -0.48298 0.838636
16.5097 31.5286 113.766 0.250377 -0.484984 0.837908
15.2203 31.7053 114.254 0.25359 -0.480612 0.839466
14.2634 31.8449 114.616 0.251172 -0.476886 0.842307
13.4615 31.9654 114.922 0.249956 -0.474901 0.843794
12.7062 32.0669 115.202 0.249515 -0.47139 0.845889
11.9089 32.1632 115.491 0.250899 -0.469305 0.846642
11.1011 32.26 115.78 0.247758 -0.464913 0.849983
10.2078 32.3781 116.108 0.249636 -0.46053 0.851818
9.06292 32.5677 116.543 0.245983 -0.460391 0.852955
7.77996 32.378 116.818 0.25208 -0.451068 0.85615
7.12695 31.7962 116.705 0.258561 -0.446982 0.856355
6.51373 31.0886 116.523 0.262216 -0.444584 0.856495
6.03404 30.1979 116.212 0.269872 -0.439147 0.856921
5.68131 29.464 115.949 0.276012 -0.43746 0.855822
5.50657 28.6553 115.596 0.278625 -0.433977 0.856757
5.38088 27.9533 115.281 0.280389 -0.435754 0.855273
5.34352 27.1777 114.899 0.284104 -0.434385 0.854748
5.34088 26.3504 114.48 0.28593 -0.430364 0.856172
5.40197 25.6372 114.102 0.286424 -0.430802 0.855786
5.47494 24.9273 113.719 0.28685 -0.432562 0.854756
5.61114 24.1782 113.295 0.290818 -0.431285 0.85406
5.84476 23.3893 112.82 0.285249 -0.426657 0.858252
6.17733 22.5665 112.302 0.284736 -0.425323 0.859084
6.50929 21.5941 111.713 0.283153 -0.42291 0.860797
6.7824 20.9044 111.287 0.28157 -0.415418 0.864955
7.04911 20.2359 110.876 0.286987 -0.414385 0.86366
7.40005 19.5455 110.431 0.287307 -0.41121 0.865078
7.8054 18.7789 109.937 0.287789 -0.404999 0.867844
8.22466 17.9525 109.41 0.294153 -0.402209 0.867
8.54443 17.3792 109.036 0.296704 -0.39992 0.867197
9.02767 16.5643 108.495 0.296608 -0.400097 0.867148
9.51337 15.8973 108.02 0.298323 -0.398431 0.867322
9.91559 15.3079 107.612 0.299704 -0.396807 0.867595
10.3586 14.6887 107.175 0.299692 -0.396779 0.867612
10.9341 13.8901 106.613 0.306357 -0.389663 0.868509
11.6369 13.1866 106.049 0.307004 -0.390864 0.867741
12.4606 12.674 105.525 0.309374 -0.388319 0.868042
13.3477 12.4015 105.087 0.312248 -0.389689 0.866393
14.2217 12.1027 104.635 0.315063 -0.390912 0.864824
15.4775 12.1219 104.183 0.319371 -0.387093 0.864957
16.3089 12.3105 103.962 0.317578 -0.39716 0.861051
17.1822 12.5771 103.762 0.319237 -0.397034 0.860495
17.9556 12.8317 103.593 0.321406 -0.39873 0.858902
18.7656 13.114 103.421 0.319135 -0.403149 0.85767
19.7571 13.6499 103.301 0.326615 -0.4111 0.85107
20.2876 12.71 102.646 0.3349 -0.404804 0.850866
21.2757 13.2471 102.519 0.330211 -0.415947 0.847318
22.2103 13.5615 102.308 0.327661 -0.420151 0.846217
23.25 13.8869 102.062 0.334401 -0.428658 0.839302
24.0093 14.1302 101.874 0.347104 -0.429493 0.833699
24.7489 14.3954 101.716 0.33519 -0.44019 0.832994
25.8517 14.8306 101.496 0.334699 -0.452505 0.826569
26.65 15.1092 101.323 0.335195 -0.458918 0.822823
27.6912 15.4295 101.079 0.334137 -0.464764 0.819968
28.4129 15.6664 100.917 0.336965 -0.470126 0.815724
29.1122 15.8956 100.765 0.332808 -0.473753 0.815351
29.8431 16.0831 100.573 0.333798 -0.479115 0.811786
30.5663 16.239 100.372 0.329553 -0.482665 0.811437
31.301 16.4282 100.184 0.330185 -0.488273 0.807793
32.1031 16.7047 100.029 0.324285 -0.492913 0.807387
33.032 16.8019 99.7176 0.324182 -0.494219 0.806628
33.7465 16.8889 99.486 0.320969 -0.497188 0.806091
34.7072 17.0589 99.2085 0.320517 -0.497147 0.806296
35.4767 17.1695 98.9742 0.316589 -0.499184 0.80659
36.5562 17.3244 98.6455 0.315668 -0.502676 0.80478
37.3094 17.3363 98.3577 0.313462 -0.503222 0.8053
38.3498 17.2775 97.9141 0.313983 -0.507449 0.80244
39.0685 17.2659 97.6266 0.312674 -0.507542 0.802892
39.9632 17.2246 97.2503 0.314592 -0.507695 0.802046
40.6561 17.1569 96.9377 0.312238 -0.508452 0.802486
41.4966 17.12 96.5869 0.311275 -0.509612 0.802124
42.4112 16.9871 96.1468 0.311873 -0.510931 0.801052
43.3076 16.9552 95.7782 0.311495 -0.511249 0.800996
44.0437 16.9561 95.4934 0.309878 -0.512322 0.800938
44.7754 16.9912 95.2327 0.309942 -0.512367 0.800885
45.6707 17.1232 94.9719 0.309087 -0.511695 0.801644
46.437 17.2772 94.7747 0.308354 -0.51165 0.801955
47.2778 17.5992 94.6572 0.308545 -0.510827 0.802406
48.0057 17.982 94.6209 0.308252 -0.510379 0.802804
48.7827 18.6194 94.7278 0.308362 -0.509625 0.80324
49.3248 19.1947 94.884 0.308102 -0.509103 0.803671
49.8572 20.067 95.2324 0.307891 -0.508426 0.80418
50.1953 21.0451 95.7208 0.307355 -0.50728 0.805109
50.5003 21.7728 96.0627 0.307649 -0.506921 0.805223
50.7237 22.561 96.4728 0.307639 -0.506137 0.805719
50.8406 23.5314 97.0377 0.307541 -0.506014 0.805834
50.9069 24.2347 97.4541 0.307812 -0.505788 0.805872
51.0056 24.9634 97.8738 0.308716 -0.506115 0.805321
51.0471 25.7733 98.367 0.30868 -0.506835 0.804882
51.1493 26.5042 98.7884 0.308856 -0.507146 0.804618
50.8844 27.1084 99.2711 0.308583 -0.508022 0.804171
49.8926 27.5357 99.9208 0.307494 -0.508641 0.804196
49.1886 27.6328 100.251 0.306638 -0.508423 0.804661
48.132 27.7764 100.743 0.305289 -0.508282 0.805263
47.2359 27.8692 101.141 0.303102 -0.508843 0.805735
46.364 28.0997 101.614 0.302167 -0.508005 0.806614
45.5805 28.2874 102.025 0.301857 -0.50779 0.806865
44.6652 28.3194 102.387 0.301119 -0.507695 0.807201
43.7032 28.3385 102.757 0.299683 -0.507562 0.807819
42.8729 28.5432 103.192 0.296937 -0.506238 0.809661
42.214 28.7514 103.563 0.296681 -0.506304 0.809714
41.4225 28.8591 103.919 0.294362 -0.505449 0.811093
40.3873 28.8075 104.264 0.2957 -0.502686 0.812322
39.6572 28.9054 104.587 0.292705 -0.500902 0.814506
38.9978 29.1318 104.964 0.291108 -0.502744 0.813942
38.1056 29.3793 105.435 0.290684 -0.501687 0.814747
37.2399 29.4001 105.755 0.288587 -0.501478 0.815621
36.4947 29.4262 106.034 0.28838 -0.501252 0.815833
35.774 29.5324 106.352 0.285873 -0.501589 0.816508
35.1084 29.7039 106.691 0.284081 -0.49922 0.818582
34.3917 29.8587 107.034 0.283872 -0.500227 0.81804
33.2858 29.9767 107.486 0.279073 -0.500616 0.819452
32.4536 30.1192 107.856 0.276421 -0.498535 0.821617
31.3935 30.2639 108.301 0.275926 -0.497893 0.822172
30.5368 30.404 108.672 0.275342 -0.496806 0.823025
29.7992 30.4702 108.957 0.272351 -0.496163 0.824407
28.9205 30.485 109.256 0.271443 -0.496082 0.824755
27.9158 30.6573 109.689 0.269198 -0.495005 0.826134
26.9771 30.9021 110.139 0.267775 -0.493635 0.827418
26.1728 31.0128 110.465 0.267415 -0.492922 0.827959
25.3098 31.1472 110.822 0.264608 -0.49232 0.829219
24.5942 31.2883 111.135 0.264892 -0.491345 0.829706
23.7562 31.4393 111.492 0.26281 -0.493811 0.8289
23.0386 31.55 111.783 0.261222 -0.494697 0.828876
22.3422 31.6676 112.07 0.255644 -0.495778 0.82997
21.5593 31.7994 112.39 0.255266 -0.494899 0.83061
20.8098 31.9192 112.689 0.25439 -0.490837 0.833286
20.0631 31.9981 112.964 0.25343 -0.490272 0.83391
19.002 32.2099 113.41 0.253687 -0.489011 0.834572
18.2841 32.3588 113.714 0.251891 -0.488623 0.835343
17.3738 32.473 114.054 0.249744 -0.488453 0.836087
16.5744 32.6393 114.388 0.246967 -0.487427 0.83751
15.7608 32.7057 114.666 0.243524 -0.484159 0.840406
15.0491 32.7998 114.926 0.244804 -0.481965 0.841297
14.3026 32.9324 115.22 0.246831 -0.482324 0.840499
13.3865 33.0374 115.547 0.245035 -0.478015 0.84348
12.5778 33.1929 115.868 0.243959 -0.473009 0.846603
11.7357 33.3252 116.186 0.243056 -0.468444 0.849395
10.8851 33.3778 116.456 0.243078 -0.466095 0.850684
10.0564 33.5217 116.775 0.241059 -0.467951 0.850218
9.12927 33.7287 117.149 0.243053 -0.461599 0.853142
8.27544 33.8371 117.45 0.242965 -0.461579 0.853178
7.55354 33.6279 117.543 0.239411 -0.453533 0.858481
6.65876 32.819 117.377 0.248888 -0.450582 0.857339
5.99205 32.2132 117.263 0.259534 -0.442117 0.858588
5.38334 31.3339 116.999 0.266312 -0.440057 0.85757
5.00358 30.4619 116.673 0.273945 -0.435636 0.857419
4.62637 29.7482 116.434 0.274872 -0.432313 0.858808
4.35316 28.9332 116.112 0.279 -0.434099 0.856573
4.2478 28.098 115.727 0.28129 -0.431459 0.857156
4.18074 27.3642 115.378 0.28473 -0.431689 0.855898
4.16949 26.5769 114.987 0.287263 -0.429333 0.856244
4.13859 25.8745 114.645 0.288127 -0.42779 0.856724
4.26017 25.1836 114.259 0.290295 -0.427555 0.856111
4.49189 24.0763 113.625 0.292804 -0.429314 0.854374
4.62654 23.3457 113.209 0.287143 -0.430799 0.855547
4.95158 22.5278 112.687 0.282342 -0.430745 0.857141
5.28205 21.4703 112.054 0.282974 -0.424584 0.860028
5.67248 20.5349 111.471 0.283673 -0.415421 0.864265
6.00831 19.5754 110.908 0.282363 -0.405744 0.869278
6.35455 18.9735 110.511 0.288872 -0.399122 0.870204
6.82436 18.0666 109.936 0.292631 -0.400072 0.868508
7.35474 16.9484 109.245 0.294597 -0.399198 0.868245
7.92992 16.0184 108.622 0.29967 -0.395922 0.868012
8.34565 15.4292 108.21 0.299671 -0.395914 0.868014
8.75674 14.8513 107.804 0.300602 -0.39368 0.868702
9.13612 14.2843 107.418 0.300949 -0.390693 0.869936
9.64054 13.5829 106.928 0.304132 -0.387156 0.870407
10.1499 12.884 106.44 0.306197 -0.385604 0.870375
10.7662 12.3441 105.983 0.307051 -0.383986 0.870787
11.4691 11.8243 105.504 0.309501 -0.383673 0.87006
12.1626 11.4936 105.109 0.313011 -0.383881 0.868711
13.0032 11.2991 104.719 0.314766 -0.384015 0.868018
13.8274 10.9495 104.265 0.317241 -0.385627 0.866401
14.7632 10.8957 103.898 0.316933 -0.385805 0.866434
15.5006 11.0124 103.676 0.321227 -0.384236 0.86555
16.3723 11.1909 103.431 0.322838 -0.387244 0.863599
17.4419 11.5685 103.205 0.323188 -0.393279 0.860728
18.1732 11.7812 103.023 0.327967 -0.393974 0.858617
18.9407 12.0501 102.858 0.331735 -0.399254 0.854721
19.7415 12.425 102.724 0.330366 -0.404089 0.852969
20.1079 12.607 102.667 0.333305 -0.405406 0.851208
20.3875 11.5857 102.077 0.339717 -0.393872 0.85403
21.106 11.933 101.947 0.341596 -0.41047 0.845474
21.7793 12.3088 101.857 0.333906 -0.419196 0.844264
22.7017 12.5866 101.625 0.342289 -0.418363 0.841314
23.4317 12.8222 101.438 0.352597 -0.430085 0.83107
24.2423 13.1198 101.253 0.349758 -0.434116 0.830188
25.1437 13.4218 101.026 0.354904 -0.447619 0.820729
25.8482 13.734 100.885 0.351953 -0.457398 0.81656
26.7438 14.1022 100.723 0.334497 -0.458775 0.823172
27.5594 14.3518 100.526 0.346691 -0.459761 0.817516
28.5018 14.6729 100.31 0.342107 -0.472093 0.81246
29.6038 15.0242 100.051 0.338003 -0.480187 0.809428
30.4077 15.193 99.8159 0.338344 -0.480472 0.809117
31.3033 15.3406 99.5295 0.335519 -0.493223 0.802595
32.1079 15.641 99.3778 0.33969 -0.492907 0.80102
33.2209 15.7799 99.0122 0.322838 -0.500963 0.802997
34.0685 15.8992 98.747 0.322158 -0.49787 0.805196
34.7896 16.0123 98.5289 0.320969 -0.498953 0.805
35.8838 16.1846 98.1987 0.323829 -0.502759 0.80146
37.0594 16.301 97.8021 0.316941 -0.506918 0.801608
37.8584 16.2023 97.4256 0.314321 -0.508247 0.801802
38.8233 16.2895 97.1033 0.313799 -0.508994 0.801533
39.6578 16.2618 96.7594 0.313754 -0.509365 0.801315
40.4043 16.1336 96.3851 0.31313 -0.510283 0.800974
41.2558 16.0935 96.0277 0.311818 -0.510816 0.801147
42.1027 15.9512 95.6065 0.312701 -0.511439 0.800404
43.078 15.9382 95.2176 0.31112 -0.513015 0.800013
43.885 15.9348 94.9016 0.310655 -0.512629 0.80044
44.6043 15.8791 94.5866 0.309576 -0.515142 0.799244
45.6458 16.078 94.3126 0.307956 -0.513052 0.801212
46.6252 16.2965 94.0767 0.307476 -0.512579 0.801699
47.4212 16.6087 93.9706 0.305612 -0.512486 0.802468
48.2086 16.9693 93.8993 0.307944 -0.510006 0.803159
48.8973 17.44 93.9345 0.305977 -0.513131 0.801909
49.6487 18.0363 94.0256 0.3071 -0.509649 0.803709
50.1772 18.6673 94.2227 0.308448 -0.509882 0.803044
50.7313 19.3997 94.4759 0.307729 -0.509947 0.803278
51.0913 20.0614 94.7575 0.306422 -0.509248 0.804222
51.2972 20.8496 95.1771 0.306409 -0.507703 0.805203
51.6262 21.5771 95.5095 0.307344 -0.506911 0.805346
51.7992 22.3259 95.9155 0.306233 -0.506812 0.80583
51.9297 23.2029 96.4163 0.30698 -0.505231 0.806538
52.0107 23.9623 96.8612 0.307843 -0.505517 0.806031
52.1099 24.6598 97.2608 0.308092 -0.5056 0.805884
52.1944 25.3729 97.6755 0.308974 -0.505053 0.805889
52.223 26.0317 98.0785 0.309581 -0.506544 0.804719
52.4035 26.8549 98.5283 0.309197 -0.507679 0.804152
52.3354 27.499 98.9617 0.307118 -0.508358 0.804518
51.9512 27.997 99.4232 0.309231 -0.507519 0.804239
51.2274 28.3973 99.9539 0.308692 -0.508639 0.803738
50.5791 28.5985 100.33 0.308802 -0.509302 0.803276
49.4971 28.6578 100.782 0.306152 -0.510551 0.803498
48.8307 28.8024 101.127 0.305414 -0.510177 0.804016
47.748 28.8806 101.587 0.304889 -0.510883 0.803766
47.0065 29.0492 101.972 0.301396 -0.511045 0.80498
46.2539 29.2303 102.367 0.300664 -0.508205 0.807049
45.3362 29.3367 102.777 0.301664 -0.508086 0.806751
44.5839 29.3412 103.06 0.2996 -0.509427 0.806675
43.5909 29.4849 103.518 0.29649 -0.509821 0.807575
42.6629 29.7368 104.015 0.294833 -0.507084 0.809901
41.9713 29.9056 104.373 0.293924 -0.506229 0.810765
41.1838 29.911 104.662 0.294187 -0.50602 0.810801
40.2336 29.9056 105 0.289447 -0.505206 0.813011
39.1779 30.2739 105.603 0.289921 -0.501643 0.815046
38.0573 30.4233 106.094 0.289706 -0.501641 0.815124
36.9093 30.4436 106.513 0.28612 -0.504414 0.814679
36.1271 30.5473 106.852 0.285039 -0.500785 0.817292
35.2225 30.865 107.361 0.284239 -0.500748 0.817594
34.3007 30.9233 107.717 0.285377 -0.501901 0.816487
33.4989 31.0157 108.05 0.277826 -0.504011 0.81779
32.7626 31.1398 108.373 0.274498 -0.503499 0.819231
31.9347 31.2726 108.729 0.275335 -0.497278 0.822742
31.165 31.3864 109.056 0.275331 -0.499448 0.821429
30.4098 31.5024 109.378 0.271726 -0.499226 0.822763
29.4641 31.5426 109.713 0.27081 -0.498277 0.823639
28.7493 31.6016 109.984 0.26524 -0.497668 0.825816
27.9508 31.841 110.386 0.266537 -0.497624 0.825426
27.1265 31.9211 110.698 0.266123 -0.492634 0.828545
26.1737 32.1215 111.124 0.26618 -0.493705 0.827891
25.3955 32.2674 111.461 0.265162 -0.493968 0.828061
24.4864 32.4066 111.835 0.265034 -0.493946 0.828115
23.7689 32.4989 112.123 0.259503 -0.500197 0.826112
22.9881 32.6307 112.449 0.255677 -0.504064 0.82492
22.1177 32.7894 112.807 0.246249 -0.49897 0.830875
20.9096 32.9519 113.268 0.250948 -0.493477 0.83277
20.1521 33.0277 113.541 0.252448 -0.489873 0.834443
18.8708 33.3294 114.107 0.252695 -0.492064 0.833076
18.1535 33.4337 114.386 0.251394 -0.49307 0.832876
17.3804 33.6203 114.725 0.246297 -0.492265 0.834873
16.5239 33.7078 115.023 0.241501 -0.486466 0.839656
15.731 33.7614 115.281 0.241557 -0.484297 0.840897
14.9452 33.9435 115.612 0.241518 -0.484224 0.84095
14.1747 34.0779 115.911 0.241564 -0.484218 0.84094
13.3715 34.12 116.164 0.237189 -0.4794 0.844922
12.5461 34.4 116.558 0.241229 -0.476501 0.845432
11.6725 34.498 116.858 0.236365 -0.475586 0.847319
10.9105 34.4919 117.067 0.235937 -0.467662 0.85183
10.0747 34.7621 117.448 0.235306 -0.470784 0.85029
9.24148 34.8475 117.72 0.232401 -0.456858 0.858636
8.35209 35.0556 118.076 0.237056 -0.456325 0.857655
7.5969 34.9522 118.23 0.239411 -0.453538 0.858478
6.82704 34.6137 118.267 0.240587 -0.453436 0.858204
6.23341 34.1397 118.183 0.243567 -0.448226 0.860075
5.72004 33.3886 117.945 0.252769 -0.438535 0.862423
5.15738 32.7889 117.809 0.259583 -0.434828 0.86228
4.52593 32.0251 117.619 0.264124 -0.432307 0.862177
4.11147 31.1476 117.306 0.274196 -0.434909 0.857713
3.79488 30.4668 117.064 0.275774 -0.430445 0.859456
3.31996 29.6055 116.787 0.280672 -0.430126 0.85803
3.1793 28.665 116.364 0.282954 -0.427556 0.858558
3.08934 27.9217 116.021 0.284416 -0.429864 0.856928
2.97281 26.8175 115.506 0.283329 -0.428765 0.857838
3.06163 25.9221 115.032 0.289237 -0.426696 0.856897
3.12349 25.2365 114.67 0.289384 -0.426504 0.856943
3.15108 24.4137 114.254 0.296243 -0.424592 0.855548
3.37239 23.7514 113.848 0.298459 -0.430153 0.851988
3.51207 22.9884 113.411 0.297193 -0.437393 0.84872
3.69906 22.2477 112.961 0.281098 -0.43682 0.854501
3.98761 21.5707 112.522 0.272262 -0.432221 0.859685
4.35858 20.5329 111.903 0.279948 -0.413915 0.866183
4.66995 19.8375 111.466 0.284786 -0.423956 0.8597
4.82757 19.0657 111.052 0.273979 -0.400496 0.874366
5.21055 18.4094 110.629 0.286101 -0.400538 0.870469
5.69865 17.7003 110.151 0.292113 -0.384642 0.875585
5.97719 16.9493 109.719 0.29897 -0.383357 0.873822
6.5223 16.0549 109.128 0.301314 -0.394087 0.868274
6.89072 15.3773 108.689 0.301313 -0.39777 0.866597
7.24925 14.8315 108.316 0.299762 -0.395765 0.868051
7.5717 14.2629 107.946 0.297896 -0.390825 0.870927
7.92836 13.7064 107.574 0.298474 -0.389559 0.871295
8.62049 12.8939 106.976 0.300895 -0.386319 0.871906
9.14732 12.246 106.508 0.304244 -0.381194 0.872998
9.70664 11.664 106.059 0.306328 -0.381358 0.872196
10.2816 11.2005 105.653 0.305852 -0.379111 0.873337
10.8311 10.6949 105.238 0.312572 -0.377579 0.871626
11.4359 10.294 104.842 0.313962 -0.382338 0.869049
12.2265 10.2101 104.52 0.331766 -0.384863 0.861057
13.1336 9.86604 104.042 0.311836 -0.380373 0.870675
14.178 9.7409 103.613 0.32231 -0.36056 0.875278
15.359 9.91412 103.247 0.326328 -0.3779 0.86643
16.3318 10.0815 102.952 0.327072 -0.383815 0.863538
17.3902 10.3794 102.686 0.325872 -0.386863 0.862638
18.3505 10.6386 102.438 0.32686 -0.386569 0.862396
19.1948 10.9711 102.256 0.339997 -0.389717 0.855875
