-1.48601 37.8216 14.8292 -0.131594 0.157268 -0.978745
-1.31426 38.6516 14.9367 -0.130817 0.147257 -0.980408
-1.31426 38.6516 14.9367 -0.130817 0.147257 -0.980408
-0.0990517 38.4476 14.7373 -0.136625 0.149909 -0.979214
0.85012 38.8766 14.6706 -0.135512 0.150378 -0.979296
1.14309 38.1549 14.5192 -0.135512 0.150379 -0.979296
0.675806 37.386 14.4667 -0.134015 0.154618 -0.978828
-0.118026 37.1948 14.5422 -0.131406 0.159326 -0.978442
-1.02371 37.7552 14.7551 -0.132789 0.158919 -0.97832
-3.25161 37.0708 14.9378 -0.118966 0.16023 -0.979884
-3.42361 38.1268 15.1314 -0.118968 0.160231 -0.979884
-3.01016 39.113 15.2298 -0.131254 0.148966 -0.98009
-1.98898 40.1826 15.2566 -0.130817 0.147256 -0.980408
-1.12884 40.4962 15.1873 -0.13297 0.143739 -0.980637
0.0748513 40.8339 15.072 -0.133779 0.14085 -0.980951
1.09939 40.7124 14.9133 -0.13697 0.143109 -0.980183
1.83174 40.3812 14.7626 -0.13697 0.143108 -0.980183
2.49711 39.8907 14.598 -0.137114 0.143081 -0.980167
2.98717 38.9531 14.3907 -0.1329 0.149316 -0.979817
2.76942 37.3092 14.1683 -0.131894 0.150067 -0.979839
1.9913 36.1773 14.0983 -0.128974 0.153401 -0.979705
0.833784 35.5793 14.1525 -0.125948 0.154871 -0.979874
-0.344566 35.2988 14.2639 -0.132789 0.15892 -0.97832
-1.15636 35.2504 14.3674 -0.13154 0.162673 -0.97786
-2.05056 35.5606 14.5382 -0.128908 0.166832 -0.977522
-2.7458 35.8816 14.682 -0.120076 0.163343 -0.979229
-3.03697 36.4401 14.8086 -0.118967 0.16023 -0.979884
-6.72003 30.5123 14.1983 -0.110633 0.178244 -0.977746
-6.01679 29.883 14.0025 -0.107598 0.183838 -0.97705
-5.49037 29.0485 13.7875 -0.107598 0.183837 -0.97705
-4.92965 28.084 13.5468 -0.105726 0.181421 -0.977706
-4.57176 27.3991 13.3792 -0.103365 0.18892 -0.976536
-4.73944 26.4457 13.2138 -0.102472 0.187522 -0.976901
-5.44698 25.5202 13.1104 -0.100031 0.191108 -0.976449
-6.41766 24.7678 13.0573 -0.0946215 0.194867 -0.97625
-7.27599 24.6981 13.124 -0.0916522 0.195039 -0.976504
-8.1382 24.7747 13.2192 -0.0885138 0.206486 -0.974438
-8.86366 25.2886 13.3909 -0.0887565 0.199174 -0.975936
-9.28674 25.957 13.5658 -0.0887572 0.199175 -0.975936
-9.76455 27.1455 13.8626 -0.0966941 0.206627 -0.97363
-10.0263 28.3393 14.1327 -0.0982753 0.19748 -0.975368
-9.82739 29.2206 14.2911 -0.0982707 0.197477 -0.97537
-8.96368 30.1553 14.3733 -0.105287 0.182507 -0.977551
-7.9687 30.5493 14.3397 -0.105286 0.182507 -0.977551
-6.72575 30.5128 14.1991 -0.105286 0.182507 -0.977551
-6.72193 30.5126 14.1986 -0.108412 0.180708 -0.977537
-8.10148 28.5834 13.9848 -0.105887 0.184007 -0.977205
-6.86627 27.7375 13.6881 -0.0994401 0.193328 -0.976077
-7.02523 26.8348 13.528 -0.0984408 0.190535 -0.976732
-7.75427 26.8116 13.5969 -0.0963689 0.194561 -0.976134
-8.12593 27.783 13.8269 -0.100439 0.196121 -0.975422
-8.18359 28.5514 13.9874 -0.100439 0.196122 -0.975422
-8.15405 28.5973 13.9931 -0.105887 0.184007 -0.977205
-17.4465 20.1467 12.9377 -0.0630849 0.239606 -0.96881
-18.2738 20.6628 13.1164 -0.0624322 0.23578 -0.969799
-18.9512 20.9672 13.2428 -0.0700856 0.243741 -0.967303
-20.04 19.9975 13.0717 -0.0634711 0.249846 -0.966196
-19.6476 19.0831 12.8061 -0.057477 0.249715 -0.966589
-19.0555 18.2999 12.5752 -0.0520839 0.246005 -0.967868
-18.0364 18.0253 12.4414 -0.0620871 0.245085 -0.967512
-17.0448 19.1449 12.6592 -0.0637381 0.24343 -0.967822
-17.0559 19.17 12.6662 -0.0637378 0.243431 -0.967822
-14.1826 11.8407 10.6439 -0.0417886 0.252682 -0.966622
-15.1758 11.1514 10.5029 -0.0455323 0.260232 -0.964472
-15.7005 10.2655 10.2886 -0.0455323 0.260232 -0.964472
-15.8899 9.27289 10.0261 -0.0356683 0.263624 -0.963964
-15.8238 8.29461 9.75776 -0.0352921 0.262134 -0.964386
-15.4333 7.53914 9.53812 -0.0298109 0.26868 -0.962729
-14.7326 7.00114 9.3692 -0.0268281 0.267347 -0.963227
-13.9856 6.62451 9.24385 -0.0296764 0.268545 -0.962805
-13.2932 6.27413 9.12225 -0.0325206 0.269745 -0.962383
-12.5544 6.10619 9.04931 -0.0367978 0.262633 -0.964193
-11.4116 6.46737 9.10458 -0.0321851 0.254169 -0.966624
-10.41 7.21638 9.26818 -0.0371688 0.252482 -0.966873
-10.1822 8.15844 9.50359 -0.0460557 0.252923 -0.96639
-10.1986 9.13803 9.76075 -0.0483885 0.247779 -0.96759
-10.5917 10.1077 10.0242 -0.0511367 0.242947 -0.968691
-11.2577 11.1529 10.3221 -0.0515495 0.243258 -0.968591
-11.8738 11.7231 10.4977 -0.052474 0.240592 -0.969206
-13.0684 11.8706 10.5959 -0.0490737 0.24397 -0.96854
-13.4438 11.8645 10.6134 -0.0484886 0.246722 -0.967868
-13.2778 10.2005 10.176 -0.0417884 0.252682 -0.966622
-14.0126 9.48269 10.0129 -0.0357874 0.256256 -0.965946
-14.0842 8.74438 9.81965 -0.0357872 0.256257 -0.965946
-13.2675 7.94318 9.57684 -0.033737 0.25935 -0.965187
-12.0366 8.2692 9.61227 -0.0396787 0.254715 -0.966202
-12.1447 9.63118 9.97737 -0.0409045 0.256324 -0.965725
-13.0906 10.2003 10.1667 -0.045895 0.247819 -0.967715
-5.44427 10.236 9.76923 -0.0597029 0.232251 -0.97081
-5.2483 11.3081 10.008 -0.0610062 0.227629 -0.971835
-4.93596 12.309 10.2229 -0.0662352 0.224653 -0.972167
-3.80231 12.8045 10.2532 -0.0714968 0.223304 -0.972123
-2.95696 12.8586 10.2035 -0.0714968 0.223304 -0.972123
-2.17369 12.8579 10.1457 -0.0742888 0.220676 -0.972506
-1.34038 12.5841 10.0168 -0.0773361 0.206181 -0.975451
-0.984473 11.7868 9.82185 -0.0708504 0.211168 -0.974836
-0.643831 10.3732 9.48274 -0.0648203 0.217988 -0.973796
-0.755554 9.42215 9.27822 -0.0646829 0.21641 -0.974158
-0.876518 8.3813 9.05503 -0.0646821 0.216409 -0.974158
-1.89253 7.45238 8.902 -0.0589432 0.230472 -0.971292
-3.15985 7.23802 8.92804 -0.0589435 0.230472 -0.971292
-4.36629 7.72619 9.10807 -0.0489054 0.231611 -0.971558
-5.0576 8.61778 9.35069 -0.0544501 0.231234 -0.971348
-5.19816 9.39925 9.55003 -0.0584002 0.236871 -0.969784
-5.39773 10.015 9.71245 -0.0584003 0.236871 -0.969784
-3.5142 9.88455 9.56576 -0.0662348 0.224652 -0.972167
-3.25819 9.73518 9.51393 -0.0647513 0.217199 -0.973977
-2.58949 11.0816 9.77083 -0.0648196 0.217987 -0.973797
-2.63625 11.0934 9.7768 -0.071464 0.221676 -0.972498
-1.11873 -0.853384 6.90281 -0.0275698 0.229922 -0.972818
-1.94144 -0.935018 6.90683 -0.0309065 0.233214 -0.971923
-3.09755 -1.7719 6.73446 -0.0277326 0.239543 -0.97049
-3.66679 -2.58565 6.54987 -0.0277327 0.239543 -0.97049
-3.9383 -3.49933 6.32649 -0.0138137 0.247336 -0.968831
-3.38865 -4.59367 6.04374 -0.00232554 0.244887 -0.969549
-2.70423 -5.49704 5.81393 -0.00212678 0.244214 -0.969719
-1.89842 -5.99038 5.68482 -0.00840281 0.244051 -0.969726
-0.583776 -5.96622 5.67951 -0.0102522 0.238421 -0.971089
0.131818 -5.45123 5.78796 -0.0184621 0.229577 -0.973115
0.693579 -4.88974 5.90977 -0.0190578 0.227675 -0.973549
1.15979 -4.01231 6.10376 -0.0255031 0.224423 -0.974139
1.31345 -3.05343 6.31835 -0.0313528 0.223074 -0.974297
1.29811 -2.23634 6.50593 -0.0318127 0.220511 -0.974862
0.492628 -1.46886 6.71168 -0.0332294 0.228095 -0.973053
-0.175184 -1.11832 6.81345 -0.0275698 0.229922 -0.972818
-1.55052 -2.48202 6.52698 -0.0265797 0.232274 -0.972287
-0.860802 -3.00424 6.38337 -0.0265797 0.232274 -0.972287
-1.46304 -3.96331 6.17072 -0.0221594 0.233151 -0.972178
-1.93664 -3.01514 6.40764 -0.0177391 0.234029 -0.972068
-1.76615 -2.48182 6.53292 -0.0221594 0.233151 -0.972178
1.68757 -19.9086 2.26996 0.0449302 0.23572 -0.970773
0.892678 -20.179 2.16659 0.03827 0.245682 -0.968595
-0.0204815 -20.8524 1.95673 0.0540785 0.252219 -0.966103
-0.362674 -21.8481 1.66881 0.0662013 0.252259 -0.965369
-0.136964 -23.646 1.2249 0.0708859 0.247489 -0.966294
0.524974 -24.4675 1.06183 0.0729542 0.248071 -0.965988
1.53325 -24.9266 1.01878 0.0662047 0.245055 -0.967246
2.40815 -25.0962 1.03571 0.0662046 0.245055 -0.967246
3.23189 -24.642 1.20715 0.070152 0.240449 -0.968104
4.09639 -23.6204 1.50677 0.0576654 0.229273 -0.971653
4.42034 -22.7356 1.73478 0.0576654 0.229273 -0.971653
4.45337 -21.8051 1.95445 0.0446962 0.218444 -0.974796
3.78467 -20.8058 2.15523 0.0499753 0.228213 -0.972328
2.98913 -20.3284 2.22639 0.0462066 0.230326 -0.972006
2.23546 -19.9191 2.29137 0.0424377 0.23244 -0.971685
1.53345 -21.6271 1.84885 0.0506332 0.225326 -0.972967
1.70007 -23.271 1.447 0.0616371 0.245628 -0.967402
2.18395 -23.0448 1.53527 0.0638516 0.243614 -0.967763
2.17255 -22.1815 1.75374 0.0561351 0.235477 -0.970185
1.88093 -21.7697 1.83391 0.0506332 0.225325 -0.972967
-15.3879 38.8092 16.7087 -0.111444 0.175936 -0.978046
-14.5442 39.4805 16.7291 -0.108636 0.170419 -0.979365
-13.9628 40.3126 16.8094 -0.108637 0.170419 -0.979365
-13.7169 41.5478 16.986 -0.119067 0.159066 -0.980055
-13.7664 42.5372 17.1488 -0.118827 0.155426 -0.980675
-14.058 43.21 17.2967 -0.12626 0.155766 -0.979675
-15.5516 44.143 17.6307 -0.125531 0.150157 -0.98066
-17.1165 44.2162 17.8297 -0.116754 0.150322 -0.981719
-17.9106 43.6513 17.8376 -0.118816 0.15224 -0.981172
-18.3084 43.0584 17.7858 -0.105365 0.170879 -0.979642
-18.5153 41.8546 17.5979 -0.106157 0.171205 -0.9795
-18.1124 40.5891 17.333 -0.106157 0.171206 -0.9795
-17.3145 39.6297 17.0683 -0.10679 0.180791 -0.977706
-16.0498 38.6604 16.7528 -0.105705 0.180367 -0.977903
-15.8049 40.8399 17.1147 -0.117183 0.171504 -0.978189
-16.5772 41.2791 17.2829 -0.114909 0.168253 -0.979022
-16.5714 42.3941 17.473 -0.113494 0.16757 -0.979306
-15.6718 42.0511 17.3086 -0.116324 0.168933 -0.978739
-15.5197 41.1725 17.1389 -0.116753 0.17022 -0.978464
-15.6478 40.9319 17.112 -0.117182 0.171505 -0.978189
-25.3455 41.6613 18.2624 -0.0937494 0.163441 -0.982089
-25.2995 42.7724 18.4429 -0.0923931 0.164888 -0.981973
-25.9173 43.8978 18.6876 -0.0897481 0.163859 -0.982393
-26.7106 44.5823 18.8742 -0.0897478 0.163859 -0.982393
-27.7609 45.3407 19.0859 -0.0841957 0.15788 -0.983862
-28.6661 45.4442 19.18 -0.0813106 0.159636 -0.983816
-29.7916 44.9123 19.1843 -0.0805942 0.161712 -0.983541
-30.5637 43.8466 19.0723 -0.0716435 0.168041 -0.983112
-30.7158 42.5424 18.8506 -0.0626905 0.17437 -0.982683
-30.543 41.7913 18.7041 -0.0634184 0.181159 -0.981407
-29.9988 40.9715 18.5176 -0.0634184 0.181159 -0.981407
-29.4636 40.3981 18.3714 -0.0715806 0.184254 -0.980269
-28.4571 39.6917 18.1652 -0.0715788 0.184254 -0.980269
-27.2832 39.3596 18.014 -0.0822381 0.182067 -0.97983
-26.4943 39.4827 17.9672 -0.0866908 0.18338 -0.979212
-25.6747 40.0377 17.9986 -0.0903867 0.181147 -0.979284
-25.4511 40.7572 18.1085 -0.094083 0.178916 -0.979356
-25.3722 41.5406 18.2441 -0.0940823 0.178916 -0.979356
-25.3569 41.5919 18.2519 -0.0937487 0.163445 -0.982088
-27.2408 41.7028 18.4426 -0.079828 0.173046 -0.98164
-28.1417 41.4384 18.4653 -0.0777869 0.180753 -0.980448
-28.7298 42.0685 18.6281 -0.0798279 0.173046 -0.98164
-28.752 43.3747 18.8473 -0.078424 0.161391 -0.98377
