35.5414 18.0707 114.755 0.274356 -0.523945 0.806355
35.6212 18.4413 114.969 0.274355 -0.523944 0.806356
35.6212 18.4413 114.969 0.274355 -0.523944 0.806356
36.4304 18.3435 114.629 0.274863 -0.524782 0.805638
37.4493 18.1852 114.176 0.276865 -0.52684 0.803608
38.1635 18.003 113.81 0.276902 -0.526832 0.803601
38.8346 17.8638 113.487 0.277396 -0.527326 0.803106
39.8221 17.5016 112.906 0.280488 -0.527463 0.801941
40.5887 16.987 112.299 0.280667 -0.527605 0.801785
41.1341 16.6698 111.899 0.283047 -0.529031 0.800007
41.6383 16.1956 111.407 0.28303 -0.529142 0.799939
40.9273 16.0368 111.553 0.28198 -0.529556 0.800036
40.3569 16.2672 111.906 0.280468 -0.528339 0.801371
39.3547 16.4824 112.399 0.280504 -0.527424 0.80196
38.3743 16.8151 112.959 0.279399 -0.526905 0.802688
37.7242 17.0034 113.308 0.278364 -0.526121 0.803561
36.9472 17.4948 113.898 0.277398 -0.525325 0.804415
36.213 17.721 114.298 0.275763 -0.524527 0.805498
35.8008 17.8364 114.514 0.275715 -0.524249 0.805695
35.229 16.9163 114.111 0.275951 -0.524428 0.805498
34.5623 17.1816 114.511 0.273261 -0.522777 0.807485
33.8389 17.4321 114.917 0.272365 -0.522361 0.808057
33.2081 17.7043 115.305 0.270566 -0.521885 0.808968
32.5188 18.0519 115.759 0.270856 -0.521063 0.809401
33.0561 18.6951 115.993 0.270082 -0.52069 0.8099
33.8496 19.0123 115.933 0.269453 -0.520976 0.809925
34.6407 19.2832 115.845 0.270433 -0.523215 0.808152
35.5857 19.4627 115.644 0.271216 -0.523838 0.807488
36.324 19.4424 115.381 0.273825 -0.524528 0.806158
37.483 19.2741 114.877 0.275486 -0.52611 0.80456
38.687 19.0661 114.327 0.276116 -0.528185 0.802982
39.4136 18.8708 113.949 0.277708 -0.528333 0.802335
40.0464 18.6175 113.562 0.278395 -0.527835 0.802425
40.7523 18.2637 113.083 0.279688 -0.528537 0.801513
41.4614 17.8224 112.544 0.280289 -0.529161 0.800891
42.0294 17.3984 112.064 0.282454 -0.52941 0.799965
42.5615 16.9257 111.563 0.28385 -0.529756 0.799242
43.3231 16.1963 110.809 0.284599 -0.52998 0.798827
43.9035 15.5009 110.139 0.285743 -0.53041 0.798133
44.3098 15.0483 109.693 0.285958 -0.530647 0.797899
44.6794 14.4505 109.161 0.287642 -0.531954 0.796421
45.1501 14.0228 108.705 0.288484 -0.532283 0.795897
44.5429 14.0526 108.945 0.28765 -0.531924 0.796438
43.7295 14.1354 109.293 0.285815 -0.531971 0.797067
42.8958 14.3809 109.755 0.285437 -0.531175 0.797733
42.1525 14.5557 110.136 0.284344 -0.530443 0.798611
41.3732 14.7494 110.542 0.283659 -0.530032 0.799127
40.6996 14.9592 110.92 0.283516 -0.53007 0.799153
40.0053 15.1757 111.309 0.282225 -0.528905 0.80038
39.3385 15.3716 111.673 0.281261 -0.527994 0.80132
38.6715 15.5626 112.033 0.280838 -0.528136 0.801375
38.0294 15.7621 112.388 0.279027 -0.527086 0.802699
37.3812 15.9939 112.765 0.278872 -0.526182 0.803344
36.7218 16.2751 113.179 0.27947 -0.525978 0.803271
36.1018 16.5544 113.576 0.277515 -0.524605 0.804845
35.2671 16.9029 114.089 0.275997 -0.52392 0.805812
34.6736 15.9298 113.661 0.276136 -0.523341 0.806141
35.3132 15.6718 113.273 0.277979 -0.524438 0.804793
36.1045 15.3138 112.765 0.279429 -0.525563 0.803556
36.8061 15.0145 112.324 0.280899 -0.52632 0.802548
37.4538 14.7715 111.938 0.281378 -0.526516 0.802251
38.2947 14.5189 111.477 0.28078 -0.527204 0.802009
38.9356 14.3335 111.129 0.282444 -0.528894 0.80031
39.5969 14.1276 110.76 0.283716 -0.530202 0.798994
40.2609 13.9044 110.376 0.283584 -0.530233 0.79902
40.9357 13.6924 109.995 0.284366 -0.531037 0.798208
41.6055 13.5252 109.645 0.284246 -0.531081 0.798221
42.3022 13.3869 109.305 0.28489 -0.531716 0.797568
43.3249 13.1339 108.77 0.286447 -0.531935 0.796864
44.1789 12.912 108.314 0.287867 -0.532845 0.795744
44.8172 12.7254 107.957 0.288126 -0.532774 0.795698
45.5094 12.5697 107.601 0.289351 -0.533283 0.794911
46.2274 12.4545 107.263 0.289368 -0.532836 0.795206
46.9465 12.3335 106.92 0.289645 -0.532737 0.795171
47.704 12.4329 106.71 0.289979 -0.532683 0.795086
47.7727 13.2358 107.223 0.289916 -0.532745 0.795067
47.2892 13.7772 107.762 0.289899 -0.53285 0.795003
46.7899 14.2833 108.284 0.290012 -0.532342 0.795302
46.2592 14.7472 108.787 0.289667 -0.531547 0.795959
45.7581 15.2247 109.288 0.288497 -0.53114 0.796655
45.3208 15.679 109.748 0.288283 -0.530367 0.797247
44.8336 16.2608 110.311 0.287504 -0.530397 0.797509
44.3899 16.7995 110.828 0.28544 -0.53035 0.798281
43.9861 17.2588 111.277 0.285113 -0.529947 0.798666
43.4863 17.7318 111.769 0.283433 -0.529792 0.799366
42.9055 18.2411 112.312 0.282797 -0.529609 0.799712
42.2518 18.7085 112.852 0.281917 -0.529172 0.800312
41.4784 19.1951 113.445 0.280432 -0.528764 0.801103
40.9111 19.4941 113.84 0.278751 -0.528993 0.801538
40.2074 19.7951 114.282 0.277555 -0.52824 0.80245
39.5324 20.0219 114.665 0.276257 -0.527911 0.803113
38.7698 20.1655 115.02 0.275475 -0.527278 0.803798
37.6957 20.338 115.5 0.273487 -0.527499 0.804332
36.772 20.4735 115.901 0.273042 -0.52519 0.805992
36.0179 20.536 116.195 0.269967 -0.523949 0.807834
35.1709 20.4739 116.438 0.269033 -0.524127 0.80803
34.3489 20.2717 116.58 0.269345 -0.523358 0.808423
33.1904 19.8477 116.69 0.267393 -0.521573 0.810224
31.9987 19.3502 116.763 0.268107 -0.519549 0.811288
30.9069 18.8932 116.829 0.26642 -0.519591 0.811816
30.026 18.3507 116.772 0.265561 -0.517211 0.813615
30.5701 17.8191 116.254 0.268343 -0.518299 0.812008
31.156 17.4777 115.843 0.269287 -0.518342 0.811668
32.0214 17.0039 115.252 0.270369 -0.519135 0.810802
32.7049 16.6709 114.808 0.272636 -0.520436 0.809206
33.7032 16.2807 114.218 0.273422 -0.522975 0.807303
34.3457 16.0355 113.842 0.276139 -0.523344 0.806138
33.7991 15.0393 113.383 0.277507 -0.523161 0.805785
32.6442 15.4296 114.03 0.274771 -0.520844 0.808221
31.754 15.8196 114.582 0.272782 -0.519286 0.809893
31.187 16.1499 114.983 0.271209 -0.518494 0.810932
30.6102 16.4836 115.389 0.269287 -0.518342 0.811668
30.0003 16.7405 115.755 0.268599 -0.517977 0.81213
29.4494 17.086 116.157 0.267772 -0.517433 0.812748
28.7582 17.745 116.803 0.267015 -0.515132 0.814455
28.391 18.4024 117.338 0.265265 -0.515223 0.814972
28.899 19.03 117.57 0.264902 -0.516376 0.814361
29.5847 19.4491 117.614 0.262473 -0.517574 0.814386
30.5577 19.8774 117.571 0.265168 -0.518834 0.81271
31.3951 20.1912 117.499 0.264476 -0.520716 0.811731
32.2649 20.5463 117.444 0.265202 -0.521088 0.811255
33.0092 20.8653 117.405 0.264998 -0.522082 0.810683
34.0179 21.2524 117.324 0.267113 -0.522914 0.809451
35.3053 21.5982 117.122 0.266232 -0.525192 0.808266
36.0333 21.6198 116.895 0.268269 -0.526454 0.80677
37.2005 21.4987 116.426 0.271045 -0.526268 0.805963
38.2905 21.3522 115.962 0.273018 -0.526928 0.804865
38.9867 21.2445 115.655 0.273919 -0.529099 0.803133
39.7298 21.1051 115.31 0.274222 -0.529509 0.802759
40.5918 20.8826 114.866 0.277118 -0.530066 0.801396
41.2927 20.5953 114.434 0.277897 -0.52988 0.801249
41.8934 20.288 114.021 0.279515 -0.528784 0.80141
42.5519 19.9153 113.545 0.281703 -0.529853 0.799936
43.0773 19.5669 113.128 0.282696 -0.529618 0.799742
43.8375 19.0023 112.487 0.282354 -0.529177 0.800155
44.3454 18.6023 112.041 0.284633 -0.530101 0.798735
44.9016 18.0773 111.494 0.285538 -0.530382 0.798225
45.3014 17.6121 111.041 0.286255 -0.530344 0.797993
45.8028 16.9672 110.432 0.287882 -0.530897 0.797039
46.287 16.3671 109.857 0.288771 -0.530633 0.796894
46.8183 15.844 109.315 0.289748 -0.531003 0.796292
47.3549 15.3677 108.802 0.289836 -0.531141 0.796168
47.965 14.8432 108.23 0.28986 -0.531914 0.795643
48.4435 14.3248 107.708 0.290448 -0.532553 0.795001
49.074 13.6079 106.997 0.290679 -0.53265 0.794852
49.4283 12.9355 106.418 0.29068 -0.531812 0.795412
49.4662 12.2693 105.958 0.290457 -0.533157 0.794593
49.0441 11.6667 105.707 0.289939 -0.534426 0.793929
48.0563 11.3024 105.822 0.289832 -0.533915 0.794313
47.0447 11.2908 106.184 0.289618 -0.534256 0.794161
46.2018 11.368 106.542 0.288648 -0.534225 0.794535
45.4977 11.4889 106.879 0.288808 -0.53439 0.794366
44.8076 11.5451 107.168 0.288801 -0.534347 0.794397
44.1627 11.7446 107.537 0.288212 -0.533753 0.795009
43.1916 12.0155 108.069 0.287068 -0.533858 0.795354
42.3086 12.2393 108.537 0.285815 -0.533038 0.796354
41.3999 12.4221 108.984 0.285992 -0.531407 0.797381
40.7215 12.5649 109.323 0.285319 -0.530828 0.798006
39.8085 12.8544 109.841 0.284786 -0.530209 0.798608
39.1441 13.0977 110.238 0.283626 -0.529579 0.799439
38.4904 13.3099 110.61 0.282552 -0.528997 0.800204
37.4825 13.5924 111.153 0.282161 -0.528294 0.800805
36.6137 13.8679 111.639 0.281495 -0.527663 0.801456
35.6361 14.272 112.246 0.279778 -0.526246 0.802987
34.9126 14.6002 112.712 0.279292 -0.525707 0.80351
34.1937 14.9044 113.158 0.278033 -0.524182 0.804941
33.6815 13.8297 112.636 0.278971 -0.524131 0.80465
33.0126 14.0394 113.004 0.276917 -0.522097 0.806679
32.1763 14.3561 113.497 0.277828 -0.521644 0.806659
31.5423 14.645 113.899 0.274337 -0.520202 0.808783
30.8141 14.9589 114.347 0.273842 -0.518064 0.810321
30.193 15.29 114.768 0.273812 -0.517335 0.810797
29.4753 15.6272 115.223 0.270843 -0.516304 0.81245
28.8282 15.9804 115.663 0.27064 -0.514058 0.81394
28.1839 16.5608 116.243 0.269763 -0.513522 0.814569
27.7008 17.0982 116.741 0.267279 -0.513451 0.815432
27.1903 17.739 117.308 0.264282 -0.511966 0.817341
26.8402 18.2634 117.751 0.261502 -0.512068 0.818171
27.0028 19.099 118.223 0.260694 -0.513669 0.817424
27.8991 19.6465 118.281 0.261581 -0.514714 0.816483
28.69 20.1409 118.341 0.260863 -0.517111 0.815198
29.3825 20.529 118.366 0.262277 -0.518375 0.81394
30.0954 20.8055 118.313 0.261688 -0.519192 0.813609
30.9212 21.0808 118.222 0.262811 -0.519145 0.813277
31.6387 21.3602 118.17 0.262958 -0.520897 0.812107
32.3428 21.6716 118.141 0.263699 -0.521398 0.811546
33.0673 21.9618 118.092 0.264074 -0.522083 0.810983
33.9945 22.3313 118.029 0.263348 -0.52385 0.81008
34.8093 22.576 117.921 0.26365 -0.525156 0.809133
35.7132 22.7144 117.715 0.26521 -0.52647 0.807771
36.4358 22.6851 117.457 0.266317 -0.52767 0.806623
37.2228 22.5758 117.124 0.269082 -0.52841 0.805219
37.9163 22.486 116.833 0.270277 -0.528517 0.804748
38.9252 22.3243 116.387 0.271581 -0.528683 0.8042
39.6153 22.2171 116.082 0.272349 -0.530687 0.802619
40.5607 22.0683 115.661 0.275086 -0.531527 0.801129
41.4575 21.7827 115.162 0.278148 -0.530817 0.800541
42.3862 21.3254 114.536 0.278417 -0.530257 0.800819
43.0951 20.9335 114.028 0.281235 -0.529549 0.800303
43.6421 20.5914 113.609 0.282802 -0.530717 0.798975
44.2127 20.2008 113.147 0.283466 -0.530683 0.798763
44.8051 19.7988 112.67 0.285572 -0.529883 0.798544
45.3369 19.394 112.211 0.285505 -0.529546 0.798792
45.9151 18.8099 111.616 0.286598 -0.529582 0.798376
46.3305 18.3027 111.13 0.288919 -0.529938 0.797303
46.765 17.7437 110.6 0.289126 -0.530534 0.796831
47.1613 17.2278 110.112 0.289399 -0.530475 0.796771
47.8468 16.5331 109.401 0.289745 -0.530867 0.796384
48.3312 16.1339 108.958 0.290005 -0.531248 0.796035
48.9171 15.6228 108.404 0.290285 -0.531632 0.795677
49.4486 15.0163 107.804 0.290683 -0.532003 0.795284
49.9675 14.4954 107.265 0.290939 -0.532519 0.794844
50.5225 13.6296 106.482 0.290297 -0.532079 0.795374
50.728 12.644 105.747 0.291099 -0.53343 0.794175
50.5724 11.8073 105.242 0.290609 -0.533972 0.79399
50.0047 10.9184 104.851 0.290356 -0.534318 0.79385
49.1114 10.4361 104.853 0.290102 -0.535115 0.793406
48.3357 10.2792 105.031 0.290212 -0.535028 0.793424
47.2212 10.2216 105.398 0.289457 -0.535403 0.793447
46.2459 10.2548 105.777 0.289184 -0.535101 0.79375
45.563 10.3735 106.105 0.287856 -0.535319 0.794086
44.8124 10.5039 106.465 0.288793 -0.535539 0.793597
43.9277 10.6616 106.894 0.288796 -0.535813 0.793411
43.0235 10.9292 107.4 0.286254 -0.534595 0.795152
42.3453 11.0983 107.758 0.286389 -0.534084 0.795446
41.5559 11.2579 108.149 0.28655 -0.533599 0.795715
40.8425 11.3805 108.488 0.286066 -0.532999 0.796289
39.9501 11.5838 108.944 0.285376 -0.532437 0.796914
39.3217 11.8189 109.325 0.284599 -0.531373 0.797901
38.6745 12.0692 109.723 0.284057 -0.530566 0.79863
38.0002 12.3016 110.116 0.283653 -0.529725 0.799332
36.9861 12.5729 110.655 0.28299 -0.528498 0.800379
36.1269 12.8194 111.12 0.281478 -0.527661 0.801463
35.5037 13.0901 111.517 0.28148 -0.527668 0.801459
34.8127 13.3986 111.961 0.281173 -0.524843 0.803418
33.8786 13.75 112.516 0.278974 -0.524129 0.80465
33.0279 12.8211 112.207 0.280633 -0.523406 0.804544
33.6571 12.608 111.849 0.280073 -0.524489 0.804033
34.473 12.2507 111.329 0.281366 -0.525638 0.802831
35.1644 11.9422 110.883 0.284009 -0.52646 0.801361
35.8406 11.7122 110.491 0.282949 -0.527848 0.800822
36.7831 11.5018 110.018 0.284089 -0.530095 0.798933
37.6959 11.2259 109.511 0.284592 -0.530846 0.798254
38.3025 10.9852 109.133 0.28473 -0.531753 0.797601
39.1665 10.6263 108.585 0.285136 -0.531995 0.797295
39.934 10.4135 108.167 0.286957 -0.533613 0.795558
40.9144 10.2415 107.699 0.286863 -0.534083 0.795276
41.5991 10.1426 107.385 0.286919 -0.534574 0.794926
42.4072 9.97654 106.982 0.287021 -0.535113 0.794526
43.297 9.67707 106.458 0.287483 -0.53563 0.794011
44.2819 9.46801 105.959 0.288107 -0.536153 0.793432
45.0288 9.35825 105.614 0.288226 -0.536253 0.793321
45.8082 9.24709 105.255 0.288243 -0.536393 0.79322
46.8865 9.19915 104.83 0.289585 -0.53646 0.792686
47.6055 9.1886 104.56 0.289357 -0.53627 0.792898
48.4158 9.20896 104.278 0.289395 -0.536253 0.792895
49.1639 9.37049 104.115 0.289419 -0.535907 0.79312
50.0807 9.71179 104.009 0.290369 -0.534996 0.793388
50.9584 10.3482 104.118 0.289984 -0.534905 0.793591
51.5697 11.1727 104.45 0.290858 -0.533899 0.793947
51.8794 12.2497 105.06 0.291581 -0.533789 0.793756
51.9564 12.9055 105.472 0.291566 -0.533139 0.794199
51.883 13.5688 105.944 0.2915 -0.532456 0.794681
51.659 14.1527 106.417 0.291271 -0.53173 0.795251
51.3762 14.7191 106.899 0.291229 -0.53185 0.795186
50.8922 15.3101 107.472 0.290555 -0.532354 0.795096
50.3994 15.8147 107.99 0.291075 -0.531523 0.795461
49.9662 16.2697 108.452 0.291275 -0.530732 0.795916
49.444 16.743 108.958 0.290555 -0.530426 0.796383
48.9055 17.1997 109.459 0.290556 -0.530596 0.796269
48.2158 17.9088 110.183 0.289935 -0.530232 0.796738
47.8404 18.379 110.632 0.289467 -0.530287 0.796871
47.4495 18.8679 111.099 0.289481 -0.530132 0.79697
47.0039 19.3933 111.61 0.289074 -0.529814 0.797329
46.4501 20.0001 112.214 0.287549 -0.529924 0.797807
45.7857 20.5409 112.812 0.285502 -0.530832 0.797939
45.157 20.9994 113.341 0.285236 -0.530464 0.798278
44.5092 21.4403 113.865 0.283599 -0.530723 0.798689
43.943 21.7856 114.295 0.28367 -0.530837 0.798588
43.0406 22.296 114.951 0.279523 -0.530457 0.800301
42.1824 22.7384 115.545 0.277401 -0.532995 0.799352
41.5404 22.9845 115.932 0.276885 -0.533195 0.799398
40.801 23.134 116.285 0.272798 -0.532473 0.801283
40.105 23.2344 116.589 0.271203 -0.532228 0.801986
38.885 23.3762 117.094 0.27113 -0.529963 0.80351
38.1474 23.5171 117.433 0.268617 -0.528686 0.805193
37.3731 23.6498 117.779 0.265363 -0.530162 0.805302
36.3657 23.7985 118.209 0.265091 -0.528054 0.806774
35.3097 23.7812 118.543 0.263705 -0.528544 0.806908
34.2743 23.5383 118.72 0.261694 -0.525258 0.809704
33.5353 23.2367 118.763 0.261111 -0.525382 0.809812
32.4748 22.8267 118.842 0.26293 -0.522996 0.810767
31.5533 22.4067 118.867 0.260625 -0.520785 0.812931
30.6909 22.0794 118.935 0.26109 -0.520018 0.813273
29.6596 21.7566 119.058 0.260446 -0.519201 0.814
28.7835 21.379 119.096 0.257793 -0.517053 0.81621
28.1181 20.9939 119.062 0.258019 -0.516992 0.816178
27.392 20.546 119.009 0.258469 -0.515492 0.816983
26.522 20.0729 118.986 0.258461 -0.513059 0.818516
25.6085 19.397 118.852 0.25916 -0.511964 0.818981
25.3433 18.7442 118.528 0.259987 -0.510051 0.819911
25.4541 18.0543 118.064 0.261241 -0.510828 0.819027
25.9625 17.2965 117.429 0.263073 -0.509454 0.819298
26.3847 16.774 116.966 0.26604 -0.51038 0.817762
26.8137 16.2675 116.51 0.269084 -0.5118 0.815876
27.2178 15.7891 116.077 0.269203 -0.511007 0.816334
27.7966 15.2838 115.568 0.271238 -0.512922 0.814456
28.4174 14.8703 115.099 0.273359 -0.513579 0.813333
29.3165 14.4213 114.511 0.275411 -0.51532 0.811536
30.0885 14.071 114.025 0.276609 -0.516114 0.810626
30.9432 13.6941 113.492 0.276169 -0.51837 0.809335
31.6384 13.3081 113.005 0.28069 -0.521018 0.806073
32.3553 12.9964 112.555 0.279196 -0.522695 0.805503
32.6705 12.9175 112.394 0.280632 -0.523406 0.804544
32.2379 11.8267 111.836 0.282118 -0.522468 0.804633
31.4131 12.0585 112.276 0.281183 -0.521355 0.805683
30.7469 12.4519 112.762 0.281898 -0.520271 0.806134
30.1202 12.8481 113.233 0.27786 -0.518492 0.808678
29.4387 13.0895 113.622 0.277656 -0.515126 0.810896
28.6736 13.3937 114.077 0.278158 -0.514729 0.810976
27.8732 13.8403 114.632 0.274881 -0.513352 0.812963
27.3052 14.1844 115.04 0.274823 -0.512314 0.813637
26.5797 14.7483 115.637 0.272389 -0.51055 0.815562
26.0661 15.2614 116.128 0.271323 -0.509082 0.816835
25.5656 15.7889 116.62 0.267724 -0.50899 0.818079
24.9305 16.6082 117.334 0.264551 -0.507121 0.820269
24.2897 17.4036 118.032 0.26219 -0.507628 0.820713
24.0599 17.9772 118.46 0.261098 -0.506686 0.821641
24.0378 18.7335 118.935 0.258602 -0.508078 0.821573
24.2178 19.4178 119.302 0.258301 -0.509644 0.820697
24.6556 20.0229 119.541 0.25709 -0.510915 0.820287
25.2861 20.5289 119.66 0.255576 -0.512184 0.819969
25.9543 20.8968 119.681 0.256268 -0.513478 0.818942
26.7265 21.3047 119.696 0.256547 -0.514217 0.818391
27.3552 21.7155 119.758 0.255369 -0.515553 0.817919
28.1004 22.2188 119.842 0.255992 -0.517014 0.816801
29.0914 22.6495 119.805 0.255411 -0.517145 0.816901
30.1493 23.0088 119.7 0.257205 -0.520196 0.814397
31.1073 23.3079 119.588 0.258022 -0.520038 0.814239
31.8284 23.7633 119.65 0.260405 -0.521502 0.812542
32.8113 24.016 119.499 0.259125 -0.523695 0.81154
33.5147 24.3404 119.483 0.258351 -0.525372 0.8107
34.2145 24.6457 119.459 0.259879 -0.526845 0.809257
34.9554 24.8293 119.341 0.25886 -0.529617 0.807772
36.0269 24.8892 119.035 0.260369 -0.528705 0.807884
36.7978 24.8283 118.743 0.26249 -0.532308 0.804828
37.7834 24.6956 118.333 0.264614 -0.532494 0.804009
38.5832 24.5761 117.989 0.267221 -0.532292 0.80328
39.4736 24.4208 117.589 0.270156 -0.532841 0.801933
40.2268 24.3266 117.273 0.270281 -0.533791 0.801258
40.986 24.1725 116.913 0.271479 -0.534114 0.800638
41.7003 24.0582 116.592 0.275409 -0.535336 0.798477
42.3897 23.9282 116.268 0.276481 -0.533669 0.79922
43.3183 23.4404 115.619 0.27838 -0.535171 0.797554
43.9839 23.1192 115.17 0.280367 -0.53258 0.798594
44.5923 22.7841 114.731 0.282632 -0.533841 0.796952
45.2672 22.3789 114.221 0.28461 -0.532191 0.797352
46.0974 21.8376 113.563 0.284445 -0.531985 0.797548
46.5979 21.4163 113.103 0.287682 -0.531208 0.796905
47.2981 20.8751 112.49 0.288504 -0.531334 0.796523
47.8182 20.2593 111.891 0.289319 -0.530366 0.796873
48.245 19.8178 111.442 0.289625 -0.529848 0.797107
48.757 19.1939 110.841 0.290438 -0.530111 0.796635
49.2358 18.5705 110.251 0.290436 -0.530105 0.79664
49.9153 17.8896 109.55 0.290746 -0.530492 0.796269
50.3833 17.4932 109.115 0.290737 -0.530435 0.796311
50.8854 17.0066 108.608 0.29082 -0.530648 0.796138
51.3249 16.5832 108.164 0.291891 -0.531085 0.795455
51.8778 16.0638 107.614 0.291515 -0.53119 0.795523
52.3007 15.5431 107.111 0.291788 -0.531556 0.795178
52.6281 15.0429 106.657 0.291779 -0.531609 0.795146
52.9088 14.3808 106.111 0.291801 -0.531966 0.794899
53.1705 13.744 105.589 0.292906 -0.532932 0.793845
53.135 12.8076 104.973 0.291675 -0.533394 0.793988
53.0301 11.8218 104.35 0.29037 -0.533398 0.794463
52.8494 11.0525 103.9 0.290859 -0.533896 0.793949
52.3607 10.3328 103.594 0.290229 -0.534257 0.793937
51.7082 9.57915 103.325 0.289916 -0.535002 0.79355
51.0985 9.07404 103.207 0.289881 -0.53501 0.793557
50.0715 8.6041 103.265 0.289637 -0.535451 0.793349
49.3674 8.35663 103.355 0.288806 -0.536622 0.792861
48.629 8.12324 103.466 0.289024 -0.536648 0.792764
47.9243 8.14469 103.738 0.289355 -0.536269 0.7929
46.7034 8.18941 104.214 0.288872 -0.536966 0.792603
45.9482 8.16286 104.471 0.288716 -0.537026 0.79262
44.6539 8.30419 105.037 0.288333 -0.536446 0.793152
43.8372 8.4384 105.425 0.288017 -0.536169 0.793454
42.9561 8.57955 105.84 0.288008 -0.536105 0.793501
42.028 8.95034 106.427 0.287529 -0.53542 0.794137
41.1365 9.1025 106.852 0.287087 -0.535233 0.794422
40.3557 9.19356 107.195 0.286894 -0.535035 0.794625
39.342 9.45939 107.74 0.286589 -0.534501 0.795095
38.5488 9.66973 108.167 0.286259 -0.532926 0.796269
37.9194 9.86696 108.525 0.285749 -0.532411 0.796797
37.3039 10.1317 108.922 0.285209 -0.531884 0.797343
36.7093 10.3975 109.312 0.286054 -0.53127 0.797449
35.7353 10.5966 109.791 0.285084 -0.529063 0.799262
34.8877 10.789 110.221 0.285591 -0.528082 0.799728
34.2539 11.0479 110.618 0.285209 -0.527075 0.800529
33.3831 11.4232 111.171 0.282982 -0.524629 0.802923
32.9041 11.6963 111.519 0.282114 -0.523808 0.803762
32.333 10.6421 111.032 0.287411 -0.524223 0.801604
33.1731 10.2385 110.47 0.28546 -0.525306 0.801603
33.8426 9.94227 110.036 0.286824 -0.52638 0.80041
34.5199 9.72089 109.647 0.287788 -0.526174 0.800199
35.5321 9.49714 109.134 0.285449 -0.531429 0.79756
36.3706 9.22806 108.654 0.286291 -0.531897 0.796946
37.2263 8.91336 108.136 0.286425 -0.532604 0.796425
37.943 8.74181 107.764 0.288134 -0.533659 0.795098
38.6982 8.54182 107.355 0.286527 -0.535082 0.794726
39.3698 8.32899 106.971 0.287995 -0.53343 0.795306
40.4747 8.06492 106.392 0.288152 -0.535441 0.793896
41.2825 7.98834 106.048 0.286679 -0.535719 0.794242
41.863 7.69747 105.641 0.287926 -0.536393 0.793336
42.625 7.49159 105.225 0.287882 -0.536641 0.793183
43.5043 7.36179 104.818 0.28797 -0.536325 0.793365
44.2259 7.26789 104.493 0.288893 -0.53589 0.793324
44.9113 7.13049 104.15 0.289608 -0.535864 0.793081
45.6654 7.09638 103.852 0.289945 -0.536451 0.79256
46.5133 7.12782 103.563 0.288706 -0.538278 0.791774
47.2149 7.10598 103.292 0.288869 -0.537592 0.792179
48.3491 7.04811 102.841 0.288415 -0.535927 0.793473
49.2629 7.2413 102.639 0.28865 -0.536136 0.793246
50.3135 7.61744 102.511 0.2883 -0.536243 0.793301
51.2981 7.98371 102.399 0.289338 -0.535018 0.79375
52.1897 8.54484 102.452 0.289887 -0.534582 0.793843
52.7743 9.14114 102.64 0.28982 -0.534863 0.793679
53.2 9.74521 102.892 0.29009 -0.534625 0.793741
53.7804 10.3954 103.117 0.289562 -0.533684 0.794566
54.1113 11.0187 103.415 0.289493 -0.534034 0.794356
54.2479 11.7133 103.832 0.290866 -0.533415 0.794271
54.3006 12.524 104.357 0.290657 -0.532404 0.795025
54.3595 13.7852 105.179 0.291767 -0.532282 0.7947
54.232 14.3896 105.631 0.291959 -0.532346 0.794587
53.9631 15.139 106.231 0.292414 -0.531572 0.794938
53.6395 15.7273 106.744 0.291796 -0.531959 0.794905
53.2261 16.3178 107.29 0.291194 -0.530344 0.796202
52.8292 16.9093 107.83 0.292146 -0.530505 0.795748
52.2906 17.2813 108.275 0.292392 -0.53052 0.795648
51.6494 17.8898 108.916 0.292022 -0.530598 0.795731
51.1568 18.4844 109.493 0.290329 -0.531048 0.796051
50.4429 19.0306 110.117 0.289807 -0.530902 0.796338
49.9383 19.6661 110.724 0.290079 -0.530116 0.796763
49.5186 20.1836 111.222 0.290364 -0.530184 0.796614
49.124 20.639 111.669 0.289925 -0.530597 0.796499
48.6985 21.0973 112.129 0.289329 -0.530235 0.796957
48.2495 21.6742 112.677 0.290204 -0.531469 0.795815
47.6719 22.172 113.219 0.287613 -0.531457 0.796764
47.1806 22.5495 113.648 0.287383 -0.531701 0.796684
46.408 23.0509 114.264 0.285512 -0.534694 0.795349
45.8291 23.4214 114.719 0.283038 -0.534241 0.79654
45.1947 23.749 115.164 0.283663 -0.535641 0.795373
44.5594 24.0595 115.6 0.278313 -0.537035 0.796327
43.9842 24.3901 116.024 0.27822 -0.536817 0.796506
43.3997 24.7375 116.46 0.276594 -0.536048 0.797589
42.781 24.9792 116.837 0.274813 -0.537281 0.797372
41.8952 25.1233 117.24 0.271935 -0.538744 0.797369
40.9953 25.2678 117.642 0.268819 -0.536696 0.799803
39.8848 25.4155 118.113 0.269153 -0.534354 0.801263
38.8849 25.5918 118.564 0.264988 -0.535648 0.801787
37.983 25.7148 118.942 0.263047 -0.534379 0.803271
37.0289 25.9065 119.381 0.259485 -0.533991 0.804687
36.2516 25.9839 119.682 0.258956 -0.531777 0.806321
35.3376 25.9777 119.972 0.258744 -0.531427 0.80662
34.5553 25.8971 120.169 0.255945 -0.530214 0.808311
33.5216 25.4683 120.213 0.253937 -0.528029 0.810356
32.6297 25.1035 120.258 0.255233 -0.523951 0.812608
31.8654 24.8501 120.337 0.257514 -0.52258 0.812771
30.9857 24.4727 120.373 0.256021 -0.522043 0.813586
29.9517 24.0807 120.445 0.254384 -0.521086 0.814713
29.2013 23.7797 120.487 0.254185 -0.517352 0.817151
28.2296 23.3834 120.537 0.252816 -0.515987 0.818438
27.1434 22.8187 120.518 0.253876 -0.515371 0.818498
26.4037 22.2885 120.414 0.254163 -0.514282 0.819094
25.3919 21.7685 120.403 0.254662 -0.513366 0.819513
24.3679 21.1913 120.36 0.253776 -0.512171 0.820536
23.5573 20.4923 120.175 0.254494 -0.50962 0.8219
23.0025 19.6645 119.834 0.254721 -0.508536 0.8225
22.759 18.7868 119.369 0.256672 -0.5064 0.823213
22.7612 18.1179 118.957 0.258813 -0.504978 0.823415
22.9704 17.3064 118.392 0.262214 -0.504919 0.822375
23.2179 16.7151 117.95 0.264141 -0.505531 0.821381
23.5874 16.176 117.5 0.263323 -0.505629 0.821584
24.0201 15.6746 117.051 0.265708 -0.505841 0.820686
24.5673 15.0027 116.462 0.268423 -0.504526 0.820603
25.1005 14.4837 115.965 0.272905 -0.507365 0.817369
25.5681 14.039 115.531 0.272813 -0.5091 0.816327
26.2005 13.5438 115.011 0.276862 -0.50799 0.815655
26.8315 13.1099 114.525 0.277536 -0.510358 0.813946
27.5471 12.6992 114.024 0.278257 -0.511729 0.812836
28.2038 12.2639 113.522 0.280229 -0.513677 0.81093
29.0979 11.9838 113.034 0.281711 -0.515947 0.808972
29.7831 11.6865 112.606 0.282526 -0.51586 0.808743
30.4653 11.2453 112.084 0.284687 -0.516909 0.807315
31.1028 10.973 111.685 0.287401 -0.518722 0.805179
