41.4928 13.929 112.535 0.280122 -0.532922 0.798452
40.7505 14.2929 113.038 0.27938 -0.532773 0.798811
40.7505 14.2929 113.038 0.27938 -0.532773 0.798811
39.652 14.5187 113.57 0.277657 -0.53088 0.80067
39.0256 14.7624 113.949 0.277376 -0.530448 0.801054
38.2602 15.0043 114.373 0.275954 -0.530012 0.801833
37.7223 15.3558 114.79 0.275521 -0.529679 0.802202
37.1272 15.7389 115.246 0.273363 -0.529082 0.803334
36.624 16.1174 115.666 0.272471 -0.527996 0.80435
37.3018 16.553 115.723 0.273312 -0.52927 0.803227
38.355 16.4515 115.296 0.275096 -0.529002 0.802795
39.0218 16.1943 114.897 0.275476 -0.529697 0.802206
39.7724 15.7529 114.347 0.276701 -0.531295 0.800726
40.4796 15.4737 113.917 0.277113 -0.531436 0.80049
41.2998 15.2548 113.486 0.279841 -0.531445 0.799534
41.982 14.902 113.012 0.281003 -0.531799 0.798891
42.6365 14.5869 112.572 0.281535 -0.531949 0.798604
43.1896 14.1891 112.11 0.281974 -0.533199 0.797615
43.9241 13.6018 111.456 0.284105 -0.533687 0.796532
44.4 13.1801 111.004 0.283936 -0.533919 0.796436
43.6863 13.2717 111.319 0.28377 -0.53416 0.796334
42.8814 13.4626 111.734 0.282464 -0.533601 0.797172
42.1374 13.6956 112.153 0.282141 -0.532984 0.7977
42.0037 13.7451 112.233 0.281206 -0.533063 0.797976
41.4413 12.6781 111.718 0.280806 -0.533425 0.797875
40.8128 12.9088 112.093 0.280466 -0.532856 0.798376
40.1808 13.1366 112.466 0.279412 -0.532573 0.798933
39.5478 13.3483 112.828 0.279198 -0.53223 0.799237
38.9123 13.5554 113.187 0.277775 -0.531714 0.800076
38.2784 13.788 113.561 0.277836 -0.531081 0.800475
37.214 14.2834 114.257 0.276503 -0.528801 0.802443
36.5444 14.6775 114.746 0.274655 -0.527608 0.803862
35.9761 15.0123 115.16 0.274523 -0.5281 0.803583
35.3334 15.4524 115.668 0.273802 -0.52694 0.804591
34.5655 15.9957 116.283 0.270906 -0.525724 0.806365
34.8845 16.648 116.601 0.270729 -0.526255 0.806078
35.7363 17.1134 116.62 0.270909 -0.52701 0.805524
36.6093 17.4951 116.576 0.271301 -0.527643 0.804977
37.6061 17.7273 116.392 0.272634 -0.529154 0.803534
38.4973 17.6493 116.038 0.273906 -0.529279 0.803019
39.3974 17.3435 115.528 0.274545 -0.530153 0.802224
40.3236 16.9341 114.939 0.277521 -0.53047 0.800989
41.0599 16.6152 114.473 0.278485 -0.530504 0.800631
41.7198 16.3419 114.061 0.27941 -0.53047 0.800332
42.446 16.0483 113.612 0.280844 -0.532051 0.79878
43.2027 15.7383 113.14 0.280785 -0.532024 0.798818
43.9074 15.2824 112.587 0.281922 -0.532377 0.798182
44.5223 14.7864 112.036 0.283384 -0.533763 0.796738
45.039 14.3244 111.543 0.283199 -0.533656 0.796874
45.4905 13.8454 111.062 0.283739 -0.534498 0.796117
46.1374 13.2596 110.436 0.284647 -0.53502 0.795443
46.6729 12.7442 109.897 0.286061 -0.535571 0.794565
47.231 12.3389 109.423 0.285619 -0.535202 0.794972
47.7535 11.8384 108.898 0.285582 -0.535322 0.794904
47.9857 11.3335 108.473 0.286643 -0.53629 0.79387
46.7724 11.3321 108.909 0.285688 -0.535388 0.794822
46.0972 11.4446 109.228 0.28581 -0.535317 0.794826
45.2874 11.5984 109.623 0.285155 -0.535518 0.794925
44.6295 11.7491 109.96 0.28447 -0.535707 0.795044
43.5251 12.0468 110.555 0.284037 -0.534557 0.795972
42.7659 12.2441 110.958 0.283238 -0.534237 0.796472
42.0824 12.455 111.342 0.283033 -0.533879 0.796785
41.8691 12.5236 111.464 0.282094 -0.533936 0.797078
41.1096 11.5174 111.058 0.281603 -0.533342 0.79765
41.959 11.2361 110.569 0.283608 -0.534372 0.796249
42.7443 11.051 110.165 0.283851 -0.534983 0.795752
43.6436 10.8003 109.674 0.285082 -0.535178 0.795181
44.4844 10.5965 109.235 0.284524 -0.535748 0.794997
45.6172 10.3508 108.663 0.285468 -0.536429 0.794199
46.3507 10.1916 108.292 0.285589 -0.536385 0.794185
47.2836 10.0665 107.871 0.28633 -0.536488 0.793849
47.9996 10.0509 107.602 0.286756 -0.536415 0.793745
48.9634 10.1928 107.349 0.28783 -0.536082 0.79358
49.6424 10.8843 107.57 0.288088 -0.536214 0.793398
49.4945 11.6582 108.146 0.288229 -0.535956 0.793521
49.1108 12.2418 108.678 0.28784 -0.534557 0.794605
48.6335 12.7694 109.206 0.28737 -0.535355 0.794237
48.1897 13.2074 109.662 0.286818 -0.535626 0.794254
47.721 13.611 110.103 0.286712 -0.535254 0.794544
47.219 13.9979 110.545 0.286369 -0.535457 0.79453
46.6061 14.5542 111.138 0.285132 -0.533982 0.795966
46.1707 15.0124 111.601 0.284286 -0.533219 0.79678
45.5161 15.6363 112.252 0.283243 -0.534219 0.796482
44.6552 16.3036 113.005 0.282814 -0.533182 0.797329
43.6877 16.8783 113.729 0.280766 -0.532684 0.798385
43.0124 17.1589 114.153 0.279873 -0.531942 0.799193
42.3389 17.4443 114.579 0.278962 -0.532123 0.79939
41.7188 17.7045 114.967 0.277466 -0.531532 0.800304
40.9126 17.9942 115.439 0.276225 -0.531022 0.801071
40.0916 18.3695 115.969 0.274875 -0.529909 0.802271
39.3869 18.6364 116.386 0.274057 -0.529669 0.80271
38.6943 18.8484 116.761 0.272659 -0.529337 0.803405
37.9927 18.91 117.039 0.271219 -0.528468 0.804463
37.1261 18.7604 117.232 0.26929 -0.527599 0.805681
36.3079 18.5286 117.354 0.269248 -0.526783 0.806228
35.547 18.2255 117.409 0.268809 -0.525616 0.807137
34.7497 17.7766 117.382 0.268117 -0.525305 0.807568
34.089 17.4005 117.356 0.267776 -0.524474 0.808222
33.2977 16.9783 117.344 0.267393 -0.524387 0.808405
32.641 16.5939 117.313 0.267938 -0.523932 0.80852
32.6581 15.9133 116.866 0.268416 -0.524102 0.808251
33.2035 15.3653 116.33 0.269116 -0.523353 0.808504
33.8485 14.8647 115.787 0.271557 -0.52506 0.806578
34.4168 14.5003 115.357 0.273424 -0.526547 0.804977
35.2421 14.0003 114.748 0.275314 -0.527407 0.803769
35.9493 13.626 114.259 0.27613 -0.528391 0.802842
36.5817 13.2715 113.808 0.276093 -0.528392 0.802854
37.5735 12.7747 113.135 0.278706 -0.530419 0.800611
38.1935 12.5492 112.769 0.279108 -0.5309 0.800152
38.8234 12.3396 112.41 0.279502 -0.531538 0.799591
39.4589 12.1254 112.045 0.280147 -0.532164 0.798948
40.0957 11.9002 111.672 0.280513 -0.532776 0.798412
40.748 11.6569 111.279 0.281603 -0.533341 0.797651
40.0336 10.6373 110.85 0.281573 -0.533513 0.797546
41.0702 10.2314 110.211 0.283852 -0.534415 0.796131
41.9147 10.0233 109.769 0.283979 -0.535715 0.795214
42.7097 9.80274 109.336 0.284117 -0.535763 0.795132
43.617 9.61121 108.882 0.285239 -0.535963 0.794596
44.5692 9.36384 108.373 0.285328 -0.536513 0.794192
45.2363 9.19377 108.018 0.285471 -0.536722 0.794
46.0571 9.04869 107.625 0.286106 -0.53688 0.793664
46.7695 8.94778 107.3 0.286382 -0.537098 0.793418
47.8515 8.93651 106.901 0.286699 -0.537263 0.793191
48.5809 8.95195 106.647 0.28713 -0.537553 0.792838
49.4155 9.06212 106.419 0.287877 -0.536996 0.792945
50.3515 9.57488 106.427 0.28774 -0.536908 0.793054
50.8284 10.2011 106.678 0.288129 -0.53677 0.793007
51.0116 10.9775 107.136 0.288201 -0.535939 0.793543
50.9701 11.6619 107.613 0.288969 -0.535227 0.793744
50.561 12.502 108.328 0.288952 -0.535115 0.793826
50.2004 13.0292 108.814 0.287918 -0.535403 0.794007
49.7189 13.5558 109.344 0.288332 -0.535571 0.793743
49.2106 14.0677 109.874 0.286544 -0.535393 0.794511
48.7504 14.4763 110.315 0.286687 -0.533832 0.795508
47.9367 15.0106 110.967 0.286677 -0.534169 0.795286
47.3375 15.6398 111.604 0.285759 -0.533334 0.796176
46.759 16.2727 112.235 0.284555 -0.534352 0.795925
46.2559 16.704 112.704 0.283964 -0.532854 0.797139
45.6833 17.1197 113.185 0.283215 -0.532741 0.797481
45.0832 17.5138 113.662 0.282662 -0.532587 0.79778
44.5012 17.8642 114.101 0.281094 -0.53181 0.798851
43.6629 18.24 114.645 0.280139 -0.531939 0.799101
42.8259 18.6131 115.186 0.279246 -0.531595 0.799643
42.1354 18.9043 115.62 0.276458 -0.531324 0.800791
41.081 19.2481 116.211 0.274786 -0.530822 0.801699
40.4586 19.5333 116.613 0.273036 -0.530598 0.802444
39.6994 19.8457 117.078 0.272052 -0.530537 0.802818
39.0153 20.0205 117.424 0.271739 -0.529667 0.803498
38.2692 20.085 117.717 0.26987 -0.528118 0.805147
37.3052 19.9276 117.936 0.268037 -0.528184 0.805716
36.4178 19.6979 118.08 0.266247 -0.526673 0.807297
35.5154 19.3898 118.178 0.266986 -0.525731 0.807666
34.7215 18.9971 118.184 0.266751 -0.525136 0.808131
34.0684 18.604 118.145 0.266587 -0.524599 0.808534
33.3825 18.2408 118.135 0.266659 -0.524289 0.808711
32.6467 17.874 118.14 0.265966 -0.523894 0.809194
31.9324 17.5023 118.134 0.265627 -0.523245 0.809726
31.1159 16.997 118.076 0.26636 -0.521781 0.81043
30.8178 16.2539 117.696 0.267071 -0.5224 0.809797
31.3887 15.2921 116.887 0.26914 -0.521491 0.809698
32.0079 14.6999 116.298 0.270209 -0.521956 0.809042
32.5057 14.2844 115.862 0.271933 -0.523526 0.807448
33.0241 13.9128 115.446 0.273534 -0.524721 0.80613
33.7139 13.4324 114.898 0.273738 -0.525887 0.805301
34.3911 12.9916 114.377 0.275724 -0.527632 0.803481
35.1581 12.6533 113.891 0.276173 -0.528779 0.802571
35.8306 12.3173 113.438 0.277353 -0.529427 0.801736
36.7572 11.7844 112.763 0.279132 -0.530544 0.80038
37.4659 11.5388 112.353 0.279641 -0.531144 0.799804
38.1091 11.3323 111.99 0.280203 -0.531728 0.799219
38.7279 11.1118 111.626 0.280548 -0.532269 0.798738
39.7015 10.7529 111.044 0.281305 -0.532824 0.798102
39.0135 9.67682 110.567 0.282625 -0.533408 0.797245
38.2918 9.96847 111.017 0.281415 -0.532046 0.798582
37.4723 10.301 111.527 0.280555 -0.531737 0.79909
36.8046 10.4862 111.884 0.280207 -0.53139 0.799442
36.1354 10.6893 112.254 0.280717 -0.531018 0.799511
35.5181 11.0286 112.695 0.279859 -0.52895 0.801181
34.985 11.4077 113.131 0.277769 -0.528187 0.802411
34.3435 11.6684 113.524 0.277462 -0.52806 0.8026
33.6375 11.8831 113.909 0.278004 -0.526668 0.803326
32.7377 12.5544 114.659 0.276512 -0.524742 0.805099
32.107 13.0067 115.169 0.275048 -0.523533 0.806387
31.3162 13.5663 115.798 0.272899 -0.521186 0.808635
30.6568 14.1653 116.405 0.271415 -0.519222 0.810397
30.1758 14.6348 116.866 0.270378 -0.520586 0.809866
29.7823 15.1549 117.33 0.26679 -0.520854 0.810885
29.4169 16.002 117.994 0.266046 -0.51943 0.812042
29.2673 16.6254 118.441 0.265367 -0.520607 0.811509
29.8176 17.6316 118.908 0.263744 -0.521131 0.811703
30.7789 18.138 118.921 0.264536 -0.521769 0.811034
31.639 18.5473 118.905 0.264117 -0.523518 0.810044
32.4481 18.9741 118.916 0.264813 -0.52342 0.80988
33.141 19.3005 118.901 0.266222 -0.523984 0.809053
34.1304 19.8929 118.961 0.264707 -0.525395 0.808635
34.9199 20.3476 118.997 0.265112 -0.526727 0.807635
35.6589 20.5852 118.909 0.265507 -0.526609 0.807582
36.4889 20.8243 118.792 0.265262 -0.527196 0.807279
37.2476 21.0178 118.669 0.266568 -0.528129 0.806239
38.1897 21.2305 118.496 0.268097 -0.527867 0.805904
38.95 21.2428 118.251 0.267648 -0.529966 0.804674
39.6355 21.0942 117.923 0.269163 -0.531231 0.803334
40.522 20.8633 117.472 0.271577 -0.532324 0.801796
41.4275 20.4395 116.882 0.273654 -0.532126 0.801221
42.1263 20.19 116.478 0.273567 -0.531896 0.801404
42.7605 19.9838 116.122 0.276921 -0.532609 0.799776
43.3544 19.7231 115.742 0.277843 -0.532832 0.799308
43.9948 19.4355 115.326 0.279627 -0.533234 0.798417
44.8058 19.0905 114.811 0.281414 -0.532673 0.798164
45.3688 18.7764 114.403 0.281997 -0.532353 0.798172
46.2211 18.2817 113.771 0.282844 -0.532631 0.797687
46.7817 17.8929 113.311 0.28487 -0.532942 0.796757
47.4879 17.3332 112.684 0.285252 -0.53251 0.796909
48.3006 16.5877 111.893 0.28594 -0.534085 0.795607
48.8156 15.9683 111.293 0.286371 -0.533499 0.795846
49.656 15.2929 110.536 0.28744 -0.53377 0.795278
50.3094 14.8325 109.99 0.288815 -0.534434 0.794334
50.9664 14.1532 109.294 0.288271 -0.535271 0.793968
51.6157 13.3845 108.539 0.288549 -0.535464 0.793736
51.9599 12.7898 108.013 0.288559 -0.535434 0.793753
52.2942 12.0407 107.387 0.288584 -0.535072 0.793988
52.3201 11.1268 106.761 0.288907 -0.53573 0.793427
52.1875 10.4903 106.379 0.288729 -0.535557 0.793609
51.9016 9.61692 105.892 0.288021 -0.536644 0.793131
51.391 8.95829 105.632 0.287975 -0.536754 0.793074
50.8101 8.46838 105.511 0.287539 -0.537044 0.793035
50.0307 8.0576 105.516 0.287617 -0.537092 0.792975
49.1294 7.79571 105.664 0.28687 -0.537598 0.792902
48.1886 7.83399 106.031 0.287073 -0.537724 0.792744
47.2411 7.8163 106.362 0.287058 -0.537685 0.792775
46.328 7.84683 106.713 0.286698 -0.537483 0.793043
45.6411 7.95526 107.035 0.28619 -0.537458 0.793242
44.611 8.05075 107.47 0.28543 -0.537197 0.793694
43.9372 8.27342 107.863 0.285385 -0.537113 0.793767
43.2534 8.49146 108.256 0.285291 -0.53704 0.79385
42.5597 8.62887 108.598 0.284622 -0.536816 0.794241
41.4606 8.88567 109.164 0.283894 -0.536031 0.795031
40.6409 9.13838 109.627 0.283444 -0.535543 0.795521
39.8348 9.41385 110.1 0.283871 -0.535365 0.795488
39.2482 9.58446 110.422 0.282628 -0.533405 0.797245
38.7928 8.45589 109.827 0.283321 -0.534052 0.796566
38.0298 8.7026 110.264 0.28366 -0.533541 0.796788
37.4022 8.96282 110.661 0.283046 -0.532391 0.797775
36.6018 9.32116 111.181 0.280507 -0.531758 0.799093
35.9076 9.51174 111.553 0.282392 -0.529207 0.800122
35.3019 9.75919 111.93 0.281223 -0.529302 0.80047
34.7017 10.0591 112.339 0.280169 -0.530196 0.800248
34.1952 10.4172 112.752 0.278246 -0.527887 0.802443
33.2371 10.7714 113.317 0.278318 -0.527886 0.802418
32.6513 11.19 113.797 0.281285 -0.524405 0.803661
32.0177 11.483 114.208 0.27914 -0.523748 0.80484
31.5084 11.8707 114.636 0.279294 -0.523863 0.804712
30.9684 12.2086 115.04 0.276604 -0.520599 0.807754
30.3924 12.6621 115.527 0.273784 -0.520284 0.808917
29.8604 13.1549 116.024 0.274794 -0.520387 0.808507
29.213 13.7063 116.592 0.269787 -0.517741 0.811885
28.6875 14.3733 117.192 0.268097 -0.518394 0.812029
28.2953 14.9756 117.705 0.266965 -0.518391 0.812404
28.0978 15.7306 118.252 0.265567 -0.518315 0.812911
27.8938 16.4175 118.755 0.264099 -0.516569 0.814499
27.8062 17.0767 119.202 0.259842 -0.51687 0.815676
28.3618 17.8682 119.53 0.260278 -0.520308 0.813348
28.9901 18.5044 119.735 0.261822 -0.522011 0.81176
29.703 18.9285 119.779 0.261923 -0.522725 0.811267
30.5367 19.2242 119.7 0.262693 -0.523624 0.810438
31.2426 19.5483 119.68 0.263365 -0.523482 0.810312
32.214 20.0765 119.706 0.263612 -0.523889 0.809969
32.9917 20.4294 119.681 0.263454 -0.524378 0.809703
33.6078 20.8721 119.767 0.262532 -0.526328 0.808737
34.3914 21.3363 119.814 0.263308 -0.527098 0.807983
35.7728 21.7598 119.639 0.264462 -0.527156 0.807569
36.4974 21.9422 119.521 0.263818 -0.528521 0.806886
37.8003 22.3071 119.332 0.26578 -0.529257 0.805759
38.5915 22.4287 119.151 0.265863 -0.530633 0.804826
39.3232 22.3594 118.863 0.266845 -0.531326 0.804043
40.2572 22.1354 118.404 0.266837 -0.532142 0.803507
41.0221 21.9809 118.045 0.269999 -0.533859 0.801308
41.6412 21.7154 117.658 0.272433 -0.533635 0.800634
42.2741 21.3715 117.213 0.272531 -0.533954 0.800387
42.9442 21.1614 116.843 0.277083 -0.534076 0.798741
43.8325 20.916 116.371 0.277708 -0.533549 0.798877
44.7956 20.4208 115.704 0.279786 -0.534037 0.797824
45.6116 20.0797 115.189 0.281262 -0.534068 0.797285
46.4668 19.5637 114.541 0.282661 -0.534634 0.796409
47.1299 19.22 114.075 0.283048 -0.534026 0.796681
47.6189 18.8163 113.63 0.284209 -0.533098 0.796889
48.4104 18.1937 112.93 0.284541 -0.533989 0.796173
49.0071 17.7214 112.4 0.285046 -0.534033 0.795963
49.6063 17.0922 111.763 0.285694 -0.53402 0.79574
50.0581 16.5008 111.202 0.286879 -0.535085 0.794597
50.6232 16.201 110.797 0.28678 -0.534451 0.795059
51.2481 15.8051 110.304 0.287901 -0.534929 0.794333
51.64 15.3338 109.845 0.288865 -0.535367 0.793687
52.1752 14.7601 109.263 0.289021 -0.534609 0.794141
52.7055 14.238 108.719 0.288804 -0.535349 0.793721
53.0769 13.5717 108.134 0.289331 -0.535041 0.793737
53.5294 12.5884 107.306 0.288982 -0.53514 0.793798
53.6517 11.7741 106.713 0.288835 -0.535252 0.793776
53.6423 11.078 106.247 0.288575 -0.535383 0.793781
53.5075 10.4448 105.869 0.288498 -0.535839 0.793502
53.2383 9.50904 105.334 0.288091 -0.53621 0.793399
52.7864 8.83791 105.044 0.287815 -0.536338 0.793413
52.1469 8.1009 104.778 0.287452 -0.53648 0.793448
51.3455 7.52182 104.676 0.287131 -0.537356 0.792972
50.502 7.07127 104.676 0.287152 -0.537562 0.792825
49.5737 6.72304 104.776 0.28724 -0.536978 0.793188
48.5453 6.61431 105.074 0.286457 -0.537705 0.792979
47.7393 6.67511 105.407 0.287148 -0.538192 0.792398
46.8139 6.63013 105.712 0.287753 -0.538581 0.791914
45.9885 6.66708 106.036 0.287316 -0.537072 0.793097
45.0738 6.80027 106.457 0.285712 -0.537338 0.793496
44.2767 6.92791 106.83 0.285657 -0.537195 0.793613
43.5817 7.08828 107.189 0.285509 -0.537097 0.793733
42.964 7.32724 107.573 0.286139 -0.538151 0.792789
41.8269 7.61068 108.173 0.285219 -0.536516 0.794229
40.8744 7.73432 108.598 0.285051 -0.535983 0.79465
40.2095 7.9933 109.01 0.283856 -0.535437 0.795445
