-14.5871 46.8673 35.5522 -0.230266 0.174926 -0.957258
-15.2712 45.5866 35.4833 -0.22659 0.18252 -0.956678
-15.2712 45.5866 35.4833 -0.22659 0.18252 -0.956678
-14.5881 46.7995 35.5402 -0.224948 0.172629 -0.958957
-14.5723 46.8239 35.5409 -0.224947 0.17263 -0.958957
-13.0738 46.7552 35.1738 -0.234544 0.168114 -0.957459
-13.7599 45.235 35.0643 -0.224949 0.172629 -0.958956
-14.281 44.4477 35.029 -0.218028 0.192594 -0.95675
-14.9116 43.5491 34.9861 -0.212031 0.196506 -0.957303
-15.3579 42.8973 34.9511 -0.210693 0.194026 -0.958099
-15.7731 42.135 34.8828 -0.199751 0.21287 -0.956421
-16.4827 41.1414 34.8024 -0.195784 0.216667 -0.956412
-17.5781 40.5945 34.9027 -0.195785 0.216667 -0.956412
-18.5695 40.6407 35.114 -0.189489 0.225386 -0.955665
-20.1646 41.9271 35.7415 -0.189694 0.232041 -0.95403
-20.2374 43.051 36.0179 -0.201724 0.218274 -0.954811
-19.4754 44.0842 36.0878 -0.202547 0.206781 -0.95719
-18.1512 44.8593 35.9661 -0.211656 0.206229 -0.955339
-16.91 45.923 35.9207 -0.211656 0.206229 -0.955339
-16.5381 46.701 35.9897 -0.217598 0.187822 -0.957796
-16.1801 47.5134 36.0648 -0.233218 0.168114 -0.957734
-15.227 48.6183 36.0185 -0.230857 0.159008 -0.959907
-13.8392 48.5193 35.6617 -0.233849 0.141428 -0.961919
-13.4377 47.9867 35.4792 -0.236307 0.163426 -0.957823
-12.2553 49.033 35.3588 -0.233777 0.149142 -0.960723
-11.8498 48.3851 35.1507 -0.238071 0.158741 -0.958188
-11.5848 47.3334 34.9106 -0.236309 0.163428 -0.957823
-11.6345 46.5207 34.7801 -0.231204 0.166717 -0.958507
-11.7759 45.7864 34.6872 -0.227857 0.165315 -0.959558
-12.2912 45.0265 34.6786 -0.231201 0.166714 -0.958508
-12.949 44.1344 34.6636 -0.214676 0.186841 -0.958647
-13.6728 43.1815 34.64 -0.212016 0.18919 -0.958772
-13.9847 42.4541 34.5628 -0.209355 0.191528 -0.958899
-14.5971 41.0425 34.3908 -0.205447 0.209325 -0.95602
-15.3557 40.2376 34.3689 -0.194056 0.216416 -0.956821
-16.0034 39.5688 34.349 -0.194057 0.216405 -0.956823
-16.8821 39.1305 34.4232 -0.188191 0.224374 -0.956158
-17.8696 39.0077 34.5901 -0.18949 0.225385 -0.955665
-18.7605 39.0709 34.7779 -0.178456 0.227334 -0.957326
-19.725 39.2747 35.0061 -0.184203 0.230542 -0.955444
-20.524 39.6721 35.2627 -0.189946 0.233751 -0.953562
-21.1239 40.5137 35.5885 -0.189821 0.232894 -0.953796
-21.7507 41.8388 36.0354 -0.186294 0.231771 -0.954759
-22.0098 43.1703 36.4076 -0.181571 0.228639 -0.956423
-21.6428 43.8998 36.5049 -0.19566 0.21256 -0.957317
-21.0028 44.5887 36.5201 -0.204249 0.210754 -0.955963
-19.4959 45.6527 36.4287 -0.20628 0.207933 -0.956145
-18.6403 46.1314 36.349 -0.207803 0.205792 -0.95627
-17.8571 47.133 36.3735 -0.217044 0.186468 -0.958187
-17.3022 47.894 36.3959 -0.223118 0.172856 -0.959227
-16.9361 48.6063 36.4267 -0.229191 0.159244 -0.960267
-16.5577 49.441 36.472 -0.221356 0.142953 -0.964608
-15.6022 49.9006 36.3042 -0.237707 0.141204 -0.961019
-14.6497 50.0969 36.0975 -0.237706 0.141207 -0.961018
-13.8842 50.0545 35.9019 -0.237958 0.142258 -0.9608
-12.6506 49.6628 35.5442 -0.229487 0.13954 -0.963257
-12.5138 49.5044 35.4886 -0.229486 0.139542 -0.963257
-16.2848 43.6811 35.3139 -0.206786 0.195307 -0.958694
-16.9329 42.8692 35.2883 -0.201938 0.207171 -0.957149
-17.4174 42.2414 35.2443 -0.197089 0.219035 -0.955604
-18.6194 42.4514 35.5404 -0.197089 0.219034 -0.955605
-18.2295 43.3499 35.6659 -0.201936 0.20717 -0.95715
-17.3121 43.8582 35.5715 -0.206785 0.195307 -0.958694
-28.0335 47.1197 38.425 -0.160833 0.192513 -0.968025
-27.9522 47.916 38.5739 -0.170393 0.194845 -0.965891
-28.2993 49.1352 38.8674 -0.178363 0.178995 -0.967547
-28.8376 49.9793 39.1228 -0.178363 0.178994 -0.967547
-29.7589 50.7183 39.4183 -0.153185 0.157965 -0.975216
-30.5455 50.7403 39.5266 -0.130111 0.15724 -0.978952
-31.8501 50.67 39.6887 -0.130118 0.157232 -0.978952
-32.9247 50.2753 39.7406 -0.0992082 0.166372 -0.981018
-33.4113 49.3083 39.6157 -0.0945797 0.174161 -0.980165
-33.917 48.5131 39.5184 -0.0965842 0.184778 -0.978021
-33.9207 47.6842 39.3582 -0.0847392 0.196336 -0.976868
-33.5744 46.5093 39.0921 -0.0862404 0.203405 -0.975261
-32.9941 46.0603 38.9371 -0.119221 0.227225 -0.966517
-32.3972 45.4844 38.728 -0.119216 0.227224 -0.966518
-31.6866 45.0875 38.5461 -0.100909 0.228452 -0.968123
-30.316 44.8927 38.3482 -0.154767 0.201133 -0.966634
-29.5431 45.1966 38.2718 -0.172344 0.222324 -0.959571
-28.781 45.9169 38.31 -0.161859 0.20791 -0.964533
-28.4494 46.4043 38.3518 -0.160833 0.192513 -0.968025
-30.0276 46.732 38.6937 -0.170984 0.202105 -0.964323
-31.1921 46.5263 38.8226 -0.136956 0.232369 -0.962937
-32.012 46.9573 39.0283 -0.117804 0.228482 -0.966394
-32.2546 47.934 39.2448 -0.0958804 0.18667 -0.977733
-31.9939 48.7833 39.3776 -0.0972916 0.182872 -0.978311
-31.1895 49.2562 39.3658 -0.132977 0.169851 -0.976457
-30.2633 49.2738 39.2427 -0.151388 0.178718 -0.971959
-29.8124 48.2245 38.9602 -0.1698 0.187583 -0.967461
-29.8829 47.1927 38.7646 -0.170984 0.202106 -0.964322
-11.3773 29.9538 31.1753 -0.163531 0.227466 -0.959956
-11.3529 28.1774 30.7273 -0.146908 0.241167 -0.9593
-11.0873 27.4437 30.5021 -0.146908 0.241166 -0.9593
-10.9669 26.5922 30.2696 -0.144614 0.23748 -0.960557
-9.93193 25.9699 29.9652 -0.142322 0.233794 -0.961813
-9.18157 25.7386 29.8006 -0.137654 0.232963 -0.962694
-8.29048 25.6944 29.6625 -0.137654 0.232963 -0.962694
-7.39471 26.1641 29.6376 -0.153981 0.21904 -0.963489
-6.39563 26.9688 29.6608 -0.154677 0.216432 -0.963963
-5.88958 28.3326 29.8817 -0.155371 0.213825 -0.964437
-5.73319 29.3911 30.0898 -0.161106 0.206809 -0.965007
-6.0667 30.0213 30.2832 -0.169873 0.212646 -0.962248
-6.62481 30.5682 30.5016 -0.168338 0.212508 -0.96255
-7.46028 31.0408 30.752 -0.168338 0.212507 -0.96255
-8.10406 31.3223 30.9279 -0.170763 0.217624 -0.960978
-9.56658 31.1217 31.1445 -0.168767 0.223843 -0.959877
-10.8732 30.4739 31.2132 -0.163913 0.228851 -0.959562
-9.72535 29.7098 30.8372 -0.163149 0.22608 -0.960349
-10.1096 28.8609 30.7027 -0.163149 0.22608 -0.960349
-9.81414 28.1735 30.4906 -0.155029 0.233623 -0.959824
-9.52399 27.4886 30.274 -0.144615 0.23748 -0.960557
-8.80372 27.5182 30.1706 -0.154676 0.216432 -0.963963
-7.56342 28.1441 30.1095 -0.155371 0.213825 -0.964437
-7.28871 28.8275 30.2168 -0.158962 0.219942 -0.962446
-8.07929 29.8004 30.5796 -0.162553 0.226059 -0.960455
-9.11752 30.0268 30.8086 -0.162851 0.22607 -0.960402
-21.6852 21.9991 30.3495 -0.10011 0.298482 -0.94915
-22.1161 22.6318 30.5939 -0.102212 0.304754 -0.946905
-23.6528 22.6525 30.7664 -0.100477 0.314638 -0.943879
-24.7787 21.606 30.5327 -0.0999824 0.318233 -0.942725
-24.5074 20.4821 30.1246 -0.093983 0.320325 -0.942613
-23.7692 19.7533 29.815 -0.0791542 0.320691 -0.943871
-22.9412 19.5326 29.6705 -0.0836009 0.314131 -0.945657
-21.6611 20.052 29.718 -0.0904058 0.307548 -0.947228
-21.4046 21.431 30.1412 -0.0952579 0.303016 -0.948189
-21.4503 21.6321 30.2093 -0.10011 0.298483 -0.94915
-18.3809 10.6515 26.4495 -0.057191 0.304764 -0.950702
-19.11 9.95031 26.2592 -0.0527903 0.313084 -0.948257
-19.3078 8.85382 25.9081 -0.0476362 0.31059 -0.949332
-18.4264 7.88939 25.5592 -0.0419128 0.305058 -0.951411
-17.374 7.864 25.5047 -0.0419128 0.305058 -0.951411
-16.5401 8.06342 25.5316 -0.0468561 0.303314 -0.951725
-16.1688 8.79809 25.7442 -0.0526615 0.297805 -0.953164
-16.5983 9.91712 26.1134 -0.0557786 0.294796 -0.953929
-17.5048 10.6687 26.4011 -0.0576101 0.295467 -0.953614
-18.1607 10.654 26.4361 -0.059252 0.299722 -0.952173
-14.3088 2.83553 23.7797 -0.0281731 0.305388 -0.951809
-14.8822 2.38683 23.6514 -0.0277083 0.307286 -0.951214
-15.5156 1.82977 23.4899 -0.0277078 0.307286 -0.951214
-15.7827 1.1278 23.2653 -0.0149985 0.31633 -0.948528
-15.5216 0.303492 22.9843 -0.0128047 0.317937 -0.948023
-14.7339 -0.680695 22.6457 -0.01094 0.317467 -0.948206
-13.446 -1.3525 22.4166 -0.00603897 0.303923 -0.952677
-11.7863 -1.2382 22.4351 -0.0172118 0.297569 -0.954514
-10.4577 -0.49807 22.6305 -0.0217093 0.291519 -0.956319
-10.0716 0.272299 22.8566 -0.0230016 0.295957 -0.954912
-10.3251 1.48194 23.2341 -0.0330273 0.289358 -0.956651
-10.9783 2.28525 23.4996 -0.0330273 0.289358 -0.956651
-12.4898 3.41748 23.8955 -0.0330757 0.290575 -0.95628
-13.4394 3.21925 23.8758 -0.0352673 0.298644 -0.953677
-12.8918 2.00962 23.4758 -0.0237076 0.300399 -0.953519
-12.0156 1.2572 23.2164 -0.0242939 0.300395 -0.953506
-11.9537 0.345173 22.9275 -0.024294 0.300395 -0.953505
-12.8887 -0.266181 22.7587 -0.0237074 0.3004 -0.953518
-13.9199 0.391305 22.9909 -0.0231208 0.300405 -0.953531
-13.7557 1.57563 23.36 -0.0231212 0.300405 -0.953532
-5.28314 -3.50492 21.6321 -0.0179194 0.27427 -0.961461
-5.4014 -4.73565 21.2797 -0.0117725 0.273819 -0.961709
-5.32031 -6.06422 20.8984 -0.0158564 0.271917 -0.962181
-5.60568 -7.21062 20.5721 -0.00448697 0.27941 -0.960147
-5.69999 -7.94335 20.3582 0.000782132 0.280095 -0.959972
-5.72532 -8.70809 20.1351 0.00554342 0.288207 -0.957503
-5.98908 -9.92701 19.7683 0.0183057 0.279775 -0.959891
-6.2409 -10.9879 19.4542 0.0183062 0.279776 -0.959891
-6.06204 -12.0439 19.1439 0.0261449 0.278205 -0.960119
-5.52699 -12.7504 18.9615 0.0253509 0.27084 -0.96229
-4.98824 -13.5488 18.751 0.02535 0.27084 -0.96229
-4.36637 -14.0646 18.6189 0.0294741 0.282186 -0.958899
-3.51112 -14.541 18.5085 0.0316293 0.279158 -0.959724
-2.63826 -15.1103 18.3717 0.0324855 0.276221 -0.96054
-1.67143 -15.4723 18.3147 0.036675 0.253432 -0.96652
-0.352076 -15.4612 18.3507 0.0244266 0.243175 -0.969675
0.745193 -15.357 18.4075 0.029654 0.240843 -0.970111
1.76577 -14.6701 18.6 0.0196613 0.238206 -0.971016
2.42675 -14.1015 18.7532 0.0197987 0.238491 -0.970943
2.74497 -13.2865 18.9584 0.0107863 0.23379 -0.972174
2.82539 -12.5425 19.1365 0.000709444 0.232717 -0.972544
2.65358 -11.63 19.3534 -0.0117 0.230546 -0.972957
1.97781 -10.836 19.5551 -0.0117806 0.236072 -0.971664
1.41616 -10.2016 19.7161 -0.0117797 0.236073 -0.971664
0.982923 -9.44692 19.9091 -0.0162239 0.247676 -0.968691
0.582035 -8.79678 20.0864 -0.0201495 0.251402 -0.967673
0.201594 -8.08945 20.278 -0.0201501 0.251402 -0.967673
-0.0751426 -7.39704 20.4637 -0.0219472 0.2474 -0.968654
0.185712 -6.28573 20.7363 -0.0253322 0.243826 -0.969487
0.274403 -5.1994 21.0075 -0.0299194 0.250476 -0.967634
-0.210937 -4.02027 21.3316 -0.0370198 0.24903 -0.967788
-0.921093 -2.88816 21.6501 -0.0370206 0.24903 -0.967788
-1.74176 -2.18654 21.8673 -0.0417193 0.250668 -0.967174
-2.67735 -1.90432 21.983 -0.0432657 0.253652 -0.966327
-3.53794 -2.12059 21.9648 -0.0378878 0.26073 -0.964626
-4.60403 -2.65663 21.8517 -0.0325041 0.267816 -0.962922
-4.77352 -2.83487 21.8078 -0.0263791 0.26792 -0.96306
-3.37317 -3.62408 21.5437 -0.0305578 0.264404 -0.963928
-3.94314 -4.45991 21.3325 -0.0305578 0.264404 -0.963928
-3.91313 -5.6961 20.9792 -0.0158564 0.271917 -0.962181
-4.06408 -6.85303 20.6595 -0.0148112 0.268159 -0.963261
-4.25873 -8.11088 20.2971 -0.00975473 0.278727 -0.960321
-4.47369 -9.35776 19.956 0.00518734 0.269759 -0.962844
-4.74909 -10.6628 19.5729 0.0105987 0.279597 -0.960059
-4.73443 -11.4647 19.3395 0.0149643 0.273625 -0.96169
-4.14007 -12.4946 19.0653 0.019328 0.267654 -0.963321
-3.01104 -13.3532 18.8487 0.0202168 0.265017 -0.964026
-2.06611 -13.9147 18.7175 0.021759 0.262171 -0.964776
-0.595157 -14.1772 18.6749 0.0185493 0.262881 -0.96465
0.410183 -13.9697 18.7507 0.0122603 0.254108 -0.967035
1.03827 -13.097 18.9755 0.00597139 0.245335 -0.96942
0.984169 -12.0798 19.2326 0.00493801 0.249778 -0.968279
0.401148 -11.1048 19.4865 0.00390542 0.254221 -0.967138
-0.219489 -10.036 19.7684 -0.00148623 0.256646 -0.966503
-0.932891 -8.74906 20.1091 -0.00139378 0.255182 -0.966892
-1.35285 -7.51326 20.4427 -0.00746443 0.260638 -0.965408
-1.28646 -6.69935 20.6609 -0.00735996 0.259456 -0.965727
-1.13119 -5.84252 20.8845 -0.0299194 0.250476 -0.967634
-1.32125 -5.04546 21.1028 -0.0329147 0.256697 -0.965931
-1.71689 -4.36707 21.2926 -0.0238712 0.260621 -0.965135
-2.45799 -3.65355 21.5085 -0.0267184 0.264004 -0.964151
-2.91053 -3.47459 21.57 -0.0286384 0.264204 -0.96404
-2.60464 -7.94729 20.3352 -0.00384338 0.260279 -0.965519
-2.54686 -8.72017 20.1261 -0.00746356 0.260637 -0.965408
-2.32714 -9.65277 19.8726 -0.0044289 0.257909 -0.96615
-1.66606 -10.6959 19.5945 -0.0015771 0.258109 -0.966115
-1.22931 -11.355 19.4177 -0.00157765 0.258109 -0.966115
-1.29922 -12.2712 19.173 0.001164 0.256164 -0.966627
-1.61107 -12.7896 19.0335 0.0201539 0.262525 -0.964713
-2.4385 -12.0884 19.2116 0.0186741 0.267862 -0.963276
-3.1446 -11.0772 19.4791 0.0190017 0.267759 -0.963299
-3.28819 -9.96361 19.7926 0.00518734 0.269759 -0.962844
-2.92952 -8.99014 20.0546 -0.000224016 0.259921 -0.96563
-2.88596 -8.79179 20.108 -0.000223993 0.259922 -0.96563
0.786159 -25.7869 15.7291 0.0794887 0.258903 -0.962618
0.219888 -26.3953 15.5158 0.0865239 0.264265 -0.960544
-0.465333 -26.8078 15.3361 0.0895482 0.268891 -0.958999
-1.1258 -27.6489 15.0256 0.10635 0.28193 -0.953523
-1.82569 -28.8973 14.5643 0.116282 0.288614 -0.950344
-2.17252 -29.7703 14.2613 0.117286 0.283752 -0.951698
-2.43603 -30.505 14.0097 0.129725 0.295746 -0.946244
-2.29187 -31.5269 13.7062 0.15067 0.291951 -0.944475
-1.83198 -32.2964 13.546 0.15572 0.289731 -0.944355
-1.34575 -32.9984 13.4108 0.139222 0.285348 -0.948097
-0.466488 -33.7327 13.3135 0.134176 0.268048 -0.953999
0.554486 -34.1907 13.332 0.135142 0.262585 -0.955398
2.28333 -34.2486 13.5606 0.135142 0.262586 -0.955398
3.39054 -33.7325 13.8648 0.133543 0.250604 -0.958754
3.95472 -32.9558 14.1384 0.123196 0.2542 -0.959273
4.41728 -32.2611 14.3819 0.113153 0.244863 -0.962828
4.60936 -31.1517 14.6727 0.103111 0.235526 -0.966383
4.66069 -29.8875 14.9994 0.102687 0.245553 -0.963929
4.0533 -28.78 15.2309 0.0907038 0.255103 -0.96265
3.59007 -27.6322 15.4896 0.090913 0.253723 -0.962995
2.73991 -26.7966 15.6327 0.0877571 0.253025 -0.963469
1.58792 -26.0302 15.7272 0.0879357 0.251012 -0.963982
1.46614 -25.9849 15.7293 0.0754785 0.258165 -0.963148
1.83581 -28.0137 15.225 0.102407 0.267585 -0.958077
0.404624 -28.051 15.0616 0.102406 0.267586 -0.958077
0.064643 -28.7527 14.8293 0.102421 0.268072 -0.957939
-0.75725 -29.8519 14.4148 0.122704 0.280489 -0.951982
-1.03733 -30.9776 14.047 0.122715 0.280728 -0.95191
-0.215716 -32.0754 13.8289 0.122726 0.280966 -0.951839
1.56135 -32.7992 13.865 0.13321 0.273511 -0.9526
2.46154 -32.6323 14.0388 0.123769 0.264299 -0.956368
2.92189 -31.9152 14.2842 0.114328 0.255087 -0.960135
3.26631 -31.1639 14.5248 0.118762 0.254644 -0.959704
3.13203 -29.9908 14.8232 0.090704 0.255103 -0.96265
2.67607 -29.1027 15.0104 0.108295 0.263684 -0.95848
2.38438 -28.8823 15.041 0.102422 0.268071 -0.957939
1.52846 -30.4139 14.52 0.108295 0.263685 -0.95848
0.708389 -30.8217 14.318 0.11257 0.274524 -0.954892
1.11364 -31.3269 14.2251 0.123769 0.264298 -0.956368
1.38836 -31.1185 14.3133 0.11424 0.256949 -0.959647
0.60878 -36.9833 12.5191 0.156496 0.279153 -0.947364
-0.462187 -37.2118 12.2713 0.1697 0.295655 -0.940101
-1.32525 -37.1814 12.1251 0.172038 0.294492 -0.940038
-2.83124 -37.5956 11.6873 0.192278 0.307653 -0.931868
-3.62197 -38.3913 11.2714 0.19406 0.295538 -0.935413
-4.33978 -38.8333 10.9658 0.206237 0.309479 -0.928271
-4.71118 -39.5206 10.6549 0.214008 0.318349 -0.923396
-4.61453 -40.3576 10.3818 0.227507 0.318997 -0.920027
-4.14004 -41.0667 10.2552 0.21761 0.317583 -0.922923
-3.49992 -41.7583 10.1682 0.223194 0.309765 -0.924195
-2.47254 -42.4869 10.1844 0.22878 0.301945 -0.925467
-1.17276 -43.4213 10.2009 0.22953 0.305066 -0.92425
-0.439032 -43.8711 10.2365 0.213156 0.280742 -0.935814
0.908258 -44.1368 10.4637 0.213156 0.280742 -0.935814
1.68314 -43.8828 10.7167 0.200167 0.275445 -0.940105
2.77506 -44.2147 10.8566 0.201253 0.258425 -0.944835
3.79003 -44.6667 10.9491 0.189889 0.259665 -0.946774
4.64615 -44.7616 11.0841 0.178527 0.260905 -0.948713
5.90942 -44.5255 11.4029 0.1889 0.239812 -0.952151
6.45277 -43.7084 11.7051 0.169318 0.239403 -0.956038
6.79407 -42.7816 12.0004 0.168551 0.242298 -0.955449
6.91299 -41.88 12.25 0.169359 0.241877 -0.955412
6.48841 -40.41 12.5718 0.152633 0.256029 -0.954452
5.85881 -39.5813 12.6908 0.144084 0.246022 -0.958495
4.96623 -38.9564 12.7091 0.164708 0.254698 -0.952891
4.25483 -38.7066 12.6529 0.164708 0.254698 -0.952891
3.16267 -38.4242 12.5547 0.149402 0.273175 -0.950292
2.40745 -38.0349 12.5338 0.166193 0.267351 -0.949159
1.2998 -37.3428 12.5349 0.165234 0.270845 -0.948329
1.18377 -37.265 12.5373 0.164273 0.274339 -0.947498
1.3417 -38.7699 12.1337 0.179866 0.284203 -0.941741
0.0745388 -38.4886 11.9766 0.179866 0.284204 -0.941741
-0.870776 -38.4554 11.8122 0.169828 0.290246 -0.941762
-2.07421 -38.8841 11.4357 0.192797 0.296784 -0.93528
-2.74685 -39.7913 11.0083 0.202468 0.301372 -0.931701
-2.28778 -40.9194 10.7426 0.214828 0.311251 -0.925698
-1.33525 -41.7708 10.6845 0.201333 0.289431 -0.935786
-0.443972 -42.375 10.6894 0.201333 0.28943 -0.935786
0.555311 -42.6527 10.8319 0.213471 0.283332 -0.934961
2.72603 -42.8903 11.2038 0.186862 0.26756 -0.945248
3.86189 -43.1354 11.3747 0.201339 0.250376 -0.946982
4.93243 -43.2312 11.5526 0.179867 0.25303 -0.950591
5.16113 -42.5944 11.7574 0.170167 0.241455 -0.955376
5.09247 -41.8451 11.9346 0.16577 0.253296 -0.952993
4.79678 -40.9175 12.1431 0.162988 0.264102 -0.950622
3.81858 -40.1195 12.1945 0.164604 0.263065 -0.950633
2.71533 -39.5267 12.1675 0.164656 0.258882 -0.951762
2.69704 -39.5175 12.1669 0.17303 0.275776 -0.94545
1.75263 -40.2341 11.7721 0.183741 0.277367 -0.94301
1.84736 -41.4324 11.4448 0.187598 0.272532 -0.943681
0.582617 -41.1003 11.2893 0.183742 0.277368 -0.94301
-0.674067 -40.7583 11.1406 0.201508 0.290472 -0.935425
-0.642959 -39.8065 11.4428 0.190696 0.286337 -0.938882
0.344244 -39.8847 11.6078 0.179885 0.282203 -0.942339
1.15702 -39.9424 11.7457 0.179884 0.282203 -0.942339
2.2823 -47.3276 9.85773 0.234301 0.24911 -0.939706
0.94397 -47.5506 9.47786 0.22565 0.267857 -0.936648
0.214456 -47.8221 9.21481 0.234977 0.287222 -0.928595
-0.522551 -48.4267 8.84551 0.254533 0.275643 -0.926769
-0.73676 -49.171 8.55654 0.271426 0.279456 -0.920995
-0.72783 -49.9435 8.32478 0.271426 0.279456 -0.920995
-0.0602416 -51.6433 8.01965 0.266499 0.271274 -0.924864
1.03999 -52.7828 7.99727 0.268816 0.262861 -0.926566
1.97953 -52.9771 8.22256 0.273562 0.254232 -0.927646
3.14099 -52.5082 8.67177 0.251495 0.250107 -0.934985
3.75261 -51.9728 8.9795 0.251495 0.250107 -0.934985
4.46954 -51.1307 9.40269 0.243668 0.25167 -0.936596
4.50204 -50.0751 9.68858 0.236745 0.247195 -0.939599
4.35487 -49.0541 9.91904 0.236286 0.245872 -0.940062
3.84923 -48.1923 10.0187 0.233648 0.248964 -0.939907
3.21353 -47.6843 9.99537 0.234017 0.249222 -0.939747
2.88545 -47.5086 9.96015 0.2343 0.249111 -0.939706
2.27133 -48.6692 9.49909 0.246367 0.266619 -0.931782
0.726482 -49.1876 8.9423 0.246367 0.26662 -0.931782
0.643345 -50.1447 8.64644 0.24843 0.261403 -0.932694
0.894702 -51.0215 8.4733 0.256625 0.264033 -0.929686
2.55272 -51.0672 8.9056 0.250542 0.256166 -0.933599
2.84634 -50.2726 9.20242 0.250542 0.256166 -0.933599
2.73497 -49.4493 9.39848 0.24843 0.261403 -0.932694
-4.0887 9.88887 25.1861 -0.0830134 0.250641 -0.964514
-5.63563 10.7262 25.5441 -0.0873324 0.254984 -0.962993
-6.26752 11.3 25.7533 -0.0843838 0.255375 -0.963148
-6.45649 12.7705 26.1568 -0.0951298 0.251666 -0.963127
-6.28699 13.5993 26.3567 -0.0951294 0.251666 -0.963127
-5.66312 14.887 26.6313 -0.103125 0.246072 -0.963706
-4.8538 15.3976 26.6659 -0.110456 0.240749 -0.964282
-3.91105 15.6711 26.6263 -0.110489 0.241062 -0.9642
-2.94435 15.7818 26.5387 -0.11986 0.226981 -0.96648
-1.98604 15.1414 26.2759 -0.116409 0.223008 -0.967841
-1.14853 13.343 25.7461 -0.110752 0.233252 -0.966089
-1.07749 12.3293 25.4934 -0.110257 0.230834 -0.966723
-1.26709 11.5596 25.3301 -0.09689 0.240295 -0.965852
-1.8591 10.8456 25.2119 -0.096889 0.240293 -0.965853
-3.02115 10.1225 25.1491 -0.0969902 0.239469 -0.966047
-3.32047 9.9871 25.1456 -0.0899922 0.245054 -0.965282
-4.03873 11.1899 25.518 -0.0951963 0.244823 -0.964873
-3.18242 11.6399 25.5437 -0.0994933 0.24433 -0.964575
-2.4846 12.5168 25.6938 -0.100812 0.240778 -0.965323
-2.68671 13.3037 25.9084 -0.10213 0.237227 -0.966071
-3.591 14.1401 26.2094 -0.102129 0.237227 -0.966071
-4.65397 13.6307 26.2025 -0.103125 0.246072 -0.963705
-5.1408 12.4142 25.933 -0.0933622 0.248513 -0.96411
-4.65109 11.5495 25.6671 -0.090899 0.245316 -0.965172
5.79986 37.1819 29.4027 -0.185609 0.151097 -0.970937
6.84287 36.8477 29.1513 -0.185818 0.151599 -0.970819
7.62625 36.8484 29.0013 -0.186025 0.1521 -0.970701
8.36997 36.9225 28.8703 -0.182506 0.150978 -0.971536
9.49373 37.9388 28.8147 -0.183881 0.146947 -0.971902
10.0931 39.106 28.8756 -0.183645 0.140197 -0.972936
10.3747 39.9762 28.9442 -0.185187 0.136738 -0.973144
10.1755 40.8227 29.1011 -0.187045 0.138454 -0.972542
9.06489 41.8967 29.4655 -0.189603 0.132767 -0.972843
8.21809 42.417 29.7015 -0.189603 0.132767 -0.972843
7.23686 42.6171 29.926 -0.200045 0.134492 -0.970512
6.45315 42.3436 30.0492 -0.198882 0.135176 -0.970656
5.73592 41.7954 30.1198 -0.196894 0.140646 -0.970267
4.96045 40.6935 30.1096 -0.194905 0.146116 -0.969877
4.76929 39.9606 30.0376 -0.194905 0.146115 -0.969877
4.79086 39.0949 29.9033 -0.193355 0.148856 -0.969765
4.88419 38.1056 29.7296 -0.192477 0.153481 -0.969223
5.48857 37.465 29.5069 -0.19293 0.15486 -0.968915
5.57049 37.3866 29.4784 -0.185608 0.151097 -0.970937
6.52648 38.7117 29.4997 -0.187991 0.1431 -0.971689
6.54575 39.7432 29.6484 -0.194685 0.14561 -0.969998
7.4398 41.0699 29.6681 -0.191147 0.14384 -0.970957
8.4526 40.5827 29.4013 -0.188902 0.140169 -0.971941
8.71395 39.4783 29.1904 -0.187042 0.143451 -0.971821
