42.4505 39.971 28.2058 0.373871 0.924311 0.0765785
42.766 39.8288 28.395 0.372277 0.925094 0.0749064
42.3818 39.9778 28.4638 0.372278 0.925094 0.0749018
42.1834 40.0783 28.2222 0.375478 0.923522 0.0782494
42.3349 40.014 28.253 0.375472 0.923525 0.0782484
42.4388 40.0021 27.8957 0.375472 0.923525 0.0782484
41.868 40.2165 27.9043 0.329976 0.941789 0.064412
41.3781 40.3894 27.8862 0.329979 0.941788 0.0644118
40.9653 40.5305 27.9385 0.328371 0.942212 0.0663492
40.5544 40.6673 28.0165 0.303055 0.950611 0.0618834
40.1304 40.7844 28.1285 0.27935 0.958585 0.0554787
39.686 40.9027 28.3208 0.279352 0.958585 0.0554768
39.3546 40.9942 28.4083 0.280492 0.958339 0.0539164
38.914 41.1205 28.5788 0.280416 0.958938 0.0401395
38.5802 41.211 28.5712 0.234054 0.9713 0.0423561
38.0645 41.3368 28.5804 0.237626 0.970495 0.0408655
37.6419 41.4367 28.6526 0.236409 0.970842 0.0396996
37.1127 41.5586 28.8226 0.23641 0.970842 0.0397002
36.5659 41.6767 28.9507 0.201268 0.978132 0.0524407
36.1425 41.7576 29.0674 0.201268 0.978132 0.0524406
35.5118 41.883 29.4639 0.197354 0.979851 0.0234878
35.1964 41.9369 29.5794 0.178624 0.9835 0.0286682
34.6955 42.0379 29.6341 0.204638 0.978782 0.010407
33.7842 42.1895 29.7003 0.156768 0.987607 -0.00120285
33.4389 42.2431 29.7531 0.152474 0.988282 -0.00716855
32.8179 42.343 30.2467 0.148589 0.988868 -0.0023715
31.7446 42.4923 30.2286 0.136628 0.990587 0.00833617
31.7465 42.4922 30.2432 0.141775 0.989434 -0.0303192
32.7705 42.3531 30.4893 0.149223 0.988461 -0.0241148
33.7763 42.1907 29.7104 0.161061 0.986933 0.00476635
33.9167 42.1654 30.1944 0.16106 0.986933 0.0047661
34.2653 42.1086 30.1932 0.161017 0.98694 0.00474506
34.59 42.0546 30.1424 0.204813 0.978746 0.0104094
34.9728 41.9748 30.1205 0.204461 0.978819 0.0104046
35.3713 41.8919 30.0986 0.204212 0.97887 0.0105216
36.1277 41.7361 30.0281 0.216083 0.976203 0.0183092
36.7572 41.5987 29.9257 0.213832 0.976743 0.0153447
37.1161 41.5193 29.8496 0.232162 0.972373 0.0213785
37.5878 41.4026 29.7709 0.240978 0.969988 0.0301151
38.4883 41.1835 29.7105 0.236448 0.970725 0.0421885
38.8979 41.0722 29.6801 0.268335 0.962219 0.0461649
39.3399 40.9565 29.5212 0.280423 0.958937 0.0401364
39.6499 40.8664 29.3876 0.2925 0.955657 0.0341088
40.2504 40.6925 29.1118 0.287062 0.956876 0.0432412
41.0411 40.4329 28.9225 0.326759 0.942638 0.0682836
41.823 40.1759 28.7289 0.328369 0.942213 0.0663461
42.6272 39.8564 28.744 0.372278 0.925094 0.0749018
43.269 39.6104 28.592 0.375916 0.923899 0.0711992
43.7574 39.4145 28.3958 0.41357 0.907828 0.0676578
44.2313 39.1954 28.3385 0.425862 0.901743 0.0741773
44.572 39.0429 28.2359 0.425863 0.901742 0.0741778
45.0479 38.8349 28.0328 0.439083 0.895851 0.0662198
45.6174 38.5493 27.8442 0.465019 0.883551 0.0556311
46.426 38.1466 27.4802 0.464898 0.883597 0.0559143
47.0059 37.8441 27.1738 0.486513 0.871897 0.0556876
47.3972 37.6248 27.1885 0.486511 0.871898 0.0556883
47.698 37.4598 27.1446 0.486672 0.871814 0.0555974
48.098 37.2393 26.9734 0.500608 0.864489 0.0452877
48.5741 36.9473 26.8364 0.534557 0.84386 0.0463517
48.9687 36.7224 26.38 0.539718 0.8409 0.0387139
49.2692 36.5325 26.2302 0.550008 0.834571 0.0307422
49.7014 36.2517 26.0161 0.555131 0.831207 0.0304119
50.0391 36.0249 26.0499 0.552492 0.833101 0.0257568
50.3153 35.8374 25.9488 0.576012 0.817135 0.0202562
50.5589 35.6745 25.6988 0.576593 0.81649 0.0297367
51.0206 35.3565 25.4788 0.576588 0.816493 0.0297426
51.4439 35.0402 25.406 0.614842 0.788597 0.00877096
52.064 34.5619 25.1334 0.612911 0.790113 0.00790418
52.3738 34.3098 24.9442 0.635333 0.771743 -0.0276529
52.0358 34.5862 24.8915 0.624119 0.78093 -0.00987568
51.5663 34.9496 24.9749 0.614842 0.788597 0.00877097
51.1479 35.2781 24.9192 0.616772 0.787083 0.00963685
50.7533 35.5629 24.9911 0.576583 0.816497 0.0297444
50.2837 35.8908 25.0935 0.567156 0.823064 0.0276307
49.728 36.2549 25.4033 0.55772 0.829637 0.0255291
49.2554 36.5594 25.7476 0.550005 0.834573 0.0307377
48.7322 36.8945 25.8856 0.544882 0.837937 0.0310728
48.2468 37.1905 26.1835 0.534485 0.843906 0.0463636
47.9802 37.3394 26.3635 0.500581 0.864504 0.0452849
47.6685 37.5095 26.5634 0.50058 0.864505 0.0452858
47.0018 37.8861 26.5512 0.484667 0.873003 0.0543873
46.5229 38.1437 26.6658 0.482827 0.874105 0.0530868
46.1758 38.3237 26.7653 0.464781 0.88364 0.0561993
45.7051 38.5655 26.8559 0.464781 0.88364 0.0561994
45.4073 38.7149 26.969 0.464899 0.883596 0.0559142
45.0588 38.8842 27.1951 0.45866 0.886756 0.0569441
44.668 39.0812 27.2195 0.439088 0.895848 0.0662191
44.2526 39.2686 27.326 0.413568 0.907828 0.0676605
43.9101 39.4121 27.4293 0.401276 0.913914 0.0611391
43.5504 39.5581 27.6072 0.401275 0.913915 0.0611366
43.2599 39.6798 27.6949 0.390415 0.91831 0.0643111
43.0023 39.7688 27.9264 0.379557 0.922703 0.0674917
42.6748 39.9123 27.83 0.381202 0.920759 0.0817243
42.6081 39.9391 27.8265 0.371772 0.924713 0.0816353
42.5765 39.977 27.5515 0.368084 0.925896 0.0850316
42.8889 39.8577 27.3906 0.394333 0.915614 0.0784349
43.7598 39.4964 27.1548 0.401275 0.913915 0.0611366
44.4329 39.2155 26.9364 0.413568 0.907828 0.0676605
44.7541 39.0593 26.8854 0.452308 0.889957 0.0582581
45.0893 38.8924 26.8094 0.464899 0.883596 0.0559142
45.6758 38.598 26.5867 0.464781 0.88364 0.0561994
46.3463 38.2603 26.3515 0.473805 0.878872 0.0546434
46.7299 38.0519 26.2942 0.482827 0.874105 0.0530868
47.1884 37.8034 26.2162 0.484667 0.873003 0.0543873
47.7085 37.5138 26.0373 0.50058 0.864505 0.0452858
48.1879 37.2491 25.793 0.500634 0.864473 0.0452877
48.723 36.9124 25.5641 0.544882 0.837937 0.0310728
49.2453 36.5792 25.392 0.550005 0.834573 0.0307377
49.7822 36.2285 25.0772 0.55772 0.829637 0.0255291
50.3375 35.8646 24.77 0.567156 0.823064 0.0276307
50.6413 35.6552 24.6321 0.576583 0.816497 0.0297444
50.9016 35.4763 24.496 0.596677 0.80179 0.0196873
51.2498 35.2027 24.5602 0.616772 0.787083 0.00963685
51.6637 34.8775 24.6318 0.614842 0.788597 0.00877097
52.2482 34.3997 24.5679 0.635331 0.771745 -0.0276538
52.8154 33.9329 24.5713 0.632903 0.773677 -0.02909
52.9946 33.7971 24.8214 0.630478 0.775606 -0.0305378
52.7898 33.9781 25.1917 0.63048 0.775604 -0.030542
52.4543 34.2572 25.3254 0.624123 0.780927 -0.00987398
52.1539 34.4881 25.5392 0.608043 0.793504 -0.0128987
51.7378 34.8112 25.7319 0.60317 0.7969 -0.0337137
51.3431 35.1148 25.7611 0.614842 0.788597 0.00877096
50.8735 35.4427 26.0961 0.575429 0.817781 0.0107741
50.4147 35.7623 26.3383 0.5753 0.817869 0.0109299
49.9375 36.0801 26.5122 0.549952 0.834928 0.0211729
49.5816 36.3129 26.5778 0.549862 0.834989 0.0210978
49.2799 36.5118 26.6037 0.550008 0.834571 0.0307422
49.0691 36.6325 26.8586 0.527542 0.848691 0.0349484
48.8335 36.7681 27.1496 0.520521 0.853524 0.0235281
48.3537 37.0587 27.35 0.534485 0.843906 0.0463635
48.0892 37.2193 27.4516 0.500661 0.864458 0.0452895
47.3774 37.609 27.6089 0.488049 0.871709 0.0416222
46.9646 37.8389 27.6707 0.489519 0.871545 0.0279397
46.5285 38.0803 27.7834 0.472208 0.880648 0.0326847
46.2739 38.2036 27.9455 0.454791 0.889807 0.0375423
45.6856 38.4919 28.2358 0.454665 0.889875 0.0374517
45.217 38.7289 28.3385 0.458661 0.886755 0.0569462
44.6435 38.9808 28.5805 0.421799 0.904822 0.0544875
44.2709 39.1474 28.7057 0.417737 0.907901 0.0348177
43.5746 39.4683 28.7905 0.41357 0.907828 0.0676578
43.0967 39.6536 28.9806 0.375054 0.926464 0.0316036
42.6677 39.8241 29.0734 0.375032 0.926471 0.0316559
42.2222 40.0054 29.0465 0.375009 0.926478 0.0317369
41.7938 40.1677 29.1593 0.336344 0.940845 0.0373361
41.0292 40.4188 29.4041 0.321055 0.946513 0.032209
40.7081 40.5281 29.3906 0.321013 0.946522 0.0323457
40.3365 40.6501 29.4692 0.308601 0.950341 0.0392607
40.0339 40.737 29.6637 0.300345 0.952941 0.0411912
39.7403 40.8242 29.7888 0.300508 0.952882 0.0413519
39.2996 40.9462 29.9718 0.268741 0.962424 0.0381275
38.6587 41.1215 30.0949 0.269137 0.962632 0.030087
38.2237 41.2358 30.1616 0.243133 0.969822 0.0182237
37.747 41.3537 30.247 0.243078 0.969835 0.0182582
37.4177 41.4355 30.2884 0.243036 0.969844 0.0183181
36.8506 41.5667 30.3634 0.22129 0.974901 0.0244562
36.1096 41.7318 30.4882 0.216436 0.976091 0.018422
35.7948 41.8001 30.5456 0.197353 0.979852 0.0234888
35.3484 41.8915 30.5724 0.204383 0.978835 0.010448
34.9655 41.9713 30.5994 0.204461 0.978819 0.0104046
34.5979 42.0478 30.6287 0.20481 0.978746 0.0104089
34.2708 42.1054 30.6699 0.16102 0.98694 0.00474428
33.8735 42.1699 30.7244 0.161044 0.986936 0.00475784
33.4622 42.2372 30.6972 0.161197 0.986912 0.00449238
33.0098 42.3158 30.6835 0.178372 0.983759 -0.0200554
32.5141 42.4006 30.8702 0.156681 0.987487 -0.0179054
32.0569 42.4716 31.0217 0.141799 0.98943 -0.0303629
31.5754 42.5424 31.0785 0.141727 0.989442 -0.0302982
31.0778 42.6165 31.192 0.139981 0.98973 -0.0289737
30.6561 42.6787 31.279 0.139939 0.989736 -0.0289669
30.3108 42.7252 31.315 0.120802 0.992195 -0.0309235
29.9347 42.7735 31.3544 0.134737 0.989971 -0.042466
29.5085 42.8334 31.3986 0.134816 0.989959 -0.0425031
29.0991 42.8891 31.3971 0.127746 0.990777 -0.0445813
28.6155 42.9446 31.3848 0.110822 0.992917 -0.0428119
28.2758 42.9888 31.452 0.119607 0.991194 -0.0568158
28.0911 42.9933 31.1425 0.119486 0.991218 -0.0566588
28.4304 42.9469 30.9497 0.11022 0.993031 -0.0417314
28.8852 42.888 30.8193 0.120681 0.991594 -0.0466581
29.2933 42.8334 30.7146 0.12775 0.990776 -0.0445877
29.9106 42.7483 30.4896 0.120983 0.992175 -0.030851
30.5577 42.6607 30.2105 0.120901 0.992184 -0.0308855
30.8489 42.6168 30.1111 0.139202 0.990011 -0.0109917
31.3267 42.5518 30.0095 0.136628 0.990587 0.00833587
31.7908 42.4876 30.0267 0.136627 0.990587 0.00834436
32.2817 42.4194 29.8789 0.141402 0.989952 -0.000459835
32.6787 42.3627 29.7123 0.148588 0.988868 -0.00237019
33.2187 42.2765 29.4748 0.155782 0.987782 -0.00428376
33.6874 42.2023 29.4063 0.154129 0.988032 -0.00572656
34.0631 42.1435 29.2925 0.152474 0.988282 -0.00716855
34.5013 42.075 29.1711 0.156768 0.987607 -0.00120285
35.0719 41.9734 29.1032 0.178624 0.9835 0.0286682
35.3999 41.9158 29.0364 0.197354 0.979851 0.0234878
36.0479 41.7921 28.7868 0.201268 0.978132 0.0524406
36.7021 41.6685 28.5825 0.218839 0.974487 0.0460708
37.4458 41.4926 28.4554 0.23641 0.970842 0.0397002
38.331 41.2839 28.2866 0.237626 0.970495 0.0408655
38.6989 41.1977 28.2205 0.251195 0.96676 0.0442631
39.0447 41.0986 28.1657 0.280492 0.958339 0.0539164
39.7779 40.8961 27.9719 0.279352 0.958585 0.0554768
40.6299 40.6618 27.7303 0.303055 0.950611 0.0618834
41.4555 40.3805 27.6199 0.329979 0.941788 0.0644118
42.2763 40.0988 27.5337 0.352727 0.932656 0.0713316
42.465 40.0256 27.5047 0.368081 0.925897 0.0850347
45.7562 38.5203 27.144 0.464898 0.883597 0.0559143
45.1905 38.7874 27.63 0.465019 0.883551 0.0556311
44.9018 38.9296 27.7201 0.439083 0.895851 0.0662198
44.0666 39.3022 27.9857 0.425862 0.901743 0.0741773
43.3491 39.6165 28.0557 0.401278 0.913913 0.0611384
43.9808 39.36 27.7431 0.401276 0.913914 0.0611391
44.8113 38.9883 27.5263 0.439088 0.895848 0.0662191
45.1052 38.8386 27.5309 0.45866 0.886756 0.0569441
37.798 41.3897 28.8742 0.237626 0.970495 0.0408655
38.4452 41.2286 28.9148 0.236448 0.970724 0.0421938
39.0732 41.0592 28.931 0.280416 0.958938 0.0401395
39.3542 40.9785 28.7829 0.292498 0.955658 0.0341099
39.2642 40.9933 29.141 0.2925 0.955657 0.0341088
38.697 41.1495 29.2356 0.268335 0.962219 0.0461649
38.2548 41.2592 29.2899 0.238843 0.970148 0.0420266
37.7461 41.3936 29.0775 0.23884 0.970149 0.0420273
37.3531 41.4926 29.0055 0.236409 0.970842 0.0397004
41.2099 40.4294 28.1639 0.328371 0.942212 0.0663492
41.7422 40.2425 28.1687 0.329977 0.941789 0.0644112
41.3986 40.3514 28.3378 0.328369 0.942213 0.0663461
40.5873 40.6205 28.5043 0.326759 0.942638 0.0682836
39.932 40.8193 28.5234 0.279352 0.958585 0.05548
40.3846 40.6988 28.3276 0.27935 0.958585 0.0554787
40.479 40.6727 28.3027 0.303055 0.950611 0.0618834
30.3107 42.7063 30.7103 0.120985 0.992175 -0.0308529
30.0546 42.743 30.8851 0.120982 0.992175 -0.0308543
27.6291 43.0486 31.1937 0.107928 0.992569 -0.0561951
27.5837 43.0617 31.3369 0.107898 0.992571 -0.0562281
