42.5704 41.6038 28.4791 0.324048 0.943636 0.0674067
42.5628 41.6062 28.4813 0.324048 0.943636 0.0674067
42.4265 41.6683 28.2682 0.324048 0.943636 0.0674067
42.7257 41.57 28.2058 0.343516 0.935466 0.0794268
43.1647 41.3983 28.2037 0.381091 0.920877 0.0789296
43.4687 41.2686 28.1625 0.399196 0.914457 0.0664124
43.9622 41.0551 28.1366 0.399195 0.914457 0.0664129
44.636 40.7721 27.9196 0.407523 0.910095 0.0751026
44.7618 40.6929 28.1956 0.407523 0.910095 0.0751026
44.1775 40.9277 28.5536 0.41025 0.909003 0.0735454
43.468 41.2277 28.7299 0.381091 0.920877 0.0789295
43.0882 41.3658 28.8378 0.362985 0.927297 0.0914466
42.7926 41.4788 28.8644 0.362985 0.927297 0.0914465
42.3975 41.6072 29.131 0.362756 0.929128 0.0674557
42.1206 41.7058 29.2208 0.322058 0.944911 0.0584956
41.6236 41.8868 29.0664 0.324518 0.943856 0.0618422
41.4198 41.9387 29.3432 0.324519 0.943855 0.0618441
41.0922 42.0438 29.459 0.305758 0.94974 0.0641411
40.6389 42.1822 29.4257 0.286997 0.955625 0.066434
40.2861 42.3168 29.0135 0.286996 0.955625 0.0664321
40.0535 42.3465 29.5913 0.286952 0.955629 0.0665744
39.7161 42.4504 29.6567 0.300466 0.953427 0.0263764
39.2019 42.5861 29.7914 0.253566 0.966616 0.0368375
38.8546 42.6754 29.8357 0.256385 0.965633 0.042205
38.3749 42.8017 29.8887 0.259247 0.964636 0.0476184
37.7008 42.9729 30.0915 0.24008 0.969513 0.0448057
37.2384 43.0614 30.1915 0.196209 0.979375 0.0377686
36.6465 43.1907 30.2777 0.215351 0.976424 0.0148664
36.1359 43.3027 30.3148 0.215349 0.976424 0.0148658
35.5509 43.431 30.3623 0.1949 0.980544 0.0082142
35.0794 43.5101 30.4145 0.168835 0.985483 -0.00489361
34.3906 43.6378 30.4689 0.180981 0.983343 -0.0167844
34.0887 43.6941 30.5114 0.181117 0.983318 -0.0167814
33.3245 43.8149 30.5732 0.14487 0.989004 -0.0296414
32.9987 43.8641 30.6 0.146696 0.988706 -0.0306605
32.4868 43.9417 30.6524 0.146738 0.9887 -0.0306732
31.6245 44.0542 30.7786 0.119993 0.991446 -0.0511276
30.9811 44.148 30.954 0.128606 0.989621 -0.0641159
30.8602 44.1554 30.8255 0.132339 0.989034 -0.0654391
31.2444 44.0954 30.6697 0.125867 0.99025 -0.0594394
31.5991 44.0488 30.6052 0.116858 0.992012 -0.0474933
32.2995 43.9519 30.3042 0.116857 0.992013 -0.0474916
32.9402 43.8624 30.2652 0.146692 0.988707 -0.0306607
33.3005 43.8073 30.1904 0.143093 0.989295 -0.0286316
33.7852 43.734 30.0779 0.143091 0.989295 -0.0286302
34.1757 43.6689 29.9753 0.181047 0.983331 -0.0167849
34.5396 43.5998 29.8469 0.168834 0.985483 -0.00489397
34.9415 43.5368 29.7411 0.156684 0.987624 0.00699896
35.3016 43.4763 29.6608 0.17445 0.984665 0.00156315
35.8191 43.3848 29.509 0.194897 0.980545 0.00821846
36.3615 43.2664 29.432 0.196208 0.979375 0.0377705
36.9002 43.1748 29.343 0.177065 0.982327 0.0606702
37.3554 43.087 29.2607 0.220912 0.974389 0.041993
37.8364 42.9814 29.1817 0.24008 0.969513 0.0448058
38.4298 42.8333 28.9505 0.251477 0.965373 0.0663525
39.0837 42.6649 28.9904 0.243706 0.966109 0.0850865
39.77 42.4782 28.8836 0.282027 0.957546 0.0597204
40.3222 42.3268 28.7096 0.280835 0.957945 0.0589306
41.0176 42.1225 28.6477 0.305758 0.94974 0.0641357
41.3817 42.0077 28.4905 0.32025 0.94488 0.0677274
41.728 41.8951 28.4506 0.320014 0.94477 0.0705146
41.9818 41.8117 28.3976 0.324051 0.943635 0.0674082
42.153 41.7745 28.0951 0.324051 0.943635 0.0674082
41.5685 41.9665 28.2171 0.320014 0.94477 0.0705146
41.0923 42.1222 28.2607 0.32025 0.94488 0.0677274
40.8 42.2106 28.3214 0.283915 0.956785 0.0626807
40.4291 42.3143 28.4038 0.280829 0.957947 0.0589232
39.6959 42.5232 28.5105 0.282027 0.957546 0.0597175
39.0893 42.6926 28.6588 0.262869 0.961827 0.0724054
38.7769 42.7645 28.7377 0.243706 0.966109 0.0850878
38.0573 42.9412 28.7918 0.251477 0.965373 0.0663525
37.4775 43.0747 28.9036 0.220912 0.974389 0.0419931
37.0034 43.1797 28.9631 0.198989 0.978358 0.0513315
36.5827 43.249 29.068 0.177065 0.982327 0.0606702
36.0728 43.3339 29.182 0.196208 0.979375 0.0377705
35.4933 43.4429 29.2718 0.174447 0.984665 0.00156445
35.0044 43.5294 29.37 0.165566 0.986144 0.00428123
34.6817 43.5799 29.4678 0.156684 0.987624 0.00699896
34.2881 43.6415 29.5825 0.168834 0.985483 -0.00489397
33.5934 43.7518 29.7356 0.143091 0.989295 -0.0286302
32.9268 43.8519 29.8633 0.14487 0.989004 -0.0296421
32.0436 43.9714 30.0806 0.116857 0.992013 -0.0474916
31.1602 44.0894 30.3727 0.119993 0.991446 -0.051128
30.8478 44.1315 30.4326 0.125867 0.99025 -0.0594394
30.4748 44.1892 30.5903 0.102657 0.991367 -0.0815618
29.6078 44.2982 30.7801 0.107966 0.99092 -0.0801272
29.2689 44.3445 30.8963 0.107963 0.99092 -0.0801291
28.7363 44.412 31.0138 0.109348 0.99064 -0.0816728
28.4477 44.4603 31.2049 0.101504 0.991068 -0.0859648
28.7724 44.4495 31.5082 0.11061 0.990383 -0.0831142
29.1105 44.4103 31.4908 0.110736 0.990361 -0.0832061
29.5856 44.3545 31.446 0.108003 0.990919 -0.0800973
29.9266 44.3124 31.3855 0.108046 0.990917 -0.0800627
30.2414 44.2768 31.3619 0.119301 0.989911 -0.0741943
30.6922 44.2135 31.3432 0.136074 0.988447 -0.0667625
31.0355 44.1644 31.316 0.132339 0.989034 -0.065439
31.4453 44.1057 31.2316 0.128606 0.989621 -0.0641159
31.9522 44.0308 31.093 0.125867 0.99025 -0.0594392
32.5519 43.9436 31.0254 0.146738 0.9887 -0.0306732
33.0667 43.8661 30.9892 0.146696 0.988706 -0.0306605
33.5253 43.7963 30.9315 0.14487 0.989004 -0.0296414
33.9345 43.7288 30.8781 0.181118 0.983318 -0.0167834
34.6879 43.5884 30.7815 0.180981 0.983343 -0.0167844
35.3431 43.4663 30.6917 0.168835 0.985483 -0.00489361
36.4626 43.2263 30.5978 0.215349 0.976424 0.0148658
37.5344 42.9922 30.4478 0.196209 0.979375 0.0377686
38.0283 42.8741 30.3091 0.256384 0.965633 0.0422029
38.5677 42.7361 30.2204 0.253518 0.966631 0.0367814
39.0891 42.6021 30.1472 0.253611 0.966603 0.0368807
39.4919 42.5025 29.9867 0.253612 0.966603 0.036885
39.8318 42.4081 29.8647 0.2998 0.953623 0.0268906
40.3963 42.2301 29.8548 0.301138 0.95323 0.0258619
40.5771 42.1775 29.7601 0.286947 0.955629 0.0665979
41.1235 42.0106 29.8003 0.305758 0.94974 0.0641411
41.4968 41.8909 29.6683 0.324463 0.94388 0.0617649
41.8895 41.7625 29.5775 0.322098 0.944895 0.058536
42.3161 41.621 29.5137 0.342321 0.937925 0.0509713
42.6853 41.4836 29.3769 0.362544 0.930955 0.0434067
43.1651 41.3058 29.184 0.362528 0.930959 0.0434647
43.4594 41.1956 29.0895 0.362757 0.929128 0.0674556
43.8469 41.0422 28.9827 0.405895 0.911621 0.063839
44.3466 40.8324 28.8191 0.401526 0.914248 0.0541099
44.7089 40.6844 28.6314 0.401543 0.914244 0.0540442
45.1054 40.506 28.574 0.42576 0.903281 0.0525398
45.6105 40.2647 28.5939 0.429005 0.902094 0.0467019
45.9774 40.0872 28.5208 0.447019 0.893352 0.0455078
46.27 39.9473 28.4177 0.443208 0.895395 0.0428172
46.5689 39.8033 28.3345 0.443462 0.895267 0.0428834
46.8497 39.6614 28.2669 0.474719 0.879093 0.0428587
47.1516 39.5033 28.1645 0.474851 0.879023 0.0428364
47.4406 39.3498 28.0604 0.493266 0.869513 0.0252263
47.7291 39.1925 27.9751 0.483678 0.874669 0.0317851
48.0704 39.01 27.8041 0.483632 0.874696 0.0317463
48.3667 38.8446 27.7184 0.509344 0.859448 0.0437835
48.7069 38.6499 27.5822 0.509547 0.859325 0.0438432
49.1197 38.4104 27.3514 0.524786 0.850585 0.033221
49.3031 38.3064 27.1185 0.524798 0.850578 0.0332261
49.1157 38.4265 27.0026 0.524777 0.850591 0.033217
48.6605 38.7087 26.9699 0.517164 0.854957 0.0385322
47.8957 39.1301 27.159 0.483717 0.874646 0.0318221
47.1186 39.5536 27.3298 0.488491 0.87208 0.0285231
46.8348 39.714 27.3526 0.484103 0.874243 0.0340058
46.2899 39.9861 27.4682 0.450826 0.89131 0.0481937
45.8431 40.2073 27.5561 0.450688 0.891379 0.0481983
45.3549 40.4523 27.5434 0.453475 0.888076 0.0753749
44.8709 40.6911 27.6412 0.429135 0.899632 0.076017
44.5359 40.835 27.7003 0.407523 0.910095 0.0751026
43.79 41.1519 27.838 0.399195 0.914457 0.0664129
43.0081 41.4864 27.932 0.381091 0.920877 0.0789296
42.2826 41.7327 28.0574 0.324048 0.943636 0.0674067
36.9424 43.1306 29.9352 0.196209 0.979375 0.0377686
35.8092 43.3791 30.0319 0.215349 0.976424 0.0148658
35.2318 43.4881 29.9995 0.174451 0.984665 0.00156296
35.6573 43.413 29.8241 0.174447 0.984665 0.00156445
36.6501 43.1989 29.682 0.196208 0.979375 0.0377705
37.2177 43.1006 29.6179 0.177065 0.982327 0.0606702
37.7216 42.9932 29.5115 0.220912 0.974389 0.0419931
38.4187 42.8211 29.2586 0.259247 0.964636 0.0476184
37.94 42.9278 29.7033 0.259247 0.964636 0.0476184
37.3238 43.0726 29.7607 0.198989 0.978358 0.0513317
39.6686 42.4847 29.2568 0.281431 0.957746 0.0593266
39.6996 42.4607 29.4771 0.286952 0.955629 0.0665744
39.3593 42.5541 29.5465 0.256385 0.965633 0.042205
38.999 42.6684 29.1931 0.251477 0.965373 0.0663525
39.4945 42.5317 29.3253 0.262867 0.961828 0.0724047
45.352 40.432 27.7995 0.453475 0.888076 0.0753749
45.7089 40.2449 28.0728 0.428988 0.902102 0.0467009
46.2982 39.9594 27.8853 0.450826 0.89131 0.0481937
46.5781 39.8203 27.8837 0.443336 0.895331 0.0428501
47.0812 39.5643 27.6917 0.484103 0.874243 0.0340058
46.823 39.6959 27.8542 0.474854 0.879022 0.0428361
46.2814 39.9596 28.0423 0.443211 0.895394 0.0428193
45.854 40.1719 28.11 0.450701 0.891373 0.0482029
45.317 40.431 28.0777 0.428997 0.902098 0.0467027
44.9741 40.6128 27.9432 0.453474 0.888077 0.0753749
50.3085 37.6775 26.5729 0.544483 0.838155 0.0321537
50.5327 37.5307 26.6024 0.544274 0.83829 0.0321768
50.2261 37.7179 26.9137 0.544484 0.838156 0.0321185
49.7802 38.0076 26.9123 0.544493 0.838151 0.0320888
49.9398 37.9139 26.6534 0.544481 0.838157 0.032154
50.7953 37.348 26.5616 0.576672 0.816778 0.0179527
50.8258 37.3304 26.3798 0.57666 0.816786 0.018001
51.1134 37.126 26.4426 0.576648 0.816793 0.0180583
51.0137 37.1955 26.4855 0.576673 0.816777 0.0179597
