-43.6318 44.4859 -54.2411 -0.347553 0.937209 -0.0290625
-43.213 44.6716 -53.2841 -0.347603 0.937171 -0.0297109
-42.0981 45.094 -52.8867 -0.343519 0.938731 -0.0279042
-41.1567 45.4232 -53.2303 -0.340344 0.939906 -0.0271861
-40.6612 45.5777 -54.1693 -0.341827 0.939408 -0.0258197
-40.9204 45.4565 -55.3158 -0.342376 0.939324 -0.0212
-41.6417 45.1819 -55.8276 -0.344569 0.93849 -0.0224221
-42.9014 44.717 -55.6716 -0.351069 0.93607 -0.0228859
-43.5371 44.5 -54.9354 -0.347433 0.937277 -0.0283243
-43.6256 44.4783 -54.5671 -0.347433 0.937277 -0.0283279
-44.5052 44.1492 -54.617 -0.350748 0.936044 -0.0282486
-44.4349 44.2096 -53.5403 -0.348775 0.936741 -0.029546
-43.9711 44.4092 -52.6969 -0.347806 0.937067 -0.0305913
-43.1496 44.731 -52.1555 -0.345561 0.937951 -0.0288088
-41.9144 45.1891 -51.9491 -0.34119 0.939567 -0.0282273
-40.589 45.649 -52.53 -0.340344 0.939906 -0.0271861
-39.9087 45.8774 -53.2274 -0.339887 0.94014 -0.0246735
-39.811 45.8856 -54.2239 -0.3421 0.939366 -0.02351
-39.7103 45.9011 -55.1642 -0.342376 0.939324 -0.0212
-40.2141 45.7001 -55.9319 -0.342447 0.939295 -0.0213133
-41.2646 45.2995 -56.6999 -0.344571 0.938489 -0.0224219
-42.4297 44.8651 -56.8477 -0.348848 0.93689 -0.0231479
-43.5252 44.4648 -56.4188 -0.350138 0.936399 -0.0236297
-44.2318 44.2211 -55.6397 -0.351264 0.935908 -0.0262355
-44.4444 44.1603 -55.0052 -0.350749 0.936043 -0.0282449
-45.2955 43.8453 -54.8746 -0.350474 0.936164 -0.0276472
-45.1706 43.8644 -55.8315 -0.350197 0.936285 -0.0270474
-44.5623 44.0652 -56.7958 -0.352326 0.935532 -0.025423
-43.6459 44.3936 -57.5338 -0.35184 0.935815 -0.0213485
-42.5723 44.7896 -57.7793 -0.350064 0.936479 -0.0214986
-41.3723 45.2343 -57.8339 -0.347177 0.937603 -0.0191901
-40.5509 45.5438 -57.455 -0.343675 0.938884 -0.0195988
-39.4281 45.9756 -56.4062 -0.341208 0.939779 -0.0198112
-38.9918 46.1518 -55.6176 -0.341417 0.939666 -0.0214873
-38.9589 46.1943 -54.2279 -0.339012 0.940564 -0.0202495
-39.0694 46.1799 -53.1881 -0.337943 0.940872 -0.0235257
-39.6273 46.0056 -52.1439 -0.337946 0.940872 -0.023525
-40.4924 45.7181 -51.372 -0.337733 0.940838 -0.0275455
-41.9305 45.2135 -51.0129 -0.33742 0.940827 -0.0314455
-42.9945 44.8273 -50.9887 -0.342514 0.938902 -0.0338771
-43.9356 44.4623 -51.4551 -0.347131 0.937318 -0.0305863
-44.7068 44.1592 -51.9774 -0.348685 0.936726 -0.031038
-45.1282 43.9714 -52.9095 -0.350255 0.936166 -0.0302466
-45.4826 43.8087 -53.8329 -0.350968 0.935902 -0.0301341
-45.3163 43.8417 -54.7431 -0.35031 0.936145 -0.0302438
-42.9705 44.7108 -54.9083 -0.348321 0.937005 -0.0263472
-42.6929 44.8061 -55.2239 -0.350139 0.9364 -0.023626
-41.8652 45.1246 -54.7644 -0.342447 0.939295 -0.0213159
-42.3103 44.9755 -54.2605 -0.34556 0.937954 -0.0288056
