-32.7246 47.8272 32.7117 -0.341112 0.939924 0.0135568
-32.7616 47.7931 34.3872 -0.342647 0.939392 0.0115655
-32.908 47.7265 35.669 -0.344724 0.938661 0.00902916
-32.8714 47.7262 37.4371 -0.344374 0.938813 0.00604689
-32.7239 47.7721 38.8968 -0.344064 0.938934 0.00463773
-32.7373 47.7612 40.3007 -0.344444 0.938798 0.00414536
-32.6891 47.7736 41.8061 -0.343821 0.939032 0.00242428
-32.5933 47.8046 43.3705 -0.342534 0.939503 0.00162126
-32.5743 47.809 44.8299 -0.341224 0.939979 0.00219078
-32.6252 47.7913 46.4172 -0.337625 0.941277 -0.00119927
-33.8264 47.3604 46.8413 -0.340755 0.940137 -0.00543563
-35.1341 46.8845 46.9131 -0.343322 0.939207 -0.00460675
-35.9055 46.5978 46.13 -0.344026 0.938944 -0.00550264
-35.8889 46.599 44.8019 -0.344609 0.938745 -0.00151943
-35.821 46.6226 43.3961 -0.345222 0.938521 0.000480877
-35.7904 46.6346 41.9998 -0.345847 0.938289 0.00158779
-35.6377 46.6943 40.2883 -0.346659 0.937987 0.00267882
-35.6239 46.7045 38.807 -0.346741 0.937952 0.00406334
-35.6433 46.7052 37.3528 -0.347735 0.937576 0.00560518
-35.7102 46.6927 35.8087 -0.348315 0.937338 0.00856915
-36.0941 46.5721 34.0563 -0.345765 0.938203 0.0147565
-36.4525 46.4627 32.8192 -0.34324 0.939091 0.01716
-35.7162 46.7549 31.5581 -0.342968 0.939188 0.0172541
-35.2729 46.9404 30.3267 -0.342519 0.939315 0.0191612
-34.9425 47.0898 28.9001 -0.34209 0.939459 0.0197692
-34.7025 47.2039 27.6773 -0.340173 0.940122 0.021297
-34.4764 47.3278 25.959 -0.341996 0.939397 0.0238753
-34.4111 47.3877 24.5984 -0.342025 0.939324 0.0262336
-34.2774 47.4762 23.2338 -0.343172 0.938842 0.0284182
-33.9903 47.6289 21.7402 -0.343879 0.938523 0.0303693
-33.4094 47.8657 21.0113 -0.343494 0.938577 0.0329279
-33.2777 47.8698 22.3322 -0.342725 0.938949 0.0302227
-33.1732 47.8662 23.658 -0.341781 0.939378 0.0274586
-33.2423 47.8009 25.0425 -0.340594 0.939865 0.0254809
-33.1768 47.7785 26.787 -0.340332 0.940009 0.0235875
-32.9479 47.8266 28.2529 -0.339707 0.940306 0.0205975
-32.8858 47.8151 29.9152 -0.339814 0.940332 0.01735
-32.8022 47.817 31.551 -0.340544 0.940111 0.0148564
-32.7473 47.8249 32.3281 -0.34039 0.940173 0.0144566
-31.596 48.2452 32.0833 -0.338773 0.940779 0.0129327
-31.5393 48.2483 33.4258 -0.339132 0.940672 0.0111855
-31.5674 48.2226 34.9378 -0.342455 0.93949 0.00907243
-31.6785 48.1713 36.2589 -0.343031 0.939298 0.00693875
-31.5845 48.1953 37.8136 -0.343136 0.93927 0.00545452
-31.504 48.2174 39.1963 -0.343061 0.939303 0.00437259
-31.5394 48.1984 40.5429 -0.343553 0.939126 0.00369176
-31.4937 48.2089 42.1122 -0.34266 0.93945 0.0040867
-31.3808 48.2441 43.8351 -0.340963 0.940072 0.00291211
-31.3876 48.2374 45.3626 -0.338995 0.940784 0.00245053
-31.2414 48.2882 46.7972 -0.337062 0.941474 0.00319587
-31.6544 48.1423 47.9473 -0.335086 0.942187 -0.000821046
-33.2401 47.5784 48.1166 -0.337434 0.941311 -0.00852368
-34.7728 47.029 48.327 -0.339452 0.940591 -0.00786885
-36.2468 46.4895 48.2083 -0.345546 0.938354 -0.00948969
-37.1269 46.1548 47.2479 -0.346353 0.938041 -0.0108885
-37.0189 46.1841 45.8754 -0.346835 0.937922 -0.00280022
-37.0173 46.1814 44.4943 -0.346779 0.937946 -0.000898757
-36.9512 46.206 42.5688 -0.346599 0.938013 0.000503976
-36.8879 46.231 41.0448 -0.346665 0.937988 0.00132805
-36.8597 46.2444 39.5647 -0.34695 0.937881 0.0023322
-36.8343 46.2598 37.995 -0.348179 0.937415 0.00490533
-36.9115 46.2384 36.7202 -0.349321 0.93698 0.00661535
-36.9426 46.2403 35.2611 -0.349007 0.937021 0.0132076
-37.3282 46.1178 34.0565 -0.345431 0.938315 0.0155334
-37.9544 45.9217 32.6341 -0.3394 0.940418 0.020516
-36.9046 46.325 31.3785 -0.340882 0.939926 0.0184108
-36.3828 46.5402 30.1081 -0.341914 0.93953 0.0194324
-36.1319 46.6608 28.7361 -0.341754 0.939567 0.0204604
-35.8523 46.7972 27.1914 -0.341895 0.939493 0.0214463
-35.7719 46.8606 25.7899 -0.342386 0.939284 0.0227318
-35.5793 46.9678 24.3502 -0.34312 0.938979 0.0242188
-35.4102 47.0693 22.9981 -0.344465 0.938416 0.026804
-35.2093 47.184 21.6772 -0.344815 0.93821 0.0294049
-34.9618 47.3211 20.2859 -0.344976 0.938069 0.031908
-34.8616 47.4184 18.5646 -0.345343 0.937891 0.033152
-34.524 47.5896 17.2713 -0.34598 0.937631 0.0338623
-34.3426 47.7058 16.006 -0.345872 0.937573 0.0364606
-34.5158 47.7002 14.6583 -0.345126 0.937643 0.0414008
-35.1185 47.5589 13.126 -0.342281 0.938204 0.0511635
-36.0562 47.2946 12.1279 -0.327611 0.941906 0.0740549
-37.1987 46.9432 11.4759 -0.331808 0.938987 0.0905919
-37.7666 46.8365 10.5854 -0.310959 0.944791 0.103321
-36.7277 47.2489 9.97657 -0.320662 0.943211 0.0867311
-35.4952 47.7097 9.52208 -0.31114 0.946492 0.0857
-34.1877 48.1726 9.19012 -0.317996 0.945062 0.0756984
-32.7194 48.6841 8.90597 -0.310662 0.947987 0.0691379
-31.8895 48.916 9.53819 -0.314712 0.947017 0.0641163
-32.1821 48.7334 10.8597 -0.323253 0.944988 0.0499373
-32.3021 48.6061 12.4954 -0.332495 0.942065 0.0442744
-32.439 48.4967 13.8875 -0.343401 0.93825 0.0419906
-32.6077 48.3618 15.585 -0.343066 0.938464 0.0398764
-32.438 48.3657 17.0485 -0.344508 0.938088 0.0361059
-32.2511 48.3855 18.3433 -0.343909 0.938327 0.0356262
-32.3818 48.2863 19.7382 -0.3433 0.938605 0.0341273
-32.2167 48.2939 21.2173 -0.342761 0.938872 0.0321377
-32.1094 48.2908 22.4683 -0.341588 0.939346 0.0307455
-31.941 48.3119 23.7195 -0.340443 0.939804 0.0294217
-31.99 48.2538 25.0581 -0.340512 0.939855 0.0268838
-31.9771 48.2193 26.4461 -0.338724 0.940507 0.0266942
-31.83 48.2377 27.853 -0.33747 0.941085 0.0216794
-31.7161 48.2514 29.1478 -0.337691 0.94108 0.0182289
-31.6489 48.2496 30.5727 -0.338389 0.940879 0.0154696
-31.6192 48.2423 31.7058 -0.338635 0.940809 0.0143126
-30.4466 48.6623 31.8369 -0.335766 0.941854 0.013133
-30.3348 48.6838 33.3547 -0.337494 0.941272 0.0102096
-30.3724 48.6583 34.6047 -0.336526 0.94165 0.00666826
-30.3899 48.6432 35.9405 -0.342118 0.93964 0.0056424
-30.4171 48.624 37.4684 -0.342801 0.939389 0.00592205
-30.3086 48.6543 38.9852 -0.34034 0.940292 0.00438216
-30.3726 48.6266 40.2888 -0.344079 0.938935 0.00340608
-30.3114 48.6415 41.7613 -0.342396 0.939547 0.00404391
-30.2477 48.6579 43.0209 -0.340269 0.940319 0.00413656
-30.2092 48.6666 44.5267 -0.34041 0.94027 0.003163
-30.1066 48.698 45.8109 -0.340067 0.94038 0.00592224
-29.8655 48.7758 47.2381 -0.334619 0.942345 0.00188819
-29.2899 48.975 48.6985 -0.32524 0.945596 0.00821408
-30.4062 48.5837 49.4199 -0.331724 0.943374 0.000864677
-31.8952 48.0634 49.2427 -0.33223 0.943189 -0.00232428
-33.1933 47.6049 49.4444 -0.33373 0.942626 -0.00901528
-34.3495 47.1974 49.72 -0.338319 0.940944 -0.0128638
-35.9855 46.6117 49.8379 -0.337453 0.94125 -0.0131777
-37.5334 46.0408 49.5254 -0.347643 0.93748 -0.0166127
-38.4324 45.6952 48.8554 -0.371277 0.928109 -0.012773
-38.3783 45.6821 47.1443 -0.351476 0.93608 -0.0139017
-38.1296 45.7692 45.5414 -0.351081 0.936341 -0.00263432
-38.1162 45.7748 43.8874 -0.347764 0.937582 -2.88205e-05
-38.1161 45.7756 42.4402 -0.346991 0.937868 0.000805227
-38.0769 45.7913 41.0337 -0.346729 0.937965 0.000939095
-38.1325 45.7732 39.2051 -0.348721 0.937226 0.00136477
-38.0323 45.8131 37.972 -0.349843 0.936798 0.00448974
-38.1174 45.7884 36.7205 -0.349373 0.936965 0.00598515
-38.0868 45.8079 35.3526 -0.362335 0.931958 0.0129734
-38.836 45.5488 34.4552 -0.320074 0.94632 0.0374951
-39.6388 45.2962 33.906 -0.325067 0.94518 0.0309528
-39.1171 45.5192 32.3475 -0.322931 0.946088 0.0251521
-38.6791 45.691 31.286 -0.317218 0.948084 0.00977277
-37.6142 46.0828 30.4545 -0.351022 0.936246 0.0150442
-37.327 46.2213 29.009 -0.338059 0.940891 0.0209834
-37.092 46.3399 27.4469 -0.343571 0.938895 0.0208707
-36.9966 46.4045 26.171 -0.343645 0.938827 0.022624
-36.8808 46.4797 24.8224 -0.344796 0.938388 0.0232978
-36.7417 46.5651 23.5121 -0.345121 0.938196 0.0260548
-36.6884 46.6266 22.0791 -0.345644 0.937884 0.0300477
-36.26 46.822 20.9165 -0.345674 0.937865 0.0303259
-36.1669 46.9179 19.1244 -0.345433 0.937869 0.032837
-35.8767 47.0683 17.8871 -0.346656 0.937403 0.033244
-35.5877 47.2288 16.3782 -0.349483 0.936328 0.0339408
-35.6248 47.2726 14.9882 -0.350282 0.935597 0.0442716
-36.1015 47.1629 13.6546 -0.355178 0.932928 0.0591032
-37.18 46.8347 12.6868 -0.347847 0.933466 0.0874282
-38.3717 46.453 12.1831 -0.353457 0.929218 0.106183
-39.6539 46.0092 12.0568 -0.325895 0.934796 0.140655
-41.1902 45.4605 12.2278 -0.298209 0.941746 0.154045
-42.8239 44.8938 12.8675 -0.264692 0.952115 0.153013
-43.2061 44.8325 12.5879 -0.264687 0.952116 0.153016
-42.0631 45.2656 11.8633 -0.272553 0.949174 0.157182
-41.3421 45.652 10.7842 -0.286663 0.947494 0.141702
-40.2096 46.1049 10.0541 -0.300371 0.945048 0.128995
-38.9546 46.5632 9.61841 -0.304328 0.944426 0.124273
-37.5471 47.1161 8.75345 -0.307917 0.945309 0.107598
-36.2784 47.5798 8.26037 -0.298836 0.949598 0.0946605
-34.6151 48.1552 7.81434 -0.305799 0.948152 0.086568
-33.1528 48.655 7.4966 -0.30713 0.948179 0.0814086
-31.7866 49.1115 7.12956 -0.288445 0.95477 0.0722053
-30.6076 49.4839 6.9326 -0.281229 0.958148 0.0535073
-29.9565 49.6398 7.55675 -0.280024 0.959059 0.0396104
-30.4139 49.4374 8.81241 -0.301273 0.952149 0.0511295
-30.9053 49.22 9.99686 -0.317343 0.947173 0.0451852
-31.1291 49.0553 11.6194 -0.322549 0.945409 0.0465283
-31.2119 48.9662 13.2263 -0.338161 0.94046 0.0340559
-31.2932 48.8889 14.511 -0.344361 0.938172 0.0353529
-31.3074 48.8137 16.1815 -0.344744 0.938035 0.0351697
-31.0495 48.8598 17.4237 -0.340212 0.939526 0.0391051
-31.1078 48.7748 19.1244 -0.342776 0.938785 0.034447
-31.0202 48.748 20.7074 -0.341329 0.939295 0.0349183
-30.9635 48.7209 22.0522 -0.340691 0.939652 0.0313539
-30.7868 48.7405 23.4062 -0.339324 0.940116 0.0321979
-30.7037 48.7246 24.8105 -0.338234 0.940591 0.0297703
-30.7784 48.6497 26.4423 -0.335722 0.941582 0.0267022
-30.5996 48.6769 27.8684 -0.333593 0.942445 0.0226549
-30.5268 48.677 29.1418 -0.33577 0.941783 0.0173321
-30.4721 48.675 30.411 -0.336553 0.941531 0.0158635
-30.4574 48.664 31.4424 -0.335763 0.941855 0.0131347
-33.4534 48.2252 11.9565 -0.333439 0.940874 0.0595566
-33.9529 47.9997 12.8006 -0.33637 0.940327 0.0511737
-34.788 47.7626 11.7912 -0.333444 0.940872 0.0595518
-35.1848 47.6972 10.8904 -0.325598 0.94248 0.0755654
-33.9096 48.1647 10.5021 -0.320512 0.944316 0.074352
-33.4087 48.2608 11.6689 -0.328927 0.942268 0.0624783
-53.6696 40.6265 32.9152 -0.255387 0.966583 0.0222437
-53.6922 40.6502 31.6527 -0.255599 0.966497 0.0234898
-53.9153 40.6324 30.2028 -0.252859 0.967157 0.0257911
-53.7414 40.7254 28.6648 -0.248072 0.968354 0.0269773
-53.573 40.8067 27.3774 -0.24118 0.969942 0.032318
-53.9194 40.7766 25.8902 -0.214133 0.975884 0.0423903
-53.9391 40.859 24.3831 -0.216572 0.97344 0.0742311
-52.8556 41.1916 23.1604 -0.209971 0.973051 0.0951665
-52.1083 41.4657 22.0576 -0.209815 0.972508 0.101018
-51.6676 41.5765 21.9115 -0.212248 0.971491 0.10554
-52.203 41.3449 23.0326 -0.209972 0.973051 0.0951611
-52.7576 41.1183 24.3812 -0.1892 0.98027 0.0572253
-52.915 41.0062 25.679 -0.224512 0.973847 0.0313379
-52.9876 40.9574 27.1789 -0.234901 0.971811 0.0201055
-52.9493 40.9235 28.7897 -0.245993 0.969005 0.0227168
-53.0569 40.858 30.1574 -0.252859 0.967157 0.0257912
-52.9123 40.8592 31.5496 -0.25577 0.966432 0.0242899
-52.9149 40.8141 33.4578 -0.255169 0.966655 0.0216048
-53.7451 40.5629 35.0022 -0.256427 0.966406 0.017122
-53.0342 40.7815 33.5029 -0.255633 0.966539 0.0212934
-53.7004 40.6042 33.5538 -0.255633 0.966539 0.0212934
-33.707 47.5689 27.4964 -0.340857 0.939886 0.0207629
-33.7547 47.5528 27.4425 -0.340702 0.939899 0.0226466
-34.3392 47.2995 29.3591 -0.340838 0.939927 0.0191593
-33.8653 47.4604 29.8948 -0.341555 0.939686 0.0181523
-34.651 47.1442 31.5853 -0.342903 0.939229 0.0163438
-33.6185 47.5013 32.7538 -0.342675 0.939346 0.0142604
-35.6536 46.7517 33.0299 -0.344584 0.938615 0.0162462
-34.0516 47.3158 34.8464 -0.346725 0.937902 0.0109959
-33.5897 47.479 35.3699 -0.344124 0.938874 0.00973777
-34.8218 47.0147 36.5584 -0.34603 0.93819 0.00790144
-33.4344 47.5157 38.1326 -0.345587 0.938369 0.00570228
-34.9854 46.9398 38.9609 -0.346476 0.938049 0.00437867
-33.34 47.5385 40.8282 -0.344569 0.938757 0.00263665
-33.3148 47.5476 40.8567 -0.344307 0.938853 0.00295099
-35.0084 46.9234 41.5249 -0.345184 0.938534 0.00143232
-33.7127 47.3971 42.9953 -0.344389 0.938827 0.000642569
-33.2536 47.5641 43.5154 -0.342203 0.939626 0.000665377
-35.2016 46.8503 43.8974 -0.34504 0.938587 -0.000960072
-33.5556 47.4543 45.7637 -0.341734 0.939796 -0.000845968
