-15.1284 54.2523 8.94644 0.126931 -0.991867 -0.00754561
-13.8779 54.3997 9.14784 0.109258 -0.994004 -0.00442014
-12.8973 54.5035 9.541 0.099788 -0.995001 -0.00141661
-11.6068 54.6321 10.0199 0.0944273 -0.995521 0.00181751
-10.2265 54.7598 10.6872 0.086376 -0.996242 0.00495846
-9.16654 54.8495 11.3207 0.0814367 -0.996669 0.00428924
-8.20762 54.923 11.9224 0.07434 -0.997175 0.0107236
-7.3423 54.9911 12.8048 0.0619944 -0.998013 0.00967761
-6.62457 55.0455 13.7791 0.0585514 -0.9981 0.0188271
-6.12399 55.0927 14.7339 0.0570699 -0.998126 0.0220784
-5.51802 55.1449 15.5381 0.0531783 -0.998296 0.0240158
-4.74989 55.2129 16.4636 0.0590209 -0.997736 0.032249
-3.94133 55.2974 17.6078 0.0607859 -0.997705 0.0298198
-3.1703 55.3825 18.668 0.0658734 -0.997166 0.0363433
-2.60002 55.4515 19.4958 0.0694904 -0.996824 0.0386985
-1.65305 55.5594 20.3984 0.0797864 -0.995641 0.0481129
-0.82402 55.6625 21.0821 0.0847249 -0.994711 0.058065
0.13189 55.7827 21.6143 0.0935471 -0.993132 0.0702635
1.01179 55.9173 22.2816 0.108528 -0.991913 0.0658042
1.85064 56.075 23.0731 0.122505 -0.98956 0.0759216
2.80393 56.2515 23.6786 0.143006 -0.986699 0.077282
3.77816 56.451 24.3154 0.155941 -0.983117 0.0957228
4.60852 56.6683 24.9454 0.196694 -0.974936 0.102853
5.58774 56.9585 25.6898 0.236841 -0.965772 0.100253
6.42787 57.2994 26.5837 0.263223 -0.959284 0.101424
7.21823 57.666 27.2533 0.359277 -0.921593 0.145861
8.38792 58.3908 28.2423 0.466206 -0.866842 0.176738
9.42242 59.1307 28.9714 0.569827 -0.819617 0.0593747
10.2161 59.7494 29.4546 0.620606 -0.780914 0.0708682
11.1751 60.5682 30.1993 0.641748 -0.765838 0.0349066
10.5073 60.0613 30.9455 0.628738 -0.77708 0.0289122
9.75042 59.5166 31.4172 0.566012 -0.822641 0.0392356
8.88542 58.9965 32.1743 0.513231 -0.856802 0.0350452
8.02424 58.5491 32.7877 0.464315 -0.884361 0.0450547
7.14592 58.1498 33.3417 0.369797 -0.928604 0.0296953
6.16855 57.7734 33.935 0.354465 -0.934324 0.0315655
5.38165 57.5011 34.5459 0.345069 -0.938508 0.0114369
4.37405 57.1873 35.223 0.306412 -0.951823 0.0120732
3.45225 56.9439 35.8294 0.246726 -0.968928 0.011357
2.334 56.6802 36.4471 0.22033 -0.975263 0.00489422
1.44181 56.4947 36.9727 0.204082 -0.978953 0.00092584
0.400462 56.291 37.4933 0.177684 -0.984073 0.00529306
-0.561574 56.1239 37.9595 0.163652 -0.986445 0.00465106
-1.49087 55.98 38.3708 0.153673 -0.988121 0.000922881
-2.29904 55.8645 38.7866 0.13842 -0.990365 0.00413301
-3.30467 55.7258 39.0133 0.127561 -0.991819 0.0018241
-4.18608 55.615 39.8344 0.121185 -0.992624 -0.00274003
-5.22765 55.4891 40.486 0.116115 -0.993232 -0.00288799
-6.10893 55.385 41.022 0.115236 -0.993331 -0.00357168
-7.01922 55.2765 41.5479 0.116318 -0.993204 -0.00410127
-8.18419 55.1358 42.1084 0.11811 -0.992994 -0.00363176
-9.29789 54.9962 42.7285 0.123054 -0.992397 -0.00228754
-10.2011 54.8791 43.4286 0.126796 -0.991926 -0.00240544
-11.089 54.7592 43.9785 0.133917 -0.990983 -0.00442925
-11.9929 54.6325 44.3823 0.139712 -0.990181 -0.00461116
-12.9193 54.4954 44.8136 0.149752 -0.988702 -0.00646023
-13.8438 54.3475 45.3275 0.158391 -0.987358 -0.00605372
-14.8069 54.1857 45.7627 0.170723 -0.985242 -0.0123376
-15.9814 53.9671 46.439 0.182861 -0.983043 -0.0137588
-16.9561 53.7741 46.9648 0.194637 -0.980842 -0.00679553
-18.104 53.5437 47.4134 0.199104 -0.979958 -0.00483853
-19.1768 53.3141 47.9522 0.212055 -0.977211 -0.00774321
-20.3486 53.0486 48.1592 0.224506 -0.974427 -0.00935845
-21.628 52.7444 48.4425 0.245765 -0.969316 -0.00482107
-22.7083 52.4657 48.8359 0.254106 -0.967166 -0.00368856
-23.8389 52.1655 49.0672 0.259099 -0.965844 0.00158448
-24.9261 51.8619 49.0095 0.274177 -0.961665 0.000490199
-25.9149 51.5672 48.9861 0.293453 -0.955973 -0.000698265
-27.1414 51.1808 48.8802 0.305463 -0.952202 0.00212345
-28.1707 50.8475 48.5856 0.315705 -0.948854 -0.000451946
-29.4473 50.4208 47.9245 0.320778 -0.947153 0.00139114
-30.3041 50.1266 47.4938 0.326994 -0.945026 0.000157885
-31.466 49.7199 47.0449 0.333546 -0.942731 -0.00149143
-32.5445 49.3368 46.8066 0.339277 -0.940679 -0.003767
-33.5527 48.973 46.6801 0.339898 -0.940459 -0.0024405
-34.5867 48.5992 46.7963 0.339717 -0.940525 -0.00226687
-35.6277 48.2234 47.013 0.338501 -0.940964 -0.00203165
-36.6673 47.8496 47.1913 0.337425 -0.941349 -0.002356
-37.7702 47.455 47.2803 0.336067 -0.941835 -0.00233637
-38.9206 47.0453 47.3104 0.334626 -0.94235 -0.00165527
-40.0153 46.6575 47.1374 0.333855 -0.942623 -0.00148211
-41.2198 46.2318 46.7838 0.332515 -0.943097 -0.00145021
-42.1479 45.9054 46.5291 0.331607 -0.943416 -0.00142646
-43.0937 45.5747 45.8436 0.330721 -0.943726 -0.00219263
-44.0403 45.2452 45.3329 0.329219 -0.944248 -0.00336018
-44.9516 44.9296 44.7317 0.328911 -0.944353 -0.00384924
-45.8021 44.6367 44.1304 0.327546 -0.944821 -0.00508883
-46.6812 44.3368 43.3574 0.326831 -0.945062 -0.00623876
-47.4168 44.0871 42.7048 0.326158 -0.945287 -0.00724185
-48.2086 43.8201 41.9665 0.326162 -0.945281 -0.00787801
-48.9339 43.5775 41.1591 0.325949 -0.945345 -0.00893632
-49.6955 43.3258 40.1392 0.32588 -0.945358 -0.0100519
-50.1623 43.1787 39.0033 0.325372 -0.945515 -0.0115875
-50.3946 43.1169 37.7535 0.325265 -0.945521 -0.0138429
-50.4433 43.1164 36.7402 0.325308 -0.94545 -0.0172652
-50.4349 43.14 35.5972 0.324554 -0.945689 -0.0182954
-50.3414 43.1988 34.3121 0.324662 -0.945626 -0.0196447
-50.5484 43.152 33.2151 0.32501 -0.945462 -0.0217054
-50.5025 43.1975 31.9528 0.325239 -0.945357 -0.0227858
-50.4814 43.237 30.6353 0.325438 -0.94528 -0.0231483
-50.3977 43.297 29.3548 0.325881 -0.945144 -0.0224826
-50.4055 43.3189 28.321 0.325233 -0.945362 -0.0226776
-50.5977 43.2802 27.1388 0.32528 -0.945365 -0.0218577
-50.5322 43.3286 26.0185 0.325971 -0.945131 -0.0216693
-50.1593 43.486 24.7584 0.326509 -0.944939 -0.0219737
-49.6803 43.6721 23.8759 0.326755 -0.944846 -0.0222835
-49.088 43.8984 22.9951 0.327131 -0.94469 -0.0233809
-48.5392 44.1162 21.9106 0.327174 -0.944645 -0.0245675
-47.869 44.372 21.0644 0.327374 -0.944538 -0.0259496
-47.1689 44.6347 20.3501 0.327102 -0.944569 -0.0281809
-46.5799 44.8652 19.4611 0.326738 -0.944697 -0.0280872
-45.8845 45.1482 18.1386 0.327912 -0.944204 -0.0308516
-44.9668 45.4999 17.1467 0.326926 -0.944507 -0.0320408
-44.1298 45.8233 16.1813 0.326663 -0.944556 -0.033239
-43.3794 46.1186 15.1645 0.326407 -0.944638 -0.0334195
-42.6761 46.3852 14.5101 0.326691 -0.944522 -0.0339409
-41.6668 46.7624 13.759 0.328414 -0.943894 -0.034763
-40.6869 47.1265 13.1578 0.330129 -0.943287 -0.0349754
-39.6854 47.4951 12.682 0.331093 -0.942921 -0.0357424
-38.6434 47.8762 12.3054 0.331184 -0.942823 -0.0374363
-37.7431 48.2048 11.9968 0.331381 -0.942753 -0.0374562
-36.6972 48.5863 11.6482 0.331526 -0.942707 -0.037349
-35.738 48.935 11.3655 0.331661 -0.942658 -0.0373693
-34.6694 49.3208 11.0994 0.330992 -0.942877 -0.0377822
-33.5333 49.7332 10.7299 0.329675 -0.943258 -0.0397365
-32.3645 50.1508 10.339 0.325138 -0.944774 -0.0409059
-31.4296 50.4876 9.92761 0.319337 -0.946771 -0.0405994
-30.3198 50.872 9.39835 0.301955 -0.952182 -0.0460823
-29.4902 51.1604 8.84308 0.28746 -0.956752 -0.0445418
-28.6257 51.4409 8.21326 0.272642 -0.961427 -0.036382
-27.6296 51.7338 7.89423 0.268421 -0.962858 -0.0292437
-26.5726 52.0214 7.82241 0.251355 -0.967543 -0.0261103
-25.2978 52.3487 7.55701 0.236682 -0.97131 -0.0232025
-24.016 52.6562 7.47585 0.224761 -0.97413 -0.0232186
-22.9677 52.8904 7.68564 0.213385 -0.976841 -0.0157848
-21.9103 53.1193 7.76697 0.204573 -0.978709 -0.0148521
-20.8493 53.3316 7.88416 0.194291 -0.980816 -0.0152827
-19.7919 53.5333 8.03516 0.181435 -0.983244 -0.0161936
-18.631 53.7344 8.25872 0.164435 -0.986227 -0.0164202
-17.0322 53.99 8.58843 0.153947 -0.987956 -0.0137898
-15.7053 54.1793 8.87444 0.138044 -0.990324 -0.0126264
-15.5768 54.1963 8.88693 0.128776 -0.991598 -0.0118322
-15.5639 54.2085 7.91029 0.131825 -0.991216 -0.010599
-14.3058 54.3583 8.09636 0.111801 -0.993719 -0.00481756
-13.221 54.4709 8.37005 0.100685 -0.994902 -0.00572438
-12.1713 54.5752 8.78804 0.09625 -0.995355 -0.00200087
-11.1103 54.6756 9.09476 0.0903032 -0.995913 0.00168524
-10.2239 54.7568 9.59314 0.0867933 -0.996217 0.00218765
-9.05175 54.856 10.3142 0.0771698 -0.997001 0.00185668
-8.11687 54.9234 10.8096 0.0706484 -0.997501 0.00097706
-7.22558 54.9846 11.631 0.0571585 -0.998285 0.0126496
-6.29798 55.0443 12.3624 0.0524705 -0.998579 0.00934034
-5.75637 55.0865 13.3744 0.0562473 -0.99828 0.0165262
-5.22788 55.135 14.4488 0.0510213 -0.998479 0.0208883
-4.43033 55.1965 15.2443 0.0544946 -0.998216 0.0244049
-3.59407 55.282 16.4684 0.0600721 -0.997665 0.032488
-2.93036 55.3486 17.3292 0.052563 -0.997945 0.0366136
-2.07952 55.4453 18.51 0.065092 -0.997088 0.0394893
-1.25393 55.5361 19.4071 0.0676727 -0.99626 0.0525548
-0.517934 55.6302 20.0811 0.0801987 -0.995328 0.0533549
0.634346 55.766 20.7085 0.0946153 -0.993033 0.0702369
1.56643 55.9122 21.4368 0.111539 -0.990399 0.0816391
2.32128 56.0674 22.2424 0.115595 -0.989521 0.086519
3.2409 56.2451 22.888 0.130457 -0.98636 0.100372
4.15304 56.4236 23.4763 0.138748 -0.981706 0.126735
4.95946 56.628 24.0243 0.163357 -0.979385 0.118825
6.00249 56.9048 24.6659 0.212012 -0.965044 0.150354
6.9986 57.324 25.7234 0.275209 -0.947998 0.154702
7.78178 57.7408 26.4664 0.379861 -0.900096 0.205544
8.47652 58.1921 27.0345 0.446246 -0.879943 0.160397
9.24292 58.7821 27.6832 0.539147 -0.826692 0.160937
10.0303 59.4777 28.2635 0.601663 -0.780645 0.165867
10.9417 60.2886 28.8143 0.652208 -0.756014 0.0513062
11.7707 61.0628 29.2845 0.667264 -0.744555 0.0199356
12.5155 61.7647 30.3338 0.666631 -0.744885 0.0273745
11.9158 61.2539 30.9679 0.664295 -0.746714 0.0336284
11.18 60.6295 31.5472 0.64269 -0.765379 0.0296156
10.2289 59.9049 32.1322 0.598179 -0.800409 0.0390802
9.43178 59.3794 32.9312 0.536746 -0.843413 0.0236333
8.54625 58.8586 33.4773 0.484753 -0.874633 -0.00567731
7.70903 58.4293 34.1546 0.440651 -0.897544 0.0155495
6.57755 57.9486 34.7823 0.37254 -0.927602 0.00595168
5.56903 57.5702 35.5953 0.330137 -0.94337 -0.00661826
4.53992 57.2429 36.2187 0.283315 -0.95873 0.00370059
3.52309 56.9753 36.887 0.262805 -0.96477 0.00128863
2.29545 56.6774 37.5884 0.229654 -0.973113 -0.0168015
1.27688 56.4609 38.1887 0.18747 -0.982059 -0.0203627
0.22374 56.2598 38.726 0.175247 -0.984465 -0.0107891
-0.727065 56.096 39.3757 0.152327 -0.988303 -0.00618584
-1.63636 55.9475 40.0769 0.143594 -0.989533 -0.00996436
-2.74894 55.7959 39.9888 0.132785 -0.991115 -0.00592206
-3.5152 55.6943 40.6639 0.125512 -0.99208 -0.00363201
-4.5807 55.5619 41.2502 0.119882 -0.99276 -0.00745837
-5.96188 55.3963 42.0497 0.115221 -0.99332 -0.00621971
-6.89038 55.2857 42.589 0.114689 -0.993379 -0.00660836
-7.89256 55.1661 42.9969 0.116034 -0.993235 -0.00453597
-8.83002 55.0506 43.5566 0.120705 -0.992677 -0.00476074
-9.79506 54.927 44.3525 0.125719 -0.992055 -0.00467823
-10.8425 54.7896 44.8915 0.134013 -0.990976 -0.0026618
-11.9344 54.6389 45.3596 0.142917 -0.989733 -0.00163261
-12.8547 54.5001 45.851 0.152176 -0.988346 -0.00373687
-13.7918 54.3501 46.4241 0.159149 -0.987246 -0.00418221
-14.8623 54.1687 46.8463 0.172624 -0.984983 -0.00315227
-15.7668 53.9992 47.4919 0.181789 -0.983335 -0.00203164
-16.8501 53.7922 47.9496 0.191223 -0.981537 -0.00443168
-17.8335 53.5929 48.3429 0.202356 -0.979286 -0.0070677
-18.7127 53.4085 48.7809 0.207016 -0.978322 0.00159738
-19.8056 53.1691 49.0913 0.214734 -0.97667 0.0021755
-20.795 52.9412 49.223 0.223471 -0.974694 0.00367671
-22.1504 52.6105 49.7209 0.249827 -0.968286 0.00122106
-23.3116 52.3081 49.9854 0.254165 -0.967156 0.00130771
-24.2933 52.0425 50.0009 0.266172 -0.963911 0.00216766
-25.3777 51.7315 49.923 0.280597 -0.959806 0.00170107
-26.5349 51.3752 49.9497 0.30266 -0.953093 0.0019544
-27.8691 50.9461 49.7409 0.310863 -0.950446 0.00402128
-28.8135 50.6355 49.372 0.317668 -0.948198 0.000884551
-29.6333 50.3588 48.8693 0.322193 -0.946666 0.00204871
-30.6301 50.0145 48.3912 0.329184 -0.944252 0.00367142
-31.8036 49.6005 47.9348 0.33659 -0.941646 -0.000971377
-32.9558 49.186 47.6505 0.339293 -0.940677 -0.00267588
-33.9671 48.8207 47.6523 0.339905 -0.940456 -0.00260712
-35.0372 48.4334 47.8543 0.33974 -0.940514 -0.00312281
-35.9886 48.0905 48.0437 0.337971 -0.941152 -0.00269979
-37.1561 47.6718 48.2256 0.336436 -0.941702 -0.0025683
-38.3118 47.2596 48.2705 0.335223 -0.942136 -0.00194876
-39.5451 46.8219 48.2833 0.334582 -0.942364 -0.00220198
-40.9488 46.3257 47.8258 0.333338 -0.942806 -0.00178674
-42.0486 45.9385 47.5806 0.331759 -0.943363 -0.00179135
-43.1067 45.5678 46.9693 0.331288 -0.943528 -0.00202331
-44.0416 45.2413 46.4249 0.330527 -0.943792 -0.00281302
-45.1088 44.8705 45.8414 0.329451 -0.944165 -0.00369011
-45.9048 44.5957 45.1967 0.328611 -0.944454 -0.00456434
-46.9209 44.2473 44.387 0.327314 -0.944899 -0.00552873
-47.8479 43.9316 43.5645 0.327043 -0.944982 -0.00719379
-48.5777 43.6843 42.9356 0.326489 -0.945167 -0.00802883
-49.3632 43.4206 42.0618 0.326516 -0.945151 -0.00876961
-50.0229 43.2004 41.297 0.326321 -0.945213 -0.0093308
-50.7363 42.9653 40.2504 0.326692 -0.945076 -0.0101885
-51.1445 42.8401 38.9148 0.327006 -0.944955 -0.0112594
-51.3684 42.7834 37.5276 0.327604 -0.944701 -0.0146869
-51.3444 42.8154 36.1347 0.327128 -0.944811 -0.0178236
-51.3937 42.8191 35.1013 0.32678 -0.944897 -0.0195933
-51.3207 42.8752 33.6818 0.326608 -0.944908 -0.0218085
-51.4527 42.8544 32.6237 0.325988 -0.945117 -0.0220249
-51.3964 42.9017 31.4691 0.325327 -0.945315 -0.0232778
-51.4031 42.9259 30.3879 0.325181 -0.945365 -0.023273
-51.4115 42.9486 29.3554 0.324848 -0.945483 -0.0231278
-51.364 42.9907 28.2829 0.324853 -0.945518 -0.021578
-51.5386 42.955 27.2147 0.324758 -0.945555 -0.0214035
-51.4409 43.0155 26.0167 0.325187 -0.945425 -0.0205884
-51.2158 43.1198 24.808 0.326539 -0.944948 -0.0211034
-50.7987 43.2854 23.8688 0.327108 -0.944737 -0.0217292
-50.2478 43.4958 23.0174 0.327557 -0.94457 -0.0222306
-49.7052 43.7047 22.1796 0.328476 -0.944216 -0.0236578
-49.2455 43.8879 21.2642 0.328598 -0.944127 -0.0254328
-48.6203 44.1282 20.4342 0.328614 -0.944061 -0.0275977
-47.8294 44.4246 19.7104 0.327637 -0.944401 -0.0275855
-47.2295 44.6673 18.5667 0.328619 -0.943985 -0.0300155
-46.6186 44.9134 17.5427 0.327879 -0.944178 -0.0320002
-45.8327 45.2179 16.6312 0.327783 -0.944124 -0.0344696
-44.8592 45.5959 15.4862 0.326359 -0.944652 -0.0335108
-43.947 45.9474 14.459 0.326185 -0.944704 -0.0337435
-42.9852 46.3134 13.5267 0.326643 -0.944545 -0.033743
-41.9746 46.6881 12.8474 0.327814 -0.944125 -0.03416
-40.9777 47.0573 12.2593 0.330769 -0.943086 -0.0343459
-40.0719 47.3942 11.7791 0.333136 -0.942185 -0.0361558
-39.0863 47.7562 11.4144 0.331224 -0.942785 -0.038035
-37.9874 48.1559 11.0651 0.330662 -0.943001 -0.0375613
-36.9634 48.5278 10.7593 0.33172 -0.942635 -0.0374278
-35.9939 48.881 10.4608 0.332102 -0.942482 -0.0378934
-34.9176 49.2704 10.1962 0.331159 -0.942789 -0.0384913
-33.6671 49.7252 9.80269 0.330045 -0.943165 -0.0388437
-32.4029 50.183 9.37516 0.322591 -0.945571 -0.0425894
-31.3121 50.5857 8.84609 0.32115 -0.944942 -0.0628247
-30.4179 50.8985 8.38483 0.30051 -0.951958 -0.0588045
-29.5009 51.2132 7.6472 0.283693 -0.957556 -0.0510246
-28.6125 51.4935 7.11134 0.268925 -0.962027 -0.0465075
-27.5011 51.808 6.89536 0.258378 -0.965453 -0.033784
-26.4966 52.0746 6.8283 0.243743 -0.969307 -0.031425
-25.3491 52.3633 6.60461 0.238273 -0.97081 -0.0274442
-24.2455 52.628 6.53039 0.225937 -0.973869 -0.0230612
-23.2054 52.8606 6.68358 0.214969 -0.976315 -0.0244252
-22.2188 53.0744 6.77935 0.207177 -0.978005 -0.0230922
-20.9558 53.3302 6.86446 0.199367 -0.979684 -0.0217051
-19.7788 53.5518 7.05217 0.186407 -0.982242 -0.021279
-18.4884 53.7749 7.25499 0.164432 -0.986228 -0.0164207
-17.1404 53.9882 7.51134 0.153949 -0.987955 -0.0137857
-16.0454 54.1454 7.81625 0.138049 -0.990323 -0.0126237
-15.8016 54.1771 7.88405 0.131824 -0.991217 -0.0105964
-15.7849 54.2014 6.87182 0.139449 -0.98984 -0.027778
-16.9181 54.0367 6.51352 0.149275 -0.9886 -0.0196585
-18.0095 53.8715 6.22179 0.158573 -0.987146 -0.0198673
-19.1205 53.6895 6.13349 0.168719 -0.985401 -0.0227676
-20.2142 53.4928 5.95295 0.190691 -0.98145 -0.0198126
-21.2297 53.3007 5.83776 0.190791 -0.980824 -0.0380087
-22.3316 53.0741 5.80557 0.204011 -0.97833 -0.0351769
-23.3347 52.8598 5.74177 0.219083 -0.975204 -0.030244
-24.369 52.6236 5.59836 0.226015 -0.973766 -0.0263999
-25.3443 52.399 5.47359 0.229149 -0.973046 -0.0259265
-26.5426 52.098 5.79787 0.237589 -0.97068 -0.0364983
-27.7762 51.7718 5.91353 0.25728 -0.965617 -0.0372951
-28.879 51.4659 6.17157 0.264987 -0.962994 -0.0492296
-29.8141 51.1699 6.70869 0.27529 -0.960078 -0.0495809
-30.7767 50.8449 7.47505 0.284345 -0.956984 -0.0575253
-31.8107 50.4639 8.04242 0.333589 -0.940847 -0.0586121
-32.7321 50.112 8.49345 0.335237 -0.940846 -0.0492425
-33.5976 49.7867 8.92156 0.331132 -0.942667 -0.0415448
-34.5436 49.4496 9.01619 0.331018 -0.942897 -0.037036
-35.5898 49.069 9.34155 0.331111 -0.942794 -0.0387885
-37.0419 48.537 9.82434 0.332767 -0.94226 -0.0375603
-38.0149 48.1862 10.0724 0.328936 -0.943636 -0.0367729
-38.9809 47.8393 10.2824 0.330899 -0.942859 -0.0390155
-39.8712 47.5121 10.6175 0.332553 -0.942257 -0.0394815
-41.1057 47.047 11.25 0.336689 -0.94098 -0.0343651
-42.0782 46.6924 11.7357 0.324154 -0.945503 -0.0308011
-43.0296 46.3397 12.3412 0.328181 -0.94405 -0.0325683
-43.8736 46.0259 12.9729 0.326783 -0.944467 -0.0345551
-44.5703 45.7596 13.675 0.32645 -0.944628 -0.0332769
-45.3504 45.469 14.2934 0.326033 -0.944768 -0.0333925
-46.0296 45.1966 15.3377 0.326437 -0.944603 -0.0341054
-47.0616 44.7921 16.5637 0.329715 -0.9434 -0.0358335
-47.7309 44.5286 17.4675 0.328263 -0.944083 -0.0308425
-48.2149 44.3242 18.5648 0.329552 -0.943653 -0.0302468
-48.8685 44.0716 19.4033 0.330147 -0.943517 -0.027883
-49.6728 43.7685 20.1499 0.330592 -0.943393 -0.026793
-50.3406 43.5036 21.3676 0.329372 -0.943908 -0.0234806
-51.1876 43.1805 22.5797 0.327623 -0.94456 -0.0216822
-51.7636 42.9557 23.6692 0.327346 -0.944668 -0.0211376
-52.23 42.7704 24.7879 0.325097 -0.945471 -0.0199196
-52.4348 42.6765 25.8876 0.324698 -0.94561 -0.0198004
-52.4126 42.6458 27.6378 0.323921 -0.945847 -0.0211754
-52.3417 42.6459 28.669 0.323825 -0.945819 -0.0237528
-52.4605 42.5748 29.8968 0.323972 -0.945776 -0.0234326
-52.2925 42.6066 30.9284 0.325523 -0.945216 -0.0245234
-52.379 42.5499 32.0076 0.325993 -0.945079 -0.0235534
-52.361 42.5289 33.1123 0.326926 -0.944782 -0.0225272
-52.3322 42.515 34.1577 0.327276 -0.944689 -0.0213018
-52.3339 42.4905 35.2296 0.327928 -0.944491 -0.0199514
-52.2862 42.4846 36.352 0.328791 -0.944217 -0.0187059
-52.2249 42.4796 37.9462 0.328311 -0.944454 -0.0147682
-52.0557 42.52 39.3008 0.327878 -0.944652 -0.0113615
-51.8249 42.5883 40.26 0.327482 -0.944787 -0.0114947
-51.2704 42.7695 41.2418 0.327448 -0.944814 -0.0101903
-50.5033 43.0258 42.1469 0.326987 -0.944977 -0.00985955
-49.898 43.2281 42.9094 0.327085 -0.944955 -0.00874388
-49.0539 43.5125 43.7933 0.32709 -0.944957 -0.00830974
-48.2804 43.7755 44.4281 0.32703 -0.944988 -0.00699102
-47.5209 44.0341 45.1216 0.328216 -0.944581 -0.00639129
-46.6867 44.3204 45.8145 0.32889 -0.944356 -0.0049263
-45.6741 44.6696 46.6191 0.330005 -0.943968 -0.00451173
-44.8 44.9734 47.2123 0.330459 -0.943814 -0.00345859
-43.8568 45.3026 47.6533 0.331592 -0.943419 -0.00287861
-42.4169 45.8068 48.5411 0.331912 -0.943308 -0.00220271
-41.3754 46.1731 48.8217 0.33343 -0.942772 -0.00239842
-40.2081 46.585 49.2149 0.33349 -0.942751 -0.0023148
-38.9707 47.0232 49.2807 0.334684 -0.942327 -0.00251137
-38.003 47.3673 49.2032 0.335678 -0.941973 -0.00277919
-37.0269 47.715 49.2607 0.336445 -0.941695 -0.00387711
-36.0768 48.055 49.0994 0.336831 -0.941558 -0.00376243
-35.0681 48.4185 48.8203 0.339866 -0.940463 -0.00446228
-33.8195 48.8713 48.6213 0.340393 -0.940278 -0.00311858
-32.355 49.3998 48.7131 0.339185 -0.940717 -0.00245053
-31.3536 49.7627 48.9809 0.331035 -0.9436 0.00593792
-30.4427 50.0843 49.4945 0.326052 -0.945318 0.00800549
-29.3196 50.4711 50.2685 0.317438 -0.948253 0.00709879
-28.3205 50.8045 50.7917 0.314213 -0.949343 0.00416576
-27.2821 51.1434 50.8947 0.304073 -0.952591 0.00853924
-26.1339 51.5065 50.9659 0.301422 -0.953482 0.00414577
-25.1321 51.8084 50.9045 0.276426 -0.961006 0.00755478
-24.1577 52.0813 51.0633 0.262461 -0.964941 0.0016985
-22.9923 52.3968 50.9496 0.260709 -0.965415 0.0019873
-21.5673 52.7601 50.5396 0.239313 -0.970918 0.00562113
-20.2456 53.0731 50.1784 0.22223 -0.974949 0.0091453
-19.2687 53.287 49.9833 0.211488 -0.97738 -0.000990768
-18.197 53.5191 49.7225 0.207018 -0.978322 0.00160091
-17.2221 53.7175 49.0655 0.197991 -0.980197 0.00313555
-16.2317 53.9139 48.7063 0.195667 -0.980662 0.00408014
-15.2126 54.0989 48.3605 0.18008 -0.983634 0.00204499
-14.2354 54.2761 47.6472 0.165062 -0.986216 0.00374457
-12.8304 54.5006 47.0295 0.153989 -0.988071 -0.00149227
-12.0064 54.6289 46.4308 0.145472 -0.989361 0.00151751
-10.7313 54.804 45.8502 0.134315 -0.990939 0.000435739
-9.49818 54.9635 45.2515 0.126941 -0.991902 0.0039616
-8.46534 55.0894 44.6035 0.118029 -0.992985 -0.00700783
-7.37818 55.2218 43.8922 0.115603 -0.993283 -0.00501553
-6.0893 55.3742 43.1972 0.112321 -0.993662 -0.00364577
-4.74019 55.5326 42.4583 0.111534 -0.993697 -0.0112647
-3.7457 55.6571 41.946 0.119493 -0.992804 -0.00790612
-2.64957 55.8009 41.4133 0.127654 -0.991789 -0.00768209
-1.644 55.9357 41.1327 0.1436 -0.989533 -0.00996142
-0.0617059 56.1876 39.9626 0.15124 -0.988058 -0.0256486
0.922496 56.371 39.4391 0.177949 -0.983293 -0.0365922
2.2395 56.6437 38.8323 0.209971 -0.977311 -0.0278509
3.0366 56.84 38.2683 0.236513 -0.971454 -0.0183977
4.03834 57.1063 37.7169 0.255962 -0.966579 -0.0119351
4.86126 57.3368 37.2035 0.263757 -0.96454 -0.00972938
5.74667 57.617 36.5839 0.314433 -0.948396 -0.0302843
6.76372 58.0144 35.9295 0.341587 -0.938629 -0.0478908
7.77272 58.4785 35.2086 0.420271 -0.907182 0.0198279
8.62974 58.9229 34.6787 0.464257 -0.88485 0.0387997
9.33533 59.2967 34.1336 0.506665 -0.860211 -0.0161148
10.1455 59.8869 33.6289 0.600046 -0.799575 -0.00432738
10.925 60.4658 32.9639 0.615498 -0.787205 0.030303
11.705 61.1302 32.3109 0.664847 -0.745972 0.0387786
12.3816 61.6996 31.7152 0.662402 -0.747553 0.0488616
12.9936 62.2092 31.108 0.652355 -0.757636 0.0204984
13.5373 62.6433 30.1876 0.651283 -0.757878 0.0367681
12.9961 62.1606 29.0697 0.669133 -0.742944 0.0153584
12.2146 61.4495 28.4592 0.675838 -0.737025 0.0061683
11.5146 60.7771 28.0561 0.699059 -0.714945 0.0130468
10.839 60.1068 27.6302 0.675368 -0.734024 0.0713223
10.2178 59.4281 27.217 0.625427 -0.766035 0.148426
9.54173 58.7191 26.682 0.47263 -0.838914 0.269895
8.81832 58.1598 26.1156 0.437011 -0.871323 0.222741
8.0862 57.6399 25.4606 0.429779 -0.851574 0.29105
7.19297 57.1199 24.4644 0.234482 -0.938052 0.238801
6.14731 56.7748 23.5409 0.124282 -0.980425 0.144275
5.23136 56.5297 23.0015 0.16088 -0.97594 0.147173
4.19696 56.2818 22.1109 0.116617 -0.987472 0.106298
3.02982 56.0855 21.5435 0.110778 -0.988591 0.102055
2.27757 55.9249 20.7844 0.102972 -0.98931 0.10326
1.51849 55.7872 20.1246 0.0702275 -0.993198 0.092873
0.535981 55.682 19.5444 0.0806058 -0.994769 0.0591116
-0.32631 55.5628 18.7185 0.0676745 -0.99626 0.0525572
-1.14017 55.4785 17.9805 0.0586939 -0.997308 0.0439463
-1.84396 55.4025 17.1948 0.0526825 -0.996962 0.0558002
-2.45889 55.3331 16.28 0.0488574 -0.997962 0.0410248
-3.38358 55.2465 15.2905 0.0426713 -0.998341 0.0367667
-4.26171 55.1731 13.9948 0.0519687 -0.998297 0.0264867
-4.82577 55.1229 12.92 0.045111 -0.998837 0.0170163
-5.44182 55.0813 11.8745 0.0470393 -0.998815 0.0124176
-6.23604 55.0403 11.0221 0.0493978 -0.998779 0.00108204
-6.95704 54.9959 10.3107 0.0605179 -0.998165 0.00212326
-7.95482 54.934 9.65722 0.0643627 -0.997924 -0.0017311
-8.91276 54.869 9.3645 0.0816477 -0.996573 -0.0057241
-10.0818 54.7657 8.4866 0.0830934 -0.996538 0.00276454
-11.0384 54.6856 8.10159 0.0884391 -0.996055 -0.00727884
-12.066 54.5892 7.80345 0.0989512 -0.995086 -0.0025969
-13.0435 54.4939 7.38811 0.0996452 -0.995 -0.00647087
-14.1982 54.3842 7.16766 0.101901 -0.994606 -0.0167653
-15.274 54.2697 7.00142 0.123353 -0.991906 -0.025239
-15.3088 54.2649 6.99634 0.13945 -0.989839 -0.0277803
-44.9187 44.9765 38.6819 0.322338 -0.946595 -0.00748857
-43.9419 45.3072 39.0646 0.323596 -0.94618 -0.00540926
-43.0351 45.6175 39.2488 0.32577 -0.945447 -0.00186292
-41.9697 45.9863 39.2345 0.327838 -0.944732 -0.00217085
-40.6245 46.4561 38.8182 0.330718 -0.943729 0.000854484
-39.6534 46.798 38.4076 0.334659 -0.942339 -7.91712e-05
-38.7345 47.1248 37.7629 0.335744 -0.941953 -0.000101323
-37.7301 47.4888 36.7897 0.340384 -0.940283 -0.00258246
-37.0459 47.7405 35.87 0.340668 -0.940174 -0.0043492
-36.5694 47.9236 34.7843 0.342677 -0.939394 -0.0104027
-36.2834 48.0463 33.4287 0.342765 -0.939313 -0.0142401
-36.2182 48.0923 32.1619 0.338981 -0.940598 -0.0191505
-36.3014 48.0849 31.0967 0.338059 -0.940885 -0.0212311
-36.599 48.0046 30.0222 0.334107 -0.942249 -0.0232353
-37.0745 47.8627 28.9754 0.331871 -0.943 -0.0247511
-37.7881 47.6404 27.987 0.327344 -0.944553 -0.0257905
-38.6872 47.3545 27.1498 0.324301 -0.945527 -0.0284046
-39.4047 47.1281 26.4595 0.324563 -0.945504 -0.0260441
-40.6674 46.7152 25.7823 0.322572 -0.94622 -0.0247891
-41.6085 46.3988 25.6416 0.321682 -0.946528 -0.0246208
-42.5433 46.0816 25.6221 0.321237 -0.946716 -0.0231621
-43.6151 45.7178 25.6332 0.320805 -0.9469 -0.0215344
-44.6325 45.3674 25.7857 0.32352 -0.945978 -0.0214479
-45.5309 45.052 26.1455 0.324467 -0.94566 -0.0211537
-46.3438 44.7591 26.737 0.326162 -0.94511 -0.019609
-47.1228 44.4756 27.3979 0.326962 -0.944818 -0.0203818
-47.8539 44.2012 28.3267 0.328288 -0.944336 -0.0213579
-48.495 43.9542 29.3472 0.327079 -0.944723 -0.0227616
-49.2473 43.6544 30.9679 0.326059 -0.945064 -0.0232345
-49.2465 43.6196 32.3686 0.325329 -0.945317 -0.0231554
-49.1967 43.6129 33.3665 0.323788 -0.945837 -0.0235343
-48.6658 43.7637 34.7667 0.323749 -0.945927 -0.0202022
-48.0791 43.938 36.0452 0.321576 -0.946731 -0.0169146
-47.5226 44.1137 36.8804 0.322597 -0.946421 -0.0147891
-46.7262 44.3729 37.6463 0.321957 -0.946667 -0.0127464
-45.9147 44.6428 38.174 0.321095 -0.946992 -0.0101363
-45.5377 44.7684 38.3635 0.32131 -0.946933 -0.00870082
-45.1832 44.8965 37.5089 0.321313 -0.946932 -0.00870709
-46.1293 44.584 37.0042 0.319231 -0.947582 -0.013434
-46.9714 44.3131 36.1217 0.319832 -0.947337 -0.0161247
-47.7051 44.0886 34.8828 0.32246 -0.946338 -0.0215603
-48.1597 43.96 33.7239 0.32321 -0.946089 -0.0212185
-48.2824 43.9418 32.7396 0.324858 -0.945446 -0.0244757
-48.3859 43.9386 31.4689 0.325145 -0.945362 -0.0239154
-48.0439 44.0848 30.4068 0.328257 -0.944297 -0.0234528
-47.4895 44.3026 29.4065 0.328455 -0.944217 -0.0239202
-46.9784 44.5008 28.5528 0.329454 -0.943933 -0.0212167
-46.3007 44.7512 27.8657 0.328239 -0.944407 -0.0188341
-45.473 45.0506 27.2576 0.326553 -0.945007 -0.017976
-44.35 45.4464 26.6991 0.324579 -0.94573 -0.0155493
-43.3938 45.7745 26.5677 0.319656 -0.94743 -0.0140173
-42.4335 46.0975 26.5974 0.317998 -0.947911 -0.0184998
-41.451 46.4304 26.573 0.321213 -0.94677 -0.0211758
-40.4976 46.7484 26.785 0.32117 -0.94676 -0.0222752
-39.656 47.0149 27.4795 0.318892 -0.947384 -0.0277631
-38.8185 47.2757 28.2679 0.322402 -0.946193 -0.0277541
-38.0476 47.5224 28.9735 0.328497 -0.944149 -0.0258684
-37.4631 47.6934 30.1858 0.330316 -0.943486 -0.0269428
-37.1727 47.7715 31.172 0.336029 -0.941589 -0.0222439
-37.0336 47.7939 32.2999 0.345318 -0.93827 -0.0201341
-37.1666 47.7214 33.5239 0.346826 -0.937837 -0.0131828
-37.4611 47.5979 34.6629 0.34528 -0.938459 -0.0081324
-37.9001 47.4311 35.6189 0.344278 -0.93886 -0.00324833
-38.6394 47.1608 36.399 0.339351 -0.940659 -0.000237726
-39.4055 46.8855 37.1145 0.336698 -0.941611 0.00152198
-40.2008 46.6024 37.6638 0.333456 -0.942756 0.00249461
-41.2038 46.2519 37.9682 0.328438 -0.944521 0.00109708
-42.3972 45.8388 38.3021 0.326791 -0.945094 -0.00135448
-43.4564 45.4753 38.2332 0.32124 -0.946983 -0.00484423
-44.4332 45.1479 37.8695 0.320042 -0.947379 -0.0067738
-44.9006 44.9916 37.6521 0.321255 -0.946962 -0.00747249
-44.1975 45.2303 36.9423 0.316613 -0.948523 -0.00605263
-45.121 44.9279 36.5644 0.316954 -0.948382 -0.0105933
-45.9838 44.6482 35.9254 0.317677 -0.948107 -0.0132156
-46.7501 44.4143 34.8126 0.318496 -0.947669 -0.021857
-47.2457 44.2696 33.7544 0.320802 -0.946918 -0.0207942
-47.3542 44.2629 32.6332 0.324193 -0.945655 -0.025209
-47.477 44.2477 31.6049 0.325035 -0.945395 -0.0240735
-47.1177 44.3981 30.6622 0.328303 -0.944155 -0.0279288
-46.5244 44.638 29.5365 0.332463 -0.942846 -0.0225776
-45.893 44.8768 28.718 0.32956 -0.94398 -0.0171178
-44.9632 45.2142 27.9964 0.328393 -0.944406 -0.0159258
-44.0981 45.5186 27.6068 0.32436 -0.945827 -0.0141513
-42.8685 45.9357 27.5559 0.316967 -0.948313 -0.0153218
-41.6562 46.3411 27.4712 0.317151 -0.948197 -0.0182856
-40.6512 46.6702 27.8643 0.316191 -0.948438 -0.0221158
-39.6712 46.9737 28.7103 0.317916 -0.947717 -0.0274282
-38.861 47.2301 29.3904 0.324959 -0.945369 -0.0260431
-38.2812 47.3992 30.4472 0.330905 -0.94327 -0.027263
-37.9728 47.4749 31.3853 0.343594 -0.938752 -0.02621
-37.8795 47.4781 32.4976 0.34524 -0.938251 -0.0218127
-38.1442 47.3548 33.8928 0.346669 -0.937891 -0.013083
-38.4915 47.2174 34.8701 0.345609 -0.938366 -0.00473868
-39.1331 46.9826 35.6409 0.342704 -0.93944 0.00245244
-39.9583 46.6866 36.3593 0.337718 -0.941244 0.00226601
-41.0373 46.3056 36.9182 0.332105 -0.943228 0.00528583
-42.3121 45.8692 37.3125 0.323014 -0.946392 0.00179803
-43.2347 45.5529 37.314 0.318216 -0.948017 -0.00143094
-25.6769 52.2396 8.20893 0.24188 -0.96994 -0.0266596
-23.6581 52.7279 8.0318 0.225712 -0.973996 -0.0196317
-19.7858 53.5257 8.57189 0.178326 -0.983868 -0.0142593
-21.5436 53.1806 8.74854 0.194297 -0.980824 -0.0152857
-23.4172 52.7654 8.94423 0.224431 -0.974383 -0.0144318
-25.2237 52.328 9.10316 0.241447 -0.970109 -0.0243214
-27.0707 51.8431 9.23007 0.261483 -0.964856 -0.026072
-29.0843 51.2627 9.27861 0.290918 -0.956052 -0.0364969
-30.734 50.7078 10.1671 0.31501 -0.948049 -0.044411
-29.0103 51.2486 10.217 0.291622 -0.955798 -0.0375112
-27.1832 51.7851 10.1849 0.272781 -0.96156 -0.0315114
-25.3577 52.2734 10.0473 0.240508 -0.970391 -0.0222888
-23.303 52.778 9.86996 0.2292 -0.973229 -0.0170792
-21.1333 53.2488 9.64511 0.197741 -0.980121 -0.0161849
-19.4153 53.5797 9.47881 0.178323 -0.983869 -0.0142582
-17.4581 53.9137 9.30909 0.160784 -0.986947 -0.00919412
-16.7063 54.0317 9.25208 0.142062 -0.989831 -0.00724799
-13.3546 54.4538 9.99932 0.110403 -0.993883 0.00267986
-15.1135 54.2516 10.0776 0.128969 -0.991645 -0.00281216
-17.0605 53.9676 10.212 0.15614 -0.987735 0.000925032
-19.1109 53.625 10.3869 0.17506 -0.984537 -0.00646569
-21.3766 53.1856 10.6069 0.199371 -0.97986 -0.0112453
-23.1534 52.7992 10.7879 0.228917 -0.973338 -0.0144732
-25.165 52.3021 10.9662 0.24556 -0.969133 -0.0219636
-27.145 51.7689 11.1092 0.266057 -0.963524 -0.0289008
-29.024 51.2101 11.1524 0.291644 -0.955931 -0.033771
-30.7604 50.6602 11.098 0.312594 -0.949329 -0.0325448
-32.5086 50.0757 10.9916 0.324802 -0.945078 -0.0364862
-34.771 49.2614 11.6964 0.330587 -0.943053 -0.0369275
-33.0428 49.8574 11.8835 0.326868 -0.944334 -0.037295
-31.2452 50.4663 12.0087 0.318864 -0.947215 -0.033304
-29.3994 51.063 12.0758 0.295577 -0.954734 -0.0334267
-27.654 51.5901 12.0592 0.280045 -0.959387 -0.0339414
-25.9851 52.0633 11.9558 0.265648 -0.963708 -0.0264142
-24.0607 52.5644 11.8041 0.244856 -0.96947 -0.0131424
-22.2779 52.9839 11.6388 0.204182 -0.978877 -0.0104288
-20.3501 53.3828 11.4315 0.192319 -0.981318 -0.0053612
-18.3993 53.7427 11.2535 0.167364 -0.98588 -0.00552967
-16.1428 54.1042 11.0741 0.141018 -0.990005 -0.00214345
-14.4254 54.333 10.9756 0.115151 -0.993348 -0.000786388
-12.4956 54.5473 10.8746 0.0979842 -0.99518 0.00403429
-11.3282 54.6608 10.8172 0.092184 -0.995729 0.00504354
-9.77307 54.801 11.6786 0.0825028 -0.996584 0.00362502
-11.6769 54.6314 11.7451 0.0941195 -0.995554 0.00380882
-13.9137 54.3917 11.8653 0.114846 -0.993383 -0.000346765
-15.782 54.1581 11.9806 0.143877 -0.989595 0.000596034
-18.0508 53.7967 12.1551 0.16649 -0.986038 -0.00331333
-19.9369 53.4589 12.3153 0.193764 -0.981026 -0.00657179
-21.736 53.0935 12.509 0.211493 -0.977319 -0.0108806
-23.4864 52.6907 12.6903 0.23608 -0.971593 -0.0165273
-25.3798 52.2045 12.843 0.253654 -0.967113 -0.0187789
-27.3272 51.657 12.9599 0.278899 -0.960021 -0.0239743
-29.1028 51.1235 12.9986 0.301018 -0.953129 -0.030534
-31.2534 50.4307 12.939 0.318269 -0.94739 -0.034002
-33.488 49.6675 12.7782 0.327707 -0.94405 -0.0371028
-35.2564 49.056 12.5922 0.331377 -0.942773 -0.0369878
-36.9198 48.4785 12.3966 0.331533 -0.942711 -0.0371844
-36.9739 48.4597 12.3901 0.331597 -0.942687 -0.0372068
-39.3755 47.5876 13.1128 0.330621 -0.94307 -0.0361829
-37.5698 48.2141 13.3026 0.331648 -0.942678 -0.0369761
-35.7058 48.8623 13.5015 0.331782 -0.942645 -0.0366113
-33.8592 49.5047 13.6836 0.329188 -0.943632 -0.0345556
-31.7911 50.2124 13.8303 0.323187 -0.945834 -0.0307779
-29.8233 50.8673 13.8976 0.311983 -0.949546 -0.0320797
-28.1416 51.3906 13.9004 0.289273 -0.956841 -0.0278455
-26.3993 51.9045 13.8341 0.272265 -0.96198 -0.0216077
-24.6123 52.3928 13.7029 0.254397 -0.966965 -0.0161771
-22.6914 52.8691 13.5512 0.220547 -0.975363 -0.00503893
-20.7546 53.2912 13.3317 0.198297 -0.980129 -0.00496926
-18.6635 53.6924 13.1282 0.183297 -0.983048 -0.0042678
-16.8536 53.9942 12.9876 0.162102 -0.986774 -0.000285014
-15.0531 54.2518 12.8572 0.125312 -0.992113 -0.00280507
-13.1362 54.483 12.7388 0.107555 -0.99416 0.00878642
-11.2875 54.6737 12.6441 0.0966812 -0.995276 0.00882885
-9.54368 54.8281 12.5927 0.0773739 -0.996966 0.0085178
-8.53927 54.9047 12.5765 0.0755404 -0.997097 0.00954901
-7.73818 54.973 13.4767 0.0619954 -0.99803 0.00967777
-9.56883 54.8362 13.5098 0.0776324 -0.996901 0.0126987
-11.3705 54.6732 13.5642 0.0982278 -0.995139 0.00698682
-13.3405 54.469 13.6698 0.107562 -0.994182 0.00577479
-15.6531 54.1731 13.8189 0.142417 -0.989806 -0.00127243
-17.508 53.8838 13.9681 0.166266 -0.98608 -0.0013659
-19.2799 53.5745 14.1088 0.184232 -0.98288 -0.00235617
-20.9841 53.2367 14.2944 0.200296 -0.979705 -0.00775027
-22.8622 52.8241 14.4961 0.223047 -0.974765 -0.0090805
-24.8113 52.3269 14.6351 0.262499 -0.964859 -0.0119115
-26.705 51.7952 14.7745 0.277727 -0.960463 -0.0194801
-28.4093 51.2924 14.8102 0.295763 -0.955009 -0.0219699
-30.2379 50.7015 14.8022 0.310459 -0.950159 -0.0285016
-32.1644 50.0553 14.738 0.325498 -0.945017 -0.0315226
-33.9871 49.4244 14.6109 0.331774 -0.942703 -0.0351849
-36.1089 48.6848 14.4218 0.331963 -0.942599 -0.0361547
-37.7559 48.1112 14.2652 0.330916 -0.942983 -0.0357392
-39.3872 47.5454 14.099 0.330078 -0.943273 -0.0358357
-40.6766 47.1 13.9598 0.329457 -0.943522 -0.0349931
-42.1511 46.5566 14.7925 0.327257 -0.944323 -0.0340135
-40.3153 47.1875 14.9929 0.32881 -0.943727 -0.035537
-38.6727 47.7554 15.1643 0.330403 -0.943149 -0.0361047
-36.771 48.4167 15.3264 0.332013 -0.942576 -0.0363145
-34.85 49.0881 15.4767 0.333098 -0.94223 -0.0353372
-33.1842 49.6707 15.6118 0.330147 -0.943329 -0.03367
-31.2954 50.3204 15.7086 0.323231 -0.945785 -0.0318117
-29.6493 50.8696 15.7202 0.312239 -0.949686 -0.0245429
-27.8936 51.4272 15.7292 0.284575 -0.958423 -0.0210287
-25.9711 51.988 15.656 0.275384 -0.961136 -0.0195037
-24.1969 52.4793 15.5093 0.254506 -0.966995 -0.0121177
-22.2148 52.9624 15.3539 0.221998 -0.974948 -0.0138881
-20.2652 53.3794 15.1502 0.194511 -0.980877 -0.006805
-18.4671 53.7205 14.965 0.175138 -0.984538 -0.00327469
-16.6295 54.0248 14.8213 0.149333 -0.988785 -0.00207631
-14.6478 54.3123 14.6631 0.137943 -0.99042 0.00631496
-12.9212 54.519 14.5618 0.108907 -0.994042 0.00454218
-11.1182 54.7049 14.4701 0.0975313 -0.995202 0.00779667
-9.03659 54.8886 14.4109 0.0783108 -0.996879 0.01002
-7.25595 55.0173 14.3775 0.0633455 -0.997842 0.0172762
-6.93007 55.0379 14.371 0.0627176 -0.997864 0.0182608
-6.54367 55.0788 15.2719 0.0588986 -0.998078 0.0192716
-8.41039 54.9488 15.3098 0.0770614 -0.996892 0.0163498
-10.4393 54.7774 15.3648 0.0965025 -0.995246 0.0131362
-12.1712 54.6062 15.4381 0.100495 -0.994901 0.00849992
-14.0452 54.3914 15.5431 0.12467 -0.992192 0.00353362
-16.1313 54.0974 15.6973 0.149255 -0.988789 -0.00446887
-18.0642 53.7872 15.8617 0.17522 -0.984501 -0.00750228
-20.2573 53.3686 16.079 0.189207 -0.981835 -0.0141792
-22.141 52.963 16.2681 0.220639 -0.975183 -0.0183594
-23.8662 52.5529 16.4006 0.251966 -0.967489 -0.021868
-25.6721 52.0542 16.5469 0.271977 -0.962094 -0.0200748
-27.4057 51.5497 16.6376 0.285069 -0.9582 -0.0242549
-29.2863 50.9641 16.6382 0.309267 -0.95057 -0.0277649
-31.137 50.3427 16.6305 0.321503 -0.946469 -0.0288467
-32.8774 49.7433 16.5603 0.330284 -0.94323 -0.0350674
-34.7714 49.0799 16.4332 0.333036 -0.942247 -0.0354632
-36.581 48.4458 16.3103 0.332296 -0.942509 -0.0354355
-38.5917 47.7465 16.1442 0.33001 -0.943298 -0.0358209
-40.5952 47.0537 15.971 0.328838 -0.943739 -0.0349446
-42.3081 46.4679 15.7518 0.325993 -0.944759 -0.034059
-42.7605 46.3142 15.6768 0.326461 -0.944611 -0.0336764
-43.88 45.8945 16.6092 0.326237 -0.944707 -0.0331315
-42.1778 46.4776 16.7514 0.326526 -0.944617 -0.032865
-40.4947 47.0532 16.9611 0.328241 -0.943996 -0.0335996
-38.5727 47.7159 17.1414 0.330151 -0.943278 -0.0350342
-36.561 48.4168 17.2673 0.331915 -0.942589 -0.036856
-34.4047 49.1734 17.4098 0.334076 -0.941899 -0.0349127
-32.6949 49.7739 17.5013 0.331239 -0.942984 -0.0325784
-30.6852 50.4716 17.5427 0.324412 -0.945421 -0.0306054
-28.6284 51.1522 17.5671 0.30164 -0.953167 -0.0220642
-26.945 51.6644 17.5356 0.279144 -0.959921 -0.0250968
-25.0079 52.2219 17.4012 0.267155 -0.963492 -0.0176126
-23.1368 52.7172 17.2846 0.240642 -0.970417 -0.0195624
-21.3149 53.134 17.1065 0.207576 -0.978123 -0.0136764
-19.6003 53.4905 16.9318 0.194631 -0.980872 -0.00290011
-17.6759 53.8453 16.7528 0.16776 -0.985788 -0.00888566
-15.8301 54.1436 16.5806 0.151048 -0.988524 0.00235017
-13.8329 54.4213 16.4473 0.126113 -0.992012 0.00289672
-11.6516 54.6691 16.3291 0.102828 -0.994635 0.0113114
-9.59062 54.8658 16.2492 0.0884481 -0.995914 0.0182351
-7.60156 55.0254 16.2054 0.0688677 -0.997503 0.0156305
-5.86404 55.1379 16.1812 0.0613306 -0.997901 0.0207826
-5.08342 55.2095 17.1113 0.0657633 -0.997532 0.0245851
-6.89866 55.0895 17.1054 0.069272 -0.997435 0.0180018
-8.63421 54.9639 17.1343 0.0767393 -0.996921 0.01611
-10.6518 54.7756 17.2064 0.0956722 -0.995391 0.00666863
-12.7085 54.5632 17.2957 0.110136 -0.993897 0.00623602
-14.548 54.3289 17.4109 0.133231 -0.991085 0.000129368
-16.3466 54.066 17.5383 0.157889 -0.987457 0.000216838
-18.2636 53.7402 17.7213 0.17533 -0.984502 -0.00402214
-19.9601 53.4097 17.8887 0.202535 -0.979232 -0.00914965
-21.7157 53.0335 18.059 0.213976 -0.976669 -0.0182172
-23.6449 52.5709 18.2213 0.250354 -0.967947 -0.0200584
-25.4114 52.0872 18.336 0.275846 -0.960922 -0.0231773
-27.113 51.5951 18.4455 0.284005 -0.958566 -0.0221968
-29.0098 51.0047 18.4841 0.311649 -0.949812 -0.0270415
-31.0124 50.3275 18.4584 0.327698 -0.944204 -0.0330697
-32.734 49.7275 18.429 0.332225 -0.942577 -0.0342796
-34.4072 49.1372 18.3593 0.334245 -0.941832 -0.0351157
-36.1976 48.5067 18.2624 0.333112 -0.942228 -0.0352577
-37.9083 47.91 18.1512 0.329547 -0.943471 -0.0355194
-39.7745 47.265 18.0232 0.327772 -0.944127 -0.0344949
-41.5843 46.6449 17.8371 0.326585 -0.944584 -0.0332086
-43.2324 46.0812 17.6765 0.326095 -0.944789 -0.0321741
-44.306 45.7135 17.5854 0.326578 -0.944628 -0.0320045
-45.303 45.3373 18.5156 0.327002 -0.944525 -0.0306868
-43.2504 46.0399 18.7058 0.326032 -0.944809 -0.0322478
-41.5156 46.6339 18.8357 0.326132 -0.944768 -0.03243
-39.586 47.2945 19.0204 0.327516 -0.94425 -0.0335384
-37.796 47.9133 19.1364 0.329279 -0.943614 -0.0341868
-35.8037 48.6096 19.2391 0.333199 -0.942233 -0.0342752
-33.7635 49.3297 19.3295 0.334119 -0.941885 -0.0348781
-31.9816 49.957 19.3694 0.329838 -0.943419 -0.0341682
-30.2576 50.5571 19.3833 0.324444 -0.945356 -0.032227
-28.584 51.117 19.3928 0.304337 -0.952072 -0.0306116
-26.8875 51.64 19.3317 0.289914 -0.956751 -0.0240179
-25.0589 52.1753 19.2205 0.270067 -0.962721 -0.0152676
-23.0872 52.6977 19.095 0.237481 -0.97136 -0.00785065
-21.0981 53.1647 18.9219 0.210081 -0.977662 -0.00655441
-19.0901 53.5776 18.715 0.193988 -0.980953 -0.0100097
-17.3671 53.8931 18.5521 0.166816 -0.985958 -0.00771424
-15.5414 54.1856 18.3853 0.14788 -0.988989 -0.00571019
-13.7305 54.4367 18.2772 0.127897 -0.991785 -0.00226185
-11.9517 54.6502 18.1703 0.108678 -0.994074 -0.00247858
-10.0794 54.8386 18.0971 0.0951414 -0.995419 0.00940955
-8.18321 55.009 18.0299 0.0862755 -0.996235 0.00853723
-6.16039 55.1583 18.0276 0.0701317 -0.997299 0.0218156
-4.39096 55.281 18.0417 0.0691431 -0.997202 0.0284203
-3.99759 55.335 18.9555 0.0733632 -0.996887 0.0288699
-5.95215 55.1938 18.9441 0.0742053 -0.997043 0.0199625
-8.09522 55.0239 18.9681 0.0851277 -0.99634 0.00779647
-10.1162 54.8436 19.0167 0.0963401 -0.995315 0.00817848
-12.012 54.6416 19.0824 0.114373 -0.993433 0.00298116
-13.7771 54.4267 19.1917 0.129212 -0.991616 -0.00133392
-15.5087 54.1869 19.2949 0.150092 -0.988669 -0.00237694
-17.3154 53.8953 19.459 0.172031 -0.985091 -0.000166077
-19.3633 53.5186 19.6572 0.196378 -0.980515 -0.00501936
-21.3616 53.1003 19.8647 0.220004 -0.975477 -0.00648676
-23.286 52.6412 20.019 0.240543 -0.970551 -0.0130318
-25.0366 52.1654 20.1312 0.270256 -0.96261 -0.0185429
-26.7065 51.677 20.2351 0.286333 -0.95795 -0.0185877
-28.6372 51.0736 20.3031 0.310318 -0.950173 -0.0295682
-30.3085 50.5112 20.3048 0.319912 -0.947004 -0.0289722
-32.2284 49.8396 20.292 0.332755 -0.942482 -0.0316506
-33.9035 49.2466 20.256 0.334692 -0.941714 -0.0339914
-35.5681 48.6583 20.1945 0.333524 -0.94213 -0.0339487
-37.3155 48.0451 20.1287 0.331656 -0.942772 -0.0344174
-39.3981 47.3244 20.0136 0.32779 -0.944157 -0.033489
-41.436 46.6271 19.8516 0.325566 -0.944986 -0.0317555
-43.1147 46.0531 19.738 0.325023 -0.945203 -0.0308514
-44.9092 45.4392 19.5769 0.326133 -0.944875 -0.0291317
-45.6799 45.1761 19.4824 0.327114 -0.944529 -0.0293659
-46.3535 44.9139 20.4589 0.326739 -0.944697 -0.028089
-44.4245 45.5737 20.6378 0.325266 -0.945187 -0.0287052
-42.7205 46.1555 20.7787 0.324348 -0.945484 -0.0293073
-40.8433 46.7965 20.8942 0.3255 -0.945059 -0.0302131
-39.1563 47.3755 21.0014 0.327027 -0.944505 -0.0310308
-37.078 48.0945 21.0917 0.32898 -0.943824 -0.0311318
-35.0363 48.8116 21.1572 0.334136 -0.941899 -0.0343459
-33.3361 49.4154 21.2018 0.335338 -0.94154 -0.0324277
-31.6541 50.0116 21.2178 0.333102 -0.942369 -0.031371
-29.9614 50.6018 21.225 0.32052 -0.946863 -0.0267615
-28.2673 51.1683 21.1989 0.307173 -0.95132 -0.0251911
-26.4509 51.7354 21.137 0.286716 -0.957815 -0.0195886
-24.783 52.2194 21.0252 0.272408 -0.961981 -0.019637
-23.0632 52.6831 20.905 0.244846 -0.969522 -0.00876699
-21.2904 53.1085 20.7737 0.216197 -0.976298 -0.0100195
-19.5876 53.4707 20.5905 0.197259 -0.98035 -0.00187961
-17.7869 53.8128 20.4275 0.172031 -0.985091 -0.000165958
-15.7145 54.1544 20.2273 0.151986 -0.988382 0.00146342
-13.581 54.4532 20.0821 0.127325 -0.99186 0.00152683
-11.7201 54.6784 19.9834 0.11454 -0.993407 0.00471964
-9.8442 54.8774 19.932 0.0957199 -0.995373 0.00836819
-7.72549 55.0652 19.8886 0.0855557 -0.996271 0.0111177
-5.78796 55.2213 19.8603 0.0774132 -0.996871 0.0160069
-3.83046 55.3732 19.8492 0.0733631 -0.996887 0.02887
-2.93647 55.4404 19.8818 0.0766625 -0.996471 0.0341701
-1.97343 55.5526 20.821 0.0839005 -0.995338 0.047581
-3.73725 55.4073 20.7603 0.081981 -0.996167 0.030495
-5.62345 55.2554 20.7771 0.0825066 -0.996309 0.0236869
-7.79638 55.07 20.8151 0.0869059 -0.996124 0.0135924
-9.5813 54.9083 20.8423 0.0987109 -0.995107 0.00418722
-11.784 54.6745 20.924 0.113659 -0.993519 0.00108352
-13.9866 54.4005 21.0124 0.127056 -0.991893 -0.00205006
-16.2004 54.0762 21.1846 0.154014 -0.988054 -0.00541421
-17.9995 53.7725 21.365 0.166632 -0.986005 -0.00525206
-20.2966 53.3184 21.5845 0.195631 -0.980638 -0.00884433
-22.2089 52.8868 21.771 0.235246 -0.971774 -0.017764
-24.2655 52.3498 21.8908 0.269585 -0.962852 -0.0154873
-26.1996 51.7894 22.0319 0.282913 -0.958884 -0.0223818
-27.9412 51.252 22.0951 0.310248 -0.950433 -0.0205732
-29.7059 50.662 22.1409 0.32206 -0.946282 -0.028758
-31.6763 49.9736 22.139 0.333535 -0.942292 -0.0289824
-33.3162 49.3921 22.1268 0.334849 -0.941781 -0.0304089
-35.1721 48.7313 22.0928 0.335381 -0.941562 -0.0313204
-37.0208 48.0828 22.047 0.329644 -0.943608 -0.0306514
-38.9463 47.4157 21.9807 0.327063 -0.944479 -0.0314373
-40.7286 46.8051 21.8702 0.324929 -0.945294 -0.0289802
-42.6199 46.1581 21.8043 0.324088 -0.945591 -0.0287247
-44.5021 45.5166 21.6564 0.325187 -0.945243 -0.0277248
-46.3146 44.8964 21.5457 0.324993 -0.945348 -0.0263853
-47.1511 44.6076 21.527 0.326658 -0.944788 -0.0259047
-48.0419 44.2723 22.5379 0.327056 -0.944702 -0.0239504
-46.2553 44.8873 22.619 0.324916 -0.945413 -0.0249581
-44.5033 45.4872 22.6895 0.323946 -0.945723 -0.0258085
-42.8427 46.053 22.7775 0.323221 -0.945933 -0.0271734
-40.9336 46.7045 22.8502 0.324399 -0.945476 -0.0289943
-39.2443 47.2837 22.9231 0.325739 -0.945037 -0.0282733
-37.3855 47.9262 22.9888 0.329692 -0.943683 -0.0276536
-35.5538 48.5678 23.0287 0.333339 -0.942384 -0.028241
-33.8096 49.1875 23.0461 0.335796 -0.941456 -0.0300223
-32.0707 49.8059 23.0539 0.334182 -0.942056 -0.0292212
-30.3922 50.3957 23.0529 0.326128 -0.944896 -0.0285054
-28.634 50.9977 23.0302 0.317473 -0.948027 -0.0213433
-26.85 51.5762 22.9823 0.287663 -0.957477 -0.0220794
-25.1579 52.077 22.863 0.279212 -0.96002 -0.0200606
-23.3263 52.5933 22.7431 0.25071 -0.967947 -0.0149056
-21.3488 53.076 22.596 0.225351 -0.97418 -0.0137682
-19.2827 53.5156 22.3916 0.19371 -0.981052 -0.00362677
-17.3726 53.8756 22.2307 0.171788 -0.985132 -0.00213213
-15.3416 54.2003 22.0242 0.146252 -0.989184 -0.0111967
-13.5418 54.4576 21.8937 0.132905 -0.991125 -0.0027263
-11.73 54.6791 21.8466 0.117981 -0.993014 -0.00199231
-9.44892 54.9253 21.7539 0.100897 -0.994894 0.00258036
-7.42732 55.1132 21.7199 0.0884551 -0.996014 0.0114844
-5.37105 55.2952 21.6923 0.0900895 -0.995759 0.0186653
-3.41041 55.4628 21.7021 0.0840511 -0.995914 0.0330221
-1.52442 55.6307 21.7172 0.0932067 -0.994726 0.0428012
-0.792771 55.696 21.7223 0.093352 -0.994408 0.0493732
0.249133 55.853 22.5911 0.111358 -0.991632 0.0653118
-1.56845 55.6626 22.6135 0.0980035 -0.994476 0.0375981
-3.37671 55.4938 22.6226 0.0917419 -0.995477 0.0246682
-5.35668 55.3147 22.6142 0.0919999 -0.995566 0.019618
-7.15043 55.1504 22.6207 0.0916606 -0.995732 0.0108033
-9.21825 54.9514 22.6798 0.102378 -0.994742 0.00279068
-11.0586 54.7598 22.7534 0.105242 -0.994446 0.00149082
-12.8135 54.5529 22.7802 0.123449 -0.992346 0.00313056
-14.881 54.2627 22.9085 0.14432 -0.989531 -0.000317201
-16.7909 53.9741 23.0799 0.158992 -0.987279 -0.00122616
-18.9325 53.5792 23.278 0.191228 -0.981524 -0.00658116
-20.7257 53.2072 23.4428 0.211405 -0.977389 -0.00430823
-22.5772 52.7657 23.6024 0.235588 -0.971731 -0.0153842
-24.3226 52.2998 23.7081 0.271232 -0.962304 -0.0201168
-25.9853 51.8164 23.826 0.279457 -0.959989 -0.0180063
-27.8111 51.2508 23.9201 0.313673 -0.949224 -0.0241472
-29.758 50.5896 23.9736 0.326465 -0.944846 -0.0262087
-31.4327 50.0043 23.9693 0.333588 -0.942319 -0.0274468
-33.2382 49.3626 23.973 0.335891 -0.941465 -0.0286459
-35.1625 48.6775 23.975 0.334337 -0.942034 -0.0281178
-37.0495 48.0155 23.9458 0.329517 -0.943744 -0.0276586
-38.8261 47.3994 23.8986 0.325048 -0.945316 -0.0268746
-40.5543 46.8065 23.8377 0.323747 -0.94579 -0.0258715
-42.2888 46.2148 23.7945 0.322833 -0.946119 -0.0252389
-44.083 45.604 23.7252 0.323132 -0.946021 -0.0251073
-45.9696 44.9585 23.6649 0.325047 -0.945415 -0.0231212
-47.9874 44.2645 23.5873 0.326524 -0.944916 -0.0227017
-48.7856 43.9896 23.5498 0.326768 -0.944834 -0.0226286
-49.3265 43.7775 24.5994 0.326508 -0.944939 -0.0219677
-47.6419 44.3572 24.7076 0.326117 -0.945057 -0.0227013
-45.9426 44.9417 24.7207 0.324985 -0.945461 -0.022092
-44.2225 45.5313 24.7172 0.322701 -0.946271 -0.0208515
-42.4169 46.1454 24.7891 0.322735 -0.946176 -0.0243413
-40.6953 46.7317 24.81 0.323664 -0.94582 -0.0258218
-38.5944 47.4524 24.8646 0.326044 -0.944982 -0.0265388
-36.4729 48.1885 24.9064 0.329497 -0.943746 -0.0278408
-34.738 48.8 24.9129 0.334842 -0.941859 -0.0279702
-32.9568 49.4351 24.8979 0.33594 -0.941488 -0.0272819
-31.3016 50.0239 24.8887 0.333788 -0.942253 -0.0272852
-29.6053 50.6188 24.8887 0.327658 -0.94449 -0.024075
-27.9151 51.1968 24.8348 0.316341 -0.948401 -0.0215368
-26.1122 51.7626 24.7432 0.286451 -0.957947 -0.0168314
-23.9842 52.3782 24.5959 0.269804 -0.962848 -0.0114135
-21.959 52.9031 24.452 0.234596 -0.972025 -0.0114581
-20.2592 53.3043 24.3053 0.208439 -0.978018 -0.00588102
-18.463 53.6669 24.159 0.186538 -0.982443 -0.00300506
-16.7473 53.9772 24.0007 0.171094 -0.985234 -0.00643107
-14.7615 54.2815 23.8323 0.14541 -0.989371 0.00130938
-12.9013 54.5407 23.7171 0.127736 -0.991802 -0.00348592
-11.0703 54.7606 23.6681 0.109577 -0.993978 0.000276537
-8.98796 54.9782 23.5863 0.100476 -0.994936 0.00267639
-6.83271 55.1885 23.5321 0.0974466 -0.995194 0.0096678
-4.86411 55.3756 23.5358 0.0933705 -0.995504 0.015934
-3.13084 55.5412 23.5169 0.0936088 -0.995224 0.0276783
-1.24443 55.7332 23.5029 0.105487 -0.993476 0.0433443
0.612469 55.9478 23.4759 0.117314 -0.991643 0.0536738
1.5372 56.0643 23.4989 0.123406 -0.990585 0.0592605
3.09904 56.3526 24.4207 0.154679 -0.984645 0.0809269
1.2843 56.0831 24.393 0.134692 -0.98946 0.0531731
-0.517902 55.8545 24.3908 0.123555 -0.991279 0.0458282
-2.32958 55.6492 24.4111 0.103112 -0.994184 0.0310772
-4.54246 55.4202 24.4374 0.0981127 -0.995017 0.0177443
-6.49145 55.2308 24.454 0.097136 -0.995222 0.00988225
-8.37363 55.0431 24.4954 0.100321 -0.994937 0.00605495
-10.4875 54.8251 24.5574 0.107509 -0.994201 0.00248052
-12.4234 54.597 24.6254 0.125114 -0.992139 -0.00243509
-14.3696 54.3392 24.7332 0.139183 -0.990256 -0.00450106
-16.4604 54.0192 24.9035 0.156734 -0.98764 -0.00121636
-18.408 53.6734 25.0731 0.187116 -0.982318 -0.00615947
-20.1246 53.3255 25.2091 0.213241 -0.976955 -0.00936756
-22.0391 52.8739 25.365 0.240934 -0.970469 -0.0118683
-23.7608 52.4266 25.4837 0.263002 -0.964699 -0.0136626
-25.4265 51.9464 25.6088 0.281728 -0.95936 -0.0160251
-27.243 51.3931 25.7162 0.304699 -0.952173 -0.0228939
-29.2905 50.7044 25.7957 0.322999 -0.946113 -0.0232599
-30.9348 50.1283 25.8199 0.333224 -0.942496 -0.0257464
-32.7403 49.4861 25.8232 0.335934 -0.94152 -0.0262356
-34.7264 48.7774 25.8534 0.335285 -0.941757 -0.0260172
-36.5718 48.1263 25.8575 0.331879 -0.942936 -0.026988
-38.3219 47.5186 25.8326 0.32523 -0.945234 -0.0275422
-39.5283 47.104 25.7952 0.324563 -0.945505 -0.0260494
-38.1609 47.5455 26.7976 0.324251 -0.945548 -0.0282847
-36.3307 48.1834 26.8173 0.332125 -0.942832 -0.0275869
-34.662 48.7744 26.8001 0.334688 -0.941984 -0.0254854
-33.0146 49.3626 26.7673 0.336451 -0.941367 -0.0250608
-31.3076 49.9729 26.7515 0.33614 -0.941529 -0.0231036
-29.4924 50.6115 26.716 0.328004 -0.944407 -0.0225732
-27.7238 51.2113 26.6428 0.31316 -0.949404 -0.0237223
-25.8154 51.8164 26.5475 0.296018 -0.954921 -0.0223541
-23.9728 52.356 26.4014 0.265893 -0.963873 -0.0158396
-22.0507 52.859 26.2722 0.242575 -0.970049 -0.0127657
-20.289 53.2818 26.1369 0.212945 -0.977035 -0.0075584
-18.2564 53.6974 25.9814 0.188879 -0.981977 -0.00683854
-16.2777 54.0473 25.8218 0.158745 -0.987308 -0.00486848
-14.2669 54.3489 25.6708 0.143104 -0.989704 -0.00257075
-12.1407 54.6304 25.5241 0.127511 -0.99182 -0.00578964
-10.2187 54.855 25.4628 0.110037 -0.993927 0.000883581
-8.38948 55.0469 25.4068 0.102016 -0.994767 0.00556988
-6.56312 55.2316 25.3704 0.0991877 -0.995032 0.00855355
-4.47495 55.441 25.3321 0.100696 -0.994802 0.0151379
-2.5476 55.6472 25.3138 0.1111 -0.993512 0.024287
-0.40201 55.9048 25.2846 0.127998 -0.99108 0.0371174
1.35828 56.1439 25.2938 0.15061 -0.987243 0.051642
3.17445 56.4408 25.3048 0.181575 -0.979884 0.0828159
4.06222 56.6012 25.3088 0.180122 -0.978775 0.0977521
5.28861 56.9321 26.1169 0.207789 -0.974442 0.0853605
3.50789 56.5636 26.1908 0.195071 -0.977781 0.0767635
1.76992 56.2515 26.1998 0.166611 -0.985018 0.044508
-0.453814 55.929 26.1882 0.1275 -0.991338 0.0315057
-2.18449 55.7137 26.2141 0.115254 -0.992993 0.0260933
-4.25057 55.478 26.2266 0.111335 -0.993694 0.0133116
-6.18269 55.2777 26.271 0.102831 -0.994645 0.0103468
-8.07623 55.0842 26.3062 0.102898 -0.994671 0.00644075
-9.80636 54.9029 26.3665 0.109057 -0.994033 0.00238093
-11.6763 54.6907 26.427 0.116771 -0.993148 0.00473216
-13.4328 54.4615 26.5463 0.131988 -0.991251 0.000383116
-15.1752 54.2143 26.672 0.149444 -0.988766 -0.00280753
-16.9152 53.9394 26.8045 0.161148 -0.98693 0.000157193
-18.655 53.6143 26.9229 0.200031 -0.979786 -0.00258627
-20.6122 53.1953 27.0733 0.227885 -0.973615 -0.0119541
-22.3009 52.785 27.1975 0.246369 -0.96909 -0.0129039
-24.0177 52.3283 27.3077 0.270512 -0.962694 -0.00658129
-25.8187 51.8042 27.4375 0.290518 -0.956795 -0.0119717
-27.4937 51.2711 27.5352 0.312953 -0.94963 -0.016249
-29.4435 50.607 27.6285 0.326751 -0.944931 -0.0183958
-31.5861 49.851 27.6915 0.33628 -0.941513 -0.0216465
-33.3258 49.2273 27.7157 0.338054 -0.940847 -0.0229483
-35.305 48.5202 27.7617 0.335142 -0.941849 -0.0245103
-37.0738 47.8947 27.7786 0.330193 -0.943552 -0.0261128
-37.1382 47.8723 27.7776 0.328575 -0.944095 -0.0269094
-36.6736 48.0099 28.7432 0.331871 -0.943 -0.0247483
-35.0022 48.6033 28.7082 0.336362 -0.941458 -0.0227657
-33.3363 49.2017 28.6606 0.338337 -0.940803 -0.0204464
-31.4093 49.8943 28.6128 0.336306 -0.941584 -0.0178215
-29.7604 50.4795 28.5598 0.327282 -0.944783 -0.0164785
-28.0705 51.0594 28.4737 0.318202 -0.947868 -0.0171589
-26.1312 51.6938 28.3515 0.301107 -0.953501 -0.0130753
-24.3677 52.2236 28.2324 0.277134 -0.960787 -0.00920772
-22.688 52.678 28.1246 0.246642 -0.969085 -0.00651671
-20.8156 53.1364 27.9965 0.232553 -0.972482 -0.0140359
-18.7873 53.5842 27.8554 0.200944 -0.979598 -0.00309577
-17.0663 53.9114 27.7442 0.168418 -0.985703 -0.00498241
-14.778 54.2686 27.5733 0.144751 -0.989425 -0.00926384
-12.846 54.5412 27.4357 0.135702 -0.99075 -1.8433e-06
-11.0453 54.7692 27.3273 0.114018 -0.993468 0.00466984
-9.23361 54.9686 27.2495 0.107961 -0.994142 0.00504243
-7.21792 55.1785 27.1957 0.102382 -0.994723 0.00662707
-5.16778 55.3917 27.146 0.103181 -0.99462 0.00924981
-3.32403 55.594 27.1367 0.114764 -0.99325 0.0168428
-1.53964 55.8122 27.1132 0.12291 -0.992064 0.0264803
0.235877 56.0519 27.0942 0.147737 -0.988623 0.0282393
1.99737 56.3386 27.0936 0.176177 -0.983165 0.0484567
4.23725 56.7831 27.017 0.209866 -0.975897 0.0598357
6.09721 57.2405 26.9199 0.260556 -0.961468 0.0876962
6.94444 57.6186 27.7683 0.365204 -0.927305 0.0820441
4.93101 57.0037 27.8674 0.245225 -0.966137 0.0802787
3.20445 56.6203 27.9463 0.203293 -0.977947 0.0478612
1.47073 56.2827 28.0001 0.178902 -0.983066 0.0396974
-0.36412 55.9885 28.0132 0.149314 -0.988297 0.0312155
-2.09572 55.7569 28.0251 0.12722 -0.991741 0.0162818
-4.16304 55.5118 28.0509 0.11431 -0.993372 0.0120698
-6.04383 55.3093 28.0773 0.106826 -0.994215 0.0111715
-8.12811 55.0901 28.1258 0.104051 -0.994547 0.0069812
-10.1746 54.8698 28.2054 0.110201 -0.993906 0.00253521
-12.086 54.6407 28.3102 0.128895 -0.991648 -0.00442727
-13.9392 54.3887 28.4358 0.140672 -0.990054 -0.0019564
-16.1714 54.0548 28.6032 0.15313 -0.988197 -0.00412426
-17.8963 53.7524 28.7207 0.183876 -0.982887 -0.0111012
-19.8901 53.3451 28.8438 0.212218 -0.977198 -0.00688865
-21.7972 52.8969 28.9662 0.231635 -0.972791 -0.00468356
-23.6705 52.4108 29.0878 0.269462 -0.962923 -0.0130205
-25.3959 51.9055 29.2094 0.283186 -0.958948 -0.014991
-27.1348 51.3558 29.3202 0.312617 -0.949682 -0.0193534
-28.82 50.7896 29.4238 0.321854 -0.946657 -0.0158285
-30.4805 50.209 29.5065 0.331493 -0.943292 -0.0177047
-32.1765 49.6007 29.5642 0.338993 -0.940627 -0.0174484
-33.865 48.9912 29.6243 0.338899 -0.940644 -0.0183399
-35.5288 48.3947 29.6815 0.33536 -0.941869 -0.0204055
-36.214 48.149 29.7048 0.335452 -0.941776 -0.0230339
-35.6959 48.3121 30.6564 0.337401 -0.94114 -0.0204067
-34.0561 48.9036 30.584 0.338899 -0.940644 -0.0183362
-32.4124 49.4981 30.5055 0.339967 -0.940291 -0.016589
-30.6119 50.1481 30.4299 0.33784 -0.941099 -0.0140361
-28.5073 50.8816 30.3107 0.320279 -0.947216 -0.0142388
-26.6166 51.5132 30.1944 0.306165 -0.951881 -0.0136554
-24.8969 52.04 30.0774 0.28282 -0.95907 -0.0140251
-23.1668 52.5388 29.9623 0.265975 -0.963866 -0.0148347
-21.342 53.0032 29.8496 0.233006 -0.97247 -0.00303762
-19.6402 53.396 29.7485 0.211781 -0.977317 -0.000113369
-17.9107 53.7435 29.6368 0.179886 -0.983686 -0.00184502
-16.0224 54.0748 29.5092 0.158733 -0.987311 -0.00461756
-13.9967 54.3785 29.3623 0.141136 -0.989986 -0.00289537
-12.1551 54.6298 29.2373 0.132196 -0.991222 0.00167749
-10.006 54.893 29.1122 0.1119 -0.993706 0.00515428
-7.99903 55.11 29.0319 0.104784 -0.994468 0.00725576
-5.92888 55.3311 28.9807 0.107445 -0.994157 0.010346
-4.14458 55.5264 28.9551 0.110943 -0.993733 0.0136879
-2.31241 55.7426 28.9435 0.118625 -0.992829 0.014772
-0.30982 56.0172 28.9331 0.151355 -0.988145 0.0257057
1.45314 56.3114 28.9137 0.171944 -0.984691 0.0285965
3.46065 56.7266 28.8395 0.225521 -0.972029 0.0655761
5.39794 57.2126 28.7396 0.267864 -0.959432 0.0879744
7.10331 57.7874 28.6254 0.41588 -0.901971 0.116155
7.91796 58.1492 28.5425 0.461786 -0.880044 0.1108
8.76392 58.7269 29.2482 0.495239 -0.864752 0.0833169
6.88256 57.7951 29.5044 0.418597 -0.901118 0.112978
5.19716 57.2179 29.6313 0.28975 -0.954471 0.0709163
3.27804 56.7201 29.7521 0.22263 -0.974646 0.0223954
1.33847 56.3197 29.8322 0.167457 -0.985444 0.0292981
-1.17326 55.9189 29.8603 0.140455 -0.989897 0.0194241
-3.00992 55.6732 29.866 0.121537 -0.99246 0.015876
-5.17966 55.4192 29.8798 0.107658 -0.994118 0.0118233
-6.97192 55.2267 29.9159 0.106153 -0.994312 0.00868294
-9.05508 55.0039 29.9821 0.108585 -0.994073 0.00538239
-11.0253 54.7778 30.0852 0.122902 -0.992414 0.0030062
-13.0767 54.5117 30.2179 0.129008 -0.99162 0.00685352
-14.8677 54.251 30.3429 0.152389 -0.988314 0.00353688
-17.0558 53.8943 30.4956 0.170891 -0.985265 -0.00703825
-18.9763 53.5291 30.6224 0.196987 -0.980374 -0.0078932
-20.6806 53.1536 30.7253 0.232535 -0.972518 -0.0116763
-22.39 52.7342 30.8208 0.25905 -0.965755 -0.0144988
-24.456 52.1573 30.9468 0.277946 -0.960485 -0.014632
-26.2524 51.612 31.0687 0.301269 -0.953485 -0.0101708
-28.0905 51.011 31.1915 0.31694 -0.948365 -0.0123405
-29.7726 50.4335 31.3016 0.331681 -0.943317 -0.0118374
-31.422 49.8429 31.3943 0.341284 -0.939857 -0.0139465
-33.3367 49.1472 31.4897 0.341712 -0.939691 -0.0146322
-35.2307 48.459 31.603 0.339873 -0.940335 -0.0159928
-35.3931 48.4 31.614 0.339716 -0.940369 -0.017284
-35.5388 48.3306 32.5827 0.340248 -0.940217 -0.0149661
-33.6491 49.0186 32.4576 0.341894 -0.939645 -0.0132451
-31.6633 49.7419 32.3404 0.340818 -0.940044 -0.0126805
-29.8289 50.4024 32.2287 0.332437 -0.943059 -0.0111904
-28.0878 51.0031 32.0975 0.31843 -0.947918 -0.00733702
-25.9724 51.6937 31.9544 0.300893 -0.953651 -0.0036382
-24.1359 52.2413 31.833 0.273651 -0.961811 -0.00591293
-22.2477 52.7626 31.718 0.257233 -0.966309 -0.00889217
-20.0184 53.2998 31.6018 0.21769 -0.975948 -0.0116595
-17.9667 53.7227 31.471 0.194275 -0.980893 -0.0102679
-16.2368 54.0317 31.3565 0.169633 -0.985505 -0.00207161
-14.2915 54.3446 31.2235 0.148422 -0.9889 0.00687437
-12.5516 54.5866 31.1032 0.129778 -0.991508 0.00836444
-10.7121 54.8179 30.988 0.117413 -0.993075 0.00414825
-8.86557 55.0296 30.8905 0.111621 -0.993735 0.00565153
-6.64939 55.27 30.8184 0.10773 -0.994135 0.00952737
-4.5846 55.4987 30.7864 0.114624 -0.993329 0.01263
-2.57725 55.7402 30.774 0.129759 -0.991376 0.0183148
-0.820663 55.9868 30.7688 0.150904 -0.98822 0.0254776
0.929194 56.2749 30.7675 0.173029 -0.984436 0.0307701
2.91741 56.6645 30.6803 0.21708 -0.975824 0.0253857
4.9066 57.1891 30.5337 0.295662 -0.954644 0.0351985
6.82786 57.8683 30.3716 0.415392 -0.906815 0.0716598
8.48734 58.6608 30.1564 0.490097 -0.866461 0.0951306
9.84667 59.498 29.9192 0.615742 -0.78568 0.0597392
9.74009 59.4791 30.8305 0.581901 -0.811497 0.0535143
7.85041 58.3876 31.1318 0.443792 -0.895347 0.0374468
6.09036 57.6343 31.324 0.359939 -0.930038 0.0739809
4.40242 57.0677 31.4751 0.295667 -0.954642 0.0352016
2.55523 56.6143 31.6238 0.20864 -0.977395 0.0341707
0.853288 56.2809 31.69 0.172009 -0.984923 0.0184323
-1.26793 55.9385 31.6803 0.145351 -0.989253 0.0158529
-3.20536 55.675 31.6864 0.125023 -0.992064 0.0133337
-5.02025 55.4592 31.6979 0.115563 -0.993233 0.0115176
-7.09397 55.2309 31.7419 0.107663 -0.994136 0.0100843
-9.00038 55.0199 31.8134 0.11267 -0.993605 0.00743887
-10.7642 54.8168 31.9108 0.116913 -0.993127 0.00545793
-12.5387 54.5934 32.0262 0.130278 -0.99147 0.0039721
-14.6893 54.2835 32.1696 0.157007 -0.987596 0.00191762
-16.5498 53.9758 32.2908 0.168563 -0.985686 -0.00305217
-18.4666 53.6186 32.4216 0.199287 -0.979911 -0.00773609
-20.382 53.2022 32.5279 0.226016 -0.974043 -0.0125246
-22.299 52.7394 32.6262 0.246207 -0.969123 -0.0134973
-24.2003 52.2144 32.7457 0.272218 -0.962174 -0.0108646
-25.9064 51.7054 32.8587 0.291381 -0.956547 -0.0107421
-27.9357 51.0467 32.998 0.31934 -0.947608 -0.00786432
-29.6696 50.4473 33.1406 0.333529 -0.942669 -0.0115204
-31.6308 49.7419 33.2726 0.34022 -0.940284 -0.0108344
-33.3811 49.1032 33.3912 0.342448 -0.939448 -0.012925
-35.4353 48.3537 33.5413 0.342593 -0.939404 -0.0122324
-35.797 48.2214 33.5699 0.34142 -0.939812 -0.0135967
-35.7104 48.2409 34.5313 0.34345 -0.939095 -0.0119383
-33.6075 49.0098 34.357 0.3423 -0.939535 -0.0101885
-31.9063 49.631 34.2293 0.34183 -0.939719 -0.00891458
-30.1903 50.2512 34.0993 0.338098 -0.941072 -0.008573
-28.3574 50.8947 33.9492 0.323036 -0.946358 -0.0073454
-26.5145 51.502 33.8128 0.301708 -0.953289 -0.0145595
-24.3247 52.1666 33.6666 0.282603 -0.959218 -0.00597899
-22.4309 52.6894 33.5434 0.251467 -0.967723 -0.0166388
-20.4182 53.1833 33.4374 0.22561 -0.974152 -0.0113046
-18.6104 53.5825 33.3444 0.202472 -0.979272 -0.00564804
-16.8442 53.9221 33.2325 0.17711 -0.984191 1.10997e-05
-15.0613 54.2265 33.116 0.159676 -0.987167 0.00201977
-13.323 54.4871 33.0014 0.139398 -0.990231 0.00338897
-11.1142 54.7774 32.8528 0.120444 -0.992716 0.00278614
-8.81749 55.0475 32.7184 0.112686 -0.993598 0.00809614
-6.53965 55.3 32.6351 0.108515 -0.994051 0.00928267
-4.62694 55.5153 32.6038 0.115475 -0.993249 0.0110389
-2.86868 55.7297 32.6001 0.124825 -0.992085 0.0136544
-1.07564 55.9858 32.594 0.15279 -0.988076 0.0190161
0.736011 56.279 32.6069 0.164483 -0.986297 0.0127959
2.55929 56.6471 32.5437 0.205583 -0.978255 0.0274217
4.37655 57.099 32.381 0.267691 -0.962514 0.0436753
6.2404 57.7445 32.1979 0.367247 -0.92942 0.0361736
7.92447 58.4606 31.9982 0.443792 -0.895347 0.0374469
8.32138 58.6753 31.9402 0.481059 -0.87599 0.0349903
6.67815 57.9527 33.0614 0.368795 -0.928749 0.037635
4.85175 57.2709 33.2353 0.336313 -0.94095 0.0388074
2.9376 56.7597 33.4408 0.234641 -0.9715 0.0336407
1.20992 56.3852 33.5238 0.195021 -0.980605 0.019533
-0.937926 56.0158 33.5075 0.154473 -0.987955 0.00906097
-2.78172 55.7542 33.5131 0.136773 -0.990466 0.0164345
-4.69424 55.5181 33.5135 0.114276 -0.993392 0.010636
-6.52113 55.3113 33.5447 0.111363 -0.993724 0.0105332
-8.32385 55.1107 33.6037 0.111975 -0.99368 0.00787244
-10.4863 54.8562 33.7329 0.123158 -0.992381 0.00341877
-12.4587 54.6084 33.8666 0.132904 -0.991128 -0.0014728
-14.2694 54.3471 33.9913 0.148176 -0.988937 -0.00689381
-16.3221 54.0132 34.1185 0.17581 -0.984409 -0.00552398
-18.1137 53.6794 34.2282 0.199592 -0.979879 -0.000350058
-19.8654 53.301 34.3221 0.225546 -0.974167 -0.0113409
-21.77 52.8543 34.4209 0.241277 -0.970427 -0.00752512
-23.4521 52.4126 34.5195 0.26776 -0.963453 -0.00796399
-25.3889 51.8389 34.6603 0.286771 -0.957902 -0.0136654
-27.1718 51.2756 34.7733 0.306565 -0.951785 -0.0110911
-28.905 50.697 34.9145 0.327715 -0.944732 -0.0092277
-30.5648 50.1079 35.0588 0.337887 -0.941146 -0.0087439
-32.462 49.4193 35.2085 0.342805 -0.939365 -0.00881096
-34.4505 48.691 35.382 0.343053 -0.939255 -0.0106912
-36.1795 48.0582 35.5446 0.341904 -0.939693 -0.00886306
-36.6877 47.8668 36.5614 0.340093 -0.940378 -0.00507667
-34.9966 48.4819 36.3964 0.343675 -0.939058 -0.00759258
-33.3334 49.092 36.2228 0.343396 -0.939159 -0.00765144
-31.5053 49.7595 36.0683 0.339797 -0.940458 -0.00869786
-29.7972 50.3728 35.9195 0.333421 -0.9427 -0.0121066
-28.1193 50.9559 35.7414 0.317025 -0.948343 -0.0118653
-26.4635 51.4932 35.6521 0.299628 -0.953963 -0.0133503
-24.7463 52.0206 35.535 0.289342 -0.957132 -0.0134273
-22.7014 52.6068 35.3878 0.258498 -0.965943 -0.0115662
-20.8496 53.0699 35.2881 0.227135 -0.973858 -0.00335078
-19.1399 53.4666 35.2079 0.225366 -0.97416 -0.0149159
-17.1705 53.8547 35.0948 0.176669 -0.984266 -0.00286495
-15.0932 54.2115 34.9644 0.157007 -0.987553 -0.0093607
-13.0449 54.5235 34.8354 0.142181 -0.989823 -0.0059741
-11.1847 54.7715 34.6977 0.125004 -0.992153 0.00246106
-9.43774 54.9882 34.5878 0.117668 -0.993048 0.00325523
-7.47134 55.2122 34.4867 0.111103 -0.993788 0.00647611
-5.42415 55.4434 34.4243 0.114903 -0.993327 0.00996996
-3.65695 55.6539 34.4149 0.121969 -0.992492 0.00911993
-1.84179 55.8948 34.4244 0.137791 -0.990397 0.0113054
0.00664465 56.176 34.4171 0.158286 -0.98732 0.0119876
1.74099 56.5194 34.4198 0.214124 -0.976562 0.02183
3.68336 56.9681 34.2898 0.250818 -0.967341 0.0366382
4.95798 57.3402 34.1277 0.321917 -0.946447 0.0246333
3.44312 56.9345 35.2276 0.246747 -0.969013 0.011358
1.75733 56.542 35.317 0.21289 -0.976882 0.0194828
0.052839 56.1966 35.3155 0.17467 -0.984438 0.019303
-2.00278 55.882 35.3076 0.144918 -0.989368 0.0122395
-3.7345 55.6525 35.3006 0.121236 -0.992575 0.0098579
-5.5046 55.4414 35.3203 0.114488 -0.993397 0.00744129
-7.42878 55.2224 35.4035 0.112599 -0.99362 0.00636626
-9.2433 55.0137 35.4915 0.115662 -0.993282 0.00351708
-10.9818 54.7993 35.5998 0.126965 -0.991907 0.00044779
-12.6976 54.5697 35.7295 0.141184 -0.989979 -0.0030201
-14.5005 54.3019 35.8563 0.155132 -0.987894 0.000583587
-16.3549 53.9951 35.9728 0.169712 -0.985486 -0.00389561
-18.2274 53.6435 36.0787 0.188965 -0.981956 -0.0073864
-20.5425 53.1349 36.1922 0.227361 -0.973751 -0.0107583
-22.4126 52.6728 36.2851 0.251509 -0.967712 -0.0166279
-24.1936 52.1767 36.4176 0.28145 -0.959546 -0.00751166
-26.0188 51.6218 36.5366 0.294094 -0.955743 -0.00799812
-27.7109 51.0818 36.6248 0.311326 -0.950266 -0.00842823
-29.3785 50.5114 36.8049 0.330126 -0.94388 -0.0103805
-31.098 49.8994 36.9571 0.338298 -0.941025 -0.00514843
-32.768 49.2915 37.1167 0.342753 -0.939404 -0.0063369
-34.6625 48.5987 37.3071 0.342691 -0.939428 -0.00616276
-36.5697 47.9053 37.5148 0.339371 -0.940646 -0.00357399
-37.6757 47.5057 37.6373 0.33948 -0.940606 -0.00354174
-39.006 47.0279 38.7647 0.334722 -0.942317 -0.000359896
-37.3724 47.6127 38.5698 0.338396 -0.941 -0.00266549
-35.5448 48.273 38.3607 0.341371 -0.939921 -0.00377752
-33.8879 48.8764 38.1676 0.34207 -0.939666 -0.00400092
-32.0787 49.5371 37.9894 0.342682 -0.93943 -0.00637047
-30.26 50.1921 37.8047 0.331435 -0.943455 -0.00653445
-28.3732 50.8497 37.6266 0.321562 -0.946816 -0.0117344
-26.6818 51.4042 37.4742 0.301824 -0.953308 -0.0103146
-24.9438 51.9431 37.3924 0.290815 -0.956722 -0.0104973
-23.247 52.4339 37.2606 0.269134 -0.963101 -0.00180722
-21.1195 52.9826 37.1466 0.240349 -0.970643 -0.00915201
-19.2602 53.4164 37.043 0.210625 -0.977513 -0.0103227
-17.4244 53.7889 36.9585 0.184696 -0.982715 -0.012582
-15.1984 54.1837 36.8279 0.164637 -0.986309 -0.00940567
-13.2261 54.4939 36.6958 0.146433 -0.989217 -0.00280523
-11.1956 54.774 36.5352 0.126563 -0.991955 0.00284352
-9.21792 55.0186 36.4016 0.120751 -0.99268 0.00226915
-7.16096 55.2586 36.3097 0.114009 -0.993468 0.00484899
-5.22108 55.4806 36.2128 0.116984 -0.99311 0.00683612
-3.17778 55.7292 36.187 0.129953 -0.991498 0.00655858
-1.01447 56.0379 36.2175 0.152334 -0.988259 0.011812
0.869785 56.3667 36.2126 0.199574 -0.979753 0.0159435
1.74082 56.5563 36.2057 0.208449 -0.977979 0.0103124
-0.335096 56.1576 37.1196 0.163662 -0.986506 0.00465133
-2.25246 55.8636 37.0738 0.140742 -0.990014 0.00802081
-4.13407 55.6167 37.0947 0.121409 -0.992595 0.00387861
-5.90655 55.4073 37.1544 0.115788 -0.993258 0.00563471
-7.81145 55.1863 37.2393 0.11525 -0.99333 0.00347814
-9.61627 54.9725 37.3454 0.121943 -0.992533 0.00276768
-11.5539 54.7286 37.4922 0.12742 -0.991848 -0.00118812
-13.3476 54.4721 37.6365 0.145684 -0.989314 -0.00581979
-15.3392 54.1513 37.7637 0.165767 -0.986111 -0.0103069
-17.2422 53.8155 37.8733 0.179567 -0.983699 -0.00956018
-18.9453 53.4725 37.954 0.216361 -0.976237 -0.0122458
-20.701 53.0736 38.0319 0.230582 -0.972897 -0.0173971
-22.5046 52.6271 38.1301 0.249225 -0.968419 -0.00724284
-24.4394 52.0857 38.2763 0.278681 -0.960278 -0.0142582
-26.3845 51.4902 38.3709 0.302334 -0.953179 -0.0065825
-28.1647 50.9127 38.5298 0.320317 -0.947287 -0.00661969
-30.1106 50.2394 38.7218 0.333458 -0.94274 -0.00678354
-31.81 49.6295 38.8969 0.340535 -0.940217 -0.00532338
-33.5335 49.0015 39.0752 0.34203 -0.939681 -0.00382313
-35.2294 48.3845 39.2792 0.341501 -0.939876 -0.0030801
-37.0741 47.7175 39.5003 0.338295 -0.941037 -0.00226608
-38.9843 47.0352 39.7391 0.334681 -0.942332 -0.000397021
-40.6784 46.4366 39.9616 0.331642 -0.943405 -0.00108395
-42.4039 45.8329 40.1949 0.328857 -0.944375 -0.00301515
-44.0278 45.2699 40.4941 0.325908 -0.945394 -0.00379018
-45.8114 44.6538 40.8716 0.324536 -0.945848 -0.00688948
-47.6662 44.0138 41.2257 0.325522 -0.945496 -0.00858827
-47.9467 43.9166 41.2817 0.325862 -0.945375 -0.00897584
-47.0564 44.2158 42.1758 0.325966 -0.945348 -0.00792778
-45.289 44.8277 41.7873 0.325754 -0.945434 -0.00622167
-43.5528 45.4298 41.4559 0.326885 -0.945057 -0.00370716
-41.6907 46.0787 41.0999 0.330134 -0.943931 -0.00246696
-39.9308 46.6977 40.8559 0.333265 -0.942832 -0.00135237
-38.3013 47.2766 40.6279 0.335788 -0.941935 -0.00207144
-36.4723 47.9325 40.3883 0.339322 -0.940669 -0.00151895
-34.5187 48.64 40.1512 0.341373 -0.939924 -0.0026887
-32.4439 49.3937 39.8949 0.340688 -0.940165 -0.00463663
-30.7225 50.0161 39.7159 0.334156 -0.942503 -0.00530754
-28.7766 50.6985 39.5095 0.324374 -0.945904 -0.00688121
-27.1311 51.2435 39.3514 0.307433 -0.951523 -0.00944775
-25.204 51.8453 39.2118 0.282147 -0.959292 -0.0123078
-23.4184 52.364 39.1269 0.273849 -0.961673 -0.013838
-21.6753 52.8323 39.0062 0.242049 -0.970193 -0.0116918
-19.7196 53.2916 38.9011 0.224197 -0.974536 -0.00399861
-17.8468 53.6874 38.8267 0.193367 -0.981047 -0.0125068
-16.1093 54.0073 38.7326 0.174607 -0.984576 -0.0110156
-13.736 54.4031 38.5899 0.153847 -0.988086 -0.00423889
-11.9451 54.669 38.4538 0.141864 -0.989828 -0.0107531
-10.1353 54.9074 38.3158 0.124654 -0.992194 -0.00345774
-7.93355 55.1745 38.157 0.115856 -0.993264 0.0019159
-6.08653 55.3896 38.0563 0.114697 -0.993397 0.00259541
-4.22636 55.6093 38.0026 0.118542 -0.992941 0.00387451
-2.20853 55.8744 37.9653 0.14001 -0.990147 0.00265643
-1.95519 55.9102 37.9665 0.14001 -0.990147 0.00265644
-3.78324 55.6662 38.8674 0.122261 -0.992493 0.00308434
-5.68755 55.437 38.9284 0.115988 -0.993251 0.00050862
-7.48559 55.23 39.0181 0.1161 -0.993232 0.00340039
-9.31154 55.0084 39.1771 0.12552 -0.992085 -0.00345333
-11.257 54.7575 39.3173 0.130942 -0.991383 -0.00379165
-13.3369 54.4614 39.4769 0.149722 -0.988712 -0.00564657
-15.2567 54.1495 39.6045 0.168323 -0.985725 -0.00359976
-17.2566 53.7931 39.7234 0.188056 -0.982081 -0.0123488
-19.1552 53.4074 39.7959 0.210415 -0.977555 -0.0105459
-20.8823 53.0161 39.8851 0.23852 -0.971098 -0.00874116
-22.6095 52.5743 39.9918 0.260586 -0.965378 -0.0117954
-24.3176 52.096 40.0823 0.277312 -0.960745 -0.00811961
-26.0351 51.582 40.1811 0.296536 -0.954939 -0.0125513
-27.8069 51.0147 40.3243 0.313755 -0.949484 -0.00612648
-29.6155 50.4031 40.5281 0.330392 -0.943824 -0.00615956
-31.3172 49.7967 40.711 0.339214 -0.94069 -0.00600583
-32.9823 49.1948 40.9152 0.339939 -0.94044 -0.00367384
-34.8147 48.5296 41.149 0.341113 -0.940018 -0.00286731
-36.8886 47.7797 41.4109 0.338203 -0.941071 -0.0020884
-38.9864 47.0302 41.7148 0.335585 -0.942008 -0.00189996
-41.0076 46.3161 42.0124 0.331642 -0.943404 -0.00175473
-42.7997 45.6886 42.3509 0.328899 -0.944361 -0.00266655
-44.5811 45.0677 42.6918 0.327451 -0.944855 -0.00495844
-46.0299 44.5641 42.9986 0.326395 -0.945213 -0.00613938
-45.3463 44.7961 43.8905 0.328021 -0.944659 -0.00457424
-43.5052 45.438 43.5325 0.328841 -0.944378 -0.00363597
-41.7435 46.0548 43.1457 0.33068 -0.94374 -0.00251132
-40.0092 46.6661 42.8457 0.333574 -0.942723 -0.00171207
-38.3833 47.2437 42.6117 0.336031 -0.94185 -0.00118432
-36.738 47.8322 42.3691 0.338048 -0.941128 -0.00122147
-34.683 48.575 42.0952 0.339855 -0.940475 -0.00219724
-33.0135 49.1796 41.8775 0.340064 -0.940397 -0.00312041
-31.3015 49.7979 41.6569 0.337988 -0.941139 -0.00467549
-29.4296 50.4622 41.4315 0.330391 -0.943824 -0.00615867
-27.7238 51.0349 41.2228 0.303153 -0.952913 -0.00746127
-26.0539 51.566 41.0973 0.295896 -0.955187 -0.00796372
-24.3865 52.0679 40.9977 0.280893 -0.9597 -0.00867221
-22.4531 52.6055 40.8953 0.260035 -0.965532 -0.0113712
-20.7011 53.0513 40.8036 0.229815 -0.973153 -0.0125919
-18.8755 53.4553 40.7039 0.205192 -0.978624 -0.0138269
-16.8841 53.8494 40.632 0.184716 -0.982755 -0.00855697
-15.0447 54.1852 40.5244 0.167859 -0.985803 0.00404629
-13.3262 54.4589 40.3979 0.156154 -0.98772 -0.00492331
-11.2986 54.7469 40.234 0.132917 -0.991113 -0.00537352
-8.81207 55.0685 40.0659 0.125603 -0.992074 -0.00352222
-7.03158 55.2818 39.8957 0.115055 -0.993355 -0.00273161
-5.27203 55.486 39.8091 0.116233 -0.993218 -0.00296706
-6.87842 55.2962 40.7768 0.116314 -0.993204 -0.00410194
-8.64512 55.0853 40.9378 0.122787 -0.992423 -0.00444306
-10.4228 54.8596 41.0691 0.12674 -0.991923 -0.00516512
-12.163 54.6256 41.2246 0.140685 -0.990047 -0.00375411
-14.2851 54.3066 41.3939 0.154208 -0.988018 -0.00631702
-16.117 53.9855 41.5325 0.183492 -0.982993 -0.00741176
-18.0994 53.6036 41.6022 0.202866 -0.979143 -0.0111358
-20.026 53.1967 41.6839 0.220556 -0.975222 -0.0172571
-21.7209 52.7824 41.7737 0.243668 -0.96981 -0.00972934
-23.6622 52.2643 41.8856 0.268883 -0.96314 -0.00799445
-25.573 51.7069 41.9749 0.294376 -0.95563 -0.0106531
-27.5959 51.0716 42.1226 0.306393 -0.95189 -0.00531299
-29.4076 50.4634 42.3595 0.326615 -0.945133 -0.00687233
-31.3197 49.7871 42.6124 0.336864 -0.941543 -0.00446034
-33.0139 49.177 42.8275 0.339318 -0.940668 -0.00268613
-34.6855 48.5718 43.0589 0.339858 -0.940474 -0.00232479
-36.5292 47.9063 43.325 0.338924 -0.940812 -0.00172367
-38.227 47.2984 43.5894 0.336025 -0.941852 -0.0011094
-39.9155 46.6974 43.8297 0.333515 -0.942742 -0.00225656
-41.7871 46.0368 44.1687 0.330873 -0.943673 -0.00227523
-43.6513 45.3834 44.585 0.329191 -0.944258 -0.00335317
-44.1471 45.2103 44.6848 0.329219 -0.944248 -0.00335844
-42.9141 45.6386 45.4469 0.33057 -0.943778 -0.00243905
-41.1683 46.2521 45.0557 0.3319 -0.943312 -0.00208039
-39.0183 47.0146 44.6885 0.335357 -0.942091 -0.00107566
-37.1256 47.6902 44.4092 0.337109 -0.941464 -0.00177858
-34.826 48.5186 44.0376 0.339869 -0.94047 -0.00231467
-33.0605 49.1576 43.7775 0.339474 -0.940612 -0.00255858
-31.0701 49.8721 43.5226 0.335985 -0.941861 -0.00334772
-29.3765 50.468 43.2919 0.325715 -0.945449 -0.00603198
-27.5207 51.0908 43.0417 0.312587 -0.949876 -0.00501852
-25.8377 51.6166 42.9056 0.292331 -0.956288 -0.00749253
-24.0207 52.1556 42.8175 0.270929 -0.962546 -0.0101421
-22.3272 52.6144 42.7369 0.257912 -0.966027 -0.0165163
-20.3209 53.1105 42.6213 0.226051 -0.974079 -0.00836917
-18.3727 53.5389 42.5235 0.201473 -0.979459 -0.00827913
-16.5429 53.899 42.4663 0.186811 -0.982378 -0.00590436
-14.819 54.2116 42.3614 0.162502 -0.98668 -0.00742015
-12.8456 54.5217 42.2142 0.14544 -0.989346 -0.00648388
-11.0231 54.7785 42.0206 0.129085 -0.991616 -0.00582582
-9.21961 55.0086 41.8818 0.124806 -0.99217 -0.00462012
-8.70779 55.073 41.8331 0.12443 -0.992216 -0.00503296
-10.4224 54.8521 42.8939 0.129427 -0.991586 -0.00238571
-12.436 54.5764 43.0983 0.142067 -0.989835 -0.00661524
-14.3414 54.2833 43.2549 0.15614 -0.98771 -0.00695704
-16.2999 53.9382 43.3774 0.181438 -0.983348 -0.010331
-18.3191 53.5416 43.436 0.19721 -0.980321 -0.00887903
-20.2526 53.1185 43.5374 0.225325 -0.974244 -0.00876257
-22.0035 52.6921 43.6515 0.252382 -0.967611 -0.00571992
-23.8266 52.2008 43.7211 0.268436 -0.963256 -0.00890586
-25.7646 51.6303 43.8199 0.290837 -0.956742 -0.00766537
-27.6276 51.0499 43.9919 0.30996 -0.950713 -0.00831186
-29.2772 50.497 44.2176 0.325179 -0.945643 -0.00425696
-30.9182 49.9215 44.4374 0.333575 -0.942707 -0.00562394
-32.8273 49.2393 44.6901 0.338053 -0.941126 -0.00158927
-34.778 48.5336 44.9917 0.340003 -0.940422 -0.00216374
-36.4083 47.9459 45.278 0.337992 -0.941147 -0.00189728
-38.2505 47.2867 45.5776 0.335972 -0.94187 -0.0021261
-40.0576 46.6439 45.8704 0.333851 -0.942625 -0.00105473
-41.5989 46.0991 46.1702 0.332334 -0.943161 -0.0011222
-39.349 46.8941 46.7675 0.334396 -0.942432 -0.00118065
-37.3245 47.6158 46.4303 0.336637 -0.941633 -0.00155708
-35.285 48.3487 46.0792 0.338583 -0.940935 -0.00164384
-33.4797 49.0016 45.7852 0.340137 -0.940374 -0.00183338
-31.7258 49.6317 45.4892 0.33389 -0.942606 -0.00346942
-30.0925 50.2082 45.2555 0.328533 -0.944482 -0.00436293
-28.1259 50.8799 44.996 0.313281 -0.94963 -0.00763856
-26.2783 51.4688 44.7926 0.293284 -0.956021 -0.00281006
-24.2942 52.057 44.6707 0.276077 -0.961087 -0.00964613
-22.2847 52.6124 44.6143 0.257145 -0.966344 -0.00741844
-20.3843 53.0805 44.465 0.217967 -0.975933 -0.0067341
-18.6649 53.4613 44.374 0.207186 -0.978215 -0.0129882
-16.9095 53.8154 44.3302 0.188707 -0.981982 -0.0100073
-14.9724 54.1677 44.2065 0.166547 -0.986019 -0.00539841
-13.1404 54.4667 44.0788 0.148479 -0.9889 -0.00551194
-12.4599 54.5683 44.0181 0.143459 -0.989646 -0.00459161
-14.6172 54.2226 45.1033 0.165646 -0.986165 -0.00629231
-16.7323 53.8402 45.2438 0.188716 -0.981981 -0.0099701
-18.8386 53.4106 45.3034 0.207197 -0.978185 -0.0149276
-20.5936 53.0295 45.403 0.217256 -0.976108 -0.00364489
-22.303 52.5998 45.5432 0.256709 -0.966424 -0.0111616
-23.9885 52.135 45.5915 0.274697 -0.961516 -0.00536554
-25.6823 51.6442 45.6895 0.290135 -0.956977 -0.00402973
-27.5298 51.0691 45.8563 0.307409 -0.951559 -0.00594564
-29.4109 50.4367 46.1033 0.323032 -0.946337 -0.009799
-31.0394 49.8724 46.3221 0.331644 -0.943403 -0.00179039
-31.8136 49.5988 46.4478 0.334659 -0.942338 -0.00169714
-29.8918 50.2703 47.1169 0.325204 -0.945638 -0.00319078
-28.091 50.8784 46.8745 0.315867 -0.948802 -0.00166825
-26.2747 51.4605 46.6787 0.290133 -0.956978 -0.00402612
-24.4854 51.989 46.5583 0.271688 -0.962377 -0.00392708
-22.7336 52.4747 46.4752 0.256709 -0.966424 -0.0111616
-20.9801 52.9251 46.3686 0.232554 -0.972489 -0.0135322
-19.2246 53.3163 46.2447 0.210274 -0.977616 -0.00719326
-17.4949 53.6766 46.1913 0.193688 -0.980997 -0.0113872
-16.4222 53.8891 46.153 0.188409 -0.982007 -0.012777
-18.7057 53.419 47.1492 0.206415 -0.978437 -0.007337
-20.5795 53.0045 47.2649 0.225358 -0.974223 -0.0101314
-22.3084 52.5768 47.3763 0.252647 -0.967517 -0.0089212
-24.1852 52.0702 47.4728 0.26789 -0.963438 -0.0046553
-26.0287 51.5341 47.6064 0.291315 -0.956627 -0.000190068
-27.8417 50.9568 47.7899 0.311186 -0.950349 -0.00048838
-28.3035 50.8055 47.8522 0.313612 -0.94955 -0.00169623
-25.6285 51.6555 48.521 0.289297 -0.957239 -0.00139714
-23.7351 52.1942 48.3782 0.267575 -0.963537 0.000617841
-22.9495 52.4041 48.334 0.251908 -0.967749 -0.00227217
-46.0791 44.8709 25.795 0.325938 -0.945152 -0.0212398
-47.4284 44.4055 25.7915 0.326154 -0.94508 -0.021149
-48.6514 43.9834 25.7745 0.326434 -0.944972 -0.0216321
-49.7712 43.598 25.7134 0.326257 -0.945033 -0.0216664
-49.9047 43.5274 26.7823 0.326133 -0.945074 -0.0217305
-48.5499 43.9932 26.874 0.326494 -0.94495 -0.0217059
-47.5575 44.3365 26.8702 0.32713 -0.94476 -0.0203593
-48.2804 44.0625 27.9243 0.327204 -0.94471 -0.0214712
-49.4416 43.6616 27.8912 0.32621 -0.945046 -0.0217982
-49.8159 43.533 27.8655 0.32621 -0.945046 -0.0217982
-49.7267 43.5369 28.9958 0.326067 -0.945075 -0.0226494
-49.1383 43.7396 29.021 0.326793 -0.944826 -0.0225996
-49.5287 43.5754 30.2246 0.326112 -0.94505 -0.0230457
-49.7568 43.496 30.2529 0.325563 -0.945234 -0.0232466
-49.1341 43.6026 34.8089 0.32364 -0.945978 -0.0195891
-49.8698 43.3474 34.9545 0.324564 -0.945657 -0.0197623
-49.5256 43.4441 36.0541 0.324636 -0.945691 -0.0167148
-48.7815 43.7015 35.8931 0.323877 -0.945928 -0.0180096
-48.5013 43.7788 36.9935 0.322195 -0.946547 -0.0154468
-49.7464 43.3473 37.2767 0.325733 -0.945346 -0.0148206
-49.3562 43.4659 38.2982 0.324971 -0.945619 -0.0140688
-48.0464 43.9187 38.0104 0.322907 -0.946354 -0.012059
-47.5243 44.0982 37.9101 0.322701 -0.946432 -0.0114617
-46.1214 44.5659 38.7607 0.3227 -0.946465 -0.00829609
-47.3907 44.1305 38.9727 0.323577 -0.946155 -0.00945433
-48.6134 43.7087 39.2198 0.324576 -0.945783 -0.0120199
-49.146 43.5243 39.3476 0.325064 -0.945616 -0.0119395
-48.7724 43.6412 40.3705 0.325291 -0.94556 -0.0101216
-47.6011 44.0464 40.124 0.32453 -0.945817 -0.010474
-46.2545 44.5102 39.8846 0.323823 -0.946071 -0.00941172
-45.083 44.9132 39.6511 0.324294 -0.94592 -0.00828241
-44.1776 45.2237 39.5046 0.325231 -0.945615 -0.00617635
