6.58066 58.1428 26.9714 0.336906 -0.934385 0.109252
7.36381 58.5705 27.5377 0.424612 -0.898507 0.10432
8.36436 59.1689 28.1168 0.495124 -0.864655 0.0849923
9.18051 59.7531 28.6456 0.550001 -0.830067 0.0861689
10.0092 60.3862 29.0086 0.594839 -0.801867 0.0558257
10.8073 61.0226 29.295 0.640049 -0.767692 0.0302399
11.7725 61.8353 29.6983 0.642085 -0.766402 0.0143236
12.3284 62.3219 30.3682 0.632258 -0.774529 0.0188416
11.5915 61.7233 30.8171 0.637988 -0.76923 0.0354401
10.6516 60.9837 31.4282 0.611773 -0.789938 0.0374647
9.89705 60.4462 31.9203 0.580844 -0.81272 0.0408226
9.04565 59.8849 32.3652 0.52332 -0.850042 0.0365716
7.88474 59.2627 32.8969 0.474932 -0.878495 0.0516589
7.06843 58.8537 33.5334 0.443212 -0.894534 0.0435809
6.20331 58.4823 34.0981 0.413173 -0.910438 0.0197783
5.17335 58.0922 34.7193 0.326714 -0.944956 0.0175777
4.0436 57.7179 35.4175 0.295277 -0.95471 0.0183589
3.08754 57.4544 35.9749 0.254144 -0.966952 0.0110541
1.99345 57.1877 36.5754 0.244539 -0.969617 0.00657805
1.08976 56.9987 37.0636 0.203577 -0.979059 -0.000518369
0.140474 56.8099 37.5164 0.176349 -0.984324 0.00262497
-0.922068 56.6199 38.0014 0.170071 -0.985405 0.00123068
-1.83905 56.478 38.4486 0.151546 -0.988437 -0.00517478
-3.07971 56.2899 39.1261 0.145249 -0.989392 0.00242919
-3.93031 56.1743 39.6455 0.129882 -0.991523 -0.00360508
-4.88998 56.0511 40.2338 0.123232 -0.992375 -0.00236174
-5.8814 55.928 40.6708 0.12133 -0.992612 -0.00104381
-7.10289 55.7799 41.2456 0.119774 -0.992798 -0.00252002
-8.244 55.6389 42.0346 0.121211 -0.992624 -0.00246886
-9.31675 55.5041 42.6896 0.129691 -0.991554 0.000370298
-10.6974 55.3176 43.1797 0.136654 -0.990613 -0.00338235
-11.669 55.1802 43.7772 0.141232 -0.989969 -0.0039328
-12.5076 55.0579 44.3774 0.144219 -0.989534 -0.00384227
-13.6922 54.8733 44.9907 0.152381 -0.988308 -0.00422182
-14.8728 54.6705 45.619 0.1738 -0.984718 -0.00873125
-15.955 54.4738 46.1018 0.181271 -0.983415 -0.00419644
-16.9795 54.2784 46.5803 0.190346 -0.981681 -0.00633965
-17.97 54.074 47.0929 0.197791 -0.980175 -0.0116357
-18.8544 53.8812 47.6045 0.211618 -0.977338 -0.00540469
-19.9829 53.6295 48.0151 0.222165 -0.974996 -0.00507785
-21.0019 53.3931 48.1539 0.227388 -0.973795 -0.00406355
-22.2977 53.0727 48.6273 0.248882 -0.968515 -0.00597705
-23.3284 52.799 48.8919 0.257549 -0.966262 -0.00236871
-24.5666 52.4597 48.8394 0.274037 -0.961716 -0.00223525
-25.7288 52.1228 48.8411 0.288788 -0.957388 -0.00315663
-26.9013 51.7604 48.973 0.300955 -0.953637 -0.00139718
-27.9325 51.433 48.9228 0.308069 -0.951358 -0.00115017
-28.9387 51.101 48.7271 0.317913 -0.948119 0.00133202
-29.9038 50.7718 48.3854 0.324636 -0.945833 -0.000541505
-30.8037 50.4634 48.0331 0.328478 -0.944507 -0.00234528
-31.8463 50.0989 47.5714 0.332219 -0.943201 -0.00149456
-32.9661 49.7003 47.4749 0.337148 -0.941449 -0.00241714
-33.9181 49.3579 47.5146 0.338527 -0.940954 -0.00234972
-35.2752 48.8695 47.6231 0.338025 -0.941134 -0.00227231
-36.3936 48.468 47.74 0.337319 -0.941388 -0.00196875
-37.3506 48.1256 47.7556 0.336942 -0.941523 -0.00188966
-38.6654 47.6571 47.46 0.335753 -0.941949 -0.00162585
-39.6662 47.3018 47.3532 0.334301 -0.942465 -0.00148694
-40.969 46.8407 47.0952 0.333371 -0.942795 -0.00133178
-41.9675 46.4891 46.7194 0.331732 -0.943373 -0.00141618
-43.1694 46.0686 45.8962 0.331233 -0.943547 -0.00190692
-44.0217 45.7717 45.419 0.329398 -0.944186 -0.00311261
-45.0901 45.4015 44.7404 0.329035 -0.944311 -0.00347795
-45.9217 45.1154 44.1132 0.327525 -0.944829 -0.00499288
-46.7751 44.8243 43.4153 0.327033 -0.944993 -0.00615243
-47.6849 44.5159 42.5771 0.326289 -0.945237 -0.00785501
-48.4058 44.2726 41.9051 0.326154 -0.945279 -0.00841655
-49.0497 44.0582 41.0975 0.326022 -0.94532 -0.00897159
-49.8241 43.8026 40.0608 0.325532 -0.945469 -0.0107801
-50.4179 43.6124 38.9109 0.325169 -0.945584 -0.0116255
-50.6427 43.5501 37.8695 0.325053 -0.945596 -0.0137584
-50.6868 43.5557 36.5962 0.324792 -0.945632 -0.0170135
-50.7148 43.5645 35.5528 0.326612 -0.944976 -0.0185303
-50.7018 43.5967 34.2239 0.324562 -0.945652 -0.0200211
-50.6917 43.6279 32.9957 0.324926 -0.945482 -0.0220832
-50.6412 43.6741 31.7892 0.325106 -0.945392 -0.0232587
-50.6511 43.6963 30.7363 0.325311 -0.945328 -0.0229898
-50.686 43.72 29.2587 0.326004 -0.945102 -0.0224436
-50.7984 43.7106 28.0321 0.324966 -0.945476 -0.0217051
-50.8293 43.7265 26.8848 0.325589 -0.94526 -0.0217924
-50.6995 43.7972 25.7592 0.326017 -0.945121 -0.0214209
-50.4167 43.9175 24.7601 0.326596 -0.944908 -0.0220008
-49.8904 44.1212 23.83 0.326844 -0.944815 -0.0223205
-49.2493 44.3645 22.949 0.327193 -0.944663 -0.0235885
-48.7237 44.5719 21.964 0.327297 -0.944597 -0.0247601
-48.1501 44.7958 21.0737 0.327364 -0.944533 -0.0262444
-47.448 45.0618 20.2659 0.327055 -0.944573 -0.0285657
-46.8766 45.2843 19.4509 0.326588 -0.944739 -0.0284241
-46.341 45.4987 18.5365 0.326469 -0.9447 -0.0309912
-45.6369 45.7765 17.5192 0.327099 -0.944436 -0.032349
-44.7679 46.1195 16.3096 0.326487 -0.944601 -0.0336884
-43.794 46.4917 15.3188 0.326933 -0.944447 -0.0336754
-43.0843 46.771 14.373 0.32716 -0.944369 -0.0336735
-42.298 47.0687 13.6726 0.328116 -0.944025 -0.0339901
-41.0539 47.5282 12.9834 0.330374 -0.943217 -0.0345591
-40.1325 47.8681 12.5178 0.331025 -0.942926 -0.036222
-38.956 48.3061 11.8849 0.331288 -0.942813 -0.0367639
-37.8849 48.6943 11.5768 0.33087 -0.942931 -0.0375008
-36.9855 49.0221 11.2685 0.330507 -0.943053 -0.0376235
-35.9036 49.4203 10.7891 0.329934 -0.943247 -0.037789
-35.0134 49.7448 10.4355 0.328782 -0.943632 -0.0382288
-33.7588 50.1911 10.1692 0.32416 -0.94525 -0.0375893
-32.8364 50.5152 9.90948 0.322486 -0.945691 -0.0408913
-31.857 50.8617 9.51109 0.316361 -0.947899 -0.0374705
-30.7618 51.2409 9.03394 0.306053 -0.950985 -0.0442622
-29.7506 51.5769 8.62133 0.289858 -0.956142 -0.0421385
-28.7251 51.896 8.176 0.269123 -0.962081 -0.0444193
-27.5308 52.2443 7.86747 0.267305 -0.962771 -0.039942
-26.3911 52.5511 7.77486 0.252223 -0.966936 -0.0376678
-25.204 52.8468 7.82616 0.238945 -0.970803 -0.0211283
-24.0651 53.1236 7.82309 0.226224 -0.973928 -0.0169518
-23.0467 53.3561 7.93004 0.222275 -0.974794 -0.0192648
-21.9641 53.5886 8.06892 0.209185 -0.977713 -0.0178814
-20.4039 53.894 8.29653 0.1897 -0.981691 -0.0167941
-19.3572 54.0828 8.53728 0.173484 -0.984667 -0.018287
-18.3672 54.2543 8.74922 0.169374 -0.985479 -0.0103094
-17.0327 54.4676 8.90556 0.144961 -0.98936 -0.0119441
-15.987 54.6139 9.16565 0.133287 -0.990961 -0.0140685
-14.96 54.749 9.51194 0.132458 -0.991188 -0.000794491
-13.8603 54.877 9.88851 0.113314 -0.993559 0.000490301
-12.5048 55.031 10.5169 0.102022 -0.994755 0.00681824
-11.6254 55.1239 11.0774 0.0964153 -0.99531 0.00696041
-10.638 55.2197 11.7253 0.0929864 -0.995651 0.00564562
-9.66824 55.3099 12.5079 0.0822289 -0.996546 0.011625
-8.78839 55.3881 13.4441 0.0749388 -0.997125 0.0112177
-7.94093 55.4671 14.5548 0.0777161 -0.996867 0.0146952
-7.31411 55.5236 15.3545 0.0678924 -0.997525 0.0182961
-6.65319 55.585 16.2921 0.0645522 -0.997731 0.0191109
-6.11489 55.639 17.2119 0.0663059 -0.997577 0.0210234
-5.39392 55.7126 18.2062 0.0727923 -0.997123 0.0211328
-4.72548 55.7796 18.9507 0.0717272 -0.997104 0.0252647
-3.91053 55.8717 19.8012 0.078437 -0.99638 0.0327514
-2.92973 55.9758 20.4311 0.0834363 -0.995791 0.0379256
-2.00417 56.092 21.133 0.0957528 -0.994197 0.0490274
-1.03378 56.226 21.9152 0.106954 -0.992925 0.0515839
0.162329 56.4057 22.769 0.115855 -0.992001 0.0501149
1.31882 56.5931 23.4265 0.129362 -0.989935 0.0573943
2.21897 56.7822 24.0427 0.155842 -0.984687 0.0780795
3.11487 56.9787 24.5154 0.183419 -0.979347 0.0843808
4.01784 57.2198 25.1133 0.20983 -0.972581 0.100069
4.79109 57.4677 25.7409 0.241704 -0.966143 0.090255
5.7334 57.8035 26.4055 0.300734 -0.946756 0.11493
6.44453 58.0886 26.883 0.301082 -0.946436 0.116653
6.97866 58.183 26.0676 0.35013 -0.924598 0.149972
7.90522 58.6927 26.6734 0.457826 -0.876321 0.14556
8.68192 59.2243 27.1811 0.483158 -0.861316 0.156981
9.42275 59.8373 27.7011 0.623226 -0.778922 0.0697916
10.2009 60.473 28.0757 0.609993 -0.791 0.0472005
10.9988 61.1509 28.2991 0.654021 -0.756462 0.00468727
11.9663 61.9953 28.7164 0.650283 -0.759524 0.00992206
12.902 62.7794 29.121 0.640816 -0.767688 0.00313906
13.6915 63.3829 29.3022 0.614482 -0.788707 -0.00783926
14.0184 63.6268 30.1221 0.586639 -0.809817 -0.00710406
13.3298 63.1294 30.6859 0.613557 -0.788812 0.0363749
12.6528 62.6136 31.2219 0.632597 -0.773711 0.0345396
11.9227 62.0343 31.6531 0.634173 -0.772494 0.0328287
11.1608 61.4328 32.1384 0.632653 -0.773492 0.0382209
10.2827 60.7791 32.7514 0.59772 -0.800535 0.0433034
9.36185 60.1423 33.247 0.563426 -0.825255 0.0388103
8.50176 59.6276 33.6144 0.485212 -0.874167 0.0199501
7.51723 59.114 34.4052 0.46099 -0.887337 0.0109779
6.51217 58.6181 35.0216 0.384438 -0.923009 -0.00224364
5.65238 58.2659 35.5527 0.37696 -0.926153 -0.0119198
4.47137 57.8562 36.2334 0.319194 -0.947656 -0.00800107
3.52118 57.5849 36.8138 0.275073 -0.961302 -0.00385082
2.40017 57.29 37.4504 0.234083 -0.972078 -0.0164021
1.52405 57.0823 37.9382 0.191152 -0.98132 -0.0217032
0.570816 56.8866 38.4463 0.186565 -0.982334 -0.0142246
-0.513591 56.6822 38.894 0.177518 -0.983969 -0.0170861
-1.51602 56.5233 39.378 0.15356 -0.988065 -0.0103472
-2.84899 56.319 40.1204 0.143057 -0.989676 -0.00868728
-3.82797 56.1845 40.7361 0.127956 -0.991774 -0.000774675
-4.88383 56.0485 41.3106 0.126076 -0.992005 -0.00562514
-6.11427 55.8965 41.8312 0.119555 -0.992815 -0.00477237
-7.03644 55.7841 42.3419 0.117841 -0.993022 -0.00439718
-7.90904 55.6778 42.9971 0.118559 -0.99294 -0.00379444
-8.86904 55.5594 43.5484 0.12246 -0.992468 -0.00330473
-10.2862 55.3709 44.0547 0.136284 -0.990662 -0.00384801
-11.1433 55.2524 44.6192 0.136148 -0.990688 -0.00124464
-11.9722 55.1345 45.1758 0.144983 -0.989434 -0.000312982
-12.99 54.981 45.682 0.153434 -0.988156 -0.00201431
-14.0164 54.8146 46.2608 0.167533 -0.985858 -0.00194533
-14.9877 54.6478 46.7056 0.178855 -0.983874 -0.00192826
-16.2087 54.4202 47.3532 0.185446 -0.982646 -0.00409068
-17.2076 54.2247 47.783 0.200821 -0.979621 -0.00366514
-18.5053 53.9524 48.5203 0.20427 -0.978893 -0.00651711
-19.6607 53.6972 48.9167 0.220468 -0.975383 -0.00222221
-20.885 53.4195 49.1044 0.227929 -0.973665 0.00490295
-21.8023 53.1985 49.4455 0.245778 -0.969317 -0.00115194
-22.898 52.9138 49.8417 0.252109 -0.967697 -0.00169105
-23.9819 52.6256 49.9543 0.263612 -0.964629 0.000426513
-25.0304 52.3311 49.819 0.278334 -0.96048 0.00296532
-25.9887 52.0477 49.8908 0.294111 -0.955754 0.00362409
-27.1258 51.6911 49.9773 0.303079 -0.952961 0.00179156
-28.5627 51.2281 49.8707 0.309897 -0.950761 0.00407416
-29.5878 50.8823 49.5352 0.320668 -0.947187 0.0028925
-30.9213 50.4221 49.011 0.328891 -0.944365 0.000514434
-31.782 50.12 48.5676 0.331031 -0.943616 -0.002077
-33.0052 49.6841 48.4422 0.337294 -0.941397 -0.00104085
-34.0675 49.3018 48.5399 0.338425 -0.940991 -0.0021118
-35.1558 48.91 48.5935 0.338174 -0.941077 -0.00331743
-36.2278 48.5251 48.712 0.336992 -0.941504 -0.00261089
-37.5325 48.0587 48.7462 0.336159 -0.941804 -0.00164393
-38.7649 47.6203 48.4207 0.335188 -0.94215 -0.00142701
-39.7073 47.2857 48.336 0.334304 -0.942464 -0.00148678
-40.6548 46.9502 48.2364 0.333983 -0.942578 -0.00167318
-41.7319 46.57 47.8727 0.332446 -0.94312 -0.00178717
-42.7294 46.2199 47.4 0.331614 -0.943413 -0.00194847
-43.7009 45.8802 46.6827 0.331122 -0.943584 -0.00255726
-44.6263 45.5576 46.2371 0.330232 -0.943895 -0.00297492
-45.7566 45.166 45.4775 0.329603 -0.944112 -0.00392705
-46.5784 44.8835 44.8117 0.327839 -0.944717 -0.00563128
-47.5413 44.5546 44.0233 0.327438 -0.944852 -0.00621163
-48.5674 44.2069 43.0613 0.326596 -0.945129 -0.00812767
-49.4496 43.9097 42.1941 0.326666 -0.945099 -0.00881341
-50.1312 43.6835 41.2831 0.326243 -0.945229 -0.0103441
-50.8567 43.4439 40.3039 0.326912 -0.944985 -0.0115003
-51.3146 43.2968 39.3761 0.326761 -0.945033 -0.011801
-51.5964 43.2202 37.8621 0.327115 -0.944868 -0.0148608
-51.6143 43.2379 36.4217 0.326946 -0.944895 -0.0166974
-51.6501 43.2461 35.3269 0.326558 -0.944965 -0.0200097
-51.6225 43.2809 34.1515 0.326018 -0.94513 -0.0209966
-51.6184 43.3074 33.063 0.326232 -0.945035 -0.0219486
-51.5908 43.343 31.9648 0.325546 -0.945244 -0.0231195
-51.6484 43.3625 30.3468 0.325379 -0.945304 -0.0229856
-51.7018 43.3697 29.308 0.325086 -0.945404 -0.0230165
-51.7047 43.3934 28.2697 0.325124 -0.945416 -0.0219954
-51.768 43.3971 27.1662 0.324799 -0.945538 -0.021522
-51.6667 43.4584 25.9957 0.325351 -0.945366 -0.0207097
-51.4073 43.5766 24.6932 0.326542 -0.944947 -0.0210994
-50.9986 43.7414 23.6661 0.327159 -0.94472 -0.0217271
-50.2106 44.0377 22.6824 0.328293 -0.944304 -0.0226504
-49.7118 44.2339 21.7711 0.329071 -0.944004 -0.0238629
-49.1885 44.4393 20.9025 0.328708 -0.944083 -0.025671
-48.3497 44.7617 19.8432 0.328332 -0.94415 -0.0279064
-47.7424 44.9962 19.0358 0.328083 -0.944194 -0.0292813
-47.0692 45.2681 17.8634 0.327464 -0.944342 -0.0313616
-46.3782 45.5402 16.9198 0.327373 -0.944342 -0.0323313
-45.741 45.7923 16.0433 0.327115 -0.944381 -0.0337582
-44.9962 46.0842 15.0874 0.326511 -0.944592 -0.0337157
-44.0358 46.4483 14.1865 0.326735 -0.944515 -0.0337111
-43.3258 46.7285 13.2191 0.326825 -0.944492 -0.0334663
-42.2602 47.1246 12.493 0.328998 -0.943712 -0.0341892
-41.2957 47.4789 12.0218 0.330395 -0.943202 -0.0347694
-40.4333 47.8007 11.5178 0.332013 -0.942587 -0.0360086
-39.4745 48.1587 10.9996 0.332337 -0.942451 -0.0365851
-38.527 48.5025 10.7261 0.331285 -0.942794 -0.0372742
-37.3128 48.9433 10.3654 0.330769 -0.942958 -0.0377129
-36.1216 49.3829 9.82236 0.330823 -0.942933 -0.0378643
-34.8689 49.8382 9.37322 0.328179 -0.943827 -0.0385766
-33.9069 50.178 9.22473 0.327745 -0.944008 -0.0378517
-32.9135 50.5314 8.92591 0.323604 -0.945368 -0.0394536
-31.9987 50.8652 8.47572 0.319891 -0.945988 -0.0526989
-30.9845 51.2143 8.07544 0.307238 -0.950056 -0.0539535
-30.0615 51.526 7.72048 0.288742 -0.956135 -0.0493373
-28.8725 51.9023 7.16621 0.273832 -0.960208 -0.0549199
-27.6825 52.2386 6.88678 0.261942 -0.964179 -0.0412175
-26.5909 52.5282 6.8009 0.248667 -0.968334 -0.0222278
-25.347 52.8373 6.82784 0.238991 -0.970637 -0.0273483
-24.2058 53.1146 6.78413 0.228633 -0.973216 -0.0240258
-23.0005 53.3879 6.90829 0.217834 -0.97564 -0.0256611
-21.9025 53.6194 7.08882 0.19786 -0.97994 -0.0234404
-20.7833 53.8406 7.21018 0.197207 -0.980179 -0.01892
-19.5858 54.0622 7.44402 0.185759 -0.982422 -0.0180703
-18.5535 54.2342 7.6999 0.169102 -0.985336 -0.022739
-17.5658 54.3973 7.97629 0.165133 -0.98604 -0.0208781
-16.4695 54.5637 7.98037 0.142132 -0.989623 -0.0193942
-15.2102 54.7266 8.39942 0.12794 -0.99165 -0.0161731
-14.2124 54.8411 8.77073 0.11569 -0.993259 -0.00726941
-13.0702 54.9685 9.11912 0.110565 -0.993867 -0.00179714
-11.6517 55.1147 9.88833 0.102904 -0.99469 0.00169513
-10.7441 55.203 10.4394 0.0929434 -0.995671 0.000496239
-9.62352 55.3059 11.2539 0.084749 -0.9964 0.00229469
-8.76835 55.3763 11.9604 0.0738569 -0.997246 0.00485287
-7.98013 55.4412 12.8762 0.0637052 -0.997894 0.0122014
-7.07647 55.5166 14.0958 0.064605 -0.997727 0.0191822
-6.36619 55.5786 14.994 0.0612014 -0.997893 0.0215281
-5.71356 55.6371 15.8723 0.0582189 -0.998038 0.0230412
-5.20171 55.6922 16.8301 0.0671688 -0.997507 0.021655
-4.58617 55.7562 17.7049 0.0713794 -0.997044 0.0284187
-3.77351 55.8421 18.5809 0.0734398 -0.996576 0.03749
-3.04111 55.9222 19.2875 0.080858 -0.996074 0.0357564
-2.07954 56.0256 19.8854 0.0827683 -0.995831 0.0383511
-1.02116 56.1569 20.6002 0.0858838 -0.994784 0.0550337
-0.222154 56.2796 21.3455 0.100818 -0.993303 0.0563692
0.783926 56.433 21.9806 0.114205 -0.991285 0.0656577
1.83644 56.6094 22.6098 0.118372 -0.989635 0.0812777
2.8637 56.8268 23.2891 0.165448 -0.982762 0.0820533
3.77568 57.0324 23.7803 0.179974 -0.97925 0.0927985
4.66921 57.2873 24.3622 0.207025 -0.971622 0.113741
5.65522 57.6176 25.1534 0.249763 -0.955201 0.154372
6.44815 57.9326 25.691 0.278543 -0.950671 0.136523
6.89642 58.1416 26.0076 0.351353 -0.923224 0.15559
7.29239 58.1166 25.0635 0.324007 -0.928988 0.178889
6.48477 57.7425 24.454 0.282085 -0.944643 0.167563
5.69846 57.4466 23.9029 0.208113 -0.966747 0.148627
4.92138 57.1916 23.2969 0.188476 -0.970157 0.152556
3.97833 56.9733 22.787 0.143443 -0.983999 0.10204
3.06336 56.7474 22.2364 0.172575 -0.978381 0.111649
2.24809 56.5759 21.621 0.116166 -0.989837 0.0820263
1.2953 56.4258 21.1288 0.10724 -0.990777 0.0828314
0.427621 56.2944 20.6066 0.0976163 -0.992994 0.0663349
-0.478644 56.1531 19.7458 0.0910942 -0.993536 0.0677378
-1.78284 56.0087 18.9565 0.07426 -0.996227 0.044567
-2.60765 55.9141 18.3551 0.0825198 -0.995451 0.0476279
-3.48777 55.814 17.2973 0.0659352 -0.997234 0.0342939
-4.23426 55.7424 16.4784 0.0590668 -0.997823 0.0293435
-4.73864 55.6889 15.6001 0.056756 -0.998034 0.0265754
-5.48527 55.621 14.6071 0.0515997 -0.998339 0.0256435
-6.09655 55.5708 13.804 0.0596632 -0.998032 0.0193089
-6.74776 55.5164 12.933 0.0544587 -0.998413 0.0143655
-7.46391 55.4657 11.9084 0.0560785 -0.998374 0.0102657
-8.26104 55.4144 11.0762 0.0758493 -0.997093 -0.00729315
-9.0556 55.3541 10.4452 0.0867741 -0.996221 -0.00386065
-9.99242 55.2725 9.70908 0.0911017 -0.995841 0.000712256
-10.867 55.1899 9.12421 0.0968159 -0.995293 -0.00139137
-12.017 55.0782 8.43375 0.101613 -0.99482 -0.00278048
-13.1053 54.9682 8.10382 0.104848 -0.994467 -0.00554174
-14.2697 54.845 7.69341 0.116059 -0.9931 -0.016805
-15.5564 54.7076 7.3507 0.125942 -0.991312 -0.0339365
-16.7261 54.5446 6.93911 0.152796 -0.987964 -0.023691
-17.7941 54.3821 6.83286 0.161168 -0.986744 -0.0190194
-18.8004 54.2208 6.52425 0.168037 -0.985447 -0.0256515
-19.8944 54.0326 6.30954 0.187392 -0.981955 -0.0254829
-20.9318 53.8349 6.1677 0.191396 -0.981264 -0.0220973
-21.9285 53.6391 5.98143 0.200616 -0.979288 -0.0273378
-22.9413 53.4291 5.88088 0.220306 -0.974958 -0.0303743
-23.9838 53.1912 5.7943 0.228662 -0.973208 -0.0240759
-24.9824 52.9574 5.77669 0.229085 -0.973009 -0.0278213
-25.9681 52.7161 5.86617 0.236162 -0.971111 -0.0342053
-27.2325 52.4045 5.77078 0.251627 -0.967008 -0.039409
-28.443 52.0737 5.99644 0.256725 -0.96567 -0.0396771
-29.6264 51.7294 6.38492 0.276377 -0.959639 -0.0520462
-30.4779 51.4492 6.85814 0.283531 -0.956855 -0.0635582
-31.7221 51.0289 7.35022 0.301236 -0.950101 -0.0810199
-32.7649 50.6406 7.70173 0.329001 -0.943261 -0.0449049
-33.7425 50.2808 8.10682 0.325136 -0.944813 -0.0401979
-34.7034 49.939 8.31602 0.327648 -0.943991 -0.0390696
-35.8274 49.5286 8.77842 0.328578 -0.943644 -0.0396604
-36.7851 49.1829 9.01309 0.33066 -0.942973 -0.0382836
-37.7238 48.8374 9.40495 0.330814 -0.942944 -0.0376637
-38.6085 48.5161 9.67634 0.331335 -0.942743 -0.038114
-39.5572 48.1667 10.0638 0.332068 -0.94247 -0.0384878
-40.7694 47.7207 10.5054 0.333493 -0.942047 -0.0364346
-41.7659 47.3485 11.0524 0.331757 -0.942763 -0.0336871
-42.6612 47.0185 11.5457 0.324504 -0.945191 -0.0358209
-43.452 46.7222 12.1217 0.327731 -0.94434 -0.0285469
-44.3981 46.3714 12.8429 0.32558 -0.9449 -0.0340209
-45.227 46.0453 13.9508 0.326353 -0.944627 -0.0342628
-45.9464 45.771 14.6567 0.326716 -0.944499 -0.0343354
-46.663 45.4851 15.706 0.326854 -0.944458 -0.0341451
-47.2612 45.2449 16.5819 0.328879 -0.943671 -0.0363934
-48.1209 44.908 17.7107 0.328201 -0.944082 -0.0314994
-48.663 44.6894 18.6261 0.330372 -0.943313 -0.0317672
-49.414 44.4 19.53 0.329426 -0.943778 -0.0275882
-50.0016 44.1695 20.4083 0.329763 -0.943747 -0.0244362
-50.7393 43.8811 21.569 0.329981 -0.943636 -0.0257487
-51.3247 43.6579 22.3752 0.327607 -0.944569 -0.0215304
-51.9444 43.4167 23.529 0.327467 -0.944628 -0.021052
-52.4795 43.2046 24.7951 0.325384 -0.945372 -0.0199049
-52.6611 43.1197 25.8369 0.324915 -0.945533 -0.019929
-52.6705 43.079 27.5528 0.323803 -0.945884 -0.0213226
-52.6545 43.0556 28.7789 0.323947 -0.945788 -0.0233055
-52.6444 43.0281 30.0253 0.324431 -0.94561 -0.0237786
-52.5466 43.0367 31.026 0.325572 -0.945235 -0.0231023
-52.7194 42.9451 32.3299 0.326528 -0.944902 -0.0232119
-52.5773 42.9666 33.4712 0.327249 -0.944678 -0.0221864
-52.6222 42.9198 34.8493 0.326976 -0.944798 -0.021047
-52.5234 42.9329 35.8471 0.32873 -0.944261 -0.0175652
-52.5809 42.8852 37.4545 0.3285 -0.944378 -0.0153965
-52.476 42.9054 38.4894 0.328787 -0.94432 -0.0125974
-52.0659 43.0279 40.0952 0.327882 -0.944652 -0.0112077
-51.6048 43.1753 41.1545 0.327132 -0.944926 -0.00995962
-50.9523 43.3931 41.9264 0.327133 -0.944928 -0.00974182
-50.1908 43.6467 42.9368 0.327116 -0.944945 -0.00862152
-49.3736 43.9229 43.6874 0.326969 -0.944999 -0.00831851
-48.5874 44.1895 44.3865 0.32729 -0.944897 -0.00718218
-47.6792 44.4988 45.1716 0.328288 -0.944555 -0.00654999
-46.869 44.777 45.7875 0.328988 -0.944321 -0.00499171
-46.1039 45.0402 46.4415 0.330078 -0.943942 -0.00473681
-45.1688 45.3647 47.086 0.330692 -0.943731 -0.00371193
-44.2648 45.6798 47.4941 0.331849 -0.943322 -0.00387276
-43.4628 45.9603 48.0637 0.331698 -0.943382 -0.00278221
-42.5689 46.2736 48.5689 0.332215 -0.943201 -0.00247547
-41.6429 46.599 48.943 0.333288 -0.942821 -0.00260235
-40.5293 46.9926 49.3931 0.333935 -0.942594 -0.00168066
-39.567 47.3332 49.5169 0.3344 -0.942429 -0.00183131
-38.3915 47.7512 49.646 0.33549 -0.942042 -0.0016974
-37.4263 48.0939 49.6824 0.335514 -0.942028 -0.00350417
-36.4227 48.4524 49.7029 0.336463 -0.941689 -0.00371241
-35.4662 48.7951 49.641 0.337732 -0.941231 -0.0045536
-34.1928 49.2533 49.562 0.338824 -0.940843 -0.00360761
-32.8533 49.7373 49.5212 0.337297 -0.941397 -0.0010452
-31.9106 50.0755 49.5746 0.331232 -0.943549 0.00100707
-30.9674 50.4086 50.1031 0.330535 -0.943789 0.00293631
-30.0066 50.7427 50.4576 0.326073 -0.945282 0.0108769
-29.0049 51.0839 50.8102 0.317127 -0.948361 0.00646262
-27.8951 51.4506 50.9581 0.305815 -0.952046 0.00923568
-26.3873 51.9285 50.974 0.297852 -0.954593 0.00594196
-25.3403 52.2481 50.8281 0.279337 -0.960124 0.0115047
-24.3444 52.5297 50.9717 0.263562 -0.964632 0.00441919
-23.2062 52.839 50.9655 0.261015 -0.96533 0.00293305
-21.4903 53.276 50.3822 0.241534 -0.97039 0.00219861
-20.3857 53.5403 50.1234 0.225346 -0.974192 0.013024
-18.6615 53.9222 49.6073 0.209711 -0.977732 0.00658528
-17.5065 54.1611 49.1041 0.203684 -0.979005 0.0072703
-16.3833 54.3851 48.52 0.189635 -0.981766 0.00950741
-15.4089 54.5688 48.1228 0.183092 -0.983094 -0.00110519
-14.5222 54.7325 47.5704 0.181281 -0.983431 -0.00019118
-13.0933 54.965 46.8666 0.156221 -0.987718 0.00288591
-12.2075 55.1021 46.3307 0.150311 -0.988629 0.00435914
-10.5612 55.3306 45.5775 0.135087 -0.990823 0.00158492
-9.69479 55.4504 44.9509 0.134597 -0.990898 -0.00214236
-8.52671 55.5971 44.4256 0.12079 -0.99267 -0.00367907
-7.48436 55.7256 43.8647 0.118753 -0.99292 -0.00291041
-6.53227 55.8401 43.2535 0.117354 -0.993082 -0.00402601
-5.61973 55.951 42.7251 0.116707 -0.993114 -0.0101992
-4.31168 56.1156 42.1009 0.124766 -0.992157 -0.0075909
-3.10015 56.2749 41.3895 0.130624 -0.991355 -0.011358
-2.18485 56.4063 40.9056 0.142171 -0.989671 -0.0176532
-1.03267 56.5802 40.4841 0.149503 -0.988661 -0.0124798
-0.167568 56.7239 39.8288 0.151366 -0.988048 -0.0253904
1.0998 56.9735 39.3121 0.188591 -0.981669 -0.0264089
2.03707 57.1717 38.8143 0.209517 -0.977354 -0.0296984
3.18058 57.4752 38.1371 0.262211 -0.96466 -0.0249469
4.17359 57.7524 37.5493 0.261502 -0.964801 -0.0266408
5.13455 58.0693 36.9562 0.313834 -0.949339 -0.0162173
6.08995 58.4132 36.3962 0.352137 -0.935371 -0.0304807
7.08274 58.8639 35.8042 0.44604 -0.893676 -0.0483542
8.27555 59.5219 34.9996 0.486887 -0.873157 -0.0165999
9.04551 59.9562 34.4559 0.571119 -0.819848 -0.0185132
10.2833 60.8221 33.7908 0.597229 -0.801747 0.020561
11.2124 61.5151 33.2178 0.626578 -0.778929 0.0257613
12.0232 62.1725 32.7462 0.658001 -0.75275 0.0200489
12.8518 62.83 32.1745 0.635046 -0.770771 0.0505267
13.6434 63.4237 31.62 0.618512 -0.78271 0.0693403
14.4989 64.0177 30.9799 0.5859 -0.808935 0.0484266
15.2216 64.4633 30.2584 0.553103 -0.829199 0.0716879
15.1383 64.3964 29.0405 0.567828 -0.822121 -0.0410863
14.4179 63.9243 28.5087 0.550171 -0.834478 -0.0144095
13.5685 63.3287 28.2762 0.609738 -0.79021 -0.0615448
12.6717 62.6089 28.0111 0.642403 -0.765 -0.0457591
11.8816 61.9267 27.6792 0.668578 -0.743319 -0.0219098
11.1274 61.2221 27.2841 0.664618 -0.746435 0.0334502
10.1784 60.3936 27.0694 0.639574 -0.765777 0.0673096
9.24284 59.3623 26.2577 0.546581 -0.815305 0.171499
8.17135 58.666 25.7466 0.506994 -0.840993 0.186262
7.65387 58.2883 25.3007 0.324005 -0.928988 0.178891
-45.0064 45.4645 38.8587 0.322552 -0.946519 -0.00786709
-43.8862 45.8447 39.1527 0.323705 -0.946155 -0.00238401
-42.5072 46.3183 39.1847 0.325491 -0.945541 -0.00262327
-41.2905 46.7414 38.9567 0.328214 -0.944603 -0.000342552
-40.1852 47.1292 38.7022 0.333214 -0.942849 -0.000154322
-39.2397 47.4654 38.124 0.335248 -0.94213 -0.000452035
-38.4636 47.7433 37.4454 0.338644 -0.94091 -0.00258148
-37.6743 48.0312 36.6088 0.340242 -0.940331 -0.00357819
-37.1363 48.2307 35.7492 0.340995 -0.940024 -0.00878637
-36.7696 48.3727 34.7937 0.341995 -0.939642 -0.0104143
-36.4648 48.5021 33.4326 0.342121 -0.93955 -0.0140615
-36.3609 48.5555 32.4484 0.340768 -0.939985 -0.0171974
-36.4647 48.5463 31.1032 0.337706 -0.941018 -0.0209789
-36.7499 48.4693 30.0726 0.333843 -0.942344 -0.0231778
-36.9813 48.4141 28.9979 0.331371 -0.943171 -0.0249386
-37.5042 48.2527 28.1554 0.329989 -0.943625 -0.0260237
-38.2006 48.0297 27.4734 0.328563 -0.944085 -0.0273667
-39.4621 47.618 26.7203 0.322484 -0.946182 -0.0272124
-40.3648 47.3244 26.1837 0.321854 -0.946495 -0.02359
-41.3645 46.9964 25.7305 0.320283 -0.947007 -0.0243569
-42.6647 46.5617 25.5534 0.320776 -0.946904 -0.0217884
-43.6554 46.2256 25.539 0.322869 -0.946209 -0.0210635
-44.8603 45.8108 25.6885 0.323266 -0.946066 -0.0214152
-45.8313 45.4703 26.0588 0.32543 -0.945331 -0.0210761
-46.84 45.1078 26.7554 0.326003 -0.945171 -0.0193478
-47.738 44.7772 27.6788 0.32751 -0.944613 -0.0210282
-48.4786 44.4942 28.7858 0.327423 -0.944602 -0.022822
-49.0054 44.2906 29.6649 0.327143 -0.944675 -0.023793
-49.5187 44.0789 31.058 0.326101 -0.945053 -0.0230717
-49.5564 44.0291 32.5203 0.325122 -0.945386 -0.0232401
-49.5262 44.0147 33.5701 0.324528 -0.945624 -0.021819
-49.179 44.1088 34.6918 0.323437 -0.946022 -0.0207583
-48.7713 44.2301 35.5936 0.324185 -0.94581 -0.0186548
-48.1822 44.4142 36.5005 0.321934 -0.946638 -0.015305
-47.1744 44.7411 37.5121 0.321567 -0.946777 -0.014458
-46.1837 45.0696 38.2362 0.322047 -0.946662 -0.0108023
-45.6779 45.2384 38.5299 0.322646 -0.946487 -0.00788357
-45.2244 45.3992 37.6717 0.320137 -0.947335 -0.00830107
-46.4278 45.0023 36.9452 0.319345 -0.947545 -0.0132783
-47.3271 44.7111 36.1031 0.319704 -0.947386 -0.0157963
-47.8757 44.5401 35.2636 0.321362 -0.946746 -0.0198925
-48.3581 44.4003 34.1951 0.322105 -0.946459 -0.0215426
-48.6028 44.3439 33.0269 0.323384 -0.945971 -0.0237101
-48.6378 44.3664 31.6839 0.324753 -0.945491 -0.0241191
-48.4066 44.4745 30.6142 0.327612 -0.94448 -0.0249964
-47.7594 44.7306 29.3651 0.328373 -0.944255 -0.023545
-47.2062 44.9434 28.5054 0.3295 -0.943914 -0.0213505
-46.5305 45.195 27.7258 0.328335 -0.944377 -0.018667
-45.6448 45.5149 27.0708 0.325855 -0.945251 -0.017773
-44.3741 45.9597 26.59 0.323254 -0.946138 -0.0181372
-43.279 46.3349 26.4672 0.32123 -0.946812 -0.018865
-42.0341 46.7516 26.5838 0.318798 -0.947599 -0.0205748
-40.9518 47.1081 26.9122 0.31785 -0.947911 -0.0208604
-40.1157 47.3769 27.401 0.320432 -0.946873 -0.0274874
-39.0837 47.71 28.0416 0.324095 -0.945615 -0.0278147
-38.2748 47.9716 28.64 0.328198 -0.944272 -0.0252126
-37.7549 48.1302 29.5074 0.329031 -0.943978 -0.0253527
-37.5465 48.1736 30.5402 0.332379 -0.942783 -0.0259423
-37.1919 48.2663 31.9092 0.342868 -0.939112 -0.0223347
-37.2447 48.2265 32.8919 0.343742 -0.938885 -0.0182829
-37.5511 48.0958 34.0945 0.345145 -0.938458 -0.0130857
-37.8884 47.9607 35.2522 0.345303 -0.938476 -0.00533114
-38.5593 47.7118 36.1738 0.340908 -0.940093 -0.00137876
-39.4074 47.4062 37.0332 0.337558 -0.941304 -0.000391419
-40.5418 47.0029 37.8243 0.33479 -0.942293 -0.000322291
-41.7084 46.5965 38.1213 0.327857 -0.944726 0.000710294
-42.6636 46.267 38.2332 0.326042 -0.945355 0.000312867
-43.7442 45.8969 38.2121 0.320119 -0.947368 -0.00336422
-44.8581 45.5213 37.8558 0.320136 -0.947335 -0.00829998
-44.5522 45.6299 36.933 0.317405 -0.948283 -0.00380266
-43.6663 45.9246 37.2431 0.318544 -0.947907 -0.00150846
-42.5531 46.3047 37.197 0.324848 -0.945763 0.0014774
-41.5902 46.6338 37.0667 0.323658 -0.94617 0.00264941
-40.6554 46.961 36.7166 0.336227 -0.941776 0.00318425
-39.8262 47.2564 36.0329 0.336997 -0.941505 0.000959971
-39.0479 47.536 35.3143 0.341021 -0.940055 0.00109552
-38.4973 47.7468 34.1457 0.347059 -0.937774 -0.0113917
-38.1914 47.8771 33.0686 0.344637 -0.938584 -0.0169057
-38.1149 47.928 32.0037 0.342791 -0.939082 -0.0249052
-38.6442 47.7924 30.465 0.33201 -0.942611 -0.0354203
-38.98 47.7064 29.3913 0.327449 -0.944521 -0.0256402
-40.2327 47.3117 28.4098 0.315266 -0.948611 -0.0272848
-41.148 47.0202 27.876 0.31738 -0.948033 -0.0224278
-42.6167 46.5381 27.462 0.317651 -0.948055 -0.0170283
-44.0043 46.0704 27.4881 0.323612 -0.946098 -0.0131839
-45.1248 45.6802 27.867 0.326539 -0.9451 -0.0125684
-45.9929 45.3674 28.4988 0.329635 -0.943968 -0.0163203
-46.6855 45.1055 29.4041 0.330006 -0.943755 -0.0205385
-47.3106 44.8572 30.4849 0.328676 -0.944026 -0.0279221
-47.6695 44.7031 31.5579 0.326336 -0.944907 -0.0255959
-47.6754 44.673 32.6066 0.324089 -0.945691 -0.0251902
-47.5078 44.6972 33.7926 0.321475 -0.946586 -0.024619
-47.0323 44.8347 34.8572 0.319628 -0.947324 -0.0203675
-46.3465 45.0462 35.7993 0.318544 -0.947804 -0.0140261
-45.3351 45.373 36.5639 0.315956 -0.948718 -0.0102505
-44.7096 45.5775 36.8607 0.316168 -0.94867 -0.00713937
-24.6281 52.9778 8.31817 0.237814 -0.971075 -0.021411
-26.729 52.4422 8.45814 0.253434 -0.967018 -0.025451
-27.4318 52.2487 8.48446 0.270365 -0.962203 -0.032695
-30.1135 51.4334 9.38014 0.29797 -0.953597 -0.0431996
-28.2746 51.9778 9.4603 0.275023 -0.960895 -0.0323028
-26.5262 52.4692 9.4052 0.265731 -0.963745 -0.0241525
-24.3202 53.0341 9.24018 0.238609 -0.970923 -0.0193719
-22.296 53.5019 9.03802 0.207629 -0.978109 -0.0139163
-20.5212 53.8604 8.8397 0.192341 -0.981194 -0.01622
-16.8248 54.4922 9.46467 0.142162 -0.989843 0.000577964
-18.7074 54.1868 9.6078 0.169377 -0.985497 -0.0103096
-20.9711 53.7587 9.8457 0.196819 -0.980293 -0.0169812
-22.6708 53.4066 10.0387 0.208299 -0.977894 -0.0182786
-24.3825 53.0002 10.1881 0.241225 -0.970349 -0.0152542
-26.2857 52.5091 10.3307 0.261428 -0.964865 -0.0262822
-28.1057 51.998 10.4151 0.276867 -0.960509 -0.0276796
-29.7743 51.5 10.358 0.293281 -0.955433 -0.033661
-31.5161 50.9453 10.2202 0.31271 -0.948988 -0.0404206
-31.9945 50.7893 10.1828 0.314536 -0.948446 -0.0389453
-34.585 49.8766 10.8673 0.327579 -0.944074 -0.0376305
-32.7828 50.4881 11.0727 0.321877 -0.946116 -0.0354861
-30.919 51.105 11.2294 0.308859 -0.950541 -0.032823
-28.8052 51.7639 11.3637 0.29388 -0.955321 -0.0315492
-26.8368 52.3291 11.3006 0.270304 -0.962363 -0.028146
-24.8824 52.8586 11.1716 0.243457 -0.969756 -0.0173751
-23.0536 53.3039 11.017 0.225877 -0.974025 -0.0159898
-21.2554 53.6864 10.8345 0.20262 -0.979247 -0.00459057
-19.2622 54.08 10.6175 0.187601 -0.982245 2.00569e-05
-17.3038 54.4159 10.4414 0.157539 -0.98749 -0.00676291
-15.2649 54.709 10.3332 0.130759 -0.991412 0.00191896
-14.4047 54.8141 10.2974 0.115952 -0.993255 -0.000303873
-12.5703 55.0275 11.1559 0.104201 -0.994542 0.0053422
-14.3026 54.8262 11.2344 0.12022 -0.992743 0.00292258
-16.2408 54.5701 11.3278 0.14755 -0.989048 -0.00351182
-18.3601 54.238 11.4905 0.168285 -0.985734 -0.00295927
-20.2128 53.8917 11.6698 0.19501 -0.980775 -0.0071889
-21.9992 53.5258 11.864 0.205524 -0.978624 -0.00741722
-23.979 53.0643 12.0326 0.23818 -0.971086 -0.0161955
-25.809 52.5889 12.1679 0.261512 -0.964709 -0.0307898
-27.5157 52.1106 12.2737 0.280388 -0.959435 -0.0294515
-29.2803 51.5877 12.2878 0.291756 -0.955995 -0.0308657
-31.2539 50.9622 12.1664 0.313484 -0.948975 -0.0342497
-33.2355 50.2982 11.996 0.324426 -0.945178 -0.0372354
-34.9427 49.7153 11.7896 0.328235 -0.943871 -0.0369969
-36.4483 49.1983 11.5711 0.330399 -0.943092 -0.0375994
-38.2149 48.5475 12.3623 0.330867 -0.942944 -0.0371871
-36.1222 49.2709 12.6194 0.330127 -0.943199 -0.0373112
-34.3111 49.8941 12.8491 0.327149 -0.944276 -0.0362705
-32.4714 50.5185 13.0272 0.322163 -0.945977 -0.0365933
-30.8166 51.0692 13.1463 0.310161 -0.950125 -0.0326038
-28.9329 51.6645 13.239 0.290205 -0.956535 -0.0286787
-27.1773 52.1843 13.18 0.27989 -0.959757 -0.022965
-25.1648 52.7457 13.0535 0.256307 -0.966336 -0.0223849
-23.2676 53.2203 12.9098 0.234939 -0.97197 -0.00879855
-21.3148 53.6651 12.7302 0.201454 -0.979485 -0.0050436
-19.454 54.0378 12.5425 0.194074 -0.980971 -0.00554946
-17.5561 54.3663 12.3793 0.157559 -0.987509 -0.00143732
-15.2001 54.7174 12.2144 0.137648 -0.990481 9.10139e-05
-13.4575 54.9309 12.1241 0.116296 -0.993212 0.00222957
-11.5139 55.1397 12.0405 0.095941 -0.99538 0.00384833
-11.35 55.155 12.0336 0.0929864 -0.995651 0.00566574
-10.3631 55.2522 12.9211 0.0929403 -0.995654 0.0059952
-12.1284 55.0825 13.0026 0.101609 -0.994813 0.00486038
-14.0908 54.8594 13.0908 0.117149 -0.993101 0.00515391
-16.255 54.5669 13.2289 0.146561 -0.989201 -0.000900462
-18.0488 54.2863 13.365 0.163218 -0.986588 -0.00188632
-20.3499 53.8585 13.574 0.196623 -0.980479 -0.000581768
-22.1362 53.4771 13.7473 0.221075 -0.975251 -0.00349343
-24.0208 53.0269 13.897 0.244043 -0.96969 -0.0120056
-25.8486 52.5396 14.0315 0.263597 -0.964485 -0.0169132
-27.7156 52.0046 14.1309 0.279889 -0.959758 -0.0229647
-29.3879 51.4952 14.1434 0.302293 -0.952794 -0.0283498
-31.1929 50.9146 14.072 0.310339 -0.950073 -0.0324206
-33.1137 50.2654 13.9402 0.324869 -0.945194 -0.0326777
-35.2656 49.5276 13.7155 0.329408 -0.943497 -0.0361044
-37.2552 48.8395 13.4979 0.330746 -0.942992 -0.0370589
-39.0178 48.2291 13.2977 0.330819 -0.94298 -0.0367199
-40.2614 47.7988 13.1527 0.330872 -0.942999 -0.0357366
-41.7583 47.2441 14.0191 0.328797 -0.943777 -0.0343008
-40.0611 47.8294 14.1951 0.329148 -0.943602 -0.0357374
-38.2989 48.4384 14.3996 0.33051 -0.943115 -0.0360079
-36.584 49.0324 14.5802 0.330773 -0.943 -0.0366143
-34.8201 49.6442 14.7435 0.330478 -0.943162 -0.0350709
-33.1682 50.2143 14.8912 0.325721 -0.944905 -0.0325792
-31.2916 50.8514 15.0118 0.321007 -0.946582 -0.0306014
-29.3242 51.4911 15.0579 0.303802 -0.952511 -0.0206851
-27.6136 52.0156 15.0731 0.283122 -0.958888 -0.0193721
-25.6703 52.5722 14.9479 0.263681 -0.964459 -0.0170589
-23.9331 53.0399 14.8216 0.248773 -0.968529 -0.00797797
-22.0144 53.4994 14.6874 0.218119 -0.975844 -0.0123817
-20.0256 53.9214 14.4882 0.192862 -0.981226 -0.000781572
-18.1429 54.2682 14.3229 0.169595 -0.985512 -0.00184488
-16.3015 54.5602 14.1764 0.147335 -0.989086 0.00119194
-14.5079 54.8154 14.0501 0.124819 -0.992148 0.00795105
-12.3037 55.0665 13.9387 0.104341 -0.994502 0.00883564
-10.4428 55.2541 13.8523 0.09717 -0.99518 0.0132223
-9.19265 55.362 13.82 0.07647 -0.997004 0.0116133
-8.70572 55.4103 14.7446 0.0764432 -0.996979 0.0137267
-10.5369 55.2554 14.7854 0.0942194 -0.995517 0.00828376
-12.7929 55.0202 14.8906 0.110087 -0.993913 0.00418883
-14.8535 54.7718 15.002 0.133175 -0.99109 0.002119
-17.0347 54.4473 15.1732 0.149328 -0.988784 -0.00259779
-18.9243 54.1278 15.3382 0.174393 -0.984674 -0.00211002
-20.7147 53.7705 15.4923 0.208399 -0.978014 -0.00766971
-22.7008 53.3326 15.6955 0.225097 -0.974277 -0.0107733
-24.7292 52.8165 15.7999 0.259821 -0.965568 -0.0130705
-26.6743 52.2705 15.9516 0.278069 -0.96038 -0.0186533
-28.5259 51.7193 16.001 0.297099 -0.954441 -0.0278262
-30.3502 51.1352 15.9737 0.310832 -0.950156 -0.0242302
-32.0073 50.5785 15.9203 0.325739 -0.944872 -0.0333205
-33.7776 49.9698 15.8074 0.330108 -0.943321 -0.0342699
-35.4579 49.3854 15.6633 0.330749 -0.943038 -0.0358293
-37.1045 48.8131 15.5278 0.330637 -0.943056 -0.0363862
-38.7911 48.2287 15.3747 0.329922 -0.943319 -0.0360673
-41.006 47.4656 15.1309 0.328842 -0.943735 -0.0350317
-42.4053 46.9863 14.9383 0.327404 -0.944279 -0.0338234
-43.4423 46.5937 15.8729 0.326957 -0.944441 -0.0336101
-41.5709 47.2352 16.062 0.327435 -0.944266 -0.03389
-39.8237 47.8346 16.2657 0.328555 -0.943842 -0.0348339
-37.857 48.5137 16.4586 0.33008 -0.943274 -0.0358027
-35.7418 49.2489 16.6366 0.331341 -0.942839 -0.0356006
-33.7962 49.9285 16.7643 0.330891 -0.943031 -0.0346803
-32.0498 50.5313 16.8696 0.326591 -0.944676 -0.0304115
-30.3517 51.1078 16.8983 0.318877 -0.947491 -0.0240578
-28.6282 51.6613 16.9408 0.29558 -0.954967 -0.0259086
-26.912 52.1818 16.8982 0.279921 -0.959712 -0.0244261
-25.1262 52.6916 16.7647 0.26701 -0.963529 -0.0178454
-23.4006 53.1524 16.6849 0.23344 -0.972136 -0.0214071
-21.62 53.5656 16.5184 0.212361 -0.97711 -0.0126058
-19.7746 53.955 16.3519 0.204189 -0.978831 -0.0140297
-17.9393 54.2929 16.1934 0.165075 -0.98625 -0.0078084
-15.8583 54.6237 15.9981 0.152352 -0.988326 0.000569132
-13.9361 54.8898 15.8822 0.125919 -0.992028 0.00488897
-11.6974 55.1423 15.7705 0.103969 -0.994573 0.00378762
-9.79697 55.3318 15.7016 0.095687 -0.995401 0.00451271
-7.84878 55.4912 15.6643 0.0748603 -0.997074 0.0154545
-7.48784 55.5311 16.5921 0.0727141 -0.997204 0.0172438
-9.4363 55.3728 16.6071 0.0949803 -0.995433 0.00963184
-11.2363 55.1965 16.687 0.102594 -0.994704 0.00618137
-13.1498 54.9901 16.7749 0.120223 -0.992746 -0.00141553
-15.1129 54.7362 16.8777 0.140128 -0.990133 0.000448091
-17.3191 54.3923 17.0723 0.165449 -0.986215 -0.00265863
-19.3273 54.0294 17.2529 0.181604 -0.983269 -0.0142129
-21.2881 53.6227 17.4215 0.206335 -0.978408 -0.0119665
-23.4546 53.1148 17.6022 0.240731 -0.970226 -0.0266523
-25.3639 52.6083 17.721 0.26695 -0.963554 -0.0173552
-27.1169 52.0975 17.827 0.281279 -0.959301 -0.02498
-28.8613 51.5636 17.8856 0.301011 -0.953231 -0.0272518
-31.1852 50.796 17.8218 0.32369 -0.945598 -0.0327108
-32.8629 50.2182 17.7813 0.328979 -0.94376 -0.0330194
-34.7391 49.5624 17.686 0.332401 -0.942484 -0.0351147
-36.9281 48.798 17.5335 0.330954 -0.942937 -0.0366023
-38.8357 48.1365 17.39 0.329203 -0.943592 -0.0354922
-40.5189 47.5591 17.1971 0.327434 -0.944257 -0.0341531
-42.1847 46.9878 17.031 0.327325 -0.944315 -0.0335726
-43.8505 46.4158 16.8998 0.326853 -0.944479 -0.0335653
-44.1092 46.3275 16.8662 0.326719 -0.944528 -0.0334802
-45.0464 45.9707 17.8193 0.326808 -0.944538 -0.0323197
-43.1449 46.6209 18.0125 0.326117 -0.944768 -0.0325721
-41.147 47.3053 18.1972 0.326621 -0.944561 -0.0335209
-39.5019 47.8698 18.3506 0.32748 -0.944228 -0.0345138
-37.65 48.5092 18.4849 0.32939 -0.943561 -0.034562
-35.6596 49.2032 18.6171 0.332004 -0.942625 -0.0350872
-33.9426 49.8058 18.6969 0.331831 -0.942705 -0.0345855
-32.0223 50.4752 18.7508 0.327101 -0.94438 -0.0339317
-30.1966 51.101 18.7653 0.318355 -0.947424 -0.0322144
-28.3312 51.7029 18.8164 0.29598 -0.954829 -0.0263881
-26.1972 52.3491 18.6967 0.280088 -0.959859 -0.0148421
-24.5179 52.8212 18.6009 0.257634 -0.965943 -0.0240605
-22.3685 53.3628 18.4464 0.233234 -0.972361 -0.0107394
-20.5386 53.7699 18.2836 0.204326 -0.978845 -0.0106556
-18.4443 54.1901 18.0978 0.180616 -0.983543 -0.00455376
-16.2279 54.5661 17.8895 0.159793 -0.987119 -0.00786067
-14.2883 54.843 17.7572 0.127374 -0.991826 -0.00758268
-12.3337 55.0851 17.6712 0.107615 -0.99418 0.00500644
-10.4331 55.2841 17.5742 0.100916 -0.994833 0.0111296
-8.57743 55.4606 17.5173 0.0868073 -0.996193 0.00799644
-6.77528 55.5986 17.5249 0.0701088 -0.9974 0.0166724
-6.47703 55.6196 17.5314 0.0714944 -0.997269 0.0185447
-5.88029 55.6828 18.4646 0.0727126 -0.997114 0.0218494
-7.65063 55.5497 18.4486 0.0791081 -0.996822 0.00936928
-9.38946 55.3941 18.4784 0.0928215 -0.995638 0.00942745
-11.4476 55.1856 18.5517 0.107706 -0.99417 0.00508201
-13.3361 54.9657 18.6352 0.127685 -0.991814 -0.001405
-15.3195 54.6963 18.7447 0.148511 -0.988911 -0.000325484
-17.3487 54.3763 18.9221 0.166416 -0.986019 -0.00854595
-19.2052 54.0362 19.0938 0.195553 -0.980686 -0.00374793
-21.0887 53.6439 19.2629 0.205921 -0.978554 -0.00531628
-23.2456 53.1366 19.4515 0.239736 -0.970795 -0.00914708
-25.2103 52.619 19.5624 0.272805 -0.961952 -0.0150253
-26.8891 52.1271 19.6565 0.287926 -0.957482 -0.0181119
-28.5774 51.6039 19.7393 0.301515 -0.953214 -0.0217078
-30.309 51.0316 19.7028 0.322756 -0.946024 -0.0294478
-32.0926 50.4182 19.6937 0.33 -0.9435 -0.0301129
-33.8573 49.8006 19.6633 0.332378 -0.942548 -0.0335902
-35.5228 49.2151 19.5996 0.332071 -0.94264 -0.0340366
-37.5566 48.5042 19.5124 0.330178 -0.943301 -0.0341274
-39.2045 47.9339 19.4196 0.327782 -0.944134 -0.0342003
-40.9728 47.3281 19.256 0.32654 -0.944632 -0.0322775
-43.0423 46.6202 19.0744 0.326361 -0.944711 -0.0317707
-44.8878 45.9892 18.9016 0.326271 -0.944756 -0.0313473
-45.8221 45.6702 18.7769 0.326753 -0.944593 -0.0312386
-46.515 45.4002 19.7451 0.326121 -0.944905 -0.0282825
-44.8165 45.9802 19.9486 0.325652 -0.945032 -0.0294292
-43.0241 46.5919 20.1284 0.3256 -0.944994 -0.0311558
-41.2784 47.1879 20.2671 0.325977 -0.94483 -0.0321753
-39.5632 47.7754 20.4052 0.327195 -0.944429 -0.0315802
-37.6465 48.4369 20.5041 0.328352 -0.943975 -0.0330994
-35.8884 49.0518 20.5545 0.332203 -0.942582 -0.0343659
-34.1715 49.6558 20.6082 0.332966 -0.942327 -0.0339664
-32.5213 50.2376 20.6354 0.331254 -0.943011 -0.0316492
-30.8071 50.8361 20.6345 0.32379 -0.945827 -0.0239161
-29.0911 51.4119 20.6546 0.311589 -0.949762 -0.0294026
-27.0895 52.0465 20.5925 0.291477 -0.956374 -0.0197459
-25.4064 52.5477 20.4992 0.275963 -0.961006 -0.0176417
-23.4822 53.0685 20.3984 0.243448 -0.96981 -0.0142224
-21.5907 53.5268 20.2407 0.223488 -0.974681 -0.0071435
-19.7202 53.9274 20.0708 0.198435 -0.980109 -0.00315607
-17.8219 54.2876 19.8954 0.176403 -0.984317 0.00162673
-15.4868 54.6707 19.6802 0.148739 -0.988876 -0.000889766
-13.2994 54.972 19.5513 0.12927 -0.991603 0.00342832
-11.1258 55.2295 19.455 0.105468 -0.994386 0.00858534
-9.13601 55.4268 19.4117 0.0925571 -0.995647 0.0109841
-7.34256 55.5855 19.3811 0.0837788 -0.996381 0.014377
-5.44186 55.7384 19.3831 0.0773788 -0.996775 0.0212452
-5.02441 55.7692 19.3884 0.0756193 -0.996716 0.0289551
-4.54503 55.834 20.2811 0.0836109 -0.996186 0.024964
-6.50256 55.6687 20.2959 0.0801991 -0.996629 0.0172788
-8.25836 55.5157 20.3345 0.0889631 -0.995972 0.0112082
-10.0639 55.3454 20.3657 0.100896 -0.994881 0.00565748
-11.8351 55.1539 20.4282 0.113676 -0.993517 0.00141182
-14.1305 54.8677 20.5193 0.127363 -0.991856 -0.000763922
-16.3899 54.5339 20.6819 0.159077 -0.987258 -0.0041248
-18.4442 54.173 20.8852 0.184948 -0.982747 -0.00177394
-20.1817 53.8304 21.0378 0.202049 -0.979361 -0.00533714
-21.9002 53.4471 21.1981 0.228834 -0.973432 -0.00804085
-23.6085 53.0211 21.3229 0.247895 -0.96872 -0.0113708
-25.5245 52.4952 21.4359 0.278644 -0.960227 -0.0179284
-27.4079 51.9282 21.5302 0.298837 -0.95405 -0.0220396
-29.3733 51.2941 21.5896 0.313796 -0.94914 -0.0258004
-31.2792 50.6427 21.5691 0.330766 -0.943226 -0.0302915
-32.9307 50.0616 21.5752 0.332838 -0.942493 -0.0304213
-34.9782 49.3376 21.5501 0.333777 -0.94213 -0.031361
-36.7259 48.7237 21.5064 0.330891 -0.943069 -0.0336429
-38.723 48.0311 21.4577 0.327178 -0.94443 -0.0317327
-40.4277 47.4443 21.3679 0.326106 -0.944819 -0.031191
-42.3495 46.7894 21.2138 0.324353 -0.945474 -0.0295797
-44.1062 46.1899 21.0717 0.325003 -0.945272 -0.0288608
-45.9444 45.563 20.883 0.325962 -0.944955 -0.02845
-47.1726 45.141 20.8127 0.326757 -0.94474 -0.026384
-48.092 44.7932 21.8908 0.327364 -0.944534 -0.0262458
-45.889 45.5498 22.0124 0.324777 -0.945418 -0.0265538
-44.0436 46.18 22.1411 0.324679 -0.94542 -0.0276406
-42.3067 46.7711 22.266 0.324349 -0.945475 -0.0295837
-40.1831 47.4959 22.3975 0.325617 -0.945036 -0.0296605
-38.5131 48.0703 22.4686 0.327455 -0.944374 -0.0304972
-36.8425 48.6511 22.4932 0.329561 -0.943651 -0.0302079
-35.0691 49.2745 22.5073 0.334519 -0.94192 -0.0297357
-33.1875 49.9407 22.5193 0.332961 -0.942488 -0.0292039
-31.296 50.6063 22.5124 0.328344 -0.944054 -0.0308498
-29.6114 51.1865 22.5213 0.3199 -0.947075 -0.0267001
-27.935 51.7417 22.4709 0.30445 -0.952269 -0.0222431
-26.1917 52.2789 22.399 0.288504 -0.957301 -0.0184412
-24.506 52.7699 22.2902 0.27542 -0.961133 -0.0191797
-22.8167 53.2108 22.1916 0.242232 -0.970073 -0.0167763
-20.9405 53.658 22.0368 0.22267 -0.974872 -0.00657707
-19.2179 54.0251 21.8781 0.190523 -0.981677 -0.00321448
-17.0752 54.4142 21.6862 0.16688 -0.985968 -0.00419016
-15.3413 54.693 21.5228 0.14475 -0.989426 -0.00910825
-13.4329 54.9565 21.4052 0.127518 -0.991836 -0.00101485
-11.6458 55.1765 21.3707 0.118487 -0.992952 -0.00257573
-9.88207 55.368 21.2925 0.104979 -0.994474 0.0010125
-8.02083 55.5478 21.2666 0.0917354 -0.99571 0.0120565
-5.92124 55.7377 21.2142 0.0912534 -0.995689 0.016642
-3.97662 55.91 21.1989 0.0882869 -0.995604 0.0312858
-2.87065 56.0128 21.2341 0.0989349 -0.994341 0.0387148
-1.9132 56.1428 22.1368 0.101421 -0.993755 0.0465331
-3.9485 55.9404 22.1364 0.0963661 -0.995052 0.0241939
-6.19407 55.729 22.1389 0.093346 -0.995498 0.0164553
-7.96725 55.5626 22.2021 0.0969462 -0.995266 0.00679194
-9.91735 55.366 22.2397 0.105025 -0.994462 0.00385272
-12.0393 55.1292 22.3112 0.118735 -0.992923 0.0023911
-13.8953 54.892 22.3632 0.137237 -0.990517 -0.00655957
-15.8559 54.6118 22.5138 0.145934 -0.989293 -0.00182222
-17.6628 54.3109 22.6831 0.170447 -0.985367 -0.000688948
-19.8348 53.8961 22.8557 0.203951 -0.978934 -0.00957686
-21.7557 53.4558 23.0387 0.236406 -0.97152 -0.0161469
-23.6933 52.975 23.1702 0.252859 -0.967383 -0.0152189
-25.6657 52.4182 23.2835 0.276727 -0.960763 -0.0188994
-27.4425 51.8731 23.3775 0.306378 -0.951569 -0.0254939
-29.166 51.3094 23.4413 0.314582 -0.948911 -0.0246044
-30.9027 50.7148 23.4514 0.330223 -0.943539 -0.0262052
-32.7484 50.0665 23.4624 0.332673 -0.942644 -0.0274184
-34.4259 49.4725 23.4678 0.334097 -0.942099 -0.0287724
-36.1789 48.8528 23.4774 0.332358 -0.942691 -0.0295382
-38.0216 48.2101 23.4618 0.329264 -0.943815 -0.0282428
-39.6858 47.6354 23.4206 0.326368 -0.944825 -0.028109
-41.4801 47.0223 23.3223 0.323125 -0.945914 -0.0289257
-43.1869 46.4421 23.2513 0.323299 -0.945973 -0.0247734
-44.8701 45.8684 23.1619 0.324224 -0.945638 -0.0254582
-46.9734 45.1492 23.0462 0.325111 -0.94534 -0.0251906
-48.6524 44.5718 22.9319 0.327111 -0.944677 -0.0241776
-49.3872 44.2922 23.962 0.32709 -0.944723 -0.0225841
-47.6239 44.898 24.118 0.326045 -0.945081 -0.0227393
-45.7454 45.5422 24.1922 0.324511 -0.945595 -0.0233155
-43.7528 46.2219 24.2856 0.322738 -0.946198 -0.0234458
-41.6747 46.9282 24.3288 0.322131 -0.946355 -0.0253716
-39.9127 47.5281 24.398 0.325293 -0.945233 -0.0268228
-38.1705 48.1288 24.4424 0.327827 -0.944337 -0.0275271
-36.4 48.7462 24.4446 0.329138 -0.943866 -0.0280132
-34.5341 49.405 24.4248 0.333756 -0.942244 -0.0279777
-32.5841 50.0971 24.4022 0.332792 -0.942604 -0.0273403
-30.8266 50.7155 24.3887 0.328759 -0.944089 -0.0247664
-29.1252 51.2987 24.3603 0.314789 -0.948827 -0.0252242
-27.2697 51.907 24.2882 0.308807 -0.950845 -0.0230551
-24.9913 52.5961 24.1612 0.276792 -0.960788 -0.016539
-22.9472 53.1498 24.0525 0.241499 -0.970308 -0.0133977
-20.6712 53.696 23.8632 0.224429 -0.974393 -0.0137976
-18.9519 54.0699 23.7237 0.190171 -0.981671 -0.0125044
-17.2273 54.3861 23.582 0.171588 -0.985128 -0.00895805
-15.0307 54.7304 23.392 0.143317 -0.989676 0.000981693
-13.1421 54.9968 23.271 0.128014 -0.991772 0.000337511
-11.3932 55.2102 23.239 0.118498 -0.992943 0.00470318
-9.57906 55.405 23.1679 0.104391 -0.994528 0.00414206
-7.63996 55.6011 23.1175 0.0981333 -0.99515 0.00678676
-5.60637 55.8004 23.0799 0.096133 -0.99523 0.0165742
-3.57914 56.0028 23.0809 0.101804 -0.994344 0.0302556
-1.4562 56.2296 23.0565 0.109597 -0.993374 0.0345958
-0.666065 56.3227 23.0626 0.118532 -0.991741 0.0489864
0.849519 56.5628 23.9623 0.14128 -0.987623 0.0681277
-0.974508 56.3228 23.9627 0.123762 -0.991503 0.0400534
-2.77345 56.112 23.9837 0.114347 -0.993092 0.0263338
-4.51982 55.9229 24.01 0.10132 -0.994692 0.0179579
-6.49494 55.724 24.0326 0.0983676 -0.995091 0.0108419
-8.43189 55.5274 24.075 0.10222 -0.994743 0.00614307
-10.4666 55.3138 24.1324 0.106861 -0.99427 0.00297966
-12.3226 55.098 24.1849 0.12442 -0.992217 -0.0049074
-14.2107 54.8498 24.273 0.138772 -0.990321 -0.00242898
-16.075 54.5701 24.4207 0.155406 -0.987845 -0.00320118
-17.8354 54.2753 24.5803 0.179682 -0.983714 -0.00456459
-19.5857 53.9322 24.7017 0.201135 -0.979523 -0.0089507
-21.2984 53.5444 24.8442 0.237905 -0.97125 -0.00865744
-23.038 53.1144 24.976 0.241635 -0.970272 -0.0135982
-24.9005 52.6077 25.0842 0.273821 -0.961723 -0.0105188
-26.7321 52.0586 25.1821 0.303874 -0.952467 -0.0216234
-28.797 51.3842 25.2764 0.313227 -0.949421 -0.0221252
-30.5369 50.7919 25.3259 0.328182 -0.944307 -0.0240805
-32.6303 50.0542 25.3449 0.332403 -0.942775 -0.0261389
-34.6303 49.3429 25.383 0.334179 -0.942152 -0.0259518
-36.5071 48.6811 25.4088 0.331216 -0.94317 -0.0269526
-38.2268 48.0813 25.4144 0.325773 -0.945041 -0.0277199
-40.106 47.4347 25.3737 0.323843 -0.945756 -0.0259201
-40.99 47.1336 25.3561 0.321639 -0.946532 -0.0250093
-38.9141 47.8163 26.3815 0.3254 -0.945186 -0.0271861
-37.179 48.4166 26.3867 0.329763 -0.943666 -0.0273896
-35.4604 49.0223 26.3624 0.333172 -0.942523 -0.0254331
-33.714 49.6428 26.3195 0.33487 -0.941919 -0.0255021
-31.9935 50.2542 26.2847 0.333209 -0.942561 -0.0234582
-29.8682 50.9993 26.2401 0.325301 -0.945321 -0.023406
-28.0121 51.6253 26.1628 0.31102 -0.95022 -0.0186873
-26.0433 52.2537 26.0696 0.290639 -0.956584 -0.0218444
-23.9611 52.8569 25.9482 0.260281 -0.965457 -0.012073
-21.9464 53.3763 25.8264 0.241781 -0.970266 -0.0112295
-19.8894 53.8602 25.6639 0.21003 -0.977637 -0.0106624
-18.0592 54.2289 25.5351 0.187155 -0.982279 -0.010012
-15.9907 54.5801 25.3619 0.155752 -0.987789 -0.00369583
-14.2369 54.8415 25.2267 0.13912 -0.990259 -0.00570955
-12.4539 55.0786 25.1243 0.125378 -0.992107 -0.00182143
-10.5957 55.3012 25.0642 0.113195 -0.993572 0.000962869
-8.4759 55.5288 25.0138 0.104545 -0.994502 0.00604185
-6.45817 55.7377 24.9698 0.103062 -0.994632 0.00919153
-4.66677 55.9235 24.9308 0.10799 -0.994042 0.0147748
-2.54668 56.1623 24.8886 0.114602 -0.993045 0.0269785
-0.55803 56.41 24.8676 0.141581 -0.989329 0.0343918
1.22303 56.6751 24.848 0.158364 -0.98586 0.054782
2.61185 56.9119 24.8015 0.189763 -0.979374 0.0693994
3.68751 57.2005 25.726 0.215496 -0.974384 0.0643249
1.73904 56.8081 25.7333 0.186434 -0.980667 0.0594606
-0.0389823 56.5191 25.7634 0.148794 -0.98828 0.0340966
-1.82521 56.2702 25.7845 0.130424 -0.99099 0.030457
-3.87453 56.0261 25.8329 0.113372 -0.993397 0.0175924
-5.96979 55.7977 25.8919 0.106967 -0.994208 0.0103834
-7.74928 55.6108 25.9272 0.10532 -0.994411 0.00735403
-9.50049 55.4265 25.9834 0.107897 -0.994152 0.00439799
-11.6392 55.18 26.0169 0.117228 -0.993092 0.00510737
-13.4816 54.9397 26.1286 0.129748 -0.991545 0.00177979
-15.3966 54.6675 26.2664 0.150792 -0.988547 -0.00610269
-17.3506 54.3535 26.4166 0.165277 -0.986243 -0.0027205
-19.4949 53.9301 26.5658 0.203452 -0.978997 -0.0130846
-21.4403 53.4907 26.7147 0.233667 -0.972218 -0.0138614
-23.4056 52.9934 26.8354 0.24856 -0.968512 -0.0142263
-25.1652 52.4996 26.9411 0.284648 -0.958541 -0.0132017
-26.8709 51.9771 27.0333 0.301778 -0.953222 -0.0172531
-28.551 51.4268 27.1076 0.318309 -0.94792 -0.0112683
-30.4703 50.7686 27.1928 0.329783 -0.943801 -0.0219749
-32.3693 50.0975 27.2472 0.335483 -0.941806 -0.0212777
-34.3195 49.4017 27.2926 0.334569 -0.942053 -0.0244988
-36.214 48.729 27.3459 0.332655 -0.942691 -0.0259683
-37.4471 48.2951 27.3632 0.328557 -0.944088 -0.0273656
-36.4364 48.6233 28.3277 0.3326 -0.942761 -0.0240743
-34.6362 49.2638 28.2682 0.334696 -0.942007 -0.0245307
-32.7655 49.934 28.2095 0.336659 -0.941377 -0.0217015
-31.1071 50.5262 28.1537 0.332491 -0.942904 -0.0195449
-29.3532 51.1376 28.0774 0.324723 -0.945674 -0.0159853
-27.6333 51.7165 27.9998 0.309308 -0.950785 -0.0183586
-25.8437 52.2855 27.9056 0.289946 -0.956868 -0.0182798
-24.1304 52.7854 27.802 0.267358 -0.963577 -0.00629257
-22.3622 53.2509 27.7029 0.240468 -0.970636 -0.0064588
-20.6637 53.6629 27.5817 0.225704 -0.974096 -0.0139492
-18.6112 54.1084 27.4391 0.202041 -0.979366 -0.00458266
-16.8733 54.431 27.3254 0.165272 -0.986244 -0.00272282
-15.0858 54.711 27.1892 0.149435 -0.988767 -0.00285313
-13.2279 54.974 27.0583 0.134654 -0.990892 0.00131483
-11.4476 55.207 26.9615 0.118134 -0.992988 0.00441101
-9.70822 55.4072 26.9221 0.109222 -0.993993 0.0069187
-7.97289 55.5938 26.862 0.10547 -0.994398 0.00693441
-5.83415 55.8219 26.8105 0.106965 -0.994209 0.0103879
-3.85966 56.0436 26.7512 0.118013 -0.992943 0.0117278
-1.95246 56.2768 26.7091 0.129449 -0.991277 0.0247638
0.132139 56.5812 26.6752 0.158403 -0.987192 0.0189713
2.04424 56.9219 26.6519 0.186434 -0.980666 0.0594606
4.11971 57.3807 26.6134 0.241332 -0.968614 0.0595444
5.10554 57.6252 26.5865 0.293798 -0.952487 0.0803157
5.90222 57.9684 27.4406 0.322836 -0.943243 0.0779015
4.22454 57.4613 27.5002 0.252946 -0.964864 0.0711095
2.41289 57.0394 27.569 0.197045 -0.979337 0.0455172
0.518103 56.6739 27.6005 0.179744 -0.982877 0.0405568
-1.44511 56.3663 27.6298 0.141229 -0.989871 0.0144892
-3.30496 56.1215 27.6648 0.120123 -0.992641 0.0152823
-5.21506 55.9003 27.722 0.109006 -0.99396 0.0127091
-7.24593 55.6782 27.7727 0.10697 -0.994224 0.00875179
-9.02503 55.4879 27.8291 0.108043 -0.994126 0.00638711
-10.7738 55.2935 27.8931 0.118821 -0.992883 0.00800724
-12.6297 55.0562 27.9685 0.132735 -0.99115 0.0018841
-14.4877 54.7985 28.0869 0.141514 -0.989932 -0.00304857
-16.4597 54.4951 28.2368 0.161764 -0.986814 -0.0055707
-18.2531 54.1749 28.3554 0.192361 -0.981259 -0.0112955
-19.9602 53.8159 28.4628 0.223681 -0.974662 -0.000830699
-22.2303 53.2775 28.613 0.240466 -0.970636 -0.00645843
-24.0079 52.8122 28.7167 0.265774 -0.963989 -0.00946316
-25.9042 52.2481 28.8292 0.292964 -0.955939 -0.0187758
-27.8336 51.6332 28.9377 0.31156 -0.95008 -0.0166862
-29.4854 51.0772 29.0195 0.325175 -0.945556 -0.0135774
-31.3879 50.4081 29.1084 0.335404 -0.941931 -0.0164348
-33.1382 49.7803 29.1745 0.338286 -0.940838 -0.0196455
-34.8827 49.1535 29.2494 0.336578 -0.941428 -0.020729
-36.3459 48.6312 29.3074 0.333837 -0.942345 -0.0232157
-35.8561 48.7829 30.2701 0.336392 -0.941445 -0.0228629
-34.1314 49.4033 30.1846 0.338348 -0.940845 -0.0182245
-32.1757 50.1086 30.0888 0.33889 -0.940675 -0.0168405
-30.3026 50.7776 29.9996 0.329099 -0.944213 -0.0124766
-28.5467 51.3814 29.9001 0.317901 -0.948032 -0.0132269
-26.8582 51.9376 29.8105 0.307338 -0.951533 -0.0113254
-25.1845 52.4547 29.7065 0.28666 -0.957964 -0.0114017
-23.2937 52.9973 29.6025 0.259058 -0.965801 -0.0108336
-21.508 53.4478 29.49 0.232708 -0.972547 1.45154e-06
-19.4579 53.9155 29.3648 0.206162 -0.978484 0.00813703
-17.742 54.2611 29.2588 0.185706 -0.982559 -0.00951701
-15.9516 54.5718 29.137 0.153544 -0.988138 -0.00268285
-14.1917 54.8393 29.0125 0.142872 -0.989741 -0.000700063
-12.314 55.0999 28.8961 0.1317 -0.99129 0.00016665
-10.5558 55.3206 28.8278 0.117948 -0.99302 0.000211494
-8.67908 55.5317 28.748 0.107845 -0.99414 0.00747215
-6.63908 55.7529 28.6934 0.109471 -0.993943 0.00971718
-4.79043 55.9587 28.6442 0.110238 -0.993835 0.0118287
-2.93569 56.1818 28.602 0.121973 -0.992423 0.0148262
-0.990695 56.4438 28.5649 0.143177 -0.98963 0.0115257
0.763844 56.7474 28.5321 0.189081 -0.98151 0.029776
2.73771 57.1522 28.4687 0.225805 -0.973124 0.0451944
4.76571 57.6695 28.3755 0.273572 -0.960422 0.0524141
6.69922 58.3091 28.2879 0.376027 -0.923901 0.0707795
7.55492 58.7152 28.2491 0.465529 -0.881824 0.0752927
8.61076 59.3961 28.9658 0.527141 -0.846848 0.0705007
7.04772 58.5399 29.1402 0.431767 -0.899354 0.0688408
5.12558 57.8345 29.2577 0.295434 -0.954713 0.0352428
3.41782 57.3609 29.338 0.25046 -0.967447 0.0362668
1.62008 56.9355 29.433 0.211043 -0.977168 0.0245618
-0.178837 56.5953 29.4982 0.170293 -0.985192 0.0199131
-1.91265 56.3275 29.5362 0.135542 -0.990616 0.0175375
-3.91237 56.0746 29.5691 0.123426 -0.992244 0.0147781
-6.00395 55.8328 29.6116 0.110797 -0.993787 0.0105802
-8.14341 55.5971 29.6641 0.110023 -0.993891 0.008653
-9.91713 55.3994 29.7397 0.115966 -0.993247 0.00343015
-11.745 55.1741 29.8209 0.129652 -0.991558 0.00146007
-13.5151 54.9386 29.9116 0.140113 -0.990124 0.00470175
-15.3882 54.6571 30.0345 0.153739 -0.988108 -0.00248216
-17.4705 54.3078 30.1731 0.179209 -0.983803 -0.00383409
-19.3654 53.939 30.2961 0.202465 -0.979252 -0.00858558
-21.1063 53.5427 30.3943 0.228766 -0.973468 -0.00518444
-22.8371 53.1093 30.4903 0.26455 -0.964353 -0.00602223
-24.7039 52.5893 30.5985 0.281649 -0.959484 -0.00806636
-26.4002 52.0699 30.6957 0.301164 -0.953479 -0.0133303
-28.1448 51.5031 30.8002 0.314516 -0.949191 -0.010748
-29.923 50.8987 30.9141 0.330262 -0.943824 -0.0110497
-31.8604 50.2066 31.0249 0.339836 -0.940372 -0.0145978
-33.6435 49.5614 31.1187 0.339443 -0.940449 -0.0182648
-35.3715 48.9356 31.2274 0.337916 -0.940966 -0.0199122
-35.6742 48.8269 31.2413 0.337395 -0.941138 -0.0205809
-35.7326 48.7871 32.2261 0.340366 -0.940157 -0.0160042
-33.9227 49.4437 32.1012 0.341009 -0.939967 -0.0132732
-32.2543 50.05 31.9981 0.340415 -0.940187 -0.0128855
-30.2665 50.7663 31.8784 0.333752 -0.942573 -0.0128802
-28.6136 51.3359 31.7587 0.317335 -0.948287 -0.00708076
-26.7088 51.9623 31.6323 0.302943 -0.952995 -0.00513223
-24.7988 52.5535 31.5213 0.282236 -0.959279 -0.0112628
-23.0213 53.0502 31.4261 0.262131 -0.964988 -0.00925543
-21.1314 53.5286 31.3241 0.231439 -0.972812 -0.00847305
-19.3959 53.9229 31.2287 0.207561 -0.978171 -0.0100306
-17.6825 54.2641 31.1219 0.177455 -0.984115 -0.00525425
-15.7309 54.6059 30.9974 0.16081 -0.986985 0.000152929
-13.9916 54.8721 30.885 0.145386 -0.989345 0.00770171
-12.2178 55.1159 30.7854 0.128281 -0.991727 0.00462976
-10.3704 55.3481 30.6985 0.120052 -0.992759 0.00401973
-8.44642 55.5715 30.6118 0.111768 -0.993708 0.00724532
-6.63811 55.7718 30.5578 0.110696 -0.993805 0.00991733
-4.6718 55.996 30.5289 0.115665 -0.993212 0.0122939
-2.86694 56.2206 30.507 0.124746 -0.992021 0.0182329
-1.03507 56.4785 30.4772 0.15448 -0.987679 0.0250215
0.88997 56.812 30.3893 0.193674 -0.980684 0.0273785
2.80854 57.2297 30.2895 0.229344 -0.973141 0.0199715
4.82205 57.7745 30.1768 0.293785 -0.955197 0.0359055
6.62424 58.4151 30.0664 0.419712 -0.906065 0.0537472
8.28341 59.2894 29.8921 0.507007 -0.860923 0.0419079
9.90839 60.3486 29.7031 0.595094 -0.803043 0.031375
10.1029 60.4919 29.682 0.595095 -0.803043 0.031375
10.8673 61.1157 30.4823 0.625998 -0.778997 0.035927
9.30986 59.9749 30.6577 0.548607 -0.833833 0.0612647
7.76007 59.047 30.8618 0.476909 -0.876176 0.0698162
5.96254 58.2242 31.0162 0.348323 -0.934122 0.0780162
4.24803 57.6431 31.1129 0.291424 -0.955379 0.0481942
2.37543 57.1582 31.242 0.226735 -0.973245 0.0372302
0.634591 56.7895 31.3564 0.176199 -0.984219 0.0163471
-1.17686 56.4814 31.436 0.163604 -0.986283 0.0218972
-2.90485 56.2309 31.4579 0.130844 -0.991257 0.017012
-4.72417 56.0008 31.4682 0.117972 -0.99294 0.0123954
-6.81419 55.7616 31.4966 0.110798 -0.993789 0.0103195
-8.87814 55.5282 31.5621 0.113465 -0.993513 0.00753571
-10.8822 55.2912 31.6614 0.123462 -0.99234 0.0042188
-12.798 55.0428 31.7593 0.132529 -0.991175 0.00298821
-14.8022 54.749 31.8779 0.15648 -0.987675 -0.00338336
-16.7347 54.4304 31.9945 0.173211 -0.984874 -0.00453551
-18.4572 54.108 32.1018 0.194456 -0.9809 -0.00470359
-20.5435 53.6606 32.2219 0.223991 -0.974522 -0.0116445
-22.5037 53.1807 32.3267 0.25846 -0.966 -0.0064905
-24.2852 52.686 32.4242 0.278842 -0.960263 -0.0119462
-26.3588 52.0687 32.5322 0.299016 -0.954224 -0.00681019
-28.2966 51.4348 32.6642 0.318438 -0.94791 -0.00794461
-30.2609 50.7546 32.8214 0.334225 -0.942433 -0.0107039
-31.9651 50.1421 32.9367 0.340264 -0.94026 -0.0114786
-33.6603 49.5255 33.0525 0.341639 -0.939743 -0.0129107
-35.5945 48.8215 33.1955 0.340842 -0.940023 -0.0135203
-35.6935 48.7856 33.2031 0.339794 -0.940384 -0.0147516
-35.9626 48.6747 34.2057 0.34215 -0.939572 -0.0117663
-34.0385 49.3758 34.048 0.341664 -0.939766 -0.0102681
-32.2717 50.0188 33.9142 0.340786 -0.940096 -0.00916616
-30.3644 50.7071 33.7692 0.335749 -0.941878 -0.011739
-28.6304 51.3129 33.6281 0.321972 -0.946691 -0.0105198
-26.9729 51.8624 33.5037 0.304229 -0.95253 -0.0114534
-25.2504 52.3949 33.3988 0.281792 -0.959357 -0.0151004
-23.404 52.9231 33.309 0.263322 -0.964685 -0.00670528
-21.5721 53.407 33.2112 0.233591 -0.972254 -0.0125688
-19.6985 53.8438 33.1041 0.213913 -0.976804 -0.00980245
-17.7508 54.2407 32.9967 0.190109 -0.981726 -0.00857159
-15.8609 54.5769 32.881 0.164344 -0.986394 0.00419882
-13.5227 54.9421 32.7434 0.144458 -0.989501 -0.00446076
-11.535 55.2098 32.6331 0.129604 -0.991554 0.00475852
-9.80808 55.4265 32.5341 0.120954 -0.992644 0.00535394
-8.05207 55.6312 32.4575 0.113262 -0.993525 0.00896588
-5.85505 55.8804 32.4172 0.114569 -0.993359 0.0105799
-4.00055 56.1016 32.407 0.124976 -0.992087 0.0120058
-1.96493 56.3758 32.4073 0.13772 -0.99032 0.017322
-0.181183 56.6661 32.3505 0.163233 -0.986381 0.0201805
1.56873 57.0015 32.2512 0.221171 -0.974871 0.026646
3.33182 57.4208 32.0885 0.241854 -0.969196 0.0465415
5.03104 57.939 31.9639 0.345971 -0.937289 0.0423378
6.72012 58.6185 31.8585 0.387696 -0.918343 0.0796139
8.48407 59.5185 31.6789 0.505784 -0.861225 0.0497349
9.67793 60.2747 31.5131 0.558931 -0.827311 0.0561457
7.17456 58.866 32.7074 0.443539 -0.895194 0.0436131
5.56576 58.1725 32.815 0.343394 -0.938437 0.0376396
3.54317 57.5168 32.9874 0.279565 -0.959753 0.0267966
1.40312 56.9932 33.2269 0.220146 -0.974978 0.0308863
-0.313259 56.6622 33.3024 0.166767 -0.985854 0.0167811
-2.05631 56.3794 33.3458 0.15241 -0.988111 0.0201774
-3.99884 56.1144 33.3521 0.128337 -0.991642 0.0132727
-5.75441 55.9026 33.3501 0.114982 -0.993305 0.0111431
-7.58345 55.6927 33.3767 0.113302 -0.993524 0.00857248
-9.53122 55.4667 33.4554 0.117397 -0.993058 0.00731403
-11.3175 55.2426 33.5592 0.129708 -0.991542 0.00447087
-13.1262 54.9988 33.6586 0.14524 -0.989396 0.000321304
-14.9256 54.7303 33.7655 0.151387 -0.988472 -0.00212703
-16.7322 54.427 33.8718 0.179309 -0.983793 -0.000393089
-18.8762 54.0094 33.9878 0.201334 -0.97947 -0.0101257
-20.6001 53.6257 34.085 0.229631 -0.973214 -0.0111067
-22.291 53.2138 34.1846 0.251681 -0.967782 -0.00740532
-24.0709 52.7312 34.274 0.277483 -0.960689 -0.00892351
-26.0796 52.1312 34.3859 0.28717 -0.957785 -0.0134492
-27.8731 51.5551 34.4969 0.311524 -0.950169 -0.0114556
-29.8684 50.8737 34.6724 0.332358 -0.943116 -0.00835916
-31.534 50.2767 34.8131 0.339791 -0.940448 -0.00998174
-33.5176 49.5555 34.9691 0.342308 -0.939543 -0.00920308
-35.242 48.9256 35.1242 0.3427 -0.939381 -0.0109616
-36.294 48.5414 35.2206 0.341265 -0.939925 -0.00890253
-36.8617 48.3271 36.2591 0.340107 -0.940374 -0.00490692
-34.9172 49.0345 36.0706 0.342145 -0.939611 -0.00826205
-33.2046 49.6605 35.8979 0.342454 -0.939504 -0.00751982
-31.4156 50.3109 35.7547 0.33864 -0.940875 -0.00878253
-29.4812 51.0009 35.5848 0.328925 -0.944292 -0.0109563
-27.5056 51.6639 35.4039 0.308975 -0.950999 -0.0116009
-25.7382 52.2213 35.2963 0.290934 -0.956627 -0.0149284
-23.7863 52.8033 35.1942 0.274822 -0.961479 -0.00553265
-21.8624 53.3202 35.0931 0.244648 -0.969605 -0.00369032
-20.0479 53.7532 34.9897 0.216427 -0.976298 0.00138548
-18.2465 54.1329 34.8906 0.197269 -0.980346 -0.00243379
-16.5163 54.4637 34.7926 0.175546 -0.984466 -0.00310597
-14.7181 54.7583 34.693 0.152205 -0.988339 -0.00433545
-12.9588 55.023 34.5892 0.142701 -0.989762 0.0028605
-10.9895 55.289 34.4724 0.126339 -0.991976 0.00459231
-8.84317 55.5546 34.3507 0.116473 -0.993173 0.00641476
-6.60339 55.8133 34.2893 0.11518 -0.993313 0.00794653
-4.84385 56.0208 34.2801 0.118829 -0.992859 0.0105517
-2.91642 56.2725 34.2866 0.13828 -0.990316 0.0123692
-0.77554 56.6 34.2498 0.165483 -0.986055 0.0176312
1.13178 56.9613 34.1971 0.207545 -0.977957 0.0229113
3.10619 57.4264 33.9813 0.261201 -0.964871 0.0282354
4.8316 57.9534 33.7894 0.335685 -0.940707 0.0488543
5.87347 58.3235 33.6761 0.411192 -0.911076 0.0293667
4.03403 57.7047 34.8087 0.265053 -0.964089 0.01673
2.04186 57.1864 35.0617 0.236197 -0.971624 0.012544
0.167203 56.7914 35.1646 0.189609 -0.981527 0.0255522
-1.67186 56.4671 35.1976 0.156737 -0.987522 0.0152987
-3.62204 56.187 35.2299 0.132071 -0.991161 0.0125188
-5.45938 55.9556 35.2003 0.118958 -0.992859 0.00894304
-7.76548 55.6849 35.2518 0.115694 -0.993259 0.00712501
-9.66815 55.4604 35.3319 0.120935 -0.992655 0.00342699
-11.4339 55.2352 35.4318 0.135596 -0.990761 0.00268059
-13.4219 54.9532 35.5566 0.149666 -0.988736 0.00114601
-15.346 54.6522 35.6675 0.158409 -0.987361 -0.00488089
-17.2432 54.3279 35.7839 0.187259 -0.982245 -0.0113193
-18.9714 53.9791 35.8658 0.205314 -0.978617 -0.0124412
-20.7533 53.585 35.9705 0.23134 -0.972827 -0.00943842
-22.4689 53.1627 36.0477 0.255634 -0.966769 -0.00307245
-24.4733 52.5935 36.1629 0.2802 -0.959862 -0.0123413
-26.5997 51.9459 36.2779 0.295977 -0.955181 -0.00518101
-28.3338 51.3846 36.4001 0.314877 -0.949086 -0.00944264
-30.0716 50.7819 36.5736 0.33196 -0.943247 -0.00941207
-31.7083 50.1974 36.7246 0.339223 -0.940687 -0.00605754
-33.4638 49.5581 36.8864 0.341813 -0.939744 -0.00674795
-35.2171 48.9183 37.0698 0.341991 -0.939688 -0.00532087
-37.2321 48.1885 37.2797 0.339107 -0.940741 -0.00370205
-37.268 48.1755 37.2836 0.33914 -0.940729 -0.00370422
-38.8306 47.611 38.4447 0.335814 -0.941928 -0.000495988
-37.1073 48.23 38.2476 0.338366 -0.941011 -0.00275597
-35.3704 48.8581 38.0546 0.340661 -0.940178 -0.00393596
-33.7246 49.4562 37.8739 0.341697 -0.939794 -0.00543046
-31.7998 50.1573 37.6836 0.341464 -0.939871 -0.00667149
-29.8944 50.8351 37.4942 0.330829 -0.943658 -0.00786019
-28.0535 51.4675 37.3194 0.316274 -0.948595 -0.0117631
-26.2151 52.0588 37.1848 0.294642 -0.955542 -0.0111698
-24.3443 52.6202 37.0981 0.281395 -0.959523 -0.011518
-22.436 53.1534 36.9889 0.247125 -0.968888 -0.0136152
-20.59 53.6097 36.9028 0.233854 -0.972147 -0.0155437
-18.7558 54.012 36.7971 0.204675 -0.978745 -0.0129264
-17.022 54.3564 36.7076 0.183035 -0.983016 -0.0133519
-14.8912 54.7252 36.5857 0.163985 -0.986413 -0.00990032
-13.1235 54.999 36.4804 0.149138 -0.988816 0.000482572
-11.3459 55.2504 36.3639 0.132113 -0.99123 0.00316406
-9.52692 55.4798 36.2477 0.123276 -0.992369 0.00276259
-7.45792 55.7274 36.1777 0.116824 -0.993136 0.00580376
-5.47421 55.962 36.1265 0.11957 -0.992786 0.00891601
-3.5069 56.2124 36.1542 0.133508 -0.991 0.00972525
-1.59379 56.4961 36.1239 0.165052 -0.986192 0.0134966
0.517935 56.8701 36.0791 0.199329 -0.979811 0.0154343
1.53472 57.0918 36.0224 0.208854 -0.977899 0.00965012
-0.208627 56.746 37.0335 0.176349 -0.984324 0.00262728
-2.00069 56.441 37.0553 0.16395 -0.986443 0.00715479
-3.85683 56.1765 37.0579 0.128336 -0.991706 0.00697753
-5.81097 55.9291 37.0528 0.121539 -0.992556 0.0078666
-7.59425 55.7154 37.1037 0.118091 -0.992992 0.0047047
-9.63737 55.4693 37.1879 0.121773 -0.992552 0.00331603
-11.5492 55.2247 37.3211 0.13048 -0.991451 -0.000424144
-13.3609 54.9617 37.4405 0.148364 -0.988923 -0.00442845
-15.6835 54.5839 37.5678 0.166884 -0.985938 -0.00866726
-17.5682 54.2438 37.6747 0.184413 -0.982834 -0.00543389
-19.631 53.8139 37.7846 0.211665 -0.977253 -0.0132075
-21.5348 53.3692 37.881 0.240378 -0.970591 -0.0130729
-23.2994 52.9063 37.9832 0.261179 -0.96511 -0.0186383
-25.0307 52.4057 38.0556 0.283892 -0.958772 -0.0127382
-27.022 51.7923 38.1636 0.300356 -0.953746 -0.0124464
-28.9382 51.1601 38.3505 0.321745 -0.946802 -0.00671222
-30.7869 50.5155 38.5311 0.33514 -0.942148 -0.00618182
-32.8233 49.7794 38.7408 0.340749 -0.940142 -0.00472542
-34.509 49.1672 38.9264 0.340902 -0.940091 -0.00384028
-36.3465 48.5013 39.1403 0.339556 -0.940583 -0.00219679
-38.0838 47.8767 39.3445 0.33581 -0.941929 -0.00113797
-39.9262 47.2206 39.5726 0.333215 -0.942851 -0.000156045
-41.9644 46.5051 39.8909 0.3289 -0.944363 -0.00185244
-43.7913 45.8724 40.2224 0.325383 -0.945573 -0.00416385
-45.6379 45.2353 40.6236 0.325344 -0.945575 -0.00622686
-47.2663 44.6739 40.9452 0.32519 -0.945614 -0.00809971
-48.024 44.4119 41.1085 0.32563 -0.945459 -0.00852641
-47.1037 44.7211 42.0251 0.325817 -0.945404 -0.00741383
-45.4275 45.3013 41.6713 0.325615 -0.945487 -0.00546902
-43.5093 45.965 41.2489 0.326907 -0.94505 -0.00361618
-41.8873 46.5299 40.9143 0.329086 -0.944297 -0.00248264
-40.2277 47.1128 40.6428 0.332363 -0.94315 -0.00188812
-38.5637 47.7041 40.3996 0.335793 -0.941934 -0.00199116
-36.4988 48.4442 40.132 0.338886 -0.940826 -0.00155869
-34.7195 49.0874 39.9216 0.340435 -0.940264 -0.00264843
-32.9609 49.725 39.708 0.339683 -0.940532 -0.00389589
-31.1218 50.3893 39.5163 0.338395 -0.940988 -0.00549144
-29.1946 51.0659 39.3146 0.323168 -0.946309 -0.0078831
-27.3037 51.6925 39.134 0.305334 -0.952199 -0.00938359
-25.3917 52.2874 39.0035 0.289132 -0.957193 -0.0135441
-23.3604 52.8706 38.9058 0.270882 -0.962572 -0.00888432
-21.3841 53.3922 38.8153 0.235852 -0.971652 -0.0162953
-19.6685 53.7957 38.7293 0.2221 -0.974977 -0.00959216
-17.6882 54.212 38.6178 0.193791 -0.981008 -0.00830068
-15.6434 54.5805 38.5047 0.168894 -0.985575 -0.0107875
-13.8242 54.882 38.4112 0.153625 -0.988063 -0.011463
-11.7585 55.1932 38.2782 0.144505 -0.989467 -0.00854401
-9.96446 55.4301 38.1504 0.127199 -0.991875 -0.00222007
-7.96353 55.6753 38.037 0.118902 -0.992903 0.0025638
-6.03089 55.9075 37.9697 0.120197 -0.992745 0.00305882
-4.07425 56.1515 37.9569 0.127318 -0.991857 0.00317358
-2.3891 56.3893 37.9395 0.153133 -0.988142 0.0112512
-3.63693 56.2113 38.8527 0.132279 -0.991211 -0.00171247
-5.67116 55.9534 38.8725 0.121246 -0.992622 0.00105065
-7.51661 55.7322 38.9357 0.119263 -0.992855 0.00380865
-9.33805 55.509 39.0427 0.127837 -0.991794 -0.00173281
-11.3817 55.24 39.1835 0.134484 -0.990913 -0.00226825
-13.3631 54.9512 39.3132 0.152182 -0.988341 -0.00470043
-15.483 54.6028 39.4286 0.169737 -0.985484 -0.00323506
-17.2304 54.2947 39.5342 0.184084 -0.982885 -0.00707521
-19.0669 53.9212 39.6333 0.21308 -0.977001 -0.00806183
-20.8334 53.5164 39.7298 0.238211 -0.971193 -0.00637869
-22.864 52.9972 39.8078 0.2607 -0.96539 -0.00756064
-24.5438 52.5294 39.8896 0.275748 -0.961182 -0.00963811
-26.2991 52.0023 39.9932 0.29571 -0.95521 -0.0114142
-28.0276 51.4484 40.1305 0.311566 -0.950208 -0.00564387
-29.7551 50.8672 40.3198 0.328884 -0.944354 -0.00559293
-31.4108 50.2795 40.4969 0.338151 -0.941074 -0.00583151
-33.0995 49.6708 40.696 0.338658 -0.940902 -0.00388441
-34.8353 49.0427 40.913 0.340135 -0.940372 -0.00287314
-36.4649 48.4545 41.1094 0.339178 -0.940719 -0.00230128
-38.3073 47.7935 41.3676 0.335799 -0.941932 -0.00198977
-40.2468 47.1044 41.6665 0.333354 -0.9428 -0.00179609
-42.0266 46.4786 41.9979 0.329349 -0.944207 -0.00164347
-43.8692 45.8357 42.4159 0.328079 -0.944639 -0.00459315
-45.5448 45.254 42.7784 0.326761 -0.945092 -0.00538077
-46.5279 44.9125 42.9939 0.327185 -0.94494 -0.00617404
-45.1242 45.3938 43.7522 0.327046 -0.944991 -0.00579028
-43.3987 45.9954 43.3726 0.329083 -0.944297 -0.00281223
-41.7444 46.5747 42.9834 0.330552 -0.943785 -0.00215064
-39.7882 47.2651 42.6166 0.333818 -0.942636 -0.00157604
-37.8841 47.9433 42.3118 0.336639 -0.941633 -0.00109725
-35.9652 48.6326 42.0298 0.339176 -0.940721 -0.00215881
-34.233 49.2576 41.817 0.339639 -0.940553 -0.00249162
-32.588 49.8513 41.6057 0.33845 -0.940978 -0.00357401
-30.8253 50.4847 41.3828 0.335828 -0.941911 -0.00488372
-29.1758 51.0627 41.1887 0.32481 -0.945757 -0.006536
-27.3691 51.6544 41.0026 0.303816 -0.952681 -0.00975487
-25.592 52.2122 40.8949 0.29629 -0.955065 -0.00793335
-23.4826 52.8222 40.77 0.269121 -0.963043 -0.0110385
-21.7367 53.2849 40.6978 0.242239 -0.970162 -0.0102929
-19.8151 53.7485 40.6165 0.220596 -0.975316 -0.00981035
-18.0059 54.1351 40.5104 0.197951 -0.980168 -0.00922495
-16.1476 54.4847 40.4172 0.183799 -0.982937 -0.00731173
-14.0793 54.8329 40.2847 0.158248 -0.98739 -0.00434956
-12.2144 55.1184 40.1728 0.147606 -0.98904 -0.00361523
-10.0226 55.4186 40.0222 0.128526 -0.991704 -0.00208377
-8.15646 55.6562 39.8899 0.118103 -0.992994 -0.00377533
-6.29034 55.8797 39.82 0.119395 -0.992847 0.000477717
-5.14241 56.0202 39.7966 0.122841 -0.992426 -7.28649e-05
-7.36618 55.7489 40.7746 0.120831 -0.99267 -0.00226013
-9.51261 55.4823 40.9125 0.12396 -0.992275 -0.00487359
-11.4531 55.2251 41.0388 0.139605 -0.990204 -0.00239177
-13.1849 54.9725 41.1716 0.15555 -0.987826 -0.00217027
-14.9687 54.6879 41.2797 0.161905 -0.986805 -0.00189112
-16.7749 54.3603 41.3889 0.183704 -0.982944 -0.00862164
-18.7173 53.9762 41.5038 0.207948 -0.978066 -0.012012
-20.4717 53.583 41.5836 0.234565 -0.971989 -0.0147429
-22.1946 53.1575 41.6517 0.251508 -0.96779 -0.011242
-24.3887 52.5608 41.7637 0.267884 -0.963428 -0.0067196
-26.4997 51.9228 41.8754 0.299968 -0.95391 -0.0087079
-28.2741 51.3565 42.0146 0.309949 -0.950733 -0.00619473
-29.9284 50.7956 42.2342 0.328084 -0.944629 -0.00615242
-31.6393 50.1886 42.4591 0.336282 -0.941754 -0.00373408
-33.4511 49.5373 42.6824 0.339096 -0.940748 -0.00255699
-35.1347 48.9298 42.9119 0.338946 -0.940804 -0.00213623
-37.0258 48.249 43.1942 0.337602 -0.941288 -0.00110793
-38.8114 47.6111 43.4859 0.33584 -0.941919 -0.000892287
-40.5297 47.0008 43.7713 0.333565 -0.942725 -0.00189728
-42.3412 46.3629 44.1877 0.330659 -0.943748 -0.00205778
-43.9741 45.7911 44.5785 0.329405 -0.944184 -0.00311379
-44.3684 45.6534 44.6472 0.329223 -0.944247 -0.00312238
-43.0012 46.1288 45.3975 0.330451 -0.94382 -0.00252023
-41.2549 46.7424 44.9721 0.331981 -0.943284 -0.00192591
-39.2684 47.4469 44.5791 0.335216 -0.942141 -0.000893039
-37.3745 48.1226 44.2711 0.336711 -0.941607 -0.0016582
-35.6871 48.7284 43.9649 0.338901 -0.94082 -0.0021819
-33.8263 49.3994 43.715 0.339025 -0.940774 -0.00247501
-31.7493 50.1455 43.435 0.335828 -0.941917 -0.00357675
-30.0814 50.7359 43.2153 0.328594 -0.944454 -0.00578171
-28.2164 51.3694 42.953 0.311098 -0.950368 -0.00443182
-26.4106 51.9426 42.8062 0.29387 -0.955812 -0.00805173
-24.3035 52.5777 42.7035 0.275667 -0.96121 -0.00912163
-22.6153 53.0349 42.6172 0.247592 -0.96875 -0.0148886
-20.8451 53.4781 42.5397 0.232591 -0.972454 -0.0153104
-19.1236 53.8733 42.4632 0.214249 -0.976638 -0.0166051
-17.4072 54.2344 42.3556 0.191903 -0.981352 -0.0110008
-15.4744 54.596 42.2564 0.179363 -0.983714 -0.0116036
-13.6999 54.8874 42.1448 0.156126 -0.987722 -0.00545248
-11.8352 55.1655 41.9976 0.140452 -0.990065 -0.00665689
-9.95996 55.4225 41.864 0.132319 -0.991205 -0.00227068
-9.06537 55.5372 41.7632 0.126148 -0.992011 0.000185926
-11.4428 55.2158 42.892 0.13886 -0.990306 -0.00354619
-13.2438 54.9539 43.0473 0.146517 -0.989198 -0.00450462
-15.1894 54.6339 43.1652 0.174109 -0.984632 -0.0136227
-16.9754 54.3061 43.2661 0.183446 -0.98296 -0.0117391
-18.7082 53.9525 43.3739 0.209837 -0.977633 -0.0141937
-20.565 53.5294 43.4702 0.227641 -0.973647 -0.0138541
-22.565 53.0383 43.5518 0.24918 -0.968424 -0.00800717
-24.3568 52.552 43.6545 0.28125 -0.95957 -0.011156
-26.6765 51.8525 43.7614 0.294315 -0.955669 -0.00870342
-28.4048 51.3035 43.9321 0.309841 -0.95077 -0.00591828
-30.4636 50.5972 44.2175 0.330485 -0.943794 -0.00571846
-32.2678 49.9564 44.4522 0.336328 -0.941738 -0.00367466
-33.9068 49.368 44.7132 0.338582 -0.940935 -0.00177258
-35.5705 48.7685 44.9515 0.338278 -0.941045 -0.00163434
-37.2066 48.1812 45.2584 0.336518 -0.941677 -0.0010779
-38.9867 47.5456 45.5676 0.335767 -0.941943 -0.00191674
-40.7269 46.9279 45.9094 0.333719 -0.942672 -0.00103336
-41.8689 46.5246 46.1762 0.332186 -0.943213 -0.00145396
-39.7409 47.2763 46.7667 0.333942 -0.942593 -0.00105414
-37.6308 48.028 46.3719 0.336316 -0.941748 -0.00140781
-35.6717 48.7303 46.0026 0.33778 -0.941224 -0.00146138
-33.9931 49.3349 45.7265 0.338912 -0.940816 -0.00174862
-32.1188 50.0082 45.4037 0.33451 -0.942389 -0.00255462
-30.3043 50.6474 45.1384 0.328886 -0.944354 -0.00544679
-28.5084 51.2627 44.9085 0.313317 -0.949623 -0.00700824
-26.6192 51.861 44.7079 0.298452 -0.954376 -0.00959813
-24.5277 52.4899 44.6171 0.279287 -0.960159 -0.00963478
-22.4758 53.0527 44.4958 0.250038 -0.968181 -0.0102801
-20.6018 53.5115 44.4062 0.22799 -0.973621 -0.00907052
-18.8552 53.9052 44.3191 0.208267 -0.97793 -0.0166664
-17.0707 54.2773 44.2045 0.183287 -0.983015 -0.00930511
-15.186 54.6272 44.0977 0.177787 -0.984029 -0.00881664
-13.4504 54.9179 43.9844 0.157392 -0.987523 -0.00501695
-12.92 54.9982 43.945 0.147039 -0.989124 -0.00352903
-14.8452 54.6807 45.0064 0.166954 -0.985924 -0.00897191
-16.7487 54.3295 45.1154 0.183905 -0.982921 -0.00674161
-18.7731 53.9147 45.2625 0.209838 -0.977692 -0.00925609
-20.5948 53.5102 45.3435 0.220441 -0.9754 0.000291543
-22.4723 53.0454 45.4421 0.252052 -0.967692 -0.0065482
-24.6826 52.4352 45.5728 0.279021 -0.960232 -0.0100658
-26.6575 51.8412 45.6706 0.292843 -0.956122 -0.00861576
-28.371 51.3008 45.8517 0.317068 -0.948382 -0.00622692
-30.119 50.7065 46.0508 0.321337 -0.946959 -0.00324473
-31.9789 50.0554 46.3412 0.333254 -0.942835 -0.00178835
-33.6556 49.4544 46.6674 0.33867 -0.940902 -0.00229361
-35.3352 48.8494 46.9568 0.338198 -0.941074 -0.00175421
-36.7616 48.3374 47.2261 0.336939 -0.941525 -0.00188633
-45.3165 45.6632 25.3203 0.323267 -0.946065 -0.0214161
-46.7835 45.1594 25.2919 0.325867 -0.945177 -0.0212539
-48.3801 44.6106 25.2101 0.326455 -0.94495 -0.0222747
-49.6022 44.1914 25.0921 0.326601 -0.944907 -0.0219508
-49.9976 44.0291 26.201 0.326062 -0.945095 -0.0218821
-48.366 44.5887 26.3782 0.326439 -0.944971 -0.0216233
-47.1286 45.015 26.4216 0.325866 -0.945197 -0.0203308
-48.4056 44.5494 27.5036 0.327657 -0.944549 -0.0216434
-49.8285 44.0613 27.3308 0.326257 -0.945026 -0.0219356
-50.3576 43.8804 27.2558 0.326199 -0.945045 -0.0219885
-49.9603 43.9896 28.4547 0.326339 -0.94498 -0.0227222
-49.079 44.2913 28.5724 0.327143 -0.944703 -0.0226693
-50.0256 43.7982 35.7197 0.324204 -0.945842 -0.0166003
-49.368 44.025 35.6404 0.323552 -0.94606 -0.0168479
-48.7151 44.2301 36.6805 0.323043 -0.946265 -0.0150561
-49.7728 43.8635 36.9393 0.324762 -0.945681 -0.0147549
-50.0312 43.756 38.1664 0.324921 -0.94564 -0.013871
-48.8132 44.1785 37.8529 0.323815 -0.946037 -0.0125816
-47.8075 44.5242 37.636 0.32212 -0.946591 -0.0142993
-46.8322 44.8451 38.5756 0.322074 -0.946653 -0.0107895
-48.1887 44.3791 38.8294 0.322857 -0.946374 -0.0118451
-49.6998 43.8556 39.2226 0.325275 -0.945546 -0.0117685
-48.9942 44.087 40.1946 0.325342 -0.945542 -0.0101794
-47.6902 44.5384 39.8864 0.324591 -0.945798 -0.0103335
-46.2266 45.042 39.6079 0.323657 -0.946131 -0.0091057
-44.9467 45.4805 39.3837 0.322552 -0.946519 -0.00786709
-31.1773 50.3352 47.1926 0.331033 -0.943617 -0.00208029
-28.8966 51.1186 46.8708 0.319233 -0.947674 -0.00196522
-26.1255 52.0036 46.5908 0.292463 -0.956276 0.000892981
-23.6385 52.7255 46.4735 0.265045 -0.964227 -0.00413177
-21.0855 53.3841 46.3309 0.227672 -0.973699 -0.00866369
-18.6483 53.9343 46.2022 0.213832 -0.976861 -0.00425416
-17.1052 54.2573 46.0786 0.190353 -0.981695 -0.00634015
-19.2118 53.8062 47.1764 0.211621 -0.977337 -0.00540344
-21.6268 53.2466 47.2965 0.245721 -0.969321 -0.00611423
-24.3008 52.5355 47.4351 0.270214 -0.9628 0.000713174
-26.7103 51.8215 47.596 0.298208 -0.954497 -0.00285118
-29.104 51.0467 47.87 0.319238 -0.947673 -0.00196842
-29.5859 50.8828 47.9303 0.323363 -0.946272 -0.00260111
