30.4076 66.9022 31.619 0.533766 0.834746 0.135254
29.6898 67.3381 31.7506 0.517999 0.842698 0.145537
29.0862 67.6759 31.8617 0.504068 0.849391 0.156365
28.7102 67.8906 31.9051 0.485866 0.858765 0.161441
28.0608 68.2589 31.8144 0.468802 0.867428 0.166715
28.0235 68.2975 31.7198 0.472127 0.865158 0.169107
28.6698 67.959 31.6626 0.485869 0.858763 0.16144
29.0492 67.7453 31.6041 0.503497 0.849749 0.156258
29.5668 67.4534 31.5209 0.518007 0.842693 0.145538
30.2416 67.0559 31.3233 0.531937 0.836 0.13471
31.0098 66.5794 31.2347 0.540984 0.831012 0.12904
31.3627 66.3375 31.2891 0.548199 0.827279 0.122828
31.0264 66.539 31.4187 0.533768 0.834745 0.135251
31.2774 66.334 31.693 0.540983 0.831012 0.129039
30.9093 66.547 31.8313 0.533768 0.834745 0.135251
30.1704 66.9966 31.9727 0.532849 0.835374 0.134984
29.5257 67.3697 32.1081 0.504068 0.849392 0.156362
28.9192 67.712 32.2039 0.503493 0.84975 0.156264
28.3761 67.9974 32.2886 0.468806 0.867425 0.166718
27.7459 68.3468 32.2428 0.470466 0.866293 0.167909
27.2815 68.6012 32.2381 0.456839 0.86981 0.184988
26.9698 68.7079 32.4634 0.443339 0.874016 0.198861
26.5635 68.8751 32.6349 0.389905 0.895997 0.2044
26.0704 69.0352 32.7248 0.336562 0.91794 0.210031
25.3941 69.2818 32.7309 0.363077 0.900081 0.237208
24.8536 69.4808 32.8131 0.318154 0.907474 0.26889
24.2638 69.5549 33.1807 0.292864 0.922719 0.250641
23.5509 69.7393 33.3351 0.271285 0.926998 0.257959
23.0568 69.8727 33.3568 0.265398 0.934094 0.238814
22.7011 69.8974 33.6554 0.186839 0.938548 0.276747
22.1723 69.9453 33.7617 0.168771 0.947758 0.270685
21.7245 70.0275 33.7532 0.112922 0.954494 0.270234
21.0796 70.1233 33.5479 0.0569326 0.961245 0.269755
21.1619 70.1626 33.3908 0.0750376 0.955079 0.285615
21.6928 70.167 33.2631 0.0569976 0.961236 0.269772
22.1416 70.0971 33.2495 0.13819 0.945341 0.292927
22.7002 70.0866 32.9165 0.257548 0.93269 0.252033
23.172 70.0051 32.7586 0.249705 0.931284 0.26525
23.7931 69.8559 32.6229 0.282011 0.919467 0.272818
24.4975 69.6956 32.4731 0.271153 0.916217 0.294996
24.932 69.5735 32.3518 0.365159 0.898724 0.242805
25.5683 69.3674 32.1579 0.365159 0.898724 0.242805
26.0158 69.2141 32.0407 0.389637 0.882194 0.264416
26.4509 69.0494 32.0531 0.336473 0.917975 0.210019
26.9173 68.8651 31.8895 0.442441 0.87424 0.19987
27.8411 68.4395 31.5026 0.472127 0.865158 0.169107
28.2833 68.2229 31.3764 0.470463 0.866293 0.167916
28.7878 67.9502 31.3303 0.502929 0.850105 0.156154
29.4133 67.5973 31.2342 0.518007 0.842693 0.145538
29.7674 67.3864 31.1447 0.531938 0.835999 0.134713
30.4597 66.9766 30.9543 0.532854 0.835371 0.13498
30.8269 66.7471 30.9215 0.540984 0.831012 0.12904
31.3953 66.3644 30.9619 0.548199 0.827279 0.122829
31.7634 66.1223 30.9024 0.572213 0.810911 0.122454
32.2559 65.8083 30.68 0.563765 0.817545 0.116799
32.62 65.5639 30.6735 0.555441 0.824103 0.111089
33.2011 65.1358 30.8451 0.573307 0.813335 0.0990262
33.5307 64.9053 30.8191 0.57773 0.810238 0.0987047
33.8866 64.6624 30.7301 0.577729 0.810239 0.0987048
34.2767 64.3971 30.6411 0.570445 0.815954 0.0938712
34.7863 64.0314 30.6629 0.587013 0.804926 0.0866624
35.3297 63.6247 30.7599 0.587014 0.804925 0.0866618
35.9672 63.1777 30.6888 0.573186 0.815754 0.0774824
36.5542 62.7798 30.4242 0.585423 0.807346 0.0739722
36.3642 62.87 30.9435 0.585425 0.807345 0.0739741
36.0127 63.1175 30.9858 0.5731 0.815813 0.0775001
35.4973 63.4703 31.0844 0.573263 0.815701 0.0774685
34.6895 64.0437 31.2041 0.578721 0.810446 0.0902646
34.2749 64.3173 31.3457 0.570429 0.815966 0.0938669
33.8485 64.6091 31.4004 0.570461 0.815942 0.0938776
33.3625 64.9507 31.4306 0.575814 0.811578 0.0988596
33.0256 65.1675 31.5857 0.555018 0.824352 0.111353
32.4833 65.5218 31.6686 0.555317 0.824178 0.111151
32.1418 65.7523 31.6654 0.55532 0.824176 0.111149
31.7778 66.0033 31.6229 0.563767 0.817543 0.116801
31.5578 66.1644 31.5841 0.560206 0.819096 0.12264
31.5354 66.1229 31.9636 0.560206 0.819096 0.12264
30.7921 66.5551 32.2438 0.533768 0.834745 0.135251
30.0736 67.0032 32.3135 0.532849 0.835374 0.134984
29.4524 67.351 32.4461 0.504068 0.849392 0.156362
28.848 67.6937 32.5326 0.503493 0.84975 0.156264
28.4443 67.9005 32.6013 0.469932 0.868596 0.156859
28.0487 68.1078 32.6422 0.471056 0.869775 0.14696
27.5709 68.3683 32.6317 0.439314 0.88319 0.16005
27.0023 68.585 32.9312 0.443412 0.873987 0.198827
26.5673 68.7784 33.0514 0.389905 0.895997 0.2044
25.6751 69.0845 33.143 0.336562 0.91794 0.210031
25.1212 69.2732 33.2059 0.34427 0.917918 0.196633
24.6957 69.3636 33.4288 0.287981 0.936131 0.201806
24.2089 69.4662 33.6475 0.287994 0.936134 0.201773
23.8243 69.5846 33.6474 0.288007 0.936136 0.201744
23.4509 69.6408 33.8319 0.248439 0.940366 0.232358
22.8851 69.7431 34.0545 0.186839 0.938548 0.276747
22.1567 69.8409 34.137 0.168771 0.947758 0.270685
21.7084 69.9202 34.1391 0.112922 0.954494 0.270234
21.0663 69.9608 34.1298 0.0569326 0.961245 0.269755
20.5624 70.0213 34.0206 0.0750352 0.955083 0.285603
20.0706 70.098 33.9194 0.0732928 0.949511 0.305053
19.6647 70.1228 33.8619 0.0221476 0.945298 0.325457
19.9805 70.1622 33.7414 0.0736156 0.949572 0.304785
20.6998 70.2226 33.3446 0.0931423 0.948917 0.301465
21.6208 70.2707 32.9087 0.0750376 0.955079 0.285615
22.0641 70.2433 32.838 0.108273 0.943001 0.314683
22.7967 70.1447 32.6218 0.249706 0.931284 0.265249
23.3234 70.0423 32.4853 0.271287 0.927001 0.257946
23.9282 69.9222 32.2926 0.271153 0.916217 0.294996
24.5243 69.8042 32.1114 0.318156 0.90747 0.268901
25.2859 69.5441 31.9287 0.365159 0.898724 0.242805
26.215 69.2295 31.6959 0.377416 0.890445 0.253632
26.5932 69.0881 31.6321 0.443401 0.873992 0.198832
27.5135 68.6466 31.3576 0.472129 0.865157 0.169104
28.4863 68.1761 31.0491 0.470463 0.866293 0.167916
28.8584 67.9683 31.0043 0.502929 0.850105 0.156154
29.2597 67.7412 30.9475 0.518007 0.842693 0.145538
29.8671 67.3795 30.7939 0.531938 0.835999 0.134713
30.5557 66.97 30.6161 0.532854 0.835371 0.13498
31.1 66.6182 30.571 0.548199 0.827279 0.122829
31.6188 66.2776 30.5495 0.560207 0.819095 0.122642
31.9907 66.0295 30.454 0.572213 0.810911 0.122454
32.4407 65.733 30.3155 0.563765 0.817545 0.116799
32.9275 65.3914 30.3302 0.573308 0.813334 0.099025
33.3597 65.0821 30.3685 0.573603 0.813126 0.0990208
33.8023 64.7745 30.3027 0.57773 0.810238 0.0987047
34.3295 64.4092 30.2157 0.577617 0.810328 0.0986241
35.0658 63.8784 30.1912 0.587013 0.804926 0.0866624
35.7935 63.3469 30.1986 0.586906 0.805014 0.0865674
36.2652 63.0152 30.1422 0.583368 0.808814 0.0741276
36.5888 62.7874 30.0617 0.586518 0.806655 0.072834
37.3794 62.1966 30.0192 0.606591 0.793905 0.0419873
37.9565 61.7578 29.9778 0.594477 0.802976 0.0399258
38.5976 61.2953 30.037 0.582366 0.812045 0.0378592
39.4289 60.6966 30.0906 0.58248 0.811947 0.0381961
39.7539 60.4609 30.1012 0.567632 0.822831 0.026694
40.6461 59.8362 30.1551 0.573684 0.818778 0.0221054
41.5768 59.1849 30.1246 0.565592 0.824465 0.014318
41.9722 58.9255 30.1176 0.544332 0.838819 0.00923887
42.6636 58.4686 30.1397 0.551941 0.83387 -0.00465579
43.4653 57.9384 30.2184 0.551922 0.833883 -0.00466109
44.0267 57.5829 30.1936 0.534313 0.845274 -0.00476547
44.6237 57.2061 30.2966 0.536191 0.844086 -0.00164067
44.4283 57.3303 30.61 0.538083 0.84289 0.00149755
43.8822 57.6771 30.7124 0.534334 0.84526 -0.0047793
43.4796 57.9318 30.7363 0.543134 0.839568 -0.00472761
43.0866 58.1924 30.8159 0.551951 0.833863 -0.00468124
42.6916 58.4501 30.9057 0.544332 0.838819 0.00924234
42.1177 58.821 31.0393 0.544405 0.838773 0.00916197
41.7163 59.0836 31.0989 0.557368 0.83024 0.00651924
41.264 59.3867 31.1767 0.557504 0.830148 0.00653171
40.8212 59.6834 31.2731 0.565596 0.824462 0.0143186
40.4216 59.9634 31.272 0.573511 0.818897 0.02221
40.0618 60.2095 31.3444 0.5656 0.824237 0.0270207
39.677 60.4728 31.3601 0.56542 0.824345 0.0275068
39.3137 60.7292 31.2788 0.572411 0.81944 0.0293755
38.7266 61.1454 31.2526 0.581087 0.812568 0.0450194
38.1481 61.5593 31.2279 0.579579 0.813287 0.0515055
37.8029 61.8118 31.1249 0.581868 0.811616 0.0519542
37.4674 62.0509 31.1844 0.588465 0.80632 0.0596354
37.0604 62.3492 31.1679 0.588464 0.80632 0.0596401
36.5604 62.6867 31.4115 0.578007 0.813381 0.0657244
36.2177 62.9279 31.4643 0.57661 0.813456 0.0762233
35.6452 63.3228 31.5439 0.573262 0.815702 0.0774675
35.1364 63.6737 31.614 0.579899 0.810505 0.081897
34.8021 63.9119 31.6654 0.578721 0.810446 0.0902646
34.4422 64.1568 31.7241 0.570429 0.815966 0.0938669
34.006 64.4515 31.813 0.570442 0.815956 0.0938705
33.5204 64.7819 31.8923 0.573999 0.813168 0.0962214
33.189 65.0076 31.955 0.555015 0.824353 0.111356
32.2898 65.6007 32.0503 0.555317 0.824178 0.111151
32.2399 65.6344 32.0498 0.55532 0.824176 0.111149
31.9563 65.9305 31.2708 0.563767 0.817543 0.116801
32.0187 65.9186 31.0579 0.572212 0.810912 0.122454
32.7117 65.4536 31.033 0.555441 0.824103 0.111089
32.9086 65.3023 31.1711 0.564168 0.81884 0.105188
32.0437 65.8702 31.281 0.55532 0.824176 0.111149
41.0843 59.5098 30.8731 0.565596 0.824462 0.0143186
40.3272 60.0431 30.7669 0.573712 0.81876 0.0220802
39.8607 60.3619 30.9021 0.56568 0.82419 0.0267754
39.5471 60.5795 30.8789 0.572131 0.819717 0.0270388
39.207 60.8157 30.9152 0.581719 0.812469 0.0357421
38.8179 61.096 30.913 0.582596 0.811848 0.0385364
38.2013 61.5457 30.7626 0.582482 0.811946 0.0382005
37.8716 61.7891 30.6127 0.594478 0.802974 0.0399301
37.3308 62.1851 30.7533 0.586916 0.80637 0.0727836
36.8515 62.5269 30.8315 0.586722 0.80651 0.0727975
36.5609 62.7755 30.4187 0.586522 0.806652 0.0728272
37.154 62.3529 30.32 0.596751 0.800139 0.0573857
37.7988 61.86 30.3249 0.606589 0.793906 0.0419898
38.7194 61.1961 30.2916 0.582365 0.812045 0.037859
39.3651 60.7258 30.4417 0.58693 0.808551 0.0414747
39.7344 60.4649 30.3896 0.567632 0.822831 0.026694
40.034 60.2525 30.6058 0.56623 0.823821 0.0264906
41.0865 59.5176 30.5256 0.573683 0.818779 0.0221066
41.5782 59.1799 30.6533 0.557502 0.83015 0.00652907
41.1868 59.4411 30.8608 0.557505 0.830148 0.00653014
42.0161 58.8916 30.6184 0.544405 0.838773 0.00916197
42.3408 58.6816 30.5484 0.544384 0.838786 0.00917455
44.9469 57.003 30.4273 0.51914 0.854685 -0.00260707
45.0607 56.9337 30.3711 0.51914 0.854685 -0.00260707
