-2.8372 74.5393 -38.6047 -0.519607 0.844157 0.131076
-3.38781 74.2399 -38.8092 -0.50912 0.851798 0.123437
-3.8069 73.9625 -38.6232 -0.506495 0.853423 0.122973
-4.27194 73.6734 -38.5261 -0.509261 0.852796 0.115726
-4.41051 73.5551 -38.264 -0.506608 0.853878 0.119248
-3.88064 73.8572 -38.1927 -0.503946 0.854966 0.122769
-3.39893 74.1361 -38.1379 -0.509042 0.851885 0.12316
-2.79651 74.4733 -37.9999 -0.499684 0.855413 0.13618
-2.1563 74.7967 -37.7013 -0.499216 0.855071 0.140134
-1.48163 75.1717 -37.5862 -0.501214 0.853074 0.144976
-1.90524 75.0107 -38.0941 -0.503212 0.851077 0.149819
-2.45561 74.7462 -38.4403 -0.503276 0.851061 0.149697
-2.62425 74.6559 -38.4938 -0.516717 0.84378 0.144145
-2.53695 74.7728 -38.8654 -0.516717 0.84378 0.144145
-2.02396 75.0476 -38.7026 -0.503276 0.851061 0.149697
-1.35826 75.3971 -38.4521 -0.503212 0.851077 0.149819
-0.827319 75.6673 -38.1999 -0.504578 0.850297 0.149655
-0.660826 75.5739 -37.1697 -0.490529 0.858061 0.151869
-1.15294 75.2731 -37.0602 -0.496383 0.854771 0.151538
-1.65182 74.9906 -37.0872 -0.496226 0.855799 0.146028
-2.4358 74.567 -37.2954 -0.496977 0.856446 0.139668
-2.86755 74.3279 -37.3565 -0.494738 0.857821 0.139201
-3.39801 74.0446 -37.5332 -0.504624 0.853008 0.133163
-4.13125 73.635 -37.6741 -0.503952 0.854925 0.123028
-4.67003 73.3267 -37.7388 -0.498476 0.858757 0.118279
-5.36234 72.9441 -37.903 -0.503438 0.858962 0.0934593
-5.92478 72.6459 -38.1923 -0.501042 0.860319 0.0938134
-6.74235 72.1701 -38.1679 -0.498647 0.861675 0.0941668
-7.39856 71.8247 -38.4817 -0.507166 0.858401 0.0736731
-7.33979 71.8911 -38.9804 -0.516615 0.854594 0.0527031
-7.743 71.6262 -38.4722 -0.480124 0.876375 0.037721
-8.22042 71.3548 -38.2887 -0.48127 0.875536 0.042612
-8.75102 71.0662 -38.3508 -0.48127 0.875536 0.0426118
-9.29986 70.7776 -38.6207 -0.459652 0.886703 0.0434221
-9.89542 70.4833 -38.544 -0.438063 0.897855 0.0442372
-10.6766 70.0942 -39.0465 -0.441629 0.897088 0.000677805
-11.1638 69.8617 -38.9276 -0.415638 0.909353 -0.00360442
-12.2656 69.3756 -39.1424 -0.401631 0.915721 -0.01215
-11.3528 69.7738 -39.3031 -0.415642 0.909351 -0.00361027
-10.6743 70.0968 -39.339 -0.429645 0.902984 0.00493683
-10.0187 70.4296 -38.8995 -0.453617 0.891189 -0.0035826
-9.53482 70.6746 -39.2317 -0.461528 0.88701 0.00588327
-9.06472 70.9351 -39.291 -0.48718 0.872863 0.0248285
-8.6263 71.1717 -39.2151 -0.478977 0.877213 0.0328299
-8.20116 71.4128 -39.4556 -0.478977 0.877213 0.0328298
-7.2451 71.9781 -39.4632 -0.517548 0.854059 0.0522284
-6.47927 72.4401 -39.463 -0.515685 0.855126 0.0531862
-5.93139 72.7787 -39.5102 -0.539201 0.838119 0.0824942
-5.45877 73.081 -39.5223 -0.52532 0.844651 0.102473
-4.83988 73.4554 -39.4729 -0.520939 0.846281 0.11149
-4.19215 73.84 -39.4028 -0.509261 0.852796 0.115726
-3.78842 74.0673 -39.2707 -0.515998 0.847825 0.121955
-3.18727 74.4169 -39.204 -0.50912 0.851798 0.123437
-3.18474 74.4183 -39.2029 -0.519607 0.844157 0.131076
-3.0563 74.5926 -39.7631 -0.530092 0.836517 0.138718
-3.56564 74.2856 -39.8585 -0.519606 0.844157 0.131083
-4.01427 74.0236 -39.9447 -0.522877 0.843852 0.120472
-4.65791 73.6385 -40.0123 -0.525316 0.844652 0.102483
-5.29882 73.2307 -39.9659 -0.529701 0.843019 0.0934688
-5.96058 72.8067 -39.9797 -0.542073 0.836155 0.0836769
-6.45123 72.5009 -40.0691 -0.536335 0.840081 0.0812954
-6.94845 72.1958 -40.085 -0.51662 0.85459 0.0527072
-7.49209 71.8666 -40.0874 -0.517548 0.854059 0.0522284
-8.21776 71.4283 -40.1125 -0.498261 0.865637 0.0425282
-8.81246 71.0912 -39.9218 -0.495382 0.868512 0.0168277
-9.2546 70.8343 -39.6744 -0.495377 0.868515 0.0168329
-9.84555 70.519 -39.7878 -0.469435 0.882833 0.0153624
-10.4297 70.2163 -39.9103 -0.441629 0.897088 0.000677807
-10.9325 69.9768 -39.852 -0.429645 0.902984 0.00493683
-11.5962 69.6607 -39.7865 -0.415642 0.909351 -0.00361027
-12.1456 69.4154 -39.7155 -0.416352 0.908843 -0.0256207
-13.1169 69.0026 -39.5824 -0.376334 0.926409 -0.0117973
-13.9441 68.6678 -39.4853 -0.372863 0.927747 -0.0152432
-14.4206 68.4863 -39.0895 -0.383493 0.92292 -0.0285843
-14.911 68.2911 -39.0693 -0.335435 0.941764 -0.023734
-15.6622 68.021 -39.1711 -0.335437 0.941764 -0.0237287
-16.3444 67.7814 -39.0354 -0.335768 0.941666 -0.022871
-16.8554 67.5983 -38.8786 -0.326054 0.945313 -0.00262069
-17.5692 67.3582 -38.6889 -0.318756 0.947837 -0.0001434
-18.5575 67.0259 -38.3836 -0.3147 0.949142 -0.00624292
-19.0875 66.8672 -38.2057 -0.287451 0.957626 -0.0117407
-19.8946 66.6148 -37.9575 -0.300358 0.953808 -0.00594273
-20.4917 66.4289 -37.6196 -0.300358 0.953808 -0.00594297
-20.5516 66.412 -37.3692 -0.294948 0.955426 -0.0129073
-19.8953 66.6179 -37.4351 -0.300303 0.953826 -0.00590295
-19.4219 66.7662 -37.5268 -0.299263 0.954154 -0.00553627
-18.7846 66.9657 -37.5819 -0.287451 0.957626 -0.0117291
-18.2433 67.139 -37.583 -0.310642 0.950447 -0.0123422
-17.5417 67.3677 -37.6348 -0.314699 0.949142 -0.00624321
-16.6226 67.6878 -37.5488 -0.333347 0.94279 -0.00509309
-15.9372 67.9297 -37.6158 -0.338801 0.940832 -0.00169446
-15.4702 68.101 -37.6388 -0.343652 0.939094 0.00235129
-14.8749 68.3187 -37.5727 -0.343753 0.939057 0.00226059
-14.356 68.5153 -37.6522 -0.370293 0.928809 0.0140511
-13.8132 68.7336 -37.772 -0.370539 0.928704 0.0144918
-13.2667 68.9532 -37.8748 -0.370518 0.928712 0.0145309
-12.8127 69.1391 -38.0362 -0.37652 0.926348 0.0105882
-11.9829 69.5044 -38.1442 -0.400905 0.915678 0.0284207
-11.4749 69.7268 -38.1418 -0.400905 0.915678 0.0284208
-10.9608 69.9513 -38.1257 -0.40865 0.912307 0.024827
-10.395 70.2144 -38.0335 -0.437844 0.897983 0.0437979
-9.50268 70.6431 -37.898 -0.438056 0.897858 0.0442397
-8.91195 70.9474 -37.7275 -0.481256 0.875544 0.0426034
-8.20648 71.3349 -37.7223 -0.469194 0.880997 0.0574915
-7.64954 71.6341 -37.8739 -0.456266 0.886817 0.073331
-6.61196 72.1811 -37.5284 -0.492655 0.866538 0.0800186
-6.13386 72.456 -37.5618 -0.495651 0.864107 0.0870928
-5.58352 72.7538 -37.3886 -0.497414 0.860245 0.112058
-5.11266 73.0055 -37.2306 -0.497594 0.860162 0.111895
-4.46939 73.357 -37.0979 -0.492991 0.862593 0.113548
-3.96078 73.6452 -37.047 -0.500386 0.856733 0.124914
-3.49871 73.8974 -36.9439 -0.495792 0.858472 0.131132
-2.7622 74.29 -36.7453 -0.494075 0.858742 0.135842
-2.3099 74.5498 -36.7419 -0.496977 0.856446 0.139668
-1.74581 74.8429 -36.5595 -0.493236 0.856527 0.151922
-1.18912 75.144 -36.4499 -0.493706 0.856267 0.151861
-0.70743 75.419 -36.4149 -0.491216 0.85689 0.156073
-0.256153 75.6942 -36.5296 -0.48391 0.860236 0.1607
0.230258 75.9597 -36.4825 -0.485583 0.859682 0.158606
1.02659 76.3328 -36.0632 -0.48662 0.858991 0.159168
1.52938 76.5733 -35.824 -0.486539 0.859026 0.15923
2.23523 76.9049 -35.4243 -0.49178 0.856288 0.15787
2.69758 77.1343 -35.2291 -0.491356 0.856405 0.158559
3.20502 77.3728 -34.9448 -0.491288 0.856456 0.158489
3.75742 77.6226 -34.5754 -0.497069 0.853259 0.157646
4.22976 77.8536 -34.3385 -0.495033 0.851177 0.17447
4.70867 78.0784 -34.0763 -0.495047 0.851165 0.17449
5.14289 78.2757 -33.7989 -0.495884 0.849993 0.17772
5.69542 78.5798 -33.7188 -0.494257 0.849911 0.182652
5.19903 78.4042 -34.2693 -0.497528 0.850067 0.172779
4.76474 78.2029 -34.5248 -0.494988 0.851184 0.174563
4.36451 78.0545 -34.9898 -0.500251 0.851903 0.154951
3.90403 77.8755 -35.4717 -0.493576 0.853371 0.16759
3.37384 77.6181 -35.7128 -0.493263 0.852127 0.174843
2.91931 77.427 -36.1774 -0.507173 0.849838 0.14336
2.46709 77.2507 -36.6628 -0.482004 0.863109 0.150511
1.75274 76.959 -37.2386 -0.479881 0.862971 0.158099
1.37204 76.8002 -37.5275 -0.482443 0.861443 0.158602
0.570772 76.4253 -37.9616 -0.489042 0.857946 0.157375
-0.304814 76.0633 -38.7091 -0.490654 0.856941 0.157818
-0.755219 75.8249 -38.8524 -0.504578 0.850297 0.149655
-1.39039 75.49 -39.0877 -0.503275 0.851061 0.149697
-2.07159 75.1295 -39.3286 -0.503339 0.851045 0.149575
-2.76776 74.7414 -39.5582 -0.530095 0.836515 0.138717
-5.50267 72.9625 -38.8283 -0.512189 0.852622 0.102475
-4.88437 73.3468 -38.8561 -0.52094 0.846281 0.11149
-5.20297 73.0963 -38.4433 -0.512189 0.852622 0.102475
-5.45124 72.9615 -38.542 -0.503438 0.858962 0.0934593
-14.8042 68.3418 -38.5685 -0.366517 0.929258 -0.0311045
-14.0067 68.6655 -38.3596 -0.369976 0.928891 -0.0021234
-14.6125 68.4216 -38.2148 -0.37043 0.928751 0.0142357
-15.3845 68.1342 -38.602 -0.340181 0.940221 -0.0101593
-15.3634 68.1414 -38.6159 -0.335771 0.941665 -0.0228834
-13.5703 68.8252 -39.0476 -0.372863 0.927747 -0.0152432
-12.9778 69.0656 -39.0659 -0.376334 0.926409 -0.0117971
-13.4149 68.8906 -38.8657 -0.372866 0.927746 -0.0152398
-13.7977 68.7455 -38.5148 -0.369395 0.929085 -0.0186804
-13.6425 68.7977 -38.9876 -0.369391 0.929086 -0.0186837
0.0171796 76.0409 -37.5865 -0.490653 0.856941 0.157823
-0.68678 75.7388 -38.1422 -0.49227 0.855934 0.158261
-0.103722 76.0493 -38.008 -0.490654 0.856941 0.157818
0.158453 76.147 -37.7256 -0.48904 0.857946 0.157378
1.59246 76.7469 -36.5676 -0.48244 0.861444 0.158611
2.25553 77.022 -35.9976 -0.48413 0.863244 0.142926
1.63416 76.73 -36.3479 -0.491848 0.856247 0.157885
1.47243 76.709 -36.7284 -0.485861 0.859336 0.15962
-21.7707 66.0526 -37.1175 -0.284567 0.958592 -0.0108127
-22.4886 65.8407 -36.8488 -0.286886 0.957897 -0.0114047
-22.6063 65.8042 -36.9581 -0.286892 0.957895 -0.0113714
-21.8462 66.0291 -37.1876 -0.286891 0.957896 -0.0113791
-21.7476 66.0583 -37.2208 -0.284568 0.958592 -0.0108291
5.95375 78.6799 -33.4994 -0.488598 0.851923 0.188413
6.09705 78.7822 -33.5739 -0.531275 0.827056 0.183647
6.57278 79.0178 -33.2591 -0.510083 0.836365 0.198873
7.05824 79.2398 -33.0245 -0.491825 0.843725 0.215025
7.42277 79.3573 -32.6517 -0.491822 0.843726 0.215028
6.90269 79.0949 -32.8095 -0.489001 0.845636 0.213955
6.49232 78.929 -33.0919 -0.510074 0.836366 0.198895
6.04633 78.72 -33.4408 -0.509937 0.839489 0.18603
10.815 80.6663 -30.7576 -0.436544 0.862375 0.256217
10.077 80.3853 -31.1561 -0.465064 0.852995 0.236885
10.5149 80.5797 -30.9964 -0.46509 0.852978 0.236898
10.5721 80.602 -30.9642 -0.455117 0.855517 0.246499
9.47235 80.1738 -31.5588 -0.445467 0.860647 0.246544
8.92219 79.9407 -31.7247 -0.441073 0.861063 0.253034
8.21006 79.6748 -32.1363 -0.477643 0.845281 0.239493
8.609 79.8734 -32.0416 -0.459359 0.853171 0.246265
8.94462 79.9936 -31.8656 -0.441064 0.861068 0.253029
