-18.0309 69.0158 -63.1646 -0.349288 0.93689 0.0152658
-18.4696 68.8559 -63.2991 -0.346259 0.937988 0.0166656
-18.1241 68.9785 -63.0174 -0.348539 0.937144 0.0167726
-18.5401 68.8206 -62.8324 -0.34774 0.937424 0.0176738
-18.9271 68.6835 -63.1462 -0.347142 0.937628 0.018596
-19.5691 68.4613 -63.7735 -0.341355 0.939792 0.016338
-19.8486 68.3687 -64.2867 -0.340849 0.939987 0.0156898
-19.331 68.5552 -64.2315 -0.340358 0.940176 0.0150345
-18.6149 68.8129 -63.9675 -0.345539 0.938293 0.0144804
-18.0273 69.0266 -63.7991 -0.345364 0.938353 0.014736
-17.3243 69.2849 -63.5197 -0.349831 0.936712 0.0137426
-16.9798 69.4045 -63.0276 -0.352585 0.93566 0.0141576
-16.4344 69.6111 -62.9079 -0.356256 0.934318 0.0114931
-15.8864 69.8143 -62.4488 -0.356186 0.934346 0.0113743
-15.6119 69.9144 -62.0775 -0.356045 0.934396 0.0116795
-15.1317 70.0948 -61.8766 -0.356048 0.934395 0.0116818
-14.5055 70.3328 -61.4695 -0.360715 0.932635 0.00882248
-14.0568 70.5054 -61.2734 -0.365263 0.930853 0.00979801
-13.4766 70.7312 -60.9575 -0.368086 0.929771 0.00621488
-12.8909 70.9607 -60.6072 -0.368128 0.929754 0.00620963
-12.4135 71.153 -60.3914 -0.376505 0.926406 0.00394397
-11.5287 71.5072 -59.7806 -0.375415 0.926826 0.00747888
-10.8676 71.7819 -59.3985 -0.384745 0.923023 0.000501542
-10.3731 71.989 -59.2021 -0.388182 0.921582 0.00108717
-9.91682 72.1837 -58.9075 -0.396447 0.918008 -0.00956121
-9.29907 72.4537 -58.5961 -0.396443 0.918009 -0.0095629
-8.88564 72.6366 -58.1729 -0.397905 0.917372 -0.00981839
-8.38961 72.8605 -57.8997 -0.408278 0.912523 -0.0247256
-7.96324 73.0593 -57.603 -0.408287 0.912516 -0.0248058
-7.39712 73.3208 -57.2674 -0.416529 0.908857 -0.0202973
-6.94623 73.5395 -56.8894 -0.415881 0.908976 -0.0283781
-6.56983 73.7198 -56.6313 -0.415882 0.908976 -0.0283782
-6.03173 73.9815 -56.3042 -0.422678 0.905716 -0.031953
-5.57299 74.2042 -55.9786 -0.418748 0.907337 -0.0369658
-5.21538 74.3887 -55.5712 -0.422738 0.905465 -0.0377349
-5.17591 74.4278 -55.055 -0.428332 0.902738 -0.0393387
-4.74461 74.626 -55.2262 -0.425148 0.904028 -0.0445208
-4.32311 74.8429 -54.9213 -0.437445 0.897531 -0.0554953
-3.80772 75.1207 -54.4914 -0.43747 0.897519 -0.0554918
-3.20608 75.448 -53.8926 -0.429538 0.900219 -0.0711162
-3.63515 75.277 -53.5126 -0.443986 0.892934 -0.0720704
-4.57148 74.785 -53.8544 -0.439888 0.896355 -0.0550798
-4.94729 74.5837 -54.1556 -0.439236 0.896892 -0.0515485
-5.07738 74.4963 -54.6094 -0.433806 0.900006 -0.0424376
-5.47793 74.3122 -54.4196 -0.428333 0.902738 -0.0393387
-5.57452 74.2397 -55.1042 -0.422859 0.90547 -0.0362399
-5.88926 74.1075 -54.7378 -0.42211 0.90582 -0.0362555
-6.3828 73.8689 -54.9549 -0.422115 0.905817 -0.0362525
-7.10831 73.5048 -55.2945 -0.433034 0.901088 -0.0199001
-7.79774 73.177 -55.595 -0.424355 0.905385 -0.0141868
-8.33924 72.9152 -56.1073 -0.42322 0.905785 -0.0200631
-8.96728 72.6223 -56.4836 -0.415899 0.909322 -0.0127428
-9.45528 72.392 -56.9898 -0.415899 0.909322 -0.0127428
-10.062 72.1191 -57.0948 -0.409027 0.912494 -0.0071136
-10.4119 71.9662 -57.514 -0.402986 0.915181 0.0067353
-11.0149 71.7118 -57.9718 -0.385708 0.922551 0.0112973
-11.6805 71.4363 -58.2335 -0.38614 0.922376 0.0109109
-12.2496 71.1999 -58.5496 -0.382862 0.923532 0.0191564
-12.8264 70.9745 -58.9447 -0.375693 0.926712 0.00771351
-13.303 70.7846 -59.334 -0.375697 0.92671 0.00771071
-13.6383 70.6534 -59.7342 -0.371947 0.928156 0.0134807
-14.048 70.4934 -60.0204 -0.371942 0.928158 0.0134815
-14.5726 70.2903 -60.1931 -0.361791 0.932132 0.0153666
-15.0716 70.1007 -60.4395 -0.361792 0.932132 0.0153665
-15.6775 69.8718 -60.8103 -0.358042 0.933527 0.0177655
-16.1585 69.6948 -61.1653 -0.355864 0.934467 0.0115181
-16.546 69.5506 -61.4411 -0.355864 0.934467 0.0115181
-17.1061 69.3399 -61.6926 -0.356599 0.934194 0.0109164
-17.4936 69.198 -62.1732 -0.352582 0.935661 0.0141535
-18.035 68.9975 -62.2307 -0.348539 0.937144 0.0167726
-18.1372 68.9615 -62.3398 -0.348329 0.937223 0.0167469
-18.4409 68.8423 -61.9854 -0.348329 0.937223 0.016747
-17.9711 69.0112 -61.667 -0.348539 0.937144 0.0167726
-17.4156 69.2173 -61.3082 -0.356599 0.934194 0.010916
-16.9749 69.3827 -61.0693 -0.356232 0.93433 0.0112179
-16.4476 69.5785 -60.775 -0.355032 0.93463 0.0204675
-15.9214 69.7723 -60.4982 -0.358045 0.933526 0.0177628
-15.3493 69.986 -60.0157 -0.361044 0.932427 0.0150514
-14.773 70.2028 -59.6062 -0.361772 0.93214 0.0153687
-14.3319 70.3706 -59.3977 -0.366853 0.93015 0.0144382
-13.9331 70.5274 -59.1064 -0.375287 0.926874 0.00800905
-13.3847 70.746 -58.681 -0.374698 0.926954 0.0166448
-12.6716 71.0232 -58.3084 -0.373697 0.927198 0.025589
-11.9911 71.2995 -57.7828 -0.392021 0.919868 0.0127129
-11.4452 71.5252 -57.4216 -0.385721 0.922546 0.0112959
-10.8766 71.7585 -57.0984 -0.394136 0.918952 0.00921067
-10.3668 71.9859 -56.647 -0.409027 0.912494 -0.0071136
-9.86441 72.2129 -56.4142 -0.412466 0.910907 -0.00993499
-9.25353 72.4962 -56.1381 -0.416241 0.909103 0.00346742
-8.72819 72.7322 -55.918 -0.426006 0.904412 -0.00144946
-8.35429 72.9159 -55.6235 -0.423664 0.9057 -0.0146965
-7.99517 73.0903 -55.2326 -0.423664 0.9057 -0.0146961
-7.35105 73.3981 -54.8455 -0.43304 0.901085 -0.0198922
-6.88273 73.6369 -54.5618 -0.441715 0.89679 -0.025609
-6.146 74.0117 -54.1433 -0.431915 0.901303 -0.0309377
-5.73433 74.2141 -53.8802 -0.428333 0.902738 -0.0393387
-4.88496 74.6627 -53.3678 -0.440551 0.895812 -0.058611
-4.31571 74.9462 -53.3132 -0.440552 0.895812 -0.0586166
-3.92838 75.1559 -53.0959 -0.460208 0.885313 -0.0665574
-3.42177 75.4534 -52.6408 -0.443982 0.892936 -0.072072
-2.92511 75.7214 -52.251 -0.42494 0.902096 -0.075159
-2.34182 76.0156 -51.9937 -0.42265 0.902423 -0.0830305
-1.74986 76.3272 -51.694 -0.427073 0.899537 -0.0918789
-0.929789 76.751 -51.3564 -0.412539 0.906285 -0.0905495
-0.534991 76.9443 -51.1576 -0.407936 0.905444 -0.117299
0.279624 77.3536 -50.5642 -0.391823 0.915631 -0.089965
0.774755 77.5906 -50.3085 -0.392578 0.915371 -0.0893132
1.47778 77.9033 -50.1697 -0.387778 0.917699 -0.0863552
2.0139 78.1367 -50.0971 -0.380008 0.92066 -0.0888982
2.49933 78.3397 -50.0047 -0.362987 0.927835 -0.0858103
2.8692 78.5089 -49.7398 -0.362974 0.927839 -0.0858118
3.36258 78.7085 -49.608 -0.350642 0.932499 -0.0865802
3.14664 78.593 -49.9781 -0.350508 0.932563 -0.0864377
2.61837 78.3745 -50.131 -0.362962 0.927845 -0.0857991
2.24226 78.1897 -50.491 -0.371864 0.923774 -0.0914259
1.8256 77.9862 -50.85 -0.380017 0.920657 -0.088895
1.43767 77.7968 -51.1213 -0.390586 0.91639 -0.0875322
0.881773 77.5442 -51.2614 -0.393337 0.915108 -0.088671
0.507163 77.3596 -51.5053 -0.393084 0.915572 -0.0848418
0.0224283 77.1129 -51.9106 -0.400691 0.912009 -0.0876753
-0.424303 76.8667 -52.4303 -0.400704 0.912001 -0.0876926
-0.967451 76.5791 -52.8645 -0.42265 0.902423 -0.0830304
-1.39713 76.3384 -53.3894 -0.420171 0.904845 -0.0686382
-1.84332 76.1115 -53.649 -0.420171 0.904845 -0.0686384
-2.25861 75.9058 -53.8216 -0.418046 0.905988 -0.0665052
-2.67434 75.68 -54.2114 -0.431303 0.899888 -0.0646536
-3.15704 75.4159 -54.6675 -0.427315 0.902105 -0.0596893
-3.61009 75.1818 -55.0324 -0.423255 0.904364 -0.0546061
-4.09215 74.9183 -55.5228 -0.431297 0.900779 -0.0500114
-4.61971 74.6615 -55.7004 -0.424211 0.904596 -0.0417635
-5.04356 74.4456 -56.1109 -0.422545 0.905491 -0.0392509
-5.31842 74.3008 -56.4907 -0.418765 0.907329 -0.0369626
-5.8316 74.0531 -56.8444 -0.414942 0.909186 -0.0346926
-6.2649 73.8448 -57.0947 -0.41928 0.907346 -0.030161
-6.69807 73.6354 -57.452 -0.415858 0.908979 -0.0286273
-7.1513 73.4182 -57.7648 -0.412271 0.910657 -0.026773
-7.51516 73.2481 -58.0325 -0.408283 0.912521 -0.0247125
-8.03058 73.0071 -58.4167 -0.404135 0.914495 -0.017317
-8.53282 72.785 -58.6857 -0.399993 0.916464 -0.0099826
-8.98622 72.5849 -58.962 -0.39605 0.918178 -0.00968922
-9.64863 72.2943 -59.4107 -0.392263 0.919817 -0.00422422
-10.0356 72.1317 -59.6986 -0.388125 0.921606 0.00111357
-10.5213 71.9276 -60.0499 -0.388112 0.921612 0.00108625
-11.0714 71.6975 -60.4153 -0.380044 0.924939 0.00401952
-11.5497 71.5053 -60.6765 -0.376568 0.926381 0.00385095
-12.1144 71.2769 -60.9294 -0.376449 0.926428 0.00405091
-12.5207 71.1127 -61.1324 -0.376465 0.926422 0.00402933
-13.1441 70.8665 -61.5172 -0.367893 0.929845 0.00650212
-13.6903 70.6551 -61.8341 -0.365542 0.930744 0.00970921
-14.2462 70.4405 -62.1792 -0.365548 0.930741 0.00975617
-14.711 70.2633 -62.5307 -0.358382 0.933514 0.0102459
-15.1692 70.0911 -62.7231 -0.356127 0.934367 0.0114659
-15.8193 69.8488 -63.1717 -0.356103 0.934376 0.0114635
-16.5178 69.5872 -63.552 -0.356256 0.934318 0.0114931
-17.211 69.3359 -64.11 -0.349831 0.936712 0.0137426
-17.8951 69.0843 -64.3785 -0.347596 0.937533 0.0142424
-18.4124 68.8967 -64.5726 -0.345702 0.938237 0.0142131
-18.9333 68.7083 -64.8028 -0.343027 0.939208 0.0146189
-19.4686 68.5143 -64.7869 -0.340355 0.940177 0.0150298
-19.9275 68.3481 -64.7866 -0.341095 0.939925 0.0138878
-20.5299 68.1345 -65.0772 -0.336618 0.941566 0.011907
-21.0859 67.9402 -65.4281 -0.336616 0.941567 0.0119125
-21.7967 67.6924 -65.9889 -0.337415 0.94129 0.0111905
-22.2991 67.5144 -66.1932 -0.337272 0.941374 0.00775788
-22.7895 67.3396 -66.238 -0.336577 0.941615 0.00879329
-23.2858 67.164 -66.4292 -0.33492 0.942207 0.00842746
-23.7133 67.014 -66.7024 -0.334777 0.942294 0.00238719
-24.1728 66.851 -66.8164 -0.334758 0.942301 0.00241765
-24.7125 66.6582 -66.8732 -0.340999 0.940064 0.000310388
-25.1457 66.5011 -67.0476 -0.340054 0.940403 0.00164449
-25.625 66.3285 -67.1159 -0.338917 0.940812 0.00288546
-25.196 66.4828 -66.9474 -0.340965 0.940076 0.000299224
-24.7445 66.6465 -66.6747 -0.34098 0.94007 0.00029881
-24.4419 66.754 -66.2762 -0.334024 0.942545 0.00522091
-23.9481 66.9258 -65.9485 -0.333272 0.942796 0.00805463
-23.0634 67.2333 -65.3368 -0.334927 0.942205 0.00842897
-22.3599 67.4826 -65.1539 -0.335007 0.942169 0.00934453
-21.7817 67.6767 -64.4004 -0.334334 0.942344 0.0144223
-21.3135 67.8379 -64.0734 -0.336128 0.941693 0.0150856
-20.5606 68.0989 -63.5059 -0.338048 0.941 0.0155685
-19.8619 68.3419 -63.0275 -0.339706 0.940395 0.0159572
-19.4234 68.4959 -62.9145 -0.336069 0.941483 0.0236751
-19.0147 68.6381 -62.491 -0.347728 0.937428 0.0176741
-18.6427 68.7718 -62.2389 -0.348324 0.937225 0.0167463
-7.98682 73.0661 -56.5676 -0.416535 0.908855 -0.0202909
-8.56957 72.8004 -56.7507 -0.413441 0.910424 -0.0136915
-8.76387 72.7029 -57.3674 -0.413441 0.910424 -0.0136915
-7.93746 73.0816 -56.9903 -0.410978 0.911528 -0.014642
-7.51127 73.2853 -56.6483 -0.422086 0.906184 -0.0259464
-7.48021 73.3156 -56.0967 -0.42209 0.906182 -0.0259449
-6.97949 73.5462 -56.1874 -0.418988 0.907578 -0.0271632
-6.37148 73.8358 -55.9406 -0.422683 0.905714 -0.031951
-5.97378 74.0318 -55.6458 -0.422391 0.905769 -0.0341057
-6.32441 73.8747 -55.4885 -0.422115 0.905817 -0.0362525
-6.93597 73.5806 -55.6133 -0.433034 0.901088 -0.0199001
-7.56306 73.2827 -55.867 -0.424358 0.905383 -0.0141888
-7.70363 73.2153 -55.9645 -0.42322 0.905785 -0.0200631
-15.8113 69.8296 -61.3738 -0.355955 0.934431 0.0116026
-16.3481 69.6322 -61.9489 -0.356232 0.93433 0.0112175
-15.9016 69.7972 -61.5334 -0.356045 0.934396 0.0116795
-15.8769 69.8064 -61.5231 -0.356048 0.934395 0.0116818
-11.249 71.6203 -58.5164 -0.386135 0.922378 0.0109096
-10.6486 71.8707 -58.4402 -0.385708 0.922551 0.0112973
-9.93797 72.1791 -58.0924 -0.402986 0.915182 0.00673553
-9.33912 72.4424 -58.0272 -0.399711 0.916597 -0.00141292
-9.76967 72.2526 -58.3906 -0.396447 0.918008 -0.00956121
-10.4223 71.9676 -58.6924 -0.392267 0.919815 -0.00422974
-11.1831 71.6501 -58.9039 -0.384745 0.923023 0.000501542
-12.0191 71.3017 -58.9299 -0.379951 0.924976 0.00408143
-12.2348 71.2191 -59.5296 -0.375415 0.926826 0.00747888
-12.8065 70.992 -60.0718 -0.375716 0.926711 0.00651947
-13.4705 70.7301 -60.4342 -0.36809 0.929769 0.0062143
-14.0654 70.4969 -60.7876 -0.36789 0.929847 0.00649419
-14.77 70.2258 -60.9726 -0.360715 0.932635 0.00882248
-15.2104 70.0552 -60.9542 -0.361253 0.932383 0.0120944
-14.7807 70.219 -60.7693 -0.361791 0.932132 0.0153666
-14.1646 70.4565 -60.6682 -0.361784 0.932135 0.0153714
-13.6158 70.671 -60.3258 -0.371942 0.928158 0.0134815
-13.0642 70.8865 -59.941 -0.373617 0.927515 0.0107506
-12.738 71.0142 -59.403 -0.375697 0.92671 0.00771071
-12.1328 71.2548 -58.8338 -0.374696 0.926954 0.0166579
-11.4058 71.5555 -58.5848 -0.38614 0.922376 0.0109109
-2.92284 75.6774 -52.7921 -0.426345 0.901329 -0.0763723
-2.96624 75.594 -53.5208 -0.427758 0.900558 -0.0775785
-2.6358 75.7794 -53.1905 -0.426353 0.901325 -0.0763693
-2.18811 76.0122 -52.9012 -0.418227 0.905308 -0.0741822
-1.64418 76.2905 -52.5709 -0.418227 0.905308 -0.0741823
-1.28964 76.4909 -52.2304 -0.427073 0.899537 -0.0918787
-1.75867 76.2547 -52.3631 -0.42265 0.902423 -0.0830305
-2.48175 75.904 -52.5663 -0.421587 0.9037 -0.0746711
-2.54886 75.8693 -52.6033 -0.424947 0.902092 -0.07516
