-3.87915 69.9716 21.3509 -0.309768 0.950282 0.0266793
-3.91419 69.9474 21.8724 -0.300662 0.953169 0.0311912
-5.09841 69.5652 21.8428 -0.307758 0.950719 0.0376694
-5.53456 69.4723 20.944 -0.29545 0.954268 0.0456227
-6.32944 69.226 20.9485 -0.29006 0.956015 0.0431532
-7.09326 69.0117 20.7474 -0.280251 0.95879 0.0467021
-7.10121 69.0104 20.7225 -0.279298 0.959412 0.0390137
-6.40475 69.2113 20.7681 -0.279238 0.95943 0.0389975
-5.52704 69.4771 20.8891 -0.295061 0.954675 0.0391696
-5.05696 69.5855 21.6691 -0.301605 0.952493 0.0416522
-4.40271 69.8125 21.2863 -0.300651 0.953172 0.0311957
-4.00422 69.9334 21.3433 -0.29356 0.955621 0.0247072
-3.85263 70.0033 20.7688 -0.294905 0.953909 0.0555777
-3.14767 70.2302 21.0737 -0.321277 0.946505 0.0301609
-2.55786 70.4254 21.2316 -0.32142 0.946452 0.0302952
-1.87179 70.6558 21.3136 -0.328863 0.943989 0.0255144
-0.716528 71.0643 21.4929 -0.336161 0.941577 0.0206919
0.094417 71.3586 21.523 -0.343505 0.938903 0.0215731
0.701049 71.571 22.0373 -0.354021 0.93501 0.018602
1.09325 71.7093 22.7477 -0.362407 0.931832 0.0187192
0.403531 71.4476 22.7383 -0.345644 0.938184 0.0184881
-0.0176408 71.2924 22.7369 -0.347152 0.937595 0.0198954
-0.82734 70.9826 22.7458 -0.350154 0.93596 0.0349547
-1.76149 70.6485 22.6285 -0.341171 0.939033 0.0426517
-2.53056 70.3936 22.3763 -0.322236 0.945953 0.0364643
-3.27141 70.1438 22.356 -0.320175 0.946597 0.0379682
-3.88338 69.9424 22.281 -0.301533 0.952754 0.0355892
-4.45773 69.7573 22.2304 -0.308501 0.950565 0.0353115
-5.35114 69.4702 22.1755 -0.301606 0.952493 0.0416516
-5.84887 69.3368 21.7434 -0.295451 0.954268 0.045627
-6.61046 69.128 21.2901 -0.285527 0.957527 0.0401851
-7.43434 68.8968 21.0583 -0.280252 0.95879 0.0467077
-8.36912 68.6388 20.8045 -0.276841 0.959948 0.043045
-9.14582 68.4233 20.6361 -0.270599 0.961476 0.0479494
-9.5164 68.3564 19.9686 -0.265014 0.962914 0.0506287
-10.2697 68.1624 19.7501 -0.259298 0.964505 0.0499219
-10.7767 68.0424 19.364 -0.262087 0.964046 0.0438723
-10.3426 68.182 18.8999 -0.26372 0.963532 0.0453666
-9.8815 68.2925 19.2314 -0.263773 0.963521 0.045279
-9.19755 68.4737 19.3877 -0.265395 0.963116 0.0444189
-8.55016 68.6411 19.6497 -0.274215 0.960672 0.0436936
-7.71974 68.8634 19.9446 -0.272267 0.9613 0.0421176
-6.84386 69.1027 20.2969 -0.279299 0.959411 0.0390185
-6.24815 69.2761 20.3857 -0.291508 0.955617 0.0426523
-5.1613 69.6056 20.512 -0.295065 0.954674 0.0391716
-4.18263 69.9038 20.7248 -0.298746 0.953089 0.0479449
-4.05626 69.9439 20.707 -0.294905 0.953909 0.0555779
-3.9997 69.986 20.1576 -0.302588 0.952269 0.0403122
-3.42787 70.1609 20.3173 -0.298746 0.953089 0.0479452
-2.91369 70.3257 20.5695 -0.321591 0.946389 0.0304439
-2.37313 70.5084 20.5996 -0.32142 0.946449 0.0303711
-1.83556 70.6876 20.7082 -0.321527 0.946413 0.0303841
-1.27466 70.8801 20.8096 -0.336198 0.941565 0.0206448
-0.72854 71.0732 20.8947 -0.336019 0.941629 0.0206462
0.0172427 71.3415 21.04 -0.343505 0.938903 0.0215731
0.645348 71.5655 21.2925 -0.341797 0.939553 0.0202211
1.3388 71.8268 21.3942 -0.355221 0.934764 0.00589074
1.91799 72.0475 21.2996 -0.364256 0.931235 0.00505458
2.72469 72.3722 21.2626 -0.373204 0.92774 0.00423065
3.26337 72.5887 21.3031 -0.374218 0.927337 0.00219595
3.98296 72.8941 21.413 -0.391369 0.919919 -0.018587
4.72928 73.2129 21.6742 -0.38366 0.922968 -0.0305944
5.52982 73.5477 21.7128 -0.398426 0.915949 -0.0436006
6.69413 74.0464 21.2534 -0.396443 0.915613 -0.06441
7.26824 74.2821 21.2334 -0.380962 0.92177 -0.0721607
8.01828 74.5907 21.236 -0.373626 0.923525 -0.0866364
8.62595 74.8247 21.109 -0.373836 0.92344 -0.0866283
9.16502 75.0594 21.1306 -0.356986 0.926316 -0.12041
9.75168 75.254 20.8896 -0.356685 0.926419 -0.120512
10.2966 75.4544 20.8175 -0.356414 0.926551 -0.120299
10.8882 75.6895 20.7791 -0.375501 0.916967 -0.1348
11.4838 75.8794 20.5785 -0.323025 0.930114 -0.174766
12.0554 76.0537 20.4493 -0.323104 0.930081 -0.174792
12.7866 76.2925 20.3639 -0.314964 0.929983 -0.188851
13.3959 76.4774 20.2963 -0.304691 0.930825 -0.201813
13.9467 76.6636 20.3173 -0.313134 0.92738 -0.204727
13.9693 76.7262 20.5661 -0.284177 0.936018 -0.205483
13.4474 76.5985 20.777 -0.304829 0.9308 -0.20172
12.8232 76.4149 20.9422 -0.324969 0.929192 -0.176063
11.8387 76.127 21.2399 -0.324073 0.929621 -0.175444
11.1919 75.8933 21.3196 -0.374075 0.917465 -0.135371
10.6475 75.6859 21.4242 -0.375427 0.916988 -0.134863
9.6796 75.3434 21.7899 -0.365919 0.92177 -0.12758
9.03957 75.0789 21.8073 -0.40481 0.909244 -0.0969751
8.41519 74.8338 22.1156 -0.389277 0.916362 -0.0917868
7.8654 74.6218 22.3313 -0.392053 0.916808 -0.075879
7.32831 74.407 22.5115 -0.386502 0.919291 -0.0740274
6.4955 74.0431 22.7383 -0.416731 0.908516 -0.0305515
5.71823 73.6882 22.788 -0.419625 0.907298 -0.0264509
5.09787 73.3976 22.734 -0.422531 0.906072 -0.0223692
4.55186 73.1484 22.9798 -0.409131 0.912201 -0.0097003
3.81005 72.8288 23.2245 -0.394849 0.918741 0.00293311
3.0734 72.5103 23.3357 -0.387215 0.921883 -0.0026482
2.11531 72.1168 23.4453 -0.380496 0.924762 0.00607812
1.18319 71.7335 23.4032 -0.375064 0.926927 0.0093608
0.493434 71.4684 23.3605 -0.347154 0.937595 0.0198871
-0.399633 71.1296 23.3497 -0.359128 0.93289 0.0272439
-1.24978 70.8035 23.3095 -0.35015 0.935962 0.0349476
-2.13447 70.4988 23.2048 -0.324302 0.945307 0.0349767
-2.95496 70.2236 23.0351 -0.32224 0.945951 0.0364709
-3.57029 70.0214 22.796 -0.33524 0.940955 0.0470876
-4.32832 69.7847 22.6547 -0.30925 0.950409 0.0329691
-5.31554 69.4681 22.521 -0.308505 0.950564 0.0353205
-6.23149 69.2026 22.1857 -0.284672 0.957761 0.0406933
-6.9178 69.0118 21.8732 -0.28553 0.957526 0.0401945
-7.62031 68.817 21.5817 -0.271395 0.961377 0.0448495
-8.25805 68.6491 21.3178 -0.277507 0.959856 0.0408287
-9.08618 68.4219 21.0289 -0.276849 0.959946 0.0430472
-10.0292 68.1859 20.5736 -0.260198 0.964337 0.0484906
-10.7389 68.0203 20.0571 -0.259304 0.964503 0.049933
-11.353 67.8627 19.9305 -0.259375 0.964764 0.0441897
-12.0067 67.7043 19.5374 -0.260518 0.964441 0.0445412
-12.8439 67.5014 19.0328 -0.259173 0.964697 0.0467112
-13.6406 67.3201 18.5339 -0.248849 0.967332 0.0484022
-14.4537 67.1363 18.027 -0.252889 0.966609 0.0404304
-15.4042 66.9159 17.4002 -0.254709 0.965911 0.0462579
-16.1468 66.7502 16.771 -0.254799 0.965893 0.0461274
-16.9107 66.5599 16.4691 -0.262971 0.963621 0.0477477
-17.4358 66.4392 16.0133 -0.262929 0.963629 0.0478187
-16.6809 66.6529 15.8572 -0.258867 0.964762 0.0469342
-16.1254 66.7908 16.039 -0.254789 0.965897 0.0461092
-15.6126 66.9152 16.2665 -0.254756 0.965902 0.0461733
-14.9827 67.0709 16.4808 -0.253104 0.966359 0.0457013
-14.2034 67.2614 16.7698 -0.251568 0.966727 0.0463616
-13.6572 67.3888 17.054 -0.250015 0.967101 0.0469898
-13.1449 67.5079 17.3297 -0.253462 0.966496 0.0397244
-12.4311 67.6823 17.6292 -0.256093 0.965526 0.0466471
-11.8812 67.8152 17.898 -0.256094 0.965525 0.0466549
-11.312 67.9636 17.9696 -0.258633 0.964905 0.0454772
-10.7966 68.0907 18.2062 -0.259133 0.964772 0.0454358
-10.2594 68.2271 18.4245 -0.263996 0.963478 0.0448943
-9.73504 68.3633 18.5798 -0.263499 0.963591 0.0453954
-8.88582 68.58 18.9452 -0.265437 0.963104 0.0444369
-8.23464 68.7468 19.2779 -0.27164 0.961428 0.0431476
-7.32338 69.0001 19.3876 -0.275725 0.960371 0.0405931
-6.77236 69.1509 19.6218 -0.279181 0.959447 0.0389736
-6.2043 69.3177 19.7508 -0.291568 0.9556 0.0426225
-5.63642 69.487 19.8395 -0.291445 0.955635 0.0426717
-5.03025 69.6696 19.9405 -0.295376 0.954572 0.0393211
-4.29535 69.8917 20.1658 -0.302588 0.952269 0.0403122
-2.08109 70.5652 21.905 -0.332737 0.94217 0.0388085
-1.34962 70.8319 21.7833 -0.336161 0.941577 0.0206919
-1.44563 70.7824 22.207 -0.341171 0.939033 0.0426517
1.46616 71.8723 21.8516 -0.358814 0.933298 0.012305
3.77509 72.8117 22.6702 -0.399487 0.916719 -0.0060028
1.87666 72.0284 21.8292 -0.364256 0.931235 0.00505449
1.7088 71.9646 21.8401 -0.355132 0.934798 0.00583432
-13.5854 67.3668 17.8843 -0.248849 0.967332 0.0484024
-13.0345 67.4978 18.0992 -0.253334 0.966144 0.0486387
-12.4039 67.6418 18.5827 -0.257814 0.964958 0.0488744
-11.6307 67.8312 18.9875 -0.259368 0.964766 0.0441956
-11.2843 67.9469 18.484 -0.258692 0.964893 0.0453778
-11.2919 67.9063 19.3311 -0.25823 0.965088 0.0438418
-12.3677 67.6396 18.8266 -0.260521 0.96444 0.0445462
-13.0222 67.491 18.2987 -0.253334 0.966144 0.0486385
-13.1062 67.4718 18.2499 -0.248849 0.967332 0.0484022
7.52085 74.444 21.9638 -0.392048 0.91681 -0.075882
6.98588 74.2237 21.977 -0.396446 0.915611 -0.0644168
6.78869 74.1265 21.8513 -0.41193 0.909452 -0.0566561
7.03065 74.2266 21.7778 -0.380968 0.921768 -0.0721627
-19.3104 65.9966 15.0196 -0.258101 0.964631 0.0535291
-18.7313 66.1388 15.2215 -0.255766 0.965258 0.0534906
-18.1841 66.2766 15.3687 -0.256527 0.964974 0.0549376
-18.4458 66.1954 15.5676 -0.257756 0.964662 0.0546704
-19.2421 66.008 15.14 -0.255695 0.96528 0.0534264
19.4993 77.6132 19.6486 -0.0632732 0.975748 -0.209544
20.0941 77.6325 19.5549 -0.0648133 0.975502 -0.210225
20.0808 77.6618 19.695 -0.0647636 0.97548 -0.210346
19.5351 77.6292 19.7118 -0.0647686 0.975481 -0.210336
