-43.5607 60.5302 -52.7396 0.328558 -0.944215 0.0225552
-44.0219 60.3999 -51.6537 0.325314 -0.945213 0.0272645
-44.5878 60.2354 -50.5704 0.321092 -0.946706 0.0254386
-45.3122 60.0161 -49.5556 0.320815 -0.946857 0.0232234
-46.2408 59.7193 -48.758 0.321416 -0.94672 0.0203177
-47.1261 59.43 -48.1933 0.323386 -0.9461 0.0176997
-48.1842 59.0732 -47.8142 0.327929 -0.94455 0.0169831
-49.1084 58.7554 -47.6459 0.32863 -0.944323 0.0159668
-50.3177 58.3269 -47.6342 0.33429 -0.9424 0.0114668
-51.3216 57.9635 -47.8485 0.341896 -0.939658 0.0119442
-52.1859 57.642 -48.1972 0.346956 -0.937784 0.0132291
-53.0634 57.3072 -48.6973 0.35185 -0.935944 0.0142577
-53.871 56.9937 -49.1691 0.354481 -0.934926 0.0159611
-54.6648 56.6795 -49.7977 0.356649 -0.934079 0.0172474
-55.3572 56.3926 -50.5491 0.362067 -0.931828 0.0245762
-55.7922 56.1982 -51.4892 0.361643 -0.931819 0.0304516
-56.0057 56.0842 -52.4298 0.36314 -0.931088 0.0346302
-56.1553 55.9881 -53.3944 0.361745 -0.931469 0.0388031
-56.246 55.9092 -54.4327 0.361635 -0.931488 0.0393765
-56.41 55.7935 -55.6557 0.361623 -0.93148 0.0396739
-56.0323 55.8938 -56.8162 0.361255 -0.931767 0.036118
-55.3325 56.1283 -57.7897 0.35886 -0.932766 0.0341662
-54.6754 56.3509 -58.623 0.353917 -0.934736 0.0317981
-54.0113 56.5802 -59.3697 0.354192 -0.934775 0.0272107
-53.3121 56.8244 -60.0276 0.348252 -0.937055 0.0254709
-52.4628 57.1241 -60.6578 0.349536 -0.936666 0.0218529
-51.5409 57.4576 -61.046 0.345396 -0.938248 0.0198209
-50.4708 57.8471 -61.2582 0.343471 -0.939034 0.0155543
-49.0303 58.3762 -61.14 0.342728 -0.939359 0.0118005
-47.7207 58.8579 -60.8012 0.344619 -0.9387 0.00898428
-46.707 59.2347 -60.2795 0.343861 -0.938962 0.0104539
-45.7882 59.5796 -59.6033 0.345117 -0.938491 0.0113614
-45.0113 59.8731 -58.8771 0.343682 -0.938981 0.0140669
-44.2905 60.1492 -57.9733 0.341374 -0.939805 0.0150145
-43.5763 60.4311 -56.6325 0.338586 -0.940753 0.0182246
-43.3785 60.5301 -55.3003 0.335402 -0.941887 0.0187681
-43.3656 60.5625 -54.1275 0.33251 -0.942792 0.0240751
-43.4147 60.5632 -53.3913 0.331052 -0.943284 0.0248025
-44.3075 60.2483 -53.4514 0.334961 -0.941855 0.0266542
-44.2726 60.2284 -54.633 0.335477 -0.941714 0.0250984
-44.2646 60.203 -55.7118 0.344284 -0.938625 0.0212635
-44.5768 60.0678 -56.668 0.343867 -0.93888 0.0161278
-45.2514 59.8014 -57.6842 0.346879 -0.937753 0.0171484
-46.007 59.5112 -58.5882 0.346235 -0.938071 0.012021
-46.6895 59.2515 -59.2485 0.345683 -0.938304 0.00941385
-47.5905 58.9161 -59.7191 0.344593 -0.93871 0.00894358
-48.5403 58.5662 -60.0458 0.341224 -0.939931 0.00977943
-49.9583 58.0507 -60.2605 0.338893 -0.940744 0.0123482
-51.0094 57.6694 -60.1607 0.341539 -0.939716 0.0168714
-51.9978 57.316 -59.801 0.341373 -0.939673 0.0218015
-52.7973 57.0388 -59.1779 0.348252 -0.937055 0.0254709
-53.6317 56.7495 -58.4705 0.347991 -0.936992 0.0307771
-54.3664 56.5064 -57.5925 0.351436 -0.935602 0.0334548
-55.0431 56.2827 -56.6451 0.359583 -0.932406 0.0363314
-55.3822 56.1896 -55.701 0.360083 -0.932086 0.0394496
-55.351 56.2579 -54.4256 0.362341 -0.93106 0.0428498
-55.212 56.3624 -53.2261 0.36281 -0.931083 0.0381297
-55.0144 56.4782 -52.2276 0.363772 -0.930934 0.0321278
-54.5573 56.6898 -51.0804 0.36273 -0.931609 0.0230347
-53.6121 57.0747 -50.1067 0.356682 -0.934097 0.015209
-52.7048 57.4297 -49.5454 0.352659 -0.935666 0.0124757
-51.5663 57.8619 -48.9015 0.346677 -0.937933 0.00965897
-50.2823 58.3294 -48.5896 0.33612 -0.941783 0.00823919
-49.1378 58.733 -48.6241 0.328405 -0.94447 0.0112384
-48.0751 59.0953 -48.8458 0.322763 -0.946381 0.0136994
-47.1756 59.3928 -49.2588 0.321048 -0.946903 0.0173593
-46.1544 59.719 -50.0371 0.318848 -0.947515 0.0234655
-45.4931 59.9222 -50.8318 0.321124 -0.946619 0.0279546
-44.9804 60.0649 -51.808 0.324133 -0.945557 0.0291812
-44.4338 60.2193 -52.8929 0.331502 -0.942947 0.0304875
-44.3657 60.2368 -53.1274 0.334964 -0.941854 0.0266543
-45.2312 59.9204 -53.4419 0.333402 -0.942052 0.037145
-45.8934 59.7507 -52.0042 0.319479 -0.94691 0.0353162
-46.4899 59.5828 -50.9881 0.315286 -0.948502 0.0306469
-47.2533 59.3414 -50.3653 0.313313 -0.949373 0.0222411
-48.0423 59.0921 -49.8606 0.31766 -0.948128 0.0120595
-49.003 58.7678 -49.7332 0.325074 -0.945614 0.0111274
-49.964 58.4378 -49.5037 0.330638 -0.94372 0.00447462
-51.1759 57.9999 -49.7083 0.346794 -0.937908 0.00636136
-52.4523 57.512 -50.5053 0.355128 -0.934745 0.0115809
-53.2936 57.1827 -51.1138 0.358789 -0.933319 0.0136153
-54.0306 56.8725 -51.9894 0.367441 -0.92948 0.0324719
-54.2599 56.7348 -53.3546 0.366842 -0.929592 0.0355285
-54.421 56.6131 -54.5431 0.36266 -0.930754 0.046388
-54.4048 56.5703 -55.6108 0.35841 -0.932764 0.0386467
-53.9777 56.6978 -56.4991 0.352558 -0.934942 0.0393189
-53.3215 56.9006 -57.3921 0.347494 -0.936936 0.0369658
-52.6345 57.1322 -58.1099 0.342871 -0.938884 0.0300097
-51.8072 57.4122 -58.6827 0.339964 -0.940114 0.0247198
-50.7801 57.7716 -59.1731 0.341216 -0.939802 0.0185459
-49.5531 58.2105 -59.2397 0.338896 -0.940732 0.0131596
-48.3686 58.6355 -59.0534 0.343405 -0.939181 0.0034152
-47.2975 59.0336 -58.5318 0.345392 -0.938435 0.0066942
-46.3972 59.3759 -57.6709 0.351119 -0.936301 0.00751636
-45.7639 59.6271 -56.8115 0.34864 -0.937119 0.0160489
-45.2718 59.8284 -55.9083 0.351015 -0.936099 0.0225279
-45.2782 59.8654 -54.6223 0.343267 -0.938683 0.0322156
-45.2197 59.9187 -53.6193 0.336412 -0.941327 0.0270287
-27.9293 65.9728 -65.0345 0.343185 -0.939038 -0.0206703
-26.8094 66.3707 -64.5214 0.34202 -0.939456 -0.0210494
-25.4281 66.8575 -63.7698 0.342747 -0.939125 -0.0237909
-24.2594 67.2627 -63.0407 0.34378 -0.938575 -0.0298858
-23.3741 67.5676 -62.5171 0.341802 -0.939183 -0.0331987
-22.4805 67.8766 -61.9591 0.346931 -0.937363 -0.0314664
-21.5817 68.1807 -61.1156 0.348189 -0.936895 -0.031476
-20.7104 68.4867 -60.5868 0.348485 -0.936739 -0.0328332
-19.8714 68.784 -59.9741 0.356966 -0.933431 -0.0357868
-18.9623 69.1099 -59.3855 0.360086 -0.932252 -0.0352844
-18.1259 69.3996 -58.5812 0.360608 -0.931872 -0.0396215
-17.1835 69.7407 -57.9534 0.362287 -0.931152 -0.041197
-16.2826 70.082 -57.5851 0.371648 -0.927371 -0.0431407
-15.4302 70.4035 -57.0685 0.382203 -0.922964 -0.0452781
-14.4928 70.7512 -56.2205 0.387618 -0.920755 -0.0443073
-13.6199 71.0959 -55.616 0.391864 -0.919254 -0.037609
-12.5174 71.5529 -55.073 0.404322 -0.914006 -0.0334144
-11.6453 71.9243 -54.5437 0.41816 -0.907627 -0.0368168
-10.8989 72.2511 -53.915 0.42875 -0.902956 -0.0290372
-9.96233 72.6814 -53.388 0.433682 -0.900586 -0.0294074
-9.05992 73.1045 -52.864 0.443462 -0.895975 -0.0238788
-7.95927 73.6439 -52.3674 0.454045 -0.890703 -0.0220797
-7.02928 74.113 -51.7759 0.465489 -0.88493 -0.0148095
-6.09928 74.5977 -51.1227 0.469428 -0.882933 -0.00817946
-5.21332 75.0691 -50.525 0.472501 -0.881318 -0.00466268
-4.19657 75.6169 -50.073 0.472633 -0.881253 -0.00132634
-3.24383 76.133 -49.6576 0.468614 -0.883347 0.00612547
-2.13475 76.7141 -49.1037 0.458165 -0.888826 0.00857659
-1.13842 77.2234 -48.6059 0.443813 -0.89605 0.0106507
-0.0675588 77.747 -47.9871 0.426386 -0.904497 0.00894528
0.841284 78.1775 -47.5866 0.420763 -0.907121 0.00824658
1.90522 78.6494 -47.2486 0.397647 -0.917507 0.00317277
3.06354 79.1494 -46.8309 0.383808 -0.923307 0.0079412
3.94798 79.5098 -46.4174 0.371244 -0.928473 0.0103716
4.88468 79.8816 -46.0269 0.362503 -0.931913 0.0114182
5.78843 80.227 -45.6346 0.352561 -0.935753 0.00779679
7.03955 80.6759 -45.2867 0.330005 -0.943932 0.00757038
8.65629 81.2292 -44.8006 0.312453 -0.949765 0.0156512
9.68107 81.5646 -44.3248 0.304264 -0.952428 0.0174541
10.6985 81.8729 -43.966 0.277023 -0.960634 0.0209851
11.864 82.2131 -43.5631 0.252145 -0.967257 0.0289303
13.1787 82.5623 -43.1136 0.240498 -0.970122 0.0319986
14.6977 82.9453 -42.4905 0.219892 -0.975006 0.031782
15.6679 83.1777 -42.1027 0.204008 -0.978209 0.0337333
16.7721 83.4005 -41.6908 0.187396 -0.981631 0.0357198
18.0914 83.6387 -41.1318 0.157784 -0.986738 0.0381127
19.4707 83.8445 -40.48 0.126166 -0.991534 0.0306993
20.7222 83.9762 -39.9386 0.085603 -0.996027 0.024536
22.0108 84.0558 -39.3252 0.0470486 -0.998751 0.0166793
23.1349 84.0792 -38.7644 0.00480222 -0.999767 0.0208423
24.3756 84.0633 -38.0551 -0.0268336 -0.999465 0.0185383
25.2635 84.0312 -37.4621 -0.0723699 -0.996904 0.0307506
26.5797 83.9164 -36.9101 -0.11032 -0.993714 0.019017
27.5816 83.7972 -36.2795 -0.140196 -0.990111 0.000320796
28.6467 83.615 -35.451 -0.192888 -0.981215 0.00326857
29.6722 83.3797 -34.8956 -0.251878 -0.967435 -0.025054
30.7181 83.0892 -34.3544 -0.268709 -0.963192 0.00757186
31.7306 82.7737 -33.6899 -0.323747 -0.94548 -0.0354249
32.6915 82.4011 -32.9535 -0.371713 -0.928217 -0.0132071
33.5481 82.0478 -32.4084 -0.405042 -0.913869 -0.0236557
34.4636 81.6332 -31.7895 -0.409283 -0.912401 0.00350464
35.3359 81.2057 -31.2096 -0.465818 -0.884738 -0.0120668
36.1831 80.7334 -30.6754 -0.501301 -0.865072 -0.0185025
37.1173 80.172 -30.1069 -0.535299 -0.844214 -0.0198868
37.9512 79.617 -29.7289 -0.556757 -0.830439 -0.0160864
38.7557 79.0511 -29.1516 -0.566525 -0.823836 -0.0185031
39.5002 78.5087 -28.5245 -0.587375 -0.809114 -0.0180398
40.4535 77.7814 -28.0338 -0.61277 -0.790157 -0.012856
41.5561 76.8967 -27.5244 -0.631524 -0.775307 -0.00873851
42.4963 76.1048 -26.9383 -0.65367 -0.756742 -0.00762594
43.251 75.4495 -26.5777 -0.659366 -0.751819 -0.000164476
43.9925 74.798 -26.117 -0.664283 -0.747463 1.74982e-05
44.8412 74.037 -25.6491 -0.671609 -0.740905 0.00116108
45.5773 73.3662 -25.2211 -0.679038 -0.734097 0.00235033
46.5892 72.4299 -24.6141 -0.681787 -0.731549 0.00186799
47.4739 71.6067 -23.9994 -0.684626 -0.728863 0.00682736
48.2381 70.8926 -23.4639 -0.685764 -0.727787 0.00725252
48.9657 70.2115 -23.04 -0.686448 -0.727135 0.00799452
49.6727 69.5477 -22.6116 -0.687483 -0.726152 0.00838872
50.4632 68.8079 -21.9093 -0.687722 -0.725919 0.00892055
51.2774 68.04 -21.512 -0.68853 -0.725147 0.00938602
52.0814 67.2825 -20.916 -0.689728 -0.724012 0.00899475
52.9234 66.4853 -20.3501 -0.69072 -0.723062 0.00932595
53.5459 65.8997 -19.6325 -0.691325 -0.722476 0.00987712
54.3701 65.1202 -18.886 -0.692694 -0.721156 0.0104805
53.8818 65.5886 -18.9019 -0.691532 -0.722267 0.0106976
53.0913 66.3404 -19.215 -0.691362 -0.722433 0.0103998
52.0837 67.2961 -19.7076 -0.689909 -0.723824 0.0101476
51.1601 68.1692 -20.159 -0.689556 -0.724169 0.00964049
50.4348 68.8547 -20.3721 -0.688361 -0.725304 0.00960121
49.5525 69.6845 -20.7833 -0.687272 -0.726333 0.0098861
48.6803 70.5028 -21.134 -0.686028 -0.727521 0.00885403
47.5812 71.5287 -21.7272 -0.684673 -0.728804 0.00819912
46.6895 72.3572 -22.2064 -0.682837 -0.730531 0.00760835
45.7718 73.2041 -22.54 -0.67778 -0.735202 0.00910129
44.8667 74.0334 -22.7252 -0.67272 -0.739842 0.00700006
44.0637 74.7518 -23.0523 -0.668502 -0.743645 0.009593
43.0609 75.6362 -23.5089 -0.655083 -0.755499 0.00934464
42.018 76.5263 -24.0237 -0.647084 -0.762369 0.00869645
41.1937 77.2097 -24.3856 -0.633394 -0.773666 0.0158927
40.3195 77.9072 -24.8087 -0.626002 -0.779566 0.0199395
39.328 78.6629 -25.1583 -0.60635 -0.79506 0.0148038
38.1162 79.5219 -25.361 -0.577054 -0.816543 0.0159369
37.2654 80.0929 -25.5571 -0.557846 -0.829422 0.0294515
36.172 80.7769 -25.77 -0.517095 -0.855038 0.0390253
35.2208 81.3238 -26.0351 -0.499157 -0.865982 0.030307
34.3281 81.8007 -26.2484 -0.456006 -0.888829 0.0399284
33.393 82.2403 -26.5044 -0.418233 -0.907299 0.0434661
32.0979 82.775 -26.8661 -0.364685 -0.928814 0.0656019
31.0656 83.161 -27.1646 -0.366447 -0.927996 0.0673774
30.0031 83.5077 -27.3295 -0.318289 -0.945655 0.0665482
29.018 83.7653 -27.7217 -0.259743 -0.962464 0.0787173
28.0515 83.9973 -28.0184 -0.229437 -0.970645 0.0714249
26.9392 84.2019 -28.2372 -0.162023 -0.982975 0.0866318
25.7512 84.335 -28.6484 -0.126774 -0.988474 0.0827462
24.6508 84.4383 -28.8813 -0.0703971 -0.994408 0.0787177
23.2095 84.4788 -29.2366 -0.00514055 -0.99807 0.0618833
22.117 84.453 -29.5984 0.0274333 -0.998176 0.0537859
20.8852 84.3939 -29.9703 0.0348894 -0.997547 0.0606859
19.4901 84.2612 -30.4435 0.0867501 -0.994081 0.0648033
18.3095 84.1227 -30.8723 0.117474 -0.991007 0.0587058
17.1803 83.9275 -31.408 0.139771 -0.988687 0.054138
16.0728 83.7212 -31.813 0.172024 -0.983464 0.0566182
15.0121 83.4784 -32.2327 0.219019 -0.974386 0.0510204
13.8414 83.174 -32.7175 0.238704 -0.969374 0.057752
12.8338 82.8876 -33.1811 0.26552 -0.962697 0.0520941
11.7836 82.5744 -33.6044 0.276014 -0.959562 0.054388
10.8725 82.2793 -34.0157 0.292966 -0.954661 0.052128
9.77324 81.9 -34.5203 0.317377 -0.947028 0.0490885
8.71348 81.5101 -35.1832 0.317849 -0.946841 0.0496349
7.87551 81.1923 -35.7002 0.332038 -0.94244 0.0394556
6.89239 80.8116 -36.3476 0.34758 -0.936972 0.0356136
5.93767 80.4383 -36.9604 0.347964 -0.937145 0.0260317
4.74795 79.9591 -37.7596 0.358497 -0.93312 0.0276676
3.55276 79.4657 -38.3696 0.375888 -0.926341 0.0239235
2.1312 78.8374 -39.3233 0.396188 -0.918021 0.016465
1.23748 78.4348 -39.8148 0.400782 -0.915925 0.0213519
0.364578 78.0259 -40.3213 0.422545 -0.906053 0.0228971
-0.94675 77.3937 -40.848 0.436163 -0.899611 0.0210314
-1.96915 76.8762 -41.1396 0.454845 -0.890416 0.0160119
-3.01826 76.3195 -41.5349 0.467663 -0.883849 0.0101499
-4.14403 75.7038 -41.9604 0.485503 -0.87399 0.0189944
-5.08318 75.1697 -42.1965 0.490418 -0.871304 0.0178572
-6.39092 74.4255 -42.2079 0.495592 -0.868438 0.0142976
-7.47262 73.8098 -42.2746 0.490716 -0.871318 0.0016136
-8.7923 73.0754 -42.3656 0.479436 -0.877554 0.00636805
-9.96482 72.4486 -42.3726 0.462034 -0.886862 -4.23046e-05
-11.0893 71.8805 -42.3747 0.436897 -0.899477 -0.00790522
-12.2608 71.3161 -42.2994 0.423736 -0.905785 -0.0015294
-13.2689 70.8544 -42.2587 0.405339 -0.91409 -0.0117483
-14.5826 70.2799 -42.1699 0.390005 -0.920695 -0.0136978
-15.6721 69.8328 -41.9901 0.371126 -0.928491 -0.0130493
-16.8692 69.3664 -41.7932 0.349383 -0.936765 -0.0200445
-17.9671 68.9606 -41.4519 0.332661 -0.942971 -0.0119012
-19.226 68.5221 -41.1634 0.323665 -0.946106 -0.0111004
-20.3931 68.1272 -40.8658 0.314179 -0.949319 -0.00925818
-21.3998 67.7953 -40.5742 0.307602 -0.951504 -0.00453653
-22.5649 67.4194 -40.2131 0.303628 -0.952786 -0.00302547
-23.538 67.1103 -39.8906 0.297779 -0.954634 -0.00142713
-24.8461 66.7064 -39.5552 0.290668 -0.956824 0.000225451
-25.8927 66.3883 -39.2979 0.290605 -0.956838 0.00237905
-26.9473 66.071 -39.0425 0.290769 -0.956782 0.00390927
-28.3203 65.6586 -38.8965 0.288519 -0.957435 0.00868866
-29.3705 65.3452 -38.644 0.287739 -0.957652 0.0104138
-30.5823 64.9835 -38.4177 0.287706 -0.95763 0.0130577
-31.7715 64.6279 -38.2027 0.290357 -0.956807 0.0145834
-32.8233 64.3093 -38.1729 0.289682 -0.956981 0.0164649
-33.9527 63.9641 -38.171 0.2929 -0.955948 0.0192643
-35.0418 63.6239 -38.3784 0.297643 -0.954472 0.0198008
-36.1564 63.2754 -38.4295 0.299269 -0.953957 0.0200051
-37.2972 62.9124 -38.5079 0.301584 -0.953196 0.0215104
-38.4363 62.5412 -38.8375 0.304502 -0.952275 0.0212469
-39.7118 62.1229 -39.1206 0.307689 -0.951231 0.0220883
-40.6647 61.8043 -39.4368 0.311282 -0.950044 0.0227669
-41.6414 61.4728 -39.7888 0.314646 -0.948919 0.0234524
-42.858 61.0598 -40.1371 0.316622 -0.948267 0.0232486
-43.8148 60.7297 -40.4718 0.320345 -0.947013 0.0233656
-45.0299 60.3039 -40.9981 0.32299 -0.94612 0.0231001
-46.0044 59.9597 -41.3423 0.325271 -0.945353 0.0224134
-47.0567 59.586 -41.6882 0.329582 -0.94394 0.0187835
-48.062 59.2265 -42.0552 0.333565 -0.942529 0.0193209
-49.0033 58.8862 -42.3925 0.336579 -0.941485 0.0179118
-50.1616 58.4634 -42.8454 0.336734 -0.941434 0.0176983
-51.3798 58.0153 -43.368 0.33891 -0.94065 0.0178362
-52.4272 57.6242 -43.859 0.343345 -0.939031 0.018323
-53.5174 57.2111 -44.398 0.347318 -0.937551 0.0191838
-54.5136 56.8289 -45.0286 0.349812 -0.936673 0.0165929
-55.772 56.3401 -45.9394 0.352364 -0.93569 0.0179929
-56.5366 56.0387 -46.6243 0.353467 -0.935204 0.021326
-57.2606 55.7408 -47.657 0.354916 -0.934614 0.0229699
-57.5976 55.5776 -49.0074 0.35491 -0.934587 0.0241941
-57.7077 55.5043 -50.073 0.356888 -0.933736 0.0276864
-57.6302 55.4985 -51.1736 0.359128 -0.932752 0.0316437
-57.6039 55.468 -52.313 0.360584 -0.932035 0.0359176
-57.5117 55.4588 -53.4488 0.361906 -0.931422 0.0384359
-57.422 55.4398 -54.7301 0.362873 -0.930987 0.0398249
-57.5143 55.3595 -55.7664 0.363636 -0.930723 0.0390104
-57.4656 55.3358 -56.811 0.36406 -0.930671 0.0361693
-57.5195 55.2648 -58.2112 0.363543 -0.931061 0.0310145
-57.3751 55.2673 -59.946 0.366904 -0.929876 0.0266879
-56.9727 55.3864 -61.3543 0.361265 -0.932195 0.0223774
-56.125 55.691 -62.3592 0.359951 -0.932737 0.0208735
-55.2683 56.01 -62.9276 0.35867 -0.933236 0.02055
-54.2319 56.392 -63.634 0.358147 -0.933459 0.01961
-53.3204 56.7274 -64.2169 0.353974 -0.935093 0.0173427
-52.3054 57.1015 -64.8267 0.352595 -0.935635 0.0161335
-51.035 57.5692 -65.4063 0.350869 -0.936305 0.0149383
-49.883 57.9927 -65.8942 0.349138 -0.936962 0.0142357
-48.7662 58.4028 -66.2263 0.347479 -0.937595 0.0131871
-47.482 58.8718 -66.6089 0.345742 -0.938256 0.0117497
-46.2825 59.3109 -66.7813 0.344246 -0.938813 0.0111386
-45.2834 59.6752 -66.9553 0.343802 -0.938977 0.0110519
-43.9393 60.1619 -67.3146 0.342396 -0.939498 0.0103729
-42.4871 60.6899 -67.4114 0.342084 -0.939615 0.0100899
-41.2762 61.1303 -67.4948 0.342376 -0.939526 0.00835449
-40.3015 61.4856 -67.4812 0.343307 -0.939193 0.0074721
-39.0487 61.9451 -67.5245 0.344782 -0.938659 0.00669642
-38.0468 62.3117 -67.4884 0.344799 -0.938674 0.00196563
-37.0489 62.6783 -67.4351 0.3435 -0.939151 0.000777061
-35.7428 63.1567 -67.1793 0.345049 -0.938582 -0.00242555
-34.6349 63.5611 -67.0976 0.34383 -0.939021 -0.00465287
-33.6043 63.9349 -66.875 0.34225 -0.939581 -0.0070774
-32.4408 64.3565 -66.6767 0.341527 -0.939815 -0.0103367
-31.3716 64.7424 -66.3273 0.342398 -0.939482 -0.011651
-30.3522 65.1091 -66.0032 0.342733 -0.939331 -0.0138163
-29.3237 65.4777 -65.6357 0.34188 -0.939581 -0.0174588
-28.2842 65.8474 -65.1924 0.34127 -0.939737 -0.0207011
-27.9239 65.9991 -66.138 0.343174 -0.939042 -0.0206705
-26.7364 66.4218 -65.5523 0.345497 -0.938142 -0.0227153
-25.6752 66.8016 -65.0857 0.346208 -0.937815 -0.0253169
-24.5751 67.1888 -64.3725 0.345982 -0.937874 -0.0262476
-23.5791 67.5379 -63.8642 0.343472 -0.938684 -0.029976
-22.7433 67.8247 -63.27 0.346082 -0.937608 -0.0334568
-21.8503 68.1341 -62.6872 0.346579 -0.937543 -0.0299352
-21.0344 68.4125 -61.9375 0.34954 -0.936396 -0.0313736
-20.1347 68.7327 -61.3519 0.358602 -0.932914 -0.0328115
-19.2239 69.0594 -60.729 0.359132 -0.932634 -0.0348217
-18.0266 69.4905 -59.8702 0.360759 -0.931942 -0.0365655
-17.2644 69.7605 -59.1163 0.366654 -0.929394 -0.04232
-16.243 70.1447 -58.6079 0.373606 -0.926751 -0.0393707
-15.2528 70.5254 -58.1198 0.381301 -0.9235 -0.0419152
-14.4744 70.819 -57.5173 0.384049 -0.922408 -0.0406861
-13.7541 71.0884 -56.785 0.389002 -0.920268 -0.0421381
-12.7565 71.493 -56.2503 0.401755 -0.91496 -0.0379572
-11.5956 71.9919 -55.681 0.415526 -0.908977 -0.0329295
-10.7122 72.3725 -54.9837 0.425192 -0.904698 -0.0265864
-9.74817 72.8104 -54.3412 0.430588 -0.902185 -0.0252506
-8.59272 73.3591 -53.7352 0.439801 -0.897845 -0.021186
-7.7003 73.799 -53.2961 0.451878 -0.891787 -0.0228537
-6.66877 74.317 -52.7636 0.461398 -0.887107 -0.0122898
-5.78579 74.7734 -52.1203 0.469579 -0.882858 -0.00756625
-4.98524 75.1966 -51.5399 0.472157 -0.881502 -0.00463934
-3.94716 75.7506 -51.0618 0.469942 -0.882697 -0.000771313
-2.70012 76.4093 -50.4554 0.458574 -0.888612 0.00887285
-1.59773 76.9801 -49.8938 0.455018 -0.89047 0.00466773
-0.605508 77.4748 -49.4663 0.436301 -0.899705 0.0131051
0.227791 77.8783 -48.9241 0.425772 -0.904823 0.00361498
1.34406 78.3961 -48.4435 0.409851 -0.912041 0.014289
2.31359 78.8191 -48.1205 0.391344 -0.920235 0.0042464
3.35527 79.2599 -47.7199 0.373284 -0.927691 0.00701652
4.58278 79.7514 -47.2441 0.362201 -0.932075 0.00659299
5.62465 80.1539 -46.8347 0.350165 -0.93665 0.00832127
6.80153 80.5832 -46.3944 0.335226 -0.94212 0.00581512
7.97951 80.9901 -46.0669 0.313631 -0.949445 0.0106841
8.96152 81.3119 -45.7524 0.306838 -0.951632 0.0157236
9.93059 81.6236 -45.2557 0.286318 -0.958025 0.0143162
11.2199 82.0083 -44.8768 0.280766 -0.959682 0.0134651
12.5961 82.3879 -44.3216 0.256018 -0.966458 0.0203491
13.9499 82.742 -43.8931 0.238041 -0.971024 0.0190851
15.332 83.0745 -43.2886 0.212313 -0.976922 0.0198251
16.7541 83.3749 -42.7666 0.18256 -0.982924 0.0191845
17.6893 83.5456 -42.3487 0.167187 -0.985761 0.0171537
18.8578 83.7353 -41.8961 0.143295 -0.989537 0.016832
19.8156 83.874 -41.3537 0.130853 -0.991294 0.0146161
20.8326 83.9794 -40.9687 0.0800582 -0.996661 0.00212019
21.9263 84.0519 -40.4239 0.0633599 -0.997985 0.000348496
23.2089 84.0802 -39.8196 -0.00472561 -0.999762 -0.00665985
24.2662 84.0534 -39.3129 -0.0231389 -0.999718 0.00245018
25.1616 84.0158 -38.6914 -0.0700789 -0.99754 -0.000768646
26.0648 83.9517 -38.1404 -0.0973014 -0.995122 -0.0144261
27.4532 83.8151 -37.5685 -0.102101 -0.994703 0.011908
28.5895 83.6486 -36.7453 -0.166247 -0.98605 -0.00819577
29.4442 83.4763 -36.1584 -0.246518 -0.968668 -0.0301926
30.5201 83.175 -35.5932 -0.255917 -0.965747 -0.0428845
31.4525 82.8878 -34.9749 -0.315526 -0.948571 -0.025609
32.4616 82.5198 -34.302 -0.366491 -0.93022 -0.0193364
33.2707 82.1894 -33.7441 -0.379978 -0.924713 -0.0175146
34.3123 81.7205 -33.0717 -0.416618 -0.908532 -0.0316084
35.4096 81.1748 -32.2861 -0.458522 -0.888664 -0.00585985
36.2216 80.7328 -31.7756 -0.49818 -0.866876 -0.0183654
37.1322 80.1809 -31.1901 -0.516401 -0.855531 -0.0373843
38.0623 79.5636 -30.7237 -0.561812 -0.827056 -0.0186015
38.8994 78.9797 -30.2247 -0.575734 -0.817195 -0.0234751
39.5938 78.4639 -29.6443 -0.584639 -0.811131 -0.016228
40.3233 77.9044 -29.1523 -0.60552 -0.795368 -0.0271269
41.2163 77.1961 -28.8028 -0.628054 -0.777813 -0.0235537
41.9664 76.5788 -28.4074 -0.644114 -0.764837 -0.0118845
42.8329 75.8184 -27.8518 -0.657166 -0.753554 -0.0132818
43.8239 74.9489 -27.3731 -0.660932 -0.750386 -0.00950331
44.549 74.2997 -26.8822 -0.667828 -0.744314 -0.00160292
45.3093 73.6093 -26.4654 -0.674666 -0.738108 -0.00474068
46.0791 72.9004 -26.0673 -0.680699 -0.732559 0.00241387
46.8668 72.1667 -25.5243 -0.683483 -0.729966 0.000935845
47.6899 71.3957 -24.9666 -0.685701 -0.727876 0.00331292
48.4318 70.7014 -24.4515 -0.686566 -0.727036 0.00671349
49.2263 69.9554 -23.92 -0.686962 -0.726657 0.00722581
49.9981 69.2295 -23.498 -0.6881 -0.725566 0.00850447
50.803 68.4743 -22.8152 -0.68801 -0.725647 0.00885967
51.5649 67.7554 -22.4325 -0.688591 -0.725097 0.00870599
52.2916 67.0706 -21.8812 -0.689708 -0.724036 0.00862817
52.9392 66.4582 -21.3508 -0.691081 -0.722727 0.00846437
53.6249 65.808 -20.8441 -0.691597 -0.722233 0.00858263
54.3894 65.084 -20.1627 -0.692944 -0.720926 0.00976086
55.3549 64.1639 -19.5154 -0.693849 -0.720048 0.0102715
56.0164 63.5325 -19.0331 -0.694813 -0.719124 0.00979349
56.7599 62.8209 -18.4683 -0.695486 -0.718491 0.00835132
57.4761 62.1362 -17.6485 -0.697931 -0.716088 0.0104947
57.9059 61.7313 -16.7457 -0.697882 -0.716114 0.0118489
57.0519 62.5638 -16.6794 -0.697708 -0.716276 0.0123062
56.2788 63.3094 -16.9201 -0.695258 -0.718656 0.0122397
55.4876 64.0682 -17.3024 -0.69522 -0.718694 0.0121938
54.6099 64.9096 -17.5392 -0.693097 -0.720747 0.0118491
53.6713 65.8048 -17.9296 -0.691722 -0.722071 0.011565
52.9574 66.4827 -18.2377 -0.690827 -0.722945 0.0104029
52.2353 67.1666 -18.5982 -0.690432 -0.723324 0.0102611
51.4999 67.8615 -19.0053 -0.689261 -0.72444 0.0102804
50.6263 68.6878 -19.3006 -0.688553 -0.725114 0.0102283
49.7829 69.4825 -19.611 -0.686924 -0.72665 0.0107087
48.7246 70.4748 -20.0971 -0.685563 -0.727942 0.0101538
47.9193 71.2275 -20.4287 -0.684487 -0.728945 0.0107908
47.1298 71.9609 -20.9218 -0.68248 -0.73084 0.00969697
46.3047 72.7248 -21.2913 -0.679443 -0.733649 0.010589
45.2362 73.7079 -21.5498 -0.676591 -0.73628 0.0106614
44.4432 74.4288 -21.857 -0.673022 -0.739545 0.0107609
43.676 75.1148 -22.2567 -0.67075 -0.741539 0.0146258
42.897 75.8016 -22.5024 -0.660788 -0.750439 0.0141565
41.901 76.6485 -23.0273 -0.648663 -0.760722 0.0230167
41.0329 77.3672 -23.3733 -0.633556 -0.773258 0.0260464
40.061 78.1395 -23.8644 -0.627826 -0.777845 0.0275151
39.0843 78.8788 -24.1784 -0.595098 -0.80212 0.0458588
38.2013 79.5059 -24.2875 -0.570911 -0.820135 0.0340654
37.0514 80.272 -24.6317 -0.553102 -0.831999 0.0397559
36.1057 80.8586 -24.781 -0.519806 -0.853683 0.0320409
35.2227 81.3696 -25.0624 -0.506282 -0.860776 0.0523779
34.1713 81.9204 -25.3186 -0.472816 -0.880339 0.0377751
33.2241 82.3841 -25.516 -0.444772 -0.894203 0.0507771
32.2658 82.8069 -25.8112 -0.392866 -0.915083 0.0858152
31.3081 83.1547 -26.1144 -0.368089 -0.923813 0.105266
30.016 83.5951 -26.2907 -0.319143 -0.942051 0.10338
28.9075 83.884 -26.6994 -0.265421 -0.960044 0.0887019
27.9247 84.1141 -27.0552 -0.243055 -0.965816 0.0901339
26.7202 84.3208 -27.2928 -0.15591 -0.984009 0.0861274
25.3383 84.4662 -27.7136 -0.125956 -0.988502 0.0836491
24.061 84.5478 -28.0263 -0.0727653 -0.994396 0.0766288
22.9511 84.5544 -28.2949 -0.0163627 -0.998005 0.0609706
21.4093 84.4971 -28.7456 0.0231034 -0.995526 0.0916145
20.4227 84.4282 -29.0472 0.0580299 -0.994421 0.0879311
19.1457 84.3023 -29.5307 0.0857472 -0.992927 0.0821223
18.1526 84.1767 -29.8041 0.125275 -0.989342 0.0742262
17.1585 84.0005 -30.3708 0.132344 -0.987897 0.0809019
16.0112 83.79 -30.7399 0.17997 -0.980705 0.0741352
15.1007 83.5716 -31.1668 0.208994 -0.975002 0.0754236
14.0296 83.2957 -31.5862 0.230229 -0.970788 0.0675682
12.9308 82.9833 -32.1308 0.254146 -0.964962 0.0652469
11.5659 82.5706 -32.6208 0.276925 -0.9589 0.0602735
10.6246 82.2533 -33.0778 0.295407 -0.953978 0.0515844
9.71016 81.9364 -33.4625 0.314457 -0.94778 0.0531946
8.722 81.5762 -34.0372 0.313951 -0.947907 0.0539182
7.80818 81.2169 -34.5705 0.335353 -0.940592 0.0521489
6.92092 80.8705 -35.1156 0.348746 -0.936499 0.0366879
5.86339 80.452 -35.7881 0.353974 -0.934611 0.0337367
5.0639 80.1194 -36.4208 0.360336 -0.932337 0.0299226
4.19322 79.7647 -36.873 0.372405 -0.927642 0.0281814
3.13903 79.318 -37.4418 0.386915 -0.921751 0.0249118
1.92668 78.7764 -38.2797 0.396808 -0.917548 0.0248714
0.857164 78.2906 -38.8653 0.401292 -0.915647 0.0234615
-0.103104 77.8322 -39.4667 0.420519 -0.906441 0.0381144
-1.30675 77.2462 -39.9496 0.438804 -0.897726 0.0361468
-2.29524 76.7373 -40.2173 0.455618 -0.889627 0.0302708
-3.15824 76.2724 -40.5731 0.46932 -0.882614 0.0270528
-4.27572 75.6515 -40.9153 0.481509 -0.876102 0.0231711
-5.49814 74.9563 -41.2129 0.491372 -0.870723 0.0197441
-6.4441 74.4099 -41.2179 0.499632 -0.866106 0.0146387
-7.59725 73.7414 -41.2913 0.496242 -0.868118 0.00684081
-8.54072 73.2071 -41.3961 0.493928 -0.869503 0.000309172
-9.72497 72.565 -41.3983 0.468746 -0.883312 -0.00615581
-10.9285 71.9391 -41.3848 0.459239 -0.888257 -0.00999258
-12.1289 71.3592 -41.3008 0.427378 -0.903819 -0.0214237
-13.3549 70.7988 -41.2658 0.405781 -0.913765 -0.0190714
-14.3894 70.3465 -41.1655 0.38699 -0.921954 -0.0153415
-15.3813 69.928 -40.9979 0.38198 -0.923898 -0.0212254
-16.5088 69.4854 -40.8516 0.35321 -0.935419 -0.0152701
-17.4981 69.1134 -40.5326 0.340991 -0.940017 -0.00967739
-18.4549 68.7771 -40.3145 0.324874 -0.945708 -0.0095556
-19.4148 68.4456 -40.125 0.324561 -0.945798 -0.0112016
-20.4077 68.1134 -39.8422 0.314513 -0.949224 -0.00749506
-21.3736 67.7968 -39.5694 0.305187 -0.952245 -0.00954539
-22.712 67.3674 -39.157 0.302326 -0.95317 -0.00809509
-23.7063 67.0557 -38.8706 0.29641 -0.955055 -0.00327585
-25.1352 66.6182 -38.4928 0.289244 -0.957253 0.000907864
-26.2039 66.2974 -38.1907 0.287149 -0.957874 0.00419784
-27.649 65.8668 -37.9951 0.286596 -0.958024 0.00714043
-28.8213 65.5185 -37.748 0.28688 -0.957933 0.00802667
-30.1638 65.1213 -37.4921 0.286987 -0.957851 0.0126367
-31.1989 64.8139 -37.3416 0.287087 -0.95779 0.0147471
-32.3582 64.4662 -37.2241 0.288918 -0.957195 0.0173686
-33.7387 64.0494 -37.1594 0.291449 -0.956392 0.0192932
-34.8312 63.7111 -37.3517 0.293105 -0.955831 0.0218475
-36.0294 63.3363 -37.4787 0.298056 -0.954294 0.0220049
-37.0382 63.0206 -37.415 0.301939 -0.953056 0.0227386
-38.0644 62.689 -37.6295 0.305401 -0.951924 0.0239074
-39.3616 62.2618 -38.0322 0.306922 -0.951421 0.0244176
-40.641 61.8384 -38.3593 0.310961 -0.950072 0.0258248
-41.7291 61.469 -38.7846 0.314688 -0.948832 0.0261916
-42.786 61.1089 -39.1351 0.317595 -0.947881 0.0255934
-44.0307 60.6805 -39.5477 0.320565 -0.946908 0.0245781
-45.063 60.3161 -40.0308 0.323809 -0.945783 0.0253572
-46.2009 59.9155 -40.3392 0.33026 -0.943621 0.0225336
-47.3069 59.5198 -40.7287 0.329341 -0.943967 0.0214689
-48.6517 59.0347 -41.195 0.334548 -0.942172 0.0197193
-49.6462 58.6736 -41.5454 0.336888 -0.941337 0.0197682
-50.61 58.3196 -41.9362 0.338439 -0.94081 0.0183175
-51.6777 57.9252 -42.3849 0.34227 -0.939431 0.0178935
-52.802 57.5045 -42.9232 0.344818 -0.938484 0.018669
-53.7523 57.1455 -43.3284 0.348048 -0.937292 0.0186062
-54.614 56.8137 -43.9171 0.348195 -0.937237 0.0186201
-55.8216 56.3469 -44.7263 0.3502 -0.936483 0.0189655
-56.9816 55.8914 -45.6729 0.352419 -0.935631 0.0198152
-57.8432 55.543 -46.6803 0.353591 -0.935145 0.0218636
-58.4355 55.2881 -47.962 0.353575 -0.935101 0.0239148
-58.5854 55.1965 -49.2359 0.353869 -0.934885 0.0276843
-58.6001 55.1464 -50.6135 0.355873 -0.934 0.0315987
-58.5299 55.1283 -51.8578 0.358207 -0.932949 0.0359686
-58.5085 55.0898 -53.0298 0.359692 -0.93225 0.0391253
-58.4447 55.0604 -54.2972 0.361891 -0.931291 0.0416133
-58.4077 55.0203 -55.5545 0.362914 -0.930967 0.039933
-58.3816 54.9844 -56.6311 0.364057 -0.930672 0.0361754
-58.4498 54.9038 -58.0594 0.366904 -0.929672 0.0330368
-58.3834 54.8905 -59.2133 0.366284 -0.929997 0.0306919
-58.3305 54.8783 -60.3647 0.367369 -0.929704 0.0262708
-58.0453 54.9658 -61.3437 0.366729 -0.930085 0.0212584
-57.2902 55.2366 -62.4979 0.36436 -0.931058 0.019335
-56.6205 55.4808 -63.2533 0.36218 -0.931909 0.0192586
-55.5753 55.8713 -63.9195 0.359725 -0.932894 0.0174785
-54.7148 56.1889 -64.5741 0.357248 -0.933852 0.0171809
-53.6378 56.5901 -65.2049 0.356386 -0.934197 0.0162639
-52.7661 56.9122 -65.7309 0.354614 -0.934909 0.0139496
-51.7842 57.2767 -66.1874 0.35153 -0.936086 0.0130422
-50.8272 57.6299 -66.5889 0.350527 -0.936458 0.0133396
-49.574 58.0922 -67.0245 0.349156 -0.936975 0.0129182
-47.8827 58.7129 -67.5497 0.347787 -0.937498 0.0119114
-46.3647 59.2697 -67.7553 0.344769 -0.938628 0.010562
-45.3152 59.6519 -67.9639 0.344041 -0.938897 0.010381
-44.271 60.0303 -68.2715 0.343165 -0.939216 0.0105541
-42.493 60.6773 -68.4022 0.342543 -0.939446 0.0102661
-41.4345 61.0624 -68.4881 0.343529 -0.939098 0.00901992
-40.0534 61.5689 -68.4531 0.344239 -0.938845 0.00838455
-39.0285 61.9457 -68.5533 0.34632 -0.938087 0.00743293
-38.0663 62.3018 -68.4952 0.347944 -0.937504 0.00456128
-37.0089 62.6924 -68.4446 0.347534 -0.937667 0.000171293
-35.9189 63.094 -68.2336 0.345147 -0.938548 -0.00124954
-34.9306 63.4585 -68.0833 0.345328 -0.938469 -0.00451926
-33.7992 63.8732 -67.9846 0.345036 -0.938568 -0.00627977
-32.643 64.294 -67.7513 0.343121 -0.939253 -0.00850171
-31.3016 64.7806 -67.3449 0.34393 -0.938914 -0.0123293
-30.0735 65.2268 -67.0023 0.343743 -0.938946 -0.0148701
-29.1456 65.5612 -66.6403 0.345128 -0.938418 -0.0160104
-28.0572 65.9519 -66.1955 0.342764 -0.939223 -0.0192062
-28.0117 65.9881 -67.2294 0.349804 -0.936645 -0.0182335
-29.1269 65.5874 -67.6988 0.346184 -0.93801 -0.0171399
-30.1662 65.2091 -68.0487 0.34669 -0.937867 -0.0145558
-31.1959 64.8338 -68.3241 0.347011 -0.93773 -0.0152886
-32.1384 64.4884 -68.7279 0.345305 -0.938448 -0.0088996
-33.1089 64.1343 -68.8819 0.343316 -0.939176 -0.00881175
-34.4907 63.6245 -69.0851 0.347524 -0.937663 -0.00370672
-35.5533 63.2319 -69.2359 0.346661 -0.937988 -0.00220052
-36.9797 62.7014 -69.4254 0.348506 -0.937304 0.00165102
-37.9778 62.3309 -69.4842 0.34832 -0.937372 0.00256149
-38.9774 61.9575 -69.6185 0.349023 -0.93708 0.00803687
-40.1347 61.53 -69.4383 0.345909 -0.938208 0.0106516
-41.1441 61.1587 -69.5147 0.344259 -0.938824 0.00980099
-42.1074 60.8062 -69.4254 0.34531 -0.938439 0.00963244
-43.1802 60.4152 -69.3731 0.342448 -0.939463 0.0118123
-44.5075 59.9339 -69.2666 0.34295 -0.93932 0.00796468
-45.5443 59.5573 -68.9443 0.343866 -0.938967 0.00989048
-46.8383 59.082 -68.8893 0.345629 -0.938311 0.0106749
-47.9859 58.6621 -68.5577 0.34818 -0.937379 0.00939457
-49.0278 58.28 -68.2235 0.347426 -0.93764 0.0112093
-50.5263 57.7272 -67.7638 0.35044 -0.936508 0.0120134
-51.6613 57.3073 -67.3145 0.351157 -0.936236 0.0122916
-52.6816 56.9267 -66.9713 0.353536 -0.93535 0.0115304
-53.5631 56.5984 -66.4464 0.356143 -0.934317 0.0146273
-54.4229 56.2776 -65.9722 0.358173 -0.933543 0.0143926
-55.4179 55.9039 -65.4315 0.358237 -0.933501 0.0155626
-56.1925 55.6165 -64.7957 0.360187 -0.932732 0.0166178
-57.1682 55.252 -64.0588 0.361383 -0.932251 0.0175971
-57.8694 54.9939 -63.294 0.364299 -0.931112 0.0177404
-58.6789 54.6925 -62.4184 0.368004 -0.929661 0.0174111
-59.1365 54.533 -61.438 0.369219 -0.929135 0.0196541
-59.3306 54.4899 -60.0263 0.371034 -0.92824 0.0265536
-59.3686 54.5082 -58.9669 0.368701 -0.929045 0.0305462
-59.3371 54.5657 -57.6731 0.369061 -0.928798 0.0335967
-59.3423 54.6063 -56.6184 0.366563 -0.929449 0.0418996
-59.3725 54.6544 -55.2607 0.365554 -0.929916 0.0403231
-59.4116 54.7017 -53.9366 0.360573 -0.931813 0.0413771
-59.4636 54.7375 -52.6489 0.359212 -0.932439 0.0390438
-59.4927 54.7779 -51.3954 0.355675 -0.933903 0.0363287
-59.548 54.8078 -49.991 0.353045 -0.935069 0.0316972
-59.4937 54.8667 -48.782 0.35202 -0.935596 0.027241
-59.3946 54.9322 -47.7382 0.351554 -0.935854 0.0242421
-58.9623 55.1212 -46.645 0.353019 -0.935354 0.0221465
-58.2325 55.4214 -45.5719 0.352794 -0.935464 0.0210693
-57.4072 55.7511 -44.748 0.352226 -0.93569 0.0205154
-56.5919 56.0733 -44.0143 0.350894 -0.936208 0.0196474
-55.3124 56.567 -43.2647 0.349859 -0.936609 0.0190508
-53.928 57.1021 -42.2401 0.348007 -0.9373 0.0189468
-52.7203 57.5571 -41.7311 0.343509 -0.938969 0.0184058
-51.6591 57.9544 -41.2497 0.343483 -0.938945 0.0199792
-50.2988 58.4571 -40.7009 0.33785 -0.940953 0.0215741
-49.099 58.8952 -40.2817 0.332983 -0.942697 0.0209932
-48.1739 59.2305 -39.9575 0.334377 -0.942224 0.0201487
-47.2407 59.5696 -39.6214 0.330988 -0.943326 0.0241082
-46.2711 59.917 -39.3101 0.331098 -0.943246 0.0256561
-45.28 60.2678 -39.0612 0.323813 -0.945781 0.0253522
-44.3227 60.6054 -38.6339 0.324363 -0.945487 0.0290439
-43.2654 60.9735 -38.2754 0.315717 -0.948407 0.0291027
-42.3105 61.3003 -37.9418 0.316038 -0.948375 0.0265406
-41.421 61.6068 -37.5163 0.308726 -0.950585 0.0328096
-40.4462 61.932 -37.187 0.308569 -0.950911 0.0235297
-39.4884 62.2479 -36.9637 0.307058 -0.951392 0.0238283
-38.1836 62.6778 -36.6069 0.305768 -0.951663 0.028941
-36.4141 63.2399 -36.4404 0.297971 -0.954278 0.0237269
-35.388 63.5618 -36.3814 0.295926 -0.954922 0.0234945
-34.3457 63.885 -36.1709 0.291092 -0.956485 0.020056
-33.3319 64.1927 -36.1897 0.289598 -0.95695 0.0194873
-32.1058 64.5609 -36.3125 0.288593 -0.957233 0.0204603
-31.0791 64.8634 -36.3806 0.28617 -0.958077 0.0139808
-29.8914 65.2162 -36.5151 0.287844 -0.957554 0.0152103
-28.5436 65.6129 -36.7273 0.284116 -0.958723 0.0113101
-27.467 65.9283 -37.0366 0.284819 -0.958564 0.00581221
-26.458 66.2295 -37.1015 0.285981 -0.958205 0.00762497
-25.4431 66.5252 -37.429 0.281401 -0.95955 0.00288184
-24.2825 66.88 -37.715 0.295709 -0.955269 0.0014683
-23.2019 67.2061 -38.0151 0.291065 -0.956638 -0.0039671
-21.8501 67.6371 -38.4095 0.307422 -0.951546 -0.00602443
-20.6163 68.0298 -38.766 0.303733 -0.952607 -0.0129928
-19.6313 68.3576 -39.043 0.318029 -0.94789 -0.0165909
-18.6818 68.6859 -39.2895 0.32194 -0.946713 -0.00940106
-16.9836 69.2891 -39.6191 0.341645 -0.939704 -0.0152294
-15.9898 69.6572 -39.8983 0.35833 -0.933198 -0.0272333
-14.8249 70.1419 -39.9692 0.387876 -0.92152 -0.0188113
-13.7944 70.5822 -40.2839 0.398719 -0.916604 -0.0246198
-12.1513 71.3165 -40.2979 0.41647 -0.908544 -0.03067
-11.1285 71.8137 -40.381 0.458081 -0.888416 -0.0296386
-9.90621 72.4501 -40.4169 0.465764 -0.884546 -0.0252142
-8.87335 73.0104 -40.4303 0.492411 -0.870275 -0.0122171
-7.68505 73.6969 -40.349 0.505306 -0.862931 0.00147026
-6.21692 74.5655 -40.2444 0.520537 -0.853746 0.00794118
-5.11527 75.2094 -39.9853 0.49003 -0.87132 0.0258666
-4.14883 75.7565 -39.7977 0.491321 -0.870048 0.0378807
-3.00029 76.401 -39.472 0.465476 -0.883332 0.0552893
-1.90828 76.9885 -38.9324 0.453299 -0.890345 0.0424974
-0.810898 77.5355 -38.6996 0.424151 -0.904067 0.0525272
0.0410509 77.9504 -38.1341 0.41396 -0.909495 0.0381598
1.091 78.4385 -37.5704 0.393849 -0.918536 0.0342652
2.07033 78.8789 -36.9398 0.393061 -0.918988 0.0309343
3.34271 79.4444 -36.1282 0.378702 -0.924804 0.0347957
4.23352 79.8199 -35.7188 0.372673 -0.927218 0.0366833
5.7179 80.4381 -34.7881 0.361816 -0.930788 0.0521067
6.59424 80.8002 -34.1047 0.349476 -0.93464 0.0640083
7.46738 81.1681 -33.6459 0.323141 -0.94343 0.0742958
8.39001 81.5271 -33.0491 0.307505 -0.949364 0.0644127
9.38756 81.8846 -32.5317 0.309849 -0.948981 0.0584962
10.6953 82.3402 -31.9507 0.299658 -0.952531 0.0537658
11.6372 82.6682 -31.5608 0.269182 -0.959975 0.0773873
12.7044 82.9978 -31.071 0.253828 -0.964695 0.0702445
13.7462 83.3111 -30.6303 0.239953 -0.967129 0.0820806
14.7709 83.5741 -30.2417 0.204713 -0.975766 0.0772837
15.907 83.8545 -29.6658 0.188305 -0.978338 0.0860049
16.8591 84.0488 -29.3033 0.137311 -0.985131 0.103265
17.8957 84.2287 -28.8009 0.122888 -0.987889 0.0947273
19.0262 84.3776 -28.5747 0.0781114 -0.992179 0.0973648
20.2634 84.517 -27.9898 0.059994 -0.994451 0.086263
21.4413 84.5959 -27.6592 0.0397409 -0.994658 0.095246
22.8996 84.6508 -27.3117 -0.00697443 -0.994288 0.105669
24.2759 84.6408 -26.9105 -0.0508158 -0.994424 0.0924046
25.2775 84.5883 -26.6295 -0.105083 -0.988622 0.105306
26.437 84.453 -26.2815 -0.150147 -0.983502 0.0997113
27.5199 84.3031 -26.2008 -0.198021 -0.972203 0.109842
28.7724 84.0294 -25.6192 -0.255778 -0.961981 0.095763
29.7404 83.7887 -25.2707 -0.303269 -0.94763 0.0989254
30.9141 83.4129 -25.1171 -0.312787 -0.945055 0.0950557
31.9086 83.0505 -24.7613 -0.416284 -0.906584 0.0693723
32.9573 82.5997 -24.5587 -0.41613 -0.903016 0.105557
34.3761 81.9015 -24.2372 -0.473296 -0.877644 0.0757124
35.2987 81.4087 -23.9951 -0.508019 -0.856772 0.0837876
36.1739 80.8772 -23.7605 -0.535261 -0.841658 0.071034
37.3332 80.1361 -23.5389 -0.546523 -0.835718 0.0506506
38.2907 79.4932 -23.2222 -0.56731 -0.822486 0.0409423
39.4093 78.6928 -23.0276 -0.611746 -0.789882 0.0429897
40.6161 77.7421 -22.4814 -0.633853 -0.772855 0.0303218
41.3903 77.1179 -22.1899 -0.640173 -0.766946 0.0423255
42.4832 76.1952 -21.5639 -0.66351 -0.747729 0.0256328
43.3713 75.4121 -21.4212 -0.668456 -0.743339 0.0237784
44.3711 74.5137 -20.855 -0.676411 -0.736207 0.0216273
45.2082 73.7499 -20.536 -0.679391 -0.733624 0.0144749
45.978 73.0441 -20.2789 -0.678951 -0.734077 0.012528
46.7956 72.2866 -20.0156 -0.683143 -0.730206 0.0107086
47.8318 71.3259 -19.421 -0.685566 -0.727913 0.0119069
49.0188 70.2135 -18.9988 -0.685711 -0.727792 0.0108711
49.8889 69.3993 -18.4918 -0.686744 -0.726804 0.0117851
50.7054 68.6297 -18.2341 -0.689884 -0.723837 0.0109525
51.5137 67.8656 -17.8407 -0.689391 -0.724304 0.0111773
52.3568 67.0672 -17.5014 -0.690608 -0.723142 0.0112661
53.1036 66.3604 -17.1544 -0.691439 -0.722306 0.0136276
53.9597 65.5483 -16.7161 -0.692627 -0.721182 0.0128398
54.6704 64.872 -16.3336 -0.692692 -0.721108 0.0134898
55.416 64.1555 -16.2497 -0.696501 -0.717452 0.0122362
56.3625 63.2472 -15.8471 -0.695159 -0.718733 0.0132504
57.2301 62.4094 -15.5942 -0.697872 -0.716111 0.0126326
58.0388 61.6245 -15.3915 -0.697838 -0.716152 0.012142
58.8059 60.8735 -15.5569 -0.698158 -0.715827 0.0129134
58.9738 60.6881 -16.802 -0.69855 -0.715458 0.0121541
58.3397 61.2926 -17.707 -0.69858 -0.715447 0.0110212
57.5912 62.0068 -19 -0.697691 -0.716348 0.00848675
56.888 62.6866 -19.4535 -0.693862 -0.72006 0.00754379
56.2261 63.316 -20.0376 -0.694828 -0.719101 0.0103815
55.4995 64.0117 -20.5169 -0.694025 -0.719897 0.0087469
54.7041 64.7697 -21.1011 -0.692554 -0.721308 0.00914016
54.0291 65.4117 -21.6249 -0.69218 -0.721672 0.0086375
53.2692 66.133 -22.2092 -0.691435 -0.722393 0.00807253
52.5322 66.8326 -22.7671 -0.690368 -0.723428 0.00607121
51.7762 67.5434 -23.4286 -0.687989 -0.725682 0.00758847
51.076 68.2032 -23.8231 -0.688447 -0.725236 0.00860015
50.3957 68.8419 -24.4094 -0.688441 -0.725254 0.00740761
49.6238 69.5711 -24.7301 -0.687286 -0.726347 0.00758292
48.9593 70.1943 -25.2529 -0.687182 -0.726445 0.0076714
48.2721 70.8429 -25.7308 -0.688887 -0.72486 0.00346448
47.2943 71.763 -26.3706 -0.6848 -0.728731 -0.000329573
46.419 72.5847 -26.935 -0.681789 -0.731546 -0.00201454
45.6028 73.3468 -27.6274 -0.681513 -0.731801 -0.00259979
44.9185 73.971 -27.9716 -0.671542 -0.740926 -0.00768118
43.8064 74.9843 -28.3637 -0.661977 -0.748824 -0.0291618
43.0374 75.6706 -28.8554 -0.658918 -0.751877 -0.0225403
42.208 76.4094 -29.3945 -0.641498 -0.766111 -0.0394179
41.2984 77.1616 -29.8222 -0.627477 -0.778019 -0.0304507
40.508 77.8037 -30.214 -0.600036 -0.799002 -0.0394055
39.7559 78.3795 -30.8291 -0.584798 -0.810625 -0.0299867
38.9613 78.9879 -31.2112 -0.548436 -0.834419 -0.0544357
37.8661 79.7523 -31.8939 -0.537345 -0.841462 -0.0550333
36.9062 80.3724 -32.5474 -0.49505 -0.867452 -0.0495337
36.002 80.924 -33.0938 -0.498872 -0.865017 -0.053589
35.2096 81.3291 -33.6313 -0.416025 -0.908787 -0.0320745
34.234 81.8122 -34.3049 -0.39812 -0.915412 -0.0535574
33.3816 82.184 -34.8117 -0.360885 -0.931532 -0.044528
32.2239 82.6605 -35.6048 -0.355226 -0.933879 -0.0410386
31.3716 82.9607 -36.1642 -0.274073 -0.961213 -0.0308722
30.3812 83.2727 -36.8896 -0.258659 -0.964544 -0.0479387
29.3681 83.531 -37.438 -0.162581 -0.986512 -0.0190315
28.1168 83.7516 -38.3019 -0.126987 -0.990665 -0.03452
26.8939 83.8792 -39.0292 -0.102032 -0.994773 0.00407785
25.9272 83.9616 -39.4216 -0.0684848 -0.997647 0.00294316
24.6951 84.0671 -40.2276 -0.0450356 -0.997904 -0.0277717
23.2031 84.0957 -40.8684 0.0107144 -0.999682 -0.018973
22.2899 84.0856 -41.3566 0.0455691 -0.998477 -0.0155256
20.9697 83.9898 -41.9623 0.0775268 -0.99699 -0.00024206
20.0258 83.8915 -42.4132 0.13595 -0.990715 -0.000755384
18.9432 83.738 -42.9605 0.144892 -0.989431 0.00283115
17.9341 83.5766 -43.3213 0.177582 -0.984104 0.00199455
16.4025 83.2895 -43.9752 0.196709 -0.980331 0.00838642
15.2307 83.0345 -44.3902 0.223391 -0.974583 0.0152138
13.8287 82.6954 -44.9538 0.24035 -0.970531 0.0120728
12.7795 82.418 -45.2654 0.256536 -0.96643 0.0137736
11.3325 82.0178 -45.9628 0.259957 -0.965506 0.0148496
10.3314 81.7281 -46.255 0.287936 -0.957555 0.0134237
9.28364 81.4069 -46.6866 0.29821 -0.954386 0.00920411
7.88506 80.949 -47.0926 0.311183 -0.950314 0.00825164
6.98067 80.6409 -47.4625 0.330934 -0.943626 0.00518462
5.74958 80.1899 -47.9288 0.346757 -0.937888 0.0111861
4.67448 79.7836 -48.2533 0.361664 -0.932304 -0.00276103
3.75203 79.4152 -48.5958 0.367794 -0.929903 -0.00263649
2.5025 78.9037 -49.1178 0.395565 -0.91843 -0.00231069
1.57307 78.5014 -49.4116 0.397251 -0.91771 1.98113e-05
0.573646 78.0407 -49.8541 0.429526 -0.903054 0.000153748
-0.59477 77.4756 -50.5395 0.433901 -0.900924 -0.00321885
-1.51716 77.0212 -50.8822 0.447966 -0.89397 -0.0120552
-2.46684 76.528 -51.4048 0.460462 -0.887679 -1.82984e-05
-3.51189 75.9871 -52.0553 0.459492 -0.888182 -0.000636055
-4.64245 75.3831 -52.6277 0.469474 -0.882931 -0.00428465
-5.45505 74.9566 -53.1003 0.467706 -0.883872 -0.00287479
-6.42269 74.4541 -53.6506 0.450728 -0.892583 -0.00697652
-7.32568 74.0034 -54.1882 0.455789 -0.890007 -0.0110195
-8.44651 73.4563 -54.8183 0.439886 -0.897816 -0.0206192
-9.35136 73.0249 -55.2888 0.432932 -0.901125 -0.0229677
-10.3395 72.5791 -55.964 0.422006 -0.906143 -0.0285508
-11.5552 72.0387 -56.7266 0.409806 -0.911956 -0.0198654
-12.7132 71.5584 -57.3495 0.40193 -0.914848 -0.0388061
-13.7106 71.1695 -58.1504 0.390037 -0.919809 -0.0426947
-14.5704 70.8327 -58.7937 0.378057 -0.925228 -0.0320138
-15.8311 70.3487 -59.522 0.373973 -0.926647 -0.038304
-16.7433 70.0026 -59.9986 0.369847 -0.928291 -0.0385827
-17.9712 69.5567 -61.0714 0.36492 -0.930446 -0.0327929
-19.2299 69.0996 -61.857 0.362093 -0.931483 -0.0349115
-20.0745 68.7976 -62.6341 0.360051 -0.932409 -0.0312596
-20.882 68.5128 -63.2295 0.349005 -0.936577 -0.0319105
-21.9239 68.1511 -63.9408 0.346074 -0.937609 -0.0335124
-22.7869 67.855 -64.573 0.346194 -0.937542 -0.0341284
-23.8087 67.4918 -65.0743 0.349205 -0.936645 -0.0272803
-24.8404 67.13 -65.7085 0.347586 -0.937201 -0.0288659
-25.9698 66.7248 -66.323 0.349534 -0.936637 -0.0230829
-27.2032 66.2828 -66.8792 0.345745 -0.938028 -0.0237432
-27.2722 66.2583 -66.9263 0.349807 -0.936644 -0.0182294
-34.9669 63.4372 -66.623 0.342904 -0.939361 -0.00430368
-34.0053 63.7865 -66.4062 0.341275 -0.939946 -0.00568032
-32.917 64.1786 -66.1823 0.340494 -0.940212 -0.00805093
-32.1451 64.4567 -66.0256 0.340501 -0.940178 -0.0111553
-27.6678 66.0516 -64.2536 0.341829 -0.939563 -0.0193577
-29.4283 65.4219 -64.5992 0.337275 -0.941211 -0.0191753
-31.9987 64.4996 -65.0536 0.338928 -0.940764 -0.0095571
-33.8251 63.8447 -65.4154 0.338412 -0.940966 -0.00781097
-35.7091 63.1644 -65.8018 0.341526 -0.939869 -0.00239117
-37.5698 62.4883 -66.3087 0.341384 -0.939923 0.00127628
-39.1514 61.9105 -66.9275 0.342851 -0.939383 0.00355043
-41.3935 61.0936 -66.8189 0.341159 -0.939959 0.00937902
-39.7247 61.7063 -66.1095 0.340254 -0.940312 0.00639587
-37.9103 62.367 -65.4497 0.340696 -0.940169 0.00305398
-35.837 63.1157 -64.8576 0.337826 -0.941208 -0.00031279
-33.8239 63.8373 -64.4539 0.338621 -0.940896 -0.00719395
-32.0365 64.4762 -64.0931 0.337823 -0.941145 -0.011035
-30.0172 65.1946 -63.7697 0.336163 -0.941651 -0.0169564
-28.2546 65.823 -63.4205 0.339885 -0.940279 -0.0187849
-26.1447 66.5774 -63.0625 0.342211 -0.939281 -0.0253313
-25.5761 66.7821 -62.9738 0.340689 -0.939823 -0.025776
-22.8813 67.7153 -61.5741 0.345971 -0.937704 -0.031864
-24.7857 67.0375 -61.9279 0.338642 -0.940446 -0.0297303
-26.7663 66.3327 -62.2432 0.338695 -0.940632 -0.0223024
-28.8408 65.5959 -62.5976 0.335696 -0.941832 -0.0161471
-30.6424 64.9585 -62.9401 0.334581 -0.942285 -0.0123969
-32.7079 64.2285 -63.2717 0.335197 -0.942118 -0.00750839
-34.5798 63.5626 -63.6546 0.335591 -0.941998 -0.00428133
-36.341 62.9339 -64.0345 0.336742 -0.941595 -0.00168957
-38.0731 62.3115 -64.519 0.33802 -0.94113 0.00413314
-40.1151 61.5712 -65.2033 0.340048 -0.94039 0.00582272
-41.9407 60.9037 -65.948 0.341043 -0.940004 0.00902397
-43.6414 60.2776 -66.6719 0.342261 -0.939548 0.0103149
-45.4133 59.6344 -66.3748 0.343802 -0.938977 0.011056
-43.3173 60.4088 -65.4567 0.34158 -0.939789 0.0109506
-41.5617 61.0525 -64.737 0.339813 -0.940442 0.00975147
-39.7674 61.7042 -64.0934 0.337484 -0.941305 0.00710464
-37.9006 62.3769 -63.507 0.337388 -0.94136 0.00330854
-36.1961 62.9851 -63.0489 0.335338 -0.942098 0.00062635
-34.3358 63.6449 -62.6622 0.333428 -0.942768 -0.00380519
-32.4523 64.3102 -62.3067 0.333651 -0.942658 -0.0085537
-30.6605 64.9397 -62.0055 0.333869 -0.942532 -0.0128524
-28.8709 65.5694 -61.6806 0.335033 -0.942085 -0.0150892
-26.9958 66.2291 -61.3627 0.335694 -0.941733 -0.0211528
-25.2506 66.843 -61.0688 0.335162 -0.941786 -0.026558
-23.4612 67.4772 -60.7531 0.341622 -0.939368 -0.0296953
-21.6916 68.1176 -60.4663 0.346709 -0.937386 -0.0331749
-19.8098 68.778 -59.2293 0.357046 -0.933351 -0.0370648
-21.9396 67.9947 -59.5834 0.346716 -0.937383 -0.0331723
-23.8773 67.3004 -59.9057 0.341052 -0.93964 -0.027582
-25.6301 66.6843 -60.2084 0.331871 -0.943055 -0.0225569
-27.3776 66.0752 -60.5042 0.334381 -0.94222 -0.0202522
-29.4815 65.3405 -60.8648 0.333032 -0.942791 -0.0153426
-31.2407 64.727 -61.1704 0.329014 -0.944261 -0.0110018
-33.0416 64.0963 -61.4803 0.332088 -0.943229 -0.00611361
-35.3811 63.2734 -61.8937 0.331853 -0.94333 -0.00151256
-37.1416 62.6505 -62.3501 0.333715 -0.942664 0.004273
-38.9926 61.9907 -62.8747 0.335724 -0.941935 0.00690103
-41.0428 61.2515 -63.5206 0.338151 -0.941048 0.00905341
-42.9913 60.5407 -64.2388 0.340964 -0.940013 0.0108966
-44.758 59.8915 -64.921 0.342098 -0.939592 0.0116311
-46.4228 59.2735 -65.6082 0.344352 -0.93876 0.0122872
-47.4713 58.883 -66.0322 0.345636 -0.938294 0.0118603
-49.0627 58.3016 -65.5952 0.348068 -0.937372 0.0134837
-47.2076 58.9966 -64.7522 0.344576 -0.938681 0.0120624
-45.5484 59.6124 -64.1378 0.343235 -0.939175 0.0118005
-43.5585 60.345 -63.4078 0.340614 -0.940131 0.0116552
-41.8944 60.9527 -62.8195 0.337747 -0.941171 0.0111588
-39.8871 61.677 -62.1785 0.335652 -0.94195 0.00826429
-37.9624 62.3638 -61.6121 0.332408 -0.943112 0.00671763
-36.0764 63.0294 -61.1266 0.331771 -0.94336 0.000550973
-34.0121 63.753 -60.7418 0.330087 -0.943948 -0.00210542
-31.7618 64.5357 -60.3233 0.328904 -0.944342 -0.00631185
-29.9822 65.1524 -60.0266 0.328908 -0.944267 -0.0133837
-28.2395 65.7559 -59.7265 0.331182 -0.943403 -0.0175669
-26.2975 66.4301 -59.4 0.331483 -0.943203 -0.022045
-24.535 67.0433 -59.0971 0.333381 -0.942497 -0.0235894
-22.7877 67.6608 -58.8122 0.339565 -0.940105 -0.029985
-20.9064 68.3378 -58.4806 0.350254 -0.936056 -0.0335015
-19.0825 69.0158 -58.2085 0.358367 -0.932702 -0.040493
-18.8396 69.1077 -58.1749 0.358368 -0.932702 -0.0404882
-16.1762 70.0927 -56.8634 0.368272 -0.928662 -0.0443024
-17.9221 69.4153 -57.1314 0.361735 -0.931259 -0.0436466
-19.6746 68.7584 -57.3838 0.355601 -0.933977 -0.0351418
-21.6846 68.0231 -57.6892 0.341552 -0.939237 -0.0342965
-23.4587 67.3943 -58.0072 0.338352 -0.940601 -0.0280783
-25.5823 66.6556 -58.3578 0.330811 -0.943378 -0.0245264
-27.7404 65.9114 -58.7276 0.32768 -0.94466 -0.0156212
-29.8637 65.18 -59.09 0.328728 -0.944322 -0.0139525
-31.6292 64.5747 -59.3776 0.327546 -0.944809 -0.00702121
-33.4747 63.937 -59.703 0.327687 -0.944785 -0.00143217
-35.5409 63.2187 -60.0783 0.3286 -0.944467 0.00213161
-37.5084 62.5303 -60.5339 0.331215 -0.943544 0.00463765
-39.4584 61.8393 -61.0777 0.333849 -0.942597 0.00753269
-41.5667 61.0825 -61.7196 0.336841 -0.941497 0.0109849
-43.3872 60.4207 -62.3136 0.340699 -0.940098 0.0117963
-45.2058 59.7527 -62.931 0.342817 -0.939333 0.0113631
-47.261 58.9917 -63.633 0.344461 -0.938717 0.012563
-49.0893 58.3101 -64.3523 0.346328 -0.938018 0.0133773
-50.2334 57.8748 -65.0354 0.350436 -0.936476 0.0143831
-51.2634 57.4995 -64.4001 0.351397 -0.936096 0.0156139
-49.5379 58.1572 -63.4493 0.346376 -0.938001 0.0132913
-47.5183 58.9101 -62.6528 0.344063 -0.938879 0.0112894
-45.6373 59.6063 -62.0098 0.343421 -0.939112 0.0114303
-43.8568 60.2613 -61.4434 0.34145 -0.939836 0.0110054
-42.1335 60.8894 -60.908 0.336722 -0.941538 0.0111751
-40.4032 61.5115 -60.3816 0.334782 -0.942244 0.00988199
-38.4786 62.1947 -59.8405 0.331748 -0.943339 0.00741796
-36.5763 62.8616 -59.3649 0.327234 -0.944928 0.00539845
-34.7067 63.5096 -58.9985 0.326357 -0.945246 -0.00137197
-32.6982 64.201 -58.6472 0.325778 -0.945438 -0.00394728
-30.9376 64.8035 -58.3529 0.325268 -0.945574 -0.00948954
-29.0517 65.4465 -58.0423 0.323386 -0.946199 -0.0113244
-27.282 66.0511 -57.735 0.326068 -0.945165 -0.0184872
-25.4712 66.6704 -57.4243 0.327622 -0.944596 -0.0200424
-23.6599 67.296 -57.1129 0.33473 -0.942038 -0.0228028
-21.8683 67.9272 -56.7974 0.340173 -0.940031 -0.0249896
-19.9344 68.6272 -56.5132 0.347391 -0.937162 -0.0323595
-18.1052 69.3074 -56.2472 0.354325 -0.934323 -0.0386628
-16.231 70.0232 -55.9392 0.370866 -0.927552 -0.0458984
-14.7898 70.6023 -55.6873 0.388475 -0.920597 -0.0398532
-12.3235 71.6122 -54.3477 0.404321 -0.914006 -0.0334143
-14.0988 70.8497 -54.6343 0.390774 -0.91957 -0.0410581
-16.0774 70.0458 -54.9703 0.373585 -0.926732 -0.0400148
-18.0499 69.2886 -55.3131 0.353109 -0.934697 -0.0406806
-19.9021 68.6069 -55.5958 0.345404 -0.93787 -0.0331012
-21.7709 67.9366 -55.8736 0.337008 -0.9411 -0.027498
-23.8425 67.2083 -56.218 0.329822 -0.943821 -0.0204665
-25.8603 66.5181 -56.5766 0.326096 -0.94514 -0.0192915
-27.9026 65.8251 -56.9285 0.323935 -0.945963 -0.0148528
-29.7545 65.1971 -57.2511 0.322926 -0.946357 -0.0112909
-31.6785 64.5454 -57.5589 0.32415 -0.945984 -0.00637015
-33.5882 63.8934 -57.8753 0.324972 -0.945723 -0.00132666
-35.6444 63.1896 -58.2387 0.324683 -0.945815 0.00380473
-37.5896 62.5146 -58.6647 0.327312 -0.944893 0.00659997
-39.3593 61.8926 -59.1195 0.331034 -0.943575 0.00910711
-41.1046 61.2712 -59.6107 0.334731 -0.942247 0.0112373
-43.079 60.5583 -60.2018 0.339262 -0.940621 0.0115714
-44.7862 59.9321 -60.7066 0.343276 -0.939162 0.0117097
-46.664 59.2389 -61.3116 0.343675 -0.939027 0.0107213
-48.7728 58.4574 -62.0622 0.344859 -0.938579 0.011946
-50.4145 57.8431 -62.7864 0.346227 -0.938048 0.0139157
-52.2175 57.156 -63.6187 0.35167 -0.935955 0.0177621
-52.397 57.0868 -63.7068 0.352878 -0.935493 0.0181778
-53.8255 56.5563 -63.2349 0.355654 -0.934419 0.0192624
-52.0423 57.2478 -62.2511 0.351667 -0.935957 0.0177626
-50.7433 57.7391 -61.7546 0.343471 -0.939034 0.0155543
-52.646 57.0403 -61.3532 0.350973 -0.936166 0.0202846
-54.2265 56.4257 -62.1595 0.356772 -0.93396 0.0208092
-54.5016 56.3164 -62.3407 0.356993 -0.933864 0.0212842
-55.5107 55.9431 -61.708 0.359557 -0.932865 0.0219268
-53.7802 56.6291 -60.744 0.35379 -0.93502 0.0238717
-53.5869 56.7048 -60.6408 0.35379 -0.93502 0.0238717
-54.6749 56.3092 -60.0085 0.355694 -0.934209 0.0271102
-56.5353 55.5629 -61.0873 0.362662 -0.931593 0.0247209
-56.7341 55.5179 -59.9024 0.36133 -0.932065 0.0263679
-55.1333 56.1644 -58.9957 0.35919 -0.932742 0.0312159
-54.9988 56.2177 -58.9376 0.355566 -0.934136 0.0310422
-55.6865 55.9806 -58.1097 0.360853 -0.932062 0.0323235
-56.8051 55.5282 -58.656 0.361142 -0.931926 0.0330311
-56.7552 55.5905 -57.4373 0.363951 -0.930801 0.033888
-56.3716 55.7458 -57.2569 0.36084 -0.932022 0.0336073
-56.8952 55.5818 -56.2501 0.360655 -0.931974 0.03678
-56.9523 55.5589 -56.2715 0.36251 -0.931228 0.0374347
-45.3253 59.7456 -59.8594 0.343243 -0.939174 0.011692
-43.1033 60.5625 -59.2039 0.339334 -0.940581 0.0126772
-40.2753 61.5789 -58.4037 0.332135 -0.943169 0.0108626
-38.1934 62.3111 -57.8694 0.32745 -0.944827 0.00888047
-35.986 63.0758 -57.3739 0.324682 -0.945816 0.0038076
-33.5621 63.9032 -56.941 0.321586 -0.94688 0.000150415
-31.1728 64.7109 -56.5716 0.319338 -0.947631 -0.00440168
-28.9389 65.4627 -56.201 0.321647 -0.946798 -0.0107887
-26.7086 66.2124 -55.8194 0.322706 -0.946336 -0.0175593
-24.2028 67.0641 -55.3662 0.32662 -0.944966 -0.0189295
-21.9674 67.8407 -54.9981 0.337001 -0.941101 -0.0275554
-19.651 68.6634 -54.6385 0.341114 -0.939354 -0.0354322
-17.4625 69.4693 -54.2773 0.358209 -0.932887 -0.0375349
-15.3045 70.3122 -53.9031 0.378889 -0.924447 -0.0429019
-13.1818 71.2028 -53.5542 0.404747 -0.913725 -0.0358563
-11.1313 72.1151 -53.1967 0.429872 -0.902359 -0.0309602
-10.535 72.3962 -53.0904 0.431939 -0.901419 -0.0295294
-8.05018 73.582 -51.7047 0.45521 -0.890143 -0.0207132
-10.2095 72.5202 -52.0925 0.43192 -0.901353 -0.0317394
-12.3035 71.5541 -52.47 0.408476 -0.912197 -0.0323037
-14.5475 70.5781 -52.8474 0.384025 -0.922439 -0.0403757
-16.9592 69.6231 -53.2528 0.358778 -0.93291 -0.0309216
-19.346 68.7398 -53.6656 0.337925 -0.940674 -0.0306432
-21.4901 67.9821 -54.0148 0.335071 -0.941762 -0.0285017
-23.6452 67.2379 -54.3588 0.326647 -0.944918 -0.0207774
-25.9321 66.4589 -54.7453 0.320672 -0.947082 -0.0143128
-28.1433 65.7187 -55.1533 0.318723 -0.94777 -0.0121945
-30.4036 64.9636 -55.542 0.316179 -0.948682 -0.00572823
-32.9765 64.0999 -55.9383 0.320105 -0.947381 -0.00130591
-35.152 63.3642 -56.2884 0.320747 -0.947156 0.00413655
-37.2764 62.6379 -56.6961 0.323431 -0.946221 0.00759039
-39.5088 61.8606 -57.2285 0.327732 -0.944703 0.0113112
-41.8434 61.0325 -57.8479 0.333084 -0.942801 0.0134739
-43.8774 60.2927 -58.4257 0.340741 -0.940068 0.0129551
-43.1258 60.5837 -57.2171 0.338121 -0.940983 0.0150057
-40.4786 61.5309 -56.4997 0.328928 -0.94423 0.0153771
-38.355 62.274 -55.9915 0.325683 -0.945432 0.00939461
-36.2193 63.0063 -55.5448 0.320756 -0.947143 0.00599839
-34.0097 63.7531 -55.1833 0.318857 -0.947801 0.00201088
-31.4724 64.6026 -54.8069 0.316814 -0.948483 -0.00291199
-29.2544 65.3398 -54.4388 0.315575 -0.948887 -0.00513531
-27.1314 66.0448 -54.0614 0.315813 -0.948763 -0.0105249
-24.7653 66.8376 -53.645 0.320899 -0.947008 -0.0141146
-22.2381 67.6965 -53.2166 0.328807 -0.94399 -0.0277165
-20.0315 68.4667 -52.8517 0.338423 -0.940464 -0.0315689
-17.9193 69.2303 -52.4814 0.353902 -0.934781 -0.0306232
-15.7138 70.0697 -52.1123 0.379292 -0.924478 -0.0384349
-13.5545 70.9618 -51.7506 0.408192 -0.912014 -0.0401221
-11.1898 72.0253 -51.3326 0.422942 -0.905395 -0.0371492
-8.85848 73.1432 -50.9134 0.447241 -0.893831 -0.0322654
-6.85471 74.1883 -50.5287 0.474526 -0.880103 -0.0156149
-6.44493 74.4078 -50.4504 0.472891 -0.881101 -0.00597931
13.4231 82.646 -42.4141 0.240498 -0.970122 0.0319986
14.3445 82.8835 -41.941 0.219896 -0.975005 0.0317855
15.4188 83.1455 -41.3947 0.222309 -0.974383 0.0340019
16.2876 83.3355 -40.9581 0.189093 -0.981224 0.0379794
17.3185 83.5417 -40.4445 0.157784 -0.986738 0.0381126
18.3507 83.7189 -39.935 0.126173 -0.991533 0.0306938
19.5347 83.8791 -39.3599 0.112034 -0.993461 0.0219995
20.4575 83.9782 -38.9139 0.0848505 -0.996109 0.0238125
21.4497 84.0434 -38.4396 0.0458437 -0.998837 0.0149607
22.344 84.0908 -38.0144 0.0263646 -0.999476 0.0188016
23.2775 84.1024 -37.5704 -0.0127458 -0.999758 0.0179092
24.2706 84.0853 -37.1012 -0.0254516 -0.999469 0.020323
25.4479 84.037 -36.5438 -0.0862528 -0.996072 0.0200022
26.3834 83.9537 -36.1017 -0.113757 -0.993404 0.0144439
27.3696 83.831 -35.6341 -0.143906 -0.989548 0.00922743
27.6975 83.7848 -35.4786 -0.150166 -0.988661 0.000407334
33.3018 82.1512 -31.9196 -0.386647 -0.922196 0.00764156
32.1619 82.6126 -32.4203 -0.351679 -0.936108 -0.00489377
31.0878 82.9827 -32.9002 -0.323793 -0.946128 -0.00011987
29.913 83.3228 -33.4324 -0.270269 -0.962746 0.00859239
28.8164 83.5774 -33.9255 -0.24333 -0.969943 -0.00129793
27.7933 83.7604 -34.396 -0.156408 -0.987657 -0.00841303
26.8216 83.9181 -34.8436 -0.150166 -0.988661 0.000407334
25.8557 84.0233 -35.2994 -0.110546 -0.993827 0.00932666
24.7133 84.1213 -35.8401 -0.0686755 -0.997132 0.031802
23.6539 84.1452 -36.3428 -0.0167703 -0.998595 0.0502634
22.7751 84.1268 -36.7564 0.00127774 -0.999134 0.0415863
21.6327 84.0894 -37.2989 0.0331145 -0.998862 0.0343251
20.6713 84.0284 -37.7568 0.0871115 -0.995725 0.0307103
19.793 83.9407 -38.1796 0.0989648 -0.994717 0.0272779
18.7523 83.8059 -38.6833 0.113265 -0.993235 0.0256169
17.7888 83.6674 -39.1539 0.142258 -0.989305 0.0322124
16.8484 83.4965 -39.6191 0.180641 -0.982793 0.0385552
15.7126 83.2535 -40.186 0.190015 -0.981112 0.0362344
14.6521 82.9968 -40.7221 0.220449 -0.974457 0.0428548
13.6804 82.7452 -41.2195 0.234602 -0.971453 0.0352357
12.835 82.5253 -41.6538 0.235845 -0.971272 0.0317451
11.8224 82.2437 -42.1816 0.269106 -0.962754 0.026209
10.7578 81.917 -42.7435 0.285587 -0.958121 0.0210772
9.79578 81.6201 -43.2535 0.295104 -0.955321 0.0165924
8.97876 81.3508 -43.6928 0.305135 -0.952169 0.0163164
7.96298 81.0036 -44.2461 0.320549 -0.947103 0.0156487
7.11505 80.709 -44.71 0.328604 -0.944358 0.014403
38.7668 79.0352 -28.5397 -0.56877 -0.822496 -0.00145694
37.7962 79.7073 -28.9625 -0.561851 -0.827235 -0.00234788
36.9857 80.2496 -29.3153 -0.533121 -0.846037 -0.00169667
36.144 80.7499 -29.6765 -0.503645 -0.863909 -0.00153015
35.2932 81.2333 -30.0411 -0.470987 -0.882104 0.00793084
34.4421 81.6482 -30.411 -0.422629 -0.905856 0.0284642
33.5168 82.057 -30.8138 -0.404049 -0.914697 0.00853137
32.3934 82.5217 -31.3038 -0.361499 -0.932365 0.00375206
31.5334 82.8347 -31.6806 -0.326141 -0.944709 0.0340201
30.2919 83.2257 -32.2326 -0.271707 -0.962358 0.00654309
29.2743 83.4954 -32.6898 -0.230024 -0.972983 0.0198178
28.3566 83.7005 -33.1014 -0.201885 -0.979051 0.026479
27.1033 83.9068 -33.6735 -0.155352 -0.987428 0.0291838
26.2267 84.015 -34.0761 -0.132502 -0.990934 0.0222026
25.1534 84.1176 -34.5803 -0.092342 -0.995269 0.0302189
24.1194 84.1617 -35.0687 -0.0411991 -0.999046 0.0144897
23.1294 84.1755 -35.5357 -0.00783537 -0.999569 0.0283084
21.8585 84.139 -36.136 0.0379479 -0.998169 0.0471084
20.5321 84.0596 -36.7657 0.0425388 -0.998888 0.0203454
19.2472 83.9047 -37.3865 0.115552 -0.992457 0.0409567
18.0505 83.7385 -37.9682 0.136787 -0.989943 0.0360924
17.1381 83.5868 -38.418 0.163995 -0.985911 0.0329348
15.9989 83.3565 -38.9841 0.191788 -0.980562 0.0414229
14.8182 83.0836 -39.5764 0.228689 -0.972806 0.0367311
13.8222 82.8242 -40.0838 0.236794 -0.970673 0.0415081
12.7191 82.5233 -40.6521 0.251406 -0.967496 0.0273184
11.5715 82.1916 -41.2502 0.284551 -0.958385 0.0229748
10.4267 81.8365 -41.8549 0.288538 -0.957241 0.0208704
9.15726 81.4265 -42.5327 0.307644 -0.951401 0.0138519
7.98536 81.0293 -43.1674 0.321037 -0.946915 0.0169662
6.93972 80.6597 -43.742 0.336715 -0.941516 0.0130523
6.13409 80.3654 -44.1886 0.335411 -0.942003 0.0113752
5.12464 79.9851 -44.7528 0.352253 -0.935855 0.00968621
4.05897 79.5639 -45.3578 0.369398 -0.929202 0.011308
3.14797 79.1945 -45.8755 0.382957 -0.923708 0.0103786
2.15167 78.7626 -46.448 0.393839 -0.919119 0.0105582
1.39993 78.4279 -46.8793 0.403297 -0.91506 0.00409604
-42.7134 60.7516 -56.1104 0.335177 -0.941991 0.017587
-41.8164 61.0746 -55.8715 0.33148 -0.943312 0.0168164
-40.934 61.386 -55.6445 0.329299 -0.944089 0.0160521
-39.9564 61.7292 -55.4006 0.327454 -0.944774 0.0132386
-39.0468 62.0455 -55.1893 0.324583 -0.945768 0.0129861
-37.8983 62.4416 -54.9343 0.322742 -0.946426 0.0107571
-36.724 62.8417 -54.7039 0.319072 -0.947695 0.00820524
-35.7675 63.166 -54.5407 0.319442 -0.947587 0.00592057
-34.4903 63.5948 -54.3376 0.317366 -0.948294 0.00426182
-33.4147 63.9548 -54.1728 0.316576 -0.94856 0.00359612
-31.9877 64.4299 -53.9744 0.315869 -0.948803 -0.00012112
-31.0496 64.7404 -53.8324 0.316407 -0.948617 -0.00340125
-29.8181 65.148 -53.6309 0.315243 -0.948997 -0.00516397
-28.8177 65.4786 -53.4533 0.314594 -0.949201 -0.00688069
-27.7688 65.8248 -53.2671 0.314063 -0.949367 -0.00817423
-26.7767 66.1515 -53.08 0.316179 -0.948636 -0.0110286
-25.582 66.5494 -52.8743 0.319924 -0.947362 -0.0123985
-24.5861 66.883 -52.7012 0.318083 -0.947935 -0.0155527
-23.0979 67.3822 -52.4438 0.322687 -0.946272 -0.0210449
-21.9662 67.7656 -52.2505 0.328598 -0.94415 -0.024556
-20.5943 68.2373 -52.0164 0.330518 -0.94345 -0.0256952
-19.6186 68.5812 -51.8487 0.340698 -0.939579 -0.0333995
-18.5779 68.9545 -51.6689 0.346596 -0.937502 -0.0309902
-17.6481 69.3035 -51.5097 0.356222 -0.933797 -0.0336104
-16.6617 69.6738 -51.3406 0.358303 -0.932985 -0.034038
-15.6449 70.0603 -51.1756 0.36164 -0.931699 -0.0339713
-14.5185 70.5193 -50.9828 0.384184 -0.922363 -0.0406003
-13.3993 70.9895 -50.7912 0.405565 -0.913365 -0.0357913
-12.1523 71.5472 -50.5698 0.420063 -0.906798 -0.0355682
-11.1018 72.0308 -50.3811 0.42853 -0.902909 -0.0334367
-10.116 72.4938 -50.2053 0.438212 -0.898287 -0.0324288
-9.14492 72.9684 -50.024 0.45235 -0.891602 -0.0206337
-8.22339 73.4443 -49.8455 0.465759 -0.884712 -0.018782
-7.31529 73.9284 -49.6705 0.475141 -0.879863 -0.00900878
-6.37182 74.4374 -49.4962 0.475905 -0.879449 -0.00921422
-5.42591 74.9493 -49.3203 0.478668 -0.877993 -0.00249383
-4.49377 75.4572 -49.137 0.478813 -0.87791 0.00355159
-3.63288 75.9264 -48.9604 0.477027 -0.87888 0.00386995
-2.63 76.4612 -48.7145 0.463129 -0.886252 0.00827419
-2.42606 76.5683 -48.6615 0.460651 -0.887541 0.00842915
-42.595 60.8138 -55.086 0.335626 -0.941784 0.019953
-41.6518 61.1499 -54.8493 0.329745 -0.943921 0.0167625
-40.5448 61.5393 -54.5748 0.327689 -0.944661 0.0153327
-39.5216 61.8945 -54.3358 0.323379 -0.946173 0.0135467
-38.4755 62.2547 -54.1083 0.321376 -0.946888 0.0109512
-37.5715 62.5637 -53.9242 0.320025 -0.947352 0.0104125
-36.42 62.9532 -53.7253 0.318997 -0.947706 0.00967496
-35.4832 63.2675 -53.5704 0.31642 -0.948591 0.00731514
-34.4039 63.628 -53.4014 0.315297 -0.948978 0.00534888
-33.3904 63.965 -53.2522 0.314206 -0.949352 0.00216611
-32.4315 64.2831 -53.12 0.314848 -0.94914 0.00189662
-31.4574 64.6046 -52.9809 0.312708 -0.949849 9.76044e-05
-30.2989 64.9861 -52.7983 0.313116 -0.949709 -0.00328175
-29.3642 65.2937 -52.6401 0.313091 -0.949717 -0.00328574
-28.1827 65.6807 -52.4255 0.311829 -0.950124 -0.00517267
-26.8587 66.1155 -52.1792 0.314332 -0.949283 -0.00752798
-25.8082 66.462 -51.9895 0.316281 -0.948553 -0.0146495
-24.7715 66.8051 -51.813 0.317378 -0.948151 -0.0167492
-23.7585 67.1415 -51.6453 0.317759 -0.948007 -0.0176432
-22.8014 67.463 -51.4814 0.322072 -0.946505 -0.0199265
-21.4543 67.9171 -51.244 0.323427 -0.946035 -0.0203213
-20.331 68.3039 -51.0499 0.332265 -0.94284 -0.025547
-19.372 68.6387 -50.8751 0.339012 -0.940464 -0.0244585
-18.3356 69.0151 -50.6935 0.348752 -0.936832 -0.0268125
-17.0635 69.4896 -50.4753 0.356526 -0.933696 -0.0331958
-16.0762 69.8613 -50.3084 0.361636 -0.9317 -0.0339854
-14.8441 70.346 -50.0983 0.380506 -0.924313 -0.0293292
-13.7793 70.7927 -49.9162 0.390072 -0.920476 -0.0238445
-12.8023 71.2192 -49.7463 0.409173 -0.912011 -0.0285136
-11.8 71.6738 -49.5678 0.420484 -0.9067 -0.0329941
-10.8671 72.1076 -49.4011 0.434393 -0.900485 -0.0207141
-9.92411 72.5631 -49.2256 0.440657 -0.89749 -0.0182502
-8.97926 73.035 -49.0454 0.460451 -0.887505 -0.0178652
-7.93753 73.5846 -48.8453 0.474525 -0.880185 -0.00998951
-6.7284 74.2362 -48.6197 0.476792 -0.87899 -0.00675641
-5.72216 74.7845 -48.429 0.483478 -0.875345 -0.00442996
-4.85759 75.2584 -48.2552 0.481813 -0.876274 -0.000562139
-4.01605 75.7214 -48.08 0.483381 -0.875405 0.00303335
-2.95472 76.296 -47.8228 0.466479 -0.884528 0.00286972
-2.07971 76.7522 -47.5448 0.459954 -0.887937 -0.00318194
-1.03909 77.2818 -47.125 0.446523 -0.894767 0.00310723
-0.164773 77.7092 -46.702 0.42675 -0.904369 0.000832151
0.673719 78.105 -46.245 0.425226 -0.905076 0.00453462
1.51592 78.4881 -45.759 0.408529 -0.912739 0.00324299
2.51776 78.9327 -45.1778 0.391981 -0.919922 0.0097024
3.38705 79.3018 -44.6765 0.382379 -0.924005 0.000512123
4.52251 79.762 -44.0274 0.35983 -0.932945 0.0116135
5.33958 80.0789 -43.5663 0.351874 -0.935987 0.0106699
6.61316 80.5553 -42.8561 0.337041 -0.941332 0.0172279
7.83019 80.9947 -42.1854 0.320169 -0.947189 0.0180399
8.70773 81.2974 -41.7092 0.312594 -0.949701 0.0188028
9.52353 81.5726 -41.27 0.299952 -0.953737 0.0203398
10.8727 82.0075 -40.5532 0.29433 -0.955195 0.0311966
11.8565 82.3083 -40.0363 0.269638 -0.962695 0.02265
13.0222 82.6424 -39.4324 0.250546 -0.967214 0.041523
13.9868 82.9132 -38.9357 0.237124 -0.970635 0.0405011
14.8772 83.1383 -38.4853 0.228644 -0.972832 0.0363207
15.776 83.3531 -38.0329 0.184289 -0.982339 0.0323744
17.1889 83.6351 -37.3323 0.170415 -0.984023 0.051556
18.3609 83.827 -36.7569 0.127833 -0.990527 0.0501414
19.252 83.958 -36.3242 0.11605 -0.991544 0.0580837
20.3792 84.089 -35.7811 0.0704382 -0.997103 0.0287169
21.6342 84.1669 -35.186 0.0292097 -0.998915 0.0362606
22.5213 84.2005 -34.7672 -0.0172367 -0.999156 0.0372857
23.4369 84.2091 -34.3377 -0.0168413 -0.998287 0.0560346
24.4612 84.1833 -33.8554 -0.0585142 -0.997878 0.0285449
25.5602 84.1183 -33.3413 -0.0840427 -0.995505 0.0436562
26.6261 84.0037 -32.8525 -0.134926 -0.989583 0.0502104
27.6321 83.8611 -32.3974 -0.183197 -0.982179 0.0419805
28.932 83.6 -31.8139 -0.227971 -0.973095 0.0333833
30.1544 83.2932 -31.2694 -0.287975 -0.957327 0.024408
31.1507 82.992 -30.8308 -0.295687 -0.955174 0.0145529
32.3891 82.5381 -30.2899 -0.359392 -0.933012 0.0180496
33.5573 82.0488 -29.7784 -0.396097 -0.9182 0.00384676
34.5899 81.5966 -29.3369 -0.439568 -0.898196 -0.00500168
35.5941 81.066 -28.9082 -0.471737 -0.881736 0.00254357
36.5199 80.5288 -28.5142 -0.514297 -0.857594 0.00563062
37.3446 80.0069 -28.1603 -0.560509 -0.82808 0.010637
38.3503 79.3219 -27.7229 -0.56873 -0.822523 -0.00138371
39.4401 78.5419 -27.2519 -0.590816 -0.806802 -0.00270056
40.3766 77.8374 -26.8489 -0.619875 -0.784701 -0.000277014
41.1508 77.2241 -26.5149 -0.627073 -0.77896 -0.000316373
41.9541 76.5678 -26.1686 -0.641867 -0.766813 0.00237894
42.8103 75.8332 -25.7936 -0.654719 -0.755872 -0.000741983
43.7731 74.994 -25.368 -0.66161 -0.749831 0.00508648
44.4727 74.372 -25.0528 -0.668895 -0.743352 0.0026055
45.228 73.6899 -24.705 -0.674021 -0.738705 0.00331494
45.9346 73.0406 -24.3725 -0.680306 -0.732922 0.00295677
46.4477 72.5644 -24.128 -0.681617 -0.731683 0.00613221
50.3724 68.9025 -21.2313 -0.687419 -0.726197 0.00963706
49.5805 69.647 -21.6175 -0.687358 -0.726263 0.00900443
48.9118 70.2747 -21.9425 -0.686067 -0.727484 0.00893816
48.1219 71.0145 -22.325 -0.684737 -0.728751 0.00750119
47.2539 71.8238 -22.7427 -0.683164 -0.730221 0.00797277
46.3301 72.6803 -23.1838 -0.679997 -0.733204 0.00405641
45.6506 73.3067 -23.5059 -0.676085 -0.73681 0.00459831
44.9813 73.919 -23.8203 -0.674022 -0.738704 0.00331073
44.111 74.699 -24.2189 -0.66598 -0.745961 0.00367151
43.3803 75.3461 -24.5474 -0.66161 -0.749831 0.00508222
42.4527 76.1413 -24.9554 -0.650398 -0.759591 0.00199575
41.5999 76.8621 -25.3282 -0.634212 -0.773134 0.00633326
40.7449 77.5511 -25.6981 -0.623289 -0.781908 0.0114
39.6559 78.3974 -26.1673 -0.602522 -0.798054 0.00873487
38.741 79.0611 -26.5609 -0.577087 -0.81665 0.0073179
37.9465 79.6177 -26.9038 -0.566357 -0.82406 0.0128389
37.0982 80.1851 -27.2708 -0.560041 -0.828386 0.0114321
36.2942 80.6764 -27.6123 -0.507296 -0.861738 0.00767109
35.3981 81.1858 -27.9904 -0.485734 -0.874053 0.00970396
34.4969 81.6554 -28.3695 -0.446408 -0.894651 0.0178614
33.6017 82.0573 -28.7485 -0.401532 -0.915429 0.0276002
32.6513 82.4465 -29.1605 -0.38592 -0.921834 0.0358923
31.4747 82.8762 -29.6715 -0.321847 -0.946635 0.0172541
30.5729 83.1812 -30.0633 -0.305973 -0.952039 0.00145993
29.6606 83.4516 -30.4656 -0.284496 -0.958648 0.0074872
28.6992 83.6871 -30.8916 -0.235405 -0.971159 0.0378768
27.8212 83.8579 -31.2822 -0.202575 -0.97769 0.0555538
26.654 84.0495 -31.8059 -0.139134 -0.989188 0.0463458
25.513 84.1591 -32.3231 -0.093834 -0.994952 0.0355833
24.468 84.2275 -32.8056 -0.0628864 -0.996809 0.0491598
23.4359 84.2552 -33.2868 -0.0469461 -0.997648 0.0499398
22.4758 84.247 -33.7357 0.00191959 -0.999108 0.0421741
21.3005 84.1878 -34.289 0.0424664 -0.997183 0.0618218
20.3224 84.1236 -34.753 0.0721432 -0.996393 0.0446811
19.408 84.0291 -35.1923 0.0951231 -0.993989 0.0541916
18.2538 83.8645 -35.7519 0.134397 -0.990094 0.0406388
17.0016 83.6495 -36.364 0.164217 -0.985088 0.0513258
15.8408 83.4107 -36.9393 0.196451 -0.979788 0.0377108
14.6656 83.1305 -37.5293 0.224971 -0.973141 0.0488409
13.5434 82.8335 -38.0998 0.24962 -0.967512 0.0401267
12.5906 82.5668 -38.5889 0.260081 -0.964794 0.039134
11.7668 82.3196 -39.0182 0.269596 -0.962272 0.0367485
10.8305 82.0355 -39.5089 0.287812 -0.956689 0.043714
9.66223 81.6502 -40.1304 0.303908 -0.952222 0.0302257
8.56685 81.2685 -40.7206 0.316931 -0.948024 0.0283762
7.66496 80.9567 -41.2079 0.318426 -0.947817 0.0157654
6.73861 80.6195 -41.7181 0.340322 -0.94022 0.0129532
5.57876 80.1825 -42.3653 0.350225 -0.936636 0.00744926
4.66475 79.8294 -42.8802 0.365331 -0.930808 0.0113854
3.65544 79.4231 -43.4571 0.376105 -0.926545 0.00772726
2.58545 78.9704 -44.0779 0.382975 -0.923737 0.00634253
1.73817 78.5938 -44.5735 0.41114 -0.911551 0.00619864
0.844197 78.1863 -45.0966 0.418808 -0.908074 0.000534254
-0.099213 77.7436 -45.6333 0.428807 -0.903384 0.00463604
-1.20031 77.204 -46.1872 0.447496 -0.894283 0.00234972
-2.44856 76.5641 -46.6768 0.461295 -0.88722 0.00686191
-3.28399 76.122 -46.9355 0.47281 -0.881161 -0.00250271
-4.14877 75.6514 -47.1405 0.48451 -0.874785 0.00103437
-5.38858 74.9661 -47.4117 0.483253 -0.875481 -0.000466675
-6.34034 74.4389 -47.606 0.480143 -0.877172 -0.00559482
-7.47583 73.8228 -47.8192 0.478593 -0.877997 -0.00835082
-8.33322 73.3619 -47.9808 0.474331 -0.880299 -0.00918482
-9.17452 72.9184 -48.1387 0.459749 -0.887957 -0.0127602
-10.16 72.426 -48.3249 0.444655 -0.895247 -0.0285386
-11.2221 71.9114 -48.5228 0.437424 -0.898831 -0.0276273
-12.09 71.5067 -48.6802 0.422981 -0.905658 -0.0294996
-13.3104 70.9612 -48.8985 0.401703 -0.915051 -0.0362903
-14.3273 70.538 -49.0808 0.390614 -0.92022 -0.0248223
-15.7217 69.9677 -49.3225 0.366319 -0.929959 -0.0314236
-16.952 69.5 -49.5313 0.354254 -0.934514 -0.0344632
-17.9743 69.1169 -49.7056 0.350508 -0.93603 -0.0314883
-18.9738 68.7562 -49.8753 0.335869 -0.941569 -0.0252931
-19.9027 68.4307 -50.0474 0.334281 -0.942211 -0.0222439
-20.8042 68.1174 -50.2143 0.325541 -0.94534 -0.0188443
-22.0667 67.6904 -50.4361 0.321483 -0.946735 -0.0184594
-22.9903 67.3812 -50.5999 0.32005 -0.947261 -0.0162881
-24.0998 67.0142 -50.7914 0.31599 -0.948668 -0.01339
-25.1251 66.6756 -50.9703 0.315709 -0.948766 -0.013087
-26.5123 66.2212 -51.2216 0.311851 -0.950073 -0.0104765
-27.8593 65.7803 -51.4675 0.311192 -0.950323 -0.00675507
-28.88 65.4476 -51.6495 0.309834 -0.95078 -0.00449754
-29.9756 65.0894 -51.8358 0.310746 -0.95049 -0.00231421
-30.9561 64.7691 -51.9923 0.312053 -0.950064 -0.000966225
-32.251 64.3436 -52.1829 0.312215 -0.950007 0.00302463
-33.1573 64.0462 -52.3075 0.311763 -0.950148 0.00463127
-34.0735 63.7433 -52.4267 0.313243 -0.949656 0.00563819
-35.1552 63.3836 -52.598 0.314489 -0.94923 0.00775038
-36.0681 63.0793 -52.7407 0.316575 -0.948527 0.00877185
-37.318 62.6592 -52.951 0.318456 -0.947864 0.0118367
-38.5394 62.2446 -53.1793 0.319848 -0.947364 0.0140953
-39.7297 61.837 -53.4237 0.323572 -0.946072 0.0157971
-41.1096 61.3577 -53.741 0.326155 -0.945161 0.01716
-42.2478 60.9569 -54.0171 0.330538 -0.943607 0.0187242
-42.763 60.7745 -54.1428 0.329936 -0.943732 0.0226083
-42.9262 60.7401 -53.1989 0.329936 -0.943732 0.0226084
-41.7883 61.1394 -52.9324 0.325421 -0.945366 0.0196138
-40.7359 61.5062 -52.6874 0.324065 -0.945881 0.0170734
-39.753 61.8443 -52.4759 0.3223 -0.946524 0.0146739
-38.8026 62.1687 -52.2855 0.31944 -0.947515 0.0131913
-37.7324 62.5309 -52.0849 0.316856 -0.948409 0.0110757
-36.781 62.8501 -51.9256 0.314338 -0.949258 0.0100081
-35.8201 63.1699 -51.7845 0.314078 -0.949336 0.0107801
-34.6589 63.5551 -51.6119 0.313243 -0.949656 0.00563364
-33.6684 63.8826 -51.4723 0.311762 -0.950149 0.00463148
-32.4814 64.2707 -51.2976 0.311241 -0.950325 0.00333166
-31.4219 64.6168 -51.1477 0.310035 -0.950724 0.0016844
-30.3731 64.9581 -50.9841 0.308983 -0.951067 0.000923232
-29.1143 65.3675 -50.777 0.309318 -0.950949 -0.00427952
-27.963 65.7413 -50.5786 0.309945 -0.950733 -0.00638322
-26.8899 66.0888 -50.3882 0.308486 -0.951203 -0.00697951
-25.8733 66.4203 -50.2005 0.311658 -0.950148 -0.00935851
-24.6925 66.8063 -49.9848 0.314969 -0.94903 -0.0116821
-23.7569 67.1129 -49.8182 0.314169 -0.949244 -0.0152934
-22.8214 67.4217 -49.6525 0.319226 -0.947542 -0.0160801
-21.4194 67.89 -49.4014 0.321483 -0.946735 -0.0184594
-20.1915 68.3092 -49.1749 0.326214 -0.945062 -0.0210386
-19.2807 68.6235 -49.0092 0.335862 -0.941572 -0.025286
-18.1011 69.0418 -48.8019 0.34218 -0.939269 -0.026188
-17.0493 69.4297 -48.6255 0.35827 -0.933078 -0.0317384
-15.5867 69.9903 -48.3726 0.366916 -0.929888 -0.0260863
-14.1308 70.584 -48.1156 0.389065 -0.920537 -0.0352146
-13.14 70.9978 -47.9352 0.401696 -0.915054 -0.0362982
-12.1426 71.4506 -47.7488 0.418923 -0.907518 -0.0302434
-11.132 71.9239 -47.5635 0.436961 -0.898894 -0.0324869
-10.1556 72.3982 -47.3828 0.441787 -0.896699 -0.0274581
-9.03546 72.9759 -47.1721 0.465777 -0.884812 -0.0126473
-7.73697 73.6717 -46.9307 0.477991 -0.87825 -0.0142352
-6.54314 74.3228 -46.701 0.479208 -0.877689 -0.00462377
-5.67189 74.8062 -46.5223 0.490299 -0.87155 -0.00283081
-4.42404 75.5019 -46.2405 0.483524 -0.875315 0.00538066
-3.29575 76.1151 -45.9377 0.468872 -0.883241 0.00671374
-2.19569 76.7016 -45.6094 0.469879 -0.882675 0.00992266
-1.3851 77.1168 -45.2712 0.448021 -0.893993 0.00731896
-0.44424 77.58 -44.7871 0.435041 -0.90037 0.0085609
0.635093 78.0947 -44.1676 0.416006 -0.909349 0.00475476
1.4164 78.4603 -43.7 0.413965 -0.910227 0.0109778
2.22617 78.8266 -43.222 0.404608 -0.914446 0.0089815
3.04463 79.177 -42.7447 0.385769 -0.922526 0.0113624
4.1568 79.6396 -42.1031 0.365334 -0.930807 0.0113781
5.19546 80.0519 -41.5128 0.354187 -0.935016 0.0172507
6.01667 80.3658 -41.053 0.347765 -0.937392 0.0188329
7.21481 80.8182 -40.388 0.337519 -0.941026 0.0234765
8.06416 81.1242 -39.9253 0.323205 -0.946026 0.0239548
8.92283 81.4243 -39.4624 0.31476 -0.948558 0.0341329
9.82303 81.7418 -38.978 0.311451 -0.949566 0.0363778
10.7591 82.0477 -38.4816 0.291037 -0.956369 0.0256292
12.126 82.4671 -37.766 0.269927 -0.96224 0.0351136
13.3298 82.8197 -37.145 0.245828 -0.968568 0.0380156
14.5156 83.1377 -36.5427 0.240602 -0.969511 0.0464617
15.4556 83.3713 -36.0691 0.196859 -0.979258 0.0479651
16.5407 83.6163 -35.5273 0.180891 -0.98227 0.0492279
17.6281 83.8089 -34.9959 0.153713 -0.987028 0.0463392
18.5039 83.9516 -34.5705 0.130673 -0.989984 0.0534481
19.5099 84.0886 -34.0846 0.0780058 -0.996234 0.0378527
20.4733 84.1813 -33.6246 0.0667751 -0.997031 0.0383321
21.4067 84.2508 -33.1833 0.0530824 -0.997943 0.0359547
22.2896 84.2926 -32.7697 0.00335478 -0.998813 0.0486007
23.3456 84.3099 -32.2791 -0.0270461 -0.998542 0.0467185
24.2649 84.2833 -31.854 -0.0507582 -0.997454 0.0500894
25.2558 84.2323 -31.4044 -0.094528 -0.993905 0.0567149
26.1648 84.1507 -30.9931 -0.123298 -0.99152 0.0410505
27.1235 84.0225 -30.5657 -0.154371 -0.987732 0.0235516
28.2664 83.818 -30.0594 -0.230144 -0.971579 0.0553946
29.5522 83.5127 -29.4941 -0.284618 -0.957035 0.0554609
30.7803 83.1504 -28.9612 -0.322856 -0.945476 0.0428789
31.6889 82.8482 -28.5675 -0.361755 -0.931971 0.0237357
32.675 82.4763 -28.1382 -0.37388 -0.926998 0.0298128
33.6736 82.0561 -27.7129 -0.402219 -0.915158 0.026561
34.5218 81.6533 -27.3564 -0.458262 -0.888521 0.0229489
35.4494 81.1686 -26.9687 -0.491652 -0.870729 0.0104745
36.3419 80.6537 -26.5945 -0.517193 -0.855768 0.0131434
37.2046 80.1182 -26.228 -0.552914 -0.833187 0.00924312
37.9112 79.6584 -25.9272 -0.564408 -0.82537 0.0144093
31.9402 82.7965 -27.45 -0.362929 -0.929628 0.0638253
31.0809 83.102 -27.8198 -0.322953 -0.943441 0.0749749
29.8398 83.4932 -28.3534 -0.301688 -0.952182 0.0483091
28.7928 83.7677 -28.8139 -0.272566 -0.960871 0.0493501
27.6652 84.0034 -29.3042 -0.196922 -0.978792 0.0564573
26.5137 84.1587 -29.8076 -0.155257 -0.9858 0.0639781
25.5188 84.2599 -30.2544 -0.116622 -0.991118 0.0639145
24.1363 84.3399 -30.8763 -0.0555472 -0.996057 0.069174
23.0917 84.3533 -31.351 -0.00735242 -0.998929 0.0456807
22.1924 84.3412 -31.7626 0.0140774 -0.998661 0.0497856
20.9628 84.2561 -32.3385 0.0462264 -0.997867 0.0460941
19.8396 84.1602 -32.8696 0.0777583 -0.996267 0.0374846
18.6109 84.0214 -33.4566 0.125151 -0.991102 0.0453233
17.5454 83.8468 -33.9743 0.15698 -0.986374 0.0492292
16.6129 83.6792 -34.4302 0.168043 -0.98486 0.0425749
15.7315 83.4865 -34.8659 0.196418 -0.979272 0.0494556
14.7834 83.2618 -35.3413 0.227693 -0.972723 0.0443355
13.4685 82.9128 -36.009 0.247129 -0.967547 0.0527201
12.5466 82.6418 -36.4835 0.267719 -0.962223 0.049535
11.4699 82.3092 -37.043 0.288123 -0.956622 0.0431147
10.5472 82.013 -37.5279 0.290103 -0.956554 0.0290503
9.54689 81.6829 -38.0592 0.315158 -0.948663 0.0267163
8.6897 81.3809 -38.5198 0.315677 -0.948211 0.0352558
7.8726 81.0838 -38.9633 0.330711 -0.943249 0.0301765
6.83811 80.7045 -39.5293 0.337518 -0.941026 0.0234763
5.46417 80.176 -40.2938 0.343619 -0.938892 0.0201847
4.46583 79.7808 -40.8588 0.36192 -0.932064 0.0164739
3.66392 79.4527 -41.317 0.380182 -0.924773 0.0160407
2.75205 79.0657 -41.8467 0.391608 -0.920094 0.00835876
1.95577 78.7181 -42.3144 0.400437 -0.916281 0.00893581
0.892238 78.2279 -42.9498 0.417836 -0.908398 0.0150166
0.0777046 77.8452 -43.4397 0.425593 -0.904826 0.0126784
-1.01963 77.3087 -44.0623 0.435221 -0.900285 0.00834719
-1.96669 76.8356 -44.5263 0.455756 -0.890045 0.0102945
-3.03718 76.2631 -44.8845 0.47089 -0.882094 0.0131325
-4.08212 75.6951 -45.1877 0.480001 -0.877237 0.00731979
-5.07877 75.1404 -45.4395 0.490206 -0.871607 -9.76736e-05
-5.92109 74.6652 -45.6304 0.492903 -0.870084 0.000234553
-6.84013 74.1515 -45.8137 0.484057 -0.874946 -0.0125837
-7.75017 73.6521 -45.9866 0.480476 -0.876932 -0.0115214
-8.88525 73.0426 -46.1989 0.468455 -0.883365 -0.0146768
-9.89176 72.5197 -46.3873 0.456939 -0.889439 -0.0102214
-10.7614 72.0776 -46.5509 0.45196 -0.89196 -0.0117889
-11.8248 71.5652 -46.7492 0.425106 -0.904908 -0.0206419
-12.7951 71.1276 -46.9335 0.413967 -0.910016 -0.0224047
-13.9687 70.6215 -47.1498 0.390522 -0.920176 -0.0277412
-14.8598 70.2555 -47.307 0.377189 -0.925643 -0.0302231
-16.1181 69.7573 -47.5271 0.370955 -0.928289 -0.0259248
-17.0953 69.3827 -47.7005 0.361507 -0.931911 -0.0292441
-18.2019 68.9798 -47.8919 0.345583 -0.93796 -0.0283491
-19.2573 68.6105 -48.0804 0.332451 -0.942981 -0.0162124
-20.4771 68.1912 -48.3021 0.326211 -0.945063 -0.0210481
-21.4139 67.8744 -48.4748 0.318808 -0.94764 -0.0184151
-22.6439 67.4663 -48.6982 0.317865 -0.948025 -0.0145032
-23.5556 67.1642 -48.8657 0.315485 -0.948818 -0.014621
-25.0602 66.6738 -49.136 0.309316 -0.950898 -0.0107599
-26.0466 66.3548 -49.3177 0.309581 -0.950844 -0.00738186
-27.304 65.9491 -49.5453 0.308114 -0.951333 -0.0055499
-28.3123 65.6239 -49.7259 0.30828 -0.951285 -0.00437569
-29.2624 65.3166 -49.8865 0.306236 -0.951955 -0.00128763
-30.1714 65.0244 -50.0423 0.306139 -0.951986 -0.00127302
-31.3466 64.6426 -50.2203 0.307714 -0.951477 0.00203347
-32.4274 64.292 -50.3823 0.308543 -0.951202 0.00394951
-33.4496 63.9582 -50.5326 0.310513 -0.950557 0.0047798
-34.4573 63.6288 -50.6724 0.311084 -0.950345 0.00846115
-35.5823 63.258 -50.8295 0.31324 -0.949633 0.00884838
-36.5105 62.9509 -50.96 0.314468 -0.9492 0.0113677
-37.4201 62.6482 -51.0981 0.316368 -0.948542 0.0133741
-38.4931 62.2877 -51.2847 0.317246 -0.948245 0.0136848
-39.8063 61.8417 -51.5361 0.320656 -0.947076 0.0150469
-40.9068 61.4642 -51.7654 0.322139 -0.946546 0.016646
-41.8475 61.1386 -51.976 0.325571 -0.945291 0.0207122
-42.7897 60.8103 -52.1879 0.324452 -0.945646 0.0220189
-43.0516 60.7191 -52.2468 0.326506 -0.944932 0.0222857
-43.2937 60.6587 -51.3175 0.323096 -0.946079 0.0233155
-42.0403 61.0937 -51.043 0.322833 -0.946234 0.0204771
-41.1341 61.4046 -50.8625 0.319665 -0.947367 0.0176166
-39.8117 61.856 -50.5906 0.320162 -0.947222 0.0163159
-38.6177 62.2594 -50.3738 0.316679 -0.948418 0.0147556
-37.7104 62.564 -50.2186 0.31435 -0.949201 0.0141629
-36.629 62.923 -50.0552 0.312051 -0.949983 0.0125235
-35.6687 63.2396 -49.9248 0.311948 -0.950033 0.0112403
-34.5519 63.6054 -49.7733 0.310238 -0.950618 0.00884039
-33.4247 63.973 -49.6188 0.308582 -0.951169 0.00743392
-32.4404 64.2916 -49.4786 0.306348 -0.951898 0.0063787
-31.364 64.64 -49.3186 0.306434 -0.951886 0.00316614
-30.2691 64.9918 -49.1402 0.305047 -0.952337 0.000714355
-29.2227 65.3281 -48.9561 0.305965 -0.952042 -0.00142988
-28.2718 65.6334 -48.803 0.306444 -0.951883 -0.00310174
-27.3361 65.9343 -48.6342 0.306169 -0.951969 -0.00384412
-26.0842 66.3362 -48.4047 0.305993 -0.952019 -0.00529064
-24.9241 66.7074 -48.1929 0.309317 -0.950898 -0.01076
-23.8803 67.0464 -48.0111 0.310626 -0.950455 -0.0121453
-22.6746 67.4435 -47.7876 0.315393 -0.948872 -0.0130201
-21.6163 67.7927 -47.5813 0.317029 -0.94834 -0.0119675
-20.6138 68.1261 -47.4013 0.322595 -0.946403 -0.0159312
-19.4106 68.5398 -47.1811 0.329148 -0.94408 -0.019365
-18.077 69.0041 -46.9385 0.334739 -0.94211 -0.0194299
-17.0559 69.3733 -46.7577 0.354575 -0.93488 -0.01662
-16.116 69.7369 -46.5905 0.364698 -0.930904 -0.0203152
-14.9164 70.2107 -46.3752 0.381489 -0.924238 -0.0158314
-13.9462 70.6093 -46.2041 0.383685 -0.923339 -0.0151988
-12.9468 71.0387 -46.0238 0.404294 -0.914459 -0.0176244
-12.0337 71.4516 -45.8495 0.419261 -0.907702 -0.0172624
-10.9412 71.9748 -45.6408 0.45517 -0.89037 -0.00781189
-9.92192 72.4914 -45.4491 0.45188 -0.892041 -0.00821566
-8.78624 73.0832 -45.2343 0.474594 -0.880174 -0.00742572
-7.81616 73.6068 -45.0512 0.482064 -0.876128 -0.00367655
-6.91153 74.1096 -44.8788 0.485834 -0.874051 0.000670715
-6.06277 74.5866 -44.711 0.491511 -0.870858 0.00471766
-5.24004 75.0528 -44.5301 0.491525 -0.870833 0.0073091
-4.17332 75.6529 -44.2674 0.480313 -0.877064 0.00762884
-3.12662 76.2297 -43.9252 0.475769 -0.879507 0.0105321
-2.10297 76.7753 -43.5616 0.466461 -0.884472 0.0110934
-0.949565 77.3543 -42.9687 0.436104 -0.89981 0.0124652
0.0545018 77.8461 -42.3818 0.433317 -0.901182 0.0103391
0.957778 78.2754 -41.84 0.416334 -0.909103 0.0140531
1.7522 78.6366 -41.3653 0.39991 -0.916535 0.00593815
2.59625 79.0095 -40.868 0.398978 -0.916852 0.0140957
3.73533 79.4993 -40.2074 0.377028 -0.926036 0.0175216
4.78462 79.9298 -39.6083 0.359301 -0.932992 0.0207148
5.60501 80.255 -39.147 0.354328 -0.93489 0.020779
6.66802 80.6671 -38.5559 0.351361 -0.935949 0.0233233
7.50435 80.9789 -38.0973 0.338366 -0.940691 0.0246598
8.41665 81.315 -37.6004 0.331631 -0.942988 0.0281847
9.37537 81.651 -37.0861 0.310975 -0.949858 0.0326122
10.53 82.0481 -36.4719 0.296435 -0.954127 0.0420543
11.659 82.4146 -35.8803 0.283359 -0.958146 0.0407986
12.5337 82.6927 -35.4243 0.275553 -0.960224 0.045175
13.4725 82.9671 -34.9421 0.256255 -0.965321 0.0498866
14.7644 83.3089 -34.2868 0.224648 -0.973179 0.0495643
15.6343 83.5278 -33.8535 0.183831 -0.981204 0.0587014
16.6122 83.7288 -33.3696 0.176477 -0.982991 0.0508395
17.4787 83.8946 -32.9435 0.146384 -0.987887 0.0514928
18.4862 84.0537 -32.4551 0.118066 -0.99206 0.0433351
19.7939 84.2012 -31.8303 0.0798936 -0.995616 0.0486414
20.6799 84.299 -31.4175 0.063342 -0.996369 0.0568876
21.7993 84.3731 -30.8949 0.0360826 -0.997941 0.0530243
22.8637 84.4062 -30.4105 0.000443674 -0.997918 0.0644887
24.2313 84.4092 -29.8016 -0.0625325 -0.995955 0.0645168
25.2528 84.3496 -29.3489 -0.119598 -0.990935 0.0611956
-43.6441 60.5614 -50.4095 0.323096 -0.946079 0.0233166
-42.4433 60.9755 -50.1588 0.320597 -0.946999 0.0202788
-41.527 61.2893 -49.9848 0.32037 -0.947104 0.0188964
-40.5556 61.6207 -49.7978 0.318497 -0.947759 0.017674
-39.6116 61.9398 -49.6192 0.315525 -0.948773 0.0165698
-38.3881 62.3512 -49.4037 0.316678 -0.948418 0.0147559
-37.1352 62.7676 -49.2133 0.313018 -0.949655 0.0132413
-35.9179 63.1683 -49.0486 0.309449 -0.950836 0.0123209
-34.6566 63.5804 -48.8778 0.309568 -0.950829 0.00957018
-33.6557 63.9054 -48.7422 0.307235 -0.951594 0.0086618
-32.7035 64.2128 -48.6078 0.306345 -0.951899 0.0063804
-31.6129 64.5637 -48.4482 0.303643 -0.952767 0.00605662
-30.2299 65.0069 -48.2211 0.303836 -0.952721 0.00244138
-28.9876 65.4022 -47.9968 0.3031 -0.952959 0.000569059
-27.709 65.8113 -47.787 0.304098 -0.952637 -0.0026506
-26.6573 66.1473 -47.6012 0.306174 -0.951964 -0.00475072
-25.6745 66.4615 -47.4183 0.304484 -0.952493 -0.00689837
-24.3231 66.8938 -47.1716 0.308607 -0.95116 -0.00754724
-23.41 67.1887 -47.0111 0.314965 -0.949012 -0.013162
-22.3889 67.5254 -46.8104 0.315573 -0.948806 -0.0134639
-21.4261 67.8428 -46.6234 0.315858 -0.948704 -0.0139574
-20.3939 68.1852 -46.4353 0.32435 -0.945811 -0.0154684
-19.3818 68.5308 -46.254 0.329147 -0.94408 -0.0193556
-18.0798 68.984 -46.0127 0.339255 -0.940513 -0.0184688
-16.782 69.4595 -45.7767 0.353833 -0.935153 -0.0170842
-15.6892 69.8798 -45.5813 0.372258 -0.927941 -0.0186926
-14.6596 70.3008 -45.3927 0.377136 -0.926013 -0.0163636
-13.6643 70.7101 -45.2112 0.392297 -0.919639 -0.0191606
-12.6489 71.1545 -45.0246 0.424813 -0.90517 -0.0141994
-11.569 71.6549 -44.8175 0.433955 -0.900916 -0.00584085
-10.7113 72.0851 -44.6571 0.448394 -0.893831 -0.00290411
-9.73626 72.575 -44.4706 0.451221 -0.892349 -0.0106327
-8.42344 73.2692 -44.2165 0.482216 -0.876045 -0.00355251
-7.52411 73.7715 -44.0457 0.484908 -0.874558 0.00349188
-6.39935 74.4017 -43.8305 0.488744 -0.872405 0.00628476
-5.56211 74.8808 -43.6594 0.490445 -0.871422 0.00931511
-4.30191 75.5948 -43.3417 0.485816 -0.873973 0.01244
-3.46057 76.0592 -43.0691 0.478743 -0.877857 0.0131031
-2.59753 76.5258 -42.7481 0.465431 -0.884991 0.0128217
-1.80809 76.9384 -42.3745 0.456246 -0.889806 0.00928462
-0.786753 77.4506 -41.8114 0.439992 -0.897869 0.0154327
0.0235288 77.8458 -41.3291 0.428498 -0.903491 0.0096159
0.8001 78.2191 -40.8615 0.422433 -0.906312 0.0121715
2.02206 78.7742 -40.1339 0.404321 -0.914445 0.0177152
3.24346 79.3144 -39.4193 0.395214 -0.91846 0.0154351
4.03865 79.6484 -38.9628 0.374596 -0.926975 0.0198874
5.07039 80.0679 -38.3781 0.356694 -0.933992 0.020682
5.94617 80.4147 -37.8876 0.353547 -0.935005 0.027768
6.91758 80.7903 -37.3506 0.341647 -0.939423 0.02759
7.89955 81.157 -36.8146 0.335045 -0.94154 0.035303
9.1918 81.6299 -36.1176 0.31995 -0.946872 0.0326468
10.0575 81.9325 -35.6558 0.301749 -0.952335 0.0447887
11.4426 82.3967 -34.9276 0.282802 -0.957814 0.0511394
12.4298 82.71 -34.4145 0.266232 -0.962925 0.043554
13.6333 83.0615 -33.7963 0.236259 -0.970173 0.0542842
14.708 83.3521 -33.2526 0.227541 -0.972078 0.0573502
15.6122 83.5837 -32.7993 0.195631 -0.979194 0.0539174
16.73 83.8112 -32.2469 0.172025 -0.983464 0.0566181
17.6072 83.9658 -31.8198 0.136596 -0.989387 0.0495546
18.7517 84.1404 -31.2653 0.0919874 -0.994029 0.0586896
19.3006 84.2079 -31.0064 0.0867545 -0.994119 0.0648183
-44.6466 60.2401 -49.6221 0.321231 -0.946719 0.0230982
-43.6859 60.57 -49.4375 0.320241 -0.947075 0.022262
-42.671 60.9182 -49.237 0.320599 -0.946998 0.0202739
-41.369 61.3621 -49.0026 0.318938 -0.947576 0.0194375
-40.3698 61.701 -48.818 0.316562 -0.948415 0.0172735
-39.213 62.0902 -48.6078 0.315483 -0.948777 0.0171051
-38.3049 62.3939 -48.457 0.311854 -0.950012 0.0150047
-37.3246 62.7185 -48.3214 0.311438 -0.950167 0.0137609
-36.05 63.1367 -48.1666 0.309448 -0.950837 0.0123154
-34.6166 63.6032 -47.9647 0.306396 -0.951837 0.0113233
-33.3983 63.9967 -47.8037 0.305932 -0.952017 0.00833262
-32.1949 64.3833 -47.6291 0.304658 -0.95243 0.00780883
-31.0327 64.7544 -47.4511 0.303416 -0.952845 0.00501894
-29.5832 65.2154 -47.2021 0.302557 -0.953129 0.00199432
-28.5557 65.5403 -47.0158 0.301097 -0.953593 0.00128056
-27.5585 65.8567 -46.8511 0.304105 -0.952635 -0.00266002
-26.4815 66.1993 -46.6591 0.303599 -0.95279 -0.00437342
-25.1344 66.628 -46.4038 0.304032 -0.952652 -0.00443499
-23.9697 66.9998 -46.1855 0.308308 -0.951248 -0.0085072
-23.0489 67.297 -46.0234 0.309743 -0.950782 -0.00851458
-21.915 67.6678 -45.7976 0.315581 -0.948795 -0.0140069
-20.9872 67.9756 -45.6213 0.317342 -0.94824 -0.0116642
-19.9725 68.3152 -45.4333 0.319417 -0.947423 -0.0190274
-18.8378 68.7009 -45.2287 0.330468 -0.943638 -0.0183913
-17.5201 69.1725 -44.9867 0.346632 -0.937851 -0.016818
-16.3565 69.6056 -44.7723 0.364635 -0.931052 -0.0135851
-15.1937 70.0685 -44.5575 0.377136 -0.926013 -0.0163638
-14.1797 70.473 -44.3656 0.38044 -0.924573 -0.0207168
-13.1016 70.9404 -44.1669 0.403536 -0.91496 -0.00257103
-12.1024 71.398 -43.9761 0.423528 -0.905853 -0.00733019
-10.9766 71.9483 -43.7624 0.446161 -0.89494 -0.00481695
-9.97807 72.4421 -43.5725 0.447693 -0.894149 -0.00824034
-8.88647 73.0167 -43.3573 0.472915 -0.881105 0.00207811
-7.77504 73.6355 -43.1448 0.489967 -0.871734 0.00348216
-6.94363 74.1035 -42.9827 0.489034 -0.872236 0.00715243
-6.07867 74.5953 -42.8141 0.495276 -0.868682 0.00961936
-5.67235 74.8279 -42.7349 0.4956 -0.8685 0.00936156
-56.6163 55.8818 -51.4041 0.361157 -0.931983 0.0312137
-56.7711 55.821 -51.4314 0.359484 -0.932638 0.0309519
-57.2076 55.6853 -50.4327 0.357286 -0.933607 0.0269183
-56.023 56.1465 -50.1685 0.358087 -0.933322 0.0261517
-56.9701 55.8083 -49.3023 0.355293 -0.934438 0.0243316
-54.5367 56.7501 -48.738 0.355603 -0.934403 0.0209226
-54.0631 56.9306 -48.6348 0.351912 -0.935874 0.0172266
-56.7989 55.9032 -48.1664 0.355677 -0.934288 0.0244685
-54.5454 56.7665 -47.6801 0.351041 -0.936198 0.0174502
-52.5116 57.535 -47.2349 0.346961 -0.937786 0.013226
-50.3107 58.3402 -46.7448 0.337683 -0.941139 0.0150769
-47.9572 59.1809 -46.2553 0.330677 -0.943582 0.0174775
-46.0061 59.8612 -45.9052 0.3239 -0.94587 0.020449
-43.8457 60.6045 -45.5039 0.320371 -0.947062 0.0208812
-41.6259 61.3567 -45.2031 0.31525 -0.948789 0.0204355
-39.5848 62.0374 -44.9126 0.312322 -0.949774 0.0196308
-37.1761 62.8268 -44.6442 0.306935 -0.951562 0.0179267
-35.0015 63.5273 -44.391 0.302405 -0.953072 0.0142988
-32.6649 64.2701 -44.0451 0.299253 -0.954109 0.0111154
-30.3962 64.9812 -43.7003 0.297401 -0.95471 0.00897691
-28.378 65.6089 -43.3245 0.29609 -0.955147 0.00490382
-26.2702 66.2625 -42.9391 0.294854 -0.955538 0.0028527
-24.2815 66.882 -42.5659 0.299541 -0.954079 -0.00270067
-22.3161 67.5093 -42.2013 0.311032 -0.950374 -0.00698983
-20.2789 68.1737 -41.7754 0.316448 -0.948591 -0.00600273
-19.558 68.4154 -41.6386 0.319619 -0.947459 -0.0128621
-21.8396 67.6577 -41.1747 0.310946 -0.950387 -0.00876952
-24.0206 66.9625 -41.5854 0.296778 -0.954946 -0.000824006
-25.9923 66.3511 -41.9672 0.294769 -0.955564 0.00281734
-28.2364 65.6585 -42.3895 0.293829 -0.955839 0.00602114
-30.2446 65.0365 -42.759 0.295573 -0.955277 0.00903993
-32.4811 64.3391 -43.0936 0.297263 -0.954715 0.0124143
-34.6897 63.642 -43.4278 0.301431 -0.953379 0.0144015
-36.7113 62.9952 -43.6606 0.305364 -0.952076 0.0174392
-38.9144 62.2776 -43.9021 0.310094 -0.950515 0.0190434
-41.2695 61.4973 -44.1714 0.314076 -0.949185 0.0201114
-43.3244 60.8033 -44.4621 0.319384 -0.947407 0.0203575
-45.7488 59.9725 -44.8698 0.322458 -0.946361 0.0205206
-47.7398 59.2775 -45.2013 0.332005 -0.943082 0.0192238
-49.9894 58.4749 -45.6256 0.337389 -0.941222 0.0164158
-52.0524 57.7199 -46.1007 0.345363 -0.938363 0.0141075
-54.0154 56.9875 -46.5117 0.348938 -0.936968 0.0182852
-56.076 56.2051 -46.9488 0.352774 -0.935469 0.0211848
-54.0281 57.0025 -45.4616 0.348403 -0.937199 0.0165423
-52.0294 57.7474 -45.0379 0.344181 -0.938745 0.0172617
-49.9046 58.5238 -44.5763 0.337397 -0.941207 0.0170917
-47.908 59.2382 -44.2239 0.332005 -0.943082 0.0192254
-45.5926 60.0479 -43.8497 0.322424 -0.946364 0.0209249
-43.1724 60.8765 -43.4615 0.319925 -0.947209 0.0210343
-41.0369 61.5961 -43.1905 0.313171 -0.949463 0.021057
-38.8181 62.3281 -42.9591 0.309349 -0.950755 0.0191959
-36.7961 62.9852 -42.7237 0.303956 -0.952517 0.017955
-34.7353 63.6417 -42.5182 0.299937 -0.95381 0.016863
-32.3925 64.3788 -42.1562 0.297236 -0.954706 0.0136978
-30.3973 64.9976 -41.8739 0.294966 -0.955464 0.00914799
-28.2474 65.6601 -41.4733 0.292856 -0.956143 0.00519032
-25.9162 66.3777 -41.0254 0.293605 -0.955924 0.00250527
-23.6244 67.0844 -40.5917 0.297063 -0.954856 -0.00190252
-23.4329 67.1441 -40.558 0.300494 -0.953782 -0.00189236
-25.2999 66.5682 -39.9748 0.292431 -0.956285 0.00192161
-27.3732 65.9336 -40.3838 0.291433 -0.956576 0.00538779
-29.5133 65.2797 -40.7881 0.292083 -0.956353 0.00877053
-31.5527 64.6526 -41.1137 0.293571 -0.955843 0.0134008
-33.5594 64.0279 -41.4323 0.297453 -0.954617 0.0151127
-35.7119 63.3491 -41.7014 0.300962 -0.953476 0.0174642
-37.7071 62.7082 -41.9184 0.306197 -0.951787 0.0185798
-39.8242 62.0172 -42.1302 0.310363 -0.95042 0.0193901
-41.8534 61.3439 -42.3319 0.315585 -0.948666 0.0209279
-44.0758 60.5908 -42.594 0.321176 -0.946775 0.0215287
-46.4334 59.7773 -43.0098 0.325565 -0.945317 0.0195659
-48.4227 59.0738 -43.3238 0.333848 -0.942443 0.0186369
-50.8803 58.1875 -43.778 0.338896 -0.940654 0.017889
-50.9645 58.1569 -43.7932 0.338895 -0.940654 0.0178886
-11.3808 71.7435 -42.894 0.436559 -0.899639 -0.00812445
-13.5143 70.7559 -43.3032 0.403531 -0.914962 -0.00257344
-15.6628 69.8653 -43.7098 0.368915 -0.929323 -0.0161368
-18.0321 68.9647 -44.1512 0.340834 -0.939932 -0.018968
-20.1846 68.2302 -44.5426 0.314138 -0.949316 -0.0108188
-22.4706 67.477 -44.9873 0.312365 -0.949937 -0.00693127
-24.6776 66.7679 -45.4042 0.303236 -0.952893 -0.00648258
-27.2613 65.9493 -45.8878 0.300209 -0.953873 -0.000390742
-29.6434 65.1989 -46.3062 0.300006 -0.953927 0.00446528
-31.7931 64.518 -46.6581 0.30164 -0.953396 0.00700278
-34.0113 63.8086 -46.979 0.304804 -0.952355 0.0107267
-36.0154 63.1603 -47.2543 0.307602 -0.951418 0.0135878
-38.2003 62.4432 -47.5146 0.311868 -0.950009 0.0148602
-40.5204 61.6682 -47.889 0.315339 -0.948793 0.0187832
-42.5595 60.9767 -48.2516 0.318442 -0.947725 0.0203085
-44.7122 60.2412 -48.6504 0.32135 -0.946734 0.0207197
-44.9128 60.1721 -48.6924 0.321821 -0.946575 0.0206549
-45.7259 59.9139 -47.8595 0.321904 -0.946542 0.0208672
-43.5987 60.6451 -47.4359 0.320225 -0.947107 0.0210563
-41.3399 61.4107 -47.0747 0.316382 -0.948388 0.0215177
-39.3047 62.0942 -46.7422 0.312856 -0.949649 0.0169552
-37.1766 62.7957 -46.4608 0.310581 -0.950425 0.0152099
-34.9729 63.5103 -46.1967 0.306112 -0.951917 0.0122565
-32.8152 64.2012 -45.9003 0.301725 -0.953345 0.00975206
-30.6307 64.8925 -45.5628 0.299051 -0.954215 0.00652473
-28.6454 65.5162 -45.2145 0.298586 -0.954377 0.00325849
-26.5199 66.1817 -44.832 0.299535 -0.954085 -0.000476317
-24.371 66.8589 -44.4293 0.302333 -0.953185 -0.00577834
-22.2968 67.5274 -44.0338 0.312265 -0.949973 -0.00644191
-20.2494 68.1983 -43.6283 0.314361 -0.949241 -0.0108566
-18.0159 68.9594 -43.2123 0.33687 -0.94153 -0.00639773
-16.0428 69.6993 -42.8434 0.363363 -0.931468 -0.0183192
-15.0016 70.1101 -42.6492 0.378549 -0.925505 -0.0118981
-17.7629 69.0424 -42.2287 0.341036 -0.939915 -0.0159726
-20.1875 68.21 -42.6887 0.316448 -0.948591 -0.00600366
-22.4729 67.4641 -43.1525 0.310697 -0.950494 -0.00535088
-24.5602 66.7971 -43.5433 0.300033 -0.953927 -0.00191497
-26.7392 66.114 -43.941 0.296198 -0.955123 0.00263452
-28.7234 65.4959 -44.3098 0.296646 -0.95497 0.00587
-30.8785 64.8218 -44.6918 0.297381 -0.954719 0.00875222
-32.8949 64.186 -44.996 0.300295 -0.953778 0.0114026
-35.2713 63.4275 -45.3273 0.304832 -0.952291 0.0147811
-37.2976 62.7715 -45.5693 0.307607 -0.951381 0.0158625
-39.4035 62.0783 -45.831 0.312078 -0.949885 0.0180439
-41.5281 61.3689 -46.1494 0.31564 -0.948655 0.0206259
-43.508 60.6976 -46.4354 0.319328 -0.947415 0.0208198
-45.585 59.9841 -46.8205 0.322856 -0.94622 0.0207829
-47.6314 59.2738 -47.2131 0.325046 -0.945523 0.0182168
-48.0515 59.1288 -47.2856 0.325885 -0.945263 0.0166171
-45.7934 60.0221 -41.8174 0.324859 -0.94555 0.0200589
-43.3843 60.8507 -41.4985 0.319553 -0.947311 0.0220672
-40.6225 61.775 -41.2529 0.310591 -0.950279 0.0224236
-38.2042 62.5659 -41.059 0.306057 -0.951778 0.0211782
-35.6076 63.3998 -40.7614 0.30026 -0.95367 0.0188921
-32.8737 64.256 -40.3993 0.293714 -0.955754 0.0163249
-30.3561 65.0313 -40.013 0.290847 -0.956712 0.010472
-27.8062 65.8074 -39.5518 0.289144 -0.957258 0.00726801
-27.7054 65.8381 -39.5309 0.290097 -0.95698 0.00579349
-30.0232 65.1442 -39.0302 0.289069 -0.957252 0.0103549
-32.4476 64.4034 -39.4121 0.291369 -0.956498 0.0146906
-34.8862 63.645 -39.7445 0.298452 -0.954257 0.017888
-37.5784 62.7885 -40.0597 0.304794 -0.952182 0.0212254
-39.9382 62.0219 -40.2504 0.310051 -0.950465 0.0220254
-41.7024 61.4379 -40.3947 0.315455 -0.948693 0.021666
