-6.72134 75.4392 -56.4589 -0.426727 0.904066 -0.0236104
-5.81299 75.8834 -55.7799 -0.423928 0.905349 -0.02507
-6.33214 75.6466 -55.5782 -0.424833 0.904774 -0.0300233
-6.72318 75.4427 -56.2827 -0.429525 0.902783 -0.0221414
-7.19933 75.2167 -56.2578 -0.429525 0.902783 -0.0221414
-7.71657 74.9742 -56.5531 -0.414557 0.909905 -0.0146669
-8.50969 74.6053 -56.9415 -0.421794 0.906542 -0.0147752
-8.55326 74.581 -57.1866 -0.421794 0.906542 -0.0147752
-7.71075 74.972 -56.8311 -0.415296 0.909542 -0.0162274
-7.20362 75.2088 -56.4987 -0.422039 0.906345 -0.0184131
-7.05997 75.2687 -56.8434 -0.422039 0.906345 -0.0184131
-6.18483 75.691 -56.439 -0.423928 0.905349 -0.0250697
-5.4507 76.052 -55.8151 -0.42418 0.905151 -0.0276877
-5.28633 76.1373 -55.6246 -0.448305 0.89268 -0.0463145
-5.01389 76.2745 -55.4366 -0.420366 0.90631 -0.0435154
-4.5425 76.5073 -55.134 -0.419565 0.906658 -0.0440087
-4.11692 76.7172 -54.8668 -0.419565 0.906658 -0.0440086
-3.75903 76.8944 -54.6283 -0.428229 0.902246 -0.0494754
-3.12066 77.2399 -54.0597 -0.436952 0.897801 -0.0550135
-3.05664 77.2801 -53.9132 -0.436967 0.897794 -0.0550052
-3.69254 76.9652 -54.0001 -0.436975 0.897791 -0.0550007
-4.47978 76.574 -54.3582 -0.420359 0.906313 -0.0435196
-5.13277 76.2476 -54.8391 -0.421162 0.905964 -0.0430318
-5.38729 76.1145 -55.0853 -0.448434 0.892613 -0.0463618
-5.81804 75.8985 -55.2548 -0.424432 0.904953 -0.0303052
-6.19741 75.7173 -55.3535 -0.424833 0.904774 -0.0300233
-6.82589 75.4081 -55.6979 -0.429425 0.902717 -0.0260903
-7.39799 75.1278 -56.0323 -0.422041 0.906344 -0.0184041
-7.82514 74.9289 -56.2926 -0.414557 0.909905 -0.0146669
-8.45336 74.6366 -56.6246 -0.421794 0.906542 -0.0147752
-8.92065 74.4097 -56.9951 -0.42829 0.903543 -0.0133237
-9.36972 74.2049 -57.2721 -0.404705 0.914441 0.00347144
-9.89258 73.9743 -57.4899 -0.404705 0.914441 0.00347143
-10.2933 73.7979 -57.7433 -0.404992 0.914264 -0.0052206
-10.484 73.7083 -58.0793 -0.403758 0.91478 -0.0123359
-10.8761 73.5343 -58.386 -0.398151 0.917307 -0.0049521
-11.4424 73.299 -58.5437 -0.382185 0.924084 0.000827686
-11.8974 73.1086 -58.8509 -0.391589 0.920118 0.00639132
-12.3686 72.9105 -59.2059 -0.391589 0.920118 0.0063915
-12.9109 72.6897 -59.5707 -0.376267 0.926391 0.0149463
-13.4949 72.4578 -59.898 -0.376266 0.926391 0.0149393
-13.8727 72.3085 -60.1549 -0.375899 0.9266 0.007625
-14.1502 72.1952 -60.6029 -0.373371 0.927676 0.000563007
-14.5229 72.0491 -60.8811 -0.361237 0.932455 0.00594729
-14.9069 71.9005 -60.9115 -0.361245 0.932452 0.00599641
-15.2511 71.7674 -61.149 -0.366512 0.930368 0.0092411
-15.8192 71.548 -61.5903 -0.366514 0.930366 0.00923943
-16.2745 71.3748 -61.9045 -0.357687 0.933726 0.0146768
-16.7668 71.1915 -62.2344 -0.357687 0.933726 0.0146769
-17.165 71.0408 -62.5078 -0.357926 0.933745 -0.00286436
-17.3671 70.9648 -62.8451 -0.358497 0.933514 0.00569467
-17.8128 70.7959 -63.0931 -0.355044 0.934808 0.00879278
-18.3693 70.5871 -63.2535 -0.355247 0.934709 0.0105194
-18.7082 70.461 -63.5298 -0.358264 0.933538 0.0123389
-19.3886 70.2073 -64.1302 -0.359119 0.933205 0.0127565
-19.8357 70.0453 -64.4605 -0.350026 0.936568 0.0179667
-20.2563 69.8897 -64.7654 -0.353014 0.935585 0.00788357
-19.7105 70.0938 -64.5498 -0.35152 0.936076 0.0129188
-19.3982 70.2065 -64.3359 -0.354569 0.934888 0.0153497
-18.9901 70.3616 -64.1993 -0.358259 0.93354 0.0123374
-18.5473 70.5281 -64.0905 -0.353093 0.935544 0.00911206
-17.823 70.7996 -63.9009 -0.354121 0.935156 0.00893957
-17.466 70.933 -63.6579 -0.35527 0.934723 0.00868958
-17.1139 71.0654 -63.415 -0.358491 0.933517 0.00552402
-16.7735 71.1951 -63.2186 -0.358656 0.933455 0.00528292
-16.5008 71.2981 -62.93 -0.358614 0.933471 0.00530908
-16.0545 71.4667 -62.4328 -0.358276 0.933606 0.00122101
-15.5926 71.6428 -62.1498 -0.363943 0.931384 0.00766144
-15.2129 71.7882 -61.8795 -0.361145 0.932491 0.00593394
-14.7899 71.9526 -61.974 -0.361196 0.932471 0.00593663
-14.4172 72.0956 -61.7547 -0.361246 0.932451 0.0059473
-14.0468 72.2398 -61.5668 -0.371217 0.928541 0.00311282
-13.6732 72.3886 -61.4059 -0.37116 0.928564 0.00314057
-13.1973 72.5806 -60.9001 -0.375398 0.926862 -0.00182126
-13.0434 72.6437 -60.5079 -0.375398 0.926862 -0.00181669
-12.3202 72.9374 -60.1058 -0.37541 0.926857 -0.00180985
-11.5601 73.2506 -59.4934 -0.381179 0.924501 0.000169195
-11.1557 73.4174 -59.5987 -0.381179 0.924501 0.000169248
-10.6699 73.6177 -59.529 -0.389502 0.920975 -0.00233129
-10.3343 73.7646 -59.2938 -0.398163 0.917301 -0.00495885
-10.02 73.9022 -59.0743 -0.398195 0.917287 -0.00499278
-9.28896 74.2312 -58.5356 -0.405274 0.914089 -0.0139161
-8.66466 74.519 -57.8118 -0.404992 0.914264 -0.00522522
-7.89821 74.8765 -57.3873 -0.415299 0.90954 -0.0162266
-7.19216 75.2071 -56.9279 -0.414923 0.909725 -0.0154515
-6.87624 75.3462 -57.135 -0.414314 0.90957 -0.0312368
-6.01655 75.7601 -56.6714 -0.417568 0.907929 -0.036086
-5.66279 75.9351 -56.361 -0.417498 0.907958 -0.0361572
-5.31817 76.1059 -56.0505 -0.417593 0.907917 -0.0360991
-4.96609 76.2772 -55.836 -0.419596 0.906663 -0.043608
-4.56463 76.4755 -55.5792 -0.419552 0.906661 -0.0440731
-4.22597 76.6433 -55.3494 -0.419686 0.906615 -0.0437323
-3.60085 76.9531 -54.9264 -0.428229 0.902246 -0.0494754
-3.19995 77.1681 -54.602 -0.43694 0.897806 -0.0550235
-2.90979 77.324 -54.3631 -0.422646 0.904257 -0.0585709
-2.54335 77.5088 -54.0622 -0.408083 0.910831 -0.0620931
-2.14939 77.7092 -53.7095 -0.410511 0.909566 -0.0644604
-1.79123 77.8898 -53.4598 -0.407125 0.911081 -0.0644458
-1.30386 78.1324 -53.0575 -0.402548 0.913228 -0.0630048
-0.986516 78.2956 -52.7736 -0.406131 0.910381 -0.0791404
-0.547718 78.5223 -52.418 -0.403227 0.911764 -0.0779887
-0.475955 78.5882 -52.0087 -0.400321 0.913147 -0.076845
-1.04271 78.3119 -52.2976 -0.406132 0.910382 -0.0791319
-1.77381 77.9545 -52.658 -0.406132 0.910381 -0.0791365
-2.17237 77.7564 -52.9177 -0.411555 0.909007 -0.0657875
-2.50302 77.5938 -53.0922 -0.413369 0.908093 -0.0670362
-3.37539 77.1498 -53.5076 -0.436975 0.897791 -0.0550006
-4.16193 76.7453 -53.8607 -0.436933 0.897813 -0.0549709
-4.78088 76.4409 -54.2134 -0.421157 0.905966 -0.0430311
-5.36699 76.151 -54.579 -0.434819 0.899278 -0.0447048
-5.77103 75.9372 -54.7888 -0.44822 0.892721 -0.0463358
-6.12858 75.7603 -55.029 -0.425234 0.904596 -0.029712
-6.81392 75.4237 -55.4014 -0.429325 0.902651 -0.030028
-7.35774 75.1549 -55.7072 -0.429425 0.902717 -0.0260905
-7.89592 74.9013 -56.0093 -0.414557 0.909905 -0.0146668
-8.32248 74.7027 -56.272 -0.414928 0.909723 -0.0154467
-8.80476 74.4712 -56.5485 -0.42829 0.903543 -0.0133237
-9.24563 74.2581 -56.8263 -0.416497 0.908992 -0.00492615
-9.91449 73.9637 -57.2492 -0.404705 0.914441 0.00347144
-10.7016 73.6172 -57.7262 -0.404992 0.914264 -0.0052206
-11.0124 73.4774 -57.9687 -0.400221 0.916378 -0.00787855
-11.3572 73.3337 -58.1664 -0.387349 0.92191 0.00391807
-12.0147 73.0569 -58.6031 -0.391589 0.920118 0.00639132
-12.7506 72.7472 -59.0996 -0.383928 0.923254 0.0106726
-13.4965 72.4524 -59.6068 -0.376267 0.926391 0.0149463
-14.3663 72.1085 -60.1854 -0.375899 0.9266 0.007625
-15.3857 71.7119 -60.8962 -0.366512 0.930368 0.0092411
-16.2182 71.3897 -61.4793 -0.362101 0.932046 0.0119581
-16.8231 71.1646 -61.8973 -0.357687 0.933726 0.0146768
-17.5207 70.9049 -62.3774 -0.357807 0.933736 0.00590626
-17.8628 70.7731 -62.6083 -0.35827 0.933608 0.00122232
-18.276 70.6181 -62.8818 -0.357404 0.933874 0.0119276
-19.0383 70.3325 -63.4219 -0.359123 0.933203 0.0127543
-19.6346 70.109 -63.8603 -0.354576 0.934885 0.01536
-19.9436 69.9978 -64.0837 -0.350032 0.936565 0.0179632
-20.3095 69.8661 -64.3499 -0.351517 0.936077 0.0129259
-20.6499 69.7396 -64.5697 -0.353014 0.935585 0.007883
-21.0465 69.5921 -64.8313 -0.353128 0.935518 0.0101155
-21.1209 69.5667 -65.0304 -0.3492 0.936919 0.014802
-21.6152 69.3913 -65.2544 -0.338348 0.940898 0.0152214
-22.0759 69.2317 -65.6294 -0.338335 0.940903 0.015214
-22.4545 69.0991 -65.8148 -0.330031 0.943929 0.0088488
-22.9546 68.9239 -66.1449 -0.339874 0.940463 0.00387264
-23.3922 68.7666 -66.3676 -0.339858 0.940454 0.00617417
-23.7113 68.6504 -66.6161 -0.346652 0.93799 0.00273898
-23.3047 68.8009 -66.6968 -0.346087 0.938197 0.00316815
-22.891 68.9494 -66.5561 -0.339823 0.940451 0.00848535
-22.5816 69.0594 -66.322 -0.334952 0.942196 0.00635986
-22.1458 69.2145 -66.1688 -0.340641 0.940094 0.0136886
-21.7624 69.3496 -65.9489 -0.338382 0.940887 0.0151549
-21.4086 69.4745 -65.7791 -0.345414 0.938293 0.0171638
-21.0545 69.5997 -65.4999 -0.345263 0.938349 0.0171428
-20.9216 69.6446 -65.2366 -0.353195 0.935467 0.0124153
-20.438 69.8268 -65.2026 -0.353238 0.935451 0.0124114
-19.8112 70.0623 -65.1159 -0.353234 0.935453 0.0123911
-19.4733 70.1874 -64.9238 -0.353241 0.935451 0.0123496
-19.0816 70.3329 -64.7523 -0.353099 0.93554 0.00932068
-18.7176 70.4695 -64.6712 -0.353111 0.935536 0.00921918
-18.2809 70.6328 -64.5209 -0.353121 0.935532 0.00925711
-17.7649 70.8255 -64.3031 -0.354121 0.935156 0.00893957
-17.434 70.9494 -64.1199 -0.35488 0.93487 0.00887992
-16.9704 71.123 -63.8324 -0.356879 0.934121 0.00710877
-16.4586 71.3177 -63.5179 -0.358651 0.933457 0.00529647
-16.1322 71.442 -63.3218 -0.358379 0.933556 0.00608033
-15.8588 71.5446 -62.9112 -0.357909 0.933742 0.00510217
-15.6212 71.6341 -62.6274 -0.35977 0.93303 0.00354553
-15.2537 71.777 -62.6638 -0.362232 0.932086 0.00221451
-14.8756 71.9231 -62.551 -0.361196 0.932471 0.00593663
-14.5061 72.0649 -62.3409 -0.361236 0.932455 0.0059476
-14.0731 72.2311 -62.0976 -0.366232 0.930496 0.00452998
-13.5448 72.4413 -61.8064 -0.371168 0.92856 0.00313654
-13.195 72.5805 -61.6228 -0.371346 0.92849 0.00293963
-12.7546 72.7597 -61.0043 -0.375407 0.926858 -0.00182044
-12.4645 72.8779 -60.6485 -0.375833 0.926686 -0.00166739
-12.1318 73.0131 -60.3786 -0.378888 0.925421 -0.00425863
-11.787 73.1572 -60.2056 -0.382016 0.924142 -0.00326162
-11.4391 73.3006 -60.0963 -0.381112 0.924529 0.00036427
-10.559 73.6635 -59.9624 -0.389502 0.920975 -0.00233129
-10.0775 73.8743 -59.6193 -0.398163 0.917301 -0.00495885
-9.69528 74.0417 -59.3453 -0.398195 0.917287 -0.00499278
-9.33429 74.2028 -59.0756 -0.403797 0.914726 -0.014858
-8.94019 74.3808 -58.7927 -0.401837 0.91557 -0.016096
-8.57177 74.5528 -58.2098 -0.401837 0.91557 -0.0160961
-8.21412 74.7189 -57.9454 -0.411785 0.910931 -0.0252749
-7.80772 74.9059 -57.8283 -0.411781 0.910928 -0.0254376
-7.37114 75.1102 -57.582 -0.411793 0.91092 -0.0255246
-6.98457 75.2923 -57.32 -0.411113 0.911225 -0.0255642
-6.95606 75.3066 -57.266 -0.410442 0.911527 -0.0255969
-9.43508 74.1779 -57.7794 -0.404992 0.914264 -0.00522522
-9.7743 74.0274 -57.6905 -0.404705 0.914441 0.00347143
-10.2312 73.8159 -58.3704 -0.403758 0.91478 -0.0123359
-10.5195 73.6878 -58.6242 -0.398185 0.917292 -0.00497898
-10.8374 73.5485 -58.8736 -0.389556 0.920952 -0.00235451
-11.3636 73.3315 -58.9838 -0.381179 0.924501 0.000165799
-10.8797 73.5311 -59.1098 -0.381179 0.924501 0.000169248
-10.3922 73.7419 -58.8375 -0.398164 0.917301 -0.00495913
-10.0049 73.9123 -58.6311 -0.403754 0.914782 -0.0123405
-9.58529 74.109 -57.9328 -0.405277 0.914088 -0.013919
-13.7639 72.351 -60.9838 -0.373412 0.92766 0.000514675
-13.4605 72.4753 -60.2398 -0.375395 0.926863 -0.00181828
-13.8402 72.3202 -60.9086 -0.373371 0.927676 0.000563007
-13.8356 72.3224 -61.0157 -0.37116 0.928564 0.00314057
