-37.1706 70.9234 -57.5486 0.332385 -0.943144 -0.000325549
-37.1641 70.9285 -56.2334 0.329859 -0.944029 0.0010665
-37.1392 70.9387 -55.1374 0.326848 -0.945077 0.000742364
-37.0831 70.9633 -53.768 0.323459 -0.946237 0.00321776
-36.9291 71.0214 -52.6558 0.321012 -0.947063 0.00480307
-36.8387 71.0586 -51.3141 0.318534 -0.947897 0.00515853
-36.7773 71.0841 -50.296 0.316333 -0.948628 0.00566526
-36.6335 71.1401 -49.2788 0.31349 -0.949581 0.00437361
-36.463 71.203 -48.0342 0.312015 -0.950058 0.00592164
-36.4714 71.2075 -46.9407 0.309854 -0.950764 0.00597866
-36.207 71.3012 -45.9074 0.308679 -0.951144 0.00644419
-35.6729 71.4798 -45.0042 0.308967 -0.951055 0.00579989
-34.7242 71.7943 -43.9324 0.309491 -0.950888 0.00522533
-33.776 72.105 -43.2004 0.310616 -0.950527 0.00364849
-32.9731 72.3689 -42.6583 0.311845 -0.950131 0.00151371
-31.96 72.702 -42.1766 0.31189 -0.950118 -6.96491e-05
-30.9517 73.0367 -41.8172 0.318664 -0.947861 -0.00366468
-29.7493 73.4408 -41.4568 0.321016 -0.947063 -0.00434765
-28.6006 73.8338 -41.2913 0.324528 -0.94586 -0.00557335
-27.5081 74.2144 -41.1397 0.332903 -0.942922 -0.00767694
-26.2212 74.6734 -41.012 0.338547 -0.940921 -0.00695101
-25.1394 75.0668 -40.8819 0.343487 -0.939114 -0.00902959
-24.0456 75.4765 -40.8789 0.352153 -0.935918 -0.00630847
-23.0295 75.8672 -40.8782 0.361935 -0.932131 -0.0111563
-22.0103 76.2692 -40.9931 0.374486 -0.927171 -0.00998454
-21.0066 76.6765 -40.9388 0.375666 -0.926669 -0.012627
-19.9542 77.1085 -40.8405 0.38516 -0.922749 -0.0134872
-19.0476 77.4975 -41.0583 0.400378 -0.916203 -0.016427
-18.1304 77.9025 -41.1495 0.408319 -0.912742 -0.0131315
-16.8589 78.4754 -40.9262 0.417358 -0.908647 -0.013162
-15.4147 79.1494 -40.8389 0.427156 -0.90407 -0.013956
-13.7969 79.9298 -40.8201 0.440872 -0.897546 -0.00652847
-12.799 80.4209 -40.6838 0.449968 -0.893035 -0.00422128
-11.8674 80.8902 -40.5421 0.450916 -0.892567 0.000122435
-10.9484 81.3601 -40.4703 0.457034 -0.889449 0.000770855
-9.88177 81.9063 -40.3807 0.458608 -0.888617 0.00611923
-8.9224 82.4001 -40.2997 0.455273 -0.890296 0.00995479
-7.93081 82.9075 -40.3011 0.45589 -0.889964 0.011337
-6.79004 83.4886 -40.1453 0.452152 -0.891801 0.0157915
-5.83789 83.9744 -39.9122 0.449903 -0.892934 0.0160275
-4.73812 84.5185 -39.8129 0.435897 -0.899714 0.0225407
-3.61954 85.0531 -39.7776 0.427621 -0.903718 0.0208368
-2.47481 85.5932 -39.6085 0.415992 -0.90884 0.0309873
-1.52533 86.0299 -39.5176 0.414455 -0.909563 0.0303665
-0.453394 86.5067 -39.3313 0.392328 -0.919058 0.0368896
0.520419 86.9172 -39.1193 0.372681 -0.927379 0.0328209
1.7806 87.4193 -38.946 0.358057 -0.932675 0.0428066
2.89685 87.8455 -38.7536 0.349783 -0.9358 0.0439299
3.87439 88.2006 -38.586 0.332159 -0.941973 0.0485507
5.10324 88.6392 -38.3816 0.318462 -0.946502 0.0521074
6.35717 89.0603 -38.1498 0.301192 -0.951756 0.0586621
7.78013 89.5069 -37.8872 0.283831 -0.956729 0.0639831
8.90541 89.8374 -37.6572 0.261083 -0.96319 0.0636023
9.89022 90.1025 -37.5802 0.244917 -0.967633 0.0599238
11.0242 90.3863 -37.4638 0.225948 -0.971706 0.0688101
12.144 90.6487 -37.2861 0.207404 -0.97595 0.0671215
13.4002 90.9039 -37.2006 0.184916 -0.98062 0.0647375
14.7327 91.1366 -37.2522 0.159414 -0.984968 0.06652
15.8941 91.3054 -37.3125 0.13444 -0.988699 0.0663305
15.5973 91.2204 -38.0327 0.140704 -0.988326 0.0584214
14.7971 91.0643 -38.6214 0.15902 -0.98532 0.0618305
13.9017 90.8712 -39.2549 0.184394 -0.98085 0.0621734
12.6446 90.562 -40.2216 0.194278 -0.979152 0.059075
11.643 90.3125 -40.8485 0.216155 -0.974725 0.0559441
10.4723 90.001 -41.5815 0.235923 -0.969957 0.0580169
9.35441 89.6819 -42.2666 0.253404 -0.965782 0.0541333
8.55549 89.438 -42.8448 0.262864 -0.963879 0.0429005
7.68267 89.1719 -43.4008 0.270146 -0.961691 0.0465964
6.86104 88.9079 -43.9287 0.284729 -0.957447 0.0471654
5.93055 88.5933 -44.5948 0.297736 -0.953765 0.0410455
4.94609 88.2548 -45.3051 0.298386 -0.953536 0.0416584
3.83785 87.8566 -45.9848 0.317717 -0.947575 0.0340131
2.70645 87.431 -46.6973 0.337136 -0.940657 0.038768
1.71435 87.0328 -47.4861 0.351491 -0.935569 0.0341301
0.873972 86.6935 -48.0385 0.370318 -0.928324 0.0325705
-0.119822 86.2798 -48.6569 0.372105 -0.927696 0.0300728
-0.883591 85.9473 -49.391 0.373966 -0.927006 0.0284528
-1.97749 85.4604 -50.2303 0.387157 -0.921529 0.0298769
-3.01241 84.9973 -50.847 0.400346 -0.91586 0.0294214
-4.24935 84.4222 -51.7134 0.40766 -0.912801 0.0243153
-5.13848 84.004 -52.4384 0.408491 -0.912521 0.0209799
-6.11057 83.5448 -53.2009 0.415115 -0.909585 0.0182825
-7.10713 83.0762 -53.852 0.415905 -0.909216 0.0186738
-8.22123 82.5525 -54.6482 0.415279 -0.909559 0.0156301
-9.11572 82.1329 -55.412 0.411085 -0.911525 0.0114189
-9.85097 81.7943 -55.9908 0.410854 -0.91163 0.0114239
-10.7103 81.4056 -56.6065 0.406346 -0.913707 0.00484786
-11.5956 81.0101 -57.1444 0.406138 -0.913811 0.00116492
-12.6947 80.525 -57.7596 0.402846 -0.915261 -0.00355827
-13.759 80.0652 -58.603 0.398888 -0.916969 -0.00749982
-14.5694 79.7183 -59.1724 0.397089 -0.917749 -0.00760173
-15.4122 79.36 -59.6776 0.393648 -0.919204 -0.0103189
-16.2298 79.0205 -60.2458 0.388937 -0.921128 -0.015849
-17.1389 78.6464 -60.795 0.387312 -0.921793 -0.0168284
-18.0606 78.2678 -61.1665 0.384063 -0.923127 -0.0180697
-19.1061 77.8473 -61.7535 0.382188 -0.923889 -0.0189935
-19.985 77.4967 -62.2896 0.379286 -0.925061 -0.0201194
-21.0611 77.0722 -62.8801 0.374212 -0.927136 -0.0196184
-22.1356 76.6491 -63.3319 0.371502 -0.928191 -0.0210716
-23.1834 76.2399 -63.6967 0.368408 -0.929433 -0.0206981
-24.2993 75.8079 -64.0749 0.366866 -0.930043 -0.0207408
-25.5161 75.3406 -64.5126 0.364527 -0.930962 -0.0207384
-26.7774 74.8575 -64.8908 0.363148 -0.931518 -0.0199063
-28.0037 74.3864 -65.0794 0.35916 -0.933112 -0.0173988
-29.0946 73.9695 -65.1569 0.3569 -0.93403 -0.0144253
-30.0757 73.5961 -65.1235 0.355459 -0.934572 -0.0149337
-31.0829 73.2135 -64.9749 0.35321 -0.935448 -0.0133901
-32.3309 72.7426 -64.722 0.34928 -0.936956 -0.0108424
-33.3583 72.3568 -64.416 0.348252 -0.937339 -0.0107788
-34.659 71.8705 -64.0221 0.346018 -0.938188 -0.0087099
-35.8058 71.4432 -63.4152 0.344065 -0.938916 -0.00747439
-36.8377 71.0607 -62.7435 0.343352 -0.93919 -0.005664
-37.1898 70.9277 -61.7966 0.341222 -0.939979 -0.00262067
-37.2579 70.8992 -60.6355 0.339672 -0.940536 -0.00379556
-37.1802 70.9236 -59.5272 0.337667 -0.941259 -0.00355872
-37.1708 70.9237 -58.3976 0.333371 -0.942793 -0.00139364
-37.1635 70.9261 -57.879 0.332386 -0.943143 -0.000326224
-38.0755 70.6039 -58.0128 0.33253 -0.943091 0.00187539
-38.0829 70.601 -59.039 0.334799 -0.942289 -0.000645966
-38.1904 70.5627 -60.1994 0.338082 -0.941117 0.000219087
-38.2062 70.5584 -61.5589 0.340934 -0.940085 -0.00216633
-37.9848 70.6415 -62.6941 0.3424 -0.93955 -0.00280393
-37.3731 70.8706 -63.7471 0.344068 -0.93893 -0.00523477
-36.287 71.2728 -64.2852 0.344963 -0.938589 -0.00712932
-35.3169 71.6353 -64.887 0.346805 -0.937901 -0.00829244
-34.3421 72 -65.2585 0.348442 -0.937287 -0.00901484
-33.3151 72.3845 -65.4574 0.349462 -0.936905 -0.00927438
-32.1215 72.8353 -65.8514 0.351216 -0.936225 -0.0114296
-31.1323 73.2092 -66.0009 0.353355 -0.935409 -0.0122876
-29.9906 73.6442 -66.1929 0.355175 -0.934703 -0.0134695
-29.0097 74.0176 -66.1409 0.357987 -0.933618 -0.0142515
-27.6757 74.5322 -66.0892 0.362694 -0.931774 -0.0158302
-26.4542 75.0039 -65.8633 0.364272 -0.931061 -0.0207458
-25.3455 75.4295 -65.4961 0.364273 -0.931056 -0.0209777
-24.0361 75.9321 -64.9813 0.366758 -0.930081 -0.0209387
-22.7149 76.4463 -64.5878 0.369468 -0.929022 -0.0202869
-21.7317 76.832 -64.2497 0.372871 -0.92768 -0.0193926
-20.5603 77.2942 -63.7623 0.375882 -0.926467 -0.0192696
-19.638 77.6591 -63.2407 0.37888 -0.92525 -0.0190361
-18.4989 78.1141 -62.5459 0.381337 -0.924287 -0.0166149
-17.3817 78.5658 -61.9615 0.384458 -0.923003 -0.0160687
-16.3764 78.9791 -61.5532 0.388338 -0.921424 -0.0130716
-15.3508 79.3998 -60.7679 0.389301 -0.92101 -0.0135647
-14.426 79.7885 -60.2472 0.394127 -0.919014 -0.00842539
-13.4246 80.2154 -59.6646 0.395236 -0.918557 -0.00649487
-12.3815 80.6639 -58.7589 0.399519 -0.91672 -0.000948599
-11.3402 81.121 -58.1282 0.403121 -0.915143 0.0022235
-10.4742 81.5058 -57.642 0.405188 -0.914218 0.00493637
-9.60341 81.8976 -56.9859 0.408632 -0.912681 0.00582123
-8.68535 82.3155 -56.337 0.410331 -0.911829 0.0137596
-7.83234 82.7134 -55.5999 0.412292 -0.910876 0.0176112
-6.89827 83.1476 -54.9133 0.410329 -0.911694 0.0209383
-6.09561 83.5239 -54.3907 0.411899 -0.910956 0.0223294
-5.02786 84.0253 -53.6216 0.410076 -0.911758 0.0230592
-4.23235 84.3968 -52.9419 0.403835 -0.914547 0.0228124
-3.40754 84.7753 -52.4059 0.404063 -0.914397 0.0247066
-2.48475 85.197 -51.7254 0.398474 -0.916947 0.0206275
-1.60374 85.5873 -51.1656 0.387781 -0.92139 0.0255294
-0.648943 86.0083 -50.5588 0.3876 -0.92136 0.029362
0.0414758 86.3077 -49.8177 0.374289 -0.926892 0.0279106
0.809754 86.6304 -49.1939 0.365989 -0.930104 0.0309715
1.64722 86.9672 -48.764 0.354803 -0.934496 0.028847
3.02733 87.5096 -47.7632 0.341451 -0.939432 0.0296524
4.02861 87.8863 -47.0737 0.323646 -0.945781 0.0274182
4.92772 88.1997 -46.5939 0.293767 -0.955476 0.0276773
5.75448 88.4809 -46.0083 0.295253 -0.954712 0.0359374
6.70594 88.7969 -45.2685 0.288104 -0.956848 0.0379251
7.49276 89.0594 -44.6877 0.276859 -0.959827 0.0447538
8.45202 89.3511 -44.1627 0.266512 -0.962783 0.0447515
9.37271 89.6261 -43.5283 0.255198 -0.965783 0.0462246
10.3356 89.8945 -42.9059 0.241046 -0.969345 0.0472933
11.2212 90.1359 -42.3262 0.224859 -0.973185 0.0484662
12.2811 90.4085 -41.6116 0.207882 -0.976955 0.0484158
13.3571 90.6642 -40.9769 0.194728 -0.979535 0.0509074
14.5643 90.9535 -39.9831 0.184341 -0.981359 0.0543478
15.5879 91.1497 -39.3502 0.151107 -0.987846 0.0363473
16.3968 91.2922 -38.7723 0.138326 -0.989683 0.0354861
17.3105 91.4776 -37.5925 0.129876 -0.989574 0.0620883
17.1441 91.5306 -36.4956 0.128454 -0.988955 0.0739483
16.1503 91.4179 -36.2191 0.138756 -0.98764 0.0729002
14.9722 91.2459 -36.1985 0.163938 -0.983372 0.077086
13.741 91.0429 -36.2232 0.175521 -0.981863 0.0699452
12.5385 90.8104 -36.2144 0.200321 -0.976629 0.0771012
11.3941 90.5509 -36.4148 0.218995 -0.972954 0.0722538
10.3614 90.2945 -36.5352 0.2445 -0.967171 0.0691985
8.95064 89.9165 -36.6435 0.259972 -0.962899 0.072382
7.8623 89.5971 -36.8729 0.280415 -0.957843 0.0624763
6.69395 89.2361 -37.0075 0.299721 -0.952248 0.058239
5.51393 88.836 -37.3198 0.318635 -0.946434 0.0522904
4.06635 88.3292 -37.4476 0.334627 -0.940996 0.0505057
3.00785 87.9356 -37.7183 0.349706 -0.935829 0.0439235
2.0373 87.5651 -37.8832 0.349797 -0.935795 0.043932
0.82077 87.077 -38.1425 0.366413 -0.92952 0.0416403
-0.472522 86.5383 -38.2828 0.398913 -0.916168 0.0387025
-1.44532 86.1043 -38.469 0.416351 -0.908451 0.0369946
-2.40696 85.6612 -38.513 0.42322 -0.905459 0.0317799
-3.40814 85.1856 -38.7085 0.43241 -0.901162 0.0304827
-4.39929 84.7063 -38.8205 0.430014 -0.902441 0.0256594
-5.6179 84.1063 -38.8042 0.44729 -0.894128 0.0209816
-6.55252 83.6327 -38.9147 0.450993 -0.892369 0.0167571
-7.60344 83.0903 -39.2971 0.457009 -0.889323 0.0156452
-8.87934 82.4347 -39.2702 0.457827 -0.888966 0.011384
-9.75942 81.9754 -39.3799 0.462021 -0.886851 0.00478617
-10.8398 81.4168 -39.4701 0.457029 -0.889451 0.000841423
-11.8725 80.886 -39.5528 0.45534 -0.890313 -0.000923591
-12.7839 80.4242 -39.6654 0.45054 -0.892754 -0.00185311
-13.9728 79.8351 -39.804 0.44278 -0.896586 -0.00890747
-14.9566 79.3533 -39.8008 0.431193 -0.902209 -0.00952212
-16.297 78.72 -39.8264 0.42094 -0.906991 -0.0132447
-17.4627 78.1845 -39.9665 0.413678 -0.910294 -0.0149726
-18.3875 77.7702 -40.115 0.406949 -0.913297 -0.0161271
-19.4485 77.3054 -39.6149 0.388792 -0.921263 -0.0107532
-20.574 76.8395 -39.9445 0.38029 -0.924792 -0.0118006
-21.6715 76.3917 -39.9466 0.37418 -0.927251 -0.0138285
-22.7696 75.9563 -39.9598 0.363047 -0.931641 -0.0155442
-23.7172 75.5923 -39.862 0.354224 -0.935065 -0.0133704
-24.8532 75.1649 -39.8473 0.347969 -0.937468 -0.00841252
-25.9311 74.7705 -39.9541 0.339996 -0.940385 -0.00892987
-27.0145 74.3821 -40.0191 0.336454 -0.941672 -0.00730035
-28.1121 73.9956 -40.1636 0.328578 -0.944449 -0.00728479
-29.0745 73.6643 -40.315 0.324107 -0.945985 -0.00822462
-30.0944 73.3183 -40.4522 0.318563 -0.947878 -0.0067486
-31.1069 72.9827 -40.7633 0.315651 -0.948875 -0.000575228
-32.0345 72.6761 -41.1104 0.312571 -0.949893 -0.00140481
-33.0331 72.3509 -41.5421 0.308639 -0.951179 0.000217917
-34.0299 72.0264 -42.1399 0.306122 -0.951988 0.00280502
-34.9484 71.7278 -42.8285 0.307077 -0.951671 0.0050648
-35.888 71.4197 -43.6601 0.307239 -0.951607 0.00689741
-36.497 71.218 -44.428 0.306894 -0.951717 0.00708333
-37.115 71.011 -45.4292 0.306732 -0.951768 0.00733617
-37.4848 70.8793 -46.7669 0.309551 -0.950848 0.00807336
-37.3955 70.8982 -47.9003 0.311559 -0.950202 0.00694401
-37.4957 70.8576 -48.9492 0.311669 -0.950149 0.00873553
-37.765 70.759 -50.0703 0.31374 -0.949478 0.00771923
-37.8244 70.7285 -51.3541 0.318131 -0.94802 0.00681028
-37.8752 70.702 -52.4003 0.320091 -0.947361 0.0066773
-38.0388 70.6396 -53.4593 0.324023 -0.946021 0.00725649
-38.064 70.6228 -54.5944 0.326455 -0.945201 0.00472743
-38.0613 70.618 -55.6392 0.327941 -0.944685 0.00469585
-38.1584 70.5798 -56.9502 0.329113 -0.944285 0.00322362
-38.0828 70.6017 -57.798 0.33216 -0.943214 0.00358906
-39.0061 70.2752 -58.0514 0.332933 -0.942934 0.00522855
-39.0706 70.2619 -56.5605 0.330176 -0.943904 0.00532052
-38.9692 70.305 -55.4688 0.327348 -0.944883 0.00632091
-38.9771 70.3116 -54.1707 0.328687 -0.944411 0.00727675
-38.9367 70.3372 -53.0361 0.320636 -0.947158 0.00917615
-38.7616 70.4085 -51.7394 0.320518 -0.947204 0.00851697
-38.8164 70.4061 -50.4109 0.317304 -0.948259 0.011003
-38.748 70.4427 -49.2473 0.31304 -0.949673 0.0111275
-38.4107 70.5641 -48.1319 0.311134 -0.95034 0.00700712
-38.3519 70.6034 -46.3305 0.306976 -0.95165 0.0112734
-38.2065 70.6611 -45.2629 0.305705 -0.952078 0.00961509
-37.6779 70.8401 -44.3194 0.305322 -0.952204 0.0093053
-36.9328 71.0873 -43.3118 0.303965 -0.952641 0.00890062
-36.1705 71.3382 -42.4604 0.303234 -0.952891 0.00690441
-35.3601 71.6005 -41.913 0.304177 -0.952606 0.00410938
-34.4363 71.8993 -41.0869 0.305832 -0.95208 0.00336309
-33.5727 72.1761 -40.674 0.306048 -0.952015 0.00108526
-32.6566 72.4719 -40.2602 0.309984 -0.950724 -0.00574625
-31.7565 72.7645 -39.9139 0.312686 -0.94985 -0.00346597
-30.6036 73.1431 -39.4449 0.313228 -0.949672 -0.00347704
-29.438 73.53 -39.3416 0.32228 -0.946584 -0.00999363
-28.3747 73.8939 -39.1609 0.326531 -0.94509 -0.0135106
-27.1755 74.313 -38.963 0.334915 -0.942194 -0.01016
-25.9989 74.7338 -38.9368 0.340264 -0.940192 -0.0161089
-24.9514 75.1134 -38.8733 0.344948 -0.938415 -0.0197054
-23.7398 75.5666 -38.7943 0.357175 -0.933869 -0.0177214
-22.808 75.9247 -38.8844 0.356293 -0.934165 -0.0197556
-21.8191 76.3155 -38.8663 0.371823 -0.928152 -0.0167626
-20.7141 76.7616 -38.9108 0.377869 -0.925633 -0.0204889
-19.3604 77.3284 -38.645 0.39128 -0.920154 -0.0147555
-18.4005 77.7418 -38.8104 0.405703 -0.913807 -0.019034
-17.3631 78.2119 -38.7544 0.415583 -0.909419 -0.0157461
-16.4078 78.651 -38.8076 0.420847 -0.90691 -0.0200358
-15.4944 79.0799 -38.8536 0.435425 -0.900128 -0.0132121
-14.4266 79.5976 -38.8122 0.439742 -0.89802 -0.0132808
-13.2108 80.2009 -38.7563 0.452354 -0.891784 -0.00977986
-12.1357 80.749 -38.5919 0.457965 -0.888955 -0.00517585
-10.998 81.3358 -38.487 0.460132 -0.887846 -0.00270863
-10.0334 81.8371 -38.4126 0.465061 -0.885276 0.00167917
-8.58022 82.6058 -38.237 0.464222 -0.885592 0.0127478
-7.49387 83.1675 -38.114 0.45536 -0.890108 0.0188553
-6.25761 83.8072 -37.7672 0.455161 -0.890216 0.0185489
-5.26475 84.3029 -37.8286 0.444841 -0.895318 0.0226193
-4.37676 84.7461 -37.8523 0.447004 -0.894186 0.0248755
-3.44952 85.2054 -37.6156 0.437515 -0.898297 0.0380991
-2.14001 85.8268 -37.4979 0.425466 -0.904317 0.0344469
-0.717182 86.4795 -37.2082 0.401991 -0.914824 0.0386128
0.396177 86.963 -37.0333 0.367177 -0.928872 0.0487696
1.36182 87.3496 -36.9444 0.366312 -0.929248 0.0480996
2.81316 87.9169 -36.7474 0.347181 -0.936217 0.0544382
3.9311 88.3417 -36.3954 0.338283 -0.939516 0.0535926
5.31844 88.8335 -36.2974 0.316844 -0.946604 0.0595923
6.23167 89.1527 -36.06 0.304388 -0.950577 0.0612466
7.30305 89.5065 -35.8562 0.29943 -0.951635 0.0687992
8.37841 89.827 -35.7499 0.261345 -0.962696 0.0701037
9.64497 90.1863 -35.5508 0.255779 -0.963761 0.075376
10.8715 90.5002 -35.4942 0.229801 -0.969977 0.0795996
12.1381 90.7991 -35.2588 0.219886 -0.97173 0.0848431
13.2613 91.0447 -35.1551 0.190857 -0.977111 0.0937213
14.3233 91.2255 -35.2105 0.162952 -0.982155 0.0937191
15.4298 91.418 -35.0616 0.137243 -0.986809 0.0858574
16.6977 91.5751 -35.2647 0.132391 -0.987091 0.0901001
17.7973 91.6961 -35.5038 0.122646 -0.989138 0.081018
18.6246 91.681 -36.9107 0.120375 -0.989319 0.0822011
18.3925 91.5902 -37.8756 0.115145 -0.991907 0.0534929
17.6589 91.4459 -38.9962 0.12306 -0.990944 0.0530989
16.768 91.3034 -39.838 0.132917 -0.990775 0.0264299
15.6253 91.1215 -40.5015 0.16679 -0.985958 0.00827315
14.7333 90.9317 -41.1641 0.197484 -0.979772 0.0323602
13.9201 90.736 -41.7831 0.196419 -0.979335 0.0481954
12.9753 90.5232 -42.3434 0.200806 -0.978697 0.0413754
11.9806 90.2808 -43.0228 0.218375 -0.975001 0.039557
10.8736 89.9918 -43.7843 0.23365 -0.971618 0.0359131
9.96281 89.7416 -44.4026 0.243688 -0.969166 0.0363136
9.03861 89.4809 -45.0763 0.253378 -0.96712 0.0218892
7.90627 89.1382 -45.6507 0.277886 -0.959812 0.03906
7.03753 88.8549 -46.3694 0.292238 -0.955842 0.0310363
6.08878 88.5407 -47.0318 0.288254 -0.956795 0.0381241
5.13692 88.2331 -47.6176 0.293734 -0.955413 0.0300889
4.19823 87.9157 -48.2414 0.330471 -0.943609 0.0197732
3.15817 87.5212 -48.9547 0.34308 -0.938926 0.0267318
1.99466 87.0724 -49.7537 0.360935 -0.932333 0.021912
0.916696 86.6388 -50.3769 0.366194 -0.930185 0.025657
0.132644 86.3064 -51.1946 0.371586 -0.92807 0.0246969
-0.675899 85.9606 -51.7859 0.381667 -0.92386 0.0285016
-1.48505 85.6129 -52.2543 0.38704 -0.921858 0.0194196
-2.39378 85.2042 -53.0107 0.399771 -0.916323 0.0231127
-3.1678 84.8499 -53.5678 0.40136 -0.915577 0.0250633
-4.01092 84.4649 -54.0692 0.40414 -0.914286 0.0274165
-4.83349 84.0857 -54.6923 0.406579 -0.913317 0.0228902
-5.85831 83.6048 -55.3948 0.410353 -0.911593 0.0246042
-6.81489 83.1572 -56.185 0.404978 -0.914029 0.0233083
-7.60719 82.7894 -56.8646 0.408284 -0.912716 0.015938
-8.38092 82.4329 -57.4422 0.406796 -0.913414 0.0134077
-9.45188 81.9516 -58.1238 0.401819 -0.915592 0.0151383
-10.4456 81.5121 -58.8375 0.397867 -0.917416 0.00513387
-11.356 81.1117 -59.3389 0.401173 -0.915999 0.00267516
-12.1073 80.7864 -59.9347 0.396717 -0.91794 -0.00127986
-12.9693 80.4157 -60.5306 0.393497 -0.919325 -0.000982992
-14.0863 79.9431 -61.2405 0.393418 -0.919321 -0.00800845
-14.9499 79.5822 -61.863 0.386833 -0.922083 -0.0110882
-16.2911 79.0263 -62.4948 0.3833 -0.923573 -0.00875415
-17.5633 78.5114 -63.1772 0.379456 -0.925127 -0.0120746
-18.5608 78.111 -63.7875 0.378012 -0.925658 -0.015935
-19.6025 77.6969 -64.4124 0.378894 -0.925265 -0.017967
-20.8786 77.1908 -65.0343 0.374478 -0.927059 -0.0180259
-21.7795 76.8354 -65.392 0.371101 -0.928465 -0.0143655
-22.6996 76.4747 -65.6849 0.369564 -0.92902 -0.0185425
-23.9572 75.9849 -66.0561 0.364644 -0.930927 -0.0201335
-25.0119 75.5838 -66.5296 0.365415 -0.930592 -0.021699
-25.9797 75.211 -66.8243 0.365427 -0.930645 -0.0189402
-27.0124 74.8082 -67.0536 0.364856 -0.930904 -0.0171519
-28.1248 74.3725 -67.0581 0.365194 -0.930874 -0.0103368
-29.2543 73.939 -67.2389 0.357491 -0.933848 -0.0113393
-30.8296 73.3376 -67.0847 0.355491 -0.934591 -0.0128501
-31.9175 72.927 -67.1118 0.351964 -0.935947 -0.0111343
-33.0103 72.5117 -66.716 0.351774 -0.936021 -0.010949
-34.0482 72.12 -66.3889 0.350662 -0.936461 -0.00847531
-35.5275 71.5664 -65.9441 0.348162 -0.937412 -0.00642805
-36.6234 71.1554 -65.2659 0.346038 -0.938199 -0.00639582
-37.9024 70.6815 -64.705 0.345 -0.938592 -0.0044807
-38.8009 70.3465 -63.5937 0.344553 -0.93876 -0.00366981
-39.1112 70.2297 -62.2202 0.344022 -0.938961 -0.000945999
-39.1415 70.2202 -61.211 0.339104 -0.940749 0.000674624
-39.1349 70.2245 -59.8176 0.33889 -0.940824 0.00172261
-39.0266 70.2653 -58.755 0.333804 -0.942636 0.00340802
-38.9956 70.2776 -58.4098 0.333469 -0.942754 0.00353652
-30.4107 73.4598 -64.48 0.351753 -0.935977 -0.0147424
-29.3561 73.8542 -64.2093 0.355049 -0.934702 -0.0165166
-28.2841 74.2581 -63.9296 0.357543 -0.93374 -0.0170973
-27.1971 74.6691 -63.6386 0.359943 -0.932765 -0.0197772
-26.1842 75.0549 -63.3659 0.362034 -0.931939 -0.0205129
-24.8252 75.5763 -62.9881 0.365307 -0.93063 -0.0218989
-23.5543 76.0684 -62.6283 0.367651 -0.929708 -0.0218124
-22.4195 76.5115 -62.2876 0.371245 -0.928286 -0.0215076
-21.5124 76.8692 -62.0034 0.374938 -0.926795 -0.0217457
-20.2358 77.3796 -61.6169 0.378289 -0.92548 -0.0195884
-19.7168 77.5886 -61.4598 0.380737 -0.924476 -0.0195558
-15.3066 79.3966 -58.9165 0.397109 -0.917719 -0.00983623
-17.5254 78.465 -59.751 0.386533 -0.922114 -0.0172602
-19.6978 77.5762 -60.4885 0.381577 -0.924135 -0.0193302
-22.1127 76.6082 -61.2232 0.371862 -0.927999 -0.0231699
-24.4865 75.6842 -61.9195 0.365375 -0.930606 -0.0217822
-26.9577 74.7391 -62.6023 0.360172 -0.93265 -0.0209977
-29.5912 73.7483 -63.2984 0.355363 -0.934567 -0.0173786
-32.063 72.8319 -63.9216 0.348649 -0.937167 -0.01271
-32.3632 72.7212 -63.9942 0.348403 -0.937264 -0.0122702
-34.4213 71.9539 -63.5264 0.345223 -0.93848 -0.00874321
-32.1668 72.7806 -62.9714 0.347408 -0.937607 -0.0141454
-29.7236 73.6822 -62.3576 0.350532 -0.936416 -0.0159024
-27.3214 74.5793 -61.7254 0.355377 -0.934512 -0.0198798
-24.9385 75.4855 -61.0793 0.363852 -0.931177 -0.022843
-22.7259 76.3444 -60.4349 0.369904 -0.928808 -0.0220571
-20.3089 77.3073 -59.7077 0.37957 -0.92494 -0.0203382
-18.1426 78.1922 -58.9971 0.386025 -0.922319 -0.0176879
-15.7913 79.1794 -58.1315 0.394985 -0.91863 -0.0102758
-13.4962 80.1718 -57.3356 0.403042 -0.915161 -0.00610103
-11.9769 80.8411 -56.7582 0.406124 -0.913817 0.00100378
-9.16704 82.1192 -54.6272 0.417089 -0.908796 0.0112453
-11.4668 81.07 -55.5742 0.41039 -0.911898 0.00473847
-13.7477 80.0521 -56.4506 0.405346 -0.914137 -0.0068485
-15.8908 79.1241 -57.2065 0.397721 -0.917417 -0.0128317
-18.386 78.0726 -58.0874 0.389314 -0.920953 -0.0167552
-21.071 76.979 -58.9527 0.37836 -0.925421 -0.020949
-23.4251 76.0477 -59.6573 0.369458 -0.928978 -0.0223672
-25.8593 75.1112 -60.3564 0.360723 -0.932419 -0.0217801
-28.1098 74.2631 -60.9566 0.353812 -0.935125 -0.0189128
-30.4741 73.3883 -61.5692 0.348667 -0.93713 -0.0148116
-32.7615 72.55 -62.1294 0.345792 -0.938242 -0.0113751
-35.3034 71.6224 -62.7643 0.345219 -0.938481 -0.00873809
-35.4054 71.585 -62.7905 0.345039 -0.938558 -0.00758533
-36.4168 71.2106 -62.0761 0.343046 -0.939296 -0.0064604
-34.111 72.0466 -61.4661 0.343607 -0.939067 -0.00929595
-31.1715 73.1161 -60.7617 0.344862 -0.938546 -0.0142197
-28.7385 74.0098 -60.1412 0.351846 -0.935856 -0.0194521
-26.3316 74.9092 -59.505 0.359433 -0.932908 -0.0221696
-24.0928 75.7651 -58.8815 0.363962 -0.931133 -0.0228752
-21.7387 76.6885 -58.1792 0.376512 -0.926171 -0.021119
-19.5577 77.5669 -57.4981 0.384833 -0.922738 -0.0214206
-17.2223 78.5424 -56.6974 0.395134 -0.918483 -0.0160551
-14.7307 79.6133 -55.8307 0.402438 -0.915409 -0.00837932
-12.4144 80.6419 -54.9662 0.411753 -0.911295 -0.00103403
-10.2868 81.6146 -54.1139 0.417611 -0.908597 0.00732363
-8.06214 82.649 -53.2297 0.419936 -0.907456 0.0133091
-5.77804 83.7157 -52.2986 0.416524 -0.908883 0.020957
-2.95981 85.0423 -50.1439 0.393538 -0.918831 0.0296158
-5.28727 83.9696 -51.1216 0.415353 -0.909319 0.024932
-7.62157 82.8717 -52.0863 0.421654 -0.906616 0.0159814
-10.0365 81.7359 -53.0475 0.421358 -0.906849 0.0090561
-12.3101 80.6863 -53.9485 0.414506 -0.910044 -0.00205733
-14.6263 79.6485 -54.8099 0.405372 -0.914092 -0.0104734
-16.8391 78.6867 -55.5984 0.397299 -0.917533 -0.0169317
-19.0942 77.7381 -56.3549 0.390073 -0.920571 -0.0198158
-21.5951 76.7247 -57.1589 0.375952 -0.926432 -0.0195887
-24.1035 75.7365 -57.8996 0.367235 -0.929852 -0.0226729
-26.4798 74.8292 -58.5714 0.359339 -0.932915 -0.0233308
-28.7248 73.9941 -59.1549 0.349196 -0.936854 -0.0191539
-31.1717 73.1004 -59.7683 0.346474 -0.937944 -0.0147461
-33.6222 72.2133 -60.3575 0.341161 -0.939957 -0.00951814
-36.0187 71.3495 -60.9685 0.340298 -0.940298 -0.00610705
-36.7055 71.1008 -61.1542 0.340624 -0.940192 -0.00383447
-36.3834 71.2118 -60.0678 0.338957 -0.940789 -0.00497822
-33.9689 72.079 -59.453 0.338351 -0.94098 -0.0086811
-31.4765 72.9759 -58.8553 0.342789 -0.939325 -0.0127811
-29.0661 73.85 -58.2573 0.347187 -0.937615 -0.0184247
-26.5955 74.7632 -57.6286 0.355434 -0.934498 -0.0194917
-24.2912 75.6402 -56.982 0.364848 -0.930836 -0.020748
-21.9327 76.5685 -56.2844 0.374812 -0.926817 -0.0229347
-19.716 77.4618 -55.5826 0.384031 -0.923116 -0.0194334
-17.1694 78.5278 -54.7404 0.396042 -0.918053 -0.0181366
-14.4497 79.7159 -53.7704 0.40871 -0.912619 -0.00912634
-12.0755 80.7929 -52.8865 0.417072 -0.908873 9.62695e-05
-9.90815 81.8057 -52.0276 0.423109 -0.906051 0.00709624
-7.5346 82.9292 -51.082 0.42429 -0.905375 0.0165231
-5.28204 83.9983 -50.1621 0.415357 -0.909317 0.0249234
-3.09903 85.0093 -49.2405 0.404927 -0.913923 0.0279187
-0.873001 85.9893 -48.2278 0.382242 -0.923606 0.0290402
0.192353 86.4314 -47.7584 0.371688 -0.927638 0.0365511
4.58532 88.1512 -44.8695 0.321915 -0.946012 0.0378396
3.39564 87.7238 -45.4088 0.32963 -0.943552 0.0324776
2.17793 87.2653 -45.9415 0.353676 -0.934684 0.0357721
1.29108 86.9159 -46.3313 0.357522 -0.933322 0.032978
0.325776 86.5248 -46.7456 0.36762 -0.929348 0.0341826
-0.76301 86.0667 -47.2137 0.385348 -0.922248 0.0310824
-1.77437 85.6251 -47.6683 0.388014 -0.921081 0.0324789
-3.05042 85.0611 -48.2503 0.398363 -0.91669 0.0314104
-3.99343 84.626 -48.674 0.411208 -0.911323 0.0199706
-5.25369 84.0342 -49.2033 0.417767 -0.908319 0.0206599
-6.43873 83.4726 -49.6804 0.422863 -0.905938 0.0215513
-7.27319 83.0737 -50.0144 0.425626 -0.904685 0.0196769
-8.26462 82.5975 -50.4084 0.426611 -0.904354 0.0121118
-9.16779 82.1648 -50.7675 0.428452 -0.903503 0.010495
-10.3966 81.5815 -51.2514 0.424903 -0.905213 0.00679569
-11.6354 80.9981 -51.738 0.424568 -0.905395 -0.00149984
-12.802 80.4558 -52.1899 0.418928 -0.908011 -0.00390961
-13.9396 79.9376 -52.6121 0.416072 -0.909281 -0.00961575
-15.1476 79.3942 -53.0462 0.409904 -0.912065 -0.0107791
-16.2274 78.9182 -53.429 0.403044 -0.915108 -0.0115416
-17.2373 78.4816 -53.783 0.397721 -0.9174 -0.0139771
-18.3036 78.0285 -54.1407 0.393779 -0.919015 -0.0187188
-19.322 77.6022 -54.4728 0.385825 -0.922368 -0.0193905
-20.3419 77.1856 -54.8088 0.380671 -0.924482 -0.0205567
-21.2984 76.799 -55.1139 0.378901 -0.925204 -0.0207728
-22.3203 76.391 -55.4261 0.374999 -0.926769 -0.0217816
-23.2585 76.0207 -55.7061 0.372366 -0.927798 -0.0231206
-24.2739 75.6249 -55.9998 0.366758 -0.93008 -0.0209542
-25.4001 75.1923 -56.3176 0.360373 -0.932554 -0.0217653
-26.5849 74.747 -56.6393 0.355744 -0.934323 -0.0220673
-27.7201 74.3241 -56.9362 0.349177 -0.93686 -0.0191937
-28.749 73.9486 -57.2007 0.346194 -0.938047 -0.0147722
-29.8205 73.5582 -57.4691 0.344689 -0.938605 -0.0144885
-30.7671 73.2168 -57.7035 0.340528 -0.940129 -0.014056
-31.749 72.8648 -57.9402 0.340916 -0.940015 -0.0121858
-32.6968 72.5234 -58.1635 0.339352 -0.940597 -0.0108467
-33.6833 72.1703 -58.3972 0.337423 -0.941313 -0.00868345
-34.9507 71.719 -58.7 0.335516 -0.942003 -0.00770435
-35.9875 71.349 -58.9698 0.337193 -0.941427 -0.00408989
-36.5975 71.1314 -59.1309 0.337646 -0.941269 -0.0029628
-36.6702 71.1017 -58.1583 0.336565 -0.941657 -0.00251119
-35.4835 71.5233 -57.8483 0.335738 -0.941945 -0.00441874
-34.4756 71.8795 -57.5935 0.337054 -0.941448 -0.00844175
-33.1384 72.3557 -57.2816 0.337969 -0.941117 -0.00873668
-32.235 72.6772 -57.0706 0.339311 -0.940608 -0.0112105
-31.1679 73.0588 -56.8191 0.339303 -0.940588 -0.0129727
-29.8349 73.5385 -56.4926 0.344384 -0.938731 -0.0135804
-28.7845 73.9173 -56.2324 0.343407 -0.939041 -0.0165208
-27.7983 74.2765 -55.9823 0.348728 -0.93705 -0.0180593
-26.8059 74.6436 -55.7231 0.353152 -0.935409 -0.0171377
-25.6381 75.0813 -55.407 0.358133 -0.93346 -0.0198377
-24.7095 75.4356 -55.1478 0.364205 -0.931096 -0.0203669
-23.7181 75.8192 -54.8638 0.366292 -0.930296 -0.0194945
-22.786 76.184 -54.5894 0.372864 -0.927674 -0.0198522
-21.7241 76.6065 -54.2654 0.377418 -0.925812 -0.0206935
-20.6152 77.0534 -53.9149 0.380953 -0.924373 -0.0202491
-19.4376 77.5354 -53.536 0.387398 -0.921717 -0.0189828
-18.0345 78.1259 -53.0718 0.397531 -0.917403 -0.0184801
-17.0023 78.5676 -52.7268 0.402441 -0.915351 -0.0132102
-15.928 79.0359 -52.3545 0.402949 -0.915141 -0.0122038
-15.0646 79.4189 -52.0485 0.411597 -0.911304 -0.0106029
-13.9626 79.9179 -51.6508 0.416002 -0.909328 -0.00809845
-13.03 80.346 -51.3009 0.420057 -0.907487 -0.00453268
-12.159 80.7524 -50.9674 0.425441 -0.904986 -0.000364641
-11.1078 81.2491 -50.5579 0.428879 -0.903351 0.00452447
-10.2683 81.6493 -50.231 0.426892 -0.904285 0.00566029
-8.94381 82.2849 -49.7119 0.432314 -0.901672 0.00962413
-7.89655 82.7928 -49.3036 0.430664 -0.90239 0.0148668
-6.99966 83.2234 -48.9468 0.427093 -0.904065 0.0160509
-6.11843 83.6458 -48.6004 0.423912 -0.905525 0.0179884
-4.99064 84.182 -48.1391 0.418839 -0.907592 0.0291666
-4.12851 84.5913 -47.7609 0.414768 -0.909419 0.0303869
-2.93192 85.1457 -47.2259 0.405558 -0.913624 0.0285349
-2.02973 85.5472 -46.8182 0.388497 -0.920885 0.0322677
-0.836103 86.0658 -46.291 0.382286 -0.923359 0.0355778
0.102915 86.471 -45.8857 0.369549 -0.928218 0.0429595
1.08692 86.8729 -45.4634 0.357253 -0.933001 0.0433459
2.13987 87.2905 -45.0013 0.352007 -0.93509 0.0412038
3.3258 87.741 -44.4695 0.324052 -0.944928 0.0458399
4.49 88.1634 -43.9372 0.31808 -0.946853 0.0479022
5.60541 88.5458 -43.425 0.298497 -0.953295 0.0461203
6.53666 88.8575 -42.9943 0.285065 -0.957327 0.0475651
7.53523 89.1732 -42.5415 0.271907 -0.961003 0.0503885
8.66857 89.5077 -42.0528 0.260055 -0.964357 0.0488675
13.1215 90.7228 -39.1848 0.191952 -0.979317 0.063971
11.6627 90.3773 -39.7949 0.220147 -0.973416 0.0632251
9.86202 89.9087 -40.5505 0.247881 -0.966923 0.0601247
8.09814 89.3917 -41.3059 0.262059 -0.963672 0.0515904
6.46381 88.8801 -42.0341 0.294212 -0.954798 0.0424214
4.93972 88.3684 -42.7424 0.31003 -0.949472 0.0488295
3.51078 87.857 -43.4109 0.325306 -0.944445 0.0469003
1.76832 87.1858 -44.2021 0.351724 -0.935206 0.0409748
0.0484033 86.4888 -44.9569 0.378343 -0.924804 0.0399211
-1.65297 85.7519 -45.6902 0.386437 -0.921465 0.0396119
-3.33343 84.9935 -46.4367 0.404879 -0.913834 0.0313123
-4.69419 84.3535 -47.0453 0.417752 -0.908133 0.0279026
-6.05019 83.6972 -47.6197 0.426792 -0.904111 0.0207816
-7.8134 82.8469 -48.3086 0.433336 -0.901139 0.0129972
-9.4279 82.061 -48.9379 0.432318 -0.90167 0.00962718
-11.2946 81.1632 -49.6652 0.430416 -0.902629 0.0015821
-12.9553 80.3764 -50.3033 0.426639 -0.904421 -0.00147137
-14.526 79.6535 -50.8865 0.415995 -0.909337 -0.00738528
-16.2823 78.8679 -51.5075 0.403974 -0.914685 -0.0125098
-18.1084 78.0748 -52.1211 0.401017 -0.915975 -0.0132615
-19.5252 77.4791 -52.5888 0.385372 -0.922582 -0.0181689
-21.0581 76.854 -53.0774 0.379423 -0.925047 -0.0180816
-22.533 76.2634 -53.5372 0.373404 -0.927467 -0.0193278
-23.9816 75.6968 -53.9653 0.366867 -0.930083 -0.0188065
-25.6947 75.0411 -54.4466 0.355281 -0.934549 -0.019846
-27.1639 74.4935 -54.8368 0.35138 -0.936106 -0.0154488
-28.796 73.8957 -55.2521 0.343073 -0.939156 -0.0169055
-30.3366 73.3421 -55.6335 0.33861 -0.940829 -0.0135542
-31.9297 72.7743 -56.0103 0.338797 -0.940784 -0.01193
-33.5275 72.2074 -56.3849 0.334761 -0.94226 -0.00899367
-35.1803 71.6235 -56.7832 0.332406 -0.943123 -0.00504177
-36.5388 71.146 -57.1238 0.334473 -0.942404 -0.0014143
-36.4764 71.1678 -56.1092 0.327439 -0.944872 5.51901e-06
-34.5188 71.8509 -55.6363 0.330361 -0.943847 -0.00372465
-32.953 72.4007 -55.2646 0.334867 -0.942215 -0.00974383
-31.4048 72.949 -54.9012 0.336285 -0.941678 -0.0124185
-29.8243 73.5102 -54.5248 0.338281 -0.940898 -0.0166383
-28.3421 74.0426 -54.1592 0.343774 -0.938919 -0.0158186
-26.6322 74.6715 -53.72 0.351259 -0.936081 -0.0192058
-25.0578 75.2613 -53.2924 0.360986 -0.932387 -0.018533
-23.4475 75.8846 -52.8329 0.366905 -0.93007 -0.0187264
-21.731 76.5627 -52.3136 0.378153 -0.925564 -0.0181961
-19.8981 77.3061 -51.7323 0.384656 -0.922814 -0.0213186
-18.3795 77.9423 -51.2395 0.398017 -0.917249 -0.015398
-16.7514 78.65 -50.6983 0.403266 -0.915004 -0.0119949
-15.243 79.3181 -50.1779 0.414811 -0.909846 -0.0106072
-13.7339 80.0111 -49.6296 0.422047 -0.906567 -0.00356644
-12.2227 80.72 -49.0616 0.426629 -0.904425 -0.00147516
-10.7208 81.4412 -48.4791 0.436373 -0.899758 0.00372232
-9.30743 82.1306 -47.93 0.439516 -0.898206 0.00713864
-7.49708 83.0156 -47.2296 0.432542 -0.901508 0.013835
-5.77528 83.8546 -46.5367 0.429913 -0.902625 0.0210312
-4.3742 84.5331 -45.9328 0.426106 -0.904387 0.0227573
-2.71975 85.3085 -45.196 0.4068 -0.913067 0.0286941
-1.28473 85.9543 -44.5796 0.386148 -0.921551 0.0404107
0.687185 86.7986 -43.7153 0.376969 -0.925575 0.0347164
2.41877 87.4945 -42.9368 0.345296 -0.937257 0.0481749
3.85391 88.0348 -42.2653 0.32341 -0.944944 0.0498648
5.24434 88.5235 -41.603 0.296933 -0.953831 0.0451253
6.80894 89.0452 -40.8821 0.285511 -0.957255 0.0463271
8.33916 89.5197 -40.2032 0.268229 -0.961917 0.0526238
9.92619 89.9902 -39.5236 0.248332 -0.966694 0.0619133
11.3826 90.3702 -38.9128 0.219798 -0.973599 0.0615879
12.9832 90.7581 -38.2419 0.19144 -0.979347 0.0650354
13.9686 90.9721 -37.8255 0.176605 -0.982233 0.0634765
11.2264 90.3963 -37.98 0.224735 -0.971894 0.0701146
9.65933 89.9764 -38.639 0.256681 -0.964595 0.0605897
8.21154 89.5423 -39.2621 0.267556 -0.961706 0.0594676
6.68328 89.0543 -39.9431 0.292492 -0.9547 0.0547452
5.25452 88.5738 -40.6028 0.307073 -0.950674 0.043877
3.6812 88.0195 -41.3534 0.322541 -0.945674 0.0408436
2.1765 87.4507 -42.0663 0.350984 -0.935154 0.047921
0.634628 86.8155 -42.7766 0.37461 -0.926175 0.0432037
-0.968229 86.1292 -43.4798 0.382755 -0.923245 0.0334235
-2.77507 85.3141 -44.2527 0.410133 -0.911604 0.0277367
-4.52667 84.4855 -45.0235 0.426866 -0.904013 0.0233856
-5.93626 83.7996 -45.6378 0.433871 -0.900834 0.0159231
-7.62103 82.9699 -46.32 0.440385 -0.897712 0.0132289
-9.26175 82.1602 -46.951 0.440489 -0.897734 0.00661409
-10.8626 81.3753 -47.569 0.437867 -0.899034 0.00308428
-12.2394 80.709 -48.1047 0.433552 -0.901125 -0.00253725
-13.9565 79.9014 -48.75 0.426538 -0.904433 -0.0081728
-15.5068 79.1877 -49.3048 0.414811 -0.909846 -0.0106067
-17.1169 78.4749 -49.8519 0.402634 -0.915232 -0.0153832
-18.8919 77.7091 -50.4364 0.392864 -0.919469 -0.0153262
-20.4757 77.0482 -50.9439 0.382305 -0.923882 -0.01686
-21.9852 76.4411 -51.4153 0.3778 -0.925644 -0.02121
-23.5294 75.832 -51.88 0.367734 -0.929673 -0.021906
-25.0699 75.2406 -52.3186 0.358031 -0.933601 -0.0142541
-26.5576 74.6826 -52.7153 0.34946 -0.93684 -0.0144638
-28.0631 74.1288 -53.1057 0.347776 -0.937471 -0.0141174
-29.8078 73.502 -53.5367 0.335994 -0.941777 -0.012842
-31.3525 72.9546 -53.9053 0.336711 -0.941527 -0.012366
-32.9347 72.401 -54.2732 0.329956 -0.943969 -0.00718079
-34.6192 71.8132 -54.6689 0.32792 -0.944704 -0.00178296
-36.1037 71.298 -55.0279 0.327773 -0.944756 -0.00119002
-36.5357 71.1476 -55.1283 0.328044 -0.944662 0.000878429
-36.6171 71.1216 -54.1382 0.324973 -0.945718 0.00329365
-35.0562 71.6594 -53.7719 0.327556 -0.944829 -0.00242628
-33.4723 72.2085 -53.4079 0.32807 -0.944643 -0.00435861
-31.9531 72.736 -53.0586 0.331732 -0.943343 -0.00759169
-30.4641 73.2568 -52.708 0.3328 -0.942933 -0.0110089
-28.8605 73.8261 -52.3174 0.341939 -0.939666 -0.0102886
-27.2176 74.424 -51.9038 0.347543 -0.937542 -0.0151038
-25.7003 74.9859 -51.5113 0.358068 -0.933562 -0.0157699
-24.1784 75.5617 -51.0915 0.36006 -0.932742 -0.0187039
-22.1949 76.3347 -50.5068 0.374131 -0.927165 -0.0197666
-20.31 77.1011 -49.9191 0.38644 -0.922195 -0.0148503
-18.8214 77.7254 -49.446 0.396048 -0.9181 -0.0154201
-17.2411 78.4048 -48.9262 0.401981 -0.915498 -0.0165727
-15.7601 79.0607 -48.4251 0.414833 -0.909815 -0.0122431
-14.1276 79.8138 -47.8533 0.427219 -0.904128 -0.00611711
-12.6224 80.5231 -47.2928 0.433121 -0.901335 -0.00121934
-10.9971 81.3108 -46.6558 0.440105 -0.897941 0.00318413
-9.54869 82.0263 -46.1048 0.441487 -0.897235 0.0077217
-8.01615 82.7869 -45.5134 0.442386 -0.896727 0.0132072
-6.40602 83.587 -44.8648 0.43685 -0.899397 0.0157119
-5.0142 84.2738 -44.2721 0.431812 -0.901724 0.0208081
-3.64204 84.9316 -43.6682 0.416845 -0.908705 0.0222621
-1.8675 85.7589 -42.9028 0.410653 -0.911486 0.0236005
-0.280408 86.4695 -42.219 0.388913 -0.920405 0.0400229
1.58868 87.2561 -41.3559 0.361067 -0.931812 0.0368369
3.10299 87.8501 -40.631 0.329483 -0.943418 0.0374544
4.8915 88.4928 -39.777 0.312043 -0.948983 0.0453841
6.92769 89.191 -38.8383 0.290406 -0.955306 0.055271
8.07799 89.5632 -38.3237 0.268192 -0.961494 0.0600212
-36.2914 71.2367 -53.0475 0.323582 -0.946193 0.00364141
-33.9791 72.0295 -52.5276 0.326814 -0.945086 -0.00204828
-31.4208 72.9141 -51.9482 0.329232 -0.944216 -0.00793663
-28.5566 73.9229 -51.2586 0.339651 -0.940457 -0.0132973
-25.9566 74.8723 -50.6037 0.353889 -0.935157 -0.0156097
-23.5041 75.8007 -49.9275 0.365887 -0.930488 -0.0178589
-21.2475 76.6988 -49.243 0.378626 -0.925386 -0.0174117
-18.8792 77.6837 -48.5033 0.393841 -0.918994 -0.0184496
-16.5748 78.6834 -47.7345 0.411102 -0.911507 -0.0122229
-14.3572 79.699 -46.9726 0.42761 -0.90394 -0.0064652
-11.9893 80.8293 -46.083 0.436946 -0.899486 0.00183134
-9.53774 82.0376 -45.1459 0.442393 -0.896811 0.00436331
-6.96236 83.3272 -44.1284 0.439858 -0.897935 0.0153927
-4.82458 84.3859 -43.2319 0.427513 -0.903804 0.019253
-2.53146 85.4823 -42.2437 0.419447 -0.907272 0.030352
-0.256934 86.5178 -41.2267 0.379169 -0.924622 0.0361145
2.0403 87.4722 -40.16 0.351085 -0.935813 0.0315065
4.17942 88.2806 -39.1222 0.330769 -0.942786 0.0417842
1.20311 87.1676 -39.5912 0.365753 -0.930208 0.0306188
-1.20159 86.1316 -40.691 0.406114 -0.91328 0.0314781
-3.71678 84.9494 -41.7937 0.417524 -0.908232 0.0280863
-5.96923 83.8422 -42.763 0.437672 -0.898895 0.0207504
-8.27682 82.6831 -43.7037 0.44728 -0.894301 0.0129078
-10.9584 81.3391 -44.7245 0.442657 -0.896691 0.00060103
-13.323 80.1836 -45.6404 0.431114 -0.902282 -0.00523786
-15.6669 79.0823 -46.4616 0.420747 -0.907101 -0.0117925
-17.9451 78.0656 -47.2374 0.402081 -0.915472 -0.0155677
-20.4415 77.0098 -48.0281 0.390067 -0.920628 -0.0170972
-22.7188 76.0935 -48.724 0.371037 -0.928482 -0.0159014
-24.966 75.2286 -49.3617 0.351975 -0.935912 -0.0135339
-27.3004 74.3641 -49.9751 0.342132 -0.939597 -0.0101717
-29.9141 73.4281 -50.6114 0.332525 -0.943049 -0.00928669
-32.5457 72.5172 -51.2257 0.327904 -0.944693 -0.00581974
-35.0363 71.667 -51.754 0.321515 -0.946904 0.000516198
-36.3632 71.2165 -52.0391 0.320596 -0.947215 0.000962127
-36.269 71.2518 -51.003 0.317977 -0.948089 0.00423891
-33.6764 72.1273 -50.4799 0.320694 -0.947183 -0.000433124
-31.2895 72.9433 -49.9606 0.326484 -0.945171 -0.0077056
-28.9078 73.7738 -49.3993 0.332317 -0.943154 -0.00511114
-26.4186 74.6751 -48.7692 0.345577 -0.938309 -0.0123342
-24.0481 75.5595 -48.138 0.361081 -0.932425 -0.0142944
-21.6241 76.5133 -47.4287 0.379259 -0.925175 -0.0145838
-19.1974 77.5139 -46.6868 0.392661 -0.919564 -0.0148152
-16.9353 78.4958 -45.9324 0.412949 -0.910685 -0.0112052
-14.3537 79.6856 -45.0485 0.430178 -0.902712 -0.0076557
-12.1839 80.7349 -44.2316 0.438689 -0.898637 -0.00171214
-9.92811 81.8573 -43.3758 0.448742 -0.893642 0.0058711
-7.79245 82.944 -42.5483 0.449384 -0.893209 0.015199
-5.4821 84.1103 -41.5938 0.439418 -0.89793 0.0251789
-3.36987 85.1497 -40.6817 0.428511 -0.903204 0.0245018
-2.26358 85.6704 -40.1994 0.414802 -0.909491 0.0276716
-5.17979 84.2868 -40.5068 0.436126 -0.899604 0.0225207
-7.3965 83.1601 -41.4266 0.450804 -0.892527 0.0130965
-9.81859 81.9211 -42.3791 0.4521 -0.891913 0.00984879
-12.1857 80.7333 -43.2714 0.44375 -0.896149 0.00167988
-14.3411 79.6845 -44.0893 0.432428 -0.901643 -0.0067248
-16.5769 78.6461 -44.8496 0.412114 -0.911103 -0.00733916
-18.933 77.6122 -45.6449 0.394198 -0.918928 -0.0134145
-21.3111 76.6249 -46.3768 0.377367 -0.925966 -0.0134285
-23.6648 75.6908 -47.0666 0.366991 -0.930137 -0.0127466
-26.0754 74.7873 -47.7045 0.346531 -0.937924 -0.0146358
-28.3718 73.9591 -48.2866 0.335954 -0.941829 -0.00959627
-30.7334 73.1293 -48.8558 0.327957 -0.944682 -0.00440856
-33.3272 72.2447 -49.4254 0.322717 -0.946494 -0.00163079
-35.7524 71.4288 -49.8895 0.318583 -0.947893 0.00208612
-36.1432 71.2975 -49.9687 0.31633 -0.948632 0.00565506
-35.7112 71.447 -48.8941 0.314581 -0.949218 0.0048871
-33.372 72.2283 -48.4539 0.317895 -0.948126 0.000126828
-30.6469 73.1573 -47.8554 0.32782 -0.94474 -0.000758939
-28.2124 74.0064 -47.2642 0.335849 -0.941881 -0.00805707
-25.7893 74.8778 -46.6589 0.346753 -0.937865 -0.0130799
-23.4958 75.7441 -46.0577 0.368479 -0.929566 -0.0114214
-21.1772 76.6649 -45.3782 0.377738 -0.925815 -0.01345
-18.7839 77.665 -44.6422 0.403575 -0.914911 -0.00811564
-16.458 78.694 -43.8443 0.416597 -0.909072 -0.00591763
-14.2674 79.7129 -43.1134 0.432001 -0.901856 -0.00559085
-11.876 80.8881 -42.191 0.448182 -0.89394 -0.0018102
-9.66616 82.0078 -41.3626 0.453458 -0.891251 0.00694757
-8.3312 82.6953 -40.8531 0.455173 -0.890338 0.0107718
-11.4592 81.0971 -41.1021 0.455675 -0.890143 0.00218332
-13.5989 80.0318 -41.8872 0.442552 -0.896728 -0.00518209
-15.9536 78.9113 -42.7121 0.426608 -0.904419 -0.00569231
-18.1765 77.9177 -43.4857 0.40552 -0.914019 -0.0110369
-20.3781 76.9787 -44.1889 0.385676 -0.922586 -0.0094838
-22.6697 76.0568 -44.8642 0.370346 -0.928803 -0.0130065
-25.0405 75.1448 -45.4891 0.351147 -0.936288 -0.00779639
-27.5316 74.2387 -46.1197 0.336757 -0.941581 -0.00444233
-30.0104 73.3706 -46.7259 0.330286 -0.943861 -0.00612008
-32.3291 72.5806 -47.2514 0.320431 -0.947272 0.000459151
-34.7424 71.773 -47.7348 0.314974 -0.949099 0.00174514
-35.7165 71.4491 -47.9137 0.313444 -0.949597 0.0043879
-35.6515 71.4757 -46.9079 0.310737 -0.950484 0.00483505
-33.2045 72.2867 -46.4495 0.31874 -0.94784 0.00199915
-30.6272 73.1554 -45.889 0.323611 -0.946179 -0.00469327
-28.0419 74.0525 -45.2718 0.334164 -0.9425 -0.00526517
-25.6991 74.8913 -44.6858 0.345599 -0.938355 -0.00714325
-23.3968 75.7578 -44.0978 0.367743 -0.929825 -0.0137976
-20.9122 76.7469 -43.4033 0.378152 -0.925588 -0.0169882
-18.6271 77.7083 -42.6878 0.39933 -0.916679 -0.0153207
-16.2455 78.7685 -41.8604 0.41992 -0.907528 -0.00769178
-14.9168 79.3907 -41.4361 0.427104 -0.904157 -0.0090636
-18.4419 77.7727 -41.7087 0.403195 -0.914991 -0.0150025
-20.6532 76.8382 -42.3722 0.386405 -0.922215 -0.0144829
-23.0704 75.874 -43.0512 0.363496 -0.931553 -0.00892757
-25.425 74.9857 -43.6529 0.347986 -0.937458 -0.00888202
-27.778 74.1399 -44.234 0.335062 -0.942177 -0.00608069
-30.104 73.3298 -44.7913 0.323066 -0.946374 -0.00217232
-32.4164 72.5488 -45.3009 0.317446 -0.948274 -0.00213851
-34.9473 71.7116 -45.7904 0.31175 -0.950159 0.00300529
-35.6107 71.4945 -45.9064 0.308967 -0.951055 0.0057982
-34.6098 71.8271 -44.7483 0.309492 -0.950888 0.00522373
-32.121 72.6477 -44.2722 0.315915 -0.948787 0.00102563
-29.8168 73.4263 -43.7548 0.324178 -0.94599 -0.00340685
-27.4921 74.2352 -43.1948 0.334409 -0.942414 -0.00519589
-24.8838 75.1761 -42.549 0.345734 -0.9383 -0.0078588
-22.5406 76.07 -41.9711 0.363998 -0.931352 -0.00943776
-20.5222 76.8787 -41.3667 0.379714 -0.925031 -0.0116349
-23.9908 75.5016 -41.3703 0.353398 -0.935436 -0.00830237
-26.4942 74.5836 -41.9953 0.337487 -0.941297 -0.00794792
-29.0366 73.69 -42.5911 0.329142 -0.944265 -0.00542848
-31.734 72.7766 -43.2282 0.319322 -0.947646 0.000157735
-33.3565 72.2414 -43.542 0.312271 -0.949984 0.00410338
