5.5639 91.4823 30.8138 -0.263792 0.964556 0.00650366
4.76675 91.2526 31.5192 -0.273197 0.961929 0.00737474
3.79887 90.9715 32.1667 -0.275052 0.961397 0.00774889
2.8937 90.7036 32.7321 -0.280435 0.959849 0.00674897
1.81813 90.3847 33.3472 -0.280734 0.959759 0.00716405
0.671774 90.039 33.8391 -0.286583 0.958029 0.00712872
-0.329914 89.7301 34.3172 -0.293358 0.955968 0.00808874
-1.45892 89.3789 34.7008 -0.294326 0.955695 0.00438596
-2.92186 88.9138 35.1721 -0.30263 0.953099 0.00426533
-4.06822 88.5432 35.3362 -0.30783 0.951438 0.00206221
-5.06602 88.2187 35.3412 -0.310183 0.950676 0.00122848
-6.06691 87.891 35.0777 -0.31368 0.949528 0.00124128
-6.78824 87.6542 34.2515 -0.31494 0.94911 0.00148057
-7.09989 87.5515 32.919 -0.315903 0.948791 0.0006706
-7.15768 87.5339 31.4886 -0.316708 0.948521 -0.000246793
-6.79065 87.6555 30.3607 -0.317161 0.948371 -0.00100751
-6.03044 87.9089 29.406 -0.316164 0.948705 -6.6338e-05
-4.98009 88.2583 28.7574 -0.31547 0.948935 -0.000681727
-3.968 88.5916 28.459 -0.310907 0.95044 -0.000874844
-2.68793 89.0077 28.2987 -0.306648 0.951822 -0.0014145
-1.57482 89.3633 28.2509 -0.302155 0.953258 0.00123184
-0.255242 89.7815 28.3141 -0.301562 0.953444 0.00222547
0.841069 90.1219 28.4823 -0.292712 0.956193 0.00376382
2.04714 90.4867 28.6802 -0.288507 0.957456 0.00644017
3.12307 90.8063 28.8332 -0.281966 0.959392 0.00783789
4.50372 91.2 29.2348 -0.274015 0.961677 0.00966768
5.5622 91.4902 29.8217 -0.26757 0.963506 0.00794911
5.67268 91.5125 30.6976 -0.262352 0.964939 0.00761764
6.31996 91.6839 31.476 -0.260395 0.965483 0.00603567
5.47601 91.447 32.2508 -0.267015 0.963661 0.00758493
4.39667 91.1366 32.9489 -0.27505 0.961407 0.00660166
3.25252 90.8012 33.6609 -0.279588 0.960092 0.00739774
2.1852 90.4852 34.2753 -0.280803 0.959739 0.00704653
1.01321 90.1343 34.7723 -0.286706 0.957994 0.00688386
0.0822259 89.8514 35.1945 -0.294104 0.955767 0.00352231
-1.11276 89.4821 35.5964 -0.294706 0.955583 0.00321045
-2.5186 89.0389 36.0246 -0.303238 0.952912 0.00251142
-3.6391 88.6792 36.315 -0.306545 0.951853 0.0026105
-4.63468 88.3568 36.3301 -0.309517 0.950888 0.00341348
-5.63157 88.0311 36.371 -0.311233 0.950328 0.00320565
-6.59036 87.717 35.9735 -0.313353 0.949636 0.000913911
-7.3164 87.4777 35.2857 -0.314545 0.949242 0.000780178
-7.77202 87.3274 34.295 -0.315241 0.949011 -0.000219402
-8.07203 87.2274 33.1243 -0.316055 0.94874 0.00105972
-8.1614 87.1976 31.638 -0.318516 0.947917 -0.00104347
-7.96646 87.2618 30.5898 -0.318145 0.948042 -0.000806693
-7.52439 87.41 29.5974 -0.318517 0.947917 0.000150209
-6.88877 87.6224 28.8405 -0.316372 0.948635 0.000768885
-6.14871 87.8703 28.1667 -0.315921 0.948784 0.00158597
-4.92928 88.2762 27.7096 -0.314014 0.949417 0.000991922
-3.76847 88.6578 27.3772 -0.310186 0.950675 0.00106446
-2.59844 89.0374 27.3163 -0.305956 0.952043 0.00196938
-1.57092 89.3665 27.2747 -0.302599 0.953115 0.00217657
-0.424593 89.7303 27.2765 -0.300891 0.953656 0.00183058
0.632941 90.0624 27.4624 -0.296282 0.955089 0.00253321
1.70826 90.3921 27.5908 -0.291112 0.956666 0.00588027
2.84708 90.7345 27.7629 -0.283973 0.958748 0.0108066
4.02378 91.0733 28.0272 -0.276861 0.960869 0.00882877
5.00114 91.3495 28.3517 -0.270347 0.96271 0.00994137
6.03723 91.6325 28.8438 -0.267357 0.963523 0.0120183
6.85998 91.848 29.4904 -0.262813 0.964767 0.0124068
6.9717 91.8669 30.549 -0.26226 0.96496 0.00846259
6.5339 91.743 31.2701 -0.260339 0.965496 0.00633687
7.21615 91.9232 31.9748 -0.26141 0.965214 0.00509186
6.52661 91.7303 32.6979 -0.260536 0.965418 0.00947142
5.58514 91.47 33.3856 -0.269375 0.963033 0.00195534
4.69111 91.2147 33.9126 -0.276546 0.960984 0.00570894
3.76887 90.947 34.4821 -0.27813 0.96053 0.00382062
2.53803 90.5821 35.2418 -0.282412 0.959279 0.00524416
1.60185 90.3038 35.6585 -0.281729 0.959485 0.00369875
0.619942 90.0073 36.0761 -0.286827 0.95796 0.00654875
-0.572341 89.6461 36.428 -0.294337 0.955698 0.00254911
-1.65437 89.3092 36.7452 -0.297625 0.954679 0.00284477
-2.70606 88.9776 37.0772 -0.304309 0.952573 -0.000763184
-3.72811 88.6458 37.3496 -0.307472 0.951546 0.00452102
-4.73688 88.3185 37.4752 -0.309362 0.950936 0.00388459
-5.81667 87.967 37.3938 -0.309846 0.950784 0.00219569
-7.00489 87.579 36.9464 -0.312979 0.949759 0.00141689
-7.7601 87.3301 36.2507 -0.314025 0.949415 0.00023611
-8.4144 87.113 35.337 -0.315792 0.948828 0.000237788
-8.91974 86.945 33.8382 -0.316155 0.948708 -0.000195802
-9.14079 86.8683 32.4926 -0.318934 0.947777 -0.000485272
-9.32295 86.8063 31.5066 -0.319727 0.947509 -0.00133011
-9.0172 86.9083 30.3182 -0.319826 0.947476 -0.000620706
-8.36204 87.128 28.9915 -0.319087 0.947725 -0.000590582
-7.67242 87.3604 28.2082 -0.318516 0.947917 0.000101807
-6.95429 87.6018 27.5093 -0.318551 0.947905 0.000840429
-6.09482 87.8911 26.9827 -0.315952 0.94877 0.00302093
-5.06458 88.2336 26.7054 -0.312423 0.949934 0.00408125
-3.97292 88.5937 26.35 -0.31083 0.950461 0.00295552
-2.91357 88.9387 26.3835 -0.307184 0.951637 0.0044288
-1.90335 89.2624 26.2941 -0.304794 0.952411 0.00365857
-0.602356 89.6766 26.2959 -0.301524 0.953438 0.00629948
0.491707 90.0207 26.3988 -0.299416 0.954102 0.0063152
1.45817 90.3212 26.4794 -0.294753 0.955556 0.00571718
2.45289 90.6265 26.6147 -0.291993 0.956385 0.00775732
3.41619 90.9117 26.7358 -0.277032 0.960789 0.0116978
4.41889 91.197 27.0756 -0.27875 0.960284 0.0122817
5.54478 91.5124 27.4737 -0.271041 0.962454 0.0147861
6.49704 91.7743 27.9425 -0.27023 0.962612 0.0180222
7.49594 92.0318 28.5176 -0.255034 0.966744 0.0189134
8.09753 92.1775 29.3091 -0.255172 0.966776 0.0150329
8.12446 92.1716 30.4727 -0.254173 0.967131 0.00732792
7.60392 92.0286 31.4688 -0.25586 0.966706 0.00398658
7.29955 91.9463 31.8785 -0.258665 0.965952 0.00461417
-4.08604 88.5391 34.8344 -0.309159 0.951003 0.0038017
-2.8195 88.9488 34.5964 -0.302555 0.953123 0.00410229
-6.08762 87.8861 34.2256 -0.312534 0.949905 0.00191068
-3.61066 88.6966 33.7808 -0.307198 0.951639 0.00369978
-1.44517 89.3904 33.3998 -0.300029 0.953915 0.00539792
0.847438 90.098 32.9811 -0.288241 0.957534 0.00670836
1.4203 90.2695 32.87 -0.285677 0.958305 0.00634737
3.61616 90.9241 31.4932 -0.276328 0.961036 0.00724095
1.25772 90.2282 31.9529 -0.287707 0.957696 0.00653862
-1.13024 89.4948 32.3985 -0.296603 0.954989 0.00476052
-3.2955 88.8028 32.7626 -0.307801 0.951437 0.00515249
-5.56267 88.0605 33.153 -0.311695 0.95018 0.00208778
-6.11264 87.8799 33.2478 -0.313835 0.949476 0.00164033
-6.4989 87.7523 32.3284 -0.316031 0.948748 0.00106947
-4.27764 88.4855 31.964 -0.312575 0.949888 0.00319361
-1.94004 89.2434 31.5849 -0.300968 0.953625 0.00419984
0.43069 89.9839 31.1594 -0.292688 0.956186 0.00653361
2.8274 90.704 30.705 -0.283423 0.958969 0.00702765
5.09208 91.3559 30.2424 -0.271397 0.962408 0.0106973
3.54031 90.9214 29.6213 -0.274131 0.961641 0.00992913
0.857863 90.1204 30.1289 -0.291019 0.956703 0.00528793
-1.54683 89.3679 30.5611 -0.300752 0.953701 0.00189476
-3.92971 88.6018 30.9467 -0.310788 0.950479 0.000151164
-6.16111 87.8655 31.294 -0.315544 0.948911 0.000456038
-6.34807 87.8033 31.3235 -0.31554 0.948912 0.000451735
-6.09227 87.8883 30.3078 -0.315908 0.94879 -2.59799e-05
-3.39241 88.7792 29.9026 -0.309455 0.950912 0.00186094
-0.977959 89.5506 29.5017 -0.302285 0.953216 0.00171833
1.23707 90.2408 29.1138 -0.290122 0.956979 0.00451709
1.36832 90.2803 29.0894 -0.287486 0.957769 0.00544383
-2.27358 89.1419 28.7672 -0.304121 0.952633 -0.000324771
-4.21717 88.5102 29.0622 -0.312703 0.949851 0.00056842
