-3.03951 1.40476 -14.068 -0.00449837 -0.999657 -0.0258061
-3.91211 1.41596 -14.7278 0.00680397 -0.999741 -0.0217344
-4.8712 1.42362 -15.4892 0.0125196 -0.99969 -0.0214512
-6.42766 1.43687 -16.8606 0.0145406 -0.999628 -0.022881
-7.95553 1.43229 -17.9367 0.0187211 -0.999576 -0.0223047
-8.90854 1.42406 -18.6719 0.0239691 -0.999489 -0.0210962
-10.2043 1.41241 -19.8359 0.0341955 -0.9992 -0.0207306
-11.1305 1.40176 -20.8466 0.0357666 -0.999155 -0.0201691
-11.9802 1.38647 -21.7796 0.0377515 -0.999128 -0.0178069
-13.1883 1.36003 -23.0605 0.0399106 -0.999087 -0.0152157
-13.8588 1.3481 -24.1679 0.0469906 -0.998786 -0.0147459
-14.4147 1.33432 -25.0951 0.0470622 -0.998802 -0.0133762
-15.0714 1.31676 -26.1032 0.0463401 -0.998838 -0.0132031
-16.0378 1.27917 -27.2601 0.0520707 -0.998581 -0.0111214
-16.9819 1.2354 -27.9733 0.0576807 -0.998266 -0.0114161
-17.9381 1.18588 -28.5864 0.0610559 -0.998058 -0.012262
-18.9573 1.12866 -29.1245 0.062233 -0.997995 -0.0115445
-20.2021 1.05667 -29.8148 0.0653757 -0.997805 -0.0104439
-21.2593 0.99345 -30.5468 0.0672533 -0.997694 -0.00908258
-22.3024 0.932572 -31.9259 0.068734 -0.997616 -0.00586437
-23.1512 0.874646 -32.9519 0.0732948 -0.997304 -0.00345519
-23.8964 0.824425 -33.7931 0.0724462 -0.997359 -0.00511866
-24.7032 0.767519 -34.8167 0.0772523 -0.997006 -0.00321703
-25.746 0.69054 -36.152 0.0786955 -0.996895 -0.00269584
-26.9556 0.597495 -37.4224 0.0793098 -0.996847 -0.00225812
-28.0304 0.512981 -38.6223 0.0799793 -0.996796 -0.00124019
-28.7209 0.458154 -39.5323 0.0804973 -0.996755 -0.00076174
-29.5235 0.393235 -40.5439 0.0818491 -0.996645 0.000147221
-30.4125 0.319839 -41.5703 0.0818121 -0.996648 0.000410979
-31.093 0.262777 -42.6667 0.082358 -0.996602 0.000787988
-31.3078 0.244448 -43.7531 0.0829845 -0.99655 0.001161
-31.2762 0.245786 -44.866 0.0829659 -0.996552 0.00118785
-31.3454 0.238433 -46.0502 0.0830871 -0.996541 0.00140689
-31.6477 0.210222 -47.1769 0.0837468 -0.996482 0.00316632
-31.9592 0.179714 -48.2963 0.0845115 -0.996416 0.00363786
-32.156 0.157458 -49.74 0.0857543 -0.996305 0.00471305
-31.6874 0.196018 -51.1813 0.0889429 -0.996036 -0.000839502
-31.3245 0.230609 -52.7295 0.0864802 -0.996251 -0.00246018
-31.1346 0.24998 -53.962 0.0861313 -0.996281 -0.002362
-30.9923 0.265254 -55.1146 0.0859865 -0.996293 -0.00259032
-31.0717 0.261911 -56.4416 0.086574 -0.996242 -0.00243084
-31.0033 0.27071 -57.7196 0.0869924 -0.996206 -0.00256831
-31.1767 0.261171 -59.5186 0.0872149 -0.996184 -0.00323088
-31.2071 0.264594 -60.734 0.0874611 -0.996155 -0.00515814
-30.6507 0.318803 -61.7149 0.0876572 -0.996136 -0.00533108
-29.7386 0.402025 -62.3069 0.0856587 -0.996309 -0.00550391
-28.1565 0.54274 -63.0767 0.0851443 -0.996341 -0.00735651
-26.8532 0.65548 -63.5347 0.0838833 -0.996456 -0.00618866
-25.6875 0.755197 -63.9321 0.0829313 -0.996537 -0.00601154
-24.3469 0.868475 -64.3673 0.0806291 -0.996727 -0.00589383
-23.1293 0.968612 -64.6452 0.0804297 -0.996745 -0.00559465
-21.8937 1.0669 -64.8079 0.0785513 -0.996901 -0.00418255
-20.4496 1.18054 -65.1123 0.0754372 -0.997144 -0.00356221
-19.3296 1.26637 -65.4441 0.0753877 -0.997148 -0.00345542
-18.1788 1.35082 -65.752 0.0713805 -0.99744 -0.00397518
-16.6769 1.45759 -65.8578 0.0707613 -0.99749 -0.00240476
-15.5292 1.53638 -65.9845 0.0650027 -0.997883 -0.00176702
-14.2936 1.61656 -66.2253 0.0645265 -0.997915 -0.00120231
-12.6365 1.72013 -66.3593 0.0612211 -0.998123 -0.00183283
-11.3263 1.80081 -66.5135 0.0599367 -0.9982 -0.00173528
-9.85226 1.88776 -66.6514 0.0587837 -0.99827 -0.00137582
-8.01614 1.98883 -66.7402 0.0513077 -0.998678 0.000445237
-6.19216 2.07775 -66.7306 0.047716 -0.99886 0.000826929
-4.78084 2.14023 -66.6551 0.0436173 -0.999048 0.00082423
-3.58247 2.19288 -66.4915 0.041162 -0.999147 -2.76281e-05
-2.46719 2.23329 -66.3606 0.036 -0.999352 -6.31414e-05
-1.14794 2.28049 -66.2138 0.0342151 -0.999407 -0.00259644
-0.00481412 2.31769 -66.1054 0.0311148 -0.9995 -0.00524687
1.48482 2.35992 -65.8566 0.0285414 -0.999584 -0.00397966
2.62828 2.38876 -65.5989 0.0253108 -0.999675 -0.00317454
4.03821 2.41933 -65.2269 0.0154987 -0.999868 -0.00397421
5.34787 2.43537 -64.8612 0.0139887 -0.999883 -0.00622852
6.38713 2.44458 -64.5394 0.00833831 -0.99995 -0.00540789
7.99009 2.45404 -63.9478 0.00901969 -0.999938 -0.00647186
9.02586 2.4551 -63.5178 -0.00332517 -0.999964 -0.00782519
10.4459 2.44685 -62.963 -0.00472194 -0.999967 -0.00613003
11.8773 2.43284 -62.342 -0.0108386 -0.999891 -0.00885064
13.2525 2.40039 -61.643 -0.018989 -0.999755 -0.0114027
14.2792 2.37049 -61.1233 -0.0224623 -0.999629 -0.0154239
15.8967 2.31484 -60.1954 -0.0260267 -0.99946 -0.0200577
17.1045 2.25936 -59.398 -0.0345171 -0.999159 -0.0221199
18.2926 2.19893 -58.7014 -0.0486738 -0.9985 -0.0250186
19.8161 2.0996 -57.8189 -0.0508035 -0.998355 -0.0265341
20.7602 2.03454 -57.2763 -0.0565217 -0.998179 -0.0210509
21.7276 1.96363 -56.7756 -0.0657997 -0.997368 -0.0304535
22.8586 1.86848 -56.1316 -0.0666284 -0.997317 -0.0303373
23.898 1.76655 -55.4936 -0.0753896 -0.99642 -0.0382627
24.8597 1.67515 -55.0102 -0.0813094 -0.995818 -0.0411321
25.8101 1.56851 -54.4808 -0.0871036 -0.995225 -0.0440507
26.7504 1.45725 -53.925 -0.098774 -0.993957 -0.0478281
27.9833 1.3072 -53.3081 -0.0982117 -0.994124 -0.045527
29.0312 1.16921 -52.7324 -0.10773 -0.993048 -0.0474277
30.5163 0.967867 -51.9642 -0.111884 -0.992525 -0.0487496
32.0933 0.751106 -51.3844 -0.12211 -0.990915 -0.0563572
33.2309 0.562433 -50.5916 -0.132694 -0.989535 -0.056671
33.4156 0.465973 -49.3714 -0.13233 -0.989472 -0.0585993
33.0282 0.441424 -48.0584 -0.130221 -0.98991 -0.0558638
32.687 0.396865 -46.5223 -0.131894 -0.989475 -0.0595194
31.7693 0.439739 -45.141 -0.134679 -0.989276 -0.0565199
31.259 0.442686 -44.0168 -0.127545 -0.989978 -0.060622
30.8722 0.423313 -42.8946 -0.128271 -0.989843 -0.0612969
30.4351 0.415543 -41.8096 -0.128744 -0.989949 -0.0585239
29.3024 0.547922 -41.7153 -0.119728 -0.99106 -0.0588705
28.1076 0.693721 -41.7306 -0.120194 -0.991031 -0.0584028
26.9852 0.808013 -41.5191 -0.112734 -0.992054 -0.0557798
25.5853 0.943067 -41.123 -0.107617 -0.992745 -0.0536249
24.5318 1.03897 -40.7954 -0.0999922 -0.993544 -0.0531939
23.474 1.1192 -40.4228 -0.0948658 -0.994286 -0.0489463
22.304 1.21158 -40.0871 -0.0898109 -0.994717 -0.0497211
20.9538 1.32899 -39.9883 -0.0871923 -0.994862 -0.0513347
19.3464 1.46606 -40.0179 -0.0800039 -0.995585 -0.0488245
18.2812 1.54343 -40.114 -0.0650244 -0.996585 -0.0509
16.2999 1.68021 -40.3675 -0.0609619 -0.997375 -0.039064
15.2141 1.75612 -40.6165 -0.0514664 -0.997891 -0.0391043
13.9592 1.81646 -40.6423 -0.0472622 -0.998112 -0.0392273
12.685 1.87733 -40.656 -0.0435504 -0.998281 -0.0390407
10.7947 1.95092 -40.6738 -0.032348 -0.998857 -0.0348932
9.55433 1.97868 -40.4808 -0.029147 -0.99909 -0.0308039
8.36294 2.00246 -40.213 -0.0237488 -0.999314 -0.0283355
7.14177 2.01944 -39.8373 -0.020234 -0.999324 -0.0307056
5.99599 2.02833 -39.5058 -0.00534232 -0.999648 -0.0259639
4.38276 2.0203 -38.8158 -0.00567887 -0.999674 -0.0249105
3.44211 2.00821 -38.2121 -0.000734298 -0.999675 -0.0253344
2.32439 1.99481 -37.5878 0.000252397 -0.999796 -0.020211
1.45922 1.97999 -36.9304 0.00854309 -0.999733 -0.0214182
0.611482 1.95442 -36.1393 0.00878804 -0.999699 -0.0228996
-0.144484 1.92962 -35.3456 0.00856444 -0.999724 -0.0218421
-1.11364 1.88466 -33.6886 0.00991651 -0.999696 -0.0225431
-1.48789 1.85583 -32.6018 0.00941836 -0.999676 -0.023636
-1.89912 1.81115 -30.9013 0.00925307 -0.999662 -0.0242923
-1.89407 1.78709 -29.7691 0.00757144 -0.999761 -0.0205327
-1.54148 1.75654 -28.3302 0.00219287 -0.999699 -0.0243251
-0.977504 1.73401 -27.2521 0.00196656 -0.999758 -0.0219223
-0.357245 1.70883 -26.3308 -0.00278291 -0.999664 -0.0257758
0.779696 1.67412 -25.2063 -0.00637605 -0.999679 -0.024487
1.97888 1.63965 -24.2801 -0.0111341 -0.999536 -0.0283648
3.00014 1.60192 -23.624 -0.0214851 -0.999242 -0.0324496
3.96369 1.56081 -22.9926 -0.025142 -0.999191 -0.0313606
4.98012 1.5132 -22.3386 -0.0267028 -0.999156 -0.0312281
6.26581 1.44154 -21.3264 -0.033077 -0.998866 -0.0342342
7.55426 1.3655 -20.6259 -0.044775 -0.998417 -0.0340016
8.84048 1.28912 -20.057 -0.0498155 -0.998118 -0.0353078
10.1167 1.20406 -19.6775 -0.0587361 -0.997614 -0.0362261
11.0816 1.12693 -19.2097 -0.0624676 -0.997447 -0.0344873
12.1703 1.03673 -18.5322 -0.066543 -0.997248 -0.0324593
13.3277 0.926237 -17.6606 -0.0704585 -0.996943 -0.0337468
14.1521 0.836543 -16.9358 -0.077439 -0.996232 -0.0390586
15.0112 0.741192 -16.2789 -0.084593 -0.995607 -0.0399927
16.3232 0.585214 -15.2281 -0.0909768 -0.995151 -0.0371734
17.3874 0.444536 -14.223 -0.095649 -0.994651 -0.0389441
17.8943 0.352372 -13.1126 -0.100041 -0.994298 -0.0369293
17.7218 0.322136 -11.7834 -0.100495 -0.994376 -0.0334121
17.4022 0.296721 -10.0385 -0.103286 -0.994174 -0.0308087
16.7847 0.305542 -8.38493 -0.0978308 -0.99472 -0.0309943
16.3947 0.308925 -7.25144 -0.0961413 -0.994957 -0.0285544
16.0641 0.294083 -5.62708 -0.0924665 -0.995304 -0.0286479
15.65 0.2939 -4.05753 -0.0934989 -0.995317 -0.0245433
15.3554 0.295103 -2.96262 -0.0927888 -0.995444 -0.0217929
15.0328 0.304745 -1.93634 -0.0912168 -0.995626 -0.020173
14.7577 0.291145 0.0686168 -0.0900982 -0.99578 -0.0174678
14.4614 0.293628 1.49479 -0.0861973 -0.996212 -0.0114865
14.3909 0.286519 2.63782 -0.0864113 -0.99617 -0.0132565
14.3523 0.271542 3.8673 -0.0868694 -0.996126 -0.0135657
14.1198 0.272848 5.27618 -0.0822859 -0.996547 -0.0108208
13.9447 0.274945 6.56993 -0.0873885 -0.996124 -0.00987006
13.7378 0.279567 7.77586 -0.0780534 -0.996876 -0.0120946
13.6038 0.276266 8.91251 -0.0780379 -0.996911 -0.00770818
13.611 0.267764 10.7604 -0.080684 -0.996732 -0.00324853
13.7046 0.257939 12.4029 -0.0804498 -0.996756 -0.00208908
13.795 0.248073 13.9469 -0.0791663 -0.996855 -0.0021123
14.5405 0.18657 14.936 -0.0797914 -0.996811 -7.60792e-05
13.7034 0.253388 15.9314 -0.0779079 -0.99696 0.00126208
13.6622 0.25804 17.0612 -0.0781716 -0.996937 0.00217437
13.7646 0.253295 18.1311 -0.0784353 -0.996914 0.00308665
13.9462 0.243836 19.5767 -0.0793247 -0.996839 0.00438375
14.0019 0.245723 21.0766 -0.0788317 -0.99687 0.0057276
14.137 0.246415 22.634 -0.0764488 -0.997054 0.00539914
14.2396 0.24679 24.0902 -0.0741674 -0.99723 0.00556489
14.4495 0.242403 25.1982 -0.0742705 -0.997156 0.0127881
14.6706 0.240064 26.2998 -0.077013 -0.996955 0.0118714
14.8628 0.239328 27.4201 -0.075262 -0.997089 0.0121819
14.901 0.251797 28.6037 -0.0736544 -0.997161 0.0156333
14.2477 0.313511 29.6565 -0.0701278 -0.99746 0.0124961
13.2845 0.382203 30.236 -0.0615038 -0.998003 0.0143654
11.6195 0.495885 31.1314 -0.0548243 -0.998404 0.0129868
10.6239 0.552456 31.594 -0.050602 -0.998661 0.0106887
9.14095 0.62874 31.9698 -0.0485074 -0.998774 0.00985857
8.11394 0.678539 32.3198 -0.0408634 -0.999137 0.00604872
7.12149 0.718091 32.922 -0.0382054 -0.999257 0.00463681
6.20207 0.755787 33.6555 -0.0336163 -0.999429 0.00325859
5.39897 0.785355 34.4393 -0.0331287 -0.999425 0.00644616
4.61477 0.808289 35.2751 -0.0193881 -0.999784 0.00750485
3.37064 0.83429 36.1086 -0.0152273 -0.999874 0.00441038
2.35009 0.844567 36.685 -0.0070835 -0.999967 0.00387142
1.21119 0.855527 37.497 -0.0053016 -0.999975 0.00433721
0.171645 0.857272 38.1716 0.00307379 -0.999992 0.00184686
-0.958779 0.856254 38.8265 0.00601282 -0.999974 0.00240541
-2.00239 0.847433 39.3137 0.00892688 -0.99996 0.00101733
-3.46332 0.830207 40.2988 0.0125013 -0.999916 -0.00339457
-4.41144 0.809209 41.1462 0.0237685 -0.999693 -0.00704575
-5.33633 0.786342 42.1342 0.0269959 -0.999634 -0.00151178
-6.12526 0.762747 42.9233 0.0272682 -0.999625 -0.00262748
-7.13692 0.722173 43.6258 0.0349785 -0.999375 -0.0047777
-8.17687 0.68229 44.1996 0.0377772 -0.999273 -0.00519658
-9.52549 0.627209 44.8585 0.0426521 -0.999078 -0.00418486
-11.1676 0.551205 45.5163 0.0445854 -0.998999 -0.00370213
-12.6687 0.477239 45.8947 0.050166 -0.998731 -0.00386704
-13.7091 0.419598 46.1451 0.0555037 -0.998449 -0.00436654
-15.1055 0.338693 46.4258 0.059119 -0.998239 -0.00493682
-16.2628 0.268921 46.568 0.0590997 -0.998242 -0.00445436
-17.2055 0.212088 46.1577 0.0625713 -0.998036 -0.00268752
-17.6032 0.192596 44.6416 0.0631536 -0.997998 -0.00333663
-17.8351 0.18306 43.446 0.065032 -0.997872 -0.00468478
-18.1334 0.170519 42.3746 0.0642084 -0.997916 -0.00645846
-18.1523 0.175048 41.1461 0.065999 -0.997811 -0.00425014
-18.0318 0.189147 40.0033 0.0659249 -0.997809 -0.00549283
-17.9708 0.198743 38.8421 0.0660148 -0.997808 -0.0046669
-18.0662 0.199074 37.5387 0.0661174 -0.99779 -0.00667154
-18.1612 0.200612 36.2623 0.0680106 -0.997659 -0.00701624
-18.2553 0.205074 34.8164 0.0667434 -0.997745 -0.0070942
-18.4509 0.201208 33.6803 0.0658173 -0.997806 -0.00696076
-18.8178 0.188147 32.3786 0.0650753 -0.997827 -0.0101913
-18.8517 0.196754 31.2412 0.0661181 -0.997772 -0.00887961
-18.9291 0.206256 29.6225 0.064916 -0.997837 -0.0103487
-19.1214 0.2121 27.9501 0.0661549 -0.997753 -0.0105015
-19.307 0.212432 26.6724 0.0672443 -0.997676 -0.0109601
-19.6046 0.207707 25.2762 0.0667291 -0.997707 -0.0113173
-19.8609 0.206589 24.0849 0.0668607 -0.997665 -0.0139314
-19.9525 0.217172 22.8604 0.0644745 -0.997829 -0.0134473
-20.0824 0.222312 21.674 0.0668406 -0.997709 -0.0104504
-20.5318 0.204223 20.5258 0.0686992 -0.997565 -0.0120454
-20.3045 0.235618 19.2847 0.0689463 -0.997542 -0.0125016
-20.673 0.226382 18.1126 0.0707408 -0.997367 -0.0159796
-21.1499 0.2101 17.0173 0.0708074 -0.997362 -0.0159496
-21.5799 0.201624 15.7203 0.0703064 -0.997369 -0.0176408
-21.7822 0.20619 14.6504 0.0702263 -0.997377 -0.0175279
-21.8961 0.222896 13.3179 0.0707563 -0.997297 -0.0197843
-22.1055 0.233076 12.0056 0.0724267 -0.9972 -0.0185813
-22.0685 0.265893 10.4753 0.0728223 -0.997142 -0.0201085
-20.7675 0.375209 9.40681 0.0649246 -0.997657 -0.0215933
-19.7688 0.448704 8.86875 0.0626192 -0.997857 -0.0190058
-18.6828 0.524326 8.44397 0.0579888 -0.99813 -0.0190331
-17.5284 0.595961 7.98806 0.0548545 -0.998333 -0.0179729
-16.4774 0.658431 7.72572 0.0543947 -0.998353 -0.0182299
-15.142 0.729154 7.3414 0.0474185 -0.998747 -0.0160112
-13.7755 0.800214 6.7583 0.0440562 -0.998891 -0.0166083
-12.3605 0.86358 6.44106 0.0368973 -0.999219 -0.0141645
-11.1139 0.9083 6.42206 0.0292026 -0.999469 -0.0140641
-9.91737 0.936845 6.62743 0.0252075 -0.999555 -0.0158994
-8.83696 0.959246 6.81157 0.0235345 -0.999581 -0.0168393
-7.66129 0.980538 7.08029 0.0184209 -0.999707 -0.0155469
-6.58268 0.993895 7.32985 0.0161002 -0.999741 -0.0160759
-5.45013 1.00424 7.53219 0.00347337 -0.999896 -0.0140235
-4.21152 1.00696 7.64529 0.00489551 -0.999921 -0.0111061
-3.10539 1.00672 7.47298 -0.00269549 -0.999943 -0.0103711
-1.92692 1.00649 7.14424 -0.00852317 -0.999877 -0.0126057
-0.734883 1.00054 6.65735 -0.0111998 -0.999822 -0.0151956
0.38121 0.983936 6.24534 -0.020912 -0.999692 -0.0132734
1.98708 0.954531 5.66036 -0.0274564 -0.999562 -0.0110458
3.50706 0.914819 4.94259 -0.0339406 -0.999351 -0.0120956
4.9602 0.875906 3.96281 -0.0399903 -0.999105 -0.0132918
5.8177 0.849379 3.2476 -0.0452492 -0.998876 -0.0139651
6.80741 0.819021 2.10047 -0.0467242 -0.998803 -0.014449
7.33357 0.804189 1.13478 -0.059036 -0.998137 -0.0150763
7.87162 0.804854 -0.674961 -0.0570061 -0.998208 -0.0181401
7.7627 0.845853 -2.4956 -0.0594525 -0.998025 -0.0202184
7.4196 0.900008 -4.23051 -0.0556705 -0.998257 -0.0196146
6.81432 0.961269 -5.3868 -0.048875 -0.998585 -0.0209749
6.11656 1.01617 -6.37476 -0.0489907 -0.998491 -0.0245528
5.37222 1.07565 -7.46395 -0.0405102 -0.998937 -0.0219726
4.15009 1.14962 -8.66724 -0.0304412 -0.999173 -0.0269522
2.97063 1.20925 -9.63408 -0.0269946 -0.999332 -0.0246315
1.77075 1.26329 -10.5113 -0.0251601 -0.999345 -0.0259166
0.903149 1.29559 -11.1671 -0.0178478 -0.999533 -0.0248082
-0.531918 1.3393 -12.1439 -0.00954091 -0.999702 -0.0224888
-1.48777 1.36542 -12.8048 -0.00711581 -0.999629 -0.0261641
-2.36209 1.38811 -13.5369 -0.00452873 -0.999663 -0.0255688
-3.25465 1.37823 -12.913 -0.00054301 -0.999696 -0.0239244
-4.19598 1.38742 -13.5041 0.00606278 -0.999719 -0.0228818
-5.1079 1.39305 -14.1247 0.0134303 -0.999708 -0.0200718
-6.39914 1.39986 -15.2258 0.0145407 -0.999628 -0.0228809
-7.27369 1.39999 -15.8978 0.0180957 -0.999585 -0.0224037
-8.49546 1.39556 -16.7406 0.0221411 -0.999507 -0.0219823
-9.35562 1.39034 -17.5471 0.0261402 -0.999433 -0.0212344
-10.7382 1.37185 -18.7486 0.0334654 -0.999265 -0.0186889
-11.5908 1.36136 -19.6614 0.0357666 -0.999155 -0.0201692
-12.3953 1.35103 -20.6712 0.0375557 -0.99912 -0.0186778
-13.4437 1.32463 -21.6049 0.0446408 -0.998835 -0.0183077
-14.1736 1.30452 -22.3911 0.0462451 -0.998811 -0.0154324
-14.7393 1.2949 -23.4345 0.0469189 -0.998769 -0.0161156
-15.6241 1.27498 -24.9192 0.0483751 -0.998745 -0.0129292
-16.4129 1.24761 -26.0315 0.0557196 -0.998388 -0.00994015
-17.2728 1.20399 -26.7978 0.0596499 -0.998164 -0.0104679
-18.3931 1.14513 -27.5355 0.0610558 -0.998058 -0.0122619
-19.7704 1.0685 -28.2979 0.0619267 -0.998013 -0.0116165
-20.806 1.00783 -28.8962 0.0662783 -0.997756 -0.0094692
-21.7509 0.950114 -29.4264 0.0672535 -0.997694 -0.00908244
-22.5004 0.907041 -30.3729 0.0683571 -0.997627 -0.00817955
-23.1971 0.862534 -31.2178 0.0743302 -0.997212 -0.00664131
-24.1038 0.801019 -32.2813 0.0750855 -0.99716 -0.00586001
-24.9136 0.744111 -33.185 0.0760131 -0.997095 -0.00492058
-26.0407 0.662658 -34.6514 0.0783388 -0.996922 -0.00313797
-26.9275 0.596026 -35.7873 0.0793099 -0.996847 -0.00225811
-27.7342 0.533461 -36.5914 0.0795676 -0.996827 -0.00226257
-28.5657 0.468368 -37.4748 0.0800932 -0.996786 -0.00153727
-29.4851 0.395201 -38.5147 0.0811789 -0.996699 -0.00105316
-30.4609 0.316121 -39.7125 0.0818863 -0.996642 -0.000116571
-31.1633 0.258557 -40.573 0.0816957 -0.996657 1.78659e-05
-32.1372 0.177371 -41.9324 0.0818467 -0.996644 0.00101061
-32.4383 0.150778 -43.0626 0.0838349 -0.996479 0.000756986
-32.3607 0.156008 -44.445 0.0829249 -0.996555 0.00114537
-32.436 0.147914 -45.7853 0.081974 -0.996633 0.00101658
-32.6726 0.123806 -47.1802 0.082949 -0.996547 0.00372526
-32.8715 0.102453 -48.463 0.082949 -0.996547 0.00372526
-32.8911 0.0939292 -49.8027 0.0843748 -0.996419 0.00554832
-32.7016 0.105234 -50.8684 0.0869966 -0.996205 0.00250748
-32.4464 0.129235 -51.9535 0.0885935 -0.996063 -0.00324147
-32.5579 0.123334 -53.0753 0.0867818 -0.996221 -0.00360424
-32.212 0.158767 -54.485 0.0854527 -0.996339 -0.00264274
-32.2142 0.161447 -55.5661 0.0858302 -0.996308 -0.00180536
-32.2824 0.157314 -56.8158 0.0864814 -0.996252 -0.0019551
-32.1629 0.171673 -58.4909 0.0886387 -0.996059 -0.003165
-32.3576 0.158154 -59.6602 0.0885795 -0.996061 -0.00390486
-32.498 0.150955 -60.8974 0.088939 -0.996028 -0.00429856
-31.9401 0.209235 -62.1359 0.0891899 -0.995986 -0.00758239
-30.9763 0.298649 -62.813 0.0861696 -0.996252 -0.00749468
-29.9801 0.38981 -63.4735 0.0856696 -0.996296 -0.00745282
-28.5932 0.512807 -64.0804 0.0851293 -0.996343 -0.00733001
-27.4931 0.608079 -64.4841 0.0830476 -0.996523 -0.0067361
-26.3998 0.702018 -64.9146 0.082561 -0.996561 -0.00700075
-25.0466 0.817791 -65.3686 0.0818765 -0.996623 -0.00612934
-23.4067 0.951963 -65.7131 0.0802303 -0.996762 -0.00529546
-22.11 1.05548 -65.8983 0.0781078 -0.996932 -0.00513003
-20.7785 1.16053 -66.2562 0.0749474 -0.997177 -0.00450903
-19.6787 1.24463 -66.5739 0.0749831 -0.997174 -0.00456529
-18.5859 1.3272 -66.8563 0.0733568 -0.997296 -0.00431169
-17.1983 1.42584 -66.9385 0.0691769 -0.997595 -0.00418368
-15.5246 1.54005 -67.1795 0.064983 -0.997879 -0.00352591
-14.2947 1.61993 -67.4441 0.0638651 -0.997949 -0.00440289
-13.0895 1.69442 -67.4448 0.0608117 -0.998146 -0.00247957
-11.8657 1.76979 -67.5753 0.0612581 -0.99812 -0.00196045
-10.7289 1.83767 -67.6948 0.0586152 -0.99828 -0.00151002
-9.46194 1.91046 -67.786 0.0551816 -0.998475 -0.00138949
-7.89965 1.99444 -67.8321 0.0496268 -0.998766 -0.00212388
-6.38123 2.06975 -67.8069 0.0495747 -0.998768 -0.00219349
-5.30041 2.11878 -67.7885 0.0449863 -0.998987 -0.000592314
-4.16658 2.16885 -67.6778 0.0411619 -0.999147 -2.783e-05
-3.04874 2.21181 -67.525 0.0382043 -0.999269 0.00143113
-1.40847 2.27111 -67.3398 0.0353987 -0.999373 0.000136927
-0.0413177 2.31929 -67.2107 0.0324443 -0.99947 0.000702492
1.62103 2.3668 -66.9585 0.0267334 -0.999638 -0.00268685
3.11882 2.40419 -66.5936 0.0249637 -0.999686 -0.00158838
4.25142 2.42485 -66.2982 0.017178 -0.99985 -0.00240543
6.05176 2.44772 -65.8354 0.00982464 -0.999934 -0.00601497
7.22316 2.45682 -65.4521 0.00919661 -0.999939 -0.00614655
8.59529 2.46569 -64.9113 0.00430731 -0.999964 -0.00557471
9.91974 2.45861 -64.3408 -0.0032903 -0.999963 -0.0078899
11.0474 2.44908 -63.9024 -0.00651658 -0.999951 -0.00750242
12.7157 2.43041 -63.169 -0.0139083 -0.999827 -0.0108679
14.0962 2.39482 -62.4485 -0.0200844 -0.999683 -0.0150049
15.1195 2.36396 -61.9275 -0.0225731 -0.999631 -0.0150917
16.0672 2.33459 -61.4011 -0.0242445 -0.999544 -0.0177408
17.1665 2.28362 -60.6453 -0.0329383 -0.999257 -0.0200003
18.1228 2.2383 -60.0355 -0.0411003 -0.998874 -0.0227582
19.3605 2.16325 -59.3552 -0.0486736 -0.9985 -0.0250187
20.5129 2.087 -58.7123 -0.0519432 -0.9983 -0.026428
21.4813 2.01875 -58.168 -0.0588367 -0.997873 -0.0277023
22.5525 1.9331 -57.5805 -0.0665964 -0.997312 -0.0305686
23.6052 1.84584 -57.0272 -0.0666124 -0.997314 -0.0304528
24.5543 1.75358 -56.4619 -0.0767137 -0.996357 -0.0372577
26.1608 1.58545 -55.5556 -0.0869539 -0.995267 -0.043374
27.3158 1.44959 -54.8936 -0.0993363 -0.99379 -0.0501295
28.3531 1.31732 -54.3268 -0.0987741 -0.993957 -0.0478281
29.4258 1.17498 -53.7614 -0.108726 -0.992967 -0.0468472
30.4126 1.04507 -53.2979 -0.110305 -0.992746 -0.0477985
31.7244 0.863143 -52.6931 -0.11817 -0.991868 -0.0472667
32.8576 0.71256 -52.3888 -0.123341 -0.991237 -0.0470901
33.8416 0.554436 -51.892 -0.132686 -0.989601 -0.0555345
34.5047 0.410076 -50.9183 -0.134807 -0.989218 -0.0571979
34.7868 0.293135 -49.5731 -0.135275 -0.989081 -0.0584482
34.1171 0.303758 -48.2059 -0.133763 -0.989379 -0.0568878
33.83 0.255269 -46.7226 -0.133298 -0.989295 -0.059397
33.0647 0.266583 -45.1934 -0.132596 -0.989385 -0.0594584
32.2705 0.290092 -43.7408 -0.13548 -0.989081 -0.0580033
31.8795 0.266459 -42.4907 -0.133037 -0.989256 -0.0606043
31.7782 0.214966 -41.4272 -0.130995 -0.989704 -0.0576731
31.0382 0.267488 -40.6475 -0.130923 -0.989701 -0.0578925
29.9992 0.393448 -40.536 -0.122531 -0.990783 -0.0577511
28.6926 0.559604 -40.6518 -0.119768 -0.991139 -0.057429
27.1188 0.73115 -40.3827 -0.114534 -0.99197 -0.0536337
25.4987 0.887063 -39.9124 -0.107617 -0.992745 -0.0536248
24.1355 1.00855 -39.5002 -0.0983976 -0.993708 -0.0535031
23.0538 1.09485 -39.1138 -0.0966318 -0.993997 -0.0512246
21.3861 1.23611 -38.8556 -0.0911629 -0.994835 -0.0446484
19.4841 1.40206 -38.9213 -0.0846437 -0.995337 -0.0462671
17.7138 1.53469 -39.0537 -0.06677 -0.996832 -0.0432187
16.5787 1.61675 -39.1824 -0.0640739 -0.997093 -0.041065
14.7715 1.73741 -39.5569 -0.056989 -0.997515 -0.0414235
13.2116 1.80976 -39.5712 -0.046603 -0.998189 -0.038006
11.7419 1.87611 -39.6576 -0.0413539 -0.998502 -0.0356554
10.0175 1.93793 -39.4972 -0.0339764 -0.998905 -0.0321712
8.59624 1.97101 -39.2219 -0.0215904 -0.999365 -0.0282714
7.41415 1.98294 -38.8095 -0.0203388 -0.99934 -0.030099
6.22445 1.99412 -38.4227 -0.0156827 -0.999395 -0.0310385
4.74209 1.99395 -37.8401 -0.00463417 -0.999667 -0.0253438
3.4599 1.9837 -37.0594 -0.00622243 -0.999767 -0.0206871
2.56746 1.97183 -36.4537 0.000264465 -0.99979 -0.0204847
1.74501 1.95678 -35.7387 0.00560752 -0.999745 -0.0212143
0.86317 1.92768 -34.9109 0.00765234 -0.999653 -0.0250915
-0.0598242 1.8884 -33.4659 0.00545916 -0.999715 -0.023256
-0.458731 1.85801 -32.2837 0.00941845 -0.999676 -0.0236359
-0.89009 1.8128 -30.6 0.008986 -0.999657 -0.0246198
-0.836007 1.78977 -29.5092 0.00499545 -0.9997 -0.0236303
-0.285294 1.75641 -28.2119 0.00219288 -0.999699 -0.0243252
0.327289 1.72832 -27.2192 -0.00652889 -0.999653 -0.0255175
1.36273 1.69313 -26.1007 -0.0063365 -0.999658 -0.0253756
2.74015 1.64936 -25.0792 -0.0159869 -0.999447 -0.0291549
3.74349 1.61261 -24.4454 -0.0245032 -0.999184 -0.0319673
4.76536 1.56575 -23.8517 -0.0275212 -0.999125 -0.0314849
5.82038 1.51525 -23.1327 -0.0293892 -0.999106 -0.0302865
6.67045 1.45959 -22.3814 -0.0394621 -0.998642 -0.0338921
7.71465 1.39738 -21.7223 -0.0422457 -0.998546 -0.0333171
9.51218 1.28584 -20.981 -0.0539948 -0.997954 -0.0340631
10.7514 1.20258 -20.7044 -0.0607947 -0.997496 -0.036138
11.726 1.12505 -20.2349 -0.0626274 -0.997353 -0.0369433
12.9756 1.01216 -19.4136 -0.0684994 -0.996946 -0.0374728
13.9277 0.920624 -18.682 -0.0741956 -0.99655 -0.0366616
14.8965 0.80669 -17.767 -0.0819652 -0.995889 -0.0385708
15.9248 0.692259 -16.9929 -0.084593 -0.995607 -0.0399926
16.7537 0.588363 -16.3176 -0.0933925 -0.99483 -0.0398808
17.603 0.472602 -15.5125 -0.097322 -0.994429 -0.0404032
18.4135 0.362377 -14.7487 -0.101828 -0.99395 -0.041164
19.0996 0.231914 -13.1778 -0.101531 -0.994182 -0.0359579
18.8965 0.209836 -12.0551 -0.111073 -0.993097 -0.0376173
18.6629 0.186241 -10.7 -0.103201 -0.994088 -0.0336135
18.2206 0.186523 -9.19685 -0.101789 -0.994365 -0.0296041
17.747 0.203413 -8.10262 -0.0992883 -0.994625 -0.0292337
17.3262 0.201784 -6.61071 -0.0957879 -0.995032 -0.0271374
17.0678 0.189095 -5.28431 -0.104553 -0.99418 -0.025505
16.5854 0.196511 -3.67286 -0.093595 -0.995314 -0.024307
16.2816 0.198993 -2.42227 -0.0919112 -0.995575 -0.0195394
15.9479 0.2027 -1.07984 -0.0982885 -0.994965 -0.0193163
15.8583 0.191244 0.0550241 -0.0912848 -0.995663 -0.0179391
15.5647 0.199183 1.10838 -0.0916732 -0.995664 -0.0156275
15.5184 0.184722 2.5184 -0.0921766 -0.995663 -0.0126202
15.334 0.181267 4.21327 -0.0892582 -0.995913 -0.0134261
15.1706 0.177297 5.68379 -0.0873382 -0.996102 -0.0123229
14.9918 0.179964 6.99592 -0.0870149 -0.996173 -0.00821848
14.8014 0.184412 8.27037 -0.0864912 -0.996196 -0.0105743
14.7616 0.178621 9.69404 -0.0867091 -0.996229 -0.00297968
14.8282 0.167729 11.3723 -0.0828562 -0.996558 -0.00280028
14.8695 0.160744 12.8651 -0.0830022 -0.996548 -0.00183356
15.07 0.144605 13.9468 -0.080418 -0.996761 -5.94495e-05
15.3587 0.120606 14.9853 -0.0804039 -0.996723 -0.00885225
14.9847 0.151957 16.0567 -0.0810754 -0.996707 0.00157702
14.935 0.157928 17.276 -0.0809223 -0.996718 0.00216301
14.9001 0.163884 18.507 -0.0799258 -0.996798 0.00233717
15.0744 0.155549 20.0035 -0.0809414 -0.99671 0.00410283
15.0764 0.159485 21.131 -0.0825258 -0.996572 0.00546805
15.2316 0.156979 22.65 -0.0816232 -0.996628 0.0081889
15.3033 0.168363 24.3764 -0.0825879 -0.996536 0.00965028
15.5481 0.161328 25.5247 -0.0797554 -0.996754 0.0109548
15.8564 0.153739 26.8264 -0.0784697 -0.996813 0.0143664
16.0053 0.157388 27.9001 -0.07856 -0.996796 0.0149905
16.1784 0.161193 29.0215 -0.0779677 -0.996839 0.0152405
15.5517 0.228502 30.1754 -0.0742835 -0.997089 0.017049
14.6038 0.303675 30.7784 -0.0681622 -0.997541 0.0162828
13.3162 0.400894 31.5544 -0.0600942 -0.998032 0.0178838
12.1765 0.479815 32.1538 -0.0549471 -0.998336 0.0169815
11.1666 0.539258 32.617 -0.0496894 -0.998633 0.0161379
9.6398 0.617447 32.9993 -0.0464965 -0.998805 0.0150238
8.09881 0.685508 33.5152 -0.0348196 -0.999336 0.0107267
7.18628 0.724416 34.1778 -0.034557 -0.999353 0.00990462
6.21898 0.765173 35.1239 -0.0326413 -0.999421 0.00963371
5.48789 0.789586 35.9684 -0.0262574 -0.999648 0.00378353
4.36216 0.820948 36.8701 -0.0182656 -0.999831 0.00218384
3.35443 0.839926 37.3303 -0.0112145 -0.99992 0.00421308
2.34029 0.84989 38.0261 -0.0066723 -0.999966 0.00481237
1.41717 0.85903 38.6455 -0.00667982 -0.999966 0.00481927
0.442564 0.8613 39.3155 -0.00117825 -0.999999 0.00085034
-0.677962 0.859951 39.9968 0.00916133 -0.999958 0.000192887
-2.02839 0.846825 40.6881 0.0109486 -0.999936 -0.00201303
-2.92438 0.834214 41.3011 0.0136749 -0.999906 -0.000436745
-3.83477 0.820092 42.0463 0.0176694 -0.999839 -0.00214381
-4.66034 0.800762 42.996 0.0234752 -0.999715 -0.00423254
-5.51035 0.776918 43.9133 0.0253717 -0.99967 -0.00343
-6.97168 0.72422 44.8979 0.036111 -0.999338 -0.00403108
-7.99034 0.683186 45.47 0.0377911 -0.999277 -0.00419471
-9.06437 0.640401 45.9862 0.0399872 -0.999185 -0.00503481
-10.9597 0.555861 46.7541 0.0421866 -0.999092 -0.00588961
-12.4437 0.481356 47.0266 0.0489956 -0.998778 -0.00653382
-13.8002 0.409394 47.3195 0.0537031 -0.998537 -0.00580735
-14.8559 0.347603 47.5311 0.0586311 -0.998266 -0.00519798
-16.5508 0.246771 47.8123 0.0585966 -0.998274 -0.00400432
-17.6744 0.179312 48.0067 0.0613735 -0.998108 -0.0034274
-18.4262 0.134208 47.0219 0.0623435 -0.998053 -0.0016755
-18.5791 0.128486 44.961 0.0708318 -0.997481 -0.00385918
-18.7627 0.119823 43.8299 0.0705339 -0.997496 -0.00496367
-19.115 0.103128 42.4226 0.0691469 -0.997591 -0.00557829
-19.1251 0.110851 40.9912 0.0688112 -0.997613 -0.00581287
-18.9907 0.12616 39.7506 0.0670738 -0.997736 -0.00491575
-19.0209 0.132358 38.1202 0.0680249 -0.997672 -0.00466156
-19.1504 0.129431 36.9792 0.0679147 -0.997677 -0.00534587
-19.2777 0.128375 35.8052 0.0681066 -0.99764 -0.00868677
-19.3821 0.131107 34.6521 0.0675449 -0.997684 -0.00800838
-19.825 0.11405 32.9733 0.0687902 -0.997584 -0.00951048
-19.9858 0.117635 31.6383 0.0677617 -0.997648 -0.0101621
-19.9928 0.134754 29.8445 0.064916 -0.997837 -0.0103487
-20.1221 0.136912 28.7599 0.067177 -0.997682 -0.0108619
-20.2821 0.137071 27.656 0.06701 -0.997704 -0.00976747
-20.4198 0.139781 26.4578 0.0667291 -0.997707 -0.0113173
-20.8283 0.131637 24.837 0.0702222 -0.997447 -0.0123258
-21.1114 0.127358 23.7956 0.0659433 -0.997721 -0.0142843
-21.1597 0.139558 22.6648 0.066424 -0.997731 -0.0109412
-21.5221 0.128062 21.4144 0.066983 -0.997706 -0.00979767
-21.6005 0.129213 20.3407 0.0765067 -0.996965 -0.0143716
-21.4542 0.155381 19.2885 0.0763193 -0.996983 -0.014136
-21.8096 0.143616 18.1997 0.0759603 -0.996965 -0.0168563
-22.4393 0.123564 16.6986 0.0706303 -0.99736 -0.0168366
-22.7476 0.122375 15.5429 0.0703864 -0.997362 -0.0177536
-22.9588 0.128129 14.3781 0.0701092 -0.997376 -0.0180541
-22.9273 0.155535 13.0255 0.0703743 -0.997336 -0.0191823
-23.2104 0.15618 11.8498 0.0718801 -0.997259 -0.0175408
-23.5716 0.159408 10.3273 0.0726712 -0.997143 -0.0205949
-22.6884 0.241118 9.46298 0.0720296 -0.997212 -0.0195033
-21.6521 0.332184 8.63415 0.0715481 -0.997215 -0.0210093
-20.4489 0.424123 7.91839 0.0623976 -0.997871 -0.0189623
-19.3115 0.504431 7.46272 0.0608702 -0.997981 -0.0179559
-18.3183 0.570044 7.04425 0.0568836 -0.998225 -0.0174626
-17.1741 0.638043 6.7608 0.0536858 -0.998405 -0.0174283
-15.5353 0.727252 6.31382 0.0472404 -0.998749 -0.0163768
-13.9915 0.811949 5.55956 0.0430689 -0.998903 -0.0183541
-12.7305 0.866449 5.30407 0.0375041 -0.999192 -0.0144372
-11.4094 0.912973 5.2654 0.0318205 -0.99942 -0.0121674
-9.96761 0.953385 5.50797 0.0252074 -0.999555 -0.0158994
-8.43517 0.983515 5.78119 0.0211541 -0.999679 -0.0139301
-6.58872 1.01104 6.14145 0.0136054 -0.999808 -0.0140777
-5.0306 1.01993 6.45432 0.00171019 -0.999929 -0.0117772
-3.91972 1.02015 6.48787 -0.00117988 -0.999938 -0.0110546
-2.73122 1.02028 6.23756 -0.00438638 -0.999929 -0.010958
-1.64927 1.01826 5.80772 -0.00569994 -0.999921 -0.011129
-0.179872 1.01013 5.20588 -0.0137528 -0.999869 -0.0085368
1.44989 0.981122 4.58943 -0.0273507 -0.999555 -0.0118992
2.45599 0.958119 4.2256 -0.0300833 -0.999483 -0.011331
3.78216 0.924296 3.52893 -0.0352935 -0.999296 -0.0126035
5.42471 0.884084 2.06497 -0.042085 -0.998986 -0.0153274
6.09925 0.865975 1.13289 -0.0465351 -0.998815 -0.014272
6.62916 0.867049 -0.162691 -0.05151 -0.998486 -0.0184347
6.80655 0.880856 -1.50963 -0.0512517 -0.998553 -0.0162579
6.49775 0.932647 -3.35949 -0.0520542 -0.998403 -0.0219274
6.11548 0.974144 -4.44047 -0.0412856 -0.998901 -0.0220173
5.2905 1.03601 -5.60325 -0.0402402 -0.998887 -0.0245958
4.66844 1.07929 -6.54106 -0.0348231 -0.999142 -0.0222299
3.92665 1.12575 -7.38212 -0.0341714 -0.999102 -0.0250555
3.04698 1.17202 -8.16099 -0.0279001 -0.999345 -0.022539
2.1592 1.20821 -8.82087 -0.0235546 -0.999397 -0.0254465
1.03206 1.25777 -9.67515 -0.0204889 -0.999468 -0.0251122
0.0299104 1.29243 -10.4117 -0.01775 -0.999556 -0.0239154
-1.04081 1.32067 -11.1066 -0.00893856 -0.999698 -0.0229009
-2.38766 1.35518 -12.1751 -0.00619225 -0.999744 -0.0217666
-2.43129 1.35634 -12.2158 -0.0062999 -0.99972 -0.0227932
-3.11778 1.34147 -11.42 -0.00232262 -0.999686 -0.0249573
-4.17723 1.35789 -12.2227 0.00365162 -0.999799 -0.0196956
-5.15967 1.36494 -12.7629 0.00386006 -0.999798 -0.0197167
-6.1677 1.36841 -13.5964 0.0129745 -0.999721 -0.019729
-7.05746 1.36808 -14.2913 0.0173667 -0.999697 -0.0174515
-8.0774 1.36415 -14.9476 0.0180959 -0.999585 -0.0224037
-9.20354 1.3579 -15.8562 0.0255626 -0.999429 -0.0220885
-10.0267 1.35308 -16.6204 0.0264354 -0.999426 -0.0212008
-11.0862 1.33817 -17.5705 0.0330656 -0.999267 -0.0192681
-12.0054 1.32174 -18.4411 0.0386699 -0.999063 -0.0194264
-13.1261 1.30572 -19.7675 0.0376841 -0.999093 -0.0198237
-14.3174 1.27347 -20.9359 0.044412 -0.998854 -0.0178411
-15.2239 1.24869 -21.9732 0.0488717 -0.998663 -0.0167769
-15.9029 1.23691 -23.2545 0.0519097 -0.998502 -0.0167075
-16.6615 1.21459 -24.5323 0.0564044 -0.998298 -0.0148085
-17.5275 1.17616 -25.5896 0.0600057 -0.998141 -0.0106654
-18.5562 1.12314 -26.3586 0.058797 -0.998219 -0.0101098
-19.7864 1.05319 -26.9699 0.0618186 -0.998044 -0.00925677
-20.7104 1.00167 -27.5776 0.0650549 -0.997834 -0.0096613
-22.1217 0.914847 -28.4043 0.0675616 -0.997661 -0.0104369
-23.3182 0.84319 -29.7127 0.0707227 -0.997443 -0.0102444
-24.1744 0.785992 -30.6631 0.0742764 -0.997217 -0.00644008
-24.9289 0.733651 -31.4254 0.0753977 -0.997137 -0.00580343
-25.9225 0.663369 -32.4596 0.0766412 -0.997047 -0.00489636
-26.9271 0.59089 -33.8774 0.0784265 -0.996916 -0.0028998
-27.4907 0.549363 -34.8445 0.079211 -0.996857 -0.00162954
-28.3667 0.481122 -35.5896 0.0791376 -0.996862 -0.0017303
-29.2457 0.411609 -36.451 0.0808247 -0.996727 -0.00163504
-30.3779 0.321271 -37.6112 0.0812333 -0.996694 -0.00128636
-31.0658 0.266409 -38.5251 0.0816557 -0.996661 -0.000129508
-31.8153 0.205127 -39.477 0.0816956 -0.996657 1.78186e-05
-32.5385 0.145709 -40.5136 0.0816967 -0.996657 0.000105403
-33.2104 0.0881343 -41.3514 0.0827591 -0.996565 0.00263382
-33.7005 0.0448956 -42.6554 0.083835 -0.996479 0.000757125
-33.5202 0.0599828 -43.8549 0.0836239 -0.996497 -6.00551e-06
-33.5011 0.0611415 -44.9444 0.0832789 -0.99652 -0.00363983
-33.6316 0.047515 -46.4981 0.082086 -0.996616 0.0042291
-33.6015 0.0447392 -47.7169 0.0821361 -0.996614 0.00376453
-33.6348 0.0360447 -49.0168 0.0818459 -0.99663 0.00544792
-33.5821 0.0335559 -50.1588 0.0841259 -0.996439 0.00571036
-33.4981 0.0346191 -51.2872 0.0863755 -0.996255 0.00361021
-33.527 0.0360834 -52.5404 0.0866644 -0.996224 -0.00513382
-33.5541 0.0396427 -53.6893 0.0866644 -0.996224 -0.00513382
-33.4457 0.0543404 -55.007 0.0858301 -0.996308 -0.00180512
-33.3252 0.0653695 -56.1048 0.0873955 -0.996174 -8.0819e-05
-33.4704 0.0531106 -57.2707 0.0879268 -0.996126 -0.00121546
-33.2383 0.0754664 -58.3301 0.0884293 -0.996077 -0.00333815
-33.4285 0.0625495 -59.4458 0.0882201 -0.996095 -0.00351122
-33.6543 0.0475153 -60.8536 0.0885795 -0.996061 -0.00390485
-33.4855 0.0695818 -61.9862 0.0897933 -0.995938 -0.00666493
-32.6453 0.154896 -62.9708 0.0862429 -0.996188 -0.0131102
-31.6367 0.249021 -63.6185 0.0843304 -0.996386 -0.0101175
-30.6876 0.337173 -64.3843 0.0843275 -0.996386 -0.0101519
-28.9628 0.49063 -65.1453 0.0843846 -0.996385 -0.00980581
-27.4213 0.623653 -65.6556 0.082561 -0.996554 -0.00801663
-26.0633 0.739962 -66.2207 0.0820058 -0.996592 -0.00886607
-25.0333 0.826592 -66.5456 0.0801501 -0.996755 -0.0074476
-23.9322 0.916581 -66.7724 0.0799143 -0.996773 -0.00750762
-22.8471 1.00329 -66.8614 0.0770639 -0.997005 -0.00655366
-21.3267 1.12416 -67.3255 0.0765235 -0.997055 -0.00481088
-20.031 1.22334 -67.6996 0.0750187 -0.997171 -0.00462146
-18.7063 1.32301 -68.033 0.0724234 -0.99737 -0.00290943
-17.5623 1.40469 -68.114 0.0684327 -0.997649 -0.00363909
-16.503 1.47803 -68.2317 0.0674443 -0.997718 -0.00296425
-15.3831 1.55294 -68.5046 0.065993 -0.997818 -0.00218042
-14.1895 1.63069 -68.6886 0.0617791 -0.998086 -0.00290025
-12.9838 1.70434 -68.6183 0.0603654 -0.998172 -0.00299879
-11.7989 1.77622 -68.6901 0.0606487 -0.998151 -0.00383178
-10.5767 1.84802 -68.7535 0.0584784 -0.998288 -0.00118132
-9.53459 1.90839 -68.8776 0.0569202 -0.998378 -0.00103257
-7.76148 2.00359 -68.9383 0.0496787 -0.998763 -0.00205417
-6.66083 2.05832 -68.8548 0.0479615 -0.99884 -0.00354581
-5.11775 2.12846 -68.8448 0.0454204 -0.998964 -0.00291253
-3.95758 2.17615 -68.7408 0.0383583 -0.999264 -0.00062812
-2.89463 2.21692 -68.6242 0.0383856 -0.999263 -0.000586712
-1.31689 2.27381 -68.3884 0.0350439 -0.999386 0.000328641
-0.0643072 2.31777 -68.3105 0.0324442 -0.99947 0.000702773
1.12547 2.35304 -68.1631 0.0293885 -0.999567 0.00163884
2.19075 2.3824 -67.947 0.0243186 -0.999704 -0.000642139
3.25034 2.40766 -67.7299 0.0200524 -0.999799 5.00442e-05
4.88785 2.43832 -67.3527 0.0154694 -0.999877 -0.00202802
6.17392 2.45573 -66.9675 0.0119467 -0.999917 -0.00385737
7.50106 2.46636 -66.6202 0.00942429 -0.999938 -0.00592373
9.02216 2.47069 -65.9892 -0.000354482 -0.999989 -0.00478014
10.0843 2.46699 -65.4724 -0.00487414 -0.999957 -0.00766424
11.4074 2.45422 -64.903 -0.00662888 -0.999951 -0.0073013
12.6194 2.43991 -64.4837 -0.00963354 -0.999916 -0.00843364
13.6193 2.42663 -63.9778 -0.0139081 -0.999827 -0.0108681
14.8014 2.39273 -63.3742 -0.0223502 -0.999641 -0.0147722
16.0625 2.35363 -62.6537 -0.0226313 -0.99963 -0.0150887
16.9806 2.31579 -62.0672 -0.0331178 -0.999317 -0.0163611
18.0166 2.26921 -61.3941 -0.033769 -0.999282 -0.0172086
19.3015 2.19301 -60.5336 -0.0485717 -0.998568 -0.0224063
20.2989 2.13277 -59.9912 -0.0519532 -0.998252 -0.0281582
21.365 2.06401 -59.5501 -0.0584945 -0.997909 -0.0275097
23.0223 1.93141 -58.5488 -0.0648851 -0.997477 -0.0286972
24.131 1.8395 -58.0786 -0.0711011 -0.997053 -0.0288244
25.186 1.7416 -57.4729 -0.0761363 -0.996549 -0.0330548
26.6045 1.59211 -56.6144 -0.0891984 -0.99517 -0.0408968
27.5851 1.47849 -56.0494 -0.103284 -0.993568 -0.0464185
28.485 1.35667 -55.4456 -0.103669 -0.993532 -0.0463435
29.4469 1.23168 -54.9475 -0.107905 -0.992863 -0.0507839
30.4976 1.09336 -54.4753 -0.107747 -0.992878 -0.0508237
31.5576 0.943988 -53.9581 -0.117634 -0.991702 -0.0518584
32.657 0.789318 -53.4793 -0.12334 -0.991237 -0.0470894
34.3408 0.552546 -53.0511 -0.130118 -0.990176 -0.0509081
35.2599 0.373391 -52.0983 -0.13585 -0.989174 -0.0554942
36.0296 0.203172 -50.9822 -0.136348 -0.989005 -0.0572502
36.3781 0.0898201 -49.8825 -0.138727 -0.988608 -0.0583808
35.5715 0.141804 -48.8405 -0.137427 -0.988884 -0.0567675
35.1231 0.138904 -47.7208 -0.136237 -0.989008 -0.0574623
34.8522 0.0907375 -46.3657 -0.132938 -0.989006 -0.0647647
34.0562 0.0917369 -44.6785 -0.14232 -0.987883 -0.0618185
33.4448 0.114798 -43.5708 -0.140999 -0.988463 -0.0551359
32.9879 0.121866 -42.57 -0.134417 -0.989077 -0.060486
32.7858 0.0735881 -41.3207 -0.134581 -0.989103 -0.0596874
32.0772 0.0923598 -40.0119 -0.13234 -0.989503 -0.0580452
31.2305 0.165983 -39.352 -0.129386 -0.989849 -0.0587904
29.9927 0.322323 -39.2932 -0.127921 -0.989838 -0.0621061
28.8793 0.473001 -39.5215 -0.120042 -0.991298 -0.0540085
27.8266 0.591402 -39.3405 -0.118268 -0.991449 -0.055087
26.7744 0.704413 -39.1676 -0.114411 -0.991782 -0.0572365
25.5538 0.819833 -38.7559 -0.113632 -0.99178 -0.0588314
24.3102 0.930232 -38.3669 -0.100055 -0.993701 -0.0503497
22.7184 1.06201 -37.8174 -0.0949281 -0.994226 -0.0500234
21.5723 1.16584 -37.7071 -0.0949461 -0.994215 -0.050224
20.4944 1.26579 -37.8309 -0.0842337 -0.995382 -0.0460468
19.1953 1.367 -37.7282 -0.0766739 -0.996051 -0.0447657
18.1389 1.45664 -37.9102 -0.0718608 -0.996337 -0.0459966
16.5622 1.57582 -38.1344 -0.07023 -0.996836 -0.037236
15.0798 1.66806 -38.2851 -0.0563617 -0.997694 -0.0378234
13.7014 1.7475 -38.4822 -0.0467297 -0.99829 -0.0351318
12.6081 1.80317 -38.6085 -0.0456288 -0.998343 -0.0350521
11.4919 1.85155 -38.5717 -0.043651 -0.998475 -0.0337569
10.1697 1.89816 -38.4232 -0.0340045 -0.998906 -0.0321151
9.09473 1.93317 -38.3747 -0.0340082 -0.998904 -0.0321484
7.85587 1.94436 -37.8067 -0.0202916 -0.999362 -0.0293817
6.50736 1.95928 -37.4441 -0.0154934 -0.999467 -0.0286328
5.28974 1.96298 -36.8743 -0.015304 -0.999539 -0.0262273
4.07687 1.95983 -36.2123 -0.0102714 -0.999605 -0.0261513
3.12471 1.95484 -35.6005 -0.00451327 -0.999742 -0.0215634
2.24249 1.93255 -34.6824 0.00539687 -0.999626 -0.0268075
1.42332 1.90824 -33.9654 0.00765256 -0.999653 -0.0250915
0.760262 1.87016 -32.6254 -0.0002421 -0.999548 -0.0300761
0.204753 1.82873 -31.0287 -0.0020811 -0.999711 -0.0239392
0.105639 1.80291 -29.9812 -0.00469887 -0.99963 -0.0268042
0.555269 1.77103 -28.869 -0.00472771 -0.999631 -0.0267414
1.15099 1.74104 -27.8776 -0.00506355 -0.999612 -0.0274067
1.86971 1.7136 -27.0916 -0.00943103 -0.99961 -0.0262347
3.24124 1.66861 -26.0139 -0.0159869 -0.999447 -0.029155
4.24611 1.62829 -25.3234 -0.0266829 -0.999016 -0.035415
5.42942 1.57906 -24.8218 -0.0264558 -0.999024 -0.0353709
6.47392 1.5301 -24.3277 -0.0319063 -0.999045 -0.0298597
7.47573 1.4578 -23.1893 -0.039044 -0.998563 -0.0367099
8.32344 1.39821 -22.5294 -0.0466963 -0.998307 -0.0346679
9.53294 1.32201 -22.0882 -0.049591 -0.998059 -0.0376715
10.7125 1.24928 -21.8727 -0.0591263 -0.997471 -0.0394524
12.1906 1.14197 -21.4777 -0.0645656 -0.997123 -0.0397196
13.2887 1.03824 -20.6478 -0.0690818 -0.996864 -0.0385918
14.3877 0.925189 -19.8061 -0.0795818 -0.996043 -0.0394677
15.1717 0.834803 -19.0776 -0.0812197 -0.99598 -0.0377701
16.1573 0.717879 -18.2241 -0.0892158 -0.995328 -0.0369262
17.2367 0.585172 -17.3693 -0.0933938 -0.994832 -0.0398448
18.2358 0.449076 -16.425 -0.104248 -0.99377 -0.03942
19.0963 0.324138 -15.5707 -0.105722 -0.993608 -0.0395441
19.9209 0.207888 -14.8277 -0.105581 -0.993668 -0.0384197
20.6627 0.0745793 -13.5041 -0.108313 -0.993361 -0.0387474
20.2626 0.0752927 -12.4584 -0.106256 -0.993498 -0.0408935
19.8499 0.0650835 -11.0199 -0.11071 -0.993359 -0.0309258
19.7037 0.0492273 -9.80857 -0.109259 -0.993668 -0.0261883
19.1959 0.0707154 -8.67147 -0.103323 -0.994243 -0.0283529
18.5951 0.0992378 -7.53401 -0.102919 -0.994219 -0.0305859
18.3657 0.0901788 -6.46643 -0.102941 -0.994219 -0.0305407
18.2163 0.0615185 -5.01943 -0.104553 -0.99418 -0.025505
17.8655 0.0751006 -3.83522 -0.0977349 -0.995007 -0.0202119
17.4991 0.0840403 -2.65233 -0.0971254 -0.994987 -0.0238294
17.1622 0.0884854 -1.37536 -0.0982886 -0.994965 -0.0193164
17.0832 0.0781253 -0.247324 -0.0974841 -0.995109 -0.0159635
16.9228 0.0757355 0.876618 -0.097212 -0.995132 -0.0161605
16.7994 0.0699849 2.03717 -0.0970481 -0.995172 -0.0146262
16.6509 0.0692132 3.10331 -0.0957761 -0.995318 -0.0130307
16.3953 0.0804305 4.12556 -0.0957636 -0.995319 -0.0129797
16.2915 0.0735418 5.60717 -0.097339 -0.9952 -0.0100614
16.1622 0.0791969 6.8381 -0.0900729 -0.995908 -0.00627118
16.115 0.0741409 7.96276 -0.0861752 -0.996228 -0.0099955
16.0698 0.066892 9.11627 -0.0864274 -0.996252 -0.00354281
16.0787 0.0620669 10.3353 -0.0865623 -0.996244 -0.00217094
15.9418 0.0720699 11.702 -0.0901913 -0.995909 -0.00353266
16.0027 0.0667968 13.0433 -0.0852746 -0.996357 0.000508382
16.1578 0.054218 14.1211 -0.0845662 -0.996417 0.00145417
16.2916 0.0430222 15.2476 -0.0811767 -0.996678 -0.00302457
16.232 0.050892 16.309 -0.0815088 -0.99667 0.00217981
16.0542 0.0683029 17.6648 -0.0807692 -0.996729 0.00274908
15.9045 0.0800032 18.8451 -0.089979 -0.99593 0.000551415
16.1855 0.060881 19.898 -0.0880166 -0.996104 0.00540232
16.2543 0.0622356 21.3544 -0.0873284 -0.996168 0.00488718
16.4301 0.0566793 22.5475 -0.0836975 -0.996455 0.00850202
16.3614 0.0735206 23.6946 -0.0826389 -0.996527 0.0102508
16.5172 0.0719453 24.7971 -0.082633 -0.996527 0.0102506
16.6916 0.0724638 25.8906 -0.081406 -0.99656 0.0155263
17.1458 0.056836 27.2638 -0.081498 -0.99655 0.0156701
17.2592 0.0668282 28.5972 -0.0851967 -0.996245 0.0154058
17.5533 0.0759197 30.3176 -0.080375 -0.996611 0.0174452
16.71 0.155896 31.0223 -0.07763 -0.996814 0.0182404
15.4984 0.255348 31.6465 -0.0722973 -0.997262 0.0155718
14.3702 0.344661 32.2904 -0.0686572 -0.997501 0.0166949
12.9497 0.449336 33.078 -0.0591165 -0.998114 0.0165222
11.6073 0.534482 33.7267 -0.0484929 -0.998704 0.0154467
10.474 0.592385 33.948 -0.046045 -0.998851 0.0133228
8.89353 0.665695 34.249 -0.0396774 -0.99914 0.0110107
7.88162 0.707413 34.9325 -0.0342945 -0.99937 0.00908255
7.06406 0.742549 35.6972 -0.0331157 -0.999386 0.0114486
6.23955 0.776447 36.754 -0.0276957 -0.999587 0.00733916
5.10722 0.809293 37.7655 -0.0186416 -0.999811 0.00479851
3.8819 0.836635 38.3096 -0.0190177 -0.999792 0.00741315
3.01004 0.84962 38.9013 -0.00837538 -0.999954 0.00436879
2.14022 0.8585 39.5376 -0.00668722 -0.999966 0.00482615
1.09484 0.861289 40.2172 -0.00117904 -0.999999 0.000788408
-0.17713 0.864877 41.0776 0.000485734 -0.999998 0.00190863
-1.25672 0.857346 41.7258 0.0142358 -0.999899 -0.000349002
-2.22236 0.843432 42.1763 0.0139653 -0.999902 -0.000394323
-3.11364 0.82948 42.811 0.0155209 -0.999877 -0.00236224
-3.88706 0.815628 43.6192 0.0158151 -0.999873 -0.00171414
-4.77311 0.790651 44.7795 0.0235036 -0.999715 -0.00414167
-5.62481 0.761916 45.5543 0.0300996 -0.99953 -0.00524923
-6.78396 0.72616 46.1541 0.0336291 -0.999418 -0.0035936
-8.29314 0.665595 46.9326 0.0379083 -0.999273 -0.0041097
-9.73028 0.60282 47.593 0.0421899 -0.999092 -0.00590428
-10.8942 0.551484 47.9627 0.0423961 -0.999083 -0.00591737
-12.2054 0.485999 48.1036 0.0491773 -0.99877 -0.0063675
-13.5684 0.414942 48.3857 0.0510991 -0.998682 -0.0047663
-14.8541 0.342818 48.6384 0.0572113 -0.998346 -0.00538948
-16.3286 0.255243 48.9337 0.0583665 -0.998287 -0.00416423
-17.9453 0.157266 49.3157 0.060603 -0.998153 -0.0042684
-19.0172 0.0919101 49.3207 0.0619629 -0.998069 -0.00424331
-19.7959 0.0450123 48.9105 0.0618763 -0.998082 -0.00178748
-19.6089 0.0560516 47.755 0.0681851 -0.997666 0.00316073
-19.5253 0.0586254 46.366 0.0700297 -0.997542 0.00235363
-19.7206 0.0470282 45.1057 0.0701981 -0.997528 -0.0031183
-19.8668 0.0439721 43.519 0.0702361 -0.997512 -0.00606802
-20.1225 0.0357447 41.6896 0.0751254 -0.99714 -0.00823033
-20.079 0.0483278 40.4248 0.0692904 -0.997582 -0.00539726
-20.0792 0.0548082 39.144 0.06896 -0.99761 -0.00428408
-20.2075 0.0497957 37.7547 0.0705083 -0.99751 -0.00134089
-20.2666 0.0508351 36.5962 0.0743299 -0.997193 -0.00899685
-20.5289 0.0417541 35.5373 0.0710757 -0.997429 -0.00896347
-20.6061 0.0483823 34.382 0.070365 -0.997464 -0.0107017
-21.03 0.0335445 32.7017 0.0687903 -0.997584 -0.00951035
-21.1319 0.0385433 31.6256 0.068167 -0.997607 -0.0115975
-21.1701 0.0484561 30.548 0.0681669 -0.997607 -0.0115974
-21.2092 0.057083 29.445 0.067366 -0.997684 -0.00937595
-21.415 0.0623242 27.5184 0.068924 -0.997587 -0.00787133
-21.4458 0.066247 26.3964 0.0714596 -0.997427 -0.00578665
-22.0857 0.0447086 24.6269 0.0689202 -0.997468 -0.0173907
-22.4782 0.0452377 23.1598 0.0661699 -0.997644 -0.018136
-22.693 0.0402773 22.0788 0.0740984 -0.997243 -0.00409598
-22.6163 0.0510742 20.8362 0.0741055 -0.997242 -0.00409561
-22.516 0.0676893 19.7343 0.0764987 -0.996966 -0.0143529
-23.0124 0.049301 18.3578 0.0759603 -0.996965 -0.0168562
-23.5207 0.0488702 16.6836 0.0692871 -0.997332 -0.0229971
-23.9975 0.041837 15.1579 0.0705895 -0.997369 -0.0163918
-24.0789 0.0548681 13.9249 0.071761 -0.997305 -0.0152726
-24.0378 0.0784844 12.7741 0.0738162 -0.997107 -0.0181242
-24.3851 0.0715817 11.7556 0.0742947 -0.997071 -0.018147
-25.0383 0.0441456 10.5458 0.0748166 -0.997039 -0.0177668
-24.7524 0.0855046 9.55758 0.0764415 -0.996869 -0.0202132
-23.8577 0.167945 8.92704 0.0735687 -0.997042 -0.0221278
-22.8862 0.254327 8.18714 0.0716381 -0.997186 -0.0220746
-22.0155 0.330748 7.40516 0.069485 -0.99741 -0.0186024
-20.7074 0.430154 6.75378 0.063323 -0.997808 -0.0192332
-19.3161 0.525952 6.20255 0.0580109 -0.998107 -0.0204107
-18.0985 0.603278 5.87849 0.0577872 -0.998131 -0.0198745
-16.9934 0.66634 5.65758 0.0517115 -0.998467 -0.0197614
-15.8088 0.734166 5.22768 0.0485538 -0.998637 -0.019155
-14.9333 0.788141 4.61563 0.047745 -0.998697 -0.01802
-13.4249 0.857383 4.12746 0.0394115 -0.999113 -0.0147262
-12.3004 0.89983 4.12154 0.0377116 -0.999181 -0.0146767
-10.7354 0.949628 4.25194 0.0319339 -0.999348 -0.0168655
-9.47103 0.978394 4.51687 0.0202569 -0.999695 -0.0140216
-8.17862 1.00272 4.75819 0.0210016 -0.999699 -0.0126557
-6.87003 1.02458 4.90812 0.0157807 -0.999788 -0.0130086
-5.51612 1.03247 5.13222 0.00482517 -0.999945 -0.00934662
-3.97281 1.03218 5.40515 -0.00117982 -0.999938 -0.0110545
-2.78981 1.03277 5.13529 -0.00543468 -0.999913 -0.0120424
-1.72149 1.03224 4.69866 -0.00548413 -0.999911 -0.0121351
-0.751617 1.02801 4.23342 -0.0137661 -0.999789 -0.015252
0.215279 1.02159 3.77666 -0.0138926 -0.99979 -0.0150752
1.84688 0.988743 3.14391 -0.0287244 -0.999514 -0.0120208
2.88097 0.961326 2.84246 -0.0280924 -0.999455 -0.0173463
4.29555 0.934473 1.5858 -0.037635 -0.999157 -0.0163829
5.04911 0.919696 0.809585 -0.0368801 -0.999085 -0.0216781
5.49049 0.922369 -0.317742 -0.0456743 -0.998764 -0.0196274
5.70041 0.932961 -1.39897 -0.0456155 -0.99879 -0.0183719
5.5742 0.957485 -2.45176 -0.0434206 -0.998878 -0.0188165
5.02389 1.00524 -3.66149 -0.0424901 -0.998902 -0.0197347
4.24869 1.06522 -5.05527 -0.0424616 -0.998909 -0.0194242
3.70226 1.10395 -6.04439 -0.0354748 -0.999182 -0.0194042
2.88605 1.14696 -6.87416 -0.0245997 -0.999512 -0.0192284
1.61241 1.19723 -7.80882 -0.0234568 -0.999456 -0.0231738
0.580827 1.2392 -8.58562 -0.0195464 -0.999466 -0.0261675
-0.28324 1.26794 -9.26516 -0.0124277 -0.999577 -0.0262837
-1.22686 1.29451 -9.87445 -0.00907636 -0.999709 -0.0223631
-2.13253 1.31682 -10.5046 -0.00739241 -0.999714 -0.0226706
-2.75647 1.33048 -11.0137 -0.00232251 -0.999686 -0.0249573
-16.8498 0.239681 44.805 0.0632641 -0.997989 -0.00406831
-16.2195 0.277055 45.4375 0.0613742 -0.998104 -0.00454968
-14.2884 0.393151 44.8519 0.0555399 -0.998446 -0.00448233
-15.9613 0.304894 43.174 0.0606469 -0.998139 -0.00641076
-17.6379 0.207602 41.4913 0.0652342 -0.997858 -0.00490848
-17.4338 0.2327 39.1733 0.0659485 -0.997812 -0.00470712
-15.7097 0.334439 40.9038 0.0605982 -0.998144 -0.00611671
-13.7924 0.428572 42.8266 0.0547188 -0.998486 -0.00560644
-12.065 0.512038 44.5583 0.0522414 -0.998626 -0.00419387
-11.8194 0.52412 44.8045 0.0501661 -0.998733 -0.00386706
-9.86421 0.615335 44.241 0.0426522 -0.999081 -0.00418487
-11.8964 0.533243 42.205 0.0484489 -0.998787 -0.00881624
-13.6404 0.454173 40.4566 0.0562902 -0.998392 -0.00666183
-15.4231 0.363632 38.6688 0.0580372 -0.998296 -0.00614302
-17.0351 0.27043 37.051 0.0654673 -0.997835 -0.00632916
-17.3123 0.254005 36.7727 0.0654673 -0.997835 -0.00632922
-17.7489 0.246152 33.812 0.0649785 -0.99787 -0.00582108
-15.8547 0.355133 35.7133 0.0632235 -0.997972 -0.00735979
-14.1366 0.442705 37.4366 0.0541425 -0.998514 -0.00623999
-12.2533 0.536766 39.3251 0.0531784 -0.99858 -0.00330628
-10.1743 0.617209 41.4081 0.043203 -0.999025 -0.0091211
-8.22353 0.684355 43.3618 0.0405903 -0.999162 -0.00520724
-8.11578 0.688395 43.4697 0.0391094 -0.999227 -0.0040835
-6.95144 0.738889 42.1133 0.0363727 -0.999321 -0.00594872
-9.05074 0.671715 40.0112 0.0382341 -0.999259 -0.00433774
-11.3397 0.587976 37.7183 0.0450572 -0.998981 -0.00273885
-13.4308 0.494368 35.6221 0.0507339 -0.998694 -0.00601957
-15.5019 0.39022 33.5448 0.0615633 -0.998077 -0.00723086
-17.1594 0.299591 31.8815 0.0626724 -0.997998 -0.00844785
-18.1428 0.246485 30.8946 0.0641273 -0.997904 -0.00868803
-18.1074 0.273345 28.4079 0.0651289 -0.997814 -0.0112065
-16.4295 0.360763 30.0918 0.0627197 -0.997975 -0.0106314
-14.8109 0.439052 31.7154 0.056746 -0.998367 -0.00651416
-12.7972 0.537838 33.7349 0.052503 -0.998598 -0.00673375
-10.7637 0.619072 35.7728 0.042591 -0.999088 -0.00307387
-9.164 0.677111 37.3754 0.0356761 -0.99935 -0.00514422
-7.5125 0.732836 39.0294 0.0301906 -0.999532 -0.00491784
-5.84102 0.775169 40.7026 0.0256862 -0.999666 -0.00278091
-5.32976 0.786882 41.2143 0.0262047 -0.999655 -0.00158843
-4.13302 0.819319 39.8899 0.0181818 -0.999832 -0.00218276
-6.03097 0.780809 37.9903 0.0247594 -0.999692 -0.0013947
-7.99195 0.726716 36.027 0.0326207 -0.999454 -0.00528627
-9.83114 0.665716 34.1847 0.0418924 -0.999102 -0.00628342
-12.0855 0.579944 31.9257 0.0456839 -0.998934 -0.00667543
-14.0287 0.496821 29.9775 0.0543729 -0.998484 -0.00854658
-15.7231 0.421565 28.2783 0.0592827 -0.99819 -0.0101225
-17.8388 0.314451 26.1555 0.0619051 -0.998019 -0.0112083
-18.8444 0.259535 25.1461 0.0659014 -0.997764 -0.0111263
-19.3669 0.265419 22.0996 0.0667159 -0.997711 -0.0110647
-17.7411 0.345271 23.7312 0.0605981 -0.9981 -0.0111415
-15.6572 0.450374 25.8223 0.0591137 -0.998204 -0.00967714
-13.8514 0.534927 27.6335 0.0540393 -0.998479 -0.0109538
-12.2349 0.597207 29.2538 0.0517537 -0.998598 -0.0110935
-10.5495 0.656443 30.9426 0.0378606 -0.999247 -0.00848115
-8.94251 0.70841 32.5525 0.0336062 -0.999431 -0.00281126
-7.26146 0.757024 34.2361 0.0307765 -0.999518 -0.00397079
-5.65221 0.793796 35.8469 0.0241135 -0.999707 -0.00211775
-4.03664 0.821331 37.4639 0.0175533 -0.99984 -0.00339901
-2.61305 0.841549 38.8885 0.00869599 -0.999962 0.000570583
-1.09211 0.853448 37.8881 0.00266514 -0.999996 -0.000315304
-2.72778 0.843651 36.2513 0.0104138 -0.999941 -0.00310356
-4.46728 0.823949 34.5105 0.0229007 -0.999733 -0.00323522
-6.24953 0.791788 32.7269 0.0233712 -0.999712 -0.00548433
-8.10605 0.742156 30.8675 0.0309729 -0.9995 -0.00630116
-9.85455 0.697873 29.1163 0.031443 -0.999477 -0.00750199
-11.6745 0.639966 27.2931 0.0403653 -0.999168 -0.00580811
-13.6204 0.567099 25.3428 0.0491619 -0.998753 -0.00869297
-15.3797 0.486326 23.5783 0.0579498 -0.998289 -0.00786111
-17.2877 0.399906 21.6643 0.0599513 -0.998105 -0.0138579
-18.9467 0.319819 19.9993 0.06796 -0.997605 -0.0128451
-19.5012 0.288823 19.4425 0.068335 -0.997584 -0.0125145
0.475205 0.855419 36.934 -0.0036378 -0.999981 0.00494726
-1.43974 0.855957 35.0178 0.00330469 -0.999991 -0.00254308
-3.09028 0.851053 33.3663 0.00883509 -0.999938 -0.00682867
-4.72868 0.829343 31.7267 0.0190604 -0.999817 -0.00160845
-6.46571 0.795308 29.9876 0.0227899 -0.99974 -0.00102034
-8.27562 0.75611 28.1752 0.0319869 -0.999442 -0.00957866
-10.0869 0.708031 26.3613 0.0356647 -0.999348 -0.00570869
-12.1317 0.644655 24.3127 0.0426631 -0.99906 -0.007654
-13.7825 0.579498 22.6577 0.0511623 -0.998653 -0.00861333
-15.756 0.500384 20.6788 0.0550328 -0.998392 -0.0135926
-17.7386 0.412642 18.6899 0.0602176 -0.998106 -0.0125675
-19.3773 0.330825 17.0451 0.0673902 -0.997605 -0.0156076
-21.0302 0.246214 15.3856 0.0687949 -0.997483 -0.017178
-21.0364 0.291994 12.8582 0.0688581 -0.997437 -0.0194546
-19.1067 0.384439 14.7952 0.061325 -0.997976 -0.0168391
-17.1595 0.473358 16.749 0.0572747 -0.998266 -0.0136046
-15.5128 0.545567 18.401 0.0535477 -0.998485 -0.0126723
-13.5368 0.617334 20.3818 0.0477743 -0.998802 -0.0106281
-11.8852 0.67396 22.0372 0.0415911 -0.9991 -0.00828676
-9.93459 0.73451 23.9917 0.0342475 -0.999374 -0.00890335
-8.19259 0.775259 25.736 0.0312719 -0.999511 -0.000472538
-6.23177 0.81137 27.6994 0.0227948 -0.999715 -0.00706569
-4.3553 0.838598 29.5777 0.0145524 -0.999894 -0.000121365
-2.68594 0.855701 31.2485 0.0100136 -0.999948 0.00188046
-0.997314 0.857333 32.9383 0.000346091 -1 0.000497628
0.841349 0.851204 34.7781 -0.00473259 -0.999989 -0.000358393
1.9474 0.844255 35.885 -0.00881794 -0.999958 0.00255525
3.64412 0.825504 35.0609 -0.0173077 -0.999832 0.00595764
1.92772 0.841444 33.3431 -0.00968836 -0.999951 0.00200465
0.125828 0.854854 31.5398 -0.00565917 -0.999983 0.0013911
-1.59463 0.863399 29.8179 0.00279474 -0.999992 -0.00299607
-3.46522 0.856798 27.9461 0.0100819 -0.999949 0.000101884
-5.12686 0.839085 26.2829 0.0169575 -0.999839 -0.00578794
-6.79716 0.818008 24.6107 0.0178874 -0.999826 -0.00533903
-8.44466 0.788809 22.9612 0.0269632 -0.999593 -0.00932764
-10.5335 0.73889 20.8691 0.0353915 -0.999323 -0.0100407
-12.2221 0.691418 19.1773 0.0430801 -0.998986 -0.013063
-14.1398 0.628097 17.2553 0.0487126 -0.998674 -0.0166512
-15.9265 0.565038 15.4642 0.0526166 -0.998483 -0.0162024
-17.6636 0.491349 13.7217 0.0608097 -0.998016 -0.0163229
-19.4304 0.414988 11.949 0.0618385 -0.99793 -0.0176664
-20.5786 0.362065 10.7965 0.0668426 -0.997636 -0.0159656
-19.1991 0.468225 9.65947 0.061123 -0.997928 -0.0200933
-17.5351 0.537926 11.329 0.0572959 -0.998222 -0.0164309
-15.82 0.604939 13.0491 0.0501145 -0.998652 -0.013492
-13.986 0.671297 14.8877 0.0471135 -0.998815 -0.0122034
-12.2863 0.721927 16.5909 0.0387606 -0.999159 -0.0133783
-10.4505 0.769319 18.4298 0.033676 -0.999379 -0.0104144
-8.15413 0.816131 20.7296 0.0239555 -0.999658 -0.0104707
-6.32734 0.83893 22.5583 0.017207 -0.999822 -0.00771283
-4.65467 0.854612 24.2327 0.00937325 -0.999939 -0.00588283
-2.96425 0.86355 25.9247 0.00988214 -0.99995 -0.0016781
-1.32494 0.860668 27.5653 -0.00293235 -0.999995 -0.000874201
0.734952 0.853921 29.6268 -0.0102381 -0.999944 0.00272833
2.45972 0.832452 31.3533 -0.014063 -0.999894 0.00381707
4.17039 0.805389 33.0657 -0.0170699 -0.999852 0.00211484
4.86725 0.794226 33.7633 -0.0256272 -0.999638 0.0081854
6.3462 0.7474 32.7222 -0.0351054 -0.999375 0.00422541
4.70128 0.785291 31.075 -0.0255926 -0.99965 0.00672171
2.64036 0.821735 29.0116 -0.0177822 -0.999837 0.00301019
0.815283 0.847669 27.1846 -0.0164116 -0.999864 -0.00190203
-0.836746 0.862171 25.5311 -0.00594062 -0.999967 -0.00549219
-2.75182 0.874165 23.6144 0.00273351 -0.999981 -0.00559677
-4.60935 0.86783 21.7552 0.00978959 -0.999941 -0.00471221
-6.39358 0.855849 19.9693 0.0166816 -0.999839 -0.0065989
-8.35314 0.835971 18.0078 0.0217477 -0.999691 -0.012079
-10.126 0.803694 16.2326 0.0332001 -0.999382 -0.0115106
-11.9373 0.764593 14.4184 0.0396538 -0.999144 -0.0118171
-13.774 0.708936 12.5779 0.0468813 -0.998822 -0.0125591
-15.4865 0.652675 10.8614 0.0482248 -0.998706 -0.0161463
-17.1613 0.594517 9.18235 0.0539348 -0.998373 -0.0184869
-17.3162 0.588917 9.02696 0.0548545 -0.998333 -0.0179729
-15.6024 0.692667 8.22387 0.0483156 -0.998675 -0.0177197
-13.711 0.74886 10.1193 0.0451085 -0.998833 -0.0172667
-12.0356 0.79429 11.7979 0.0395283 -0.999103 -0.0151636
-10.0047 0.835162 13.8316 0.0316959 -0.999425 -0.0120559
-8.06999 0.869033 15.7689 0.0236493 -0.999651 -0.0117493
-6.21462 0.881878 17.626 0.0191021 -0.999743 -0.0122083
-4.26142 0.884039 19.5808 0.00879511 -0.999939 -0.00669335
-2.53739 0.885629 21.3061 0.00102961 -0.999988 -0.00481343
-0.715128 0.873623 23.1299 -0.00752459 -0.999966 -0.00350148
1.23272 0.846205 25.0796 -0.0126749 -0.999918 -0.00180185
3.02688 0.80871 26.876 -0.024661 -0.999693 -0.00234844
4.91188 0.768841 28.7634 -0.0273732 -0.999618 0.00389645
6.57166 0.725834 30.4259 -0.0405278 -0.999131 0.0096996
7.89231 0.682598 31.7493 -0.0433401 -0.999013 0.00972992
9.69026 0.592478 31.0298 -0.0493615 -0.998722 0.0108383
7.80632 0.665901 29.1409 -0.0432961 -0.999051 0.00471907
6.04074 0.730078 27.3714 -0.0394078 -0.99921 0.00506529
3.92357 0.786467 25.251 -0.0284088 -0.999596 -8.23059e-05
2.1773 0.833973 23.5023 -0.0246296 -0.999692 -0.00316493
0.284388 0.868821 21.6074 -0.0123956 -0.999921 -0.0021837
-1.62508 0.888686 19.6964 -0.00215785 -0.999995 -0.00222151
-3.78008 0.903 17.54 0.00468278 -0.999954 -0.0084241
-5.49309 0.911331 15.8255 0.0101915 -0.999886 -0.0111741
-7.18064 0.902903 14.1365 0.0184084 -0.999787 -0.00932784
-9.12667 0.883599 12.1887 0.0215628 -0.999652 -0.015193
-10.843 0.856015 10.4703 0.0299615 -0.999493 -0.0107706
-12.5185 0.822602 8.79255 0.0397527 -0.999076 -0.0163499
-13.8186 0.786405 7.48991 0.0433499 -0.99894 -0.0154489
-11.6435 0.880046 7.1472 0.0360899 -0.99924 -0.0147583
-9.84212 0.904385 8.95021 0.0294546 -0.999456 -0.0148556
-7.77548 0.926886 11.0188 0.0184868 -0.999747 -0.0128413
-5.5962 0.932436 13.1995 0.00890447 -0.99988 -0.0126907
-3.87664 0.927423 14.9203 -0.000907404 -0.999951 -0.00985331
-1.93187 0.905706 16.8667 -0.00128376 -0.999985 -0.00541121
-0.116277 0.885016 18.6836 -0.016334 -0.999858 -0.00413993
1.70952 0.849627 20.5111 -0.0230765 -0.999734 -0.00048617
3.35334 0.808725 22.1569 -0.0284231 -0.999594 -0.00175191
5.06338 0.749391 23.8698 -0.032006 -0.999488 0.000392468
7.10397 0.68258 25.9142 -0.036571 -0.99933 0.00173085
9.26493 0.592628 28.0807 -0.0516596 -0.998651 0.00526809
10.9281 0.516802 29.7493 -0.0573638 -0.998306 0.00969321
11.5935 0.486343 30.4169 -0.0578058 -0.998209 0.0154346
12.9824 0.387453 29.2893 -0.0622885 -0.997992 0.011526
10.9424 0.49514 27.2415 -0.0599163 -0.998175 0.00756372
8.91863 0.59475 25.2111 -0.0490562 -0.998791 0.00304044
7.00531 0.679009 23.2926 -0.0368581 -0.999314 0.00373463
4.77056 0.765071 21.0534 -0.0345224 -0.9994 -0.00274952
2.90462 0.824261 19.1847 -0.0252912 -0.999677 -0.00248097
1.10787 0.870392 17.3859 -0.0188978 -0.999817 -0.0028516
-0.570244 0.902202 15.7065 -0.00992894 -0.999908 -0.00926142
-2.90723 0.940947 13.3675 -0.00305928 -0.999955 -0.00897794
-4.64376 0.955406 11.6299 0.00296814 -0.999954 -0.00910587
-6.4405 0.961712 9.83221 0.0142237 -0.999831 -0.011671
-8.21504 0.954315 8.05665 0.0220476 -0.999672 -0.0130489
-8.84668 0.949164 7.4246 0.0217417 -0.999671 -0.0135797
-5.48514 0.993831 8.26597 0.00489557 -0.999926 -0.0111059
-3.54947 0.971141 10.2021 -0.00116191 -0.999917 -0.0128426
-1.7155 0.942791 12.0371 -0.00884648 -0.99992 -0.00907362
-0.0519578 0.910523 13.702 -0.0142746 -0.999881 -0.00586971
1.74096 0.863289 15.4967 -0.0227132 -0.99971 -0.00797611
3.69123 0.805349 17.4494 -0.03 -0.99954 -0.00436908
5.87776 0.726397 19.6396 -0.0380657 -0.999273 -0.00190187
7.55526 0.651149 21.321 -0.0477799 -0.998854 0.00283788
9.50984 0.557629 23.2812 -0.0582204 -0.998292 0.00486878
11.5063 0.448531 25.2849 -0.0594628 -0.998214 0.00573891
13.239 0.348794 27.0248 -0.069574 -0.997521 0.0105745
14.3169 0.288927 28.1073 -0.0720016 -0.997323 0.012732
13.6569 0.298535 24.9224 -0.0750929 -0.997115 0.0110796
11.8043 0.416625 23.0613 -0.069317 -0.997583 0.00483961
9.84131 0.529542 21.091 -0.060372 -0.998167 0.0041166
8.18798 0.621449 19.4323 -0.052285 -0.998632 0.000301097
6.48153 0.702303 17.7216 -0.0432013 -0.999063 -0.00244758
4.74154 0.780257 15.9779 -0.03 -0.99954 -0.00436908
2.92387 0.843296 14.1578 -0.0260835 -0.999629 -0.00779273
1.05291 0.903099 12.2847 -0.0212875 -0.999738 -0.00846798
-0.666199 0.944798 10.5641 -0.0128696 -0.999876 -0.00902205
-2.36512 0.98629 8.86448 -0.00758122 -0.999884 -0.0131987
-2.88194 0.997049 8.34754 -0.00504322 -0.999913 -0.012182
-1.23979 0.994273 7.46772 -0.0114637 -0.999863 -0.0119435
0.46592 0.943801 9.17404 -0.0163618 -0.999768 -0.0140175
2.46055 0.878769 11.1706 -0.0260628 -0.999629 -0.00789181
4.16242 0.81409 12.8748 -0.0379363 -0.999274 -0.00357071
6.00327 0.734955 14.7189 -0.042535 -0.999078 -0.00585809
8.23619 0.620489 16.9575 -0.0548587 -0.998493 -0.00166428
9.97341 0.520419 18.7004 -0.0581644 -0.998307 -0.000399433
11.6976 0.412855 20.4312 -0.0670935 -0.997746 0.00130695
13.5434 0.289313 22.2856 -0.0741434 -0.997241 0.00352402
12.9534 0.317975 19.1701 -0.0754852 -0.99714 0.00373584
11.2009 0.439415 17.4098 -0.0698185 -0.997555 0.00318175
9.12411 0.571605 15.3253 -0.0582179 -0.998302 -0.00177192
7.37952 0.676631 13.5751 -0.0496127 -0.998758 -0.00457113
5.62565 0.767491 11.8172 -0.0429671 -0.999009 -0.0116007
3.9888 0.843432 10.1775 -0.0302561 -0.999525 -0.00586401
2.13875 0.917616 8.32523 -0.0264081 -0.999569 -0.0128034
0.729685 0.96865 6.91513 -0.0213551 -0.999703 -0.0117059
2.76696 0.920498 6.43081 -0.0320019 -0.999402 -0.0131008
4.7915 0.829782 8.45809 -0.0398152 -0.999165 -0.00922087
6.61206 0.735225 10.2824 -0.0520041 -0.998571 -0.0123174
8.65064 0.609839 12.3268 -0.0596584 -0.998205 -0.00530029
10.3756 0.497952 14.058 -0.0658032 -0.997831 -0.00197684
12.1994 0.367335 15.89 -0.0689821 -0.997618 -0.000250127
12.9164 0.315749 16.6104 -0.0775086 -0.99699 0.00163719
12.7551 0.328024 13.9253 -0.0765804 -0.997057 -0.00366267
11.03 0.454793 12.1922 -0.0709708 -0.997475 -0.00273276
8.80225 0.616702 9.95518 -0.0677413 -0.997683 -0.00626728
7.15456 0.72461 8.30253 -0.0529727 -0.998575 -0.00646942
5.41996 0.821884 6.56403 -0.0448439 -0.998911 -0.0128792
4.24907 0.88419 5.39112 -0.0356905 -0.999278 -0.0130506
5.88836 0.827596 4.50936 -0.043266 -0.998954 -0.0148233
7.71734 0.717437 6.34269 -0.0543619 -0.998453 -0.0116788
9.63186 0.577959 8.26403 -0.065485 -0.997812 -0.00913502
11.7818 0.40774 10.4237 -0.0715772 -0.997413 -0.00669004
13.0718 0.309749 11.7198 -0.0757803 -0.997122 -0.00224647
12.9666 0.325545 9.09069 -0.0780221 -0.996946 -0.00332171
11.0118 0.49307 7.12592 -0.0718172 -0.997339 -0.0125559
9.19117 0.643338 5.29719 -0.0668829 -0.997696 -0.0114138
7.42797 0.769551 3.52808 -0.0499967 -0.998648 -0.0142397
7.17532 0.784822 3.27483 -0.0469783 -0.998801 -0.013778
8.04615 0.75629 1.62379 -0.0590222 -0.998187 -0.0117672
9.99207 0.610374 3.57681 -0.0711099 -0.997412 -0.0105761
12.0631 0.432956 5.65778 -0.0757483 -0.997065 -0.0111566
13.0716 0.344176 6.67186 -0.0763425 -0.997019 -0.0111436
13.595 0.323435 4.67343 -0.0812543 -0.99661 -0.0128949
11.8156 0.487714 2.88397 -0.0731646 -0.997243 -0.0124157
10.0503 0.637179 1.11056 -0.0647254 -0.997809 -0.0136993
8.82183 0.737383 -0.122652 -0.0645094 -0.997779 -0.0165746
8.24313 0.833361 -3.22852 -0.0595659 -0.997981 -0.0220366
9.93099 0.69336 -1.53437 -0.066992 -0.997531 -0.0210657
11.6172 0.545739 0.159211 -0.0752176 -0.996999 -0.0183371
13.2781 0.392099 1.82877 -0.080762 -0.99665 -0.0129168
13.4559 0.374646 2.00776 -0.0860706 -0.996221 -0.0116218
14.1186 0.346455 0.149323 -0.0871418 -0.996009 -0.0192912
12.4021 0.520062 -1.57729 -0.0759082 -0.996901 -0.0206568
10.398 0.705504 -3.59077 -0.069494 -0.99731 -0.0233293
8.5175 0.87055 -5.47846 -0.0608952 -0.997816 -0.0256051
6.81213 1.00489 -7.18865 -0.0491064 -0.998397 -0.0281308
5.06495 1.12635 -8.9391 -0.0357295 -0.999024 -0.0259614
3.09694 1.23819 -10.9093 -0.0269157 -0.999267 -0.0272285
1.34441 1.32445 -12.6629 -0.0183892 -0.999506 -0.025472
-0.427721 1.39558 -14.4351 -0.0122291 -0.999616 -0.0248818
-2.14596 1.45471 -16.1531 -0.00465948 -0.999678 -0.0249357
-3.86578 1.49098 -17.8727 0.00846327 -0.999701 -0.0229569
-5.5589 1.51031 -19.5656 0.0164156 -0.999548 -0.0251748
-7.41845 1.51644 -21.4253 0.0216754 -0.999552 -0.0206213
-9.27364 1.50359 -23.2813 0.0276312 -0.999456 -0.0180204
-11.0197 1.47865 -25.0288 0.0371436 -0.999147 -0.0180584
-13.1574 1.42012 -27.17 0.046466 -0.998823 -0.0139358
-14.84 1.35954 -28.8563 0.050254 -0.998679 -0.0107093
-17.1826 1.25997 -31.2055 0.0554021 -0.998412 -0.010175
-19.5537 1.12889 -33.5857 0.0668458 -0.997753 -0.00462566
-21.3416 1.01581 -35.3818 0.0696257 -0.997556 -0.00589959
-23.154 0.892374 -37.2034 0.0759863 -0.997103 -0.00356056
-25.0276 0.754262 -39.0875 0.0771522 -0.997013 -0.00356266
-26.6756 0.625292 -40.7458 0.080247 -0.996773 -0.00179706
-28.3159 0.491598 -42.3965 0.0818264 -0.996647 0.000199744
-30.0948 0.34493 -44.187 0.0825895 -0.996583 0.000748112
-30.6822 0.295337 -44.7784 0.082947 -0.996553 0.00121458
-31.2375 0.242747 -47.8631 0.0846424 -0.996408 0.00246458
-29.0288 0.431794 -45.6392 0.0828999 -0.996557 0.00107314
-27.2453 0.579705 -43.844 0.0819124 -0.99664 -9.26939e-05
-25.0346 0.758573 -41.6192 0.0803137 -0.996769 -0.00111286
-23.3899 0.883625 -39.9648 0.0747733 -0.997197 -0.00280982
-21.2917 1.0344 -37.8553 0.0725263 -0.997362 -0.00307903
-19.5508 1.14627 -36.1061 0.0683455 -0.997634 -0.00745865
-17.5758 1.25768 -34.1233 0.0624068 -0.99802 -0.00787208
-15.9072 1.34239 -32.449 0.0566515 -0.998344 -0.0100023
-13.7147 1.43156 -30.2507 0.0502076 -0.998659 -0.0126497
-11.67 1.49991 -28.2018 0.0419766 -0.999002 -0.0152895
-9.66962 1.54934 -26.1985 0.0352272 -0.999276 -0.0143974
-7.92926 1.56619 -24.4571 0.0291232 -0.999317 -0.0227558
-6.2396 1.56831 -22.7672 0.0216271 -0.999454 -0.0249695
-4.47039 1.56159 -20.9979 0.0152134 -0.999619 -0.0230493
-2.66743 1.52497 -19.1956 0.000928548 -0.999727 -0.0233324
-0.909792 1.47908 -17.4386 -0.011121 -0.999558 -0.0275635
1.13212 1.40175 -15.3972 -0.0108617 -0.999611 -0.0256942
3.00808 1.31079 -13.5211 -0.0310382 -0.999096 -0.02906
4.7518 1.20864 -11.776 -0.0391816 -0.998914 -0.0252288
6.68674 1.07823 -9.83819 -0.0478437 -0.998468 -0.0277894
8.57297 0.932034 -7.9477 -0.0571034 -0.998043 -0.0254655
10.3977 0.769203 -6.11656 -0.0675976 -0.997346 -0.0270368
12.1805 0.594954 -4.32551 -0.0733505 -0.997121 -0.0192164
14.3108 0.37553 -2.18289 -0.0877353 -0.995943 -0.0199853
14.9184 0.362336 -4.09697 -0.0916905 -0.995502 -0.0238316
13.2269 0.550798 -5.7996 -0.0763476 -0.996724 -0.0266958
11.4332 0.739057 -7.60218 -0.0733873 -0.996908 -0.0280863
9.67759 0.902712 -9.36434 -0.0610573 -0.997762 -0.0272615
7.71113 1.06702 -11.3355 -0.0507581 -0.998321 -0.0279154
5.92806 1.19756 -13.1217 -0.0389455 -0.998841 -0.0282998
4.25387 1.31279 -14.7971 -0.0344008 -0.998944 -0.0304582
2.55005 1.40672 -16.5011 -0.0209826 -0.999471 -0.0248385
0.80252 1.47882 -18.2482 -0.0136115 -0.999581 -0.0255586
-1.12758 1.54699 -20.1775 0.000234192 -0.999661 -0.0260528
-3.36569 1.60374 -22.4144 0.00626755 -0.999542 -0.0296001
-5.35081 1.62172 -24.399 0.0185162 -0.999681 -0.0171784
-7.10161 1.61874 -26.1501 0.0215856 -0.999598 -0.0183808
-9.17701 1.59585 -28.2269 0.0331359 -0.999313 -0.0165953
-11.0909 1.55349 -30.1432 0.0401127 -0.99911 -0.0130487
-13.2847 1.47969 -32.3418 0.0511578 -0.9986 -0.0134506
-15.3557 1.39332 -34.4184 0.0566847 -0.998343 -0.00988573
-17.4441 1.28555 -36.5143 0.0631888 -0.997971 -0.00783795
-19.0974 1.18884 -38.1744 0.0661988 -0.997785 -0.00661381
-20.742 1.07959 -39.827 0.0710155 -0.997468 -0.00372801
-22.5941 0.948698 -41.6889 0.0755468 -0.99714 -0.00216501
-24.9726 0.764994 -44.0816 0.0805493 -0.99675 -0.000580182
-26.6921 0.62544 -45.8122 0.0820796 -0.996626 -2.41648e-05
-28.6835 0.45769 -47.8169 0.0837064 -0.996489 0.00163377
-30.322 0.31654 -49.4668 0.0838284 -0.996478 0.00201239
-30.3663 0.312588 -49.5114 0.0879698 -0.996123 0.000834049
-30.467 0.30358 -52.1384 0.0866393 -0.996238 -0.0015779
-28.7774 0.449225 -50.4368 0.0852071 -0.996363 -0.00066332
-27.0595 0.594745 -48.7071 0.0842438 -0.996445 4.15869e-05
-25.2573 0.743684 -46.8931 0.0822672 -0.99661 -0.00055466
-23.3622 0.896246 -44.986 0.0807917 -0.99673 -0.00110306
-21.6509 1.02325 -43.2649 0.0739852 -0.997257 -0.0021276
-19.8542 1.1491 -41.4588 0.0717959 -0.99741 -0.00432968
-17.8543 1.27909 -39.4495 0.0651499 -0.997852 -0.00678063
-16.117 1.37673 -37.7053 0.0613191 -0.998093 -0.00708283
-14.1771 1.47385 -35.7589 0.05691 -0.998332 -0.00973724
-12.2358 1.55317 -33.8124 0.0511829 -0.9986 -0.0133908
-10.4408 1.60916 -32.0138 0.0406412 -0.999037 -0.016552
-8.53834 1.64816 -30.1089 0.0363089 -0.999223 -0.0153005
-6.51743 1.66776 -28.0868 0.024276 -0.999515 -0.0195218
-4.76526 1.67237 -26.3342 0.0198424 -0.999566 -0.0217714
-3.08099 1.65822 -24.6503 0.00778568 -0.99974 -0.0214411
-1.39987 1.62465 -22.9702 -0.0013326 -0.999634 -0.0270238
0.628613 1.55815 -20.9432 -0.0133478 -0.99937 -0.032895
2.38136 1.48038 -19.1915 -0.0180148 -0.99953 -0.024809
4.21512 1.39174 -17.3579 -0.0247246 -0.999259 -0.0295017
5.86897 1.27768 -15.7034 -0.0410385 -0.9987 -0.0302353
7.68444 1.14164 -13.8862 -0.0513353 -0.998185 -0.031485
9.4488 0.994909 -12.1181 -0.0573032 -0.997915 -0.0297123
11.1914 0.835376 -10.3703 -0.0694771 -0.997174 -0.0285769
13.0186 0.6457 -8.53499 -0.0807484 -0.996337 -0.0281384
14.7184 0.451149 -6.82488 -0.0873101 -0.99578 -0.0282771
15.3796 0.372996 -6.15925 -0.0914609 -0.995416 -0.0279524
16.063 0.364457 -7.99783 -0.0931875 -0.995164 -0.0310756
14.11 0.597097 -9.96371 -0.0857537 -0.995816 -0.0315737
12.4074 0.792104 -11.6748 -0.0728015 -0.99679 -0.0333062
10.6029 0.967564 -13.4853 -0.0601877 -0.997698 -0.0312298
8.77272 1.13248 -15.3195 -0.0513423 -0.998096 -0.0341725
6.99848 1.27476 -17.0956 -0.0453211 -0.998457 -0.0320858
5.19453 1.39898 -18.9005 -0.0356414 -0.999057 -0.0248018
3.46249 1.50135 -20.6322 -0.0228126 -0.999344 -0.0281304
1.40689 1.60223 -22.6863 -0.0157479 -0.999387 -0.0312563
-0.497932 1.66489 -24.5895 -0.00213372 -0.999701 -0.0243541
-2.50754 1.70998 -26.5977 0.0107409 -0.999664 -0.023588
-4.2071 1.72474 -28.2967 0.0171343 -0.999606 -0.0222134
-5.87 1.72483 -29.9598 0.0255207 -0.999457 -0.0208536
-7.56081 1.71029 -31.6517 0.0331286 -0.999239 -0.0205713
-9.54059 1.67151 -33.6339 0.0389989 -0.999122 -0.0152828
-11.5075 1.61095 -35.6047 0.0478688 -0.998777 -0.0123827
-13.3148 1.53659 -37.4168 0.0540115 -0.998498 -0.00917011
-15.3007 1.43986 -39.4092 0.0608351 -0.998111 -0.00853921
-16.9473 1.34884 -41.0622 0.0655302 -0.997829 -0.00658653
-18.836 1.22864 -42.9595 0.0716631 -0.997413 -0.00557074
-20.6455 1.10495 -44.7781 0.0756059 -0.997128 -0.00444831
-22.5253 0.96468 -46.6688 0.0785652 -0.996908 -0.00163407
-24.7189 0.7898 -48.8759 0.0804917 -0.996755 -0.00117337
-26.4361 0.648131 -50.6046 0.0839336 -0.996471 -0.000718507
-28.3188 0.490075 -52.5003 0.0857892 -0.996312 -0.00134482
-30.2772 0.32532 -54.4728 0.0862761 -0.996269 -0.0021337
-30.3052 0.322959 -54.5011 0.0859865 -0.996293 -0.00259032
-30.3283 0.327781 -57.05 0.0860997 -0.996283 -0.00266172
-28.56 0.475209 -55.2686 0.0853102 -0.996351 -0.00270027
-26.9097 0.612416 -53.6066 0.0839034 -0.996471 -0.00230774
-24.913 0.776794 -51.5963 0.0834535 -0.99651 -0.001583
-23.1958 0.91568 -49.868 0.0809444 -0.996716 -0.00226248
-21.3601 1.05806 -48.0214 0.077844 -0.996964 -0.00157018
-19.4987 1.19756 -46.1492 0.0749548 -0.997178 -0.00429543
-17.6028 1.32337 -44.244 0.0676554 -0.997691 -0.00587061
-15.7686 1.43509 -42.4021 0.0635552 -0.997953 -0.00710313
-13.747 1.53943 -40.3733 0.0560694 -0.99839 -0.00860795
-12.098 1.61297 -38.7194 0.051461 -0.998619 -0.0105745
-10.0552 1.69556 -36.6712 0.0493679 -0.998715 -0.0114582
-8.37755 1.73798 -34.9908 0.0376908 -0.999169 -0.0155326
-6.38832 1.77286 -32.9994 0.0266056 -0.999452 -0.0196874
-4.38119 1.77866 -30.9915 0.0212166 -0.999544 -0.0214925
-2.62899 1.76826 -29.2395 0.0124975 -0.999716 -0.020312
-2.42176 1.82076 -31.5527 0.0130443 -0.999622 -0.0241964
-4.1675 1.83416 -33.2984 0.0229544 -0.999516 -0.0209755
-5.81443 1.82294 -34.9463 0.0277147 -0.999505 -0.0149185
-7.68146 1.7902 -36.8155 0.0341507 -0.999314 -0.0143113
-9.49597 1.74035 -38.6334 0.0399318 -0.999141 -0.0110854
-11.4826 1.66481 -40.625 0.0511983 -0.998645 -0.00929078
-13.1861 1.59009 -42.3335 0.0570639 -0.998325 -0.00955752
-15.0742 1.49203 -44.2284 0.0629932 -0.997989 -0.0071225
-16.9298 1.37915 -46.0919 0.0681539 -0.997661 -0.00525815
-18.615 1.26886 -47.7851 0.0738073 -0.997268 -0.00296725
-20.3404 1.14102 -49.5202 0.0757141 -0.997126 -0.00250443
-22.2158 0.996669 -51.4067 0.0797303 -0.996815 -0.00192557
-23.8994 0.863921 -53.1008 0.0809361 -0.996716 -0.00237306
-25.7281 0.715739 -54.9419 0.0842969 -0.996437 -0.00270302
-27.466 0.573257 -56.692 0.084879 -0.996386 -0.00311125
-29.2749 0.423257 -58.514 0.0860886 -0.996282 -0.00343
-30.2456 0.342605 -59.4918 0.08724 -0.996179 -0.00410806
-29.4783 0.41851 -61.2436 0.0856796 -0.996307 -0.00552602
-27.2403 0.59951 -58.9896 0.0843738 -0.996425 -0.00428915
-25.3411 0.753883 -57.0773 0.0833413 -0.996516 -0.0030827
-23.586 0.894942 -55.3103 0.0814328 -0.996675 -0.00283889
-21.8775 1.02824 -53.5909 0.0786083 -0.996903 -0.00230631
-20.0206 1.1703 -51.723 0.0769255 -0.997036 -0.00151904
-17.9309 1.31924 -49.622 0.0714044 -0.99744 -0.00380603
-15.9488 1.45109 -47.6304 0.0657061 -0.997833 -0.00342634
-14.0347 1.56293 -45.7085 0.0592374 -0.998233 -0.00473876
-12.1003 1.66342 -43.7674 0.0550814 -0.998443 -0.00880487
-10.1878 1.74279 -41.8495 0.0474344 -0.998812 -0.0111251
-8.36593 1.80064 -40.0239 0.0401348 -0.999137 -0.010702
-6.62158 1.84556 -38.2764 0.0348106 -0.999321 -0.012032
-4.54121 1.87668 -36.1935 0.0275186 -0.999432 -0.0194781
-2.88139 1.88207 -34.5328 0.0183231 -0.999647 -0.0192307
-2.20544 1.87684 -33.8568 0.0105165 -0.999707 -0.0217791
-1.23588 1.9211 -35.4078 0.0111143 -0.999722 -0.0207974
-2.96954 1.9288 -37.1421 0.0186657 -0.999633 -0.0196333
-4.83316 1.91562 -39.0075 0.0312873 -0.999399 -0.0148929
-6.5099 1.88299 -40.6867 0.033991 -0.999349 -0.0120677
-8.14763 1.84079 -42.3274 0.043412 -0.99897 -0.013172
-9.98862 1.77542 -44.1727 0.0485685 -0.998786 -0.00818
-11.6246 1.7047 -45.8132 0.0516087 -0.99865 -0.00593068
-13.5461 1.60291 -47.7417 0.0611325 -0.998119 -0.004628
-15.7007 1.47306 -49.9054 0.0671179 -0.997743 -0.00191281
-17.6633 1.34419 -51.8775 0.0677613 -0.997699 -0.00218514
-19.5393 1.21036 -53.7635 0.0757751 -0.997123 -0.00218838
-21.5297 1.06214 -55.7656 0.0789425 -0.996874 -0.00308284
-23.7895 0.886686 -58.0398 0.0809854 -0.996708 -0.00380712
-25.6263 0.739503 -59.889 0.0835678 -0.996493 -0.00416471
-27.7165 0.573651 -61.9936 0.0836307 -0.996481 -0.0057
-27.9229 0.557515 -62.2015 0.0846343 -0.996396 -0.00559088
-25.7485 0.741704 -62.5366 0.0832859 -0.99651 -0.00562427
-23.7187 0.901429 -60.4931 0.0820011 -0.996626 -0.00341723
-21.6473 1.06105 -58.4084 0.0785442 -0.996902 -0.00420273
-19.6558 1.20878 -56.4053 0.0758565 -0.997115 -0.00265077
-17.9537 1.33046 -54.6939 0.0724212 -0.997367 -0.00386526
-16.0623 1.45717 -52.793 0.0689554 -0.997614 -0.00330832
-14.2588 1.57102 -50.9814 0.0632122 -0.997991 -0.00429008
-12.3758 1.67745 -49.091 0.0566627 -0.998383 -0.00454705
-10.7267 1.7605 -47.4362 0.0501379 -0.998713 -0.00762805
-9.04259 1.83339 -45.7473 0.0462939 -0.998897 -0.00780891
-7.32541 1.893 -44.0262 0.0410699 -0.999116 -0.00893218
-5.48315 1.93966 -42.1806 0.0352191 -0.999275 -0.014452
-3.80873 1.96825 -40.5039 0.0278598 -0.999506 -0.0145383
-1.77155 1.97497 -38.4648 0.0154185 -0.999664 -0.0208175
0.00159837 1.96169 -36.6908 0.00877023 -0.999699 -0.0228912
1.49161 1.99603 -37.7213 0.00829795 -0.999767 -0.0199366
-0.198263 2.01894 -39.4122 0.0111015 -0.999711 -0.0213458
-1.96806 2.02119 -41.1836 0.0197268 -0.9997 -0.0145506
-3.60922 2.00753 -42.8266 0.030303 -0.999427 -0.0150581
-5.36366 1.97526 -44.5836 0.0369662 -0.999257 -0.0108655
-7.04305 1.92399 -46.2664 0.0405921 -0.999143 -0.00806967
-9.17591 1.84384 -48.4047 0.0490857 -0.99877 -0.00705412
-11.099 1.7561 -50.3336 0.0572238 -0.99835 -0.00486749
-12.7719 1.66681 -52.0127 0.062349 -0.998037 -0.00596902
-14.6163 1.55947 -53.8645 0.0651429 -0.997858 -0.00604453
-16.4951 1.44123 -55.7519 0.0682606 -0.997664 -0.00256067
-18.3029 1.31291 -57.5693 0.0747345 -0.9972 -0.00269235
-20.2302 1.17547 -59.5073 0.0747891 -0.997193 -0.00360951
-21.9437 1.048 -61.2311 0.0788963 -0.996877 -0.00338865
-23.7183 0.912108 -63.0171 0.0809023 -0.99671 -0.00488015
-24.3745 0.862167 -63.6776 0.0808213 -0.996713 -0.00552844
-21.9883 1.05505 -63.8003 0.0790124 -0.996861 -0.00504258
-20.1883 1.18761 -61.9894 0.0762023 -0.99708 -0.00487546
-18.4181 1.31437 -60.2092 0.074038 -0.997245 -0.00454785
-16.554 1.44117 -58.3356 0.069624 -0.997563 -0.00447316
-14.636 1.57012 -56.4083 0.0682605 -0.997664 -0.00256064
-12.7664 1.68118 -54.531 0.0614641 -0.998093 -0.00562967
-10.5711 1.80214 -52.3274 0.0568325 -0.998364 -0.00629951
-8.75129 1.88102 -50.5024 0.0481478 -0.998794 -0.00962923
-7.11224 1.94421 -48.8592 0.0413576 -0.999096 -0.0098478
-4.93776 2.00817 -46.6802 0.0383186 -0.999192 -0.0121449
-2.9354 2.05151 -44.6746 0.0276964 -0.999547 -0.011777
-0.970332 2.06239 -42.7074 0.0192789 -0.999665 -0.017241
0.809848 2.05486 -40.9254 0.00814016 -0.999801 -0.0182353
2.65266 2.02817 -39.0811 0.00212062 -0.999688 -0.0248921
2.98223 2.02066 -38.7513 0.00212061 -0.999688 -0.0248919
4.16327 2.05332 -40.0908 -0.0053422 -0.999649 -0.0259639
2.50134 2.08678 -41.7547 0.00664772 -0.999704 -0.0234108
0.771481 2.10525 -43.4863 0.0149305 -0.999743 -0.0170744
-1.22894 2.10379 -45.489 0.0212186 -0.999622 -0.017509
-3.17177 2.07802 -47.4343 0.0302458 -0.999483 -0.0109129
-4.8233 2.04081 -49.0886 0.038985 -0.999177 -0.0111662
-6.88069 1.97647 -51.1502 0.0452263 -0.998934 -0.00924235
-8.70739 1.90578 -52.9814 0.0493947 -0.998759 -0.00639115
-10.6231 1.81078 -54.9035 0.0573258 -0.998348 -0.00389509
-12.6223 1.69851 -56.9103 0.0595047 -0.998223 -0.00304608
-14.5609 1.58026 -58.8571 0.0677784 -0.997691 -0.00430149
-16.4963 1.45595 -60.8015 0.0695823 -0.997568 -0.00413477
-18.3062 1.33175 -62.6209 0.0732862 -0.997309 -0.00213332
-20.253 1.19346 -64.5786 0.0754866 -0.99714 -0.00366908
-18.2406 1.34469 -65.079 0.0707845 -0.997488 -0.00257412
-16.493 1.46445 -63.3224 0.0710069 -0.997472 -0.00269208
-14.4559 1.59551 -61.2756 0.0652153 -0.997869 -0.00206762
-12.6572 1.70309 -59.4695 0.0619647 -0.998073 -0.0032467
-10.773 1.81045 -57.578 0.0576354 -0.998335 -0.00212432
-8.71836 1.92027 -55.5162 0.0552546 -0.998469 -0.00258471
-6.85552 1.99779 -53.6484 0.0452453 -0.998949 -0.00730155
-5.12172 2.05805 -51.9109 0.0421185 -0.999072 -0.00902322
-2.9583 2.11638 -49.7434 0.032143 -0.999401 -0.0127884
-0.846786 2.14325 -47.629 0.024491 -0.999587 -0.0150392
0.885395 2.15097 -45.8952 0.0179284 -0.999644 -0.0197509
2.71778 2.14023 -44.0608 0.0106668 -0.999793 -0.0173315
4.71527 2.10006 -42.0607 -0.00179232 -0.999685 -0.0250154
6.41737 2.04574 -40.3558 -0.0136616 -0.999597 -0.0248852
8.40111 2.02219 -40.8921 -0.0248378 -0.999214 -0.0308972
6.57982 2.10516 -42.7168 -0.0116023 -0.999597 -0.0259178
4.88611 2.15734 -44.4131 -0.000209077 -0.999725 -0.0234284
3.10569 2.18709 -46.1956 0.00710133 -0.999758 -0.0208025
1.32031 2.19662 -47.9826 0.0193152 -0.999696 -0.0153153
-0.339152 2.187 -49.6438 0.0214947 -0.999682 -0.0131655
-2.19839 2.159 -51.5056 0.0308454 -0.999474 -0.0100589
-3.92041 2.11971 -53.2303 0.0344974 -0.999386 -0.00605806
-5.62734 2.06293 -54.9407 0.0436648 -0.999015 -0.0078412
-7.39417 1.99069 -56.7121 0.0476254 -0.998855 -0.00447023
-9.05869 1.91113 -58.3815 0.0536048 -0.998548 -0.00541535
-11.1551 1.79818 -60.4854 0.0607896 -0.998145 -0.00333461
-12.9152 1.6957 -62.2524 0.061992 -0.998071 -0.00349104
-14.7905 1.58118 -64.1359 0.0657571 -0.997834 -0.0016138
-15.4394 1.53947 -64.7879 0.065618 -0.997843 -0.00197282
-13.3218 1.67548 -65.1848 0.0622939 -0.998055 -0.00229187
-11.6638 1.77547 -63.5199 0.0609075 -0.998143 -0.000436548
-9.76504 1.88269 -61.614 0.0565953 -0.998396 -0.00142885
-7.99204 1.97502 -59.8352 0.0503076 -0.998731 -0.00221637
-6.2078 2.05077 -58.0464 0.0446706 -0.999001 -0.00136938
-4.47456 2.11628 -56.3092 0.039176 -0.999218 -0.00534237
-2.61681 2.17285 -54.4479 0.031736 -0.999477 -0.00624363
-0.771895 2.20793 -52.6006 0.025411 -0.999629 -0.00978073
0.92338 2.22954 -50.9032 0.01839 -0.999734 -0.013954
2.75999 2.23601 -49.0647 0.0106172 -0.999856 -0.0132732
4.54962 2.21882 -47.2736 0.00251308 -0.999834 -0.0180545
6.37827 2.17594 -45.4428 -0.00747976 -0.999697 -0.0234643
8.42181 2.09657 -43.3954 -0.015732 -0.99933 -0.0330414
10.1924 2.00099 -41.621 -0.0260068 -0.999116 -0.0330363
12.9581 1.89248 -41.3705 -0.0467863 -0.998073 -0.0407602
10.9206 2.03651 -43.4155 -0.0351547 -0.99891 -0.0307054
9.07286 2.14122 -45.2679 -0.0214537 -0.999363 -0.0285036
7.1455 2.21155 -47.1986 -0.0072701 -0.999697 -0.023514
5.40215 2.25318 -48.9438 0.00483855 -0.999794 -0.0196876
3.75294 2.27046 -50.5942 0.0137507 -0.999743 -0.0180301
1.94572 2.27003 -52.4031 0.016856 -0.999756 -0.0142882
0.100039 2.24984 -54.2509 0.0272064 -0.999558 -0.0119915
-1.85478 2.21316 -56.2079 0.0297024 -0.999519 -0.00896827
-3.93218 2.14916 -58.2892 0.0410553 -0.99914 -0.00580188
-5.61832 2.08546 -59.9791 0.0413083 -0.999144 -0.0023814
-7.30203 2.01401 -61.6669 0.0481955 -0.998828 -0.00441896
-9.05918 1.92594 -63.4295 0.0558133 -0.998438 -0.00260608
-10.7251 1.83463 -65.1013 0.0586848 -0.998276 -0.000981488
-11.5275 1.78732 -65.9069 0.0611879 -0.998125 -0.00185449
-9.20784 1.92391 -66.1022 0.0543986 -0.998519 -0.000588544
-7.30846 2.02175 -64.1968 0.0520868 -0.998638 -0.00313874
-5.59088 2.09317 -62.4751 0.0433293 -0.999048 -0.00513321
-3.5809 2.17056 -60.4607 0.0402356 -0.999181 -0.00424968
-1.58578 2.23941 -58.462 0.0344087 -0.999403 -0.00324414
0.455164 2.28288 -56.4186 0.0235351 -0.999699 -0.00692423
2.21127 2.30537 -54.661 0.0191977 -0.999727 -0.0133205
3.88017 2.31121 -52.9907 0.0132823 -0.999807 -0.0144846
5.59794 2.29957 -51.2715 0.0044598 -0.999854 -0.0165239
7.58711 2.26108 -49.2812 -0.000195269 -0.999809 -0.0195353
9.34939 2.19566 -47.5163 -0.0197747 -0.999453 -0.0265144
11.2669 2.09783 -45.5941 -0.0258254 -0.999213 -0.0301136
13.48 1.94153 -43.3724 -0.0371526 -0.998608 -0.0374327
15.1863 1.79962 -41.657 -0.0523275 -0.997814 -0.0403562
15.6286 1.75843 -41.2122 -0.0559559 -0.997508 -0.042972
18.6781 1.54589 -40.6693 -0.0650244 -0.996585 -0.0509
16.7372 1.75853 -42.626 -0.0581316 -0.997173 -0.0476128
14.8124 1.93388 -44.5617 -0.0435555 -0.998366 -0.0369876
12.9722 2.07356 -46.4103 -0.0367298 -0.99863 -0.0372608
11.1311 2.17948 -48.2567 -0.0204827 -0.999453 -0.0259746
9.18433 2.26586 -50.2065 -0.0169395 -0.999578 -0.0235921
7.27306 2.31458 -52.119 -0.000604456 -0.999824 -0.0187596
5.49404 2.33847 -53.8996 0.0086328 -0.999885 -0.0124796
3.51958 2.34136 -55.8754 0.0172839 -0.999808 -0.00924368
1.84989 2.32152 -57.5462 0.0211195 -0.999744 -0.00814089
-0.0339079 2.29143 -59.4316 0.0289032 -0.999566 -0.00565287
-1.86897 2.23859 -61.2692 0.0347619 -0.999391 -0.00292905
-3.85003 2.17177 -63.2537 0.0386006 -0.999244 -0.00453673
-5.56042 2.10699 -64.9675 0.0456455 -0.998955 -0.00214003
-6.74568 2.05178 -66.1559 0.047716 -0.998861 0.000826934
-3.63497 2.18861 -65.5613 0.0389778 -0.999236 -0.00277698
-1.95534 2.24323 -63.8791 0.0344891 -0.999403 -0.00208342
0.0156656 2.30206 -61.9054 0.0327421 -0.99944 -0.00689437
2.12518 2.34697 -59.7936 0.0243675 -0.999681 -0.00665074
3.9755 2.36542 -57.942 0.0135981 -0.99989 -0.00588047
5.65474 2.36784 -56.2623 0.00872227 -0.999894 -0.0116251
7.36999 2.35043 -54.5465 0.00148848 -0.999893 -0.0145484
9.37286 2.3133 -52.5423 -0.00378125 -0.999872 -0.0155633
11.3405 2.23349 -50.5729 -0.021563 -0.999484 -0.0238206
13.4387 2.12219 -48.4699 -0.0306868 -0.999142 -0.0278042
15.2792 1.98522 -46.6218 -0.0451402 -0.998391 -0.0343106
17.0763 1.82697 -44.8146 -0.0613294 -0.997393 -0.0380122
19.049 1.61886 -42.8276 -0.0713772 -0.996493 -0.0436794
20.721 1.40867 -41.1372 -0.0871926 -0.994868 -0.0513351
21.0863 1.35661 -40.7674 -0.0904868 -0.994609 -0.0506498
23.1167 1.19646 -41.2458 -0.0937681 -0.994121 -0.0541326
21.4961 1.42603 -42.8874 -0.086508 -0.99514 -0.0470293
19.8314 1.63555 -44.5707 -0.0778671 -0.996044 -0.042817
18.1633 1.81839 -46.2521 -0.0609543 -0.997342 -0.0399147
15.9666 2.01303 -48.4612 -0.0476357 -0.998332 -0.0326065
14.1085 2.14974 -50.3264 -0.0371935 -0.998866 -0.0297252
12.1522 2.25617 -52.2852 -0.0235242 -0.999409 -0.0250628
10.3115 2.33473 -54.1271 -0.00689414 -0.999825 -0.0173693
8.51012 2.37041 -55.9292 -8.84146e-06 -0.999893 -0.0145963
6.81058 2.39005 -57.6289 0.00257948 -0.999895 -0.0142605
5.09483 2.39251 -59.3455 0.0150677 -0.999818 -0.0117265
3.39017 2.37788 -61.0509 0.018594 -0.999814 -0.00516534
1.26633 2.34483 -63.1765 0.0252289 -0.999645 -0.00852513
-0.828754 2.28615 -65.274 0.0326566 -0.999455 -0.00477151
-0.942169 2.28298 -65.3876 0.0326565 -0.999455 -0.00477143
1.83288 2.36793 -65.1323 0.0275615 -0.999618 -0.00218564
3.81559 2.40086 -63.1485 0.0200605 -0.999774 -0.0070333
5.77455 2.41946 -61.1889 0.0156449 -0.999852 -0.00718373
7.65058 2.41892 -59.3122 0.00262415 -0.999952 -0.00948639
9.49126 2.38926 -57.4714 -0.00778344 -0.999855 -0.0151461
11.23 2.34605 -55.7325 -0.0178902 -0.999718 -0.0156207
13.3577 2.25824 -53.6035 -0.0284908 -0.999297 -0.0243656
15.1739 2.15347 -51.7859 -0.0328963 -0.999078 -0.0275999
17.2611 1.9917 -49.6924 -0.0561248 -0.997801 -0.0352687
19.3021 1.80039 -47.6392 -0.0610345 -0.997511 -0.0353137
21.2342 1.58387 -45.6903 -0.07485 -0.996246 -0.043483
23.0529 1.34402 -43.8477 -0.0883097 -0.994703 -0.0525966
24.9372 1.05565 -41.933 -0.106494 -0.992926 -0.0525098
27.1718 0.826387 -42.1912 -0.110934 -0.992138 -0.0579256
25.5557 1.10209 -43.8435 -0.106348 -0.992408 -0.0617712
23.8519 1.35413 -45.5786 -0.0912066 -0.994776 -0.0458559
22.0901 1.58882 -47.3636 -0.0769831 -0.996136 -0.0422656
20.2934 1.79655 -49.176 -0.0665866 -0.997095 -0.0369932
18.557 1.96343 -50.9222 -0.0575136 -0.997694 -0.0360527
16.9228 2.10862 -52.5614 -0.0416376 -0.998715 -0.0288765
15.2715 2.21517 -54.2148 -0.0370429 -0.999125 -0.0193938
13.3274 2.30918 -56.1599 -0.024834 -0.999555 -0.0165495
11.6445 2.37317 -57.8427 -0.0152028 -0.999709 -0.018736
9.95478 2.41629 -59.5319 -0.00389416 -0.99992 -0.0120759
8.31126 2.43619 -61.175 -0.000275478 -0.999962 -0.0087022
6.60853 2.43659 -62.8778 0.00690683 -0.999962 -0.00522988
5.23759 2.43001 -64.2489 0.014161 -0.999878 -0.00663269
-13.7336 1.36766 -25.2254 0.0463973 -0.998841 -0.0127952
-12.869 1.39333 -24.3593 0.0408659 -0.999041 -0.0157132
-11.7124 1.42157 -23.201 0.0373172 -0.99916 -0.0169041
-10.8468 1.43555 -22.3345 0.0328603 -0.999332 -0.0160044
-9.8124 1.45239 -21.2992 0.0321391 -0.999339 -0.0169799
-8.96862 1.46147 -20.4549 0.023775 -0.999541 -0.0187655
-7.5454 1.4643 -19.0313 0.0216754 -0.999552 -0.0206214
-6.74826 1.46002 -18.2341 0.0149736 -0.999682 -0.0202774
-5.97766 1.45593 -17.4635 0.0133156 -0.999678 -0.0215967
-5.17575 1.4469 -16.6616 0.0116575 -0.999669 -0.0229161
-4.40087 1.43823 -15.8867 0.00877234 -0.999663 -0.0244331
-4.29024 1.43596 -15.7761 0.00536205 -0.999715 -0.0232731
-27.8077 0.531767 -39.3603 0.0802383 -0.996775 -0.00100098
-26.9213 0.601798 -38.4683 0.0800367 -0.996791 -0.00125689
-26.1348 0.663082 -37.6769 0.078964 -0.996875 -0.00212072
-25.2871 0.728416 -36.8242 0.0774558 -0.996994 -0.00208125
-24.4753 0.788432 -36.0078 0.0759242 -0.997111 -0.00228624
-23.4382 0.863487 -34.9651 0.0724413 -0.997364 -0.0042208
-22.1778 0.94877 -33.6982 0.0723349 -0.997368 -0.00491587
-21.3098 1.00528 -32.8261 0.069211 -0.997593 -0.00425197
-20.5473 1.05366 -32.0602 0.0672723 -0.997703 -0.00794577
-19.2769 1.1273 -30.7844 0.0662304 -0.997769 -0.00837995
-18.4641 1.16896 -29.9687 0.061146 -0.998076 -0.0102769
-17.6873 1.20853 -29.1892 0.0583244 -0.998238 -0.0109324
-17.6363 1.21077 -29.1381 0.0554913 -0.998401 -0.0108235
16.634 0.370172 -9.94992 -0.0977236 -0.994691 -0.0322448
15.722 0.482024 -10.868 -0.0921539 -0.995188 -0.0332804
14.8084 0.598422 -11.7874 -0.0887207 -0.995434 -0.0352231
13.9771 0.701663 -12.6235 -0.0803371 -0.996174 -0.0344107
12.9594 0.814484 -13.6457 -0.0762732 -0.996498 -0.034272
12.1919 0.891917 -14.416 -0.067126 -0.99718 -0.0335486
11.3241 0.985078 -15.2867 -0.063119 -0.997336 -0.0365692
10.0461 1.10428 -16.5675 -0.0548741 -0.99799 -0.0316867
9.06756 1.189 -17.5476 -0.0546249 -0.998016 -0.0313033
8.1143 1.27112 -18.5021 -0.0498136 -0.998239 -0.0322091
7.27429 1.33411 -19.3425 -0.0391512 -0.998573 -0.0363244
6.35482 1.40215 -20.2622 -0.0330933 -0.998868 -0.034165
5.53783 1.45717 -21.0791 -0.0301932 -0.998985 -0.0334383
4.89751 1.49558 -21.7191 -0.027309 -0.999094 -0.0326425
10.0838 1.18394 -19.0533 -0.0564957 -0.997831 -0.0337971
10.8741 1.10941 -18.2615 -0.0597103 -0.997626 -0.0343031
11.9249 1.01003 -17.2087 -0.0665433 -0.997255 -0.0324595
12.7377 0.925179 -16.3932 -0.0733739 -0.996767 -0.0327279
13.8121 0.804062 -15.3148 -0.0792873 -0.996274 -0.0339234
14.817 0.683744 -14.3049 -0.0826285 -0.996004 -0.033885
15.7652 0.56865 -13.3514 -0.0887 -0.995428 -0.0354226
16.6924 0.447497 -12.418 -0.100268 -0.994339 -0.0351707
17.1035 0.392032 -12.0038 -0.100496 -0.994376 -0.033412
29.0676 0.640502 -42.7898 -0.119262 -0.991088 -0.0593384
28.2217 0.794 -43.6604 -0.121059 -0.99088 -0.059166
26.9386 1.01331 -44.9767 -0.107656 -0.992818 -0.052188
26.1385 1.14221 -45.7972 -0.110078 -0.992658 -0.0501318
25.3919 1.25601 -46.5582 -0.0986071 -0.99404 -0.0464863
24.5256 1.38328 -47.439 -0.0934473 -0.994605 -0.0450307
23.4936 1.51951 -48.4861 -0.0871635 -0.995249 -0.0433894
22.632 1.62872 -49.3568 -0.0804603 -0.995817 -0.0432876
21.6971 1.74079 -50.2995 -0.069195 -0.996923 -0.0368291
20.3489 1.87793 -51.6546 -0.0647284 -0.997347 -0.033292
19.4927 1.96305 -52.5136 -0.0600199 -0.997389 -0.0401638
18.5555 2.05249 -53.4534 -0.052819 -0.998045 -0.0334024
17.5587 2.13027 -54.4523 -0.0401882 -0.998971 -0.0210183
16.6376 2.18717 -55.3746 -0.0383661 -0.999016 -0.022249
15.5189 2.24998 -56.4937 -0.0339233 -0.999191 -0.0216125
14.7069 2.29176 -57.3056 -0.0317903 -0.999332 -0.0180532
13.8538 2.33181 -58.1584 -0.0258644 -0.999499 -0.0182316
12.9897 2.36959 -59.0221 -0.0246013 -0.999575 -0.0156404
11.8557 2.40645 -60.1552 -0.0146637 -0.999802 -0.0134824
11.0476 2.42827 -60.9628 -0.0142692 -0.999821 -0.0124009
10.1206 2.44055 -61.8893 -0.00214521 -0.999976 -0.00651729
9.38284 2.44694 -62.6267 -0.00273534 -0.999971 -0.00717122
13.8143 2.37476 -60.7215 -0.0225294 -0.999627 -0.015419
15.6073 2.29843 -58.9305 -0.0285621 -0.999395 -0.0198224
17.0273 2.21976 -57.5115 -0.0357891 -0.999075 -0.0238381
18.6646 2.11258 -55.8734 -0.048249 -0.998626 -0.0204694
20.1757 1.99152 -54.36 -0.0607001 -0.997688 -0.0305548
21.9557 1.80314 -52.5758 -0.06754 -0.997011 -0.0375076
23.4774 1.63639 -51.0463 -0.0782078 -0.996026 -0.0426112
25.1386 1.41164 -49.3707 -0.0896669 -0.994829 -0.0476897
26.7734 1.17265 -47.7068 -0.105644 -0.993027 -0.0523099
28.3486 0.909318 -46.088 -0.113174 -0.992167 -0.0528775
29.8515 0.647917 -44.532 -0.117157 -0.991486 -0.0568276
30.5336 0.524023 -43.8257 -0.126819 -0.990113 -0.0599465
31.2006 0.546109 -45.6992 -0.124762 -0.990679 -0.0546692
29.4253 0.863452 -47.5575 -0.115116 -0.991985 -0.0520909
27.9588 1.11827 -49.0685 -0.105644 -0.993027 -0.0523098
26.1731 1.3819 -50.8748 -0.0994009 -0.99396 -0.0465129
24.5983 1.59542 -52.4576 -0.0861687 -0.995712 -0.0336465
23.0284 1.77642 -54.0334 -0.0764451 -0.996394 -0.0368129
21.3357 1.95707 -55.7287 -0.0649711 -0.997419 -0.0305697
20.0962 2.06567 -56.9695 -0.0565218 -0.998179 -0.0210509
25.8641 1.53067 -53.732 -0.086238 -0.995508 -0.0390752
27.3774 1.31922 -52.213 -0.100571 -0.993999 -0.0430326
29.1449 1.05521 -50.4285 -0.112785 -0.992526 -0.0465983
30.6515 0.792902 -48.8833 -0.12434 -0.990625 -0.0565878
32.0464 0.533616 -47.4121 -0.129629 -0.989965 -0.0562639
32.7092 0.560526 -49.3777 -0.131922 -0.989514 -0.0588066
31.2171 0.834151 -50.8987 -0.124667 -0.990781 -0.0530154
31.1337 0.849064 -50.9814 -0.120088 -0.991401 -0.051989
