-27.4081 70.4377 -25.1501 0.55432 0.724174 0.410015
-27.1534 70.7196 -25.9836 0.563612 0.714814 0.413984
-26.3952 70.0085 -25.736 0.547778 0.732207 0.404738
-26.9532 69.8749 -24.744 0.54503 0.733534 0.406041
-27.0051 69.9029 -24.725 0.545032 0.733532 0.406043
-27.5261 69.86 -23.995 0.53342 0.729726 0.427743
-26.7782 69.324 -24.017 0.534375 0.730783 0.424725
-25.981 69.2224 -24.8633 0.535637 0.743962 0.399516
-25.7991 69.5624 -25.7359 0.552908 0.732032 0.397932
-25.9488 70.0707 -26.4734 0.558034 0.731864 0.391119
-26.6795 70.8426 -26.8666 0.560829 0.726951 0.396244
-27.6167 71.3446 -26.4322 0.566733 0.718741 0.402579
-28.0379 71.2038 -25.61 0.567354 0.712667 0.412572
-28.1822 70.8347 -24.7761 0.557884 0.699051 0.447318
-27.6795 70.0471 -24.1228 0.53342 0.729725 0.427745
-28.1493 69.9333 -23.3428 0.53297 0.727071 0.432757
-28.7578 70.6121 -23.7126 0.560712 0.693548 0.45232
-28.8542 71.3853 -24.7905 0.576157 0.689442 0.438868
-28.5826 71.6881 -25.6514 0.589529 0.686735 0.425266
-28.268 71.9072 -26.48 0.589118 0.712745 0.380702
-27.6672 71.8138 -27.2137 0.579879 0.714224 0.391951
-26.8993 71.4447 -27.6592 0.562181 0.726134 0.395831
-26.2175 70.894 -27.6131 0.576048 0.723351 0.3807
-25.5448 70.2008 -27.3138 0.570898 0.729277 0.377034
-25.24 69.6186 -26.6351 0.556172 0.732923 0.391786
-25.1543 68.9775 -25.579 0.561018 0.724022 0.401313
-25.3451 68.6182 -24.5907 0.554113 0.736626 0.387026
-26.0825 68.6636 -23.7392 0.51905 0.739288 0.428999
-27.015 68.9512 -23.0772 0.531095 0.732384 0.42609
-27.739 69.5311 -23.1753 0.529157 0.73359 0.426426
-27.7873 69.5768 -23.1933 0.532528 0.724411 0.437771
