-4.22113 74.6489 -52.401 0.552867 0.833245 -0.00588611
-5.37624 75.4237 -52.5178 0.559967 0.828507 0.00177265
-6.30496 76.0556 -52.6837 0.560785 0.827952 0.00200153
-7.57381 76.9189 -52.6899 0.564725 0.825272 0.00351334
-8.64369 77.6496 -52.7617 0.560899 0.827857 0.0067231
-9.58833 78.2914 -52.7999 0.565264 0.824854 0.00832306
-10.5549 78.9495 -52.8826 0.55583 0.831219 0.011331
-11.4928 79.5735 -52.8543 0.551907 0.833884 0.00581228
-12.5045 80.2371 -52.9014 0.547711 0.8366 0.0106409
-13.9657 81.1889 -53.061 0.541735 0.840409 0.0153229
-15.0428 81.8835 -53.2206 0.540166 0.841487 0.0109525
-16.4437 82.7767 -53.293 0.537497 0.843232 0.00757629
-17.8007 83.6399 -53.2869 0.533923 0.845514 0.00318377
-18.8519 84.3043 -53.4988 0.532859 0.846197 -0.00257445
-19.8654 84.9459 -53.5289 0.537664 0.843145 -0.00485031
-20.9419 85.6326 -53.5612 0.53932 0.841992 -0.0135428
-22.2922 86.5177 -53.6312 0.555141 0.831433 -0.0231965
-23.8616 87.5885 -53.8062 0.575519 0.817201 -0.0309949
-24.9833 88.4107 -53.4558 0.597398 0.800931 -0.0403151
-25.5292 88.8752 -52.4646 0.605289 0.795077 -0.0376114
-26.0762 89.3488 -51.3144 0.616409 0.78637 -0.0407657
-26.5718 89.7956 -49.9203 0.635785 0.771229 -0.0313507
-26.8481 90.0601 -48.7859 0.63679 0.7708 -0.0176878
-26.9304 90.1611 -47.6105 0.641632 0.766741 -0.0204277
-27.0304 90.2752 -46.4666 0.642164 0.766309 -0.0198804
-27.0209 90.2921 -45.1462 0.652905 0.757263 -0.0163919
-26.8323 90.1455 -43.9483 0.656416 0.754358 -0.00784278
-26.5055 89.8672 -42.7548 0.652831 0.757407 -0.00257452
-26.1144 89.5338 -41.7401 0.649733 0.760104 0.00939486
-25.5091 89.0035 -40.6153 0.650548 0.759418 0.00848047
-24.8505 88.4139 -39.5987 0.648025 0.761403 0.0181577
-24.0283 87.6548 -38.4018 0.645696 0.762658 0.0378109
-23.3588 87.0385 -37.6731 0.645856 0.761658 0.0524184
-22.662 86.3935 -36.9569 0.637057 0.768409 0.0601316
-21.8904 85.7085 -36.3167 0.629224 0.773792 0.0729527
-20.9307 84.8424 -35.5074 0.629502 0.771254 0.0943116
-20.1564 84.1558 -34.9417 0.612782 0.783871 0.100218
-19.0546 83.2154 -34.3311 0.601658 0.790875 0.111842
-18.1316 82.4511 -33.9767 0.600563 0.789511 0.126217
-17.1978 81.664 -33.5155 0.593814 0.792944 0.136045
-16.2712 80.9558 -33.4205 0.585729 0.79567 0.154062
-15.1906 80.1846 -33.4707 0.57479 0.803017 0.157272
-14.177 79.4785 -33.5185 0.564062 0.810873 0.155783
-13.2027 78.9175 -34.0784 0.558595 0.812503 0.166641
-12.298 78.439 -34.8199 0.550605 0.81952 0.158458
-11.5497 78.0911 -35.6358 0.548464 0.82357 0.144638
-10.9787 77.8864 -36.6412 0.541743 0.829128 0.138062
-10.2882 77.615 -37.7676 0.545807 0.828573 0.124582
-9.57263 77.2849 -38.777 0.541397 0.833243 0.112231
-8.94085 77.016 -39.8917 0.547561 0.830307 0.103766
-8.34797 76.7441 -40.9278 0.551787 0.829226 0.0889659
-7.62482 76.3645 -41.9303 0.551652 0.830384 0.0783728
-6.979 76.0268 -42.9696 0.556442 0.827819 0.0713336
-6.33039 75.6748 -44.0292 0.561989 0.824612 0.0646879
-5.59292 75.2439 -44.9437 0.562016 0.824594 0.0646704
-5.22992 75.0768 -46.0326 0.562424 0.824605 0.0608694
-4.92076 74.9427 -47.1303 0.558169 0.827893 0.0551307
-4.67709 74.8576 -48.4507 0.556113 0.830138 0.0401141
-4.44507 74.7563 -49.6168 0.554191 0.831826 0.029744
-4.0312 74.5171 -51.2395 0.554542 0.832072 0.0117969
-4.014 74.5117 -52.2425 0.553918 0.832564 -0.00356921
-4.08501 74.5435 -53.45 0.556768 0.830363 -0.0225128
-5.0464 75.1918 -53.4639 0.559727 0.828473 -0.0183784
-5.96475 75.817 -53.6205 0.566307 0.824133 -0.00988701
-7.05908 76.5669 -53.662 0.566431 0.824108 -0.00130623
-8.15252 77.3187 -53.7618 0.566474 0.82408 0.000619693
-9.22781 78.054 -53.8266 0.562176 0.827013 0.00275361
-10.3459 78.8129 -53.8184 0.559783 0.828639 -5.97256e-05
-11.3757 79.5034 -53.9833 0.553195 0.833032 0.00569012
-12.6005 80.3134 -53.9515 0.549564 0.835382 0.00994197
-14.1678 81.3335 -54.1366 0.542762 0.839849 0.00793152
-15.1659 81.9764 -54.2776 0.538278 0.84273 0.00570744
-16.1291 82.586 -54.3181 0.534256 0.845319 0.00243234
-17.1662 83.2418 -54.2443 0.533381 0.845872 -6.88989e-05
-18.1809 83.8791 -54.3701 0.532862 0.846194 -0.0025803
-19.3022 84.5809 -54.5822 0.529355 0.848368 -0.00712171
-20.3552 85.2402 -54.5428 0.535195 0.844586 -0.0146606
-21.4392 85.9257 -54.6133 0.53466 0.844659 -0.0258933
-22.6128 86.6883 -54.6471 0.551762 0.832963 -0.0414591
-23.8869 87.5409 -54.8777 0.572341 0.818289 -0.0530268
-24.8392 88.2125 -54.8501 0.599913 0.798036 -0.0569459
-25.6285 88.8432 -54.3284 0.599917 0.798025 -0.0570637
-26.1414 89.2985 -53.2711 0.619155 0.784226 -0.0404611
-26.5863 89.7054 -52.3003 0.626777 0.778406 -0.0351514
-27.0441 90.14 -51.1008 0.638658 0.768633 -0.0357195
-27.3772 90.4577 -50.0622 0.641156 0.766762 -0.0315567
-27.6495 90.7436 -48.8092 0.649188 0.760146 -0.0250055
-27.7462 90.876 -47.3495 0.665634 0.745965 -0.0215985
-27.8458 90.9986 -46.0693 0.663613 0.747913 -0.0156481
-27.7876 90.9719 -44.9095 0.668133 0.743831 -0.0177149
-27.519 90.7544 -43.5622 0.666534 0.745384 -0.0115781
-27.2223 90.5024 -42.4752 0.666178 0.745781 -0.00420924
-26.7896 90.1191 -41.3399 0.664787 0.74703 -0.000842704
-26.1991 89.5909 -40.1466 0.661585 0.749809 0.00949797
-25.4639 88.9186 -38.9495 0.661436 0.749429 0.0292374
-24.6863 88.1766 -37.7708 0.65747 0.752066 0.0456391
-23.9993 87.5378 -37.0516 0.648839 0.759062 0.0532266
-23.2426 86.8302 -36.2418 0.64642 0.760326 0.0632659
-22.5004 86.1397 -35.5712 0.647001 0.7592 0.0704215
-21.3586 85.077 -34.5696 0.629501 0.771255 0.0943115
-20.4099 84.226 -33.941 0.621112 0.77759 0.0972419
-19.6492 83.5554 -33.4725 0.613614 0.780938 0.116575
-18.7158 82.7719 -33.1381 0.609752 0.783403 0.120347
-17.9243 82.0747 -32.6842 0.608539 0.782118 0.133749
-16.8647 81.2125 -32.4384 0.594461 0.789708 0.151583
-15.982 80.5311 -32.3402 0.579626 0.796912 0.170193
-14.9038 79.7558 -32.3609 0.573639 0.800888 0.171801
-13.7138 78.9772 -32.6415 0.560373 0.810291 0.171496
-12.698 78.4136 -33.2897 0.553307 0.816023 0.167205
-11.7869 77.9612 -34.0902 0.541816 0.825006 0.160622
-11.0124 77.5974 -34.8618 0.542075 0.827447 0.146377
-10.2968 77.3372 -36.0131 0.541386 0.829529 0.137053
-9.72846 77.1427 -37.0809 0.538019 0.833221 0.127564
-9.02055 76.8314 -38.0696 0.540831 0.833056 0.116275
-8.44153 76.5843 -38.9969 0.539555 0.836012 0.0998156
-7.91681 76.3644 -39.9892 0.542394 0.834701 0.0951072
-7.02989 75.9049 -41.2222 0.551738 0.830559 0.075874
-6.40838 75.5753 -42.1843 0.55672 0.827665 0.0709483
-5.78078 75.2358 -43.2113 0.561916 0.824591 0.0655764
-5.06824 74.811 -43.9922 0.566487 0.821419 0.0660484
-4.53454 74.5457 -45.2715 0.563215 0.82407 0.0608073
-4.17567 74.3828 -46.3439 0.560962 0.825626 0.0605178
-3.91075 74.2902 -47.5582 0.558799 0.827683 0.0516944
-3.73703 74.2425 -48.7548 0.557775 0.828803 0.0441824
-3.38252 74.0707 -50.1523 0.542791 0.839289 0.0306094
-3.06526 73.8898 -51.4263 0.536573 0.843779 0.0112309
-2.54885 73.5519 -52.6719 0.540769 0.841061 -0.0125851
-3.05834 73.8706 -53.3103 0.540677 0.840888 -0.0239791
-3.80579 74.3569 -53.4274 0.556666 0.830436 -0.022333
-3.64891 74.219 -54.4285 0.556488 0.830178 -0.0335594
-4.79162 74.9912 -54.5386 0.565167 0.824339 -0.0324336
-5.83612 75.7139 -54.5928 0.570906 0.820895 -0.0140587
-6.78714 76.3712 -54.6927 0.567464 0.823337 -0.010073
-7.75181 77.0433 -54.7317 0.569298 0.822108 0.00626901
-8.92468 77.8472 -54.8344 0.565493 0.824744 -0.00397168
-9.90767 78.5191 -54.7867 0.561966 0.827157 0.00246655
-11.0322 79.2768 -54.9884 0.556816 0.830635 0.000946224
-12.1451 80.0227 -54.9515 0.552235 0.833577 0.0136413
-13.2786 80.7682 -55.1246 0.542766 0.839847 0.00787808
-14.3155 81.4406 -55.179 0.545036 0.838302 0.0135525
-15.4069 82.1362 -55.3051 0.532823 0.84616 0.0098607
-16.3529 82.7301 -55.2961 0.533269 0.845936 0.00412118
-17.6913 83.5675 -55.3095 0.53004 0.847958 -0.00491149
-18.9103 84.3274 -55.651 0.529353 0.848369 -0.00711501
-20.2161 85.1376 -55.5223 0.524168 0.851513 -0.0131147
-21.3533 85.8314 -55.6865 0.52315 0.851171 -0.0407013
-22.4063 86.4959 -55.6027 0.538419 0.840858 -0.0528364
-23.7211 87.3418 -55.8924 0.555303 0.828157 -0.0736088
-24.8923 88.1657 -55.8854 0.591765 0.802506 -0.0757893
-25.7731 88.8549 -55.6612 0.614499 0.786214 -0.0651959
-26.3973 89.4035 -54.8575 0.613712 0.787417 -0.0575209
-26.8996 89.8711 -53.7596 0.619543 0.784078 -0.037265
-27.3584 90.3064 -52.6565 0.632304 0.773025 -0.0512229
-27.7863 90.7293 -51.6047 0.639099 0.768003 -0.0415172
-28.0482 91.014 -50.5489 0.656256 0.753905 -0.0303409
-28.3368 91.3062 -49.4632 0.653588 0.756132 -0.0329888
-28.4841 91.5182 -48.0514 0.672551 0.739503 -0.028493
-28.6263 91.6948 -46.6095 0.677067 0.735548 -0.0234479
-28.592 91.6952 -45.4746 0.681945 0.731194 -0.0175106
-28.4547 91.5887 -44.2153 0.676289 0.736554 -0.0105937
-28.2327 91.4005 -43.0784 0.669286 0.74296 -0.00822468
-27.8142 91.0397 -41.8649 0.684064 0.729061 0.00210004
-27.4537 90.7172 -40.8111 0.669705 0.742612 0.000145208
-26.8223 90.1379 -39.5146 0.671492 0.740989 0.00585826
-26.3617 89.7002 -38.5708 0.6663 0.745251 0.0254037
-25.6071 88.9841 -37.551 0.670076 0.741546 0.0332872
-24.8485 88.2376 -36.5836 0.660456 0.74834 0.0606832
-24.0761 87.5118 -35.7719 0.652325 0.75604 0.053628
-23.3974 86.8643 -35.0707 0.656192 0.752059 0.0617961
-22.7113 86.2105 -34.4762 0.649094 0.756899 0.076032
-21.8513 85.3813 -33.7241 0.645589 0.756765 0.102575
-20.9727 84.5667 -33.1367 0.624649 0.772708 0.112856
-20.2409 83.8941 -32.598 0.618739 0.776972 0.11609
-19.3071 83.0945 -32.2273 0.619459 0.776249 0.117082
-18.4655 82.3475 -31.782 0.624176 0.769997 0.132323
-17.4965 81.4999 -31.5204 0.613258 0.771117 0.169697
-16.2739 80.5066 -31.2116 0.5905 0.787699 0.175613
-15.342 79.8517 -31.3582 0.573764 0.798988 0.179985
-14.16 79.0243 -31.4355 0.566034 0.801097 0.194138
-13.0962 78.3899 -31.8967 0.561932 0.808622 0.174251
-12.2092 77.9081 -32.4952 0.534187 0.826311 0.178479
-10.8893 77.2925 -33.7092 0.544422 0.822512 0.164557
-9.88245 76.8777 -34.8688 0.530673 0.835948 0.139916
-9.33825 76.6923 -35.8648 0.540554 0.828257 0.14762
-8.76282 76.5096 -37.0036 0.524367 0.84189 0.127517
-8.11089 76.2351 -37.9096 0.523605 0.845412 0.105433
-7.47828 75.9663 -39.0011 0.534624 0.839836 0.0939787
-6.87353 75.6907 -40.0152 0.540717 0.836521 0.0886429
-6.08535 75.2479 -40.8749 0.555321 0.82898 0.0661722
-5.55559 74.9737 -41.8348 0.552496 0.830344 0.0726472
-4.82035 74.5501 -42.7963 0.567786 0.821206 0.0569138
-4.2006 74.1883 -43.6885 0.567293 0.821049 0.0636921
-3.76945 73.9789 -44.7582 0.573182 0.815975 0.0751534
-3.4198 73.8362 -45.8977 0.556348 0.828035 0.0693975
-3.06421 73.7156 -47.443 0.553905 0.830306 0.0614926
-2.9081 73.6828 -48.5627 0.549591 0.83407 0.0477269
-2.51515 73.4928 -49.6866 0.542794 0.839287 0.030617
-2.25972 73.3632 -50.898 0.537707 0.842669 0.0265623
-1.88991 73.1425 -51.9448 0.535958 0.844211 -0.00754177
-0.935979 72.5709 -53.2873 0.485876 0.873756 -0.0217976
-1.25327 72.6569 -54.3234 0.518149 0.846227 -0.108382
-2.31574 73.359 -54.4118 0.528416 0.84841 -0.0312552
-3.26871 73.9679 -54.3853 0.545912 0.837022 -0.0360957
-3.54595 74.1506 -54.4125 0.554364 0.831622 -0.0328309
-4.66132 74.9336 -50.995 0.55304 0.833108 0.00878379
-4.89676 75.1009 -51.9472 0.55922 0.829 0.00562591
-5.68532 75.6326 -51.9324 0.561071 0.82776 0.00357105
-5.39988 75.4271 -50.7789 0.5599 0.828392 0.0166744
-5.06047 75.1583 -49.3484 0.559651 0.828268 0.0276012
-5.02701 75.1301 -49.2039 0.561373 0.826718 0.0373846
-5.42912 75.3114 -47.489 0.562277 0.825188 0.0539406
-5.69949 75.5639 -48.6996 0.56137 0.82672 0.0373795
-6.0446 75.8467 -50.1706 0.559987 0.828206 0.02215
-6.33513 76.0657 -51.3624 0.558853 0.829207 0.00990481
-6.49314 76.1782 -51.9976 0.559635 0.828722 0.00522428
-7.31999 76.7428 -52.1455 0.564721 0.825274 0.00351434
-6.98259 76.4995 -50.7882 0.562085 0.827004 0.0111993
-6.65983 76.2408 -49.4353 0.560203 0.827541 0.036724
-6.37636 75.9923 -48.1966 0.556598 0.829542 0.0453751
-6.09293 75.7249 -46.9232 0.559731 0.826844 0.0550492
-5.84529 75.4782 -45.7864 0.562491 0.82463 0.0599119
-6.42361 75.8006 -44.8224 0.561625 0.824866 0.0645978
-6.67254 76.0562 -45.9757 0.561757 0.825366 0.0565636
-6.93565 76.3119 -47.1705 0.560411 0.826443 0.0541372
-7.19333 76.5471 -48.3118 0.558273 0.828648 0.0409031
-7.47004 76.7918 -49.5192 0.556047 0.830108 0.0416295
-7.9327 77.1498 -51.428 0.556497 0.830724 0.0144694
-8.83025 77.7636 -51.8564 0.559931 0.828446 0.0123975
-8.55208 77.5563 -50.728 0.561891 0.827091 0.0141044
-8.23577 77.3016 -49.4051 0.557751 0.829128 0.038211
-7.93543 77.0364 -48.0952 0.557038 0.829378 0.0429029
-7.64934 76.7705 -46.8271 0.556492 0.829112 0.0537613
-7.34599 76.4757 -45.4506 0.558363 0.827445 0.0597072
-7.0861 76.2059 -44.2428 0.561262 0.825122 0.0644957
-7.03004 76.1474 -43.9821 0.558644 0.826673 0.0672897
-7.62182 76.4658 -43.0496 0.556236 0.828011 0.0707083
-7.95079 76.819 -44.5984 0.557126 0.82767 0.0676226
-8.26437 77.1312 -46.0322 0.555698 0.829437 0.0568638
-8.52981 77.3874 -47.2269 0.556156 0.829613 0.049333
-8.84502 77.6738 -48.6099 0.558372 0.828317 0.0459456
-9.15803 77.9488 -49.9634 0.558429 0.829076 0.0281307
-9.59359 78.2804 -51.746 0.563116 0.826303 0.0110658
-9.61345 78.295 -51.8262 0.563217 0.826234 0.0110976
-10.5434 78.9351 -52.3907 0.554742 0.831932 0.0122535
-10.176 78.6625 -50.9036 0.554339 0.832115 0.0171324
-9.8818 78.424 -49.6687 0.557377 0.829668 0.031338
-9.53955 78.1183 -48.1798 0.558761 0.828011 0.0467261
-9.22172 77.8213 -46.7752 0.555605 0.829624 0.055018
-8.95644 77.5637 -45.5796 0.55545 0.829622 0.0565939
-8.68541 77.2902 -44.3385 0.554979 0.829316 0.0650675
-8.37366 76.954 -42.8633 0.555652 0.82788 0.0765881
-8.21268 76.7723 -42.0875 0.556074 0.827392 0.0787579
-8.8179 77.0833 -41.1741 0.55179 0.829224 0.0889689
-9.05618 77.3608 -42.3353 0.552887 0.828924 0.0848565
-9.39716 77.7327 -43.961 0.553726 0.829944 0.0676756
-9.72147 78.0667 -45.4545 0.554261 0.830303 0.0582387
-10.0162 78.3539 -46.7784 0.555791 0.829483 0.0552682
-10.3346 78.6537 -48.1896 0.554457 0.83095 0.0458241
-10.6337 78.9171 -49.4842 0.550695 0.833838 0.038068
-10.9363 79.1655 -50.7596 0.555696 0.831209 0.0170994
-11.2493 79.3987 -52.0332 0.554062 0.832354 0.0142123
-11.2968 79.4336 -52.2258 0.554058 0.832357 0.0142186
-12.132 79.9854 -52.3727 0.549224 0.835493 0.0174557
-11.8005 79.7403 -51.0335 0.54692 0.837043 0.0154311
-11.4971 79.5019 -49.7666 0.551277 0.833518 0.0366283
-11.1768 79.2268 -48.3975 0.55329 0.831896 0.0426568
-10.9188 78.9899 -47.2644 0.553947 0.830928 0.0519705
-10.6098 78.6904 -45.8802 0.554844 0.829994 0.0570879
-10.3369 78.4212 -44.6517 0.554636 0.830042 0.0583894
-10.0605 78.1256 -43.3569 0.551679 0.830683 0.0749438
-9.81842 77.8565 -42.1969 0.553102 0.829107 0.0816115
-9.5702 77.5576 -40.9663 0.548278 0.830664 0.0968932
-9.38015 77.3198 -40.004 0.547557 0.83031 0.103766
-10.0146 77.6253 -39.1587 0.548474 0.828866 0.110259
-10.2452 77.9344 -40.3667 0.548009 0.830425 0.100403
-10.4896 78.2376 -41.5943 0.550384 0.829955 0.0908434
-10.7471 78.5343 -42.8442 0.552819 0.829803 0.076272
-11.0222 78.8364 -44.1474 0.554933 0.828637 0.0735491
-11.2893 79.1058 -45.3596 0.554638 0.829666 0.0634902
-11.5491 79.3613 -46.5299 0.553377 0.831024 0.0563282
-11.838 79.6326 -47.8089 0.554827 0.830652 0.0467418
-12.1257 79.8853 -49.051 0.549049 0.835045 0.0352938
-12.3991 80.1082 -50.205 0.543658 0.838939 0.0248663
-12.7473 80.3716 -51.6218 0.544326 0.838637 0.019931
-12.9113 80.4932 -52.2832 0.542736 0.839728 0.0171775
-13.7463 81.0349 -52.4025 0.542538 0.839884 0.0157108
-13.4381 80.8091 -51.1648 0.543626 0.839105 0.0192957
-13.1074 80.5563 -49.8158 0.544678 0.838304 0.0239213
-12.768 80.2782 -48.3906 0.548117 0.835451 0.0398613
-12.502 80.0414 -47.2349 0.549868 0.833449 0.054849
-12.1519 79.7045 -45.6721 0.552189 0.831812 0.0563587
-11.8913 79.4443 -44.4932 0.558028 0.827315 0.0644521
-11.63 79.1591 -43.2617 0.552341 0.829693 0.0808049
-11.3736 78.8736 -42.0439 0.547533 0.832022 0.0891453
-11.0691 78.4936 -40.513 0.546169 0.831329 0.102914
-10.8507 78.2078 -39.3906 0.546903 0.830015 0.109416
-10.6133 77.879 -38.1248 0.543898 0.830712 0.118714
-10.6104 77.8749 -38.109 0.543899 0.830712 0.118708
-11.2258 78.1248 -37.1064 0.541072 0.829618 0.137751
-11.4849 78.5194 -38.5685 0.547956 0.82741 0.123031
-11.7326 78.852 -39.8554 0.550916 0.828044 0.104088
-12.0429 79.2468 -41.4221 0.550763 0.828842 0.0983943
-12.29 79.5332 -42.6162 0.548547 0.831602 0.0868003
-12.5417 79.8182 -43.8174 0.550904 0.831144 0.075529
-12.7861 80.0737 -44.9457 0.549316 0.833533 0.0589519
-13.1007 80.3781 -46.35 0.549864 0.833451 0.0548458
-13.3914 80.6452 -47.6327 0.546493 0.83622 0.0456182
-13.6932 80.9038 -48.9175 0.545847 0.837197 0.0339591
-13.987 81.1373 -50.1292 0.54561 0.837695 0.024014
-14.2931 81.3671 -51.3659 0.543818 0.839019 0.0175837
-14.5871 81.5794 -52.5415 0.540931 0.840934 0.0149359
-15.4009 82.1037 -52.5697 0.53945 0.841919 0.0129006
-15.0324 81.8395 -51.0995 0.541855 0.840307 0.0166537
-14.7206 81.6053 -49.8419 0.54425 0.838508 0.0263923
-14.4465 81.3869 -48.714 0.546246 0.836924 0.0342407
-14.1638 81.1437 -47.5147 0.546766 0.836057 0.0453365
-13.898 80.902 -46.3556 0.547879 0.834799 0.0542215
-13.6411 80.6553 -45.2041 0.549126 0.833657 0.0589636
-13.3222 80.3249 -43.7366 0.547995 0.832962 0.0766604
-13.016 79.9782 -42.2828 0.549612 0.830786 0.0878766
-12.7704 79.6898 -41.0956 0.549165 0.829991 0.0976332
-12.5017 79.3468 -39.7385 0.552545 0.826404 0.108398
-12.2764 79.044 -38.5717 0.54831 0.82827 0.115433
-12.0532 78.7169 -37.355 0.550265 0.825183 0.127598
-11.9249 78.5088 -36.6025 0.549395 0.824 0.138525
-12.4809 78.6514 -35.2817 0.557179 0.817894 0.143532
-12.7765 79.1436 -37.001 0.549392 0.824003 0.138523
-13.0132 79.5014 -38.3058 0.556954 0.821149 0.124564
-13.3081 79.9033 -39.8381 0.554131 0.82632 0.100673
-13.554 80.2064 -41.0575 0.555459 0.826682 0.0897843
-13.8146 80.513 -42.3142 0.551133 0.830176 0.084025
-14.1065 80.8366 -43.6764 0.549179 0.832322 0.0751183
-14.3611 81.1003 -44.847 0.546398 0.835174 0.0627147
-14.6384 81.3709 -46.0999 0.547346 0.835135 0.054423
-14.9063 81.6156 -47.2616 0.545113 0.836995 0.0478625
-15.2716 81.9293 -48.808 0.545106 0.837562 0.0367243
-15.5721 82.1633 -50.0299 0.543606 0.838935 0.026084
-15.8918 82.3978 -51.3103 0.541724 0.840387 0.0168836
-16.2046 82.6157 -52.5426 0.537535 0.843165 0.0113739
-17.0432 83.1539 -52.6572 0.538763 0.842427 0.00711413
-16.6463 82.8796 -51.0945 0.540657 0.841112 0.0148258
-16.3184 82.6388 -49.7884 0.543737 0.838785 0.0280928
-15.9631 82.3589 -48.3362 0.543489 0.838731 0.0338957
-15.6341 82.0709 -46.9386 0.547428 0.835362 0.0499212
-15.2822 81.7439 -45.4038 0.545615 0.835894 0.0598801
-15.0146 81.4754 -44.1851 0.545621 0.835346 0.067051
-14.7137 81.1546 -42.8006 0.556721 0.827275 0.0753494
-14.4073 80.8096 -41.3641 0.557094 0.82602 0.0856603
-14.1665 80.5195 -40.1867 0.555399 0.82609 0.0954312
-13.9215 80.2011 -38.9464 0.557378 0.82324 0.10773
-13.6802 79.8587 -37.6692 0.559751 0.819679 0.121673
-13.4491 79.4975 -36.38 0.559371 0.817668 0.136101
-13.2265 79.1172 -35.0686 0.554473 0.818437 0.150731
-13.1927 79.0566 -34.8636 0.554471 0.818438 0.150736
-13.9125 79.4878 -34.5142 0.55988 0.814502 0.152054
-14.0986 79.8171 -35.6284 0.559805 0.815508 0.146851
-14.3294 80.1971 -36.9531 0.564932 0.815273 0.127203
-14.5496 80.5255 -38.1467 0.560819 0.820152 0.113283
-14.7882 80.8431 -39.3649 0.562716 0.820791 0.0982477
-15.0195 81.1335 -40.5163 0.558219 0.824123 0.0959884
-15.3043 81.4688 -41.8862 0.55692 0.826656 0.0805036
-15.5665 81.7559 -43.0959 0.555628 0.828266 0.0724705
-15.8232 82.0173 -44.2578 0.554064 0.830276 0.0604474
-16.1745 82.3574 -45.8119 0.551507 0.832279 0.056134
-16.4587 82.6168 -47.0303 0.546411 0.836218 0.0466313
-16.7732 82.8837 -48.3551 0.543187 0.838989 0.0323456
-17.0847 83.128 -49.6164 0.542155 0.839858 0.0265801
-17.4363 83.385 -51.0179 0.541646 0.840529 0.0114706
-17.7976 83.633 -52.4478 0.53805 0.842899 0.00480716
-17.833 83.6565 -52.5873 0.538942 0.842329 0.00477163
-18.7137 84.217 -52.8431 0.534741 0.845016 0.000988572
-18.3914 84.0075 -51.6053 0.539343 0.84205 0.00780002
-18.0517 83.77 -50.2589 0.546459 0.837309 0.0172032
-17.7466 83.5387 -49.0367 0.546773 0.836934 0.0240891
-17.4438 83.299 -47.8084 0.547117 0.836354 0.0342903
-17.118 83.0176 -46.4298 0.552238 0.83237 0.0468236
-16.83 82.7512 -45.1927 0.552818 0.831536 0.054222
-16.5644 82.4952 -44.0289 0.554016 0.830311 0.0604102
-16.2349 82.1558 -42.5425 0.555624 0.828269 0.072472
-15.9714 81.8631 -41.3136 0.56315 0.821944 0.0852703
-15.6991 81.5365 -39.996 0.563695 0.820808 0.0923129
-15.4703 81.2466 -38.8556 0.563189 0.819637 0.104946
-15.1972 80.8657 -37.4279 0.565784 0.815819 0.1197
-14.986 80.539 -36.2605 0.568137 0.812304 0.131844
-14.7775 80.1841 -35.0499 0.56878 0.809678 0.144606
-14.6141 79.8943 -34.0738 0.569956 0.806805 0.155612
-15.3688 80.4151 -33.9889 0.578512 0.802121 0.148073
-15.593 80.8101 -35.3152 0.577068 0.804652 0.139743
-15.7899 81.1384 -36.4473 0.574121 0.809334 0.123945
-16.0519 81.5184 -37.8362 0.568425 0.814347 0.117184
-16.3418 81.9015 -39.3088 0.565125 0.819727 0.0931716
-16.5839 82.1968 -40.4877 0.563012 0.822 0.085632
-16.8852 82.5392 -41.909 0.561826 0.823816 0.0753516
-17.1376 82.8081 -43.0606 0.556646 0.828214 0.0648646
-17.3944 83.0627 -44.195 0.559667 0.826784 0.0565715
-17.7236 83.3732 -45.61 0.553331 0.831377 0.0513488
-18.0371 83.6544 -46.9514 0.552365 0.832815 0.0362343
-18.3787 83.9347 -48.3552 0.549103 0.835303 0.0274579
-18.7084 84.1855 -49.6698 0.547037 0.836862 0.0203256
-18.9931 84.3904 -50.8057 0.542842 0.839815 0.00573684
-19.2863 84.5819 -51.929 0.540056 0.841627 -0.00167811
-19.47 84.6985 -52.6212 0.538732 0.842473 -0.00281661
-20.3322 85.2493 -52.7862 0.54548 0.838081 -0.00842942
-19.9407 85.0023 -51.3328 0.547714 0.836665 0.0007764
-19.6408 84.8012 -50.1736 0.543479 0.839347 0.0113091
-19.3543 84.5923 -49.038 0.546993 0.836891 0.0203111
-19.0131 84.3274 -47.6729 0.558482 0.829095 0.0264391
-18.7364 84.101 -46.5425 0.558979 0.82844 0.0350705
-18.4308 83.828 -45.2415 0.558342 0.828203 0.0483036
-18.0857 83.5011 -43.7626 0.559675 0.82678 0.0565642
-17.8238 83.2392 -42.6058 0.563232 0.823755 0.0647873
-17.5592 82.9548 -41.3945 0.565925 0.82154 0.0692937
-17.2888 82.6459 -40.1177 0.571384 0.816183 0.0858183
-16.9716 82.2515 -38.5595 0.574275 0.813788 0.0892057
-16.7352 81.9364 -37.3644 0.572704 0.812356 0.109942
-16.4882 81.5732 -36.052 0.574121 0.809335 0.123946
-16.2835 81.2249 -34.8635 0.57492 0.806437 0.138299
-16.1369 80.9724 -34.0072 0.578513 0.802121 0.148069
-16.9283 81.579 -34.174 0.585175 0.799373 0.13628
-17.1415 81.9411 -35.4037 0.585639 0.79974 0.132069
-17.3591 82.2746 -36.5883 0.583456 0.804364 0.112147
-17.5879 82.5963 -37.7782 0.575762 0.811769 0.0976146
-17.8527 82.9328 -39.0854 0.576506 0.812486 0.0866432
-18.0954 83.2228 -40.2481 0.576943 0.813122 0.0772677
-18.4211 83.5818 -41.7574 0.573656 0.816498 0.0651925
-18.704 83.8748 -43.0261 0.570094 0.819347 0.0605256
-19.0417 84.201 -44.4841 0.567386 0.822023 0.048504
-19.3117 84.4457 -45.6207 0.565744 0.823693 0.0382616
-19.5975 84.6917 -46.8147 0.557697 0.829381 0.0331982
-19.9219 84.9496 -48.1194 0.554152 0.832121 0.0221519
-20.2394 85.1851 -49.3729 0.55079 0.834524 0.0141619
-20.5603 85.4058 -50.6149 0.54645 0.837483 0.00386025
-20.859 85.5999 -51.7362 0.544551 0.838716 -0.00435901
-21.1889 85.8033 -52.945 0.538275 0.842538 -0.0197549
-21.2112 85.8156 -53.0267 0.538274 0.842538 -0.0197554
-21.9285 86.2973 -52.6925 0.559047 0.828912 -0.0192891
-21.4853 86.0243 -51.0714 0.55638 0.830833 -0.0125702
-21.1424 85.792 -49.7719 0.558011 0.829832 0.00153488
-20.7927 85.5426 -48.4101 0.560936 0.827794 0.0103601
-20.4899 85.3114 -47.2177 0.564575 0.825161 0.0190925
-20.1526 85.0334 -45.8402 0.565715 0.823713 0.0382476
-19.8287 84.7436 -44.486 0.577433 0.815528 0.038545
-19.5463 84.4758 -43.2783 0.578614 0.813864 0.0532186
-19.2321 84.1607 -41.897 0.578479 0.8138 0.0555958
-18.9266 83.8379 -40.515 0.575338 0.814813 0.0711743
-18.6585 83.5275 -39.2544 0.578548 0.811455 0.0826008
-18.412 83.2203 -38.0533 0.587983 0.803097 0.0964931
-18.1254 82.8306 -36.5863 0.59187 0.799631 0.101385
-17.899 82.4939 -35.369 0.59051 0.798453 0.117348
-17.76 82.2713 -34.5956 0.594086 0.794477 0.125974
-18.5301 82.8712 -34.6993 0.598552 0.793341 0.111114
-18.7627 83.2225 -35.9494 0.601113 0.792183 0.105399
-19.1136 83.7004 -37.7484 0.595865 0.79798 0.090408
-19.3704 84.0214 -38.9983 0.589785 0.803677 0.0791004
-19.6726 84.369 -40.41 0.587112 0.80709 0.0624869
-20.021 84.7279 -41.9555 0.588285 0.806998 0.0517188
-20.375 85.0771 -43.4938 0.585958 0.809281 0.0414516
-20.7069 85.3858 -44.8985 0.578316 0.814864 0.0393209
-21.0705 85.6933 -46.3824 0.572464 0.81953 0.0256072
-21.4561 85.9885 -47.9018 0.572428 0.819879 0.0111293
-21.7937 86.2314 -49.2067 0.567579 0.823306 0.00457073
-22.2276 86.5248 -50.8384 0.570941 0.820989 -0.00211936
-22.659 86.7963 -52.4167 0.566605 0.823871 -0.0139914
-22.8603 86.9109 -53.1341 0.555144 0.831431 -0.023197
-23.6552 87.4694 -53.1135 0.575519 0.817201 -0.0309906
-23.2557 87.2302 -51.6858 0.575027 0.817974 -0.0161668
-22.8637 86.9707 -50.237 0.573866 0.818949 -0.000105899
-22.5626 86.7608 -49.101 0.567512 0.823353 0.00449269
-22.1731 86.4866 -47.6252 0.580121 0.814531 0.000200788
-21.8119 86.2108 -46.2155 0.583197 0.812043 0.0216174
-21.4284 85.8926 -44.6658 0.584463 0.810952 0.0275878
-21.1303 85.6201 -43.4186 0.586396 0.808937 0.0419698
-20.7716 85.27 -41.8765 0.58679 0.808173 0.0503317
-20.4641 84.952 -40.5182 0.586764 0.807763 0.0568038
-20.1869 84.6534 -39.2647 0.599268 0.797648 0.0680825
-19.8349 84.2137 -37.562 0.592439 0.80093 0.0867626
-19.549 83.8344 -36.1247 0.597411 0.795896 0.0982273
-19.3416 83.5352 -35.0295 0.604763 0.78841 0.112565
-20.1876 84.2599 -35.5703 0.615636 0.782258 0.0952126
-20.4263 84.5876 -36.7969 0.609454 0.788422 0.0834035
-20.7286 84.9642 -38.2473 0.603351 0.793825 0.0762226
-21.0144 85.2928 -39.5719 0.600956 0.797087 0.0591901
-21.3096 85.6096 -40.8977 0.601514 0.797034 0.0540206
-21.6196 85.924 -42.2409 0.599679 0.799262 0.0395782
-21.9 86.1882 -43.4234 0.5981 0.800724 0.0334249
-22.2282 86.4777 -44.773 0.600323 0.799556 0.017941
-22.5498 86.7406 -46.0576 0.599363 0.800434 0.00840071
-22.8765 86.9865 -47.3224 0.5797 0.814829 0.00153868
-23.1867 87.2043 -48.4916 0.577152 0.816578 -0.00974511
-23.6194 87.5089 -50.1104 0.585796 0.810434 -0.00627496
-24.0324 87.7849 -51.627 0.586809 0.809465 -0.020529
-24.3604 87.9866 -52.7854 0.59139 0.80522 -0.0433388
-24.4596 88.0413 -53.1225 0.591387 0.805223 -0.0433406
-24.8489 88.3833 -51.7337 0.606618 0.794462 -0.0290618
-24.3917 88.0819 -50.088 0.600877 0.799173 -0.016381
-24.0837 87.8692 -48.9526 0.60595 0.79548 -0.00602953
-23.7755 87.6527 -47.8098 0.600208 0.799796 -0.00878148
-23.4531 87.4242 -46.5939 0.600331 0.799751 0.000171815
-23.1641 87.1942 -45.4548 0.599493 0.800278 0.0127643
-22.8056 86.8942 -44.0141 0.600413 0.799338 0.0237109
-22.5305 86.6421 -42.8695 0.605516 0.794995 0.0365058
-22.2012 86.323 -41.4854 0.605637 0.794757 0.0395701
-21.9386 86.0556 -40.3416 0.618202 0.784834 0.0431403
-21.6709 85.7738 -39.1579 0.619968 0.783208 0.0471733
-21.3017 85.3371 -37.4379 0.621994 0.77982 0.0707407
-21.0712 85.046 -36.326 0.62549 0.77616 0.0796165
-21.9486 85.8168 -37.0143 0.630911 0.773232 0.0637487
-22.2037 86.1198 -38.1982 0.618174 0.783218 0.0665621
-22.5362 86.4893 -39.6962 0.617974 0.784924 0.0447371
-22.8285 86.7885 -40.95 0.617783 0.785283 0.0409255
-23.1108 87.063 -42.1357 0.628842 0.77707 0.0268186
-23.4471 87.3705 -43.5298 0.619951 0.784298 0.0231648
-23.7918 87.6661 -44.9206 0.607927 0.793921 0.010735
-24.0809 87.8924 -46.0507 0.611937 0.790887 0.00559712
-24.4371 88.1627 -47.4152 0.613828 0.789378 -0.00987974
-24.8585 88.464 -48.9803 0.611105 0.791273 -0.0209071
-25.3232 88.7732 -50.6466 0.602409 0.798057 -0.0144224
-25.5156 88.9075 -51.3515 0.6179 0.785639 -0.0311627
-25.9292 89.269 -50.0711 0.620431 0.783983 -0.0209039
-25.6091 89.0473 -48.9266 0.631698 0.77486 -0.0234206
-25.1551 88.723 -47.2442 0.612032 0.790723 -0.0131917
-24.807 88.4645 -45.937 0.616154 0.787626 -0.000182544
-24.4433 88.1702 -44.5063 0.626131 0.779712 0.00311121
-24.1135 87.8901 -43.1891 0.628887 0.777415 0.0112979
-23.7544 87.5697 -41.7254 0.628814 0.777089 0.0269365
-23.473 87.2989 -40.5475 0.633177 0.773126 0.0369284
-23.1908 87.0018 -39.3208 0.634918 0.771429 0.0421356
-22.9347 86.7158 -38.1725 0.642271 0.764232 0.0586358
-23.8302 87.5124 -38.9127 0.643327 0.764522 0.0404518
-24.1054 87.8029 -40.1122 0.634326 0.772608 0.0266158
-24.3856 88.0686 -41.2751 0.634568 0.772569 0.0214611
-24.6768 88.3333 -42.4637 0.629309 0.77703 0.0139508
-24.9801 88.5945 -43.676 0.626467 0.779419 0.00669202
-25.2749 88.8372 -44.8368 0.625379 0.780321 -0.000678893
-25.6058 89.1006 -46.108 0.62637 0.779506 -0.00554849
-25.9093 89.328 -47.2416 0.626277 0.779496 -0.0127381
-26.3231 89.6324 -48.7681 0.631822 0.77498 -0.014403
-26.3655 89.6641 -48.9238 0.631694 0.774864 -0.0234161
-26.5633 89.8725 -46.8919 0.642697 0.765876 -0.0193358
-26.2575 89.6352 -45.7485 0.64198 0.766687 -0.00728667
-25.9522 89.3936 -44.5801 0.638464 0.769634 -0.00524197
-25.6269 89.1249 -43.3108 0.6422 0.766535 0.00154775
-25.2052 88.7637 -41.6436 0.639976 0.768277 0.0134805
-24.9445 88.5193 -40.5673 0.651119 0.758827 0.0149995
