-22.8565 72.7838 -14.4002 0.466699 0.77681 0.422567
-23.3206 73.4199 -15.0786 0.461311 0.781586 0.419898
-22.6874 73.3885 -15.6787 0.438533 0.786842 0.434243
-22.4241 72.6895 -14.6877 0.445184 0.776037 0.446407
-22.6478 72.5752 -14.2557 0.477309 0.763382 0.435098
-21.5634 72.0763 -14.5215 0.455094 0.761468 0.461581
-21.5809 72.8132 -15.7438 0.445179 0.776038 0.446411
-22.2202 73.6562 -16.6217 0.407413 0.799647 0.440506
-23.3843 74.3049 -16.7165 0.425894 0.811883 0.399325
-24.0861 74.1931 -15.7446 0.445656 0.798198 0.405304
-24.1673 73.6855 -14.6612 0.453048 0.795035 0.403321
-23.6765 72.6852 -13.3408 0.46849 0.769364 0.434277
-22.4708 71.7426 -13.0065 0.486124 0.757401 0.43592
-21.6474 71.7762 -13.9436 0.455095 0.761469 0.461577
-20.7181 71.2355 -14.0041 0.477416 0.740626 0.472808
-20.5616 71.8636 -15.1587 0.447551 0.766335 0.4609
-20.8958 72.9172 -16.5469 0.421413 0.777038 0.466808
-21.4121 73.6499 -17.3702 0.398929 0.813178 0.423788
-22.28 74.3478 -17.9271 0.383054 0.829699 0.404082
-23.5263 74.9488 -17.8821 0.43025 0.817782 0.382052
-24.5094 75.2037 -17.315 0.431949 0.791664 0.429506
-25.1145 74.823 -15.8711 0.437525 0.810919 0.388565
-25.1182 74.0654 -14.3642 0.449142 0.799424 0.398871
-24.7375 73.3676 -13.3779 0.460358 0.793451 0.397961
-24.2517 72.584 -12.4779 0.48974 0.76748 0.413679
-23.0928 71.5016 -11.9188 0.52158 0.735998 0.431579
-21.8057 70.9125 -12.3711 0.479069 0.746892 0.461135
-21.0649 70.9901 -13.2692 0.481033 0.746962 0.458973
-21.0316 71.0245 -13.3571 0.477419 0.740623 0.472809
