-0.498823 64.3239 11.9832 0.0933162 0.928054 0.360565
-1.58361 64.5207 11.7275 0.0750552 0.930359 0.358885
-2.57255 64.4246 12.149 0.0521259 0.928492 0.367624
-3.70238 64.2159 12.8175 0.0475438 0.928129 0.369209
-4.64137 63.9375 13.5634 0.0095943 0.928024 0.372398
-5.57623 63.5665 14.51 -0.0153534 0.938618 0.344616
-6.48984 63.2298 15.3744 -0.0486126 0.937505 0.34456
-7.50056 62.8767 16.1965 -0.0650887 0.941395 0.330968
-8.40413 62.5663 16.8848 -0.0859325 0.936324 0.340459
-9.24614 62.2706 17.4974 -0.100742 0.939204 0.328247
-10.0836 61.9774 18.0829 -0.0995526 0.939872 0.326695
-11.202 61.6925 18.4958 -0.126414 0.937604 0.32391
-12.5726 61.4172 18.6923 -0.143419 0.93596 0.321574
-13.6757 61.2158 18.7415 -0.162207 0.933099 0.320954
-14.8134 61.0603 18.5832 -0.174411 0.928714 0.327218
-16.009 61.0242 18.0436 -0.180628 0.924313 0.336183
-17.1097 61.0423 17.3897 -0.188905 0.923009 0.335214
-17.677 60.7312 17.9255 -0.192155 0.922292 0.335331
-17.5359 60.3839 18.9685 -0.193893 0.925114 0.326448
-17.3924 59.9644 20.25 -0.198926 0.926531 0.319324
-17.0072 59.649 21.4188 -0.202147 0.928496 0.311499
-16.509 59.3789 22.562 -0.205217 0.929637 0.30604
-15.911 59.1583 23.653 -0.207168 0.931252 0.299752
-15.1996 59.0246 24.5778 -0.209803 0.933277 0.291509
-14.3359 58.9169 25.5569 -0.209203 0.935737 0.283954
-13.4898 58.8442 26.4484 -0.213767 0.938793 0.270133
-12.4518 58.8236 27.3777 -0.211404 0.943575 0.254807
-11.2019 58.8152 28.486 -0.217126 0.948554 0.23044
-10.2706 58.8258 29.3261 -0.210419 0.95462 0.21077
-9.08339 58.9281 30.0177 -0.197024 0.960183 0.198064
-7.90481 59.0329 30.6863 -0.18481 0.967883 0.170434
-6.8737 59.1305 31.2276 -0.182162 0.970288 0.158669
-5.79868 59.2642 31.5206 -0.155332 0.976466 0.149592
-4.70455 59.4026 31.5727 -0.12334 0.984318 0.126116
-3.65324 59.542 31.3718 -0.0913751 0.989367 0.11315
-2.69479 59.6714 30.8984 -0.0660996 0.992812 0.0997744
-1.54377 59.8202 29.9729 -0.0210032 0.995545 0.0877519
-0.309021 59.9429 28.7572 0.0132752 0.992924 0.117988
0.486918 60.0365 27.7125 0.0454226 0.991819 0.119298
1.11068 60.1487 26.6886 0.0720643 0.98671 0.145239
1.92905 60.2695 25.5497 0.091931 0.980291 0.174571
2.25377 60.4363 24.4627 0.100449 0.978552 0.178835
2.56101 60.6014 23.4259 0.112508 0.973245 0.200341
2.70483 60.8554 22.1788 0.118405 0.966508 0.227691
2.63476 61.1445 20.9799 0.108341 0.967334 0.229186
2.55347 61.4358 19.8883 0.114228 0.958331 0.261829
2.4041 61.8348 18.5426 0.100265 0.955462 0.27756
2.31231 62.1901 17.3955 0.102554 0.94756 0.302675
2.10963 62.5455 16.3474 0.106808 0.947627 0.30099
1.66926 62.9485 15.2455 0.0979585 0.945043 0.311925
1.02538 63.4076 14.0865 0.101536 0.941366 0.321745
0.4363 63.7971 13.1553 0.0976649 0.935451 0.339623
-0.18305 64.1715 12.3019 0.0975603 0.932217 0.348502
0.667561 64.3078 11.7017 0.109693 0.931063 0.347978
1.26567 63.9001 12.6162 0.113354 0.936045 0.333122
1.98012 63.4367 13.6943 0.120617 0.940243 0.318424
2.4802 63.0642 14.6033 0.122421 0.942501 0.310852
2.88128 62.7104 15.5451 0.112391 0.947684 0.298752
3.19989 62.3593 16.5317 0.115388 0.946758 0.300559
3.36439 62.0219 17.5319 0.118371 0.947174 0.298076
3.43483 61.6771 18.6431 0.124306 0.951695 0.280734
3.54768 61.3474 19.7643 0.120473 0.959538 0.254505
3.58247 61.0371 20.9714 0.115752 0.965246 0.23431
3.68989 60.742 22.1675 0.120497 0.968421 0.21793
3.63025 60.478 23.3906 0.125352 0.970927 0.20393
3.25804 60.3237 24.4048 0.134503 0.973425 0.185348
2.88267 60.1053 25.9103 0.123499 0.977737 0.169401
2.09383 60.0356 26.959 0.0973056 0.98618 0.134067
1.34114 59.9328 28.1893 0.0837433 0.989252 0.119862
0.721963 59.8649 29.0961 0.0417529 0.992853 0.111774
-0.119 59.8068 29.9915 0.0297277 0.996678 0.0753687
-0.918813 59.7524 30.7209 -0.00436973 0.996955 0.0766655
-1.90523 59.6575 31.5461 -0.0620771 0.995699 0.0687772
-2.90897 59.5459 32.1688 -0.0879527 0.993665 0.0678497
-4.03326 59.3913 32.5962 -0.127252 0.98774 0.0904258
-5.15482 59.236 32.5762 -0.146125 0.984349 0.0972266
-6.21517 59.0735 32.5134 -0.174984 0.979571 0.0990893
-7.32822 58.9062 32.1197 -0.193138 0.969047 0.153769
-8.38021 58.7767 31.5442 -0.203466 0.964909 0.165119
-9.33339 58.6877 30.9367 -0.201325 0.96121 0.188243
-10.4309 58.5624 30.339 -0.217901 0.953492 0.208098
-11.4864 58.5037 29.4925 -0.224001 0.948451 0.223954
-12.5172 58.506 28.4936 -0.233808 0.940333 0.247032
-13.6124 58.4804 27.6266 -0.224927 0.938142 0.26323
-14.4747 58.5367 26.7244 -0.219614 0.935757 0.275911
-15.3844 58.6096 25.783 -0.215695 0.932675 0.289125
-16.0931 58.696 24.9843 -0.212647 0.93174 0.294351
-16.8844 58.8673 23.8828 -0.210409 0.931109 0.297934
-17.3557 59.0868 22.8807 -0.213307 0.927739 0.306232
-17.8099 59.2995 21.9351 -0.202713 0.927987 0.312644
-18.2499 59.5747 20.8348 -0.203008 0.926611 0.316488
-18.4588 60.0012 19.4908 -0.199377 0.923974 0.326376
-18.5921 60.3358 18.4826 -0.194433 0.922166 0.334374
-18.7407 60.7477 17.2831 -0.190294 0.918727 0.34602
-18.8282 61.1946 16.0602 -0.191809 0.91574 0.35303
-18.6594 61.6542 14.9643 -0.185908 0.914434 0.359513
-17.9633 61.7822 14.9908 -0.179063 0.917404 0.355396
-17.2207 61.5238 16.044 -0.179359 0.919559 0.349629
-15.9048 61.3968 17.0715 -0.178451 0.921874 0.343952
-14.6771 61.4103 17.6804 -0.171661 0.927175 0.332966
-13.4209 61.5741 17.8405 -0.157522 0.929973 0.332171
-12.1944 61.8244 17.6942 -0.142094 0.931623 0.334496
-11.0466 62.0588 17.5027 -0.129187 0.936059 0.327267
-10.0916 62.3796 16.9329 -0.100254 0.93475 0.340868
-9.23231 62.7021 16.2886 -0.0921184 0.934425 0.343911
-8.07287 63.1235 15.4151 -0.0600125 0.934751 0.350048
-7.11914 63.4758 14.6351 -0.0407798 0.935796 0.350175
-6.30838 63.8062 13.8902 -0.0186941 0.929896 0.366967
-5.38822 64.187 12.9444 -0.00486903 0.928228 0.371981
-4.59346 64.4462 12.285 0.0201049 0.926157 0.376405
-3.65626 64.6615 11.6972 0.0518031 0.926115 0.373668
-2.77604 64.8641 11.0743 0.0531973 0.924653 0.377078
-1.32084 64.904 10.7058 0.0740325 0.924708 0.373409
-0.230464 64.7072 10.9257 0.101708 0.928113 0.358015
0.401032 64.4373 11.4392 0.109697 0.931064 0.347974
1.20045 64.6055 10.7404 0.107792 0.930022 0.351275
0.243086 64.9789 10.0637 0.116282 0.926187 0.358586
-1.16085 65.3523 9.55533 0.110642 0.92432 0.365228
-2.21728 65.3378 9.83312 0.0774188 0.919086 0.386376
-3.38246 65.2495 10.2271 0.0565026 0.922256 0.382427
-4.33417 65.0226 10.9049 0.0517385 0.919765 0.389026
-5.74711 64.6087 11.9393 0.00582599 0.918764 0.394764
-6.82858 64.1194 13.0572 -0.0346218 0.922562 0.384055
-7.7725 63.7406 13.9021 -0.0426678 0.923625 0.380915
-8.6106 63.4173 14.5834 -0.0475398 0.924705 0.377703
-9.49267 63.0526 15.2967 -0.0918374 0.93028 0.35517
-10.3577 62.7153 15.9326 -0.107011 0.929834 0.351862
-11.2201 62.4037 16.4914 -0.130872 0.927095 0.351236
-12.2538 62.1708 16.7203 -0.146601 0.927927 0.342722
-13.492 61.8926 16.9252 -0.154828 0.926059 0.344154
-14.62 61.7272 16.8398 -0.168498 0.923252 0.345274
-15.8414 61.8059 16.0048 -0.175893 0.923177 0.341769
-16.6532 61.9492 15.2128 -0.174907 0.920481 0.349449
-17.6652 62.2229 14.0036 -0.176393 0.917301 0.356992
-18.2613 62.5653 12.8326 -0.164729 0.919921 0.355824
-19.0379 62.8222 11.8199 -0.147138 0.921641 0.359067
-19.4916 62.3196 12.8772 -0.173382 0.9136 0.367796
-19.5004 61.8372 14.0742 -0.184127 0.912328 0.365725
-19.8121 61.392 15.0307 -0.186824 0.912793 0.363188
-19.8342 60.9906 16.0367 -0.199283 0.912973 0.356044
-19.7326 60.605 17.0958 -0.202407 0.915228 0.348409
-19.6028 60.1235 18.4492 -0.204761 0.918303 0.338783
-19.4269 59.5901 20.0422 -0.208342 0.922202 0.325788
-19.0327 59.1303 21.6077 -0.22081 0.922753 0.315865
-18.6123 58.8759 22.6491 -0.217453 0.924692 0.312506
-18.2612 58.6283 23.6374 -0.216321 0.929923 0.297404
-17.5474 58.5108 24.5234 -0.215219 0.929912 0.298235
-16.8638 58.3411 25.5505 -0.213213 0.931426 0.294933
-16.0037 58.2557 26.4479 -0.224748 0.928368 0.29601
-15.1569 58.1909 27.3286 -0.226915 0.931139 0.285464
-14.3485 58.1337 28.1961 -0.235404 0.932093 0.275296
-13.4183 58.1119 29.1366 -0.243924 0.934384 0.259669
-12.4983 58.1575 29.8593 -0.242171 0.938498 0.246119
-11.2839 58.2342 30.8386 -0.240675 0.943018 0.229766
-10.0145 58.3896 31.6573 -0.21954 0.95639 0.192666
-9.0437 58.506 32.2717 -0.244851 0.957954 0.149573
-8.1109 58.6237 32.9264 -0.230604 0.964091 0.131719
-6.99127 58.8044 33.4882 -0.204571 0.973505 0.102169
-5.89453 59.0292 33.5312 -0.170181 0.980525 0.0979464
-4.75301 59.2164 33.561 -0.146431 0.987605 0.0559012
-3.30181 59.4308 33.5126 -0.1444 0.988359 0.0479018
-2.3175 59.5466 32.9273 -0.0724499 0.99635 0.0447938
-1.29906 59.6484 32.389 -0.0686172 0.996112 0.0550641
-0.319525 59.704 31.561 -0.0101009 0.998647 0.0452764
0.814452 59.7444 30.4964 0.0387311 0.998158 0.0379932
1.75188 59.7719 29.4183 0.0635226 0.993405 0.0954563
2.45215 59.8432 28.1453 0.106213 0.989768 0.0948313
3.41427 59.8635 27.0175 0.16026 0.977846 0.13466
3.97832 59.957 25.8564 0.140846 0.974066 0.177082
4.18797 60.1265 24.7484 0.14559 0.972756 0.18035
4.5493 60.279 23.7406 0.144434 0.96747 0.207705
4.66229 60.4969 22.6363 0.154726 0.963527 0.217871
4.56922 60.7949 21.4117 0.138337 0.963283 0.230106
4.67765 61.2024 19.7203 0.130908 0.959744 0.248504
4.47584 61.5405 18.605 0.14191 0.949306 0.2805
4.39252 61.8846 17.5498 0.124366 0.9459 0.299659
4.19944 62.2614 16.4363 0.12438 0.947301 0.295195
3.85333 62.6711 15.2548 0.125795 0.947946 0.292528
3.34407 63.1447 14.0217 0.140438 0.940934 0.308091
2.79045 63.5754 13.0007 0.115641 0.936707 0.330464
2.23583 63.9449 12.1602 0.116458 0.935132 0.334594
1.62624 64.3867 11.1724 0.119263 0.926721 0.356278
1.32436 64.5442 10.8669 0.109205 0.927878 0.356399
1.38904 60.3391 25.4124 0.064209 0.982107 0.17704
1.75489 60.4896 24.398 0.0867521 0.979009 0.184432
2.06726 61.2429 20.8329 0.105849 0.966804 0.232563
1.54996 60.9597 22.2523 0.0918225 0.971365 0.219132
1.04421 60.7012 23.6519 0.0781046 0.97839 0.191449
0.525405 60.4591 25.0771 0.069756 0.980599 0.183193
-0.0745948 60.207 26.7539 0.0457988 0.987702 0.149487
-0.555026 60.0218 28.1304 0.0126079 0.992699 0.119959
-2.03942 59.8415 29.5861 -0.0364737 0.993943 0.103667
-1.42725 60.0824 27.7922 -0.021865 0.990084 0.138767
-0.864366 60.3164 26.1786 0.0258789 0.986673 0.160647
-0.317994 60.5775 24.6664 0.0456754 0.979864 0.194372
0.296856 60.8899 22.9715 0.0614931 0.972242 0.225752
1.00686 61.2923 21.013 0.0813542 0.967739 0.238461
1.53909 61.6329 19.5289 0.0853384 0.963762 0.252745
1.85935 61.874 18.6046 0.100265 0.955462 0.27756
1.56766 62.6295 16.2601 0.0950258 0.948587 0.301916
1.13658 62.1826 17.8026 0.0859165 0.951537 0.295291
0.513416 61.7064 19.604 0.0765864 0.958161 0.275792
0.00319728 61.3716 21.0279 0.0660513 0.966224 0.249093
-0.558829 61.0324 22.5773 0.0462698 0.973736 0.22293
-1.08981 60.7253 24.0346 0.0271616 0.979251 0.200825
-1.66251 60.4305 25.6234 0.0122954 0.982184 0.187517
-2.2453 60.1449 27.2786 -0.00625372 0.986767 0.162026
-2.83488 59.8715 29.0304 -0.0490606 0.990156 0.131086
-3.32024 59.68 30.4388 -0.0771666 0.991034 0.109075
-3.40197 59.6459 30.6697 -0.0916122 0.989253 0.113956
-4.42952 59.5332 30.8219 -0.107374 0.986992 0.119658
-3.86357 59.7931 29.171 -0.0863187 0.987427 0.132425
-3.36335 60.0565 27.6454 -0.0290609 0.985475 0.167316
-2.80299 60.3546 26.0254 -0.0114204 0.984292 0.17618
-2.17336 60.7076 24.2351 -0.00513207 0.977073 0.212843
-1.61407 61.0421 22.6923 0.0249459 0.97212 0.233153
-1.0855 61.3703 21.2708 0.0440773 0.96577 0.255626
-0.502084 61.7755 19.6493 0.0774094 0.958365 0.274852
0.0331811 62.1885 18.1027 0.0855728 0.951423 0.295756
0.476539 62.5877 16.7039 0.0870948 0.947337 0.308168
0.862803 63.0228 15.2752 0.0907317 0.945529 0.312639
0.906121 63.0747 15.1027 0.0987957 0.945367 0.310676
0.211289 63.4591 14.172 0.0796244 0.941248 0.328194
-0.188367 62.9998 15.6165 0.0838232 0.946613 0.311283
-0.76302 62.4175 17.522 0.0572056 0.953936 0.294505
-1.23082 62.0298 18.8965 0.0532805 0.956243 0.28768
-1.82492 61.5878 20.5166 0.0307913 0.96439 0.262686
-2.37643 61.2137 22.0049 0.0137435 0.97067 0.240023
-2.92779 60.8622 23.5024 -0.0069471 0.977341 0.211558
-3.44499 60.5375 24.9868 -0.0308179 0.980546 0.193854
-3.92924 60.2505 26.3869 -0.0508092 0.980058 0.192107
-4.51262 59.9001 28.1431 -0.0753352 0.982134 0.172446
-4.98395 59.6307 29.6275 -0.114863 0.983886 0.137019
-5.39741 59.4175 30.8245 -0.116317 0.984182 0.133625
-6.35482 59.2829 30.8172 -0.149177 0.976978 0.152511
-5.81169 59.6081 29.1784 -0.113402 0.979687 0.165391
-5.36191 59.9091 27.7247 -0.0846929 0.979904 0.180596
-4.87407 60.2281 26.2146 -0.0661948 0.978633 0.19467
-4.29938 60.6042 24.516 -0.0313573 0.97818 0.20538
-3.79107 60.9561 23.0521 -0.018675 0.972941 0.230299
-3.24825 61.3323 21.5966 -0.00216022 0.967493 0.25289
-2.71728 61.7054 20.184 0.0151219 0.961236 0.275312
-2.20211 62.0888 18.824 0.0216797 0.956385 0.291304
-1.71882 62.5146 17.405 0.0332233 0.954089 0.297676
-1.1538 63.0749 15.5986 0.0665932 0.944692 0.321126
-0.730232 63.5497 14.1413 0.0800678 0.941109 0.328485
-0.400553 63.9369 12.9799 0.0842117 0.934404 0.346119
-1.14646 64.2463 12.3428 0.0876928 0.929406 0.358488
-1.62724 63.6836 13.9407 0.0570664 0.939183 0.338644
-2.0728 63.1843 15.4219 0.0389701 0.946561 0.320163
-2.59043 62.6498 17.0702 0.0212393 0.948254 0.316801
-3.15709 62.1549 18.67 0.0143991 0.957247 0.288915
-3.73444 61.7157 20.1841 -0.00532768 0.959977 0.28003
-4.37316 61.2473 21.8418 -0.0256711 0.967319 0.252261
-4.88053 60.8781 23.2467 -0.0434987 0.972754 0.227724
-5.44494 60.4559 24.9207 -0.0584197 0.976127 0.209195
-5.94942 60.0912 26.4773 -0.089303 0.976741 0.194939
-6.39477 59.7611 27.9248 -0.103941 0.977566 0.183199
-6.85679 59.4343 29.4305 -0.148978 0.973196 0.1752
-7.16101 59.231 30.3606 -0.164355 0.972975 0.162193
-7.98762 59.1499 29.9669 -0.178855 0.966248 0.185404
-7.54556 59.4994 28.5281 -0.136034 0.972172 0.190726
-7.11597 59.8437 27.0989 -0.116792 0.974642 0.190874
-6.65842 60.2097 25.5841 -0.0918959 0.971518 0.218423
-6.18484 60.5879 24.1055 -0.0741501 0.968843 0.236317
-5.63756 61.0231 22.5074 -0.0603007 0.968292 0.242433
-5.12 61.4215 21.1042 -0.0391832 0.96189 0.270615
-4.53107 61.8712 19.6035 -0.0291576 0.959762 0.279298
-4.00702 62.3037 18.2202 -0.016267 0.955919 0.29318
-3.40073 62.8476 16.5326 0.0212386 0.948254 0.316801
-2.85219 63.423 14.8109 0.0402292 0.941442 0.334768
-2.43194 63.9175 13.4327 0.0570474 0.932217 0.357375
-2.15249 64.2449 12.5381 0.0656657 0.930316 0.360833
-3.38692 63.9526 13.4522 0.0399673 0.935089 0.352152
-3.90542 63.3586 15.069 0.00287321 0.941277 0.337623
-4.39281 62.8613 16.5122 0.00264672 0.947786 0.318896
-4.93435 62.3708 17.9498 -0.011921 0.951129 0.308562
-5.56654 61.8375 19.6114 -0.0324504 0.958078 0.284663
-6.21655 61.3155 21.2955 -0.0618189 0.960349 0.271862
-6.79328 60.8388 22.91 -0.0868686 0.966245 0.242538
-7.24892 60.452 24.2992 -0.0970548 0.967533 0.233368
-7.74794 60.0159 25.9369 -0.121219 0.967316 0.222726
-8.19411 59.6174 27.4682 -0.14586 0.966258 0.2123
-8.63022 59.2367 28.9521 -0.172115 0.963631 0.20443
-8.82265 59.0686 29.5958 -0.186805 0.963403 0.192248
-9.59265 59.0421 29.0081 -0.191046 0.958704 0.210684
-9.19174 59.4258 27.6008 -0.172618 0.961266 0.214873
-8.76235 59.846 26.0749 -0.147546 0.963591 0.222985
-8.3471 60.2501 24.6423 -0.134523 0.961833 0.238286
-7.80763 60.7537 22.8859 -0.0892712 0.965268 0.245535
-7.27414 61.2185 21.369 -0.0812906 0.958047 0.274843
-6.6838 61.7165 19.8179 -0.0540523 0.953186 0.297516
-6.04062 62.2719 18.1515 -0.0383668 0.954141 0.296889
-5.45771 62.7947 16.6751 -0.0198251 0.945068 0.326272
-4.85401 63.3912 15.0024 0.00784091 0.937837 0.346988
-4.60814 63.653 14.2891 0.00413947 0.935486 0.35334
-6.17945 63.0406 15.9328 -0.0297497 0.939206 0.342064
-6.82767 62.4437 17.5494 -0.0473904 0.944217 0.325895
-7.59391 61.7638 19.4815 -0.0798754 0.950584 0.300016
-8.13925 61.2751 20.9233 -0.0939434 0.953761 0.285508
-8.61816 60.8317 22.282 -0.107242 0.957574 0.267491
-9.06031 60.3935 23.6991 -0.131029 0.957535 0.256824
-9.5537 59.883 25.4179 -0.138187 0.959563 0.245242
-9.9867 59.4253 27.0048 -0.169251 0.955877 0.240112
-10.3518 59.0219 28.3857 -0.19786 0.953285 0.228253
-11.1096 59.0258 27.7061 -0.210932 0.946911 0.242624
-10.7204 59.5003 26.1602 -0.179691 0.953389 0.242404
-10.2495 60.0429 24.387 -0.159625 0.9544 0.252272
-9.72042 60.6028 22.609 -0.128997 0.955452 0.265464
-9.2018 61.1264 21.0272 -0.103159 0.953481 0.283252
-8.60304 61.6936 19.4125 -0.0993555 0.948942 0.299394
-8.0045 62.2379 17.9135 -0.0673405 0.944404 0.321816
-7.62553 62.583 17.0056 -0.0665521 0.941235 0.331131
-9.09549 62.0831 18.0802 -0.100152 0.939538 0.327472
-9.6898 61.5235 19.5777 -0.112385 0.946192 0.303465
-10.237 60.9832 21.0932 -0.117935 0.947845 0.296111
-10.8014 60.3781 22.8701 -0.150357 0.949056 0.276922
-11.2113 59.8967 24.351 -0.164199 0.9504 0.264155
-11.6118 59.3933 25.92 -0.186627 0.949715 0.25142
-11.9169 58.9942 27.1746 -0.201373 0.947414 0.248707
-12.6361 59.0871 26.2618 -0.201904 0.944758 0.258199
-12.2717 59.5857 24.7557 -0.189283 0.944493 0.268522
-11.8847 60.0942 23.2344 -0.171418 0.944084 0.28164
-11.4374 60.6218 21.7036 -0.141979 0.946377 0.290195
-10.9575 61.1411 20.2635 -0.139949 0.942948 0.302098
-10.4431 61.6651 18.8881 -0.12062 0.943082 0.309913
-11.7452 61.2225 19.6616 -0.150354 0.940324 0.305261
-12.3431 60.5493 21.4575 -0.157191 0.942932 0.293548
-12.7715 60.0177 22.9524 -0.169499 0.94272 0.287312
-13.2057 59.4207 24.6778 -0.196979 0.939681 0.27964
-13.3543 59.2044 25.3087 -0.202692 0.940164 0.273876
-14.2136 59.1188 24.9666 -0.201144 0.939047 0.278803
-13.8067 59.7238 23.25 -0.186831 0.938956 0.288887
-13.3391 60.3567 21.5186 -0.178456 0.938026 0.297087
-12.9077 60.8912 20.0972 -0.157054 0.937556 0.310359
-12.6604 61.1696 19.3738 -0.146896 0.938181 0.313429
-13.7181 60.9279 19.553 -0.163562 0.932408 0.322279
-14.2141 60.2996 21.1781 -0.17385 0.936878 0.303373
-14.5951 59.7708 22.5987 -0.186571 0.936902 0.295643
-14.9446 59.2427 24.0438 -0.19896 0.936317 0.289355
-15.6077 59.475 22.8656 -0.197465 0.93387 0.298152
-15.1931 60.0881 21.2387 -0.182529 0.933524 0.308571
-14.7495 60.6911 19.6888 -0.178691 0.931015 0.318247
-14.655 60.8082 19.4009 -0.179232 0.930445 0.319605
-15.4453 60.8651 18.8005 -0.17441 0.928713 0.327221
-15.9272 60.2141 20.4139 -0.188513 0.929049 0.318324
-16.2557 59.731 21.6525 -0.195789 0.929443 0.312733
-16.8165 60.1162 20.1699 -0.199529 0.926074 0.320274
-16.3835 60.7315 18.6585 -0.184166 0.927192 0.326186
