-59.623 10.8982 -51.5659 0.0262205 -0.994344 -0.10228
-61.1059 10.7797 -50.9669 0.0374636 -0.993879 -0.103929
-62.5458 10.6347 -50.1231 0.0330869 -0.993617 -0.107784
-63.5418 10.5429 -49.5422 0.0299192 -0.993974 -0.105453
-64.4466 10.4442 -48.8684 0.0321142 -0.993673 -0.107578
-65.2566 10.3238 -48.0433 0.0345547 -0.992997 -0.112974
-66.0807 10.1846 -47.0719 0.0374853 -0.992633 -0.115153
-66.829 10.046 -46.1528 0.0404835 -0.992534 -0.115051
-67.457 9.91139 -45.2128 0.0400418 -0.992598 -0.114657
-67.9544 9.77377 -44.1896 0.0386516 -0.991706 -0.122308
-68.3593 9.57561 -42.8006 0.0377032 -0.99075 -0.130354
-68.5364 9.42473 -41.7051 0.0347842 -0.990578 -0.132408
-68.6169 9.2158 -40.2785 0.0269556 -0.989099 -0.144767
-68.4536 9.05973 -39.1818 0.0252967 -0.988916 -0.146287
-67.9704 8.85825 -37.8439 0.022632 -0.986584 -0.16168
-67.1218 8.7063 -36.7979 0.0204975 -0.986462 -0.162687
-66.1498 8.56557 -35.8518 0.0182186 -0.985962 -0.165976
-64.9173 8.51141 -35.3948 0.0127415 -0.985495 -0.169109
-63.598 8.61933 -35.9563 0.00942434 -0.984749 -0.173703
-62.4417 8.71863 -36.4379 0.0115848 -0.984471 -0.175162
-60.6975 8.8587 -37.1299 0.0128556 -0.985545 -0.168918
-59.6495 8.92778 -37.4698 0.00360472 -0.984972 -0.172676
-58.4283 8.96123 -37.6275 0.00841691 -0.983856 -0.178741
-57.3457 8.9873 -37.7295 0.00660972 -0.983445 -0.181084
-56.2384 8.99824 -37.7485 0.00660986 -0.983445 -0.181085
-55.1189 8.97057 -37.5859 -0.00295633 -0.983227 -0.1823
-53.7939 8.87721 -37.139 -0.00690886 -0.982747 -0.184827
-52.4819 8.78761 -36.7176 -0.00730991 -0.983358 -0.181499
-51.2969 8.58901 -35.7175 -0.00685639 -0.981877 -0.189394
-50.0243 8.36938 -34.625 -0.00438431 -0.981983 -0.188903
-49.3438 8.18632 -33.8213 -0.0156637 -0.977511 -0.210301
-48.7205 7.9824 -32.9199 -0.0180848 -0.977227 -0.211408
-47.9259 7.70877 -31.7386 -0.019978 -0.976126 -0.216249
-47.1675 7.40922 -30.4776 -0.0194501 -0.975309 -0.219984
-46.5636 7.13696 -29.3174 -0.0174982 -0.97459 -0.223269
-46.0134 6.88815 -28.2946 -0.017359 -0.973622 -0.227507
-45.2392 6.55177 -26.9213 -0.0184566 -0.973424 -0.228267
-44.6407 6.27054 -25.8036 -0.0191339 -0.971792 -0.235061
-43.8243 5.99027 -24.7539 -0.0265698 -0.969913 -0.241985
-42.6542 5.6781 -23.6434 -0.0266639 -0.969312 -0.244384
-41.6627 5.46697 -22.9215 -0.0279922 -0.969056 -0.24525
-40.4692 5.28558 -22.3517 -0.0301716 -0.967911 -0.249471
-39.2812 5.07136 -21.6725 -0.0287693 -0.967352 -0.251777
-37.4662 4.80938 -20.8592 -0.025926 -0.966956 -0.25362
-36.1465 4.66675 -20.4738 -0.0303577 -0.966573 -0.25459
-34.7325 4.60043 -20.3797 -0.0308685 -0.967625 -0.25048
-33.5062 4.50495 -20.1762 -0.0337351 -0.967477 -0.250699
-32.0363 4.4051 -20.0059 -0.0351572 -0.969045 -0.244355
-30.413 4.21271 -19.4728 -0.0347076 -0.968604 -0.246172
-29.1836 3.99639 -18.8025 -0.0386945 -0.967774 -0.248812
-28.2611 3.79182 -18.16 -0.0407492 -0.968155 -0.247013
-27.4192 3.57024 -17.4304 -0.0418761 -0.967508 -0.249334
-26.5175 3.32468 -16.6411 -0.043003 -0.966861 -0.251655
-25.674 3.10075 -15.9155 -0.0387908 -0.966728 -0.252846
-24.7826 2.87608 -15.1974 -0.039304 -0.966515 -0.253582
-23.8243 2.6477 -14.4859 -0.0328742 -0.965509 -0.258238
-22.8347 2.44669 -13.8443 -0.0319925 -0.96656 -0.254439
-21.9001 2.23829 -13.1702 -0.0319926 -0.96656 -0.254439
-20.6214 1.92373 -12.1318 -0.0316626 -0.966397 -0.255096
-19.0793 1.6003 -11.0613 -0.0267422 -0.967366 -0.251966
-18.135 1.40281 -10.4064 -0.0308942 -0.968175 -0.248358
-17.2138 1.22443 -9.825 -0.0302555 -0.968359 -0.247721
-16.2218 1.03783 -9.21506 -0.0301203 -0.968472 -0.247296
-15.3072 0.854747 -8.59953 -0.0254579 -0.968903 -0.246126
-14.298 0.676869 -8.03766 -0.0321975 -0.966775 -0.253594
-13.0269 0.600655 -7.92656 -0.0425711 -0.969237 -0.242408
-11.6015 0.611717 -8.19541 -0.035707 -0.970313 -0.239203
-10.1353 0.607599 -8.39757 -0.0356258 -0.97037 -0.238982
-8.5646 0.585977 -8.56893 -0.0406795 -0.972222 -0.230496
-7.4215 0.556595 -8.64674 -0.0473038 -0.972287 -0.228852
-6.3078 0.559588 -8.91328 -0.047729 -0.974013 -0.221395
-5.23516 0.590159 -9.28937 -0.0494233 -0.974213 -0.220149
-4.73326 0.78453 -10.2606 -0.0529855 -0.972883 -0.225146
-5.011 1.05645 -11.3955 -0.0544201 -0.974004 -0.219895
-5.48007 1.31284 -12.415 -0.0546696 -0.973948 -0.220082
-6.0723 1.61185 -13.6183 -0.0549895 -0.975158 -0.214578
-6.53819 1.86957 -14.6545 -0.0603269 -0.97461 -0.215608
-6.85956 2.1105 -15.669 -0.0639108 -0.975782 -0.209139
-7.34658 2.4597 -17.1687 -0.0675491 -0.976421 -0.205036
-7.88502 2.8097 -18.6574 -0.067712 -0.976401 -0.205076
-8.26895 3.17706 -20.2957 -0.0681584 -0.976943 -0.202328
-8.61823 3.53942 -21.9083 -0.0720123 -0.976873 -0.201331
-9.01851 3.81973 -23.1507 -0.0793475 -0.978273 -0.191535
-9.39781 4.04363 -24.1418 -0.0790612 -0.978445 -0.190773
-9.72376 4.29581 -25.2956 -0.0818469 -0.977923 -0.192265
-10.1366 4.54896 -26.4248 -0.0859081 -0.978679 -0.186568
-10.5194 4.80558 -27.5946 -0.0862167 -0.978403 -0.187864
-10.8615 5.15011 -29.2273 -0.0846443 -0.978615 -0.187476
-11.0991 5.45127 -30.7182 -0.0915004 -0.979774 -0.177965
-11.1051 5.66641 -31.8994 -0.0920117 -0.979695 -0.178131
-10.9789 5.90051 -33.2521 -0.0920117 -0.979695 -0.178132
-10.8407 6.06632 -34.3111 -0.0894855 -0.984055 -0.153716
-10.6657 6.2907 -35.7631 -0.0975345 -0.981671 -0.163723
-10.4805 6.50412 -37.1642 -0.0991988 -0.981687 -0.162637
-10.3615 6.79019 -38.9599 -0.0993427 -0.981597 -0.163092
-10.3061 6.99964 -40.3455 -0.106506 -0.983072 -0.149061
-10.2078 7.2541 -42.1225 -0.1068 -0.983931 -0.143036
-9.85208 7.4171 -43.5635 -0.10654 -0.984782 -0.137308
-9.47102 7.56539 -44.9227 -0.10654 -0.984782 -0.137308
-8.99721 7.73659 -46.6159 -0.112574 -0.985064 -0.130289
-8.40487 7.88155 -48.2517 -0.110346 -0.985989 -0.125097
-8.69205 8.05675 -49.3818 -0.113352 -0.986671 -0.11644
-9.24189 8.15524 -49.6914 -0.112922 -0.987583 -0.109158
-10.201 8.18372 -49.0741 -0.106811 -0.986465 -0.12441
-11.1633 8.22867 -48.6042 -0.108981 -0.986286 -0.123928
-12.1821 8.27621 -48.0667 -0.111151 -0.986107 -0.123447
-13.501 8.39662 -47.8339 -0.110773 -0.986266 -0.1225
-15.1783 8.60203 -48.0387 -0.102906 -0.98802 -0.115008
-16.3405 8.7332 -48.1793 -0.0964555 -0.987833 -0.121956
-17.4256 8.87601 -48.4492 -0.0993267 -0.987412 -0.123092
-18.5479 9.04327 -48.9209 -0.0933653 -0.987647 -0.12584
-19.5523 9.18536 -49.2876 -0.0926577 -0.988236 -0.121589
-21.078 9.38482 -49.778 -0.0906188 -0.989054 -0.116442
-22.2394 9.54133 -50.2165 -0.0896107 -0.98923 -0.115729
-23.3359 9.68747 -50.6267 -0.0881135 -0.990144 -0.108861
-24.4175 9.85815 -51.239 -0.0852014 -0.989111 -0.119998
-25.4187 10.0061 -51.743 -0.0858044 -0.988861 -0.121617
-26.4795 10.1593 -52.3183 -0.0642139 -0.990546 -0.121211
-27.3939 10.2933 -52.9421 -0.0633369 -0.99075 -0.120016
-28.5953 10.445 -53.5826 -0.0673881 -0.992384 -0.103102
-30.1517 10.6265 -54.3273 -0.0613762 -0.991925 -0.110988
-31.3765 10.7606 -54.8482 -0.0613761 -0.991925 -0.110988
-32.7138 10.8718 -55.1894 -0.033912 -0.994982 -0.0920826
-34.0134 10.9563 -55.3467 -0.0534157 -0.994243 -0.0928807
-35.403 11.0381 -55.4408 -0.0481884 -0.994872 -0.0888963
-36.6379 11.1031 -55.5269 -0.0449415 -0.994617 -0.09328
-38.1762 11.2023 -55.849 -0.0436632 -0.994314 -0.0971276
-40.0787 11.3029 -56.3828 -0.0269275 -0.995565 -0.0901379
-41.2026 11.3832 -57.0269 -0.0212961 -0.996007 -0.0866962
-42.3036 11.4753 -57.7906 -0.0259931 -0.996521 -0.0790527
-43.1868 11.5563 -58.6392 -0.0250089 -0.997438 -0.0670197
-43.9655 11.6393 -59.5839 -0.0250087 -0.997438 -0.0670194
-44.8316 11.7082 -60.5342 -0.014481 -0.998193 -0.0583184
-45.7462 11.7718 -61.4292 -0.0139288 -0.998359 -0.0555356
-46.7121 11.8285 -62.2226 -0.0133258 -0.998392 -0.0550942
-47.8161 11.8752 -62.844 -0.0105896 -0.999125 -0.0404491
-49.2535 11.8893 -63.0278 -0.00380901 -0.999139 -0.0413243
-50.2249 11.8407 -62.0982 0.00477686 -0.998229 -0.0589028
-50.9318 11.7392 -60.5892 0.0110118 -0.997867 -0.064303
-51.4047 11.6538 -59.3887 0.0111079 -0.997716 -0.0666222
-52.0252 11.5743 -58.3225 0.0133761 -0.997367 -0.0712079
-53.0934 11.4643 -57.0477 0.0139298 -0.997133 -0.0743823
-54.2139 11.3693 -55.9135 0.0105577 -0.997295 -0.0727434
-55.283 11.2545 -54.7169 0.0131836 -0.995951 -0.0889254
-56.5226 11.1393 -53.6079 0.0130611 -0.995957 -0.0888757
-57.4761 11.0578 -52.8348 0.0129513 -0.995441 -0.0943357
-58.7322 10.9603 -52.0474 0.0151247 -0.994837 -0.100357
-58.7385 10.9598 -52.0438 0.0149377 -0.994819 -0.100555
-59.1309 11.0393 -52.9615 0.0172259 -0.997599 -0.0670722
-58.1269 11.1094 -53.5938 0.0290886 -0.99606 -0.0837766
-56.8886 11.2207 -54.6055 0.0224086 -0.996379 -0.0820161
-55.9426 11.3134 -55.4739 0.0177352 -0.996168 -0.085446
-54.7172 11.439 -56.9418 0.0105577 -0.997295 -0.0727434
-53.6348 11.5232 -57.9391 0.0122438 -0.997214 -0.0735625
-52.8751 11.5983 -58.8344 0.0128225 -0.997601 -0.0680334
-52 11.7304 -60.6342 0.0110113 -0.997867 -0.064303
-51.4599 11.8142 -61.8894 0.0109147 -0.998017 -0.061984
-51.0013 11.8807 -62.8789 0.0119123 -0.998065 -0.061012
-49.6726 11.9409 -64.2372 -0.00380907 -0.999139 -0.0413243
-48.3846 11.9372 -64.2674 -0.00380901 -0.999139 -0.0413243
-47.2583 11.909 -63.828 -0.00977866 -0.999156 -0.0398992
-46.0515 11.8673 -63.1444 -0.011493 -0.999091 -0.0410527
-45.0813 11.8129 -62.334 -0.0139285 -0.998359 -0.0555355
-44.18 11.748 -61.4115 -0.014531 -0.998326 -0.0559775
-43.3706 11.6784 -60.3881 -0.0197445 -0.997816 -0.0626691
-42.5624 11.5896 -59.3641 -0.023612 -0.997433 -0.0676023
-41.552 11.5064 -58.4903 -0.0243832 -0.997358 -0.0684163
-40.6562 11.4366 -57.8099 -0.0251543 -0.997284 -0.0692302
-39.5768 11.3676 -57.2469 -0.024112 -0.995786 -0.0884167
-38.4125 11.3038 -56.9561 -0.0357219 -0.995997 -0.0819354
-37.2904 11.2462 -56.7746 -0.0512927 -0.99405 -0.0960888
-36.0421 11.166 -56.5336 -0.0460849 -0.994926 -0.0894311
-34.0618 11.0553 -56.397 -0.0502925 -0.994818 -0.0883625
-32.67 10.9618 -56.1786 -0.0339116 -0.994982 -0.0920834
-31.366 10.877 -55.9224 -0.0726304 -0.995418 -0.0621917
-29.5772 10.6802 -55.1767 -0.0721164 -0.992123 -0.102426
-28.6454 10.559 -54.6589 -0.0693197 -0.992341 -0.102205
-27.1278 10.3787 -53.9124 -0.0682503 -0.992209 -0.104223
-25.7165 10.185 -53.0477 -0.0820286 -0.991525 -0.100702
-24.323 9.98025 -52.3169 -0.0868097 -0.988921 -0.120411
-23.1129 9.79203 -51.7002 -0.101692 -0.98774 -0.118438
-22.1153 9.64477 -51.2266 -0.0881568 -0.990135 -0.108908
-20.4712 9.42906 -50.626 -0.0906186 -0.989054 -0.116441
-19.4458 9.29816 -50.323 -0.0916265 -0.988878 -0.117154
-18.1125 9.11341 -49.8145 -0.0952956 -0.989063 -0.112574
-17.1411 8.96192 -49.3749 -0.101826 -0.987908 -0.116915
-16.0764 8.81596 -49.07 -0.104168 -0.987729 -0.116367
-14.8027 8.6648 -48.9141 -0.102908 -0.988025 -0.114959
-13.4646 8.50991 -48.7808 -0.102796 -0.988034 -0.114991
-12.3687 8.42265 -49.0825 -0.111273 -0.98672 -0.118327
-11.2977 8.35781 -49.5491 -0.108022 -0.98702 -0.118794
-10.3354 8.32457 -50.1268 -0.109458 -0.987959 -0.109339
-9.32472 8.27909 -50.7276 -0.109458 -0.98796 -0.109339
-8.52936 8.26363 -51.4343 -0.116386 -0.987207 -0.108976
-7.02673 8.24923 -53.0292 -0.116728 -0.988304 -0.0981283
-6.14353 8.27406 -54.3066 -0.114619 -0.98851 -0.0985136
-5.88475 8.34712 -55.366 -0.114067 -0.988865 -0.0955777
-5.50999 8.41959 -56.5686 -0.113582 -0.988981 -0.0949491
-5.49354 8.54712 -58.1214 -0.116475 -0.98984 -0.0815441
-5.70665 8.69365 -59.5786 -0.117049 -0.989688 -0.0825647
-5.96219 8.8621 -61.2872 -0.114354 -0.990453 -0.0769807
-6.16502 8.99755 -62.7287 -0.117098 -0.9904 -0.0733138
-5.98327 9.08159 -64.3622 -0.113755 -0.991622 -0.0612003
-5.36963 9.07783 -65.4419 -0.115879 -0.991421 -0.0604175
-3.73181 8.93911 -66.3231 -0.117182 -0.991087 -0.063359
-2.72197 8.84333 -66.6931 -0.118223 -0.991022 -0.062425
-1.64654 8.74019 -67.1354 -0.119272 -0.99166 -0.0488375
-0.399824 8.60374 -67.4094 -0.118168 -0.991739 -0.0498734
0.892935 8.45784 -67.5528 -0.117828 -0.991721 -0.0510527
2.36046 8.29135 -67.7056 -0.117935 -0.991716 -0.0508975
3.53445 8.15422 -67.7227 -0.116665 -0.991437 -0.0586721
4.76119 8.00035 -67.562 -0.116596 -0.991444 -0.0586932
5.861 7.86172 -67.3614 -0.114766 -0.991578 -0.0599946
7.1489 7.69884 -67.1619 -0.115917 -0.99138 -0.0610604
8.40337 7.54406 -66.9889 -0.11217 -0.991601 -0.0643238
9.59754 7.32307 -65.8311 -0.115016 -0.990707 -0.0726054
9.28812 7.28318 -64.7581 -0.117386 -0.990349 -0.0735913
8.82422 7.24401 -63.5466 -0.118079 -0.989997 -0.0772234
7.95541 7.23078 -62.0266 -0.120698 -0.98952 -0.0791685
7.40237 7.2212 -61.0949 -0.122229 -0.989048 -0.0827281
6.65504 7.21561 -59.9316 -0.122385 -0.988993 -0.0831569
5.69586 7.23196 -58.7077 -0.122727 -0.988966 -0.0829676
4.43685 7.27574 -57.5118 -0.123118 -0.988091 -0.0922865
3.33864 7.31772 -56.4825 -0.124002 -0.988008 -0.0919987
2.30093 7.38366 -55.7972 -0.123988 -0.987771 -0.0945275
1.25413 7.43369 -54.9311 -0.125436 -0.987616 -0.0942373
0.157131 7.50298 -54.197 -0.124703 -0.987647 -0.0948786
-0.931903 7.55781 -53.3843 -0.122337 -0.987263 -0.101712
-1.96035 7.62463 -52.7959 -0.122337 -0.987263 -0.101712
-3.33513 7.7059 -51.9826 -0.117598 -0.987679 -0.103253
-4.44889 7.76819 -51.3292 -0.117627 -0.987484 -0.105064
-5.46456 7.81741 -50.654 -0.116255 -0.987318 -0.108109
-6.43545 7.83314 -49.7536 -0.115964 -0.987346 -0.108171
-7.25264 7.7688 -48.3862 -0.111031 -0.985969 -0.124647
-8.05394 7.54346 -45.9707 -0.108716 -0.985482 -0.130352
-8.58862 7.39251 -44.3675 -0.109557 -0.984923 -0.133799
-8.85716 7.27806 -43.3383 -0.107278 -0.984555 -0.138354
-9.15824 7.14565 -42.17 -0.108016 -0.984327 -0.1394
-9.22393 6.94721 -40.7729 -0.106506 -0.983072 -0.149061
-9.24715 6.7364 -39.3887 -0.107427 -0.98261 -0.15145
-9.36199 6.52948 -37.9996 -0.0992705 -0.981642 -0.162864
-9.55401 6.31577 -36.5925 -0.0991987 -0.981687 -0.162637
-9.80204 6.0849 -35.0486 -0.099363 -0.981802 -0.161835
-9.96057 5.92646 -34.002 -0.0966307 -0.981654 -0.164372
-10.108 5.59323 -32.0102 -0.0914461 -0.979809 -0.177798
-10.0094 5.26026 -30.2277 -0.0915544 -0.979738 -0.178131
-9.6878 4.93216 -28.6296 -0.0865255 -0.978127 -0.189161
-9.29877 4.6443 -27.3107 -0.0859079 -0.978679 -0.186568
-8.96496 4.423 -26.3035 -0.0850935 -0.978814 -0.186228
-8.53829 4.12957 -24.9388 -0.0812737 -0.979099 -0.186375
-8.06979 3.81554 -23.5224 -0.0790612 -0.978445 -0.190773
-7.77483 3.57396 -22.4156 -0.079634 -0.9781 -0.192298
-7.57547 3.33998 -21.3136 -0.0724175 -0.976245 -0.20419
-7.17746 3.0832 -20.2102 -0.0716578 -0.976869 -0.201441
-6.98083 2.81056 -18.96 -0.067935 -0.976672 -0.203702
-6.50815 2.55062 -17.8774 -0.0673862 -0.976441 -0.204995
-6.20673 2.30279 -16.796 -0.0674935 -0.976357 -0.205359
-5.84898 2.06861 -15.8023 -0.0676011 -0.976273 -0.205722
-5.46975 1.82068 -14.7523 -0.0689536 -0.975592 -0.208468
-4.98335 1.56292 -13.7206 -0.0693145 -0.975043 -0.210921
-4.48892 1.31093 -12.711 -0.0679089 -0.974758 -0.212666
-3.99866 1.0568 -11.7173 -0.0668868 -0.97437 -0.214772
-3.6664 0.812403 -10.7064 -0.0637725 -0.975453 -0.210739
-3.52272 0.429638 -8.98651 -0.0592988 -0.97465 -0.215732
-4.79558 0.352323 -8.33013 -0.0481603 -0.97443 -0.21947
-6.34325 0.339199 -7.94016 -0.0454958 -0.974362 -0.220337
-7.38255 0.329892 -7.70303 -0.0338421 -0.972144 -0.231929
-8.69375 0.350342 -7.5812 -0.0381158 -0.970133 -0.239559
-9.96574 0.35771 -7.40865 -0.0381158 -0.970133 -0.239559
-11.566 0.368977 -7.21472 -0.0355445 -0.970428 -0.23876
-12.7293 0.324964 -6.87339 -0.0297087 -0.969106 -0.244833
-14.4539 0.357306 -6.7956 -0.0320518 -0.967274 -0.251701
-15.5711 0.610937 -7.63951 -0.0211486 -0.966462 -0.255939
-16.5305 0.80314 -8.27758 -0.0244421 -0.966461 -0.255645
-17.568 0.991668 -8.89552 -0.024181 -0.966806 -0.254364
-18.6231 1.18922 -9.53054 -0.0282187 -0.966233 -0.25612
-19.5385 1.39051 -10.2043 -0.0264474 -0.96762 -0.25102
-20.9621 1.70379 -11.2558 -0.0270369 -0.967112 -0.252911
-22.0391 1.92566 -11.9634 -0.0317468 -0.966093 -0.256236
-23.4956 2.25471 -13.0319 -0.0308479 -0.966581 -0.254496
-24.609 2.50512 -13.8529 -0.0328742 -0.965509 -0.258238
-25.5312 2.74369 -14.6044 -0.0360453 -0.964415 -0.261923
-26.442 2.99064 -15.391 -0.0341335 -0.964331 -0.262489
-27.4418 3.24952 -16.21 -0.0343863 -0.964232 -0.262821
-28.2419 3.46276 -16.8879 -0.0331092 -0.96429 -0.262771
-29.2278 3.71177 -17.7014 -0.0303903 -0.965746 -0.257702
-30.2725 3.90681 -18.3057 -0.0317938 -0.965934 -0.256825
-31.3299 4.07008 -18.7944 -0.0310755 -0.966283 -0.2556
-32.3504 4.18882 -19.117 -0.0344415 -0.966187 -0.25553
-33.517 4.26233 -19.2385 -0.033735 -0.967477 -0.2507
-34.8151 4.36442 -19.4578 -0.0308685 -0.967625 -0.250481
-36.2744 4.41161 -19.477 -0.0280019 -0.967773 -0.250262
-37.635 4.55285 -19.8639 -0.0281417 -0.966764 -0.254105
-39.2578 4.75523 -20.4514 -0.0316127 -0.967746 -0.249935
-40.6185 5.01096 -21.2694 -0.031613 -0.967747 -0.249935
-42.076 5.2195 -21.9094 -0.0287301 -0.968075 -0.249009
-43.1403 5.46282 -22.7365 -0.027328 -0.969184 -0.244817
-44.0826 5.70172 -23.5813 -0.0266639 -0.969312 -0.244384
-45.134 6.01194 -24.697 -0.0265698 -0.969913 -0.241985
-45.7605 6.26587 -25.6931 -0.0191339 -0.971792 -0.235061
-46.2545 6.51852 -26.6974 -0.018795 -0.972608 -0.231664
-47.0287 6.83317 -27.9818 -0.0173592 -0.973622 -0.227507
-47.5651 7.10587 -29.0998 -0.024621 -0.973701 -0.226495
-48.2972 7.44637 -30.5422 -0.0202478 -0.975418 -0.219432
-49.1399 7.7687 -31.897 -0.019978 -0.976126 -0.216249
-49.8604 8.00449 -32.9419 -0.0130157 -0.977381 -0.211085
-50.5896 8.2166 -33.879 -0.0130293 -0.977379 -0.211095
-51.4693 8.35845 -34.5378 -0.00429043 -0.980129 -0.198249
-52.4617 8.54487 -35.4636 -0.00410937 -0.981155 -0.19318
-53.9944 8.70781 -36.2438 -0.00640977 -0.980868 -0.194568
-55.6146 8.8331 -36.8364 -0.00295633 -0.983227 -0.1823
-57.1792 8.81271 -36.7718 0.00581515 -0.983861 -0.178839
-58.5656 8.78123 -36.6437 0.0031225 -0.983871 -0.178833
-59.9527 8.72636 -36.3451 0.00263748 -0.983454 -0.18111
-61.5474 8.60483 -35.7392 0.0115852 -0.984471 -0.175162
-63.0045 8.47494 -35.1055 0.00942497 -0.98475 -0.173703
-64.0808 8.36459 -34.5198 0.00726432 -0.985028 -0.172243
-65.2271 8.29141 -34.1692 0.00596404 -0.982878 -0.184138
-66.6931 8.39214 -34.8453 0.0111988 -0.986995 -0.160358
-67.5954 8.54639 -35.8577 0.0124204 -0.987079 -0.159748
-68.4888 8.67015 -36.7115 0.0143475 -0.98775 -0.155381
-69.1419 8.89302 -38.1885 0.0143075 -0.987748 -0.155399
-69.4818 9.07669 -39.4769 0.0240871 -0.989145 -0.144955
-69.6748 9.23579 -40.5946 0.0241337 -0.989151 -0.144904
-69.585 9.39207 -41.7482 0.0352732 -0.991027 -0.128921
-69.4722 9.53348 -42.7989 0.0355257 -0.990936 -0.129552
-69.1571 9.71034 -44.0554 0.0386517 -0.991706 -0.122309
-68.6279 9.86432 -45.2097 0.0395991 -0.992661 -0.114263
-67.9414 10.0218 -46.3362 0.0404493 -0.992402 -0.116191
-67.1153 10.1891 -47.4663 0.0404162 -0.99227 -0.11733
-66.2378 10.3414 -48.4976 0.0344316 -0.993184 -0.111339
-65.1999 10.5032 -49.6381 0.0321135 -0.993673 -0.107579
-64.3392 10.592 -50.265 0.0336231 -0.99511 -0.092877
-63.3405 10.673 -50.7722 0.0335897 -0.995115 -0.0928287
-62.2536 10.7858 -51.4477 0.0417607 -0.994044 -0.100658
-61.0321 10.8929 -52.0231 0.0374836 -0.993874 -0.103966
-59.7881 11.002 -52.6175 0.0262207 -0.994344 -0.10228
-59.6027 11.0145 -52.7135 0.0160819 -0.996209 -0.0838137
-60.047 11.0765 -53.7502 0.0176875 -0.997584 -0.0671752
-60.9977 10.9944 -53.2153 0.0337774 -0.99614 -0.0810247
-62.5426 10.8659 -52.3745 0.0411641 -0.995623 -0.0839057
-64.0159 10.731 -51.6383 0.0376586 -0.994583 -0.0967197
-64.9682 10.6532 -51.149 0.0378413 -0.995032 -0.0919776
-65.7988 10.5529 -50.4368 0.0420472 -0.994957 -0.0910691
-66.7 10.4426 -49.6724 0.0434793 -0.994597 -0.0942658
-67.3597 10.3347 -48.848 0.04832 -0.994458 -0.0933752
-68.6439 10.0896 -47.176 0.0448254 -0.992365 -0.114899
-69.205 9.9516 -46.1621 0.0390857 -0.992872 -0.11257
-69.951 9.76949 -44.8381 0.0385665 -0.992638 -0.114819
-70.3706 9.64061 -43.8653 0.0356959 -0.990949 -0.129404
-70.6673 9.40953 -42.1785 0.0352725 -0.991027 -0.128921
-70.8805 9.23784 -40.9103 0.0350198 -0.991118 -0.128289
-70.7942 9.0922 -39.8009 0.0241792 -0.989158 -0.144853
-70.4402 8.94005 -38.7057 0.0242913 -0.988903 -0.146565
-70.0503 8.79313 -37.6496 0.0242729 -0.988905 -0.146556
-69.5079 8.57466 -36.1986 0.0140545 -0.987461 -0.157227
-68.7272 8.43399 -35.258 0.013772 -0.987173 -0.159061
-67.684 8.28511 -34.2557 0.0104603 -0.985343 -0.169981
-66.8382 8.15966 -33.5228 0.00972081 -0.983691 -0.179604
-65.3268 8.07616 -33.0092 0.00401489 -0.983271 -0.182104
-64.256 8.12876 -33.2696 0.0059647 -0.982879 -0.184136
-63.2866 8.22227 -33.7218 0.00791375 -0.982486 -0.18617
-61.4067 8.4192 -34.7193 0.00231072 -0.983077 -0.183178
-60.3934 8.49435 -35.1098 0.00224193 -0.983076 -0.183182
-59.2339 8.55956 -35.432 0.00484241 -0.983028 -0.183393
-57.2161 8.63303 -35.7844 0.00314251 -0.982994 -0.183528
-56.0531 8.6799 -36.0265 0.000394728 -0.982102 -0.188349
-54.9236 8.58899 -35.6142 -0.00873708 -0.981247 -0.192531
-53.6563 8.46693 -35.0406 -0.00621696 -0.980896 -0.194434
-52.5383 8.26389 -34.059 -0.00447189 -0.979102 -0.203318
-51.7235 8.12004 -33.3842 -0.00445784 -0.979106 -0.2033
-50.5828 7.86463 -32.2497 -0.0128774 -0.977269 -0.21161
-49.7797 7.65833 -31.3476 -0.0164696 -0.97629 -0.215774
-48.8669 7.21789 -29.4739 -0.0201086 -0.975098 -0.220856
-48.4582 6.95307 -28.3458 -0.022362 -0.97431 -0.224072
-47.8131 6.68191 -27.2498 -0.0245414 -0.973719 -0.226426
-47.1993 6.45926 -26.3659 -0.023332 -0.972664 -0.231042
-46.7277 6.20732 -25.3547 -0.0236279 -0.972593 -0.23131
-46.0577 5.94579 -24.3348 -0.0235 -0.970984 -0.237988
-45.3052 5.70302 -23.4428 -0.0288794 -0.96969 -0.242625
-44.3223 5.45506 -22.5687 -0.0282648 -0.968505 -0.247333
-43.5153 5.20814 -21.7082 -0.0256385 -0.967596 -0.251199
-42.3661 4.95219 -20.8404 -0.0258115 -0.967587 -0.251216
-41.1717 4.78909 -20.3404 -0.0301717 -0.967911 -0.249471
-40.2131 4.61237 -19.7774 -0.0309502 -0.966669 -0.254114
-39.1919 4.44705 -19.2791 -0.030291 -0.965582 -0.258331
-37.8952 4.33672 -19.0168 -0.0292184 -0.96602 -0.256809
-36.0576 4.14925 -18.4964 -0.0257981 -0.966233 -0.256374
-34.9469 4.12125 -18.5027 -0.0268998 -0.967003 -0.253318
-33.6359 3.99372 -18.2026 -0.0356319 -0.965971 -0.256184
-32.1927 3.8764 -17.953 -0.0332514 -0.966402 -0.254875
-30.929 3.67734 -17.3644 -0.0325133 -0.965585 -0.258049
-29.3616 3.3893 -16.4772 -0.0317609 -0.965014 -0.26025
-28.5876 3.16042 -15.7348 -0.0331086 -0.96429 -0.262771
-27.4931 2.91353 -14.9706 -0.0343849 -0.964233 -0.262817
-26.6777 2.69124 -14.2591 -0.0338555 -0.964432 -0.262154
-25.4824 2.34642 -13.1483 -0.0328741 -0.965509 -0.258238
-24.5813 2.13118 -12.4362 -0.0297032 -0.966602 -0.254553
-23.5384 1.96579 -11.9309 -0.0240415 -0.96304 -0.268284
-22.6091 1.74488 -11.2112 -0.0317468 -0.966093 -0.256236
-21.737 1.54258 -10.5565 -0.0293919 -0.966602 -0.254573
-20.7987 1.36912 -9.98906 -0.0264475 -0.96762 -0.25102
-19.8816 1.17284 -9.33571 -0.0215665 -0.964562 -0.262974
-19.081 0.951612 -8.58589 -0.0196714 -0.964533 -0.263227
-17.9692 0.764643 -7.99449 -0.0244423 -0.966461 -0.255645
-16.6983 0.522526 -7.20626 -0.0247463 -0.966107 -0.256953
-15.8269 0.337111 -6.58464 -0.0218125 -0.96625 -0.256681
-15.0731 0.119135 -5.82866 -0.0219716 -0.966225 -0.256761
-14.1184 -0.0502621 -5.25337 -0.0212653 -0.969029 -0.246018
-12.8774 -0.0785068 -5.26488 -0.0271724 -0.969 -0.245561
-12.0426 0.063873 -5.92745 -0.0322451 -0.969213 -0.244104
-10.9191 0.119822 -6.29835 -0.0339232 -0.969822 -0.241421
-9.23496 0.116324 -6.53819 -0.0336916 -0.972175 -0.231822
-8.16366 0.109608 -6.66572 -0.0338422 -0.972144 -0.231929
-6.71332 0.108287 -6.87941 -0.0353775 -0.97188 -0.232805
-5.61127 0.115881 -7.10376 -0.0459913 -0.974357 -0.220259
-4.51198 0.141414 -7.45492 -0.0446436 -0.975241 -0.21659
-3.45529 0.149336 -7.72802 -0.057428 -0.975366 -0.212988
-2.41809 0.230016 -8.37202 -0.0527387 -0.976139 -0.210647
-2.18118 0.449784 -9.44627 -0.06079 -0.975448 -0.211626
-2.03097 0.661539 -10.4875 -0.0623102 -0.976244 -0.207522
-2.59989 0.890316 -11.3866 -0.0652634 -0.97466 -0.213958
-3.40192 1.25758 -12.8131 -0.0653588 -0.974597 -0.214217
-3.86275 1.49383 -13.7619 -0.0674429 -0.975381 -0.209959
-4.4143 1.78116 -14.9165 -0.0689538 -0.975592 -0.208468
-4.82935 2.04052 -16.0072 -0.068593 -0.976142 -0.206015
-5.28035 2.29668 -17.0714 -0.0674935 -0.976357 -0.205359
-5.75332 2.65198 -18.6342 -0.0739431 -0.977206 -0.198999
-6.04035 2.89884 -19.7359 -0.0740059 -0.976993 -0.200018
-6.376 3.19022 -21.0474 -0.080131 -0.97788 -0.193211
-6.85895 3.56732 -22.7612 -0.0795591 -0.978112 -0.192268
-7.09127 3.80575 -23.8777 -0.0793475 -0.978273 -0.191536
-7.55682 4.09434 -25.1994 -0.0834861 -0.979752 -0.181977
-7.97377 4.35181 -26.378 -0.0842788 -0.97895 -0.185888
-8.37177 4.62644 -27.6438 -0.0850933 -0.978814 -0.186228
-8.69929 4.88609 -28.8551 -0.0915388 -0.979048 -0.181892
-9.00209 5.18363 -30.3219 -0.0905891 -0.979934 -0.177545
-9.05816 5.38375 -31.3958 -0.0915 -0.979774 -0.177965
-9.10407 5.61878 -32.6933 -0.0985068 -0.980227 -0.171613
-8.87985 5.8347 -34.0893 -0.0966968 -0.981663 -0.164277
-8.64862 6.00692 -35.2816 -0.0987348 -0.982147 -0.160123
-8.57361 6.21478 -36.5841 -0.0997474 -0.981599 -0.16283
-8.49999 6.41758 -37.8517 -0.102447 -0.98192 -0.15911
-8.20008 6.5926 -39.189 -0.103396 -0.983249 -0.150104
-8.20865 6.89802 -41.1739 -0.106506 -0.983072 -0.149061
-7.90553 7.06821 -42.5939 -0.108966 -0.984239 -0.139282
-7.71429 7.22273 -43.8377 -0.110381 -0.984381 -0.137134
-7.38502 7.32785 -44.8787 -0.105116 -0.985848 -0.130588
-6.73705 7.51638 -46.8249 -0.104856 -0.985899 -0.130417
-6.23148 7.59752 -47.9272 -0.109987 -0.986354 -0.122508
-5.60948 7.63001 -48.8077 -0.120849 -0.985973 -0.115117
-4.76049 7.62903 -49.6906 -0.118551 -0.986646 -0.11161
-3.1834 7.55996 -50.7803 -0.116852 -0.987559 -0.105229
-2.25071 7.52879 -51.5235 -0.117225 -0.987619 -0.104241
-1.27395 7.45988 -52.0223 -0.122597 -0.987192 -0.102091
0.539659 7.35617 -53.1977 -0.122968 -0.987095 -0.102576
1.67922 7.29428 -54.0342 -0.125183 -0.98766 -0.0941103
2.74697 7.23042 -54.7811 -0.12396 -0.987771 -0.0945618
3.88298 7.17398 -55.6816 -0.124016 -0.987771 -0.0944932
4.75939 7.13938 -56.4821 -0.123118 -0.988091 -0.0922866
5.77373 7.095 -57.3478 -0.122235 -0.988174 -0.0925745
7.00129 7.06483 -58.6466 -0.122481 -0.98857 -0.0877712
7.71195 7.05635 -59.5894 -0.122042 -0.989019 -0.0833461
8.64327 7.08555 -61.3065 -0.122229 -0.989048 -0.0827283
9.13932 7.10612 -62.2742 -0.117651 -0.989506 -0.083881
9.79879 7.10466 -63.2539 -0.11876 -0.989882 -0.0776528
10.3349 7.15134 -64.6686 -0.11843 -0.989937 -0.0774493
10.7879 7.19789 -65.986 -0.112448 -0.99092 -0.0737087
10.3973 7.32262 -67.067 -0.112447 -0.990922 -0.0736897
9.43539 7.48155 -67.8372 -0.111968 -0.991462 -0.066783
8.38732 7.61261 -68.0452 -0.110097 -0.991941 -0.0627041
6.78086 7.81581 -68.3623 -0.114767 -0.991578 -0.0599944
5.70042 7.95137 -68.5627 -0.113542 -0.991789 -0.0588509
4.6206 8.08577 -68.7253 -0.116527 -0.99145 -0.0587144
3.42836 8.22892 -68.7943 -0.110546 -0.992535 -0.0515187
2.37538 8.33757 -68.6291 -0.110416 -0.992552 -0.0514587
1.25586 8.4684 -68.596 -0.117671 -0.991731 -0.0512214
0.137961 8.59889 -68.5503 -0.117306 -0.991786 -0.0509862
-1.00593 8.72668 -68.4109 -0.117065 -0.991819 -0.050909
-2.31635 8.85904 -67.9129 -0.119272 -0.99166 -0.0488373
-3.32208 8.95448 -67.4091 -0.117157 -0.99193 -0.0484746
-5.03279 9.11957 -66.8561 -0.11269 -0.992167 -0.0539101
-5.92038 9.1856 -66.2248 -0.112217 -0.992259 -0.0531881
-6.92154 9.22591 -64.9319 -0.115151 -0.991429 -0.0617114
-7.33298 9.19783 -63.7122 -0.113242 -0.991513 -0.0637963
-7.06783 9.09655 -62.6369 -0.111377 -0.991592 -0.0658874
-6.86123 8.9423 -60.9571 -0.118854 -0.989939 -0.0767788
-6.68611 8.812 -59.6085 -0.11769 -0.989593 -0.0827962
-6.62221 8.708 -58.4527 -0.117048 -0.989689 -0.0825602
-6.56523 8.60023 -57.2353 -0.116464 -0.989839 -0.0815738
-6.75178 8.49233 -55.8411 -0.113577 -0.988978 -0.0949856
-7.20566 8.39816 -54.318 -0.11354 -0.988983 -0.0949842
-8.18035 8.40711 -53.2451 -0.118614 -0.987917 -0.0997578
-9.21546 8.39425 -51.8848 -0.116584 -0.987753 -0.103548
-10.3591 8.45422 -51.2729 -0.111863 -0.987263 -0.113131
-11.3944 8.48606 -50.5258 -0.107115 -0.987639 -0.1143
-12.9818 8.59469 -49.9629 -0.108404 -0.987426 -0.115054
-14.6788 8.7776 -49.9945 -0.103513 -0.987878 -0.115681
-15.7295 8.89376 -50.0408 -0.1041 -0.987736 -0.116367
-17.1985 9.10527 -50.5362 -0.101782 -0.987918 -0.116868
-18.5919 9.30214 -51.0666 -0.0953278 -0.98906 -0.112578
-19.7557 9.45109 -51.3967 -0.0945871 -0.989652 -0.107897
-20.7744 9.59847 -51.891 -0.0881569 -0.990135 -0.108908
-21.7425 9.73675 -52.3649 -0.0880702 -0.990153 -0.108812
-22.8458 9.90017 -52.8314 -0.101692 -0.98774 -0.118438
-23.8449 10.0459 -53.2406 -0.0841966 -0.99118 -0.102338
-25.0181 10.2177 -53.9384 -0.0820278 -0.991526 -0.100702
-26.0069 10.3409 -54.3748 -0.0798607 -0.991876 -0.099014
-26.9523 10.469 -54.9115 -0.0792763 -0.993382 -0.0831099
-28.2008 10.6197 -55.5938 -0.0678244 -0.993337 -0.0931763
-29.1137 10.7355 -56.1308 -0.0696835 -0.99478 -0.0745471
-30.2309 10.8566 -56.7003 -0.0697236 -0.994768 -0.0746703
-31.2993 10.9455 -56.9393 -0.0645979 -0.9951 -0.0748603
-32.3556 11.0272 -57.1141 -0.0646835 -0.995077 -0.0750831
-34.1273 11.1474 -57.4114 -0.0529448 -0.995718 -0.0757842
-35.9205 11.2473 -57.5014 -0.0481889 -0.994872 -0.0888973
-37.4823 11.3444 -57.8584 -0.0437398 -0.99676 -0.0674981
-38.5549 11.3949 -58.002 -0.0313845 -0.996629 -0.0753941
-39.6367 11.4445 -58.2953 -0.02715 -0.997256 -0.068876
-40.7744 11.5377 -59.2242 -0.0243832 -0.997358 -0.0684163
-41.7547 11.6078 -59.9151 -0.0236123 -0.997433 -0.0676025
-42.755 11.7041 -61.107 -0.0243987 -0.998289 -0.0530999
-43.6489 11.7968 -62.5007 -0.0228683 -0.998399 -0.051729
-44.4306 11.8529 -63.2357 -0.0147881 -0.998712 -0.0476286
-45.4013 11.8997 -64.1155 -0.011493 -0.999091 -0.0410527
-46.4842 11.9416 -64.8334 -0.0105901 -0.999125 -0.0404495
-47.7274 11.9733 -65.3187 -0.00987046 -0.999153 -0.0399533
-49.1317 11.9887 -65.4442 -0.000969371 -0.99922 -0.0393364
-50.6319 11.9668 -64.9318 0.00187053 -0.999301 -0.0373494
-51.6846 11.9103 -63.6669 0.0109454 -0.99915 -0.0397347
-52.5687 11.8039 -61.9393 0.0129099 -0.998112 -0.0600403
-52.9717 11.734 -60.8635 0.0119123 -0.998065 -0.0610123
-53.5152 11.6467 -59.6646 0.0128224 -0.997601 -0.0680331
-54.2015 11.5804 -58.808 0.00909357 -0.997535 -0.0695743
-55.1399 11.5112 -57.9729 0.00858541 -0.997227 -0.0739175
-56.0802 11.4109 -56.7299 0.0144116 -0.996975 -0.076117
-57.0022 11.3197 -55.8395 0.0224313 -0.996375 -0.0820558
-58.4315 11.204 -54.8251 0.0257904 -0.996217 -0.0829084
-59.3633 11.1265 -54.2258 0.028943 -0.996072 -0.0836825
-59.6302 11.1034 -54.0431 0.0230497 -0.99684 -0.0753417
-7.63269 8.11815 -51.074 -0.11603 -0.98729 -0.108605
-6.69519 8.07947 -51.7238 -0.117328 -0.987364 -0.106504
-5.50362 7.96066 -51.9504 -0.118401 -0.987409 -0.104899
-3.68343 7.84624 -52.9283 -0.117598 -0.987679 -0.103253
-2.72689 7.79516 -53.5291 -0.119968 -0.987471 -0.102482
-1.73724 7.73184 -54.1048 -0.123153 -0.98747 -0.098616
-0.518171 7.66314 -54.9767 -0.124703 -0.987647 -0.0948787
0.426177 7.60157 -55.5884 -0.125436 -0.987616 -0.0942374
1.76599 7.52806 -56.6288 -0.124067 -0.988096 -0.0909503
2.87781 7.46 -57.3911 -0.123154 -0.98817 -0.0913985
4.11465 7.41196 -58.5405 -0.123118 -0.988091 -0.0922865
5.16793 7.37949 -59.6854 -0.122727 -0.988966 -0.0829676
6.09455 7.37224 -60.9696 -0.122385 -0.988993 -0.0831569
6.87229 7.37349 -62.188 -0.119167 -0.989991 -0.0756088
7.5509 7.37472 -63.2737 -0.119167 -0.989991 -0.075609
8.09486 7.4068 -64.5183 -0.117386 -0.990349 -0.0735915
7.69744 7.56123 -66.0423 -0.116373 -0.990755 -0.0697282
6.3923 7.73095 -66.2826 -0.116054 -0.990808 -0.0694976
5.13063 7.89817 -66.5668 -0.114766 -0.991578 -0.0599946
3.86326 8.05416 -66.7096 -0.114803 -0.991396 -0.0628768
2.6998 8.19318 -66.7773 -0.11988 -0.990899 -0.06097
0.901759 8.40436 -66.6183 -0.119475 -0.991184 -0.0572706
-0.601618 8.56938 -66.3884 -0.118085 -0.991156 -0.060529
-2.03066 8.71604 -65.9816 -0.118223 -0.991022 -0.0624245
-3.37448 8.84105 -65.4505 -0.117248 -0.991082 -0.0633179
-4.37086 8.92827 -64.9323 -0.118003 -0.991221 -0.0596339
-5.13818 8.90174 -63.1332 -0.119843 -0.990347 -0.0696477
-5.0879 8.81031 -61.9197 -0.117099 -0.9904 -0.0733142
-4.91726 8.68065 -60.5417 -0.117041 -0.989688 -0.0825766
-4.65322 8.53513 -59.1719 -0.117045 -0.989688 -0.0825701
-4.5524 8.40747 -57.7706 -0.116475 -0.98984 -0.0815441
-4.61697 8.31116 -56.5092 -0.116463 -0.989839 -0.0815763
-4.76681 8.22251 -55.4164 -0.114556 -0.988751 -0.0961706
-5.02433 8.14858 -54.3497 -0.114619 -0.98851 -0.0985136
-4.80662 7.93601 -52.5143 -0.115679 -0.988289 -0.0994976
-6.0171 8.05844 -52.3081 -0.116674 -0.98831 -0.0981372
-6.96768 8.12322 -51.8302 -0.116585 -0.987753 -0.103548
-64.348 8.68507 -36.3639 0.0127417 -0.985514 -0.169113
-66.3761 8.97731 -38.3473 0.0204977 -0.986465 -0.162687
-67.8668 9.16753 -39.809 0.0252955 -0.988919 -0.146287
-67.6034 9.5055 -42.0789 0.031865 -0.990406 -0.134461
-66.0314 9.32479 -40.5343 0.0249519 -0.988277 -0.150618
-64.4847 9.1231 -39.0167 0.0184473 -0.987035 -0.159438
-62.7902 8.8734 -37.3593 0.011471 -0.985762 -0.167753
-60.8233 8.99933 -37.9551 0.0142396 -0.985327 -0.170083
-62.3244 9.22916 -39.4227 0.0187739 -0.987007 -0.159575
-64.2029 9.48243 -41.2657 0.0218842 -0.987979 -0.153029
-65.8764 9.68316 -42.9103 0.0468732 -0.989567 -0.136239
-67.2523 9.8108 -44.268 0.0386529 -0.991739 -0.122313
-66.0037 10.0128 -45.576 0.0373714 -0.992465 -0.116693
-64.2395 9.85134 -43.8327 0.015866 -0.990755 -0.134732
-62.7483 9.67693 -42.3654 0.0165687 -0.990359 -0.137532
-60.5805 9.38917 -40.2377 0.0146688 -0.986628 -0.162326
-58.8892 9.12798 -38.5846 0.0102245 -0.984266 -0.176398
-58.7054 9.09776 -38.4053 0.0102245 -0.984266 -0.176398
-56.2698 9.1444 -38.5435 0.00380329 -0.983581 -0.180429
-57.8786 9.39878 -40.1181 0.00922088 -0.986942 -0.16081
-59.5515 9.6522 -41.7548 0.018015 -0.98841 -0.150736
-61.1753 9.8392 -43.353 0.0197635 -0.990619 -0.135218
-62.8589 10.0363 -45.0118 0.0172123 -0.990674 -0.135164
-64.9642 10.2259 -47.093 0.0314082 -0.992791 -0.115671
-63.8113 10.4242 -48.4994 0.030169 -0.99398 -0.105326
-62.2791 10.2894 -46.9845 0.0281034 -0.992595 -0.118174
-60.2431 10.0816 -44.9739 0.0223149 -0.990557 -0.135271
-58.6723 9.90412 -43.4252 0.0213369 -0.990312 -0.137211
-57.0287 9.6869 -41.8112 0.00905765 -0.985819 -0.167566
-55.3772 9.42771 -40.1944 0.00138875 -0.986787 -0.162017
-53.7822 9.1579 -38.6319 -0.00861645 -0.982892 -0.183982
-52.2489 8.86232 -37.1317 -0.00730995 -0.983364 -0.181501
-44.8567 6.66697 -27.4434 -0.0184566 -0.973424 -0.228267
-43.9747 6.44876 -26.5946 -0.0228049 -0.971162 -0.237326
-42.9154 6.16874 -25.5773 -0.0264754 -0.970514 -0.239586
-42.1345 5.96233 -24.8275 -0.0265698 -0.969916 -0.241986
-41.1673 5.70169 -23.9055 -0.0279922 -0.969056 -0.24525
-40.2595 5.45675 -23.0413 -0.0283614 -0.968567 -0.24713
-40.1503 5.42641 -22.9373 -0.0287694 -0.967357 -0.251779
-35.9278 4.89891 -21.3813 -0.0303577 -0.966573 -0.25459
-36.9328 5.18239 -22.3423 -0.0338829 -0.968517 -0.246632
-37.7197 5.39703 -23.0932 -0.0278108 -0.968688 -0.246719
-38.5249 5.61583 -23.8615 -0.0261752 -0.969555 -0.24347
-39.7495 5.93384 -25.0323 -0.0278022 -0.971668 -0.234708
-40.6 6.15776 -25.8471 -0.0341998 -0.971624 -0.234043
-41.9846 6.52483 -27.1743 -0.0322314 -0.972734 -0.229674
-43.0341 6.79332 -28.1855 -0.0317076 -0.973695 -0.225637
-43.9625 7.02571 -29.0806 -0.0271096 -0.97425 -0.223835
-44.7185 7.2079 -29.8115 -0.0280306 -0.976755 -0.21252
-45.4846 7.39268 -30.5522 -0.0294263 -0.976567 -0.213194
-46.2569 7.57635 -31.2991 -0.0185439 -0.975434 -0.219508
-47.3569 7.83362 -32.3675 -0.0205053 -0.976943 -0.212515
-48.467 8.09158 -33.4462 -0.0180849 -0.97723 -0.211408
-32.5688 4.58639 -20.641 -0.0377407 -0.968807 -0.244927
-34.258 5.06472 -22.2623 -0.0389606 -0.968179 -0.247209
-35.7286 5.47791 -23.6699 -0.0333393 -0.968726 -0.245881
-37.6478 5.99107 -25.5051 -0.0243492 -0.971972 -0.233831
-39.3158 6.42097 -27.1051 -0.0318849 -0.973066 -0.22831
-41.1804 6.89974 -28.8988 -0.0304553 -0.97351 -0.226605
-43.0482 7.35574 -30.7033 -0.025178 -0.976905 -0.212187
-44.7337 7.75758 -32.3347 -0.0282648 -0.97741 -0.209456
-46.7932 8.24142 -34.334 -0.0244548 -0.977537 -0.209339
-48.2658 8.5781 -35.7608 -0.025693 -0.982871 -0.182495
-50.461 8.99635 -37.9075 -0.00429573 -0.983682 -0.179862
-52.2608 9.33555 -39.6712 -0.00767509 -0.98478 -0.173637
-53.947 9.61234 -41.322 6.59372e-05 -0.986235 -0.165349
-55.5189 9.87296 -42.858 0.00229636 -0.987713 -0.15626
-57.2286 10.0897 -44.5408 0.0211128 -0.990366 -0.136855
-59.613 10.3522 -46.895 0.0205212 -0.991109 -0.131463
-61.2602 10.501 -48.5232 0.0293225 -0.992582 -0.117989
-62.3124 10.5828 -49.5648 0.0304191 -0.993986 -0.105199
-60.3358 10.7181 -50.1571 0.0326768 -0.993118 -0.112471
-58.4998 10.5613 -48.3403 0.0242512 -0.993315 -0.112859
-56.7545 10.3906 -46.6155 0.0258551 -0.990306 -0.136477
-55.0055 10.1707 -44.8907 -0.000981618 -0.990276 -0.13911
-53.1723 9.90884 -43.0891 -0.00111935 -0.988266 -0.152737
-51.6211 9.65532 -41.5721 0.000619185 -0.985997 -0.16676
-49.9571 9.36652 -39.9445 -0.00512215 -0.984057 -0.177778
-48.3123 9.0565 -38.3333 -0.0202974 -0.981731 -0.189189
-46.6463 8.70725 -36.7108 -0.0293923 -0.981701 -0.188149
-44.6507 8.27562 -34.7682 -0.0291265 -0.979525 -0.199205
-42.9982 7.88418 -33.1653 -0.0276048 -0.977786 -0.207782
-41.2734 7.48449 -31.4931 -0.0248496 -0.977439 -0.209752
-39.7614 7.11406 -30.0326 -0.0309278 -0.97475 -0.221149
-38.1427 6.70038 -28.4741 -0.0377213 -0.973106 -0.227247
-36.079 6.16599 -26.4939 -0.0336792 -0.975115 -0.219125
-34.5617 5.76463 -25.0385 -0.045839 -0.971587 -0.232203
-32.7867 5.27742 -23.3333 -0.0419888 -0.970119 -0.238969
-31.045 4.7888 -21.664 -0.0325738 -0.969282 -0.243784
-29.4123 4.33568 -20.1032 -0.0375758 -0.968534 -0.24603
-27.6418 3.83151 -18.4127 -0.0398133 -0.967014 -0.251593
-26.0497 3.37142 -16.8966 -0.038278 -0.966941 -0.252109
-25.5276 3.22117 -16.3996 -0.0382779 -0.966941 -0.25211
-15.5772 1.06807 -9.41138 -0.0254577 -0.968903 -0.246126
-17.0593 1.47318 -10.8145 -0.0306427 -0.968211 -0.248252
-19.0312 2.01485 -12.6846 -0.0318276 -0.967479 -0.250941
-20.6163 2.46483 -14.1922 -0.0317855 -0.96663 -0.254197
-22.0539 2.8661 -15.5662 -0.032691 -0.968421 -0.24717
-23.7528 3.35545 -17.1821 -0.0368156 -0.967166 -0.251464
-25.2952 3.79405 -18.6512 -0.0412148 -0.967399 -0.249882
-27.4585 4.41184 -20.7131 -0.0399841 -0.969665 -0.241144
-29.4196 4.95266 -22.5938 -0.0387082 -0.971171 -0.235219
-30.8946 5.36081 -24.0054 -0.0423452 -0.970124 -0.238887
-32.4561 5.78513 -25.5054 -0.0467847 -0.973786 -0.222603
-34.1262 6.22878 -27.1136 -0.0415078 -0.975191 -0.217439
-35.641 6.61923 -28.57 -0.0461684 -0.973361 -0.224584
-37.306 7.05571 -30.1688 -0.0366346 -0.975047 -0.218953
-38.9673 7.4705 -31.7723 -0.0337271 -0.977748 -0.207054
-40.3792 7.80666 -33.1413 -0.0288305 -0.97819 -0.2057
-42.0741 8.2019 -34.7833 -0.0311829 -0.979239 -0.200295
-43.7172 8.56046 -36.3837 -0.0290188 -0.981393 -0.189804
-45.1545 8.87242 -37.7832 -0.0270836 -0.981735 -0.188315
-46.8796 9.23814 -39.4631 -0.0250681 -0.982148 -0.186432
-48.4759 9.55048 -41.0235 -0.013167 -0.98459 -0.174385
-50.0841 9.82664 -42.5955 0.00316643 -0.986654 -0.162802
-52.2224 10.1396 -44.6942 0.00606707 -0.989704 -0.143003
-53.8334 10.3603 -46.2791 0.00129803 -0.990946 -0.134258
-55.3205 10.5508 -47.7439 0.00803944 -0.99201 -0.125907
-56.8326 10.6998 -49.2382 0.0139132 -0.993896 -0.10944
-58.3404 10.8338 -50.731 0.0153121 -0.994854 -0.100159
-58.5742 10.8535 -50.9627 0.0153116 -0.994854 -0.100159
-57.0442 10.9799 -52.0029 0.0128416 -0.994925 -0.0997963
-55.5764 10.85 -50.549 0.0103297 -0.99471 -0.102206
-54.0274 10.699 -49.0178 0.00576872 -0.9941 -0.108315
-52.1274 10.4686 -47.1447 0.00013226 -0.992029 -0.12601
-50.5982 10.2857 -45.6366 0.00412992 -0.989578 -0.14394
-48.7743 10.0257 -43.8446 -0.00648251 -0.989268 -0.145968
-47.2991 9.77339 -42.4033 -0.0130459 -0.986225 -0.164891
-45.3832 9.39942 -40.5312 -0.0195059 -0.984273 -0.175575
-43.8876 9.08096 -39.074 -0.0308354 -0.981985 -0.186424
-42.1844 8.71182 -37.4136 -0.0306823 -0.981744 -0.187715
-40.4267 8.32855 -35.7038 -0.0319165 -0.980901 -0.191873
-38.5189 7.88488 -33.8548 -0.0427089 -0.97897 -0.199485
-37.0252 7.52412 -32.4064 -0.0440026 -0.978664 -0.2007
-35.5709 7.15952 -31.003 -0.0463897 -0.975597 -0.214612
-34.1189 6.78155 -29.6071 -0.0471978 -0.975886 -0.213119
-32.2221 6.29205 -27.7794 -0.0451912 -0.974594 -0.21937
-30.7469 5.89833 -26.3599 -0.0468031 -0.97391 -0.222054
-28.6813 5.34384 -24.3758 -0.0466399 -0.97409 -0.2213
-27.267 4.96192 -23.0172 -0.0462712 -0.972558 -0.228015
-25.3067 4.42607 -21.1397 -0.0446036 -0.971069 -0.234597
-23.5524 3.92524 -19.4671 -0.043251 -0.970836 -0.23581
-22.0736 3.5098 -18.0575 -0.0463798 -0.96911 -0.242229
-20.6454 3.09754 -16.6999 -0.0451997 -0.968975 -0.242989
-19.0775 2.65618 -15.2032 -0.0410979 -0.969893 -0.240038
-17.4777 2.20789 -13.6822 -0.0459812 -0.970001 -0.238713
-16.003 1.80595 -12.2826 -0.0419015 -0.971765 -0.232198
-14.3695 1.35313 -10.7356 -0.0420056 -0.970454 -0.237604
-12.8504 0.934613 -9.29761 -0.0447143 -0.969283 -0.241851
-12.3632 0.79781 -8.83659 -0.035707 -0.970313 -0.239203
-10.3894 0.86634 -9.42647 -0.0432451 -0.972379 -0.229366
-12.3086 1.39081 -11.2531 -0.0435911 -0.970684 -0.236375
-13.81 1.80424 -12.6763 -0.0430905 -0.970457 -0.237394
-15.342 2.21844 -14.1314 -0.0444149 -0.97152 -0.232758
-17.1493 2.72686 -15.8465 -0.0471085 -0.970618 -0.23597
-18.6076 3.13243 -17.2367 -0.0486256 -0.971227 -0.233139
-20.1096 3.55952 -18.6668 -0.0553372 -0.971126 -0.232059
-21.8303 4.04128 -20.3076 -0.0540099 -0.973388 -0.222706
-23.8714 4.61193 -22.2586 -0.0605445 -0.971757 -0.228086
-25.3223 5.01576 -23.6465 -0.0473734 -0.972401 -0.228456
-26.8129 5.41606 -25.077 -0.0449137 -0.97446 -0.220023
-28.3482 5.8202 -26.5531 -0.0501699 -0.975917 -0.212293
-30.2485 6.3306 -28.3806 -0.0493608 -0.974391 -0.219375
-31.9669 6.77529 -30.0366 -0.0431783 -0.97612 -0.212898
-33.7948 7.24606 -31.7978 -0.0481116 -0.97729 -0.206373
-35.252 7.6053 -33.2073 -0.0499916 -0.978463 -0.200276
-36.8289 7.98999 -34.7337 -0.0444868 -0.979402 -0.196957
-38.2765 8.32852 -36.1375 -0.038171 -0.9823 -0.183387
-39.7838 8.65977 -37.6027 -0.0367676 -0.982381 -0.183234
-41.5728 9.05442 -39.3441 -0.037497 -0.982099 -0.184594
-43.2126 9.40082 -40.9425 -0.0350468 -0.985062 -0.168596
-44.8426 9.7305 -42.5336 -0.0384379 -0.985697 -0.164087
-46.3766 10.0212 -44.0312 -0.0219053 -0.987937 -0.153301
-48.2078 10.3052 -45.8304 -0.0119344 -0.990436 -0.137457
-49.8208 10.5126 -47.4193 0.00377213 -0.992463 -0.122487
-51.6726 10.7234 -49.2472 0.00133603 -0.993185 -0.11654
-53.288 10.8996 -50.8424 0.00769413 -0.994687 -0.10266
-54.9363 11.0544 -52.4742 0.0115859 -0.994819 -0.101002
-55.8388 11.1269 -53.3682 0.0130612 -0.995957 -0.088876
-54.0436 11.2205 -54.1507 0.0133059 -0.995945 -0.0889754
-51.9718 11.0398 -52.0991 0.00786794 -0.994659 -0.102914
-50.3293 10.8739 -50.4748 0.00119842 -0.994286 -0.106742
-48.7622 10.7016 -48.9268 -0.00190143 -0.992789 -0.11986
-47.1918 10.4974 -47.3785 -0.0205085 -0.991473 -0.128686
-45.7244 10.2715 -45.9353 -0.0252394 -0.990368 -0.136139
-44.3244 10.0477 -44.5604 -0.0337875 -0.985781 -0.164606
-42.6938 9.73001 -42.968 -0.0352533 -0.984878 -0.169627
-41.0101 9.3875 -41.3256 -0.0360284 -0.9849 -0.169332
-39.586 9.08987 -39.9362 -0.0372089 -0.982151 -0.184375
-38.0937 8.76007 -38.4848 -0.0381043 -0.982219 -0.183831
-36.3194 8.36297 -36.7602 -0.0426688 -0.981832 -0.184895
-34.4108 7.90776 -34.9099 -0.0488624 -0.979497 -0.195445
-32.87 7.52903 -33.4187 -0.0523027 -0.9789 -0.197531
-31.1429 7.10117 -31.7485 -0.0515683 -0.979117 -0.196647
-29.5791 6.70595 -30.2394 -0.0538085 -0.976235 -0.209927
-27.7527 6.22106 -28.482 -0.0562346 -0.974698 -0.216339
-26.1086 5.77883 -26.9013 -0.0526619 -0.975479 -0.213699
-24.4946 5.35014 -25.3503 -0.0530007 -0.974913 -0.216183
-22.9205 4.92361 -23.8404 -0.0595923 -0.972685 -0.22435
-21.3515 4.48092 -22.3401 -0.0547752 -0.972997 -0.224225
-19.5699 3.99144 -20.6372 -0.0561232 -0.97291 -0.224268
-18.1568 3.5949 -19.2899 -0.0560337 -0.97268 -0.225287
-16.6555 3.17681 -17.859 -0.0588089 -0.973133 -0.222605
-15.0605 2.73405 -16.3413 -0.0562242 -0.97245 -0.226231
-13.2566 2.2389 -14.6256 -0.0489405 -0.972541 -0.227526
-11.7672 1.83205 -13.2103 -0.0490306 -0.972824 -0.226294
-10.2879 1.42981 -11.803 -0.0446369 -0.970959 -0.235045
-8.60291 0.969021 -10.1986 -0.0413955 -0.972736 -0.228189
-7.56148 0.694853 -9.2052 -0.0473049 -0.97231 -0.228858
-5.7874 0.780858 -9.99722 -0.0530371 -0.972726 -0.225813
-7.25948 1.18156 -11.3988 -0.0489584 -0.973497 -0.223397
-8.68713 1.56985 -12.757 -0.0527648 -0.972804 -0.22554
-10.1312 1.96365 -14.1305 -0.0490309 -0.972824 -0.226294
-11.9173 2.44647 -15.8299 -0.0544316 -0.973816 -0.220727
-13.5786 2.89436 -17.4122 -0.0523192 -0.974325 -0.218984
-15.6025 3.45309 -19.341 -0.0628535 -0.973556 -0.219632
-17.1013 3.87129 -20.7694 -0.0661497 -0.973634 -0.218316
-18.5307 4.26997 -22.1343 -0.0600079 -0.975258 -0.212767
-20.1534 4.71609 -23.6863 -0.0638089 -0.97322 -0.220843
-21.5983 5.11734 -25.0702 -0.064665 -0.975032 -0.212443
-23.2475 5.55866 -26.6536 -0.0579286 -0.976655 -0.206858
-24.8838 5.99544 -28.2267 -0.0569625 -0.975845 -0.210908
-26.4284 6.40842 -29.7117 -0.0595677 -0.976491 -0.207163
-28.1595 6.87038 -31.3784 -0.0610435 -0.977556 -0.20164
-30.4366 7.43176 -33.5802 -0.0512027 -0.980035 -0.192117
-32.3101 7.88609 -35.3952 -0.0561107 -0.980438 -0.18866
-33.7261 8.23224 -36.7667 -0.0571782 -0.980901 -0.185911
-35.1421 8.56829 -38.1414 -0.0467501 -0.982144 -0.182229
-36.6537 8.91054 -39.6109 -0.0458252 -0.984147 -0.171334
-38.2466 9.25268 -41.1622 -0.039841 -0.985143 -0.167048
-39.7152 9.54986 -42.5954 -0.0442895 -0.9855 -0.163794
-41.3973 9.88795 -44.2361 -0.043339 -0.98751 -0.151478
-42.9849 10.18 -45.7884 -0.0317155 -0.989693 -0.139649
-44.4482 10.4128 -47.2268 -0.0271322 -0.990954 -0.131434
-45.8637 10.6308 -48.6182 -0.0203136 -0.991766 -0.126442
-47.672 10.8646 -50.4035 -0.00233494 -0.994302 -0.10657
-49.0778 11.0171 -51.795 -0.000568218 -0.994296 -0.106656
-50.693 11.1837 -53.3922 0.00488647 -0.994555 -0.104096
-52.4028 11.326 -55.086 0.0114099 -0.995804 -0.0908
-52.5621 11.338 -55.244 0.0119322 -0.996654 -0.0808619
-51.9164 11.4897 -57.1684 0.0139297 -0.997133 -0.0743823
-50.3199 11.3912 -55.5815 0.0108939 -0.996438 -0.0836276
-48.4147 11.2304 -53.6929 0.00689695 -0.994797 -0.101647
-46.3878 11.0015 -51.6896 -0.00135239 -0.994152 -0.107982
-44.8783 10.7953 -50.1998 -0.0271215 -0.992644 -0.117997
-43.0354 10.528 -48.3841 -0.0266155 -0.990957 -0.131514
-41.5096 10.2839 -46.8875 -0.0351651 -0.989659 -0.139064
-39.738 9.95776 -45.1543 -0.0395268 -0.987914 -0.149882
-38.217 9.66006 -43.6682 -0.0410492 -0.987195 -0.154144
-36.8091 9.38595 -42.2943 -0.0471414 -0.986885 -0.154386
-35.3549 9.07056 -40.8767 -0.0452322 -0.984259 -0.170843
-33.5243 8.66196 -39.096 -0.0576557 -0.980917 -0.185679
-31.9414 8.27771 -37.5598 -0.0561246 -0.981206 -0.184619
-29.9446 7.79988 -35.6245 -0.0521277 -0.980524 -0.189357
-28.1543 7.37306 -33.8891 -0.0512025 -0.980035 -0.192117
-26.2372 6.88249 -32.036 -0.0656201 -0.97905 -0.192757
-24.4395 6.41164 -30.3035 -0.0652957 -0.977921 -0.198513
-22.4664 5.8835 -28.4061 -0.0618297 -0.97619 -0.207919
-21.0339 5.50025 -27.0288 -0.0702534 -0.975192 -0.209917
-19.3982 5.05181 -25.4592 -0.0676823 -0.975616 -0.208788
-17.7535 4.6002 -23.8831 -0.0627925 -0.975231 -0.212091
-16.251 4.18746 -22.4455 -0.0656571 -0.974381 -0.215108
-14.8479 3.80008 -21.1054 -0.0613243 -0.974566 -0.215547
-13.1224 3.32663 -19.4618 -0.0581208 -0.974383 -0.217255
-11.3827 2.85834 -17.8046 -0.058749 -0.975549 -0.211782
-9.55116 2.36447 -16.0594 -0.0617707 -0.974868 -0.214047
-8.0044 1.94524 -14.5863 -0.0603272 -0.974615 -0.215609
-6.67756 1.58141 -13.3248 -0.0549895 -0.975158 -0.214578
-8.04701 2.49611 -17.1108 -0.0651707 -0.976218 -0.206764
-10.2195 3.07746 -19.1801 -0.0632664 -0.975378 -0.21127
-12.059 3.58233 -20.9305 -0.0641033 -0.975471 -0.210589
-14.2421 4.17686 -23.0154 -0.0649112 -0.974857 -0.213165
-16.1496 4.70235 -24.8421 -0.0647373 -0.976008 -0.207889
-18.4756 5.32708 -27.0736 -0.066425 -0.976388 -0.205559
-20.7799 5.95026 -29.2886 -0.0735573 -0.977173 -0.199303
-22.7271 6.47212 -31.1635 -0.0671843 -0.977987 -0.197554
-25.14 7.09557 -33.4918 -0.0656201 -0.97905 -0.192757
-27.0057 7.56733 -35.2979 -0.0664953 -0.980234 -0.186331
-29.0393 8.06022 -37.2696 -0.0571445 -0.981599 -0.182203
-31.0446 8.53711 -39.214 -0.0535548 -0.982473 -0.178545
-32.9112 8.96715 -41.0281 -0.0594751 -0.983992 -0.167996
-34.8215 9.38497 -42.8895 -0.0479809 -0.987242 -0.151827
-37.3626 9.89023 -45.3731 -0.0408434 -0.987264 -0.153756
-39.9002 10.3619 -47.8573 -0.0380671 -0.988548 -0.146027
-41.9543 10.6827 -49.8738 -0.0269139 -0.992757 -0.117084
-44.0569 10.9769 -51.9456 -0.025573 -0.99378 -0.108389
-46.405 11.2696 -54.2643 -0.0134048 -0.995675 -0.0919326
-48.5239 11.4597 -56.3635 0.000332225 -0.997253 -0.0740634
-50.3411 11.5805 -58.1687 0.00588082 -0.997498 -0.0704513
-50.7612 11.6074 -58.586 0.00849731 -0.997622 -0.0684035
-50.162 11.7456 -60.5567 0.0110119 -0.99787 -0.0643032
-47.9354 11.6049 -58.345 -0.00781992 -0.998014 -0.0625102
-45.8065 11.4309 -56.2344 -0.0174099 -0.996939 -0.0762243
-43.8355 11.2154 -54.2875 -0.0243812 -0.995283 -0.0938954
-41.8579 10.9638 -52.3372 -0.0251584 -0.993827 -0.108047
-39.8611 10.6826 -50.3686 -0.0279647 -0.992631 -0.117903
-37.7311 10.3388 -48.2757 -0.0377782 -0.989692 -0.138136
-35.2231 9.85389 -45.8201 -0.0497085 -0.987547 -0.149262
-32.6822 9.32878 -43.3399 -0.0586378 -0.985547 -0.158932
-30.3709 8.83479 -41.0876 -0.0546764 -0.986267 -0.155849
-28.338 8.36197 -39.114 -0.0624569 -0.981569 -0.180612
-26.4637 7.90247 -37.2948 -0.069382 -0.981827 -0.176639
-24.3686 7.3777 -35.2643 -0.070183 -0.98024 -0.184943
-22.5605 6.91456 -33.5159 -0.0763108 -0.979391 -0.187001
-20.6858 6.43573 -31.7045 -0.0759386 -0.977395 -0.197311
-18.829 5.92991 -29.9182 -0.0740902 -0.978163 -0.194183
-16.9447 5.42691 -28.1053 -0.0724642 -0.977122 -0.199953
-14.7387 4.83763 -25.9895 -0.0745492 -0.977961 -0.195024
-12.85 4.32516 -24.1776 -0.0747214 -0.976847 -0.200466
-11.0136 3.82179 -22.4215 -0.0717529 -0.977046 -0.20058
-9.36199 3.37488 -20.8497 -0.0728225 -0.975616 -0.20705
-9.82528 4.00709 -23.7776 -0.0789233 -0.978457 -0.19077
-11.841 4.55296 -25.7085 -0.0808701 -0.978355 -0.190476
-14.4799 5.25986 -28.2383 -0.0777499 -0.978518 -0.19094
-16.5246 5.81746 -30.2064 -0.0793257 -0.978352 -0.19114
-18.3662 6.3025 -31.9805 -0.080052 -0.980181 -0.181211
-20.3368 6.81152 -33.8837 -0.0735931 -0.980299 -0.183298
-23.0555 7.50309 -36.5143 -0.079616 -0.981402 -0.174677
-24.8748 7.96119 -38.2778 -0.0784023 -0.981705 -0.17352
-26.9538 8.48054 -40.2946 -0.0683681 -0.981536 -0.178641
-29.1606 8.98225 -42.4454 -0.0550675 -0.98609 -0.156824
-31.6249 9.50921 -44.8489 -0.0576754 -0.986512 -0.153194
-33.8091 9.94966 -46.9824 -0.0542901 -0.988937 -0.138043
-35.9513 10.3654 -49.0774 -0.0567191 -0.988354 -0.141209
-38.3037 10.7509 -51.3891 -0.0406201 -0.992923 -0.111601
-40.1285 11.0157 -53.1889 -0.0288793 -0.993396 -0.11104
-42.5598 11.3005 -55.5893 -0.0285904 -0.995827 -0.0866721
-44.4314 11.4975 -57.4382 -0.0228778 -0.996878 -0.0755768
-46.5241 11.6666 -59.5113 -0.0083172 -0.997988 -0.062858
-48.626 11.8102 -61.5971 -0.00724004 -0.998177 -0.0599206
-48.7454 11.8173 -61.7155 -0.00136088 -0.99844 -0.0558218
-40.3591 11.274 -55.9789 -0.0241121 -0.995792 -0.0884177
-38.2144 11.0095 -53.8578 -0.0436633 -0.994314 -0.0971275
-35.8392 10.6485 -51.5239 -0.047321 -0.9926 -0.111833
-33.5571 10.2379 -49.283 -0.0598843 -0.988882 -0.136113
-30.6007 9.67416 -46.3925 -0.0612006 -0.987979 -0.141955
-28.0639 9.13779 -43.9144 -0.0696627 -0.987085 -0.144259
-25.6473 8.5994 -41.5514 -0.0817053 -0.984495 -0.15522
-23.0181 7.93948 -39.001 -0.0815676 -0.982236 -0.168995
-20.4161 7.28323 -36.4805 -0.079443 -0.981519 -0.174096
-18.1843 6.71714 -34.3185 -0.0814634 -0.980762 -0.177397
-15.5576 6.04214 -31.7832 -0.0847149 -0.980303 -0.178409
-13.4172 5.46192 -29.7198 -0.0815954 -0.97924 -0.185555
-11.2249 4.87164 -27.6135 -0.085624 -0.978325 -0.188545
-11.0646 4.82778 -27.46 -0.0862168 -0.978404 -0.187864
-11.6 5.45235 -30.475 -0.0834477 -0.978963 -0.186192
-13.6968 6.00675 -32.498 -0.0869259 -0.979719 -0.180539
-16.3279 6.69106 -35.04 -0.0819684 -0.981188 -0.174792
-18.6667 7.2888 -37.3072 -0.0794658 -0.98143 -0.174589
-21.2189 7.92812 -39.7813 -0.0790805 -0.982603 -0.168038
-24.1966 8.64804 -42.6746 -0.0820219 -0.985293 -0.1499
-26.6353 9.20377 -45.0572 -0.0697488 -0.987603 -0.140623
-29.0521 9.72539 -47.4206 -0.0692357 -0.989511 -0.126781
-31.2229 10.1301 -49.5471 -0.0638836 -0.990938 -0.118154
-33.3451 10.5179 -51.6284 -0.0635632 -0.990776 -0.119678
-35.5776 10.883 -53.8225 -0.0485971 -0.993483 -0.1031
-36.7623 11.0559 -54.988 -0.0437989 -0.994308 -0.0971298
-33.1877 10.7823 -54.0302 -0.0578391 -0.992614 -0.106636
-30.9322 10.3848 -51.813 -0.0642873 -0.990683 -0.120061
-28.6736 9.97017 -49.5996 -0.0666188 -0.99059 -0.119558
-25.5857 9.34544 -46.5712 -0.0780828 -0.986994 -0.140522
-23.4679 8.86438 -44.5027 -0.0811986 -0.985814 -0.146892
-20.4641 8.16665 -41.5749 -0.0840829 -0.983927 -0.157534
-18.0843 7.57794 -39.266 -0.0828788 -0.982915 -0.164346
-15.5849 6.94332 -36.8389 -0.0901633 -0.981112 -0.17114
-13.2928 6.35011 -34.6193 -0.0871732 -0.981748 -0.169032
-11.8912 5.98832 -33.2638 -0.0884352 -0.979926 -0.178671
-11.2639 6.24987 -35.172 -0.0960489 -0.981765 -0.164049
-13.385 6.80336 -37.224 -0.0968914 -0.9814 -0.165727
-16.2051 7.53249 -39.9616 -0.0874909 -0.982476 -0.164582
-18.5847 8.11521 -42.2814 -0.0852753 -0.984641 -0.152347
-21.1013 8.70247 -44.7314 -0.0825684 -0.98569 -0.146961
-23.4608 9.23457 -47.0363 -0.0801524 -0.988203 -0.130504
-25.5812 9.68637 -49.1144 -0.0760434 -0.988323 -0.132043
-27.8362 10.1261 -51.3284 -0.0642144 -0.990547 -0.121211
-29.6071 10.4501 -53.0617 -0.0625822 -0.991234 -0.116354
-24.5733 9.80246 -50.6722 -0.0847107 -0.989094 -0.120485
-22.5351 9.37822 -48.6733 -0.0778988 -0.98842 -0.130224
-20.6133 8.96196 -46.7964 -0.0870111 -0.986466 -0.138975
-18.4662 8.47605 -44.7026 -0.0877527 -0.986366 -0.139221
-16.2972 7.9514 -42.5824 -0.0964429 -0.983373 -0.15387
-13.8324 7.3461 -40.1766 -0.0958081 -0.984167 -0.14912
-11.5988 6.75712 -38.0072 -0.10065 -0.981454 -0.163149
-11.0327 6.60839 -37.4568 -0.0992706 -0.981642 -0.162864
-11.0951 7.03787 -40.0338 -0.106506 -0.983075 -0.149062
-12.9577 7.51172 -41.8538 -0.0977727 -0.984197 -0.14764
-15.1304 8.05089 -43.978 -0.105214 -0.982911 -0.15105
-17.2941 8.55983 -46.101 -0.0923409 -0.98633 -0.136478
-19.3688 9.0199 -48.1274 -0.0936898 -0.987593 -0.126023
-20.15 9.19133 -48.8901 -0.0936897 -0.987593 -0.126023
-15.9109 8.58375 -47.2895 -0.0935848 -0.988253 -0.120818
-14.5646 8.27868 -45.9642 -0.107778 -0.984045 -0.141561
-13.156 7.92991 -44.5827 -0.10368 -0.9847 -0.140058
-11.6369 7.55197 -43.096 -0.107177 -0.983777 -0.143859
-11.4362 7.50137 -42.8995 -0.107177 -0.983777 -0.143859
-10.3072 7.57333 -44.3309 -0.10654 -0.984782 -0.137308
-12.107 8.02192 -46.0934 -0.111935 -0.984513 -0.134928
-12.1698 8.03683 -46.1553 -0.112006 -0.986123 -0.12254
-10.9285 8.06195 -47.4839 -0.108981 -0.986288 -0.123929
-9.96547 7.83624 -46.5328 -0.111118 -0.98554 -0.127918
-9.16909 7.97248 -48.2984 -0.10966 -0.986009 -0.125546
-9.57602 8.06902 -48.7011 -0.108236 -0.986238 -0.124978
-2.65888 7.89817 -54.6286 -0.123695 -0.987759 -0.095033
-3.73215 8.1301 -55.707 -0.117895 -0.988601 -0.0936462
-3.66208 8.33746 -58.2131 -0.118633 -0.989574 -0.0816639
-1.75653 7.94041 -56.2956 -0.126279 -0.988296 -0.0855894
-1.01042 7.77989 -55.545 -0.124703 -0.987647 -0.0948787
-0.203943 7.8395 -57.3084 -0.124981 -0.988023 -0.0905024
-1.97544 8.21025 -59.0919 -0.118283 -0.989462 -0.0835066
-3.5417 8.52852 -60.6697 -0.1172 -0.989669 -0.0825792
-4.34326 8.68914 -61.4779 -0.118838 -0.990452 -0.069868
-4.22824 8.84984 -63.9425 -0.119035 -0.990705 -0.06583
-2.51325 8.52119 -62.2117 -0.119683 -0.990234 -0.0714992
-0.466129 8.11788 -60.1484 -0.119837 -0.989367 -0.0824092
1.67715 7.66506 -57.9903 -0.123154 -0.98817 -0.0913987
3.41071 7.52565 -58.8189 -0.123667 -0.988607 -0.0858108
1.8575 7.84753 -60.3829 -0.125592 -0.988724 -0.081554
0.0720706 8.21503 -62.1833 -0.115336 -0.990697 -0.0722308
-2.09937 8.62145 -64.3733 -0.116077 -0.991273 -0.0624788
-2.81016 8.75135 -65.0911 -0.11725 -0.991086 -0.0632504
-0.504893 8.49517 -65.3438 -0.116966 -0.991345 -0.0596136
1.04923 8.21295 -63.7758 -0.120669 -0.990636 -0.063876
2.9248 7.83619 -61.8832 -0.126963 -0.98872 -0.079453
4.76364 7.45801 -60.0317 -0.120528 -0.989386 -0.0811695
5.32613 7.55055 -62.0405 -0.121974 -0.989626 -0.0759145
3.55654 7.90211 -63.8233 -0.124272 -0.989443 -0.0745532
1.69931 8.25506 -65.6981 -0.122216 -0.990798 -0.0581669
4.22043 7.95078 -65.7318 -0.114803 -0.991396 -0.0628768
6.01448 7.61011 -63.9229 -0.121288 -0.989782 -0.074973
6.28361 7.55615 -63.6519 -0.120571 -0.98981 -0.0757621
7.17998 7.57154 -65.3252 -0.116373 -0.990755 -0.0697284
7.13432 7.58012 -65.3713 -0.116054 -0.990809 -0.0694975
