-0.580644 62.9463 94.4249 -0.114503 0.406085 0.906634
0.569081 63.1227 94.4798 -0.101412 0.41057 0.906172
1.77274 63.3739 94.4932 -0.0902888 0.395436 0.914045
2.92188 63.6095 94.4916 -0.0768616 0.398665 0.913869
4.496 64.2455 94.3409 -0.0757321 0.397458 0.914482
5.67735 65.0031 94.0903 -0.0668397 0.417623 0.906136
6.60883 65.5665 93.8908 -0.0611668 0.422 0.90453
7.49049 66.4205 93.5204 -0.0334559 0.443133 0.895831
8.12298 67.4698 92.9992 -0.0155527 0.47261 0.881135
8.34949 68.511 92.4106 -0.00868084 0.516336 0.85634
8.32716 69.4261 91.8328 0.00943226 0.551851 0.833874
8.07866 70.4251 91.1581 0.0354285 0.598961 0.799907
7.81734 71.4382 90.3977 0.0855139 0.642643 0.761038
7.34685 72.4256 89.6469 0.106313 0.659048 0.743742
6.70753 73.1408 89.1116 0.142172 0.664926 0.733159
5.85167 72.8028 89.5688 0.138975 0.634852 0.75991
5.11082 71.95 90.3257 0.0881816 0.564226 0.820897
4.52892 71.0625 90.9616 0.0703997 0.537955 0.840029
4.0227 70.0902 91.5454 0.0512151 0.483037 0.874094
3.22049 68.6705 92.2413 -0.0212825 0.445779 0.894887
2.47865 67.9045 92.5618 -0.0419011 0.417359 0.907775
1.59766 67.0471 92.8933 -0.0566991 0.393436 0.917602
0.971616 66.1677 93.2027 -0.089934 0.382321 0.919643
0.165545 65.3445 93.4626 -0.115787 0.385241 0.915495
-0.921326 64.6116 93.636 -0.12963 0.392542 0.910553
-1.7727 63.9358 93.8084 -0.14138 0.404129 0.90371
-2.30609 63.0755 94.1236 -0.135494 0.431418 0.891919
-0.954148 62.9258 94.3869 -0.112731 0.406382 0.906721
-0.939149 62.9267 94.3884 -0.114509 0.406093 0.906629
-0.9116 61.9827 94.8348 -0.116505 0.432968 0.893849
0.390715 62.1216 94.9119 -0.104968 0.420295 0.901092
2.09615 62.5927 94.8645 -0.0799129 0.400814 0.912665
3.24616 62.7403 94.8951 -0.0763706 0.395067 0.915472
4.541 63.1759 94.8096 -0.071444 0.394722 0.916018
5.71544 63.9803 94.5543 -0.0696468 0.409497 0.909649
6.76338 64.5627 94.373 -0.0666114 0.41727 0.906292
7.83879 65.3241 94.086 -0.0538354 0.432164 0.900187
8.59335 66.2799 93.6586 -0.0508202 0.459473 0.886693
9.16082 67.2771 93.1558 -0.0434215 0.491605 0.869721
9.35442 68.277 92.5712 -0.0306594 0.531637 0.846417
9.37942 69.3407 91.887 -0.0224205 0.547731 0.836354
9.13653 70.3999 91.1383 -0.0143885 0.615728 0.787828
8.80996 71.5137 90.2462 0.065628 0.652094 0.755292
8.40795 72.329 89.5809 0.106313 0.659042 0.743748
7.8938 73.2589 88.7737 0.126391 0.670573 0.730539
7.19336 74.005 88.2 0.184256 0.689619 0.700218
5.91999 73.9241 88.5749 0.163891 0.658549 0.734474
4.9849 73.2691 89.3374 0.150443 0.623517 0.767199
4.07026 72.3191 90.1841 0.0879637 0.566944 0.81904
3.37459 71.2533 90.9544 0.0765355 0.495439 0.863342
2.90048 70.323 91.4491 0.00257223 0.416887 0.908955
2.31486 69.1534 92.0025 -0.00927815 0.427215 0.904103
1.22597 67.9633 92.4774 -0.0186815 0.393233 0.919146
0.327289 66.8687 92.8482 -0.0894787 0.383196 0.919322
-0.488701 66.0455 93.0902 -0.116941 0.378628 0.918132
-1.57643 65.2634 93.2576 -0.155575 0.389332 0.907864
-2.59693 64.46 93.446 -0.157656 0.405547 0.900204
-3.5651 63.3692 93.7714 -0.155874 0.420542 0.893783
-4.06726 62.3075 94.2165 -0.137267 0.458659 0.877946
-2.81027 62.0515 94.5468 -0.138048 0.460962 0.876613
-1.51529 62.0017 94.7469 -0.116504 0.432967 0.893849
-1.40771 61.0397 95.2606 -0.0887738 0.46927 0.878581
-0.154707 61.0993 95.3472 -0.0933442 0.430768 0.897622
1.34153 61.3738 95.3334 -0.0564934 0.426605 0.902672
2.41986 61.5483 95.3508 -0.0775991 0.400938 0.912813
4.07155 61.9469 95.3016 -0.0687749 0.39773 0.91491
5.29488 62.5749 95.1304 -0.0780143 0.392189 0.91657
6.20879 63.2138 94.9385 -0.0793762 0.398609 0.913551
7.33896 63.7857 94.7702 -0.0695378 0.413085 0.908006
8.28737 64.4671 94.5284 -0.0871498 0.442598 0.892205
9.41203 65.5567 94.0749 -0.0628292 0.43605 0.897727
9.89079 66.45 93.6455 -0.0417251 0.47845 0.877123
10.2987 67.356 93.1586 -0.0512299 0.483404 0.873714
10.3854 68.4778 92.4986 -0.0487456 0.522274 0.851384
10.4582 69.3956 91.88 -0.0297001 0.554631 0.831492
10.2519 70.3011 91.2358 0.00388523 0.638215 0.769074
9.96662 71.1485 90.507 0.0242804 0.647351 0.761805
9.81025 72.0198 89.7376 0.0837997 0.729473 0.678856
9.26608 72.7204 89.0519 0.101439 0.713148 0.693073
9.02397 73.5035 88.3126 0.119694 0.707058 0.696952
8.33581 74.1977 87.7207 0.167629 0.72124 0.671603
7.16913 74.8624 87.3781 0.205022 0.68114 0.702785
5.44933 74.7004 88.0483 0.228999 0.648576 0.725211
4.34253 74.0728 88.8466 0.166527 0.607006 0.777054
3.63133 73.5202 89.4354 0.204427 0.610566 0.765126
2.84418 72.158 90.432 0.10575 0.518571 0.848449
2.28422 71.3657 90.9663 0.0560967 0.449497 0.891518
1.62915 70.2654 91.479 0.00245215 0.415788 0.909458
1.10385 69.273 91.92 -0.00515543 0.39119 0.920295
-0.10538 68.1044 92.3017 -0.0865534 0.351674 0.932113
-0.687418 67.1876 92.6114 -0.10223 0.364285 0.925652
-1.77483 66.3499 92.7888 -0.171978 0.350967 0.920459
-2.82582 65.4693 92.9394 -0.18643 0.388011 0.902208
-3.79291 64.5221 93.1787 -0.193096 0.409427 0.891674
-4.64823 63.4292 93.516 -0.20036 0.432388 0.879145
-5.28353 62.5635 93.8502 -0.169926 0.461286 0.870826
-5.04817 61.4371 94.5082 -0.153171 0.498631 0.853174
-4.0148 61.1803 94.8244 -0.12233 0.487184 0.864689
-2.93808 61.0889 95.036 -0.138832 0.463254 0.875284
-1.68812 61.0325 95.2361 -0.0887769 0.469266 0.878583
3.31716 64.2227 94.2557 -0.0740009 0.400131 0.913466
4.75194 65.4797 93.8016 -0.0677391 0.412376 0.908492
5.82551 66.6203 93.3418 -0.0543198 0.427285 0.902484
6.86633 67.984 92.693 -0.0269389 0.463404 0.885737
7.71656 69.3011 91.9293 0.0232911 0.543497 0.839088
7.341 70.6773 91.0235 0.0710305 0.589776 0.804437
6.67479 69.4992 91.8284 0.0320918 0.525713 0.850056
5.85612 68.2434 92.5265 -0.0160891 0.462223 0.886618
4.9562 67.0317 93.0946 -0.0497491 0.429934 0.901489
3.62423 65.6369 93.6508 -0.064409 0.4084 0.910528
2.41668 64.6341 94.0012 -0.0759983 0.399759 0.913464
1.1735 63.7941 94.2476 -0.103023 0.40293 0.909414
-0.710645 63.7085 94.067 -0.1219 0.410398 0.903722
1.03834 64.7472 93.8177 -0.102196 0.391776 0.914367
2.33176 65.665 93.5456 -0.0733311 0.397527 0.914655
3.72459 67.0228 93.0267 -0.0432297 0.417637 0.907585
4.65426 68.207 92.5047 -0.0211597 0.443762 0.895895
5.66571 69.7291 91.7233 0.0148367 0.499164 0.86638
6.31889 70.8807 90.9464 0.0541262 0.542855 0.83808
6.92405 71.9896 90.0663 0.108941 0.634446 0.765251
5.9616 72.2828 89.973 0.114229 0.623143 0.773721
5.28748 71.0558 90.9056 0.0573861 0.534785 0.843037
4.44321 69.6192 91.7953 -0.00606488 0.460809 0.887478
3.57837 68.3445 92.4112 -0.0322231 0.430931 0.90181
2.62819 67.1836 92.9005 -0.052714 0.406929 0.911938
1.70519 66.2812 93.2272 -0.0894655 0.383199 0.919323
