4.80859 69.1932 97.2354 -0.050586 0.405586 0.912606
5.03999 69.8741 96.9388 -0.0431795 0.411206 0.910519
5.94319 69.8886 96.9834 -0.0607869 0.419447 0.905724
5.3305 68.8908 97.3967 -0.0539312 0.413363 0.9089
5.56419 67.9839 97.8175 -0.0781872 0.39823 0.913946
6.48833 68.5657 97.6337 -0.0742009 0.407426 0.910209
6.88791 69.8198 97.0826 -0.0742512 0.428472 0.900499
6.26288 71.1531 96.3999 -0.0361422 0.45057 0.892009
4.95261 71.153 96.3469 -0.0443732 0.431852 0.90058
3.96743 70.1227 96.777 -0.0350614 0.397609 0.916787
3.34283 69.1238 97.1728 -0.0604924 0.391634 0.918083
3.53768 68.1982 97.5711 -0.0662627 0.382093 0.921739
4.6277 67.8858 97.7789 -0.0792628 0.397821 0.914033
4.85005 67.9132 97.7863 -0.0792635 0.397819 0.914033
4.94784 66.9658 98.2071 -0.0866117 0.381353 0.920166
5.97861 67.0006 98.2814 -0.0781856 0.398231 0.913946
6.89767 67.6325 98.0814 -0.0741104 0.398437 0.914197
7.59136 68.5546 97.7319 -0.0813351 0.415262 0.906058
7.86529 69.6068 97.2724 -0.0813829 0.421777 0.903025
7.59949 70.8684 96.6149 -0.0629257 0.467306 0.881853
6.96144 72.0397 95.9893 -0.0492943 0.447367 0.892991
5.79402 72.4474 95.7436 -0.00613636 0.452625 0.891291
4.80048 72.1536 95.8634 -0.0231042 0.431748 0.901698
3.711 71.4468 96.1738 -0.0231633 0.431719 0.901711
3.04059 70.629 96.518 -0.0447158 0.388926 0.920183
2.42367 69.8587 96.8123 -0.0481729 0.387777 0.920493
2.25517 68.6361 97.3039 -0.0523309 0.371653 0.926896
2.86662 67.2874 97.8919 -0.0735628 0.371882 0.925361
3.77098 66.8694 98.1351 -0.0857834 0.379211 0.921325
4.61888 66.9455 98.1817 -0.0892879 0.37209 0.923849
