15.9535 109.371 -33.6177 0.261388 0.85181 0.453977
17.3523 108.837 -33.4234 0.262619 0.8511 0.454598
18.2474 108.481 -33.2748 0.263469 0.850684 0.454885
19.384 108.047 -33.1257 0.265438 0.850155 0.454729
20.3452 107.635 -32.9228 0.267904 0.847627 0.457992
21.6058 107.12 -32.7121 0.270916 0.845665 0.459843
23.1248 106.477 -32.4272 0.272227 0.845498 0.459376
24.1234 106.083 -32.2938 0.273851 0.844247 0.460703
25.39 105.555 -32.0853 0.275876 0.842899 0.461968
26.3585 105.14 -31.9137 0.278443 0.840864 0.46413
27.3441 104.689 -31.6902 0.281144 0.838966 0.465934
28.5565 104.193 -31.529 0.28134 0.837762 0.467977
29.8824 103.682 -31.4205 0.286369 0.836875 0.466512
31.021 103.186 -31.2328 0.287248 0.835175 0.469011
31.9716 102.765 -31.0676 0.288636 0.8342 0.469891
33.2062 102.221 -30.8639 0.293016 0.831425 0.472095
34.3304 101.724 -30.6873 0.293879 0.82988 0.474272
35.6675 101.195 -30.5931 0.296119 0.828051 0.476072
36.7577 100.7 -30.4155 0.300006 0.825957 0.477274
37.6748 100.237 -30.1914 0.300024 0.825558 0.477952
38.5943 99.8429 -30.0918 0.301769 0.824128 0.479321
39.7982 99.3723 -30.0412 0.301836 0.822884 0.481412
40.8164 98.8729 -29.8269 0.303774 0.822231 0.481307
41.9555 98.3079 -29.5822 0.30312 0.821269 0.483359
43.2168 97.8223 -29.5563 0.305991 0.819003 0.48539
44.1689 97.4041 -29.4515 0.306932 0.818457 0.485717
45.3066 96.8168 -29.1835 0.307292 0.817099 0.487771
46.3946 96.2818 -28.9752 0.309042 0.815424 0.489466
47.5109 95.7813 -28.8456 0.308967 0.815217 0.489857
48.1097 95.257 -28.3518 0.309463 0.814591 0.490586
48.1583 94.7151 -27.4833 0.309738 0.814422 0.490693
48.1917 94.1444 -26.5583 0.310754 0.814013 0.490729
48.0605 93.5976 -25.5709 0.312439 0.812785 0.491694
47.774 93.1139 -24.5902 0.312807 0.81258 0.491797
47.1357 92.6284 -23.3822 0.31347 0.812116 0.492142
46.4964 92.3642 -22.54 0.31329 0.810664 0.494644
45.7097 92.3179 -21.9613 0.315718 0.81072 0.493005
44.412 92.4541 -21.3533 0.316846 0.80961 0.494106
43.0288 92.8569 -21.1245 0.317583 0.810328 0.492452
42.0453 93.2435 -21.1274 0.318112 0.811146 0.490762
41.0955 93.6214 -21.1349 0.319381 0.81054 0.490938
40.104 94.0407 -21.1822 0.318765 0.811415 0.489891
39.2165 94.4967 -21.3593 0.319829 0.812602 0.48722
37.9851 95.104 -21.5668 0.320968 0.813651 0.484713
36.824 95.6026 -21.6314 0.322136 0.813815 0.483666
35.701 96.0275 -21.5989 0.323442 0.817318 0.47684
34.63 96.3524 -21.4309 0.32222 0.817752 0.476923
33.6196 96.6524 -21.262 0.321233 0.8216 0.470938
32.4157 96.9369 -20.9321 0.325965 0.820864 0.468959
31.3402 97.1656 -20.5823 0.326224 0.825649 0.460303
30.0384 97.3802 -20.0394 0.328037 0.824433 0.461194
28.9367 97.5102 -19.472 0.335894 0.827483 0.4499
27.7349 97.6306 -18.7898 0.330555 0.834549 0.440748
26.7294 97.6492 -18.0528 0.335397 0.836813 0.432728
25.6302 97.6984 -17.282 0.337284 0.84028 0.424434
24.715 97.7367 -16.6254 0.333938 0.844485 0.418703
23.8405 97.7704 -15.9781 0.338079 0.847239 0.409743
22.6693 97.8077 -15.0767 0.338326 0.85119 0.401263
21.9175 97.8125 -14.4529 0.340882 0.853665 0.393709
21.0688 97.7754 -13.6489 0.330556 0.859747 0.389318
20.1698 97.836 -13.014 0.328987 0.861442 0.386892
19.0686 97.851 -12.1036 0.329127 0.863117 0.383019
18.1274 97.7701 -11.1119 0.325519 0.86591 0.379787
17.3604 97.7706 -10.4546 0.325704 0.866646 0.377939
16.5783 97.7485 -9.7287 0.324983 0.867398 0.376837
15.8645 97.7231 -9.05465 0.324984 0.867483 0.376642
15.0081 97.7275 -8.32281 0.326889 0.867345 0.375306
14.1337 97.7133 -7.52286 0.329256 0.86758 0.372682
13.2401 97.7083 -6.71499 0.334317 0.867064 0.369366
12.2762 97.6819 -5.77739 0.335449 0.867369 0.367617
11.0821 97.833 -5.04249 0.335999 0.868661 0.364043
9.92671 98.1928 -4.83853 0.33446 0.871832 0.357833
9.10619 98.7521 -5.43927 0.32984 0.873645 0.357698
8.59963 99.2226 -6.12154 0.328261 0.873533 0.359423
8.10714 99.7455 -6.94764 0.324111 0.876421 0.356145
7.65198 100.213 -7.6815 0.321581 0.876827 0.357435
7.21807 100.733 -8.56956 0.320287 0.877601 0.356698
6.8495 101.213 -9.41579 0.316862 0.876337 0.362812
6.44065 101.756 -10.3754 0.312313 0.877632 0.363625
6.00353 102.252 -11.1965 0.312991 0.876151 0.366589
5.55365 102.838 -12.2086 0.310078 0.876807 0.367506
5.19919 103.335 -13.0746 0.309103 0.873567 0.375946
4.86525 103.808 -13.8873 0.310581 0.871481 0.379553
4.62725 104.265 -14.74 0.31056 0.869765 0.383486
4.24662 104.974 -16.0342 0.312656 0.867883 0.386037
3.89124 105.482 -16.887 0.314479 0.866929 0.3867
3.44144 106.237 -18.2141 0.314544 0.866988 0.386514
3.1645 106.709 -19.0499 0.3138 0.867451 0.386079
2.66457 107.28 -19.9235 0.313695 0.867163 0.386813
2.3341 107.813 -20.8479 0.313513 0.866551 0.388328
1.90821 108.459 -21.9419 0.313678 0.865576 0.390365
1.59267 108.975 -22.8298 0.314314 0.864127 0.393054
1.31395 109.498 -23.7491 0.315413 0.861457 0.398002
1.05391 110.034 -24.6975 0.316774 0.860468 0.39906
0.861506 110.504 -25.561 0.31557 0.861133 0.398579
0.655664 111.108 -26.69 0.321129 0.857646 0.401644
0.473056 111.727 -27.8599 0.320746 0.857178 0.402949
0.498329 112.138 -28.7528 0.32144 0.856616 0.40359
0.372305 112.812 -30.096 0.319095 0.858437 0.401573
0.44585 113.367 -31.348 0.323944 0.858835 0.396802
0.630264 113.74 -32.2973 0.317208 0.860285 0.399107
0.979352 114.037 -33.219 0.312633 0.860919 0.401304
1.46645 114.261 -34.0758 0.301343 0.863777 0.403771
2.18549 114.365 -34.8162 0.295273 0.864537 0.406658
3.13243 114.405 -35.5672 0.285711 0.867164 0.407918
4.20428 114.017 -35.5089 0.282695 0.862141 0.420435
5.21664 113.585 -35.2952 0.27539 0.862646 0.424254
6.35798 113.051 -34.9522 0.27714 0.858958 0.430559
7.63878 112.576 -34.8128 0.269733 0.858703 0.435745
8.83934 112.198 -34.8114 0.270406 0.857711 0.437273
9.99327 111.716 -34.5746 0.270233 0.856039 0.44064
10.9054 111.366 -34.4445 0.263274 0.855003 0.446819
11.8636 110.983 -34.2802 0.261869 0.853575 0.45037
13.0375 110.534 -34.1171 0.265468 0.853102 0.449158
14.0558 110.119 -33.9277 0.26294 0.853205 0.450449
15.2307 109.671 -33.7645 0.261013 0.851953 0.453926
15.6036 109.985 -34.5676 0.260992 0.851517 0.454755
14.4028 110.47 -34.7873 0.261084 0.851469 0.454793
13.2945 110.9 -34.954 0.262543 0.850772 0.455256
12.1826 111.34 -35.1384 0.261051 0.850656 0.456329
11.1552 111.728 -35.2811 0.253195 0.855452 0.451767
9.98652 112.201 -35.5085 0.259926 0.85532 0.448181
9.01818 112.59 -35.6805 0.267407 0.856751 0.440989
7.8571 112.98 -35.7446 0.266101 0.859321 0.436743
6.72641 113.355 -35.7841 0.268332 0.859751 0.434534
5.66719 113.879 -36.1808 0.271311 0.863506 0.425143
4.53946 114.332 -36.3767 0.27905 0.864471 0.418113
3.64385 114.698 -36.541 0.28 0.865813 0.414663
2.54975 115.061 -36.553 0.283728 0.867364 0.408856
1.60757 114.996 -35.7444 0.288975 0.86838 0.403001
1.05704 114.799 -34.9253 0.296706 0.865967 0.402566
0.510751 114.627 -34.1317 0.309579 0.863329 0.398528
-0.0963746 114.408 -33.1766 0.316033 0.863269 0.393546
-0.391365 113.963 -31.9624 0.320393 0.860982 0.395034
-0.61392 113.503 -30.7799 0.32214 0.860501 0.39467
-0.624176 112.983 -29.6504 0.325682 0.857029 0.399291
-0.459983 112.423 -28.5892 0.324787 0.85515 0.40402
-0.525167 111.962 -27.556 0.324503 0.85605 0.402339
-0.353997 111.486 -26.6814 0.324815 0.856037 0.402114
-0.117838 110.78 -25.3637 0.322701 0.856739 0.402315
0.103146 110.3 -24.5176 0.316376 0.859991 0.400402
0.366311 109.769 -23.5833 0.316248 0.861152 0.397995
0.658255 109.249 -22.6853 0.31535 0.862994 0.394703
0.977797 108.633 -21.5811 0.31075 0.865289 0.393331
1.33354 108.12 -20.7258 0.312722 0.867192 0.387532
1.61147 107.648 -19.895 0.313707 0.867161 0.386808
2.03813 107.136 -19.0933 0.314977 0.86755 0.384897
2.43929 106.652 -18.3311 0.314163 0.867489 0.3857
2.61932 106.18 -17.4175 0.314544 0.866988 0.386514
3.06504 105.518 -16.3016 0.313479 0.866151 0.389247
3.42712 104.972 -15.3671 0.311877 0.868237 0.385871
3.71786 104.428 -14.3739 0.309997 0.86994 0.383535
3.93627 103.983 -13.5328 0.308797 0.872219 0.379313
4.26971 103.517 -12.7322 0.310259 0.874355 0.373151
4.58407 103.057 -11.915 0.309976 0.875741 0.370116
4.9904 102.513 -10.9575 0.309527 0.877841 0.365493
5.46572 102.004 -10.1372 0.31251 0.877496 0.363784
5.91553 101.432 -9.13393 0.315127 0.878947 0.357977
6.42027 100.778 -7.96606 0.317086 0.879643 0.354519
6.86402 100.221 -6.98847 0.322868 0.876996 0.355856
7.5276 99.5964 -6.04981 0.32588 0.878875 0.348388
7.99415 99.0892 -5.23374 0.330256 0.874644 0.354864
8.65387 98.5034 -4.40934 0.333827 0.873854 0.353444
9.41078 98.0095 -3.90188 0.338124 0.872642 0.352366
10.3945 97.559 -3.73256 0.338898 0.870361 0.357238
11.2754 97.3693 -4.10569 0.339563 0.868994 0.359927
12.3157 97.2047 -4.6826 0.337794 0.867791 0.364462
13.0794 97.1865 -5.34022 0.336688 0.867029 0.367289
13.7887 97.2174 -6.05997 0.335546 0.865775 0.371272
14.689 97.211 -6.84655 0.330011 0.866582 0.374337
15.4852 97.2272 -7.58359 0.32912 0.866823 0.374563
16.2955 97.2222 -8.27234 0.324877 0.867553 0.376573
17.0533 97.2374 -8.96151 0.32499 0.867567 0.376442
18.1334 97.2703 -9.97027 0.325565 0.867396 0.376339
19.0206 97.274 -10.7505 0.327904 0.866151 0.377176
19.9031 97.3524 -11.6936 0.329724 0.864406 0.379586
20.7718 97.3265 -12.3905 0.33525 0.862221 0.379712
21.7913 97.2687 -13.1514 0.33847 0.857528 0.38739
22.7053 97.2952 -14.0112 0.344158 0.855126 0.387704
23.7034 97.2674 -14.8064 0.346009 0.849543 0.398189
24.5169 97.2535 -15.4759 0.343233 0.842708 0.414771
25.5929 97.1917 -16.2471 0.346867 0.84141 0.414382
26.4305 97.1643 -16.8703 0.341903 0.837159 0.42692
27.35 97.1142 -17.508 0.344745 0.833005 0.432688
28.2736 97.0764 -18.1612 0.344805 0.830742 0.437009
29.3383 96.9439 -18.7261 0.340199 0.828109 0.445534
30.3 96.8271 -19.2298 0.337884 0.824543 0.453832
31.262 96.6961 -19.6918 0.331419 0.821748 0.463565
32.5556 96.4233 -20.1278 0.327792 0.821072 0.467325
34.0447 96.0243 -20.4647 0.325338 0.818435 0.473623
35.0073 95.7341 -20.6245 0.328547 0.81579 0.475943
35.9905 95.418 -20.7587 0.325151 0.814443 0.48058
37.0882 94.9461 -20.704 0.325615 0.81176 0.48479
37.9907 94.5693 -20.6749 0.321387 0.812118 0.487005
38.9102 94.0919 -20.4866 0.32043 0.811382 0.488859
39.7984 93.6182 -20.2837 0.322728 0.809228 0.490909
41.0375 93.0805 -20.205 0.318971 0.810459 0.49134
42.0608 92.7092 -20.2571 0.318281 0.809954 0.492618
43.0416 92.3418 -20.2875 0.318243 0.809707 0.493048
44.0179 92.026 -20.3998 0.318249 0.808256 0.495419
45.0413 91.8025 -20.692 0.317026 0.808857 0.49522
46.0254 91.712 -21.1722 0.3167 0.808513 0.495992
46.8705 91.7259 -21.7331 0.314757 0.809325 0.495905
47.528 91.9014 -22.4382 0.314713 0.810615 0.493821
48.1129 92.2057 -23.3095 0.314245 0.810944 0.493579
48.5567 92.5582 -24.1713 0.313246 0.812006 0.492466
48.8395 93.0065 -25.0905 0.313264 0.812067 0.492354
49.0497 93.4725 -25.9917 0.311751 0.812346 0.492854
49.1165 93.9905 -26.8882 0.310291 0.812515 0.493496
49.1418 94.6553 -28.004 0.308451 0.814527 0.491329
49.1165 95.1706 -28.843 0.309107 0.8145 0.49096
48.6849 95.7589 -29.5464 0.308938 0.814332 0.491345
47.7851 96.2343 -29.7703 0.308003 0.81489 0.491008
46.3591 96.8348 -29.8736 0.306521 0.815868 0.490309
45.1053 97.4745 -30.1552 0.305438 0.816947 0.489186
44.2377 97.9136 -30.3501 0.304038 0.817999 0.488301
43.1495 98.367 -30.433 0.304404 0.81948 0.485583
42.1925 98.7121 -30.416 0.302826 0.820338 0.485119
41.3227 99.1643 -30.6391 0.30156 0.821559 0.483839
40.3966 99.6407 -30.8748 0.299209 0.823221 0.482474
39.3628 100.066 -30.9593 0.301093 0.824308 0.479435
38.2041 100.515 -31.0021 0.301361 0.824551 0.478849
37.2082 101.026 -31.2602 0.299936 0.823806 0.481012
36.0806 101.558 -31.4786 0.295139 0.82528 0.481463
34.8505 102.022 -31.5269 0.292302 0.827802 0.478856
33.5919 102.589 -31.7473 0.290307 0.830022 0.47622
32.4963 103.068 -31.9219 0.287659 0.832633 0.47326
31.3627 103.554 -32.0912 0.285847 0.833308 0.473169
30.2614 104.029 -32.2652 0.283397 0.834825 0.471968
29.1303 104.475 -32.377 0.281383 0.836669 0.469903
28.2097 104.83 -32.4586 0.278596 0.83702 0.470938
27.2449 105.27 -32.6744 0.275301 0.839215 0.468965
25.8359 105.871 -32.9189 0.276417 0.839842 0.467182
24.6383 106.391 -33.1545 0.271142 0.841205 0.467817
23.6301 106.766 -33.2487 0.26942 0.841731 0.467869
22.7148 107.16 -33.4357 0.26804 0.843863 0.464804
21.1817 107.784 -33.6811 0.26739 0.845289 0.462588
19.8029 108.373 -33.9666 0.264595 0.846678 0.461655
18.5221 108.85 -34.1114 0.263277 0.846478 0.462775
17.1696 109.407 -34.3798 0.257086 0.850196 0.459423
16.1228 109.766 -34.4552 0.258663 0.851992 0.455189
15.9025 109.861 -34.5074 0.261005 0.851518 0.454745
16.0532 110.291 -35.3995 0.258265 0.852887 0.453743
17.6092 109.725 -35.2085 0.252528 0.851207 0.460068
18.568 109.331 -35.0157 0.262567 0.845598 0.464782
20.0472 108.762 -34.8173 0.263566 0.845543 0.464317
21.0945 108.32 -34.609 0.266853 0.844522 0.464296
22.0737 107.942 -34.4868 0.267907 0.844112 0.464436
23.1428 107.498 -34.2928 0.266094 0.844838 0.464158
24.2073 107.045 -34.0803 0.265755 0.839257 0.474365
25.2366 106.658 -33.98 0.271691 0.838422 0.472474
26.2657 106.207 -33.7749 0.275359 0.839102 0.469132
27.5928 105.656 -33.5655 0.273984 0.838382 0.471214
28.7117 105.173 -33.3654 0.278452 0.834928 0.474721
30.1756 104.573 -33.1737 0.282675 0.834598 0.472801
31.214 104.126 -33.0058 0.283311 0.833365 0.474585
32.1752 103.731 -32.8914 0.286402 0.832052 0.47504
33.4285 103.214 -32.7414 0.286555 0.832192 0.474702
34.3336 102.817 -32.5941 0.286626 0.830888 0.476939
35.2968 102.38 -32.4175 0.289191 0.828236 0.479988
36.5173 101.886 -32.3045 0.290628 0.824798 0.484999
37.6145 101.362 -32.0871 0.303552 0.82256 0.48088
38.5059 100.911 -31.8748 0.299775 0.825715 0.477832
40.002 100.318 -31.7869 0.296316 0.825676 0.480057
41.0535 99.8627 -31.6619 0.300012 0.822918 0.482493
41.9002 99.4093 -31.4139 0.30167 0.820651 0.485312
42.9717 98.9378 -31.2847 0.302845 0.819478 0.48656
43.9558 98.5618 -31.2629 0.30284 0.818789 0.487723
44.8377 98.1591 -31.1357 0.304019 0.81828 0.487843
45.7476 97.6799 -30.898 0.305881 0.81559 0.491172
46.9689 97.1677 -30.8096 0.306911 0.815356 0.490919
47.9314 96.7298 -30.6841 0.307321 0.815047 0.491174
48.8221 96.3123 -30.5478 0.304652 0.815389 0.492268
49.8173 95.7864 -30.3035 0.309044 0.813066 0.493371
50.1326 95.1609 -29.4668 0.310416 0.813466 0.491847
50.1639 94.5235 -28.4266 0.306831 0.815431 0.490844
50.1211 94.0295 -27.5836 0.309162 0.813667 0.492305
50.0819 93.5244 -26.7292 0.311571 0.811541 0.494293
49.8744 92.875 -25.5299 0.312289 0.8119 0.493248
49.5915 92.4045 -24.5754 0.312707 0.812358 0.492229
49.3112 91.931 -23.6179 0.312553 0.811538 0.493676
48.7414 91.6437 -22.7866 0.313016 0.810417 0.495223
48.1123 91.2532 -21.749 0.314169 0.809667 0.49572
47.4077 91.0962 -21.047 0.313127 0.808316 0.498565
46.4131 91.1114 -20.44 0.315717 0.808409 0.496787
45.5006 91.1919 -19.9912 0.316601 0.807262 0.498089
44.4843 91.361 -19.6164 0.318481 0.806932 0.497423
43.4375 91.6411 -19.3981 0.321504 0.805634 0.497582
42.1659 92.0385 -19.2233 0.319464 0.808918 0.493551
41.1291 92.4963 -19.3034 0.319662 0.809367 0.492688
40.1627 92.9435 -19.4096 0.320525 0.809784 0.49144
39.1893 93.4038 -19.5316 0.320782 0.810092 0.490764
38.2906 93.8758 -19.72 0.322786 0.810296 0.48911
37.3238 94.2876 -19.7633 0.324283 0.809752 0.489021
36.3877 94.6968 -19.8132 0.327656 0.81123 0.484301
35.502 95.0929 -19.8768 0.332539 0.811708 0.480147
34.4756 95.3462 -19.5955 0.33174 0.813268 0.478062
33.3776 95.7405 -19.5164 0.333075 0.817257 0.470189
31.8636 96.0764 -19.0346 0.331164 0.819276 0.4681
30.5662 96.2777 -18.4445 0.342454 0.819433 0.459625
29.6778 96.4013 -17.9833 0.345508 0.823876 0.44927
28.8372 96.4979 -17.5138 0.348505 0.826415 0.442247
27.9341 96.5693 -16.9274 0.351861 0.828956 0.434772
26.9918 96.629 -16.2702 0.344488 0.83583 0.427453
26.1551 96.6579 -15.6438 0.349955 0.836749 0.421164
25.3208 96.7079 -15.0467 0.355719 0.839275 0.411038
24.1562 96.7777 -14.1551 0.352408 0.84808 0.395624
23.2553 96.7743 -13.3501 0.343906 0.855418 0.387285
22.4255 96.7937 -12.6499 0.339391 0.858519 0.384395
21.2293 96.8334 -11.669 0.33685 0.863326 0.375744
20.4146 96.8044 -10.8881 0.329152 0.864967 0.378801
19.2911 96.7651 -9.81703 0.328747 0.865767 0.377321
18.5306 96.7687 -9.16483 0.328441 0.865499 0.378204
17.8037 96.7378 -8.45308 0.322854 0.869132 0.374665
16.9228 96.7683 -7.77187 0.319135 0.867798 0.380887
16.1916 96.6646 -6.91551 0.329574 0.864533 0.37941
15.3038 96.6863 -6.18409 0.333676 0.863455 0.378291
14.3217 96.6969 -5.32834 0.340178 0.863156 0.37315
13.3797 96.713 -4.49909 0.34035 0.865714 0.367015
12.6127 96.7319 -3.83001 0.340549 0.867119 0.363496
11.6932 96.8553 -3.26349 0.341736 0.866689 0.363411
10.7003 97.0471 -2.77533 0.342195 0.870203 0.354469
9.65993 97.4333 -2.72117 0.340887 0.870716 0.354472
8.85977 97.878 -3.04492 0.340015 0.876688 0.340291
7.95917 98.4343 -3.57162 0.337902 0.874562 0.347761
7.24759 98.9819 -4.26975 0.329979 0.877489 0.348033
6.81536 99.4672 -5.06634 0.33123 0.873996 0.355553
6.28648 100.029 -5.97664 0.326629 0.877748 0.350532
5.89066 100.485 -6.76176 0.320481 0.880095 0.350317
5.51337 100.945 -7.56942 0.315425 0.881295 0.35188
5.04639 101.537 -8.6327 0.310199 0.881689 0.355502
4.59023 102.132 -9.7011 0.308377 0.880026 0.36117
4.07031 102.71 -10.6522 0.307731 0.87864 0.365091
3.71139 103.163 -11.4377 0.305474 0.878594 0.367093
3.17974 103.756 -12.4011 0.305759 0.874363 0.376795
2.87636 104.225 -13.2279 0.309277 0.870836 0.382089
2.60792 104.709 -14.1144 0.309997 0.869941 0.383535
2.38696 105.196 -15.0304 0.311363 0.868607 0.385454
2.17211 105.672 -15.9174 0.31042 0.859241 0.406074
1.85428 106.163 -16.7507 0.317984 0.865929 0.386066
1.464 106.846 -17.9692 0.315936 0.866746 0.385922
0.969016 107.413 -18.8441 0.314767 0.867729 0.384667
0.649062 107.894 -19.6692 0.311081 0.868193 0.386613
0.345716 108.362 -20.4697 0.314907 0.866207 0.387967
0.0155102 108.915 -21.4402 0.311622 0.866154 0.390711
-0.357179 109.539 -22.5108 0.31428 0.862084 0.397541
-0.57037 110.031 -23.4088 0.314486 0.861265 0.399146
-0.852399 110.549 -24.2926 0.320916 0.856078 0.405146
-1.07101 111.107 -25.2922 0.324495 0.855273 0.403982
-1.27475 111.618 -26.2184 0.327898 0.854644 0.402558
-1.54367 112.329 -27.5134 0.325359 0.855777 0.402229
-1.57842 112.841 -28.5733 0.326858 0.854551 0.403616
-1.60129 113.265 -29.4497 0.32943 0.854524 0.401564
-1.59186 113.82 -30.6554 0.331894 0.857343 0.393459
-1.32633 114.184 -31.6823 0.321639 0.860115 0.395897
-1.19101 114.595 -32.6935 0.323874 0.860999 0.392155
-0.845379 114.985 -33.8429 0.324599 0.863026 0.387057
-0.163203 115.266 -35.0216 0.303149 0.866634 0.396225
0.548473 115.44 -35.9244 0.299074 0.865005 0.40289
1.18462 115.559 -36.6589 0.281645 0.873774 0.39646
1.96952 115.656 -37.4221 0.274173 0.871525 0.406402
3.21067 115.318 -37.546 0.279391 0.86704 0.412531
4.23032 114.899 -37.3493 0.27615 0.867069 0.414647
5.59509 114.39 -37.187 0.271946 0.86702 0.417519
6.52006 113.983 -36.9156 0.257874 0.865628 0.429147
7.39709 113.613 -36.7099 0.267003 0.860959 0.432965
8.63091 113.246 -36.7226 0.2579 0.858815 0.442634
9.61306 112.832 -36.4985 0.265781 0.854218 0.446846
10.5075 112.475 -36.3392 0.250951 0.856901 0.450141
11.3962 112.114 -36.1327 0.252504 0.849057 0.464051
12.6177 111.687 -36.0251 0.258464 0.846534 0.465377
13.6255 111.249 -35.7938 0.261413 0.849753 0.457802
14.7787 110.831 -35.6751 0.260283 0.850126 0.457754
15.7234 110.426 -35.4619 0.260974 0.851658 0.454501
15.8469 110.384 -35.4543 0.260983 0.85165 0.454511
45.894 92.7007 -22.709 0.315426 0.81144 0.492008
46.2759 93.2246 -23.8185 0.314194 0.81217 0.491592
46.6854 93.7867 -25.0089 0.313173 0.813147 0.490626
47.046 94.2817 -26.0592 0.311588 0.81397 0.490272
47.3932 94.7592 -27.0728 0.310501 0.814108 0.490731
47.6295 95.0844 -27.7626 0.310185 0.814396 0.490454
46.9109 95.5964 -28.1598 0.309344 0.815166 0.489705
46.4752 94.997 -26.8854 0.311254 0.814432 0.489715
45.9355 94.2555 -25.3091 0.312994 0.813645 0.489916
45.4704 93.6176 -23.9518 0.314047 0.812962 0.490374
45.0433 93.0316 -22.7096 0.315431 0.811897 0.49125
44.8182 92.7222 -22.0558 0.315414 0.810986 0.492763
43.8496 92.8918 -21.7117 0.31697 0.811044 0.491668
44.2675 93.4652 -22.9276 0.315944 0.811576 0.49145
44.6802 94.0313 -24.1316 0.315077 0.812856 0.48989
45.0803 94.58 -25.3017 0.313667 0.813752 0.489306
45.4274 95.0563 -26.318 0.312755 0.815019 0.487779
45.8537 95.6425 -27.5657 0.310824 0.815126 0.488834
46.0898 95.9672 -28.2584 0.309482 0.815746 0.488651
45.2543 96.3184 -28.3158 0.307576 0.817076 0.487632
44.789 95.6784 -26.9498 0.310635 0.816468 0.486709
44.3886 95.1288 -25.7737 0.312644 0.81544 0.487147
44.0467 94.66 -24.7711 0.314209 0.814303 0.48804
43.5808 94.0212 -23.4052 0.31528 0.813864 0.488082
43.1555 93.4382 -22.1654 0.31716 0.811001 0.491617
43.0383 93.2773 -21.8243 0.31728 0.811001 0.491539
42.3107 93.7773 -22.1804 0.316325 0.811973 0.490549
42.748 94.3765 -23.4592 0.315717 0.813985 0.487598
43.1309 94.9013 -24.5826 0.314808 0.814458 0.487396
43.4836 95.3849 -25.6206 0.313212 0.81563 0.486462
43.8731 95.9194 -26.7672 0.311698 0.816766 0.485528
44.2986 96.5041 -28.0212 0.308692 0.817671 0.485925
44.4948 96.7743 -28.6002 0.307858 0.817053 0.487491
43.7478 97.2473 -28.9212 0.3074 0.817756 0.486601
43.3171 96.6541 -27.6497 0.309365 0.818149 0.484691
42.9124 96.0985 -26.4528 0.310993 0.817098 0.485421
42.5195 95.5598 -25.2929 0.313274 0.815593 0.486485
42.1351 95.0324 -24.1582 0.315813 0.815066 0.485726
41.6663 94.3905 -22.7828 0.316942 0.812675 0.488985
41.3164 93.9109 -21.7566 0.318952 0.811594 0.489474
41.2957 93.8825 -21.6961 0.319377 0.81054 0.490942
40.5117 94.3046 -21.8869 0.31881 0.812593 0.487907
40.8818 94.8121 -22.973 0.317753 0.813226 0.487542
41.3399 95.4384 -24.3224 0.315811 0.815064 0.48573
41.6907 95.9197 -25.3639 0.313627 0.818131 0.481975
42.0951 96.4743 -26.5621 0.311013 0.818536 0.482981
42.495 97.0235 -27.7485 0.309362 0.818146 0.484698
42.8928 97.571 -28.9278 0.306531 0.819424 0.484337
42.9487 97.6477 -29.0925 0.30617 0.818986 0.485306
42.0798 97.9526 -29.0589 0.306538 0.819421 0.484338
41.6718 97.3911 -27.8471 0.307605 0.820307 0.482158
41.29 96.8667 -26.7088 0.311003 0.818542 0.482977
40.9147 96.3518 -25.5929 0.312488 0.819043 0.481166
40.5348 95.8312 -24.46 0.315642 0.818262 0.480436
40.0736 95.2009 -23.0969 0.316785 0.814158 0.486614
39.7172 94.7115 -22.0456 0.317351 0.813764 0.486906
38.8365 94.9993 -21.9512 0.319597 0.813607 0.485697
39.1932 95.4893 -23.0049 0.316537 0.815064 0.485258
39.6388 96.0991 -24.3283 0.314908 0.818333 0.480795
40.1122 96.7478 -25.746 0.312486 0.819041 0.48117
40.4738 97.2443 -26.8271 0.309823 0.8208 0.479893
40.8481 97.7579 -27.9456 0.307605 0.820307 0.482158
41.2464 98.3057 -29.1323 0.304728 0.82168 0.481646
40.4034 98.6458 -29.1791 0.304727 0.821679 0.481648
40.0108 98.106 -28.0061 0.306809 0.822485 0.478944
39.6565 97.6203 -26.9425 0.309822 0.8208 0.479893
39.31 97.1443 -25.9026 0.311567 0.821118 0.478216
38.9714 96.6806 -24.8844 0.314079 0.819321 0.479654
38.476 96.0006 -23.399 0.314906 0.81833 0.480802
38.1443 95.5457 -22.4117 0.318825 0.81479 0.48422
37.2828 95.8584 -22.373 0.319355 0.817934 0.478536
37.642 96.3519 -23.4498 0.315749 0.818832 0.479392
38.1148 97.001 -24.8729 0.313036 0.82053 0.478267
38.505 97.5371 -26.0525 0.312557 0.821416 0.477057
38.8613 98.0266 -27.1294 0.307845 0.823337 0.476809
39.2891 98.613 -28.413 0.305105 0.822969 0.479201
39.6819 99.1511 -29.5889 0.303644 0.823465 0.479275
38.8121 99.4534 -29.5575 0.301997 0.824788 0.47804
38.3572 98.83 -28.1936 0.305013 0.82403 0.477432
37.9064 98.213 -26.8333 0.309101 0.823434 0.475828
37.5062 97.6624 -25.6182 0.309722 0.823839 0.474722
37.1757 97.2078 -24.6121 0.312599 0.822199 0.475679
36.7041 96.5591 -23.1828 0.317517 0.819401 0.477247
36.3412 96.0617 -22.0906 0.319902 0.818345 0.477466
35.5413 96.4587 -22.2305 0.321124 0.819566 0.474543
35.9389 97.0034 -23.4432 0.313762 0.822391 0.47458
36.3849 97.6187 -24.8066 0.310486 0.823956 0.47402
36.7698 98.1483 -25.9799 0.308209 0.825388 0.473013
37.1755 98.7057 -27.2164 0.30681 0.825593 0.473565
37.5362 99.1992 -28.3073 0.302938 0.825383 0.476415
37.9412 99.7552 -29.5276 0.303313 0.824796 0.477192
37.1679 100.19 -29.7917 0.300906 0.825654 0.477233
36.8202 99.7121 -28.7411 0.301997 0.82656 0.47497
36.4029 99.1409 -27.4763 0.304404 0.827719 0.471402
36.0528 98.6594 -26.4055 0.307239 0.826998 0.470828
35.6457 98.0995 -25.1581 0.31245 0.82403 0.4726
35.3135 97.6392 -24.1314 0.314075 0.823249 0.472883
34.855 97.0093 -22.7248 0.318656 0.822096 0.471823
34.6724 96.7593 -22.1653 0.320938 0.821383 0.471517
33.6919 96.9046 -21.7537 0.319212 0.822401 0.470914
34.0944 97.4576 -22.9973 0.318218 0.824437 0.468018
34.5466 98.0805 -24.3956 0.311945 0.826168 0.469187
34.9751 98.6749 -25.7259 0.308165 0.828068 0.468335
35.3123 99.1387 -26.7641 0.307242 0.826999 0.470824
35.6492 99.6024 -27.7998 0.304412 0.827716 0.471401
36.0675 100.176 -29.0718 0.301165 0.827237 0.474319
36.2832 100.473 -29.7246 0.299106 0.826261 0.477315
35.434 100.806 -29.7707 0.296567 0.829276 0.473655
35.0516 100.278 -28.6027 0.300078 0.829511 0.471024
34.5573 99.5976 -27.0834 0.305375 0.828981 0.468547
34.0764 98.9339 -25.5905 0.309078 0.82844 0.467074
33.6726 98.374 -24.3301 0.311223 0.827202 0.467843
33.3226 97.8908 -23.2393 0.313736 0.82766 0.465348
32.9168 97.3314 -21.9741 0.318641 0.825681 0.46553
32.7632 97.1221 -21.4976 0.324039 0.822197 0.467965
31.8165 97.315 -21.1861 0.324489 0.826265 0.460428
32.186 97.8217 -22.3461 0.318143 0.827066 0.463407
32.5234 98.2868 -23.404 0.314506 0.827431 0.465236
32.9788 98.9172 -24.8353 0.309526 0.829435 0.465007
33.3557 99.4396 -26.0151 0.305251 0.831154 0.464763
33.7362 99.9651 -27.2016 0.303478 0.830467 0.467146
34.1125 100.485 -28.3661 0.301692 0.829741 0.469588
34.4504 100.953 -29.409 0.297814 0.83028 0.471107
34.6414 101.219 -29.9987 0.29656 0.82928 0.473654
33.8222 101.595 -30.1456 0.296303 0.831159 0.47051
33.4584 101.09 -29.0246 0.297903 0.831505 0.468886
33.1065 100.599 -27.9251 0.300523 0.831203 0.467748
32.7292 100.074 -26.739 0.304239 0.831639 0.464558
32.4061 99.6273 -25.725 0.306332 0.832604 0.461445
31.9248 98.9627 -24.2103 0.311171 0.830156 0.462616
31.5077 98.3816 -22.88 0.313864 0.831127 0.459039
31.0856 97.8016 -21.5477 0.321918 0.828794 0.457679
30.8916 97.5315 -20.9186 0.325347 0.827298 0.45796
29.9886 97.7784 -20.7284 0.323547 0.829229 0.455737
30.3023 98.2157 -21.7468 0.317827 0.831804 0.455069
30.6379 98.6779 -22.8219 0.313557 0.831224 0.459073
30.961 99.1281 -23.8577 0.311582 0.832999 0.457198
31.3958 99.7333 -25.2496 0.306354 0.833081 0.460569
31.8219 100.324 -26.6019 0.300834 0.834549 0.461549
32.2879 100.977 -28.0785 0.296799 0.83465 0.463972
32.6337 101.46 -29.1616 0.295076 0.833058 0.467916
33.0181 101.992 -30.3436 0.293131 0.832387 0.470326
32.1427 102.29 -30.3276 0.289446 0.834568 0.468741
31.7949 101.811 -29.258 0.293796 0.835364 0.464598
31.4073 101.268 -28.0375 0.297901 0.835522 0.461691
30.9026 100.559 -26.4218 0.302604 0.835086 0.459415
30.4593 99.9381 -24.9956 0.304962 0.835939 0.456295
30.1085 99.4489 -23.8663 0.309595 0.834766 0.45532
29.7225 98.9086 -22.6071 0.316826 0.833292 0.453041
29.3733 98.4229 -21.4712 0.319912 0.832752 0.451863
28.9482 97.8331 -20.078 0.329521 0.831232 0.447738
28.9264 97.803 -20.0061 0.329161 0.831367 0.447753
27.9044 97.8822 -19.3943 0.332339 0.83409 0.440278
28.2986 98.4308 -20.7149 0.327598 0.833499 0.444926
28.6808 98.9642 -21.9849 0.31655 0.835837 0.448523
29.0376 99.4624 -23.1567 0.314099 0.83607 0.44981
29.4325 100.016 -24.4505 0.306673 0.838396 0.450603
29.8613 100.619 -25.8446 0.301683 0.838031 0.454633
30.2377 101.15 -27.067 0.298953 0.837718 0.457008
30.6434 101.724 -28.369 0.295755 0.837004 0.460384
31.0761 102.322 -29.7221 0.290434 0.836241 0.465133
31.2537 102.568 -30.2742 0.287834 0.83518 0.468643
30.4182 102.928 -30.4028 0.288425 0.83519 0.468262
29.9605 102.286 -28.9554 0.293576 0.83718 0.461456
29.6328 101.828 -27.9115 0.293935 0.838429 0.458955
29.2915 101.344 -26.8038 0.299196 0.837684 0.45691
28.97 100.89 -25.7543 0.300996 0.839245 0.452845
28.5953 100.359 -24.5187 0.306653 0.838068 0.451227
28.259 99.8853 -23.4029 0.310179 0.83907 0.446935
27.9214 99.416 -22.2899 0.31796 0.836795 0.445731
27.5125 98.8396 -20.9107 0.321079 0.837472 0.442208
27.1805 98.3757 -19.7868 0.328583 0.836032 0.439413
26.851 97.9152 -18.6607 0.335095 0.83615 0.43424
25.8467 98.0247 -18.0922 0.333419 0.840295 0.427476
26.1508 98.4418 -19.1377 0.329078 0.837953 0.435365
26.4531 98.8635 -20.1769 0.322548 0.840209 0.435902
26.7598 99.2971 -21.2338 0.31616 0.839463 0.441978
27.0688 99.7331 -22.2835 0.314738 0.840578 0.440873
27.4863 100.319 -23.682 0.309421 0.839665 0.446342
27.8273 100.801 -24.8228 0.302433 0.841386 0.447889
28.1558 101.268 -25.9142 0.300892 0.839259 0.452888
28.4716 101.715 -26.9509 0.29673 0.840479 0.453373
28.7881 102.164 -27.983 0.290722 0.840724 0.456797
29.1343 102.651 -29.0962 0.291368 0.839118 0.459332
29.5803 103.286 -30.5235 0.290216 0.836784 0.464293
29.6101 103.327 -30.6167 0.2874 0.836034 0.467385
28.8587 103.801 -31.0084 0.285359 0.838038 0.46504
28.5296 103.333 -29.9596 0.28476 0.839195 0.463317
28.15 102.793 -28.7337 0.289015 0.84 0.459206
27.8246 102.332 -27.6786 0.291815 0.840636 0.456261
27.4513 101.797 -26.4382 0.295424 0.842032 0.45134
27.0578 101.244 -25.1358 0.300512 0.842736 0.446641
26.6927 100.727 -23.9111 0.304053 0.842899 0.44393
26.3749 100.273 -22.824 0.309258 0.843362 0.439432
26.0021 99.7462 -21.5476 0.31318 0.843947 0.435514
25.6602 99.262 -20.3622 0.32071 0.842657 0.43252
25.3562 98.837 -19.3073 0.326638 0.841984 0.429383
25.0091 98.3619 -18.1066 0.328648 0.843306 0.425236
24.8083 98.0807 -17.3875 0.330786 0.844324 0.421543
23.6881 98.0192 -16.3667 0.337583 0.845947 0.41281
24.0465 98.5125 -17.6547 0.330794 0.843784 0.422616
24.363 98.9563 -18.7915 0.322204 0.846678 0.423463
24.7069 99.4343 -19.996 0.320938 0.845426 0.426913
25.0831 99.9679 -21.319 0.312529 0.845613 0.432741
25.3977 100.413 -22.4051 0.311458 0.843054 0.438467
25.7576 100.927 -23.6515 0.306278 0.84377 0.440734
26.0739 101.378 -24.7275 0.30009 0.844632 0.443332
26.4673 101.935 -26.0476 0.296407 0.843838 0.447303
26.8279 102.45 -27.251 0.293489 0.842644 0.451459
27.1483 102.91 -28.3129 0.289816 0.842256 0.454545
27.5052 103.42 -29.4779 0.287907 0.840626 0.458757
27.873 103.949 -30.6721 0.2838 0.840077 0.462308
27.9881 104.114 -31.0431 0.283794 0.840077 0.46231
27.1381 104.456 -31.1452 0.281146 0.840554 0.463061
26.7771 103.933 -29.9727 0.283266 0.842059 0.459018
26.4686 103.488 -28.9567 0.285727 0.843869 0.454142
26.0501 102.883 -27.56 0.289838 0.845316 0.448815
25.7189 102.406 -26.4412 0.291668 0.846727 0.444953
25.3887 101.934 -25.324 0.298279 0.845583 0.44274
25.0657 101.472 -24.2194 0.30208 0.845324 0.440653
24.5989 100.808 -22.6111 0.305502 0.847187 0.434676
24.1709 100.197 -21.1041 0.309439 0.848417 0.429461
23.8297 99.7109 -19.8856 0.316876 0.847827 0.425181
23.4836 99.2243 -18.6529 0.324091 0.847773 0.419817
23.1418 98.7514 -17.4287 0.326608 0.849145 0.415067
22.8271 98.3223 -16.2919 0.333559 0.849491 0.408784
22.6468 98.0781 -15.6314 0.338326 0.85119 0.401263
21.625 98.1336 -14.9001 0.327016 0.856293 0.399778
21.9081 98.5417 -16.0024 0.326333 0.854968 0.403159
22.2068 98.9536 -17.1077 0.325953 0.852317 0.409036
22.5409 99.408 -18.3059 0.318901 0.8511 0.41705
22.8356 99.8186 -19.3638 0.315674 0.850867 0.419971
23.1686 100.292 -20.5628 0.31378 0.849614 0.423907
23.4966 100.762 -21.7342 0.309485 0.847582 0.431073
23.8278 101.242 -22.9176 0.303299 0.849159 0.432364
24.2852 101.891 -24.4944 0.298559 0.847676 0.438529
24.5882 102.328 -25.5418 0.295383 0.846756 0.44244
24.9103 102.793 -26.6479 0.291671 0.846753 0.444902
25.2834 103.337 -27.9221 0.288512 0.845625 0.449087
25.616 103.822 -29.0416 0.285732 0.843865 0.454147
25.9889 104.362 -30.2727 0.280358 0.841884 0.461119
26.2821 104.789 -31.2322 0.278654 0.84188 0.462158
25.4414 105.153 -31.3877 0.278661 0.841874 0.462164
25.1191 104.673 -30.3117 0.278335 0.843021 0.460267
24.7735 104.17 -29.1617 0.283036 0.846065 0.451735
24.4629 103.716 -28.109 0.283634 0.847178 0.449267
24.1216 103.215 -26.9367 0.289184 0.847248 0.445581
23.7367 102.65 -25.5954 0.292395 0.848297 0.441471
23.3485 102.078 -24.2207 0.299183 0.848667 0.436181
23.007 101.602 -23.0475 0.301117 0.851753 0.428772
22.705 101.165 -21.9647 0.305156 0.850708 0.42799
22.3731 100.685 -20.7638 0.310925 0.850398 0.424439
22.0401 100.207 -19.5522 0.315669 0.85087 0.419967
21.7418 99.7994 -18.4931 0.316106 0.852781 0.415741
21.4087 99.3436 -17.2904 0.321075 0.853858 0.40968
21.1109 98.9235 -16.1669 0.323028 0.855877 0.403891
20.7183 98.3592 -14.6376 0.329767 0.857631 0.394617
20.5057 98.0637 -13.8079 0.328744 0.860645 0.388867
19.4613 98.1031 -13.0076 0.32892 0.862086 0.385511
19.7292 98.4762 -14.0638 0.328948 0.858863 0.392617
20.0464 98.9306 -15.319 0.327808 0.857916 0.395629
20.3864 99.4118 -16.6252 0.320006 0.857285 0.403311
20.6941 99.849 -17.7861 0.316961 0.856141 0.408115
20.9931 100.258 -18.8685 0.312934 0.854796 0.414
21.3057 100.688 -19.985 0.308194 0.853489 0.420205
21.6059 101.121 -21.0849 0.30588 0.85324 0.422397
21.891 101.535 -22.1238 0.302194 0.853632 0.424253
22.242 102.045 -23.3905 0.300535 0.85274 0.427216
22.547 102.479 -24.4583 0.296211 0.85238 0.430938
22.8663 102.946 -25.5859 0.292162 0.851796 0.434839
23.2495 103.513 -26.9381 0.287492 0.850918 0.439643
23.606 104.044 -28.1884 0.285115 0.848314 0.446177
23.9358 104.523 -29.2996 0.282441 0.846614 0.451079
24.2449 104.985 -30.3525 0.280966 0.845892 0.453349
24.6 105.517 -31.545 0.275565 0.843712 0.460666
23.7568 105.88 -31.7064 0.275565 0.843712 0.460666
23.2881 105.166 -30.0969 0.28008 0.846798 0.452204
22.9839 104.713 -29.0568 0.282273 0.847535 0.449452
22.6526 104.224 -27.9189 0.284956 0.849728 0.443579
22.3052 103.702 -26.6865 0.287493 0.850918 0.439643
22.011 103.263 -25.6353 0.291403 0.852675 0.433623
21.6546 102.753 -24.3875 0.29667 0.852313 0.430754
21.3113 102.25 -23.1461 0.299853 0.853723 0.425729
21.0202 101.823 -22.0815 0.305634 0.854018 0.421001
20.6776 101.327 -20.8236 0.308005 0.854211 0.418874
20.3718 100.889 -19.7022 0.307675 0.85545 0.416583
19.9796 100.355 -18.2961 0.313669 0.857224 0.408385
19.6458 99.8794 -17.0331 0.315202 0.858351 0.404822
19.3597 99.4767 -15.9427 0.318768 0.859095 0.400427
19.0048 98.9674 -14.5455 0.323535 0.861463 0.391416
18.707 98.5429 -13.3551 0.325166 0.862522 0.387714
18.5016 98.2467 -12.5133 0.326566 0.864334 0.382467
17.3086 98.0278 -10.9975 0.324585 0.866739 0.378693
17.5859 98.4421 -12.1771 0.323847 0.865657 0.381787
17.8493 98.8322 -13.2812 0.324566 0.863448 0.386153
18.1244 99.2295 -14.3947 0.321801 0.863253 0.388894
18.4536 99.7078 -15.7114 0.318803 0.861187 0.39588
18.7353 100.105 -16.7975 0.317254 0.859374 0.401031
19.0193 100.513 -17.8897 0.315204 0.858354 0.404814
19.3322 100.944 -19.0336 0.31008 0.857962 0.409576
19.6293 101.355 -20.1102 0.305599 0.855766 0.417461
20.0213 101.929 -21.5799 0.303133 0.85732 0.416068
20.3773 102.45 -22.8923 0.297613 0.855676 0.423373
20.6594 102.87 -23.9328 0.295617 0.855148 0.425832
21.0418 103.418 -25.2874 0.291042 0.853642 0.431961
21.4469 104.021 -26.7432 0.28889 0.852958 0.434747
21.834 104.604 -28.1224 0.284259 0.851368 0.440874
22.1315 105.045 -29.1522 0.280413 0.847676 0.450349
22.4634 105.556 -30.3201 0.279338 0.847752 0.450873
22.7773 106.036 -31.4051 0.273195 0.847422 0.455237
22.906 106.237 -31.8549 0.272456 0.846482 0.457423
22.0489 106.587 -31.9926 0.272464 0.846481 0.45742
21.7563 106.127 -30.9618 0.273941 0.848365 0.453026
21.3136 105.44 -29.3931 0.273869 0.850495 0.449059
20.973 104.919 -28.1775 0.280053 0.853943 0.438579
20.6313 104.405 -26.9559 0.284919 0.854439 0.434459
20.2384 103.816 -25.5341 0.289788 0.855225 0.429665
19.8873 103.303 -24.2652 0.295597 0.855179 0.425783
19.5745 102.845 -23.1249 0.29928 0.856311 0.420907
19.2932 102.431 -22.0837 0.300569 0.856901 0.418784
18.9898 101.984 -20.9426 0.301934 0.857674 0.41621
18.6934 101.55 -19.8211 0.307348 0.85786 0.411843
18.4011 101.149 -18.7576 0.308324 0.859033 0.408654
18.0875 100.709 -17.5801 0.311568 0.861705 0.400486
17.7403 100.212 -16.2338 0.315361 0.862278 0.396262
17.4191 99.7476 -14.9574 0.31811 0.863543 0.39128
17.0966 99.2725 -13.6366 0.320392 0.865683 0.384632
16.7131 98.6944 -12.0073 0.324641 0.86562 0.381196
16.4549 98.3047 -10.8997 0.324482 0.866737 0.378786
16.3189 98.1128 -10.3439 0.324749 0.86757 0.376644
15.1866 97.9728 -9.04345 0.325989 0.867487 0.375762
15.4603 98.3925 -10.248 0.32459 0.867626 0.376651
15.8071 98.9004 -11.7088 0.322082 0.867121 0.379953
16.1702 99.4587 -13.2821 0.321965 0.86556 0.383594
16.4266 99.8388 -14.348 0.320104 0.863852 0.388964
16.7132 100.26 -15.5133 0.318388 0.862635 0.393051
17.0108 100.696 -16.7061 0.315211 0.862553 0.395782
17.3598 101.198 -18.0659 0.311559 0.860895 0.402233
17.7025 101.673 -19.336 0.306495 0.860082 0.407823
18.0344 102.149 -20.5785 0.303396 0.859517 0.411318
18.354 102.619 -21.7907 0.299406 0.858273 0.416802
18.6712 103.09 -22.9837 0.29711 0.858055 0.418887
19.0087 103.584 -24.2282 0.294347 0.8566 0.423788
19.2954 104.007 -25.277 0.29162 0.855854 0.427166
19.6783 104.579 -26.6722 0.284616 0.85558 0.432407
19.9854 105.044 -27.7878 0.283292 0.854071 0.436242
20.2859 105.503 -28.8745 0.276846 0.853104 0.442233
20.7035 106.16 -30.3823 0.272705 0.849999 0.450703
21.0613 106.728 -31.6637 0.272005 0.848192 0.454515
21.2025 106.953 -32.1686 0.270198 0.845716 0.460171
20.3616 107.33 -32.3686 0.268208 0.847607 0.457851
20.0709 106.862 -31.3238 0.270682 0.848246 0.455203
19.788 106.408 -30.2959 0.272224 0.850433 0.450176
19.4348 105.843 -28.9957 0.279582 0.853906 0.438951
19.1404 105.392 -27.9208 0.279735 0.855555 0.435631
18.7678 104.821 -26.5426 0.286946 0.856465 0.429104
18.4698 104.373 -25.4504 0.289677 0.856701 0.426792
18.1839 103.95 -24.4005 0.292034 0.858405 0.421731
17.8755 103.496 -23.2552 0.296994 0.858814 0.417412
17.4805 102.898 -21.7369 0.299074 0.858603 0.416361
17.1029 102.346 -20.3038 0.302825 0.861079 0.408461
16.8121 101.94 -19.229 0.307068 0.862438 0.402379
16.4964 101.494 -18.0276 0.309064 0.862552 0.400603
16.143 100.983 -16.6429 0.313796 0.862824 0.396316
15.8447 100.537 -15.422 0.315151 0.864363 0.391863
15.5721 100.138 -14.3152 0.31862 0.865113 0.387377
15.2637 99.6736 -13.0094 0.319101 0.867184 0.382316
14.9857 99.2562 -11.825 0.320405 0.867913 0.379562
14.7032 98.8341 -10.6148 0.322054 0.86851 0.376793
14.4567 98.4629 -9.54376 0.323831 0.868822 0.374542
14.2088 98.0915 -8.46615 0.327818 0.867329 0.374533
14.1343 97.981 -8.14526 0.327818 0.867537 0.374053
13.0782 97.9685 -7.18167 0.329192 0.868881 0.3697
13.3909 98.442 -8.56688 0.32776 0.868601 0.371626
13.7322 98.9564 -10.062 0.324566 0.86878 0.374004
14.0019 99.3617 -11.2316 0.321967 0.868177 0.377632
14.2589 99.7493 -12.3392 0.318393 0.86843 0.380072
14.5935 100.255 -13.7681 0.318117 0.866786 0.384035
14.8725 100.668 -14.9236 0.316762 0.865388 0.388285
15.1382 101.061 -16.0111 0.310898 0.866357 0.390856
15.4298 101.496 -17.1983 0.311335 0.86436 0.394909
15.7813 102.005 -18.5801 0.307714 0.863954 0.398617
16.0711 102.416 -19.6826 0.30442 0.862561 0.404125
16.4094 102.897 -20.9516 0.299912 0.862102 0.408452
16.7062 103.337 -22.0929 0.299916 0.860895 0.410987
16.9997 103.78 -23.2198 0.294747 0.860857 0.414788
17.3198 104.26 -24.4332 0.292033 0.858405 0.421731
17.628 104.724 -25.5884 0.287639 0.858716 0.424112
18.0141 105.315 -27.032 0.284316 0.85706 0.429665
18.3026 105.763 -28.1122 0.282106 0.855888 0.433443
18.5903 106.204 -29.1589 0.279583 0.853906 0.438952
19.0089 106.876 -30.7087 0.27472 0.850096 0.449296
19.3125 107.37 -31.8221 0.269612 0.849159 0.454134
19.4615 107.611 -32.3607 0.269064 0.848373 0.455925
18.6006 107.953 -32.494 0.264511 0.851056 0.453583
18.3204 107.493 -31.4663 0.269591 0.85111 0.450479
18.0406 107.034 -30.4192 0.271635 0.853844 0.444033
17.6935 106.478 -29.1238 0.277769 0.857069 0.433909
17.4094 106.031 -28.0619 0.283029 0.855165 0.434267
16.9864 105.382 -26.4821 0.284549 0.858883 0.425855
16.6463 104.865 -25.2048 0.288369 0.859919 0.421167
16.3763 104.45 -24.1646 0.291216 0.860883 0.417221
16.0546 103.963 -22.9289 0.294509 0.861495 0.413632
15.7138 103.449 -21.6045 0.300081 0.86085 0.410961
15.39 102.975 -20.362 0.301221 0.862165 0.407355
14.9353 102.327 -18.6253 0.306801 0.862738 0.40194
14.6397 101.9 -17.4644 0.309104 0.865952 0.393169
14.3761 101.504 -16.3855 0.311122 0.865358 0.392885
14.0511 101.025 -15.0572 0.314032 0.867 0.386904
13.7441 100.563 -13.7624 0.315174 0.868618 0.382319
13.488 100.177 -12.6689 0.317358 0.869151 0.37929
13.1782 99.7076 -11.3275 0.320172 0.869249 0.37669
12.9286 99.3361 -10.25 0.323123 0.869246 0.374169
12.646 98.9009 -8.98699 0.325206 0.869292 0.372253
12.3282 98.4072 -7.54288 0.329142 0.869623 0.367997
12.0996 98.037 -6.46079 0.331963 0.869421 0.365935
12.0656 97.9809 -6.29667 0.331959 0.86942 0.365941
11.1069 98.0739 -5.64278 0.331193 0.871089 0.362649
11.3992 98.5723 -7.10272 0.329444 0.870924 0.364635
11.6535 98.9775 -8.29131 0.326626 0.870691 0.367714
11.9755 99.4781 -9.75463 0.322381 0.870933 0.370873
12.2381 99.8789 -10.9211 0.321139 0.870346 0.37332
12.5158 100.3 -12.1346 0.318548 0.86971 0.377004
12.7888 100.712 -13.3118 0.316947 0.868807 0.38042
13.0415 101.096 -14.3942 0.314915 0.867804 0.384376
13.3043 101.49 -15.4935 0.313243 0.867899 0.385525
13.6618 102.024 -16.9668 0.309892 0.865737 0.393022
13.9339 102.429 -18.074 0.306194 0.865788 0.395798
14.2495 102.879 -19.2976 0.305977 0.864706 0.398324
14.5346 103.29 -20.3988 0.301491 0.863644 0.404007
14.8722 103.788 -21.7048 0.298644 0.862771 0.407969
15.206 104.29 -23.0036 0.294875 0.862799 0.410641
15.4882 104.725 -24.1132 0.29086 0.861559 0.416072
15.7721 105.167 -25.2211 0.28844 0.859795 0.421372
16.2149 105.84 -26.8897 0.285275 0.858719 0.4257
16.5455 106.35 -28.1324 0.279275 0.857911 0.43127
16.829 106.802 -29.2112 0.278074 0.857034 0.433783
17.1411 107.308 -30.3942 0.272839 0.854736 0.44157
17.4725 107.851 -31.6402 0.266709 0.853508 0.447651
17.7469 108.303 -32.6517 0.264508 0.851054 0.453588
16.9417 108.733 -32.9914 0.262203 0.851149 0.454748
16.6638 108.275 -31.9646 0.264388 0.852447 0.451035
16.3897 107.818 -30.9189 0.270353 0.855558 0.441508
16.0514 107.262 -29.6228 0.277469 0.857543 0.433165
15.6904 106.691 -28.2508 0.283423 0.857643 0.429092
15.3906 106.228 -27.1217 0.285107 0.85931 0.424618
15.006 105.636 -25.6582 0.285727 0.8606 0.421579
14.7251 105.19 -24.5433 0.290339 0.862901 0.413648
14.4208 104.719 -23.342 0.294711 0.863245 0.409822
14.0535 104.166 -21.9074 0.297676 0.863573 0.406978
13.773 103.747 -20.8079 0.300212 0.864994 0.402068
13.3861 103.184 -19.2989 0.305147 0.865393 0.397467
13.1005 102.767 -18.1649 0.308186 0.866772 0.392082
12.7969 102.315 -16.9293 0.309785 0.866636 0.39112
12.5075 101.882 -15.7307 0.31085 0.868105 0.386995
12.2503 101.493 -14.6469 0.313616 0.869093 0.382522
11.9657 101.06 -13.4233 0.315024 0.870767 0.377524
11.6437 100.571 -12.0253 0.317447 0.871445 0.373912
11.2745 100.01 -10.3944 0.319686 0.871704 0.371394
11.0055 99.5962 -9.18359 0.321423 0.873045 0.366715
10.7312 99.1646 -7.91423 0.327348 0.87163 0.364836
10.4808 98.7426 -6.67677 0.330447 0.871213 0.363032
10.2352 98.3106 -5.4132 0.333429 0.871287 0.360117
9.47908 98.7539 -5.78587 0.331065 0.872597 0.359123
9.68235 99.1272 -6.87808 0.328527 0.872877 0.360772
9.95507 99.5762 -8.20838 0.32375 0.87424 0.361788
10.1826 99.9383 -9.27755 0.320786 0.873205 0.366891
10.4884 100.415 -10.6727 0.31805 0.873022 0.369699
10.7409 100.797 -11.7837 0.316959 0.871984 0.37307
11.0362 101.242 -13.0686 0.314892 0.87152 0.375894
11.3031 101.652 -14.2335 0.313399 0.869757 0.381188
11.5866 102.084 -15.4428 0.312639 0.868025 0.385732
11.8855 102.537 -16.6958 0.307307 0.868377 0.389209
12.2008 103.011 -17.9986 0.307588 0.867073 0.391885
12.5116 103.47 -19.2494 0.303967 0.866299 0.396396
12.8458 103.967 -20.5887 0.302521 0.865481 0.399279
13.1444 104.414 -21.7706 0.295545 0.865014 0.405467
13.4718 104.908 -23.0596 0.295805 0.864372 0.406645
13.7562 105.338 -24.1696 0.293128 0.863374 0.410685
14.0515 105.8 -25.3415 0.290282 0.861807 0.415962
14.3224 106.233 -26.4162 0.282386 0.861828 0.42132
14.6357 106.718 -27.6133 0.280109 0.860892 0.42474
14.9512 107.211 -28.8125 0.279184 0.858513 0.430129
15.2838 107.743 -30.0851 0.276276 0.859297 0.430442
15.559 108.193 -31.138 0.270345 0.855562 0.441506
15.8352 108.656 -32.1981 0.267495 0.853222 0.447726
16.0905 109.084 -33.1577 0.261993 0.851407 0.454385
15.1584 109.3 -33.0193 0.267554 0.853123 0.44788
14.8671 108.802 -31.8975 0.267552 0.854708 0.444849
14.5027 108.204 -30.5017 0.270531 0.858874 0.434913
14.1634 107.656 -29.1965 0.27324 0.860147 0.430682
13.8413 107.149 -27.9615 0.278683 0.860533 0.426401
13.5305 106.659 -26.7538 0.284143 0.861768 0.42026
13.223 106.168 -25.5272 0.288938 0.863016 0.414389
12.9161 105.692 -24.3156 0.292218 0.863604 0.41085
12.6478 105.286 -23.2646 0.295069 0.865082 0.405669
12.368 104.865 -22.1657 0.29753 0.865005 0.404032
12.0918 104.442 -21.0489 0.302154 0.865012 0.400572
11.7778 103.97 -19.7825 0.305075 0.866701 0.394662
11.5029 103.558 -18.6629 0.306443 0.867887 0.39098
11.2201 103.131 -17.4932 0.307842 0.867721 0.390248
10.9258 102.683 -16.2608 0.310396 0.869103 0.385116
10.6664 102.284 -15.1493 0.310131 0.869487 0.384461
10.362 101.818 -13.8357 0.312369 0.870682 0.379918
10.0305 101.309 -12.3782 0.315556 0.87256 0.372912
9.76903 100.913 -11.2296 0.318135 0.873021 0.369627
9.5161 100.53 -10.1062 0.318384 0.87367 0.367876
9.26353 100.116 -8.89136 0.321971 0.874563 0.362593
8.97744 99.6517 -7.51095 0.326488 0.874237 0.359325
8.85358 99.444 -6.89304 0.327211 0.874231 0.358683
8.19715 100.041 -7.75193 0.323956 0.875365 0.358871
8.42896 100.425 -8.89771 0.321163 0.875508 0.361027
8.66388 100.823 -10.0655 0.318911 0.875328 0.363452
9.0149 101.347 -11.6134 0.314055 0.874032 0.370726
9.28591 101.768 -12.8244 0.313751 0.872573 0.374402
9.61343 102.273 -14.2663 0.311699 0.871428 0.378758
9.93903 102.778 -15.683 0.309308 0.87016 0.383602
10.2029 103.187 -16.8153 0.30871 0.868345 0.38817
10.4585 103.582 -17.8962 0.307337 0.867854 0.39035
10.7411 104.014 -19.0771 0.305295 0.867705 0.392279
11.0077 104.422 -20.1778 0.303349 0.865909 0.397718
11.3063 104.873 -21.3894 0.302514 0.866007 0.398141
11.6148 105.348 -22.6458 0.297527 0.865012 0.404019
11.9077 105.793 -23.81 0.293396 0.864643 0.407814
12.2552 106.325 -25.1795 0.291001 0.86477 0.409257
12.6429 106.937 -26.7261 0.286578 0.863182 0.415681
12.988 107.486 -28.085 0.281588 0.861926 0.421653
13.2924 107.967 -29.2573 0.277063 0.861539 0.425426
13.6741 108.584 -30.7348 0.274028 0.860294 0.429888
13.9466 109.032 -31.7807 0.270832 0.856307 0.43976
14.3092 109.656 -33.1937 0.261647 0.854547 0.448653
13.4524 109.984 -33.3168 0.266004 0.853095 0.448855
13.1008 109.385 -31.9494 0.267349 0.857402 0.439758
12.8194 108.912 -30.852 0.271422 0.859332 0.43345
12.4913 108.386 -29.5853 0.2761 0.860399 0.428349
12.1559 107.853 -28.2782 0.280678 0.863458 0.419119
11.8174 107.314 -26.9429 0.284803 0.864194 0.414796
11.4952 106.804 -25.6549 0.288913 0.864123 0.412093
11.0531 106.123 -23.8946 0.293678 0.866359 0.40395
10.7917 105.722 -22.84 0.297569 0.865752 0.4024
10.4171 105.149 -21.3147 0.301173 0.86693 0.397149
10.1553 104.75 -20.2446 0.304227 0.866989 0.394684
9.824 104.231 -18.8418 0.306407 0.868362 0.389951
9.52483 103.764 -17.5649 0.307485 0.86805 0.389798
9.26567 103.358 -16.4477 0.310543 0.868613 0.386101
9.01708 102.97 -15.3731 0.310586 0.869936 0.383078
8.77515 102.589 -14.3029 0.311774 0.871348 0.378879
8.43872 102.078 -12.8395 0.312809 0.872865 0.37451
8.12531 101.573 -11.387 0.315377 0.874681 0.368063
7.86441 101.176 -10.2151 0.3185 0.87581 0.36265
7.6321 100.797 -9.09291 0.317057 0.876988 0.361063
7.10295 101.587 -10.543 0.316337 0.876626 0.36257
7.33714 101.951 -11.6142 0.313481 0.874904 0.369151
7.56494 102.349 -12.7412 0.312815 0.873642 0.372689
7.81822 102.729 -13.8337 0.313387 0.872114 0.375774
8.13007 103.208 -15.1936 0.31197 0.869697 0.382494
8.50782 103.806 -16.8473 0.310428 0.868719 0.385956
8.7783 104.236 -18.0266 0.307546 0.867727 0.390468
9.03576 104.647 -19.1451 0.308189 0.867545 0.390364
9.30878 105.086 -20.3262 0.305785 0.866436 0.394694
9.57594 105.497 -21.4404 0.301721 0.867608 0.395248
9.84611 105.908 -22.5376 0.297992 0.867163 0.399035
10.174 106.412 -23.876 0.293678 0.866359 0.40395
10.5188 106.944 -25.2603 0.291281 0.865538 0.407429
10.8163 107.411 -26.4512 0.289871 0.863341 0.413058
11.0989 107.86 -27.587 0.283484 0.862963 0.418249
11.3633 108.283 -28.6419 0.278295 0.863463 0.420694
11.7033 108.826 -29.9626 0.278588 0.861759 0.423981
12.0121 109.323 -31.1566 0.273571 0.8585 0.433747
12.3169 109.833 -32.345 0.268707 0.856114 0.441436
12.5849 110.285 -33.3744 0.267075 0.854492 0.44555
12.6305 110.363 -33.5518 0.264139 0.854485 0.44731
11.7051 110.577 -33.4097 0.266135 0.855531 0.444116
11.3982 110.058 -32.2152 0.272009 0.856603 0.438456
11.1026 109.569 -31.0669 0.277502 0.85882 0.430605
10.795 109.072 -29.8658 0.279802 0.861003 0.424717
10.4904 108.582 -28.6642 0.284282 0.862386 0.418897
10.1872 108.093 -27.4404 0.287233 0.864383 0.412722
9.87181 107.596 -26.1741 0.290999 0.864317 0.410214
9.57073 107.128 -24.9718 0.291634 0.865458 0.407349
9.24991 106.625 -23.6533 0.2962 0.868455 0.397558
8.99036 106.227 -22.5933 0.301179 0.867101 0.396772
8.60527 105.647 -21.0221 0.304111 0.867748 0.393103
8.27038 105.111 -19.5723 0.306593 0.867979 0.390657
7.99927 104.662 -18.3604 0.307844 0.867666 0.390369
7.75665 104.255 -17.2563 0.309348 0.868988 0.386217
7.47262 103.807 -16.0157 0.311036 0.869344 0.384054
7.21825 103.41 -14.9059 0.312873 0.870116 0.380801
6.88297 102.889 -13.4277 0.311831 0.872369 0.376476
6.62414 102.476 -12.2532 0.31105 0.874766 0.371527
6.53163 102.313 -11.7882 0.312069 0.875188 0.369674
5.90824 102.981 -12.837 0.310366 0.873052 0.376104
6.14322 103.358 -13.9038 0.312231 0.870839 0.379673
6.42817 103.802 -15.1535 0.311604 0.870428 0.381128
6.75561 104.313 -16.5812 0.310339 0.869645 0.383937
7.04012 104.78 -17.8622 0.31032 0.86856 0.3864
7.29537 105.224 -19.0539 0.308465 0.868037 0.389053
7.5372 105.627 -20.1419 0.306558 0.867919 0.390818
7.78284 106.015 -21.1971 0.306452 0.867934 0.390868
8.14474 106.565 -22.6903 0.300457 0.867695 0.396019
8.41503 106.974 -23.7932 0.29835 0.868228 0.396444
8.70161 107.427 -24.9839 0.294641 0.866138 0.403723
9.03928 107.957 -26.3438 0.290999 0.864317 0.410214
9.31025 108.384 -27.4337 0.291392 0.86343 0.411799
9.65724 108.947 -28.8457 0.286969 0.861649 0.41858
9.93401 109.394 -29.9482 0.285173 0.859829 0.423522
10.2712 109.943 -31.2722 0.279574 0.858479 0.429945
10.624 110.529 -32.6596 0.270022 0.856828 0.439243
10.9548 111.083 -33.9359 0.265733 0.854592 0.44616
10.0196 111.273 -33.7336 0.272512 0.854999 0.441264
9.73069 110.791 -32.6149 0.278565 0.857606 0.432336
9.46883 110.355 -31.5771 0.276848 0.859383 0.429903
9.09534 109.75 -30.1051 0.284544 0.860418 0.422747
8.83406 109.328 -29.0652 0.289201 0.861461 0.41743
8.5324 108.838 -27.8338 0.291669 0.863003 0.412498
8.26554 108.408 -26.742 0.29446 0.863184 0.41013
7.95497 107.914 -25.4771 0.297204 0.864434 0.405491
7.68798 107.496 -24.3801 0.300475 0.864085 0.403821
7.33427 106.957 -22.9311 0.30434 0.867085 0.394386
7.0792 106.562 -21.8584 0.306535 0.867864 0.39096
6.82497 106.166 -20.7815 0.306451 0.867923 0.390893
6.52003 105.662 -19.4143 0.310198 0.867458 0.388965
6.23857 105.167 -18.0827 0.311848 0.866824 0.38906
5.96261 104.708 -16.8305 0.312971 0.86775 0.386082
5.70004 104.292 -15.6762 0.312341 0.86985 0.381844
5.42629 103.866 -14.4813 0.310575 0.871481 0.379559
4.98947 104.811 -16.2705 0.313619 0.86788 0.385263
5.27208 105.271 -17.5353 0.312969 0.867416 0.386834
5.50289 105.674 -18.625 0.312547 0.86706 0.387971
5.75407 106.117 -19.8189 0.311706 0.867993 0.386558
6.01606 106.547 -20.9884 0.309865 0.867145 0.389927
6.34221 107.065 -22.397 0.309538 0.866983 0.390546
6.63594 107.516 -23.6191 0.30662 0.865458 0.39619
6.89828 107.921 -24.7003 0.304648 0.863995 0.400876
7.21497 108.413 -25.9926 0.299899 0.862891 0.406792
7.59473 109.022 -27.5505 0.293912 0.862976 0.41096
7.95063 109.6 -29.0109 0.292415 0.860669 0.416824
8.22402 110.048 -30.1246 0.285714 0.860027 0.422754
8.5052 110.501 -31.2313 0.285426 0.858795 0.425445
8.79038 110.971 -32.3671 0.276309 0.858455 0.432098
9.14941 111.575 -33.7871 0.269737 0.856826 0.439422
9.19583 111.654 -33.9692 0.267955 0.857076 0.440023
8.40531 112.092 -34.3361 0.271522 0.856574 0.438813
8.12046 111.611 -33.2102 0.276312 0.858486 0.432034
7.81335 111.095 -31.9769 0.281908 0.859327 0.426715
7.49817 110.58 -30.7171 0.284969 0.861081 0.421108
7.13829 109.994 -29.2545 0.292393 0.860751 0.416671
6.84711 109.515 -28.0496 0.295281 0.861776 0.412494
6.49459 108.943 -26.5866 0.301662 0.862613 0.406076
6.21868 108.509 -25.451 0.30678 0.863661 0.39997
5.85301 107.949 -23.9572 0.308181 0.864199 0.397725
5.52448 107.43 -22.5604 0.309534 0.866989 0.390537
5.20676 106.928 -21.1905 0.312477 0.866557 0.389149
4.95681 106.524 -20.086 0.313478 0.866964 0.387435
4.72745 106.123 -19.0035 0.31312 0.867214 0.387163
4.42699 105.573 -17.5261 0.313982 0.867155 0.386597
4.35667 105.46 -17.2155 0.313671 0.867334 0.386449
3.82572 106.316 -18.7036 0.314113 0.867083 0.386654
4.09682 106.814 -20.0413 0.313288 0.867023 0.387455
4.44458 107.384 -21.5922 0.312772 0.866292 0.389501
4.69006 107.771 -22.6501 0.313325 0.865199 0.391482
4.9434 108.177 -23.7423 0.310201 0.863997 0.396592
5.367 108.834 -25.4968 0.309304 0.862391 0.400764
5.64441 109.266 -26.635 0.305042 0.862103 0.404634
5.90402 109.685 -27.7234 0.305825 0.861698 0.404904
6.19906 110.17 -28.9518 0.29582 0.860734 0.414279
6.52597 110.702 -30.2889 0.291204 0.862109 0.41469
6.78621 111.136 -31.3704 0.287274 0.860953 0.419802
7.0517 111.578 -32.4454 0.282133 0.859116 0.42699
7.31302 112.016 -33.4943 0.278114 0.859256 0.429339
7.48035 112.299 -34.1704 0.27264 0.859004 0.433336
6.65847 112.673 -34.3892 0.275554 0.859294 0.43091
6.36867 112.181 -33.2113 0.280437 0.860601 0.425112
6.06757 111.678 -31.9838 0.290707 0.86024 0.4189
5.74499 111.141 -30.647 0.294383 0.860197 0.416412
5.40813 110.587 -29.2531 0.295126 0.861745 0.412669
5.15349 110.17 -28.1914 0.304687 0.862713 0.403599
4.81209 109.622 -26.7597 0.311498 0.861215 0.401594
4.4628 109.077 -25.3178 0.311391 0.861629 0.400789
4.16264 108.608 -24.0694 0.312558 0.863739 0.395299
3.89644 108.181 -22.9197 0.31307 0.865099 0.391907
3.59809 107.701 -21.6173 0.312877 0.866257 0.389495
3.36361 107.309 -20.5539 0.313374 0.866949 0.387552
3.21771 107.058 -19.8759 0.313687 0.867205 0.386724
2.70986 107.949 -21.4549 0.313604 0.866063 0.389342
2.9864 108.398 -22.6715 0.312803 0.86558 0.391057
3.2929 108.894 -24.0035 0.313892 0.862867 0.396147
3.59305 109.375 -25.283 0.311445 0.861619 0.400767
3.88912 109.839 -26.5104 0.308935 0.862806 0.400157
4.18001 110.296 -27.7203 0.30908 0.862333 0.401063
4.43657 110.709 -28.7968 0.300882 0.862328 0.407259
4.69546 111.136 -29.8898 0.301485 0.861054 0.409503
4.97932 111.607 -31.0666 0.294601 0.860675 0.41527
5.24078 112.04 -32.1539 0.292358 0.860973 0.416236
5.58475 112.618 -33.5774 0.288585 0.859974 0.420908
5.79753 112.979 -34.4456 0.278727 0.858618 0.430216
4.96774 113.337 -34.6265 0.282697 0.862156 0.420439
4.68985 112.867 -33.4708 0.290023 0.859377 0.42114
4.41058 112.396 -32.3017 0.295134 0.860845 0.414539
4.07364 111.838 -30.8914 0.303425 0.859142 0.412077
3.81123 111.399 -29.7852 0.311975 0.85776 0.408557
3.52616 110.937 -28.5816 0.312923 0.860373 0.402291
3.17897 110.382 -27.1263 0.314608 0.860409 0.400895
2.8783 109.913 -25.8789 0.313976 0.860696 0.400777
2.53323 109.362 -24.4223 0.31642 0.860982 0.398232
2.28166 108.955 -23.3353 0.314301 0.863584 0.394256
2.23876 108.883 -23.1426 0.314303 0.863585 0.394251
1.68489 109.687 -24.4508 0.31588 0.861016 0.398586
2.02841 110.235 -25.9034 0.315577 0.861132 0.398575
2.326 110.706 -27.1531 0.314602 0.86041 0.4009
2.58222 111.113 -28.2206 0.316082 0.85893 0.402903
2.86253 111.562 -29.4005 0.317045 0.858554 0.402948
3.14313 112.027 -30.5908 0.314012 0.858013 0.406461
3.43907 112.515 -31.8406 0.309308 0.859632 0.406646
3.74927 113.033 -33.1502 0.295641 0.859618 0.416718
4.00458 113.466 -34.2314 0.289437 0.862341 0.415445
4.14904 113.71 -34.8354 0.287018 0.862438 0.416918
3.26231 113.971 -34.7579 0.291683 0.86123 0.416178
2.94131 113.426 -33.3896 0.298552 0.862448 0.408717
2.67077 112.975 -32.2369 0.301689 0.862629 0.406023
2.37431 112.483 -30.966 0.311567 0.85875 0.406785
2.07652 111.994 -29.7008 0.31645 0.857084 0.40653
1.79249 111.536 -28.5027 0.316082 0.85893 0.402903
1.50076 111.072 -27.286 0.320748 0.857174 0.402956
1.28428 110.723 -26.3692 0.318577 0.859774 0.399121
1.00605 111.963 -28.7859 0.32151 0.856695 0.403366
1.26735 112.386 -29.8973 0.319105 0.858435 0.401574
1.56174 112.867 -31.1545 0.315627 0.860951 0.398927
1.82964 113.311 -32.3195 0.304768 0.863035 0.402849
2.0804 113.732 -33.4047 0.301682 0.862629 0.406028
2.27744 114.065 -34.2518 0.297924 0.862054 0.410006
