44.6365 93.4564 -13.4013 0.307701 0.887926 0.341163
44.6172 93.3787 -13.1777 0.304958 0.892645 0.331941
45.2526 93.1811 -13.1939 0.287201 0.896683 0.336861
45.9327 92.9612 -13.1874 0.281902 0.897972 0.337884
46.5907 92.8518 -13.4386 0.279063 0.898073 0.339983
46.5678 92.9017 -13.5547 0.275912 0.904523 0.325133
45.9044 93.0575 -13.4254 0.288387 0.89983 0.327043
45.271 93.2531 -13.4011 0.287194 0.896651 0.336952
45.1833 93.2769 -13.3897 0.287189 0.896651 0.336955
44.9471 93.5217 -13.8399 0.287189 0.896651 0.336955
44.3132 93.7533 -13.8499 0.32156 0.88004 0.349383
43.6735 94.0452 -14.0076 0.327365 0.875502 0.355163
43.0426 94.3066 -14.0442 0.328996 0.872931 0.360027
42.3075 94.6295 -14.1478 0.35072 0.856177 0.379415
41.5951 94.9261 -14.1585 0.339349 0.859217 0.382674
40.9182 95.176 -14.1336 0.345893 0.851374 0.394362
40.0234 95.5868 -14.241 0.342755 0.852857 0.393897
39.1753 95.9693 -14.3153 0.342073 0.8488 0.403088
38.3766 96.3361 -14.4247 0.337382 0.849539 0.40552
37.5618 96.6897 -14.4938 0.338664 0.852444 0.398302
36.7041 96.9897 -14.4129 0.332578 0.855646 0.396556
35.9229 97.2407 -14.2948 0.334657 0.855293 0.395573
35.1264 97.4386 -14.0536 0.330869 0.857172 0.394689
34.2694 97.2862 -13.0125 0.327218 0.859635 0.392347
35.0801 96.923 -12.8872 0.329874 0.859824 0.389701
36.1454 96.5185 -12.9085 0.333581 0.857971 0.390653
37.0391 96.2567 -13.0968 0.333582 0.857971 0.390651
37.6499 95.9821 -13.0226 0.34098 0.855694 0.389247
38.2872 95.7148 -12.9982 0.344384 0.853624 0.390798
39.2154 95.2349 -12.7719 0.345379 0.852736 0.391861
40.2356 94.9569 -13.0619 0.344322 0.852117 0.394128
40.8625 94.7056 -13.0434 0.327973 0.862261 0.385929
41.6872 94.2989 -12.8355 0.328251 0.860817 0.388889
42.4834 94.0959 -13.0461 0.318161 0.875733 0.363131
43.2193 93.7954 -12.9662 0.328991 0.872934 0.360022
43.9848 93.3644 -12.5585 0.304756 0.892698 0.331986
44.6749 93.1609 -12.6451 0.304958 0.892645 0.331941
45.3303 92.992 -12.7567 0.287201 0.896683 0.336861
46.189 92.744 -12.8239 0.281902 0.897972 0.337884
46.9181 92.614 -13.0791 0.279063 0.898073 0.339983
47.5409 92.5432 -13.3598 0.240121 0.909757 0.338646
48.107 92.5884 -13.8866 0.241471 0.909853 0.337431
48.2425 92.8199 -14.6286 0.238372 0.914222 0.327683
49.0344 92.775 -15.0466 0.204907 0.919732 0.33477
49.0961 92.8572 -15.3102 0.204906 0.91973 0.334777
48.0548 92.9369 -14.8183 0.238088 0.914158 0.328068
47.4387 92.9935 -14.5274 0.238657 0.914286 0.327299
46.8998 93.0135 -14.1476 0.275686 0.90453 0.325304
46.1688 93.1876 -14.0116 0.275911 0.904524 0.325129
45.5397 93.3562 -13.9045 0.294027 0.895893 0.332956
45.4321 93.3901 -13.9031 0.287194 0.896651 0.336952
45.205 93.7032 -14.5427 0.294026 0.895891 0.332964
46.2362 93.4163 -14.7051 0.288383 0.899829 0.32705
46.9253 93.2909 -14.94 0.275452 0.904538 0.325479
47.9462 93.1484 -15.3289 0.238088 0.914158 0.328068
48.5585 93.0769 -15.574 0.224289 0.916172 0.331835
49.2554 93.0691 -15.9899 0.204906 0.91973 0.334777
49.8591 93.1082 -16.3928 0.168835 0.915168 0.366009
50.4001 93.1685 -16.793 0.176027 0.914053 0.365332
51.1057 93.2511 -17.2718 0.149521 0.904458 0.399498
51.1539 92.9751 -16.665 0.149591 0.904491 0.399397
50.7561 92.7374 -15.8925 0.183222 0.912938 0.364656
50.3168 92.6152 -15.3711 0.184069 0.918224 0.349979
49.8567 92.4419 -14.6402 0.21563 0.908037 0.359128
49.2417 92.3711 -14.0921 0.215636 0.908034 0.359131
48.4743 92.2727 -13.297 0.238535 0.911107 0.336132
47.6006 92.3045 -12.7626 0.238775 0.909659 0.339863
47.0035 92.3647 -12.4907 0.279244 0.898008 0.340007
46.1609 92.5302 -12.2287 0.284617 0.89786 0.335917
45.4836 92.691 -12.0847 0.284575 0.897876 0.335911
44.8381 92.8589 -11.9828 0.296178 0.894641 0.334374
44.187 93.0958 -12.0222 0.304749 0.892701 0.331984
43.5549 93.3456 -12.1278 0.289252 0.890684 0.350734
42.7911 93.6511 -12.2665 0.312014 0.870008 0.38175
41.9103 93.9025 -12.1194 0.309131 0.870654 0.382608
41.2998 94.2144 -12.3255 0.328591 0.859325 0.391903
40.615 94.4804 -12.3347 0.32853 0.859373 0.39185
39.6251 94.8645 -12.3217 0.345971 0.861481 0.371691
38.9551 95.1104 -12.2679 0.345956 0.861542 0.371565
37.589 95.7037 -12.3587 0.344387 0.853626 0.390791
36.1394 96.2615 -12.3389 0.33358 0.85797 0.390656
34.8554 96.7589 -12.3349 0.329869 0.85983 0.389692
33.9092 97.1756 -12.4649 0.326036 0.861779 0.388636
33.3391 97.4595 -12.6163 0.327217 0.859635 0.392348
32.4239 97.8467 -12.686 0.336802 0.858621 0.386438
31.691 98.1172 -12.6483 0.340439 0.858374 0.383761
31.0159 98.3366 -12.5484 0.334765 0.860139 0.384825
30.0532 98.754 -12.6395 0.33589 0.85893 0.386545
29.3779 98.9004 -12.3812 0.33329 0.859829 0.386796
28.6241 99.1946 -12.3859 0.33321 0.859889 0.386733
28.3782 99.4975 -12.8437 0.333349 0.857946 0.390905
27.2858 99.6664 -12.2712 0.335639 0.864262 0.374696
26.4265 99.9228 -12.093 0.338191 0.863603 0.37391
25.6656 100.201 -12.0337 0.345484 0.863681 0.367009
25.0206 100.429 -11.9529 0.355483 0.860464 0.365012
24.3243 100.739 -12.0168 0.347187 0.858961 0.376361
25.1275 100.548 -12.3382 0.355488 0.860465 0.365004
25.8451 100.362 -12.5782 0.340742 0.862949 0.373115
26.5522 100.273 -13.0135 0.330772 0.861356 0.385369
27.4943 99.9674 -13.1263 0.325903 0.858447 0.39605
28.2663 99.7347 -13.2687 0.336486 0.856627 0.39111
28.8849 99.6068 -13.5157 0.333348 0.857947 0.390903
29.7411 99.4074 -13.8143 0.337805 0.857321 0.388444
30.5041 99.202 -14.0245 0.336756 0.857988 0.387878
31.311 98.9544 -14.1762 0.336378 0.85862 0.38681
32.0752 98.7203 -14.3211 0.337638 0.857979 0.387131
32.715 98.4865 -14.362 0.327926 0.860702 0.38931
33.396 98.2895 -14.4824 0.318975 0.862734 0.392359
34.262 98.0485 -14.6567 0.323688 0.860111 0.394211
34.9353 97.7959 -14.6694 0.330869 0.857172 0.394689
35.713 97.5641 -14.8207 0.332147 0.856927 0.39415
36.5244 97.2858 -14.9012 0.332578 0.855649 0.396549
37.3304 96.9884 -14.9364 0.335365 0.852298 0.401369
38.16 96.629 -14.8602 0.33206 0.852162 0.404421
38.8046 96.3777 -14.8669 0.338986 0.847851 0.407721
39.7617 95.9681 -14.82 0.348379 0.846364 0.402864
40.561 95.6054 -14.7492 0.34557 0.849611 0.398377
41.3772 95.2337 -14.6608 0.336932 0.856817 0.390145
42.1094 94.918 -14.6158 0.350723 0.856175 0.379417
42.8387 94.5956 -14.5624 0.334444 0.865954 0.371273
43.8138 94.2018 -14.5229 0.327365 0.875502 0.355163
44.6141 93.8851 -14.4714 0.328223 0.879197 0.345373
44.9878 93.7551 -14.4958 0.307711 0.887922 0.341165
38.8309 95.7235 -13.4962 0.344384 0.853624 0.390798
38.3046 96.2005 -14.0785 0.339579 0.852874 0.39652
39.1269 95.8083 -13.9352 0.342073 0.8488 0.403088
39.3769 95.4457 -13.3729 0.344064 0.852796 0.392883
37.3935 96.5975 -14.1534 0.33866 0.852444 0.398306
36.2141 96.9486 -13.9095 0.334658 0.855292 0.395576
35.4489 97.1303 -13.655 0.333405 0.856109 0.394862
35.1942 97.0794 -13.3297 0.326103 0.86173 0.388688
36.1429 96.7882 -13.4989 0.333585 0.857972 0.390648
36.9018 96.6416 -13.8247 0.336069 0.857422 0.389714
37.5098 96.4281 -13.8837 0.338567 0.85687 0.388776
37.7516 96.4458 -14.1333 0.338616 0.854657 0.393539
32.8454 98.1677 -13.767 0.327926 0.860702 0.38931
33.6818 97.9628 -13.9965 0.318975 0.862734 0.392359
34.4886 97.6641 -14.0122 0.328401 0.857488 0.396064
34.1638 97.3517 -13.0666 0.328401 0.857488 0.396065
33.5514 97.7082 -13.3307 0.323688 0.860111 0.394212
32.7311 98.0084 -13.3132 0.336872 0.858671 0.386267
32.0953 98.4299 -13.6959 0.336874 0.858669 0.386269
31.216 98.601 -13.3091 0.336048 0.858641 0.387049
30.2453 99.1113 -13.5989 0.335717 0.858657 0.387301
30.9737 98.8501 -13.6512 0.336047 0.858638 0.387058
31.8142 98.5587 -13.7354 0.336378 0.85862 0.38681
32.1031 98.4557 -13.7599 0.337889 0.858006 0.386853
