7.32531 -5.03039 2.90819 -0.0124984 0.278765 0.960274
6.64735 -5.47309 3.04067 -0.00292914 0.311885 0.950115
5.74258 -6.012 3.22146 0.00435719 0.316476 0.948591
4.95494 -6.30119 3.32215 -0.000361572 0.32974 0.944072
5.16057 -6.68846 3.45749 0.00465295 0.328151 0.944599
6.04397 -6.74457 3.47121 0.00597294 0.332633 0.943037
6.87405 -6.77046 3.47596 0.00642846 0.328127 0.944612
7.74321 -6.84064 3.49319 0.00663553 0.322759 0.946458
8.71263 -6.80185 3.48059 0.000968513 0.310548 0.950557
9.47723 -6.67939 3.43882 0.00605644 0.310907 0.950417
10.3527 -6.46025 3.35931 0.000984192 0.30269 0.953025
10.3957 -5.46265 3.05829 -0.00691145 0.275075 0.961394
10.328 -4.65991 2.8389 -0.00978402 0.250189 0.968148
10.2836 -3.71829 2.60035 -0.0125323 0.241788 0.970248
9.83744 -3.51243 2.54525 -0.0270951 0.226078 0.973732
9.06894 -3.96692 2.64067 -0.0211937 0.246492 0.968913
8.34508 -4.39635 2.74387 -0.0173982 0.266803 0.963592
7.52589 -4.91909 2.87791 -0.00962143 0.278667 0.96034
6.92491 -3.81826 2.55903 -0.023897 0.257172 0.96607
7.67494 -3.32938 2.44707 -0.024376 0.244564 0.969327
8.34288 -2.92621 2.36517 -0.0221646 0.23496 0.971752
9.02635 -2.47843 2.2796 -0.0338212 0.212552 0.976564
9.72163 -1.98727 2.1997 -0.0424613 0.210792 0.976608
10.4773 -1.44798 2.12175 -0.0402509 0.195563 0.979865
11.3479 -0.757349 2.02927 -0.0400009 0.169474 0.984722
11.5643 -1.5354 2.17346 -0.0293446 0.184883 0.982285
11.5383 -2.30685 2.32109 -0.0119601 0.195058 0.980684
11.555 -3.31619 2.5295 -0.00988945 0.206716 0.978337
11.5853 -4.13194 2.71884 -0.0136247 0.236199 0.971609
11.581 -4.88721 2.90867 -0.0069566 0.252163 0.96766
11.682 -5.91811 3.19272 0.0102482 0.272849 0.961993
11.6468 -6.81113 3.45363 0.0214977 0.293814 0.955621
11.5311 -7.65541 3.72186 0.0228965 0.318726 0.947559
10.7871 -7.83482 3.80202 0.0275687 0.315785 0.94843
9.7726 -7.87165 3.83671 0.0192703 0.327225 0.944745
9.0116 -7.93534 3.87152 0.0082582 0.33483 0.94224
8.19342 -8.01213 3.90453 0.0102729 0.341782 0.939693
7.40674 -7.9989 3.91308 0.0142734 0.34181 0.939659
6.36132 -7.96914 3.91655 0.0125236 0.357726 0.933743
5.49189 -7.95984 3.92407 0.0103545 0.357695 0.933781
4.65306 -7.92138 3.91545 0.00399979 0.356427 0.934314
3.78495 -7.93489 3.92871 0.00885207 0.373992 0.92739
2.90864 -7.97053 3.95035 0.00650343 0.373858 0.927463
2.14587 -7.96841 3.95777 0.0138342 0.364094 0.931259
1.197 -7.96305 3.97022 0.0171175 0.383147 0.923529
0.161163 -8.01402 4.00896 0.0152199 0.381607 0.924198
-0.639734 -8.05745 4.04082 0.0162136 0.380478 0.924648
-1.43043 -8.07166 4.06491 0.0248046 0.387051 0.921724
-2.24387 -8.05839 4.07941 0.0205703 0.385004 0.922686
-3.24928 -8.01649 4.09166 0.0322055 0.389349 0.920527
-4.31715 -7.87175 4.0659 0.0281018 0.386906 0.921691
-5.14267 -8.00753 4.14805 0.0276424 0.386477 0.921885
-6.0016 -7.96436 4.1651 0.0421137 0.384144 0.922312
-6.88658 -7.96135 4.20228 0.0390338 0.387303 0.921126
-7.53938 -7.63209 4.09164 0.0377916 0.380757 0.923898
-6.63577 -7.59375 4.03728 0.0388567 0.386905 0.921301
-5.87511 -7.60897 4.0113 0.0407217 0.385534 0.921792
-5.071 -7.5414 3.95049 0.0323125 0.384016 0.922745
-4.91067 -7.47247 3.91669 0.0282374 0.381965 0.923731
-4.07494 -7.30275 3.82116 0.0320848 0.379981 0.924437
-3.05294 -7.23931 3.76021 0.0284805 0.38312 0.923257
-2.23095 -7.07258 3.67093 0.0206057 0.378973 0.925172
-1.41111 -6.85299 3.56594 0.0151115 0.360129 0.932778
-0.669301 -6.7651 3.52106 0.0124882 0.360072 0.932841
0.0727659 -6.57697 3.43861 0.0159174 0.351989 0.935869
0.844873 -6.42333 3.37122 0.0154738 0.345226 0.938392
1.65513 -6.22983 3.29318 0.00458826 0.335004 0.942204
2.52657 -6.01102 3.21298 0.00269802 0.335346 0.942091
3.36646 -5.74901 3.12287 -0.00591918 0.325653 0.945471
4.28137 -5.28847 2.97523 -0.0138176 0.316282 0.948565
5.29587 -4.79871 2.82198 -0.00861422 0.317947 0.948062
6.07935 -4.38377 2.70364 -0.00470618 0.292126 0.956349
6.71004 -3.9461 2.58774 -0.0182333 0.26541 0.963909
6.14214 -2.82632 2.27488 -0.0241409 0.263372 0.964392
5.39847 -3.30594 2.38701 -0.0192376 0.269162 0.962869
4.3654 -3.87104 2.52923 -0.017714 0.284865 0.958342
3.42104 -4.24996 2.63371 -0.0111296 0.294266 0.955659
2.59924 -4.62315 2.74639 -0.00696501 0.305119 0.952289
1.68663 -4.92755 2.84236 0.00057323 0.316491 0.948595
0.917935 -5.13498 2.91041 -0.00286772 0.319434 0.947604
0.162508 -5.26384 2.95792 -0.00372077 0.333717 0.942666
-0.578077 -5.43142 3.02264 0.00747155 0.341339 0.939911
-1.49297 -5.63952 3.11186 0.0160329 0.344323 0.938709
-2.40784 -5.80443 3.18739 0.0155255 0.342359 0.939441
-3.14112 -5.95898 3.26153 0.0214467 0.349875 0.936551
-3.93745 -6.12461 3.34899 0.031801 0.35184 0.935519
-4.74183 -6.1617 3.39077 0.025931 0.356671 0.93387
-5.68984 -6.28969 3.47087 0.0363208 0.360699 0.931968
-6.50139 -6.37206 3.53903 0.0448841 0.356811 0.933098
-7.28888 -6.4058 3.58972 0.0415496 0.363531 0.930655
-8.31531 -6.43617 3.65329 0.0506432 0.361876 0.93085
-9.30067 -6.43808 3.70606 0.0482648 0.363097 0.930501
-10.1546 -6.38745 3.73483 0.061049 0.360032 0.93094
-11.0932 -6.25575 3.73614 0.0484573 0.361809 0.930991
-12.0972 -6.21767 3.78522 0.0637623 0.354696 0.9328
-12.7464 -6.64691 3.99401 0.0598458 0.359429 0.931246
-12.7946 -7.65285 4.38935 0.0573653 0.36559 0.929002
-12.6762 -8.48351 4.71701 0.0487659 0.378303 0.924391
-11.8893 -8.82298 4.81578 0.0503143 0.381337 0.923066
-11.1467 -8.96994 4.83602 0.049068 0.384316 0.92189
-10.057 -8.99354 4.78878 0.052506 0.384835 0.921475
-9.23433 -9.02475 4.75661 0.0456978 0.395092 0.917504
-8.33545 -9.05172 4.72707 0.0417694 0.400333 0.915417
-7.32422 -9.1246 4.71428 0.0377131 0.394607 0.918076
-6.49756 -9.15972 4.69689 0.0346375 0.393153 0.91882
-5.63551 -9.15569 4.66041 0.0390574 0.392435 0.91895
-4.85933 -9.19179 4.64689 0.0331438 0.402717 0.914724
-4.01017 -9.22178 4.63232 0.0272647 0.400099 0.916066
-3.08774 -9.19406 4.58949 0.0288281 0.399735 0.91616
-2.06567 -9.27586 4.59749 0.0229648 0.401836 0.915419
-1.26796 -9.29082 4.58519 0.021252 0.40165 0.915546
-0.504386 -9.24117 4.54368 0.0268153 0.403004 0.914805
0.395811 -9.22978 4.51312 0.0232662 0.397858 0.917152
1.38903 -9.19276 4.4773 0.0176588 0.390371 0.920477
2.44753 -9.20153 4.46544 0.0136452 0.386215 0.922297
3.34985 -9.21931 4.45739 0.0151939 0.391092 0.920226
4.1527 -9.18711 4.43134 0.0129105 0.389321 0.921011
4.96479 -9.16133 4.40682 0.0122558 0.382664 0.923769
5.71644 -9.21668 4.41714 0.0173906 0.378869 0.925287
6.54917 -9.19971 4.39334 0.0203041 0.376933 0.926018
7.39609 -9.19728 4.37135 0.0251476 0.377285 0.925756
8.26065 -9.2044 4.35574 0.0143184 0.370121 0.928873
9.02558 -9.15116 4.31711 0.0175675 0.348079 0.9373
9.84516 -9.10474 4.28094 0.0278522 0.35007 0.93631
10.6085 -9.08222 4.2498 0.033838 0.347078 0.937207
11.7452 -9.04892 4.19393 0.0395059 0.331522 0.942614
12.5176 -8.91804 4.11337 0.0434246 0.334718 0.941317
12.9175 -8.25019 3.87391 0.0370327 0.309885 0.950053
12.9317 -7.24605 3.55686 0.0308821 0.29022 0.956422
13.0204 -6.45219 3.31579 0.0264447 0.276621 0.960615
12.9346 -5.62056 3.09059 0.0299667 0.255027 0.966469
12.8305 -4.83257 2.88589 0.0199536 0.245115 0.969183
12.8865 -3.92774 2.6736 0.000367437 0.228132 0.97363
12.8814 -3.06365 2.48753 -0.00304166 0.208185 0.978085
12.8629 -2.3123 2.34332 -8.36956e-05 0.180528 0.98342
12.8564 -1.30913 2.17102 -0.0236187 0.168591 0.985385
12.8758 -0.434261 2.03469 -0.0319778 0.142499 0.989248
12.8288 0.430132 1.9112 -0.0482564 0.135808 0.989548
12.8957 1.43704 1.79681 -0.0570027 0.103946 0.992905
12.7974 2.25733 1.71235 -0.0649523 0.1002 0.992819
12.187 1.73585 1.72458 -0.0715221 0.105051 0.99189
11.5105 1.13338 1.75408 -0.0638243 0.126242 0.989941
10.8219 0.556481 1.79143 -0.0516846 0.142767 0.988406
10.1175 -0.0584949 1.84584 -0.0578999 0.167515 0.984167
9.5034 -0.549029 1.89713 -0.0504463 0.174343 0.983353
8.89176 -1.03367 1.9686 -0.0415941 0.197545 0.979394
7.918 -1.73178 2.0773 -0.0364063 0.218109 0.975232
6.98921 -2.31319 2.17388 -0.036038 0.233096 0.971708
6.18315 -2.80145 2.26912 -0.0306672 0.253444 0.966788
6.17869 -2.80404 2.26971 -0.0241409 0.263372 0.964392
5.45399 -1.76947 1.98791 -0.0417605 0.236844 0.97065
6.17291 -1.35997 1.91769 -0.0463829 0.225281 0.973189
6.86783 -0.91003 1.84682 -0.0395957 0.218402 0.975055
7.64909 -0.372996 1.77393 -0.0530441 0.187118 0.980879
8.28961 0.115117 1.71743 -0.050948 0.180563 0.982243
8.85654 0.606972 1.66394 -0.0580317 0.155771 0.986076
9.44783 1.083 1.62844 -0.0642347 0.14832 0.986851
10.1094 1.61608 1.59332 -0.0709424 0.137761 0.987878
10.7584 2.22221 1.56891 -0.0745222 0.110635 0.991063
11.423 2.82843 1.55546 -0.0717533 0.0966778 0.992726
12.026 3.45579 1.54517 -0.0827118 0.073456 0.993863
12.507 4.03657 1.54472 -0.0908965 0.0679419 0.99354
13.0172 4.64108 1.55338 -0.092473 0.0606531 0.993866
13.607 5.43484 1.56901 -0.0971275 0.0441688 0.994272
14.1889 6.13461 1.60258 -0.104714 0.0349205 0.993888
14.3043 5.47577 1.63685 -0.0936547 0.0361071 0.99495
14.346 4.57572 1.67541 -0.0826089 0.0390646 0.995802
14.2903 3.59546 1.71927 -0.0726911 0.050735 0.996063
14.2686 2.83189 1.7635 -0.0630432 0.0562876 0.996422
14.2659 2.05462 1.81883 -0.0445492 0.0755476 0.996121
14.2661 1.16777 1.89149 -0.0399711 0.088029 0.995302
14.1513 0.141807 1.99929 -0.035201 0.108259 0.993454
14.1859 -0.780668 2.11827 -0.020885 0.135276 0.990562
14.1552 -1.53761 2.22291 -0.00977032 0.149463 0.988637
14.181 -2.51124 2.38422 -0.00190988 0.167062 0.985945
14.2215 -3.39487 2.54966 0.00843403 0.195171 0.980731
14.2197 -4.12625 2.70442 0.0199776 0.205472 0.978459
14.2553 -5.0368 2.91008 0.0278794 0.229109 0.972983
14.4389 -5.79712 3.08955 0.0398778 0.247788 0.967993
14.4734 -6.5011 3.27174 0.0494333 0.267524 0.962239
14.2688 -7.37277 3.53588 0.0458246 0.281625 0.95843
14.2137 -8.20437 3.79274 0.0534959 0.302839 0.951539
14.2775 -9.12912 4.08855 0.0676461 0.316675 0.946119
14.3076 -9.8391 4.32781 0.0690054 0.327381 0.942369
13.3568 -10.1949 4.52484 0.0709525 0.34573 0.935645
12.4665 -10.245 4.59489 0.0486227 0.353319 0.934238
11.668 -10.2675 4.64598 0.0496744 0.360321 0.931505
10.7416 -10.3488 4.72158 0.0405899 0.359257 0.932353
9.85461 -10.3445 4.75907 0.0392242 0.373564 0.926759
8.96956 -10.42 4.82108 0.0326153 0.37263 0.927407
8.14112 -10.4056 4.84539 0.0283286 0.379663 0.924682
7.31526 -10.4151 4.87538 0.0271111 0.38986 0.920475
6.29678 -10.4373 4.91306 0.024743 0.397968 0.917065
5.44751 -10.3921 4.91578 0.0170282 0.395905 0.918134
4.6668 -10.4218 4.94866 0.0253878 0.403365 0.914683
3.77126 -10.4105 4.96516 0.0176709 0.407285 0.91313
2.94314 -10.4073 4.97872 0.0163042 0.409295 0.912256
2.06352 -10.4198 5.00143 0.0191045 0.408989 0.912339
1.03329 -10.4206 5.02459 0.0249331 0.411221 0.91119
-0.0311036 -10.4355 5.06301 0.0315516 0.41643 0.90862
-0.996167 -10.492 5.11556 0.0233909 0.414707 0.909647
-1.90037 -10.5461 5.1633 0.0289471 0.413385 0.910096
-2.91283 -10.4331 5.14187 0.0285549 0.417009 0.908435
-3.74058 -10.4207 5.16098 0.0263581 0.422264 0.90609
-4.4964 -10.4345 5.18943 0.0279688 0.414779 0.909489
-5.4783 -10.4083 5.21123 0.0347975 0.416784 0.908308
-6.26131 -10.3758 5.22757 0.0341105 0.410196 0.911359
-7.04738 -10.3461 5.24434 0.0357735 0.405208 0.913524
-8.04796 -10.2693 5.25096 0.0393982 0.409973 0.911247
-8.83743 -10.2253 5.26503 0.0375165 0.407255 0.912544
-9.74024 -10.1366 5.26491 0.0450065 0.401658 0.914683
-10.5145 -10.1413 5.30422 0.0425044 0.396238 0.917155
-11.4018 -10.0378 5.30362 0.0449286 0.393261 0.918328
-12.3474 -9.95503 5.31373 0.0412918 0.391484 0.919252
-13.1349 -9.84366 5.30278 0.0441255 0.387078 0.920991
-13.8341 -9.3977 5.15169 0.0423866 0.379219 0.924336
-13.9335 -8.598 4.83057 0.0486236 0.376403 0.925179
-13.9806 -7.83997 4.53413 0.0538629 0.361751 0.930718
-14.0163 -6.94324 4.18857 0.0567533 0.360726 0.930943
-14.0982 -6.14081 3.88565 0.059255 0.355165 0.932922
-14.1071 -5.4008 3.60843 0.0627088 0.342645 0.937369
-13.7439 -4.81207 3.36976 0.0638468 0.339294 0.938511
-12.827 -4.83618 3.31698 0.0635057 0.343399 0.93704
-11.8648 -4.98207 3.30739 0.0608218 0.344552 0.936795
-10.9333 -5.04555 3.27411 0.0576183 0.347059 0.936071
-10.1871 -5.12667 3.25831 0.0568256 0.345737 0.936609
-9.2575 -5.18229 3.2254 0.055008 0.346505 0.936433
-8.40913 -5.16937 3.17041 0.0473527 0.349419 0.935768
-7.42125 -5.16048 3.11979 0.0412742 0.348437 0.936419
-6.55405 -5.11188 3.06278 0.044038 0.348324 0.936339
-5.71951 -5.03608 3.00089 0.0353985 0.345118 0.937887
-4.82402 -4.97352 2.94534 0.0261155 0.339735 0.940152
-4.02342 -4.87998 2.89063 0.0243551 0.342463 0.939216
-3.24465 -4.72913 2.81786 0.0211101 0.336318 0.941512
-2.2964 -4.50873 2.71796 0.0206097 0.337138 0.94123
-1.32228 -4.29983 2.63321 0.0124299 0.325259 0.945543
-0.309896 -4.08485 2.55893 -8.67461e-05 0.32396 0.946071
0.537052 -3.92204 2.50966 -0.00114448 0.309249 0.95098
1.43773 -3.72946 2.45044 -0.00675651 0.296913 0.954858
2.17273 -3.45318 2.37013 -0.00707234 0.302875 0.953001
3.07277 -3.10547 2.27435 -0.0168978 0.272298 0.961962
3.85504 -2.6957 2.18187 -0.0228678 0.260973 0.965075
4.73147 -2.20915 2.07635 -0.0275555 0.25467 0.966633
5.41878 -1.79057 1.99155 -0.0392813 0.241741 0.969529
5.42764 -1.78525 1.99063 -0.0417603 0.236844 0.97065
4.82263 -0.698973 1.70648 -0.0443702 0.226451 0.973011
4.13607 -1.07564 1.7686 -0.037874 0.231879 0.972007
3.34219 -1.48482 1.84309 -0.0299847 0.252171 0.967157
2.68167 -1.86279 1.92993 -0.0237382 0.258234 0.965791
1.92718 -2.149 1.98791 -0.0236256 0.258848 0.965629
1.122 -2.48818 2.07466 -0.0134985 0.274981 0.961354
0.0430339 -2.7131 2.12507 -0.0223541 0.279648 0.959771
-0.80852 -2.89559 2.17581 0.00619696 0.292552 0.95623
-1.65177 -3.0826 2.23631 0.000787651 0.29508 0.955472
-2.51563 -3.29778 2.31321 0.00994967 0.304847 0.952336
-3.29142 -3.42169 2.36721 0.0159991 0.31018 0.95054
-4.22186 -3.63532 2.45749 0.0263877 0.324767 0.945426
-5.01135 -3.72425 2.50971 0.0259177 0.32474 0.945448
-5.83135 -3.76954 2.55485 0.036626 0.327345 0.944195
-6.65097 -3.85981 2.61827 0.0390712 0.325059 0.944886
-7.59675 -3.93797 2.6845 0.0384001 0.326276 0.944493
-8.62265 -3.93131 2.73075 0.0470794 0.32886 0.943204
-9.58779 -3.89391 2.77247 0.0587538 0.337745 0.939399
-10.5354 -3.81481 2.80408 0.0588012 0.335722 0.940124
-11.3396 -3.75828 2.83315 0.056789 0.332835 0.941273
-12.3165 -3.65703 2.85794 0.0602447 0.331255 0.941616
-13.1096 -3.53976 2.87045 0.0657477 0.329545 0.941848
-14.0285 -3.47172 2.9129 0.0703166 0.327736 0.942149
-14.8404 -3.43428 2.95892 0.0671827 0.327933 0.942309
-15.3976 -3.87103 3.15148 0.0687821 0.328963 0.941835
-15.3736 -4.7578 3.46507 0.066374 0.335535 0.939687
-15.3979 -5.54729 3.75268 0.0656201 0.342016 0.9374
-15.3533 -6.28456 4.02108 0.0602649 0.346539 0.936098
-15.2807 -7.01281 4.29101 0.0570648 0.357111 0.93231
-15.2269 -7.92268 4.63851 0.0537781 0.358419 0.93201
-15.1669 -8.63546 4.91267 0.0521822 0.364358 0.929796
-15.0491 -9.52018 5.26063 0.0459527 0.375937 0.925505
-14.9405 -10.3127 5.57905 0.041887 0.381702 0.923328
-14.4977 -10.8397 5.78073 0.0364702 0.387747 0.921042
-13.6313 -10.9403 5.78672 0.0397054 0.39076 0.91963
-12.8298 -11.0172 5.78684 0.0386339 0.392975 0.918737
-11.9472 -11.1214 5.79828 0.0343556 0.401905 0.915036
-11.1314 -11.2473 5.81833 0.0405631 0.40264 0.914458
-10.3696 -11.3446 5.83183 0.0340686 0.409839 0.911522
-9.60482 -11.3555 5.80917 0.0353461 0.414916 0.909173
-8.83127 -11.3953 5.79535 0.0387868 0.419954 0.906716
-8.04615 -11.4562 5.79409 0.0312282 0.424546 0.904859
-6.94174 -11.5383 5.79675 0.0318435 0.42925 0.902623
-6.15899 -11.5748 5.78601 0.0337298 0.430211 0.902098
-5.31282 -11.6254 5.78006 0.0300422 0.432675 0.901049
-4.29183 -11.6128 5.74093 0.0288113 0.431035 0.901875
-3.44333 -11.6277 5.72011 0.0365129 0.428752 0.902663
-2.65998 -11.6471 5.70447 0.0253633 0.434877 0.900127
-1.805 -11.7512 5.73407 0.0245673 0.434389 0.900381
-0.991479 -11.6853 5.67653 0.0270873 0.433415 0.900787
-0.180688 -11.6462 5.63459 0.0272671 0.439538 0.897809
0.70975 -11.6036 5.58618 0.0279836 0.42828 0.903213
1.53266 -11.5969 5.56272 0.0238775 0.434096 0.900546
2.31652 -11.6217 5.55068 0.0267998 0.430153 0.902347
3.27007 -11.6212 5.52661 0.0229171 0.422385 0.906127
4.06866 -11.611 5.50173 0.021596 0.42184 0.906412
4.91008 -11.6396 5.49291 0.0313071 0.420097 0.906926
5.79737 -11.634 5.45645 0.0301724 0.409451 0.911833
6.57389 -11.6471 5.43575 0.0306501 0.411847 0.910737
7.59054 -11.6077 5.38067 0.0354157 0.399839 0.915892
8.39581 -11.6026 5.34427 0.0395274 0.401398 0.91505
9.25294 -11.6032 5.30378 0.0441636 0.39405 0.918016
10.2335 -11.5624 5.23846 0.0501173 0.385727 0.921251
10.9889 -11.5119 5.17614 0.0538221 0.381545 0.922782
11.8437 -11.4492 5.10024 0.0567248 0.374872 0.92534
12.6624 -11.4439 5.0448 0.0655609 0.367657 0.927642
13.4832 -11.438 4.98294 0.0770241 0.362294 0.928876
14.2633 -11.4146 4.91053 0.0796809 0.351643 0.932737
15.1012 -11.3344 4.80289 0.092828 0.348493 0.932703
15.6699 -10.9515 4.60805 0.0849537 0.336636 0.937795
15.6741 -9.98714 4.26696 0.0824009 0.329198 0.940659
15.625 -9.05408 3.96422 0.068189 0.306253 0.949505
15.5788 -8.25581 3.71607 0.0695149 0.2927 0.953674
15.6118 -7.42406 3.47319 0.0643157 0.269008 0.960988
15.697 -6.64637 3.25007 0.046986 0.251499 0.966716
15.6713 -5.87122 3.05524 0.0431967 0.232396 0.971613
15.5986 -5.12437 2.88442 0.0331794 0.225213 0.97374
15.6186 -4.04434 2.65783 0.0291682 0.200951 0.979161
15.5757 -3.25509 2.50385 0.0171648 0.162299 0.986592
15.4978 -2.39424 2.3623 0.00665855 0.150515 0.988585
15.4916 -1.51547 2.23391 -0.000673467 0.136573 0.99063
15.5078 -0.749999 2.135 -0.020604 0.125296 0.991905
15.4872 0.0127708 2.04767 -0.021068 0.10232 0.994528
15.5766 0.757868 1.97307 -0.0270618 0.0962233 0.99499
15.5917 1.5349 1.91646 -0.039444 0.0635337 0.997197
15.5695 2.39615 1.8644 -0.0493836 0.0445799 0.997771
15.6128 3.27233 1.82494 -0.0601815 0.0410659 0.997342
15.6338 4.05118 1.79587 -0.0745663 0.0339654 0.996637
15.6592 4.87173 1.77402 -0.0804491 0.028837 0.996341
15.6235 5.78548 1.75313 -0.0896979 0.0155063 0.99584
15.623 6.57219 1.74045 -0.0996943 0.0172699 0.994868
15.6832 7.32618 1.73851 -0.113098 0.0100379 0.993525
15.6969 8.09356 1.73419 -0.117553 0.00461136 0.993048
15.7628 8.89293 1.73708 -0.124199 0.00803252 0.992225
15.7705 9.72085 1.73573 -0.134737 0.00312712 0.990876
15.7151 10.4298 1.72487 -0.151693 0.00928384 0.988384
15.0464 9.67835 1.63408 -0.136667 0.00967655 0.990545
14.6531 9.00587 1.5916 -0.130272 0.0145127 0.991369
14.2154 8.36233 1.54604 -0.124707 0.0249474 0.991873
13.748 7.77295 1.50126 -0.125351 0.028686 0.991691
13.1525 7.01966 1.45613 -0.114064 0.0359249 0.992824
12.536 6.15488 1.42562 -0.106997 0.0444971 0.993263
11.9904 5.37235 1.40981 -0.106555 0.0539463 0.992832
11.179 4.5034 1.38936 -0.0978772 0.0697065 0.992754
10.5093 3.73287 1.39198 -0.0891915 0.0827882 0.992554
9.92411 3.21929 1.3934 -0.0891992 0.105587 0.990401
9.27438 2.61089 1.4101 -0.0829516 0.118525 0.98948
8.70109 2.10906 1.42835 -0.0749664 0.132981 0.988279
8.04129 1.54982 1.46184 -0.0716422 0.159427 0.984607
7.45785 1.05749 1.50279 -0.0626259 0.173378 0.982862
6.75894 0.531469 1.55106 -0.063671 0.174354 0.982621
6.03677 0.0328427 1.60773 -0.049012 0.200521 0.978462
5.15978 -0.510929 1.67765 -0.0446406 0.220068 0.97441
4.9806 -0.606673 1.6922 -0.0443703 0.226451 0.973011
4.28856 0.484164 1.42368 -0.0551287 0.19438 0.979376
3.64266 0.101377 1.47706 -0.0376248 0.214235 0.976057
2.99035 -0.269542 1.53218 -0.0417497 0.224307 0.973612
2.20959 -0.66403 1.60271 -0.0216 0.25077 0.967805
1.51342 -0.999009 1.67417 -0.0237742 0.252521 0.967294
0.744177 -1.24122 1.71884 -0.0281886 0.263085 0.964361
-0.16942 -1.4818 1.76508 -0.0175129 0.266508 0.963669
-1.13766 -1.68772 1.81714 -0.00564039 0.285254 0.958435
-1.87669 -1.86313 1.86658 -0.00144762 0.284981 0.958528
-2.7589 -2.04016 1.91763 0.00461314 0.283504 0.95896
-3.51235 -2.19665 1.97504 0.0202775 0.288942 0.957132
-4.36396 -2.35415 2.04518 0.0216473 0.303616 0.952548
-5.38841 -2.44413 2.10082 0.0309842 0.305513 0.951684
-6.17532 -2.51019 2.14877 0.0336072 0.3055 0.951599
-6.97269 -2.5813 2.19971 0.0326635 0.318237 0.947448
-8.00486 -2.65672 2.26459 0.0412002 0.312336 0.949078
-8.86274 -2.6413 2.29959 0.0445843 0.314272 0.948285
-9.72203 -2.59504 2.32957 0.0549628 0.316027 0.947152
-10.714 -2.54269 2.37246 0.0587686 0.320671 0.945359
-11.5499 -2.49443 2.40472 0.0566699 0.321949 0.945058
-12.3718 -2.39823 2.42267 0.0602364 0.325593 0.943581
-13.1682 -2.255 2.43133 0.0700242 0.321871 0.944189
-14.0733 -2.1993 2.478 0.0690476 0.320897 0.944593
-15.0591 -2.13825 2.52999 0.0702388 0.321232 0.944392
-15.8489 -2.04724 2.55765 0.0699827 0.321758 0.944232
-16.7339 -2.1472 2.65757 0.071964 0.32287 0.943703
-16.7028 -3.14735 2.99805 0.0712505 0.323995 0.943372
-16.6805 -3.91124 3.25985 0.069834 0.325285 0.943031
-16.6767 -4.70707 3.53922 0.0681696 0.332948 0.940478
-16.7112 -5.42203 3.79747 0.0642809 0.338314 0.938835
-16.6758 -6.20863 4.08244 0.063511 0.343692 0.936932
-16.6123 -7.14413 4.42532 0.057869 0.349535 0.935131
-16.5064 -7.88148 4.69884 0.05463 0.354893 0.93331
-16.4229 -8.61326 4.97485 0.0516447 0.364242 0.929871
-16.3023 -9.51075 5.31985 0.0499269 0.365896 0.929316
-16.1719 -10.3224 5.63906 0.0430359 0.376028 0.925608
-15.9492 -11.1983 5.98631 0.0321278 0.377515 0.925446
-15.3697 -11.816 6.22368 0.0293472 0.389394 0.920597
-14.3538 -11.9587 6.25076 0.0312285 0.393285 0.918884
-13.5072 -12.136 6.30085 0.0300291 0.402418 0.914964
-12.5811 -12.2466 6.32022 0.0328957 0.40432 0.91402
-11.5958 -12.3702 6.34437 0.0321237 0.411389 0.910883
-10.4706 -12.5052 6.37122 0.0288472 0.423646 0.905368
-9.55267 -12.5233 6.35017 0.0292134 0.435294 0.899814
-8.70859 -12.5929 6.35445 0.024431 0.433905 0.900592
-7.86366 -12.674 6.37174 0.0269441 0.434212 0.9004
-7.03114 -12.7313 6.37353 0.0267227 0.443996 0.89563
-6.00849 -12.8181 6.3865 0.0277204 0.442086 0.896542
-5.2427 -12.8409 6.37294 0.0269927 0.442918 0.896152
-4.43739 -12.8253 6.34433 0.0269357 0.44549 0.894872
-3.6861 -12.8242 6.32013 0.0260191 0.450597 0.892348
-2.54332 -12.9016 6.32421 0.0285754 0.448771 0.893189
-1.6318 -12.955 6.32161 0.0313883 0.444961 0.895
-0.668831 -12.9065 6.26987 0.0254523 0.447322 0.894011
0.103582 -12.8385 6.21411 0.0246965 0.447897 0.893744
1.00971 -12.7794 6.15538 0.0322553 0.449018 0.89294
1.77039 -12.7909 6.13643 0.0227652 0.448721 0.893382
2.52269 -12.7763 6.10382 0.0291399 0.441155 0.896957
3.38278 -12.8414 6.11024 0.0268648 0.445079 0.895088
4.19247 -12.8017 6.06659 0.0231351 0.434415 0.900415
5.16627 -12.8086 6.03355 0.034404 0.434358 0.900083
6.20712 -12.8076 5.98745 0.035344 0.426664 0.903719
7.11983 -12.8384 5.96267 0.0429144 0.422015 0.905572
8.06821 -12.8156 5.90599 0.046696 0.414409 0.908892
8.84271 -12.801 5.85699 0.0531957 0.415667 0.907959
9.9105 -12.7814 5.78594 0.0523029 0.408955 0.911054
10.8741 -12.7267 5.6981 0.0616583 0.398203 0.915223
11.6563 -12.6811 5.62556 0.0616019 0.398174 0.915239
12.4713 -12.6486 5.54686 0.074081 0.384332 0.920165
13.3135 -12.6149 5.4647 0.081518 0.376443 0.922846
14.1759 -12.6169 5.38697 0.0909924 0.371444 0.923986
14.9235 -12.6045 5.30546 0.0981962 0.362182 0.926905
15.7036 -12.5359 5.19362 0.10404 0.354674 0.929184
16.527 -12.4921 5.0817 0.107605 0.3492 0.930821
16.9777 -12.009 4.84899 0.116347 0.343654 0.931861
16.9772 -11.1215 4.53406 0.104851 0.32857 0.938623
16.9776 -10.3626 4.27385 0.0947072 0.323145 0.941599
16.9762 -9.61059 4.02715 0.0889988 0.299646 0.94989
16.9452 -8.70666 3.75141 0.0831081 0.295484 0.951677
16.9024 -7.93792 3.52854 0.0697983 0.27124 0.959964
16.9359 -7.19757 3.32164 0.070887 0.264407 0.961803
16.9881 -6.44641 3.12601 0.0571138 0.238827 0.969381
16.9865 -5.56804 2.92016 0.0582287 0.212642 0.975337
16.885 -4.62217 2.7261 0.0412557 0.202962 0.978307
16.9546 -3.65859 2.53807 0.032851 0.178676 0.983359
16.8629 -2.6039 2.3742 0.0211159 0.144441 0.98926
16.774 -1.62406 2.24286 0.0118885 0.117791 0.992967
16.811 -0.832572 2.15167 0.0101528 0.108203 0.994077
16.8472 0.0720245 2.06842 -0.0114092 0.0886276 0.995999
16.9349 0.826252 2.00554 -0.0258347 0.064383 0.997591
16.9376 1.73165 1.95671 -0.0343025 0.0461987 0.998343
16.9415 2.70129 1.9202 -0.0450729 0.0283099 0.998582
16.9134 3.47656 1.89703 -0.0590346 0.0231095 0.997988
16.9184 4.30198 1.88169 -0.0640298 0.0185385 0.997749
16.9499 5.12088 1.8731 -0.0780286 0.00850106 0.996915
16.9397 5.89078 1.86873 -0.0844324 -0.00267973 0.996421
16.9642 6.65747 1.87271 -0.0966591 -0.000316419 0.995315
17.0015 7.6036 1.88263 -0.104173 -0.00607118 0.994541
17.0688 8.55153 1.89942 -0.119831 -0.0106489 0.992737
17.0558 9.5101 1.9086 -0.133443 -0.00890221 0.991016
17.0623 10.306 1.91693 -0.137435 -0.0140554 0.990393
17.075 11.076 1.92897 -0.152315 -0.00373754 0.988289
16.6456 11.8907 1.85839 -0.154005 0.0036245 0.988053
15.7358 11.9873 1.71039 -0.160028 0.013085 0.987026
14.9748 11.9001 1.58688 -0.164511 0.0164047 0.986234
14.4619 11.3394 1.51625 -0.161082 0.0259599 0.9866
14.0594 10.5705 1.47246 -0.154451 0.0282082 0.987598
13.6632 9.82399 1.43397 -0.147068 0.0272257 0.988752
13.109 9.06368 1.37932 -0.135673 0.0381314 0.99002
12.5274 8.34315 1.32967 -0.124789 0.0359788 0.991531
11.9328 7.51096 1.29043 -0.115113 0.0447689 0.992343
11.4642 6.82164 1.27009 -0.115999 0.0565622 0.991634
10.9004 6.12364 1.24609 -0.109285 0.0707636 0.991488
10.3898 5.54556 1.23107 -0.112277 0.0711346 0.991123
9.81833 4.92381 1.21761 -0.106665 0.0795316 0.991109
9.2678 4.35825 1.21576 -0.093931 0.0982619 0.990718
8.71563 3.82336 1.2203 -0.090591 0.106268 0.990202
8.15679 3.29609 1.23005 -0.0826701 0.120106 0.989313
7.54283 2.78812 1.24205 -0.0776038 0.142111 0.98679
6.96887 2.27794 1.27277 -0.0762576 0.147226 0.986157
6.33311 1.79887 1.29738 -0.0649196 0.163292 0.984382
5.72084 1.32874 1.34194 -0.0547367 0.179513 0.982206
5.03529 0.929608 1.37926 -0.0583783 0.183343 0.981314
4.45968 0.57997 1.4143 -0.0551289 0.19438 0.979376
3.86396 1.70599 1.16219 -0.0556889 0.192473 0.979719
4.62773 2.13605 1.13127 -0.0640904 0.172783 0.982841
5.49128 2.7302 1.09564 -0.0724886 0.150318 0.985956
6.23291 3.34981 1.06357 -0.0757362 0.136125 0.987788
6.83265 3.87373 1.04144 -0.087605 0.123735 0.988441
7.54447 4.48244 1.03523 -0.096939 0.114616 0.988667
8.23406 5.10608 1.03221 -0.097818 0.11092 0.988998
8.76016 5.67118 1.03474 -0.114421 0.0903797 0.989313
9.29521 6.24497 1.04834 -0.11903 0.0780942 0.989815
9.80523 6.82921 1.06582 -0.126985 0.0703596 0.989391
10.3085 7.47633 1.08477 -0.132757 0.0682305 0.988797
10.8038 8.16099 1.1054 -0.134135 0.0616358 0.989044
11.2306 8.81947 1.1281 -0.138405 0.0522743 0.988992
11.7486 9.45523 1.17014 -0.145421 0.0473388 0.988237
12.3114 10.1736 1.21845 -0.146815 0.0450109 0.988139
12.7956 10.9449 1.26179 -0.155825 0.0370031 0.987091
13.1361 11.6208 1.2898 -0.167805 0.0475169 0.98467
13.5099 12.3035 1.32459 -0.173333 0.0446976 0.983848
14.0283 13.0814 1.38468 -0.182616 0.0397064 0.982382
14.7817 13.32 1.5122 -0.175886 0.0334001 0.983843
15.5291 13.32 1.64609 -0.174315 0.0249865 0.984369
16.3887 13.2713 1.80315 -0.180728 0.0238361 0.983244
17.4218 13.2536 1.98454 -0.173947 0.00869318 0.984717
18.2298 13.0697 2.12164 -0.164148 -0.00279752 0.986432
18.3048 12.2835 2.12939 -0.161692 -0.00971082 0.986793
18.3568 11.3537 2.12476 -0.141718 -0.0208698 0.989687
18.3689 10.469 2.10313 -0.140054 -0.0235622 0.989847
18.3761 9.70808 2.08497 -0.132357 -0.0299499 0.99075
18.3776 8.77828 2.05741 -0.114762 -0.0311704 0.992904
18.3456 7.87449 2.02909 -0.101761 -0.0314496 0.994287
18.3033 7.02332 2.00018 -0.0898492 -0.0229905 0.99569
18.2756 6.2579 1.98165 -0.0707869 -0.0168952 0.997348
18.2376 5.29452 1.96599 -0.0660073 -0.00657824 0.997797
18.2309 4.46838 1.96007 -0.054052 -0.00100435 0.998515
18.2319 3.59046 1.95963 -0.0440685 0.00553258 0.999007
18.2578 2.72595 1.97004 -0.0364058 0.0173657 0.999183
18.2661 1.89334 1.98844 -0.029582 0.030727 0.999066
18.2164 1.11818 2.01438 -0.00763001 0.034232 0.999329
18.2362 0.296896 2.05244 -0.000398791 0.0614652 0.997995
18.2073 -0.538472 2.11202 0.0134299 0.0673657 0.997638
18.1991 -1.41039 2.19148 0.0137757 0.0979097 0.995098
18.1618 -2.22029 2.28752 0.0227104 0.125981 0.991773
18.2846 -3.12688 2.39934 0.0498872 0.146771 0.987912
18.2951 -3.90805 2.52112 0.0493962 0.161012 0.985715
18.2259 -4.86949 2.7035 0.0585588 0.185917 0.98079
18.2992 -5.72092 2.87343 0.0614264 0.208797 0.976028
18.2869 -6.53001 3.05525 0.0812494 0.22828 0.970199
18.221 -7.2546 3.23972 0.0819292 0.244767 0.966107
18.2787 -8.1999 3.48454 0.0945255 0.263939 0.959896
18.2751 -9.0439 3.72762 0.0981109 0.288314 0.952496
18.2546 -9.95568 4.00501 0.103862 0.297239 0.949063
18.2985 -10.7901 4.27229 0.107445 0.3098 0.944711
18.3395 -11.5528 4.52504 0.126192 0.315466 0.940509
18.348 -12.3752 4.80554 0.125543 0.331299 0.935136
18.3462 -13.168 5.09171 0.13286 0.338399 0.931576
17.7877 -13.7502 5.3877 0.136635 0.351388 0.926206
16.8502 -13.7182 5.50865 0.129685 0.356274 0.925338
16.0093 -13.7455 5.63212 0.125245 0.363711 0.923054
15.2598 -13.8024 5.74607 0.110453 0.373069 0.921205
14.3765 -13.8154 5.85621 0.100193 0.38108 0.919081
13.5687 -13.8727 5.96644 0.0956196 0.391865 0.915011
12.7137 -13.8257 6.02955 0.084605 0.390575 0.916657
11.9226 -13.8721 6.12138 0.080382 0.409436 0.908784
11.1539 -13.9071 6.20302 0.0805019 0.413669 0.906854
10.3138 -13.9401 6.2848 0.0680395 0.421854 0.904107
9.45062 -13.998 6.37471 0.0663355 0.42567 0.902444
8.32811 -14.0045 6.45428 0.0613293 0.431008 0.900262
7.49173 -14.0434 6.52161 0.0492663 0.438078 0.897581
6.71331 -14.0181 6.55228 0.0471555 0.437216 0.898114
5.71348 -14.0165 6.60022 0.04421 0.444383 0.894745
4.93809 -13.9979 6.62611 0.0393618 0.44212 0.896089
4.09875 -14.0095 6.67184 0.0382985 0.453741 0.8903
3.06654 -14.033 6.72512 0.0324169 0.456887 0.888934
2.2646 -13.9689 6.72071 0.0292556 0.458005 0.888467
1.47382 -13.9688 6.74812 0.0313051 0.459328 0.887714
0.63624 -13.9993 6.79262 0.0280595 0.460373 0.88728
-0.371064 -14.0978 6.87435 0.0273215 0.466665 0.884012
-1.16487 -14.1218 6.91031 0.0244586 0.466037 0.884427
-2.28664 -14.0826 6.9211 0.0258568 0.462784 0.886094
-3.16807 -14.0106 6.91091 0.0233168 0.465682 0.884641
-4.0011 -14.0038 6.92975 0.0248049 0.463288 0.885861
-4.86201 -14.029 6.96771 0.0259163 0.460746 0.887154
-5.62847 -14.0201 6.98201 0.0212451 0.461702 0.886781
-6.56693 -14.0064 7.00201 0.0213919 0.455289 0.890086
-7.50777 -13.9432 6.99107 0.0190556 0.451718 0.891952
-8.45375 -13.826 6.95359 0.0189072 0.444448 0.895594
-9.4117 -13.752 6.94081 0.0215789 0.436926 0.899229
-10.3134 -13.6977 6.93369 0.0198742 0.434144 0.900624
-11.0828 -13.6623 6.9354 0.0188783 0.425061 0.904968
-11.8585 -13.5816 6.91419 0.0201735 0.424515 0.905196
-12.5969 -13.4593 6.87344 0.0184676 0.417461 0.908507
-13.4684 -13.3237 6.8304 0.016735 0.414819 0.909745
-14.2076 -13.1774 6.77988 0.0200376 0.403745 0.914652
-15.0358 -12.9711 6.70712 0.0214406 0.39853 0.916905
-16.078 -12.8518 6.68112 0.0232215 0.389482 0.920741
-16.7414 -12.5481 6.56911 0.0201333 0.386362 0.922117
-17.1436 -11.5704 6.17666 0.0293297 0.377259 0.925636
-17.4305 -10.7509 5.85775 0.0330138 0.371016 0.928038
-17.6017 -9.885 5.52564 0.0372081 0.361895 0.931476
-17.708 -9.16923 5.25527 0.0437974 0.357574 0.932855
-17.7861 -8.35141 4.94786 0.0491646 0.350373 0.935312
-17.878 -7.5056 4.63677 0.0525299 0.348729 0.935749
-17.9579 -6.75653 4.36441 0.0572976 0.342039 0.937937
-18.0233 -6.01783 4.10099 0.0636132 0.337875 0.939039
-18.0194 -5.29608 3.84398 0.0662735 0.332015 0.940943
-18.0053 -4.50001 3.56395 0.0691229 0.327524 0.942311
-18.0222 -3.60168 3.25364 0.0706265 0.326703 0.942484
-18.0564 -2.86778 3.00366 0.0722115 0.323557 0.943449
-18.0804 -2.14221 2.75862 0.0731468 0.320892 0.944287
-18.1161 -1.40087 2.51011 0.0737597 0.319463 0.944724
-18.0809 -0.672415 2.26234 0.0733002 0.316315 0.945818
-17.2326 -0.605517 2.1754 0.0722666 0.316414 0.945865
-16.4583 -0.698057 2.14727 0.0714557 0.316861 0.945776
-15.5292 -0.806586 2.11647 0.0674264 0.314374 0.946898
-14.6106 -0.894787 2.07784 0.0695077 0.31607 0.946183
-13.7139 -0.93824 2.02789 0.0674183 0.313115 0.947317
-12.741 -1.06463 2.0052 0.0613728 0.311075 0.948401
-11.7893 -1.21117 1.99513 0.0538204 0.307529 0.950015
-10.9097 -1.29196 1.96899 0.0598018 0.31096 0.94854
-10.1562 -1.2808 1.92042 0.0524537 0.304228 0.951154
-9.30164 -1.3275 1.89375 0.0407569 0.305684 0.95126
-8.39137 -1.40822 1.88066 0.0405921 0.301528 0.952591
-7.62837 -1.36649 1.83512 0.0393944 0.30002 0.953119
-6.68936 -1.30153 1.77752 0.0375914 0.301658 0.952675
-5.8657 -1.23925 1.73134 0.0245551 0.287342 0.957513
-5.0517 -1.14846 1.68788 0.0115067 0.288009 0.957559
-4.28243 -1.0491 1.64752 0.014299 0.288024 0.957516
-3.34366 -0.882623 1.58206 0.0121659 0.2772 0.960735
-2.56663 -0.715927 1.53402 -0.00643454 0.270392 0.962729
-1.63689 -0.521633 1.48655 -0.00799151 0.258515 0.965973
-0.501019 -0.230374 1.42641 -0.0135782 0.248397 0.968561
0.451227 0.020988 1.38283 -0.0258336 0.234524 0.971728
1.2731 0.287931 1.34555 -0.0272505 0.227671 0.973357
2.06074 0.708016 1.27707 -0.0410758 0.213958 0.975926
2.92404 1.14549 1.22441 -0.0445211 0.204031 0.977952
3.5801 1.5276 1.18175 -0.0525234 0.191981 0.979991
3.58879 1.5332 1.18113 -0.0535293 0.192614 0.979813
3.00695 2.63155 0.938091 -0.0584375 0.178728 0.982115
3.66107 3.07437 0.902582 -0.0776839 0.16079 0.983927
4.29909 3.48043 0.886584 -0.0772364 0.160529 0.984005
5.01465 3.95454 0.876824 -0.0833663 0.143628 0.986114
5.7134 4.5283 0.859271 -0.087782 0.131526 0.987418
6.27834 5.04536 0.845596 -0.0967727 0.118165 0.988267
6.96887 5.68629 0.845121 -0.100219 0.106835 0.989208
7.51551 6.20399 0.848757 -0.108728 0.0991529 0.989093
8.10672 6.83275 0.857789 -0.111019 0.0827071 0.990342
8.68019 7.46118 0.876476 -0.121342 0.0813581 0.989264
9.32342 8.28175 0.897954 -0.132204 0.0742541 0.988437
9.77115 8.88839 0.916005 -0.138773 0.0666458 0.988073
10.271 9.61146 0.942484 -0.145547 0.0600328 0.987528
10.7462 10.2547 0.97492 -0.154328 0.0630238 0.986008
11.3217 11.0381 1.0199 -0.158647 0.0585695 0.98559
11.8004 11.8362 1.05454 -0.164195 0.0517956 0.985065
12.1894 12.5703 1.08014 -0.176913 0.058117 0.982506
12.5935 13.3074 1.11003 -0.181964 0.0609092 0.981406
13.1327 14.2106 1.16003 -0.18796 0.0566138 0.980544
13.7288 14.6311 1.25151 -0.192833 0.0580594 0.979512
14.4834 14.6314 1.39935 -0.192546 0.0508551 0.979969
15.4197 14.6513 1.58014 -0.191529 0.0448696 0.980453
16.4138 14.6298 1.77166 -0.187903 0.0313268 0.981688
17.3716 14.5857 1.95747 -0.190082 0.0159138 0.981639
18.2516 14.5432 2.12431 -0.185088 0.00815576 0.982686
19.0006 14.5202 2.26501 -0.186854 0.000981678 0.982383
19.5946 13.9176 2.37155 -0.178884 -0.00995074 0.98382
19.6109 13.129 2.36253 -0.172009 -0.0154477 0.984974
19.6112 12.2691 2.33821 -0.156194 -0.0280958 0.987327
19.6597 11.3835 2.31701 -0.136905 -0.0371579 0.989887
19.6628 10.4876 2.28228 -0.134255 -0.0392497 0.990168
19.6806 9.4573 2.23975 -0.119571 -0.0486173 0.991606
19.6715 8.51477 2.19087 -0.107903 -0.0480619 0.992999
19.6618 7.70901 2.14819 -0.0942823 -0.049005 0.994337
19.5959 6.69245 2.09643 -0.0788319 -0.0462041 0.995817
19.5495 5.86253 2.0616 -0.0614007 -0.0335997 0.997495
19.5389 5.03888 2.04112 -0.0539723 -0.028193 0.998129
19.5329 3.8571 2.01419 -0.0363395 -0.0120903 0.999263
19.5783 2.91738 2.00403 -0.0252776 -0.0076343 0.999624
19.6098 2.08474 2.00676 -0.0129393 0.00826344 0.999882
19.5409 0.991756 2.02468 0.00284292 0.0244843 0.999654
19.5458 0.0553587 2.0602 0.014338 0.0455768 0.998811
19.5501 -0.713454 2.1044 0.0157804 0.0738844 0.997142
19.5356 -1.5664 2.16783 0.0254263 0.080711 0.996343
19.5709 -2.46632 2.25703 0.0446231 0.105315 0.993427
19.6144 -3.27822 2.35349 0.0417196 0.146948 0.988264
19.5864 -4.06303 2.47636 0.0543019 0.153066 0.986723
19.6035 -4.97566 2.6361 0.0657237 0.186338 0.980285
19.61 -5.84526 2.80069 0.0846737 0.195177 0.977106
19.5617 -6.64212 2.97153 0.0865972 0.226751 0.970095
19.538 -7.59677 3.20362 0.100597 0.235055 0.966762
19.5606 -8.33852 3.39374 0.102624 0.252916 0.96203
19.5932 -9.07652 3.59369 0.107698 0.276097 0.955077
19.589 -9.93162 3.84575 0.119359 0.283358 0.951557
19.5945 -10.6922 4.07424 0.123729 0.295096 0.94737
19.6214 -11.5248 4.34056 0.126973 0.308264 0.942789
19.6525 -12.284 4.59205 0.136877 0.320601 0.937256
19.6406 -13.221 4.91886 0.143953 0.325456 0.934535
19.686 -13.9989 5.18987 0.150238 0.340327 0.928225
19.3492 -14.8878 5.57494 0.154484 0.346565 0.925217
18.3972 -15.0139 5.77956 0.148857 0.36466 0.919165
17.628 -14.9778 5.88999 0.145032 0.36683 0.918901
16.853 -14.9201 5.9867 0.141555 0.374483 0.916336
16.0344 -14.9535 6.11898 0.128661 0.380428 0.915812
15.0043 -15.0074 6.2806 0.117274 0.394117 0.911547
14.2196 -15.0477 6.39953 0.107745 0.39876 0.910704
13.3223 -15.0604 6.50963 0.102148 0.411105 0.905847
12.5622 -15.0908 6.60776 0.0972469 0.417647 0.90339
11.8056 -15.0495 6.6687 0.0901237 0.422941 0.901664
10.6968 -15.121 6.8089 0.0813463 0.428543 0.899852
9.94207 -15.1583 6.8916 0.0803452 0.44001 0.894379
9.15742 -15.1908 6.97159 0.0729972 0.442929 0.89358
8.36601 -15.1968 7.03423 0.0611803 0.442058 0.89488
7.42161 -15.2266 7.11215 0.0578548 0.447409 0.892452
6.56373 -15.1974 7.15316 0.0573643 0.459483 0.886323
5.71007 -15.1831 7.19506 0.0510769 0.458204 0.887376
4.75369 -15.1691 7.23784 0.0425115 0.461241 0.886256
3.96182 -15.1971 7.29065 0.0428959 0.466702 0.883374
2.90547 -15.2055 7.34584 0.0373621 0.468421 0.882708
1.90419 -15.1081 7.3368 0.0355629 0.475761 0.878839
1.0488 -15.1636 7.39621 0.0268165 0.475408 0.87935
0.117252 -15.2912 7.49493 0.0297375 0.479811 0.876863
-0.648061 -15.3081 7.5291 0.0251516 0.472797 0.880812
-1.41478 -15.3058 7.55069 0.0240864 0.481564 0.87608
-2.24557 -15.2391 7.53758 0.0263843 0.478487 0.877698
-3.03919 -15.1906 7.53562 0.0217543 0.473823 0.880351
-3.85044 -15.1988 7.55971 0.0195 0.474241 0.880178
-4.7779 -15.2258 7.59515 0.022295 0.467447 0.883734
-5.61767 -15.2128 7.60656 0.0197137 0.466192 0.884464
-6.52841 -15.1834 7.60658 0.0164368 0.461104 0.887194
-7.29294 -15.1627 7.60939 0.0153845 0.461178 0.887174
-8.11545 -15.0823 7.58104 0.013065 0.454955 0.890419
-9.12673 -14.9816 7.5438 0.0128523 0.453211 0.891311
-10.0293 -14.9476 7.54017 0.0145965 0.450823 0.892494
-10.8778 -14.9218 7.53831 0.0125977 0.44298 0.896443
-11.9028 -14.8435 7.51412 0.0127626 0.434164 0.900743
-12.8003 -14.7004 7.45748 0.0123985 0.428216 0.903591
-13.6241 -14.6191 7.42844 0.00644593 0.422947 0.906131
-14.4833 -14.5057 7.38395 0.00733752 0.41724 0.908767
-15.2437 -14.3538 7.32054 0.00709353 0.410003 0.912056
-16.2161 -14.5701 7.41911 -0.00050647 0.402378 0.915464
-16.7701 -15.0591 7.63019 -0.00899343 0.397076 0.917732
-17.6548 -15.1486 7.65935 -0.00866357 0.387742 0.921724
-18.4671 -14.5784 7.41429 -0.0103439 0.380263 0.92482
-18.4299 -13.7442 7.07604 0.00197654 0.374802 0.927091
-18.575 -13.0133 6.7834 0.00983244 0.373346 0.92763
-18.6028 -12.2112 6.46621 0.0188662 0.365362 0.930674
-18.8085 -11.2857 6.11054 0.0219048 0.362951 0.931541
-18.9218 -10.4424 5.78829 0.0299651 0.355569 0.934156
-19.0275 -9.73931 5.52728 0.0377438 0.347825 0.936799
-19.1042 -9.00449 5.25681 0.0402961 0.346479 0.937192
-19.1544 -8.235 4.97494 0.0488558 0.343351 0.937936
-19.2399 -7.50481 4.71333 0.0492926 0.340395 0.938989
-19.3087 -6.76828 4.45292 0.0604817 0.336812 0.939627
-19.4134 -5.92744 4.16136 0.0610885 0.330698 0.941757
-19.323 -5.17709 3.89242 0.0662351 0.328254 0.942259
-19.3282 -4.39866 3.62422 0.0670761 0.325377 0.943202
-19.3888 -3.58775 3.35055 0.0693305 0.321508 0.944363
-19.3994 -2.73477 3.06196 0.0713937 0.321168 0.944327
-19.3923 -1.88838 2.77478 0.073051 0.319392 0.944803
-19.4389 -1.08295 2.50639 0.0742744 0.318445 0.945027
-19.5316 -0.237293 2.22894 0.0738983 0.317565 0.945353
-19.5141 0.489591 1.98352 0.072466 0.31822 0.945243
-19.0531 1.02158 1.76952 0.0719015 0.316793 0.945765
-18.2783 0.906397 1.74985 0.0701767 0.316335 0.946048
-17.357 0.729546 1.74045 0.0693856 0.314265 0.946796
-16.3999 0.578397 1.72145 0.0660194 0.309687 0.948544
-15.4199 0.460876 1.69154 0.0661279 0.309656 0.948546
-14.459 0.374219 1.65401 0.0638994 0.304988 0.95021
-13.6606 0.312486 1.62089 0.0635261 0.299687 0.95192
-12.9062 0.246149 1.5949 0.0569408 0.298622 0.952671
-11.9371 0.0670851 1.59723 0.0516359 0.299228 0.952784
-11.092 -0.0273093 1.57874 0.0528806 0.296092 0.953692
-10.2386 -0.0133826 1.52829 0.0487102 0.291597 0.9553
-9.43259 -0.0122574 1.49092 0.0420762 0.286796 0.957067
-8.66439 -0.0389709 1.46714 0.0362041 0.283412 0.958315
-7.69597 -0.0642573 1.44072 0.033144 0.280543 0.959269
-6.94172 -0.0411997 1.40869 0.022196 0.274636 0.961273
-5.73903 0.0572493 1.35342 0.0241572 0.267114 0.963361
-4.92765 0.148589 1.31033 0.0157167 0.254224 0.967001
-4.05727 0.294371 1.26586 0.00600742 0.252681 0.967531
-3.31078 0.423792 1.22977 -0.00305852 0.254798 0.966978
-2.49482 0.554557 1.2018 -0.00374401 0.244063 0.96975
-1.65855 0.805288 1.14603 -0.00977436 0.229406 0.973282
-0.735102 1.0075 1.11631 -0.0251819 0.234746 0.971731
0.044773 1.24739 1.08193 -0.0339238 0.219106 0.975096
0.908946 1.55048 1.04787 -0.0373015 0.214425 0.976027
1.62757 1.90199 1.00448 -0.043971 0.200094 0.97879
2.3762 2.29022 0.968345 -0.0554697 0.187049 0.980782
2.69821 2.46854 0.952124 -0.0542609 0.187205 0.980821
2.14293 3.62836 0.71226 -0.0592528 0.16339 0.984767
1.36033 3.19239 0.746122 -0.0552893 0.178891 0.982314
0.418465 2.74255 0.780651 -0.0472675 0.187469 0.981124
-0.437727 2.44378 0.807505 -0.0372316 0.20128 0.978826
-1.33984 2.16524 0.837894 -0.0182792 0.213109 0.976857
-2.23459 1.95239 0.867224 -0.0212805 0.228648 0.973277
-3.09198 1.7336 0.901019 -0.018818 0.228269 0.973416
-3.87557 1.60991 0.927632 -0.00451595 0.24312 0.969986
-4.72907 1.53104 0.945505 0.00569531 0.254714 0.966979
-5.53048 1.41436 0.983596 0.00660404 0.26112 0.965284
-6.41392 1.26629 1.0343 0.01086 0.263501 0.964598
-7.19628 1.22343 1.05748 0.0145446 0.264092 0.964388
-8.39133 1.23205 1.08426 0.0233304 0.267999 0.963131
-9.15857 1.26937 1.10001 0.0394892 0.278227 0.959703
-9.9144 1.24816 1.13733 0.0438153 0.284051 0.957804
-10.7358 1.25508 1.17505 0.0435789 0.283412 0.958007
-11.5879 1.31593 1.19644 0.0458702 0.287618 0.956646
-12.3909 1.45586 1.19269 0.0485178 0.290039 0.955777
-13.1647 1.56309 1.20003 0.05045 0.294465 0.954328
-14.0423 1.62076 1.23184 0.0562837 0.297036 0.953206
-14.9952 1.68252 1.27002 0.0592286 0.303375 0.951029
-16.17 1.81518 1.3024 0.0618575 0.307234 0.94962
-17.0336 1.93864 1.32082 0.0650659 0.308438 0.949017
-17.8421 2.09922 1.32352 0.0659488 0.312128 0.947748
-18.6979 2.24723 1.33408 0.0666419 0.315131 0.946706
-19.4812 2.37463 1.34701 0.067765 0.31991 0.945021
-20.7205 2.19708 1.4971 0.0674174 0.323069 0.943971
-20.8274 1.43388 1.76567 0.0731328 0.320139 0.944543
-20.8474 0.691902 2.01813 0.0728035 0.318306 0.945188
-20.8245 -0.114868 2.28817 0.0732764 0.318611 0.945049
-20.7901 -1.01495 2.58897 0.0717269 0.31795 0.94539
-20.7536 -1.77521 2.84144 0.0710832 0.317118 0.945718
-20.7568 -2.62208 3.12589 0.0701811 0.31752 0.945651
-20.7168 -3.38929 3.38099 0.0689812 0.318637 0.945363
-20.6921 -4.11591 3.6243 0.0660077 0.319797 0.945184
-20.7021 -5.07585 3.95177 0.0640062 0.322789 0.944304
-20.7623 -5.88613 4.23317 0.0607468 0.32335 0.944328
-20.7107 -6.65669 4.49718 0.0569749 0.329179 0.942547
-20.6461 -7.62583 4.83339 0.0525118 0.331768 0.941898
-20.5917 -8.49592 5.13787 0.0419302 0.331526 0.942514
-20.57 -9.21555 5.39474 0.0394545 0.338983 0.939962
-20.4431 -10.1215 5.71942 0.0312499 0.344272 0.93835
-20.4472 -10.8263 5.97782 0.0244851 0.342708 0.939117
-20.3988 -11.6483 6.28374 0.021424 0.351706 0.935865
-20.3809 -12.4322 6.57567 0.00773504 0.352625 0.935733
-20.3452 -13.3489 6.92248 0.00146226 0.356267 0.93437
-20.3312 -14.1729 7.23977 -0.00549437 0.358745 0.933415
-20.4292 -14.9688 7.54837 -0.0116984 0.36539 0.930778
-20.5215 -15.6651 7.81713 -0.0231668 0.359295 0.932936
-19.7947 -15.9637 7.95432 -0.0266925 0.367041 0.929822
-18.9896 -16.2669 8.09762 -0.0242707 0.382283 0.923726
-18.4245 -16.8475 8.35617 -0.0315309 0.385433 0.922197
-17.7637 -17.2393 8.54591 -0.0331931 0.393037 0.918917
-16.7504 -16.8091 8.39415 -0.0323344 0.406796 0.912926
-16.15 -16.1846 8.13153 -0.021493 0.404122 0.914453
-15.4404 -15.9484 8.03794 -0.0149307 0.414522 0.909898
-14.6507 -16.0197 8.07816 -0.00668671 0.42252 0.906329
-13.8717 -16.0405 8.09546 -0.00683113 0.426345 0.904529
-12.7772 -16.0997 8.12749 -0.00705231 0.43251 0.901565
-11.9836 -16.135 8.14532 0.00118674 0.445094 0.895483
-10.9876 -16.1354 8.14493 0.00252707 0.45077 0.892636
-10.0848 -16.188 8.16872 0.0015379 0.462429 0.886655
-9.23407 -16.2302 8.18922 0.0018489 0.462661 0.886533
-8.46719 -16.2485 8.19439 0.00274723 0.47033 0.882486
-7.71141 -16.3371 8.23736 0.00679402 0.476997 0.878878
-6.84803 -16.3729 8.24866 0.00897966 0.476279 0.879248
-5.72851 -16.3821 8.24088 0.0118009 0.481549 0.876336
-4.73289 -16.4271 8.25113 0.0153306 0.483306 0.875317
-3.9196 -16.3879 8.21343 0.0178624 0.484799 0.874443
-2.90656 -16.3282 8.15758 0.0211734 0.484095 0.874759
-1.91239 -16.426 8.18847 0.0237698 0.493978 0.869149
-1.09767 -16.463 8.18501 0.0286506 0.492929 0.86957
-0.340729 -16.4582 8.15824 0.0276367 0.497521 0.867012
0.412557 -16.4065 8.10477 0.0260304 0.48959 0.871561
1.35974 -16.3775 8.05136 0.0342971 0.486207 0.873168
2.21215 -16.3255 7.99001 0.0385845 0.486043 0.873066
3.07866 -16.3727 7.97331 0.0450503 0.489692 0.870731
3.94057 -16.3844 7.9356 0.0477446 0.480885 0.875483
4.77035 -16.324 7.85695 0.0510596 0.475766 0.878089
5.56893 -16.3325 7.81192 0.0604433 0.476844 0.876907
6.69534 -16.3533 7.75037 0.054512 0.469586 0.881202
7.45591 -16.4045 7.72148 0.0668805 0.466075 0.882212
8.21699 -16.3872 7.65394 0.0730212 0.464407 0.882591
9.11294 -16.3329 7.54802 0.080065 0.454587 0.887096
9.95641 -16.3278 7.46695 0.0851312 0.448498 0.88972
10.7275 -16.3207 7.38649 0.0880542 0.436712 0.895281
11.519 -16.2623 7.27499 0.099714 0.434168 0.895279
12.5296 -16.3101 7.17808 0.109872 0.430087 0.896075
13.4556 -16.2522 7.03848 0.11548 0.414797 0.902517
14.3315 -16.2617 6.92248 0.119412 0.409572 0.904397
15.1047 -16.2859 6.82182 0.134329 0.398311 0.907361
15.8476 -16.1436 6.64725 0.145495 0.390768 0.908916
16.7063 -16.1269 6.50464 0.146896 0.377794 0.914146
17.6653 -16.1881 6.36997 0.152749 0.376324 0.913808
18.4706 -16.2758 6.26525 0.160232 0.365349 0.916973
19.4062 -16.199 6.06659 0.167188 0.358471 0.918431
20.1461 -16.1762 5.92473 0.168031 0.355215 0.919558
20.886 -15.8586 5.67065 0.165532 0.345647 0.923649
21.0389 -14.9557 5.30986 0.160494 0.337621 0.927479
21.0019 -14.1454 5.02658 0.152381 0.328302 0.932201
20.9292 -13.183 4.70217 0.149606 0.321079 0.935141
20.9398 -12.4503 4.45366 0.142806 0.3097 0.940049
20.9229 -11.5943 4.17937 0.138083 0.301124 0.943532
20.8981 -10.4747 3.83614 0.129211 0.293469 0.947196
20.9239 -9.37291 3.51732 0.118462 0.263156 0.957453
20.8749 -8.51305 3.29382 0.113915 0.246941 0.962312
20.8451 -7.75557 3.10554 0.100617 0.234838 0.966813
20.8701 -6.75016 2.87669 0.0970306 0.209915 0.972893
20.9073 -5.89788 2.69741 0.0906571 0.188333 0.977912
20.9379 -4.98408 2.52642 0.0771744 0.179187 0.980783
20.875 -3.90533 2.36391 0.0734274 0.131994 0.988527
20.9129 -3.06725 2.25397 0.0638403 0.113384 0.991498
20.9107 -2.02257 2.15551 0.0512282 0.0720073 0.996087
20.9035 -1.23432 2.09824 0.0439699 0.0581939 0.997206
20.863 -0.125656 2.04964 0.0303704 0.0400683 0.998703
20.8403 0.989756 2.023 0.00154508 0.0202882 0.999785
20.8972 1.85122 2.01849 -0.00652721 -0.00356472 0.999945
20.8865 2.68202 2.03121 -0.0164205 -0.0241311 0.999574
20.8617 3.43344 2.0495 -0.0339599 -0.0252667 0.999104
20.8523 4.2976 2.07519 -0.0414058 -0.0358465 0.998499
20.8745 5.28765 2.11859 -0.0527984 -0.0498394 0.997361
20.9187 6.12286 2.16325 -0.0699877 -0.0531624 0.99613
20.9695 6.98225 2.21303 -0.0769219 -0.0603344 0.995165
20.9647 7.82976 2.27153 -0.08767 -0.0685614 0.993778
20.9168 8.66819 2.3259 -0.0979958 -0.0734495 0.992473
20.9422 9.54027 2.38939 -0.107309 -0.0744181 0.991415
20.9362 10.3874 2.44303 -0.125474 -0.0613602 0.990198
20.9462 11.2638 2.4944 -0.136576 -0.0491242 0.98941
20.9205 12.4234 2.54605 -0.150335 -0.0461956 0.987555
20.8953 13.4563 2.58246 -0.159125 -0.0326649 0.986718
20.9661 14.4648 2.62299 -0.17993 -0.0163878 0.983543
20.9519 15.3019 2.63193 -0.187034 -0.00672335 0.982331
20.5402 15.8295 2.55307 -0.193754 0.00695339 0.981026
19.7761 15.8736 2.40373 -0.193732 0.0112686 0.980971
19.0234 15.8183 2.25677 -0.189083 0.0201058 0.981755
18.2756 15.8312 2.10858 -0.195384 0.0276473 0.980336
17.4093 15.8675 1.93146 -0.201173 0.0330398 0.978998
16.5261 15.9269 1.74769 -0.202508 0.0383 0.978531
15.637 15.9761 1.56367 -0.201354 0.0438684 0.978536
14.8054 15.9343 1.39421 -0.203417 0.059346 0.977292
13.9428 15.9671 1.21316 -0.203397 0.0626231 0.977092
12.9863 15.925 1.01581 -0.207434 0.0722709 0.975576
12.3645 15.5538 0.914645 -0.200803 0.0737869 0.976848
11.9712 14.8468 0.889013 -0.194386 0.076538 0.977933
11.5989 14.1518 0.867711 -0.18759 0.070069 0.979745
11.1681 13.4293 0.840204 -0.182267 0.0742422 0.980442
10.7668 12.7608 0.815613 -0.174311 0.0711599 0.982116
10.3409 11.9736 0.796957 -0.166308 0.0664833 0.98383
9.91351 11.2544 0.776112 -0.163929 0.072449 0.983808
9.29441 10.4937 0.733914 -0.158092 0.0775475 0.984375
8.80008 9.81564 0.71075 -0.143179 0.0735524 0.98696
8.37428 9.13497 0.703041 -0.139466 0.0815685 0.986862
7.70255 8.29616 0.681475 -0.129928 0.0855482 0.987811
7.08129 7.62651 0.663928 -0.121002 0.0954475 0.988046
6.56086 7.07779 0.655604 -0.11761 0.0965906 0.988351
6.01578 6.5475 0.648551 -0.107254 0.103427 0.988837
5.44679 6.03066 0.646081 -0.102442 0.118128 0.9877
4.66747 5.34987 0.655635 -0.0933569 0.130265 0.98707
4.03675 4.8444 0.665431 -0.0903791 0.135776 0.986603
3.26274 4.31939 0.680114 -0.076847 0.153464 0.985146
2.61767 3.92611 0.693941 -0.0730082 0.152463 0.985609
2.21292 3.67207 0.709441 -0.0591866 0.158295 0.985616
1.52507 4.72637 0.485319 -0.0731822 0.161741 0.984111
0.586627 4.20233 0.515734 -0.0521884 0.179145 0.982438
-0.192832 3.89562 0.532832 -0.0480803 0.182131 0.982098
-1.0026 3.62159 0.550564 -0.0447042 0.197842 0.979214
-1.80697 3.42222 0.557872 -0.035244 0.198194 0.979529
-2.75903 3.14019 0.585175 -0.0319641 0.217637 0.975506
-3.74266 2.90045 0.614721 -0.0167916 0.230424 0.972945
-4.49109 2.85241 0.613624 -0.0108251 0.235076 0.971895
-5.25481 2.7983 0.620574 -0.0050191 0.243809 0.969791
-6.22312 2.609 0.672311 0.010969 0.249224 0.968365
-6.97179 2.53445 0.701809 0.011532 0.254794 0.966926
-7.84517 2.55704 0.707279 0.0164935 0.255906 0.966561
-8.67279 2.57999 0.71611 0.0212365 0.25737 0.96608
-9.6884 2.56142 0.751389 0.0349491 0.275157 0.960764
-10.5617 2.53532 0.792411 0.0389298 0.274903 0.960683
-11.6064 2.61645 0.809177 0.0388131 0.282549 0.958467
-12.3637 2.72408 0.807032 0.0414313 0.287166 0.956967
-13.14 2.85589 0.804452 0.0449262 0.289398 0.956152
-14.2488 2.9081 0.841844 0.0499842 0.299138 0.9529
-15.0554 2.97327 0.864483 0.0546907 0.302344 0.951629
-15.9617 3.08309 0.882326 0.0548215 0.305904 0.950483
-17.0096 3.25977 0.886816 0.0573217 0.313305 0.947921
-17.8818 3.41939 0.888013 0.0578194 0.31542 0.947184
-18.7481 3.51917 0.909392 0.0599024 0.320436 0.945372
-19.5131 3.66859 0.908492 0.0621068 0.324123 0.943974
-20.4504 3.74841 0.943134 0.0621979 0.332699 0.94098
-21.2634 3.79585 0.980197 0.0624063 0.332698 0.940966
-22.098 3.65533 1.08767 0.0678845 0.332912 0.940511
-22.0893 2.7889 1.39181 0.0670464 0.32757 0.942443
-22.1402 1.9389 1.68989 0.0682709 0.326953 0.942571
-22.2064 0.984005 2.02094 0.0703923 0.320772 0.944536
-22.2196 0.206476 2.28554 0.0697562 0.319472 0.945024
-22.1744 -0.621744 2.56074 0.0698934 0.317276 0.945754
-22.1437 -1.47395 2.84367 0.0695049 0.315994 0.946212
-22.0845 -2.43374 3.15967 0.068336 0.315846 0.946346
-22.094 -3.20387 3.41662 0.0664417 0.31468 0.94687
-22.0685 -3.97137 3.67087 0.0645883 0.316209 0.946488
-22.0613 -4.7361 3.92608 0.0619315 0.318016 0.94606
-22.1378 -5.55455 4.20695 0.057854 0.319629 0.945773
-22.1003 -6.54316 4.53838 0.0511756 0.321397 0.945561
-22.0298 -7.42294 4.83327 0.0474264 0.319858 0.946278
-22.0152 -8.20279 5.09891 0.0395131 0.322802 0.945641
-22.0061 -8.94453 5.35368 0.0351608 0.327664 0.94414
-21.9109 -9.99027 5.71638 0.0287916 0.335376 0.941635
-21.8973 -10.9067 6.04087 0.0197083 0.332114 0.943033
-21.8851 -11.769 6.35117 0.0135592 0.337532 0.941214
-21.8873 -12.487 6.61112 0.00757508 0.339833 0.940455
-21.9278 -13.5436 6.99489 0.000842168 0.341175 0.94
-21.9166 -14.3074 7.27676 -0.0130409 0.344005 0.938877
-21.9359 -15.1237 7.57765 -0.0184668 0.350598 0.936326
-22.0542 -16.1046 7.93931 -0.0344345 0.345382 0.93783
-22.0604 -17.0533 8.29181 -0.0407125 0.349938 0.935887
-21.2462 -17.41 8.46377 -0.0468403 0.35675 0.933025
-20.4463 -17.4821 8.53043 -0.0471519 0.362175 0.930917
-19.5286 -17.6515 8.64316 -0.0453715 0.377831 0.924762
-18.7933 -17.9321 8.79586 -0.0458468 0.382931 0.922639
-17.9511 -18.4986 9.07892 -0.0494396 0.390517 0.919267
-17.0152 -18.3113 9.0473 -0.0505979 0.413914 0.908909
-16.4268 -17.813 8.8531 -0.0492015 0.413689 0.909087
-15.6593 -17.506 8.7447 -0.0392305 0.418231 0.907493
-14.6763 -17.4628 8.75496 -0.0278586 0.427442 0.903613
-13.9314 -17.413 8.75141 -0.014554 0.437432 0.899134
-13.1651 -17.3947 8.75649 -0.0181411 0.439509 0.898055
-12.3219 -17.3965 8.77293 -0.013539 0.449659 0.893098
-11.4554 -17.3606 8.76772 -0.0121943 0.453587 0.891128
-10.5982 -17.3956 8.79595 -0.0103235 0.469712 0.88276
-9.62847 -17.4509 8.83873 -0.0137477 0.470755 0.882157
-8.80501 -17.4512 8.84437 -0.00168583 0.479591 0.87749
-8.00339 -17.5143 8.88036 -0.00160857 0.479553 0.877511
-7.09553 -17.5796 8.9189 0.000866834 0.485662 0.874146
-6.29128 -17.5311 8.8893 0.00925404 0.493759 0.869549
-5.45339 -17.5623 8.89817 0.00979618 0.493899 0.869464
-4.43004 -17.5917 8.90183 0.00925681 0.501265 0.865242
-3.59199 -17.5187 8.84904 0.0115856 0.502787 0.864332
-2.53506 -17.5688 8.86115 0.0157749 0.502234 0.864588
-1.73554 -17.6067 8.86249 0.0219287 0.508614 0.860701
-0.803039 -17.6041 8.83864 0.0231619 0.504596 0.863033
0.140369 -17.5924 8.80042 0.0289654 0.504642 0.862842
1.04169 -17.5665 8.74958 0.0367596 0.509463 0.8597
2.21825 -17.513 8.66352 0.0383574 0.502251 0.863842
2.98516 -17.5336 8.6337 0.0476091 0.49283 0.868822
3.81812 -17.5407 8.59052 0.0520422 0.496424 0.866507
4.7873 -17.5126 8.51309 0.0571705 0.494014 0.867572
5.64098 -17.5317 8.4678 0.0595523 0.486952 0.871396
6.51482 -17.5359 8.40559 0.064773 0.483066 0.873172
7.44044 -17.5442 8.33801 0.0747779 0.47996 0.874085
8.21483 -17.6126 8.30695 0.0769858 0.473541 0.877391
8.95582 -17.4729 8.1599 0.0933604 0.465572 0.880072
9.94192 -17.4689 8.05231 0.0975329 0.457416 0.883888
10.6914 -17.485 7.97684 0.108775 0.452311 0.885202
11.5635 -17.4604 7.86208 0.111267 0.442314 0.889898
12.4042 -17.4641 7.75265 0.120938 0.43577 0.891888
13.1976 -17.454 7.63859 0.125614 0.425929 0.895966
14.0028 -17.4868 7.53247 0.137181 0.416974 0.898507
14.7866 -17.4965 7.413 0.137658 0.407801 0.902634
15.7333 -17.4765 7.2467 0.155594 0.399631 0.903371
16.5746 -17.4099 7.07021 0.162798 0.395528 0.903911
17.364 -17.4062 6.92856 0.16849 0.379655 0.909656
18.1136 -17.4517 6.8081 0.170066 0.379916 0.909253
18.9672 -17.4767 6.65787 0.169717 0.368562 0.913979
19.7945 -17.4073 6.46947 0.175252 0.363749 0.914835
20.7376 -17.3816 6.27544 0.181441 0.355177 0.917019
21.5507 -17.4042 6.12708 0.178311 0.348753 0.920094
22.1804 -17.0667 5.88096 0.173747 0.342166 0.923436
22.2641 -16.3587 5.60413 0.171636 0.338832 0.925059
22.2985 -15.554 5.30528 0.166313 0.333517 0.927958
22.3279 -14.6401 4.97547 0.158232 0.325479 0.932214
22.262 -13.7814 4.69117 0.153514 0.316588 0.936058
22.1999 -12.9992 4.43705 0.150387 0.310265 0.938652
22.2326 -12.2621 4.19395 0.148457 0.301358 0.941883
22.2221 -11.4047 3.92706 0.142702 0.287292 0.94711
22.2315 -10.5169 3.66332 0.130871 0.276936 0.951884
22.2297 -9.69322 3.43233 0.128754 0.260128 0.956913
22.2306 -8.86587 3.21743 0.119667 0.244149 0.962313
22.1359 -7.99432 3.01685 0.113578 0.221947 0.968421
22.1905 -7.11517 2.81477 0.117886 0.209743 0.970624
22.2276 -6.10765 2.60928 0.100399 0.183259 0.977925
22.2439 -5.18146 2.44515 0.0986264 0.161181 0.981984
22.2097 -4.41108 2.3257 0.0931888 0.139642 0.985675
22.196 -3.57706 2.22023 0.0861006 0.124439 0.988476
22.1995 -2.68299 2.12359 0.069121 0.0786476 0.994503
22.2109 -1.88832 2.06941 0.0576505 0.0470152 0.99722
22.2252 -1.05592 2.02905 0.0570637 0.0417931 0.997468
22.1992 -0.0259429 2.0109 0.0399809 0.00258543 0.999191
22.1763 0.891171 2.00932 0.0231334 -0.00955888 0.999687
22.1783 1.89167 2.02374 0.00289565 -0.0254836 0.999671
22.2092 2.73087 2.05057 -0.00763623 -0.0398211 0.999123
22.1738 3.65495 2.08484 -0.0202659 -0.0497035 0.998558
22.147 4.54365 2.1288 -0.0260253 -0.0594392 0.997845
22.2025 5.38193 2.18344 -0.0338166 -0.0610617 0.997561
22.2308 6.20229 2.24322 -0.052506 -0.0727076 0.99597
22.2765 6.96054 2.30667 -0.0679466 -0.0808595 0.994407
22.2577 7.7138 2.37193 -0.0748177 -0.0855042 0.993488
22.1775 8.56314 2.43751 -0.0900451 -0.0897186 0.991846
22.2372 9.32784 2.51436 -0.116937 -0.0863395 0.989379
22.2716 10.1649 2.58924 -0.118604 -0.0791602 0.989781
22.2879 11.0948 2.66274 -0.145443 -0.0748588 0.986531
22.2613 11.9555 2.72156 -0.143255 -0.0688958 0.987285
22.2301 12.8733 2.772 -0.154454 -0.0603564 0.986155
22.26 13.7379 2.82302 -0.164121 -0.0521129 0.985063
22.3349 14.6138 2.87324 -0.171474 -0.0364525 0.984486
22.2993 15.444 2.8931 -0.186769 -0.029166 0.981971
22.2793 16.2944 2.8996 -0.196523 -0.00294437 0.980495
22.0976 17.0357 2.86637 -0.199853 -0.00510753 0.979813
21.3131 17.1727 2.70467 -0.206719 0.0053601 0.978386
20.3777 17.2445 2.50591 -0.210647 0.00962943 0.9775
19.6297 17.2128 2.34838 -0.202973 0.0233241 0.978906
18.8832 17.1546 2.19582 -0.205376 0.0292331 0.978216
18.1276 17.1712 2.03333 -0.207608 0.0353061 0.977575
17.3195 17.1805 1.86006 -0.21215 0.0382181 0.97649
16.3863 17.2734 1.65811 -0.210846 0.0484216 0.976309
15.4858 17.2703 1.4627 -0.213481 0.0571342 0.975275
14.4894 17.2101 1.24898 -0.21687 0.0666858 0.97392
13.5726 17.3206 1.03829 -0.21233 0.0724746 0.974506
12.7701 17.2827 0.864579 -0.213027 0.080245 0.973745
11.9547 17.1564 0.696825 -0.210603 0.0858266 0.973795
11.365 16.5385 0.625958 -0.205519 0.0880957 0.97468
10.9989 15.8612 0.611015 -0.200147 0.0890478 0.975709
10.6706 15.1231 0.609909 -0.191756 0.0815131 0.97805
10.2906 14.4318 0.595085 -0.186231 0.0845025 0.978865
9.85233 13.8059 0.566056 -0.18358 0.0817376 0.9796
9.46944 13.0721 0.558856 -0.177854 0.085787 0.98031
9.08265 12.3338 0.551485 -0.169152 0.0816596 0.982198
8.52391 11.5557 0.523781 -0.162687 0.0820768 0.983258
7.9666 10.8698 0.494771 -0.155557 0.0905133 0.983671
7.52367 10.2233 0.484339 -0.143441 0.0889134 0.985657
6.95091 9.33773 0.484835 -0.138447 0.0942027 0.985879
6.39407 8.74522 0.467383 -0.130443 0.0984335 0.986556
5.85341 8.2007 0.451965 -0.123957 0.103866 0.986824
5.31397 7.62092 0.451682 -0.112073 0.111872 0.987383
4.56158 6.91669 0.450755 -0.107947 0.123383 0.986467
3.78292 6.26922 0.450861 -0.104002 0.129077 0.986166
3.07906 5.74043 0.457283 -0.0892332 0.139435 0.986203
2.38377 5.25971 0.468553 -0.0803804 0.149786 0.985446
1.62991 4.79087 0.482821 -0.0762992 0.162105 0.983819
0.88128 5.85319 0.252671 -0.0776149 0.160232 0.984015
1.57379 6.2593 0.248304 -0.0851049 0.148852 0.98519
2.21477 6.66605 0.244721 -0.0889548 0.141902 0.985876
2.82284 7.11285 0.241985 -0.0997697 0.132854 0.986101
3.44563 7.62499 0.239129 -0.107288 0.122629 0.986636
4.08464 8.16434 0.243874 -0.119184 0.119422 0.985655
4.68232 8.75576 0.247615 -0.12205 0.112304 0.986145
5.17253 9.34579 0.242822 -0.128089 0.10855 0.98579
5.84616 9.92391 0.272564 -0.134383 0.105004 0.98535
6.39532 10.8031 0.260774 -0.146945 0.103252 0.983737
6.79495 11.5289 0.246166 -0.153093 0.101301 0.983006
7.30449 12.1087 0.272485 -0.161683 0.0972588 0.982038
7.78563 12.6925 0.296055 -0.168885 0.0927821 0.981254
8.14497 13.367 0.294634 -0.177583 0.0914933 0.979844
8.43972 14.1262 0.274786 -0.183736 0.101276 0.977741
8.95695 14.7514 0.309572 -0.187366 0.0969066 0.977494
9.37707 15.3817 0.328463 -0.196411 0.0997603 0.975425
9.68191 16.0671 0.322729 -0.200279 0.100372 0.974576
10.0034 16.7635 0.318104 -0.205334 0.0989789 0.973673
10.4557 17.3976 0.34969 -0.20795 0.0975347 0.973261
10.8266 18.0637 0.362385 -0.216406 0.100132 0.971152
11.3725 18.5422 0.436031 -0.219446 0.0980439 0.970682
12.1342 18.5915 0.605369 -0.22204 0.0881165 0.971044
12.8836 18.6088 0.775534 -0.226099 0.0854791 0.970339
13.6275 18.6436 0.946842 -0.226154 0.0794203 0.970848
14.3609 18.5554 1.1238 -0.225292 0.069018 0.971843
15.111 18.5093 1.30176 -0.22694 0.0648845 0.971737
15.9677 18.5563 1.49446 -0.221357 0.0565837 0.973546
16.7377 18.5193 1.67048 -0.221143 0.0491848 0.973995
17.564 18.5076 1.85709 -0.219878 0.0426861 0.97458
18.3924 18.5125 2.04045 -0.217513 0.0393364 0.975264
19.1515 18.5504 2.20855 -0.223056 0.0323853 0.974263
19.9818 18.5582 2.39335 -0.219898 0.0241886 0.975214
20.7625 18.5673 2.56989 -0.216812 0.0193017 0.976023
21.8738 18.4851 2.8143 -0.20992 0.00957865 0.977671
22.9337 18.5382 3.04097 -0.208054 0.00559444 0.978101
23.5318 18.0523 3.16693 -0.20636 -0.00434524 0.978467
23.5389 17.2317 3.16288 -0.205316 -0.00884361 0.978656
23.5846 16.3179 3.15993 -0.197442 -0.0271977 0.979922
23.5718 15.2947 3.12342 -0.195957 -0.034219 0.980011
23.5588 14.2171 3.06655 -0.173231 -0.0540197 0.983374
23.5594 13.4553 3.02371 -0.157676 -0.0755374 0.984598
23.5316 12.529 2.95274 -0.151069 -0.0728402 0.985836
23.5364 11.7595 2.89454 -0.145152 -0.081358 0.986059
23.5516 10.8983 2.82128 -0.133817 -0.0917453 0.98675
23.5836 9.85823 2.71891 -0.119856 -0.102774 0.987451
23.5156 8.89739 2.59701 -0.0882561 -0.126932 0.987902
23.5747 7.72486 2.4664 -0.0727152 -0.107341 0.991546
23.5782 6.90128 2.37558 -0.0550525 -0.0969672 0.993764
23.54 6.10991 2.29576 -0.0309647 -0.092642 0.995197
23.5172 5.24678 2.21715 -0.0256539 -0.0855444 0.995994
23.4414 4.39187 2.15157 -0.0212831 -0.0682066 0.997444
23.5425 3.36283 2.08852 -0.00963203 -0.058099 0.998264
23.5806 2.47657 2.03851 -0.00681817 -0.0556562 0.998427
23.4841 1.59558 2.00162 0.0153649 -0.0414457 0.999023
23.4887 0.795578 1.97684 0.0318464 -0.0251752 0.999176
23.5233 -0.0375391 1.96306 0.0412588 -0.00638081 0.999128
23.5332 -0.850437 1.95657 0.0504924 0.00304516 0.998699
23.5585 -1.65971 1.97415 0.0627018 0.0443812 0.997045
23.4948 -2.5283 2.0249 0.0683439 0.0635226 0.995624
23.5176 -3.51804 2.10646 0.0683793 0.104383 0.992184
23.5534 -4.38807 2.20406 0.0902228 0.120613 0.988579
23.5381 -5.22676 2.32194 0.101259 0.142573 0.984591
23.5486 -6.01718 2.45329 0.106251 0.172885 0.979194
23.5574 -7.0341 2.64359 0.117849 0.191255 0.97444
23.4377 -7.95128 2.84927 0.125755 0.215536 0.968365
23.5487 -8.80958 3.03232 0.123045 0.232317 0.964826
23.5529 -9.53742 3.21302 0.140042 0.248453 0.958467
23.5579 -10.3998 3.44562 0.14021 0.26618 0.953672
23.5621 -11.1305 3.65236 0.148684 0.274712 0.949961
23.5168 -12.0487 3.92856 0.15138 0.285775 0.946265
23.5237 -12.808 4.1632 0.162426 0.301074 0.939666
23.5178 -13.7043 4.45656 0.155136 0.31051 0.937825
23.5868 -14.4732 4.70279 0.157034 0.315947 0.935687
23.5928 -15.4106 5.02638 0.162039 0.326289 0.931278
23.5593 -16.3092 5.35129 0.164489 0.334133 0.928062
23.539 -17.0503 5.62155 0.171026 0.336714 0.925945
23.4584 -17.9937 5.97925 0.177902 0.338399 0.924033
23.1053 -18.5703 6.25777 0.179262 0.332994 0.925731
22.0656 -18.667 6.50026 0.186338 0.341873 0.921081
20.9723 -18.6463 6.71508 0.188227 0.351474 0.917075
20.2092 -18.6227 6.86454 0.189777 0.358425 0.914066
19.3398 -18.6596 7.0606 0.191015 0.36592 0.910832
18.6029 -18.6493 7.21038 0.186507 0.378318 0.906692
17.6884 -18.6716 7.40582 0.185045 0.386267 0.903635
16.9085 -18.5689 7.51419 0.176645 0.396447 0.90089
15.8977 -18.6824 7.7565 0.165857 0.407449 0.898041
15.0481 -18.6683 7.90727 0.166441 0.414553 0.894675
14.1484 -18.6932 8.07442 0.152653 0.421234 0.894013
13.4041 -18.6471 8.18137 0.144101 0.43671 0.887974
12.6333 -18.6425 8.30284 0.131081 0.44753 0.88461
11.7658 -18.645 8.43436 0.127076 0.455245 0.881195
11.0301 -18.6526 8.53535 0.112991 0.458188 0.881645
10.2072 -18.7018 8.6662 0.115439 0.462233 0.879213
9.28435 -18.6522 8.75635 0.111358 0.472945 0.874025
8.51834 -18.7395 8.89274 0.096649 0.482171 0.870729
7.65411 -18.7147 8.96726 0.0782748 0.488814 0.868853
6.79465 -18.7171 9.04644 0.0787277 0.493834 0.865977
5.85714 -18.785 9.1623 0.0676631 0.49581 0.865791
4.84361 -18.6338 9.15199 0.0640582 0.498677 0.864416
3.90058 -18.7039 9.2609 0.0619986 0.507037 0.859692
3.03599 -18.6738 9.30112 0.0585924 0.514364 0.855568
2.29078 -18.705 9.36262 0.0480298 0.515503 0.855541
1.36638 -18.6885 9.40412 0.0408719 0.519022 0.853775
0.445525 -18.7545 9.48526 0.0345242 0.521978 0.852252
-0.355814 -18.7112 9.48823 0.0272118 0.523856 0.851356
-1.13909 -18.7694 9.54752 0.026706 0.52051 0.853438
-1.89435 -18.7748 9.56962 0.015695 0.516312 0.856226
-2.65104 -18.7287 9.5502 0.0104713 0.517929 0.85536
-3.52804 -18.6787 9.53106 0.00606503 0.513609 0.858002
-4.50929 -18.7891 9.60654 0.00905535 0.515198 0.857023
-5.30286 -18.7395 9.58196 0.00037384 0.509877 0.860247
-6.39157 -18.6824 9.54912 0.000283851 0.50129 0.865276
-7.42697 -18.7526 9.58063 -0.00806425 0.495934 0.868322
-8.44462 -18.6465 9.5079 -0.0167336 0.491237 0.870864
-9.54627 -18.6497 9.48908 -0.0185386 0.481276 0.876372
-10.4826 -18.6605 9.47354 -0.0218616 0.474552 0.879956
-11.5436 -18.6291 9.42154 -0.0320789 0.470927 0.881589
-12.4175 -18.613 9.38767 -0.0280596 0.456874 0.889083
-13.2701 -18.6454 9.37689 -0.0346049 0.450909 0.891888
-14.3137 -18.7669 9.39289 -0.0383846 0.437256 0.898503
-15.141 -18.7309 9.33844 -0.0447155 0.429426 0.901991
-16.0221 -18.8549 9.3526 -0.0515031 0.422701 0.904804
-16.7672 -19.0815 9.40947 -0.0635149 0.413513 0.90828
-17.5751 -19.2188 9.4144 -0.0678951 0.400195 0.913912
-18.3588 -19.2024 9.35523 -0.0500744 0.390349 0.919303
-19.1628 -18.9581 9.19915 -0.0628396 0.384752 0.920879
-19.9358 -18.8201 9.09341 -0.0609358 0.369624 0.927147
-21.11 -18.687 8.96307 -0.0571324 0.361332 0.930685
-21.8563 -18.6321 8.89168 -0.0591502 0.345947 0.936374
-22.6101 -18.5906 8.83158 -0.0544967 0.342369 0.937983
-23.384 -18.5597 8.77653 -0.0525964 0.34041 0.938802
-23.4914 -17.8293 8.50866 -0.0455411 0.338236 0.939955
-23.483 -17.001 8.21017 -0.0426082 0.337291 0.940435
-23.4127 -16.0777 7.88035 -0.0318616 0.337095 0.940927
-23.3596 -15.235 7.58232 -0.0253883 0.334318 0.942118
-23.3957 -14.3053 7.25575 -0.0161275 0.332321 0.943028
-23.4384 -13.5434 6.98798 -0.00860183 0.326589 0.945122
-23.2393 -12.7384 6.70627 0.00306935 0.332817 0.942974
-23.3831 -11.837 6.39327 0.00735942 0.331361 0.943468
-23.3885 -11.128 6.14791 0.0138866 0.325816 0.945331
-23.3584 -10.2677 5.85091 0.0229252 0.323524 0.945941
-23.3909 -9.55186 5.60719 0.0298198 0.321529 0.946423
-23.4387 -8.78825 5.35317 0.0377867 0.315953 0.948022
-23.4194 -8.07402 5.11511 0.0456742 0.311768 0.94906
-23.4304 -7.32618 4.86983 0.0478644 0.313346 0.948429
-23.4804 -6.5863 4.6278 0.0511958 0.309162 0.94963
-23.5074 -5.70629 4.34053 0.0588964 0.312411 0.948119
-23.4722 -4.9905 4.10244 0.0588373 0.312565 0.948072
-23.3851 -4.2463 3.85081 0.0619846 0.312662 0.94784
-23.5529 -3.40922 3.58513 0.0650526 0.312216 0.94778
-23.4474 -2.45588 3.26407 0.0684197 0.313326 0.947178
-23.5175 -1.65455 3.00418 0.0686904 0.313814 0.946996
-23.516 -0.708314 2.68902 0.0694967 0.31639 0.94608
-23.5214 0.0213486 2.44462 0.0698927 0.318684 0.945281
-23.5657 1.0384 2.10323 0.0689779 0.320573 0.944709
-23.4983 1.93635 1.79031 0.0691668 0.324712 0.943279
-23.4295 3.007 1.41102 0.0677481 0.329317 0.941786
-23.4933 3.7831 1.14084 0.0664188 0.336889 0.939188
-23.521 4.6901 0.812387 0.0640789 0.344664 0.936531
-23.3715 5.34166 0.560986 0.0613551 0.347733 0.935584
-22.567 5.2571 0.540747 0.0590791 0.345396 0.936596
-21.6978 5.2295 0.494391 0.0580161 0.341517 0.938083
-20.8165 5.02345 0.513454 0.0584301 0.336422 0.939896
-19.8031 4.99619 0.463828 0.0561135 0.333595 0.941043
-19.0281 4.83005 0.477875 0.0542769 0.326546 0.94362
-18.1447 4.66934 0.482494 0.0525275 0.321675 0.945392
-17.3262 4.62749 0.451691 0.0506251 0.313529 0.948228
-16.4866 4.49539 0.452785 0.0482128 0.310528 0.949341
-15.7515 4.3453 0.464256 0.0495687 0.306689 0.950518
-14.8176 4.25162 0.449316 0.0417431 0.303266 0.951991
-14.0101 4.19532 0.431166 0.0406635 0.294619 0.954749
-12.9378 4.1821 0.394079 0.0370336 0.290855 0.956043
-12.0987 4.00473 0.417214 0.0385777 0.282662 0.958443
-11.1195 3.87712 0.420818 0.0311055 0.277335 0.960258
-10.2083 3.86841 0.396948 0.0230611 0.270685 0.962373
-9.36731 3.86859 0.381371 0.0179723 0.262984 0.964633
-8.55505 3.89819 0.361913 0.0143275 0.257415 0.966193
-7.80404 3.89862 0.353586 0.00529277 0.247344 0.968905
-6.77793 3.8147 0.370574 0.00161554 0.242321 0.970195
-5.99265 3.91845 0.345014 -0.00692097 0.230999 0.972929
-5.21743 4.13131 0.304187 -0.0181986 0.225914 0.973969
-4.33036 4.14977 0.3172 -0.0216849 0.216652 0.975996
-3.5834 4.22871 0.320082 -0.0354138 0.207714 0.97754
-2.7925 4.49598 0.292005 -0.0392984 0.202121 0.97857
-1.81556 4.7121 0.290113 -0.0464799 0.200792 0.978531
-1.02383 4.9638 0.28587 -0.0580882 0.190808 0.979907
-0.261733 5.22624 0.281879 -0.0564356 0.185148 0.981089
0.526428 5.60304 0.268085 -0.0668292 0.16995 0.983184
0.823646 5.81248 0.255025 -0.0735731 0.161052 0.9842
-7.82341 -7.72062 4.1403 0.0386255 0.3833 0.922816
-8.40046 -7.84613 4.21993 0.0483558 0.380921 0.923332
-7.72923 -7.90803 4.2142 0.0386257 0.383301 0.922816
-8.55211 -7.83319 4.22311 0.0526627 0.379565 0.923663
-8.77768 -7.7745 4.21195 0.053491 0.381035 0.923012
-9.17423 -7.90781 4.28886 0.0492238 0.378556 0.924269
-9.29259 -7.88563 4.28608 0.0492131 0.378558 0.924268
-9.94318 -7.87675 4.31774 0.0516301 0.38008 0.923511
-10.7208 -7.52243 4.21841 0.0550414 0.375515 0.92518
-11.4542 -7.56261 4.27562 0.0532127 0.371765 0.926801
-10.4517 -7.88369 4.34903 0.0533354 0.377797 0.924346
