-3.44961 -31.0832 86.908 0.17001 0.00108706 -0.985433
-2.59017 -31.1813 87.0492 0.159683 -0.00131338 -0.987167
-2.59017 -31.1813 87.0492 0.159683 -0.00131338 -0.987167
-1.57997 -31.2535 87.2081 0.147743 -0.00111746 -0.989025
-0.759326 -31.2189 87.33 0.14701 -0.00185985 -0.989133
-1.44738 -31.5537 87.2281 0.148491 -0.000359934 -0.988914
-2.28161 -31.9339 87.1007 0.159364 -0.00304133 -0.987214
-3.01076 -32.1474 86.9843 0.163338 -0.00305597 -0.986554
-3.86735 -32.4549 86.839 0.167542 -0.00306175 -0.98586
-4.71635 -32.6015 86.6892 0.176231 -0.00574923 -0.984332
-4.96769 -31.8247 86.6397 0.182704 -0.00653143 -0.983146
-4.49582 -31.2398 86.7235 0.174062 -0.00439103 -0.984722
-3.46208 -31.0856 86.9058 0.173282 0.00360919 -0.984866
-3.48339 -29.8922 86.8987 0.169325 -0.00360833 -0.985554
-2.62018 -29.8842 87.0413 0.158103 -0.00550866 -0.987406
-1.83562 -29.906 87.1664 0.152305 -0.0036959 -0.988314
-0.387741 -29.9652 87.3815 0.141381 -0.00265647 -0.989938
0.76504 -30.0466 87.5404 0.13446 -0.0027746 -0.990912
1.5108 -30.0713 87.6368 0.127075 -0.00172059 -0.991892
2.7715 -29.9806 87.7865 0.108128 -0.00345291 -0.994131
3.51839 -29.9382 87.8662 0.0962697 0.000596491 -0.995355
4.43744 -30.0223 87.9545 0.0865538 0.00198483 -0.996201
5.42575 -29.8447 88.0319 0.076221 0.0035844 -0.997084
6.46354 -29.7123 88.1106 0.0743409 0.00513516 -0.997218
7.40198 -29.6523 88.1567 0.0451752 0.00616369 -0.99896
8.06034 -29.6244 88.1759 0.0172674 0.00923175 -0.999808
8.89854 -29.5192 88.1914 0.0215015 -0.00013815 -0.999716
8.2862 -30.0123 88.1803 0.0257542 -0.00951108 -0.999623
7.41736 -30.2634 88.1537 0.0477556 0.00293549 -0.998846
6.70309 -30.4596 88.1202 0.0451788 0.0061549 -0.99896
5.91501 -30.5139 88.0647 0.0709374 0.00227936 -0.997465
5.18434 -30.8037 88.0127 0.0809433 -0.00331915 -0.996713
4.42946 -30.9419 87.9518 0.0824627 -0.00154071 -0.99659
3.52978 -31.2541 87.8667 0.0979489 -0.00265232 -0.995188
2.52465 -31.6646 87.7613 0.120043 -0.00399408 -0.992761
1.39193 -31.9816 87.6239 0.123986 -0.00731062 -0.992257
0.457051 -32.186 87.506 0.13494 -0.00628719 -0.990812
-0.371765 -32.4677 87.3903 0.14115 -0.00850267 -0.989952
-1.09762 -32.7403 87.2846 0.147328 -0.00436737 -0.989078
-1.88945 -33.0561 87.1651 0.155143 -0.0055495 -0.987868
-2.68879 -33.321 87.043 0.160995 -0.00729271 -0.986901
-3.7737 -33.641 86.8599 0.167534 -0.00457244 -0.985856
-4.76499 -33.9292 86.6878 0.173959 -0.00995003 -0.984703
-5.54605 -34.0412 86.545 0.185558 -0.00703445 -0.982608
-6.03708 -33.2995 86.4466 0.186198 -0.00608114 -0.982493
-6.203 -32.2181 86.4093 0.188744 -0.00377603 -0.982019
-6.14162 -31.4276 86.4177 0.190994 -0.00427315 -0.98158
-5.86798 -30.4749 86.4661 0.186815 -0.00448418 -0.982385
-4.86377 -30.0253 86.6527 0.182279 -0.00335331 -0.983241
-4.11841 -29.9288 86.7897 0.172812 -0.0057907 -0.984929
-3.6741 -29.9029 86.866 0.169319 -0.00360462 -0.985555
-3.60079 -28.6859 86.8741 0.173329 0.000350731 -0.984861
-4.37789 -28.7459 86.7359 0.174914 0.00202633 -0.984582
-5.47885 -28.8927 86.5364 0.181095 0.00258284 -0.983462
-6.2134 -29.0924 86.4006 0.18345 0.00141574 -0.983024
-6.92599 -29.6078 86.2626 0.190413 0.000379223 -0.981704
-7.25757 -30.5083 86.1987 0.190454 -0.000919873 -0.981696
-7.37545 -31.4372 86.1782 0.192612 -0.00494102 -0.98126
-7.43063 -32.2837 86.1704 0.194753 -0.00441983 -0.980842
-7.32628 -33.2011 86.1958 0.195488 -0.00670472 -0.980681
-7.14746 -34.0282 86.2379 0.194127 -0.00770117 -0.980946
-6.83339 -34.8588 86.3078 0.189945 -0.0114789 -0.981724
-6.16549 -35.4164 86.4416 0.187637 -0.012801 -0.982154
-5.40767 -35.384 86.5842 0.184117 -0.0142018 -0.982802
-4.57656 -35.1681 86.7353 0.175142 -0.0147105 -0.984425
-3.44367 -34.8246 86.9298 0.16958 -0.0112382 -0.985443
-2.29793 -34.4734 87.1166 0.158561 -0.0121331 -0.987264
-1.19326 -34.1021 87.2854 0.150586 -0.0124314 -0.988506
-0.305672 -33.7618 87.4113 0.144212 -0.0126919 -0.989463
0.717769 -33.4574 87.5475 0.131201 -0.0129725 -0.991271
1.45411 -33.2228 87.6419 0.126043 -0.0120404 -0.991938
2.27477 -32.9824 87.7388 0.120382 -0.0115738 -0.99266
3.30602 -32.6771 87.8496 0.102169 -0.0110701 -0.994706
4.1778 -32.4009 87.933 0.0886786 -0.00924164 -0.996017
5.23358 -32.0887 88.023 0.0784401 -0.00818001 -0.996839
6.48375 -31.7739 88.1087 0.0701046 -0.00508687 -0.997527
7.54866 -31.544 88.1606 0.0490492 -0.00222556 -0.998791
8.38497 -31.3588 88.1898 0.0269808 0.00131898 -0.999635
9.46646 -31.1407 88.2083 0.00231444 -0.00609065 -0.99997
10.3262 -30.9791 88.2031 -0.0179565 -0.009036 -0.999798
11.4489 -30.7714 88.1843 -0.0219768 -0.000563049 -0.999704
12.2124 -30.6312 88.1594 -0.0323863 -0.00112154 -0.999475
13.121 -30.3969 88.1263 -0.0587168 -0.00531673 -0.99826
14.3869 -30.0061 88.0519 -0.0682826 0.000850631 -0.997611
15.484 -29.6747 87.9614 -0.0955533 0.00188845 -0.995367
16.2367 -29.4768 87.8812 -0.105548 -0.000234056 -0.994414
17.0944 -29.2606 87.7826 -0.12638 -0.00438159 -0.991967
17.9397 -29.0633 87.6724 -0.139269 -0.00602707 -0.990172
18.8243 -28.7176 87.5349 -0.148471 -0.00242728 -0.988886
19.5679 -28.4444 87.4236 -0.158169 0.0043 -0.987381
20.3848 -28.1656 87.2897 -0.164091 0.00688315 -0.986421
21.1421 -28.2114 87.1529 -0.191272 -0.00384002 -0.98152
21.8694 -28.0846 87.0081 -0.198332 -0.0028941 -0.980131
21.4063 -27.7999 87.0998 -0.191274 -0.00383872 -0.98152
20.6551 -27.6351 87.2423 -0.187757 -0.00619839 -0.982196
19.8986 -27.6653 87.374 -0.158161 0.004305 -0.987382
19.1515 -27.6485 87.4891 -0.152244 0.00172401 -0.988341
18.3686 -27.5785 87.6083 -0.14381 0.0026053 -0.989594
17.3833 -27.5914 87.7481 -0.130817 0.00438047 -0.99134
16.3919 -27.5742 87.8648 -0.112266 0.000174652 -0.993678
15.4291 -27.6473 87.9645 -0.0987706 0.00527662 -0.995096
14.3478 -27.744 88.0546 -0.0686793 0.00456686 -0.997628
13.5831 -27.8399 88.1073 -0.0563068 0.00350826 -0.998309
12.4472 -27.9501 88.1536 -0.0409824 0.00554379 -0.999144
11.2543 -28.0412 88.1803 -0.0261192 0.00175094 -0.999623
10.3214 -28.1832 88.1967 -0.0166542 -0.00363472 -0.999855
9.49842 -28.3009 88.2016 0.00130201 -0.00151915 -0.999998
8.48516 -28.3442 88.1916 0.0193149 -0.00260088 -0.99981
7.47879 -28.3823 88.1598 0.0431723 -0.0058957 -0.99905
6.15511 -28.4623 88.0849 0.068825 -0.00452728 -0.997618
5.40391 -28.5592 88.0338 0.0740057 -0.0031494 -0.997233
4.64949 -28.6665 87.969 0.0865999 -0.00239391 -0.996238
3.39404 -28.7738 87.8501 0.104135 -0.00347938 -0.994557
2.0615 -28.8254 87.7 0.121269 -0.00675143 -0.992597
0.669334 -28.8113 87.5227 0.131705 0.00179236 -0.991287
-0.274613 -28.7235 87.3951 0.142451 0.000675595 -0.989796
-1.22127 -28.6757 87.2562 0.145301 0.00244452 -0.989385
-2.02247 -28.6563 87.1342 0.156819 0.000243493 -0.987615
-2.77594 -28.6482 87.0111 0.161282 0.00210808 -0.986906
-3.45098 -28.6807 86.9002 0.168114 -0.00131582 -0.98576
-3.53098 -27.4678 86.8854 0.169723 0.00360823 -0.985485
-2.74239 -27.4119 87.0187 0.165687 0.00524514 -0.986164
-1.88453 -27.4254 87.1548 0.152171 0.00234038 -0.988351
-1.10952 -27.4312 87.2741 0.149316 0.000113133 -0.988783
-0.35403 -27.4691 87.3829 0.139395 0.000861066 -0.990236
0.411658 -27.5557 87.4906 0.137462 -0.00041239 -0.990504
1.16346 -27.6189 87.587 0.126804 -0.0018754 -0.991926
1.9243 -27.6166 87.6842 0.123713 -0.000397603 -0.992312
3.05852 -27.5859 87.8131 0.107934 -0.00269311 -0.994146
3.9138 -27.5311 87.899 0.0990121 -0.00481928 -0.995075
5.06497 -27.3076 88.001 0.080158 -0.00442656 -0.996772
5.88027 -27.2014 88.0637 0.0674281 -0.00230534 -0.997721
6.74058 -27.1592 88.1213 0.0670155 -0.00273901 -0.997748
7.53319 -27.0927 88.1569 0.0397678 -0.00150883 -0.999208
8.83442 -27.1229 88.1893 0.0105968 -0.00220614 -0.99992
9.82946 -27.0198 88.2002 0.00640218 0.00242584 -0.999966
10.585 -26.8591 88.1949 -0.00995083 0.00657031 -0.999929
11.6639 -26.751 88.1809 -0.0187864 0.00973231 -0.999776
12.7347 -26.6682 88.1495 -0.0387238 0.00487306 -0.999238
13.5136 -26.5938 88.1141 -0.0660946 0.00202976 -0.997811
14.5079 -26.4786 88.0485 -0.0768834 0.00420905 -0.99697
15.3743 -26.3802 87.9729 -0.0871185 0.00694085 -0.996173
16.4065 -26.3284 87.8698 -0.108477 0.01059 -0.994042
17.4365 -26.326 87.7475 -0.140465 0.00763566 -0.990056
18.2019 -26.3143 87.6387 -0.140731 0.00670543 -0.990025
19.3527 -26.3934 87.4659 -0.15611 0.00498185 -0.987717
20.249 -26.4373 87.3213 -0.168514 0.00334013 -0.985646
21.2212 -26.427 87.1456 -0.180376 0.00902079 -0.983545
22.0307 -26.4823 86.981 -0.200882 0.00641813 -0.979593
22.8702 -26.5409 86.8018 -0.216406 0.0149475 -0.976189
23.6429 -26.6143 86.6153 -0.253329 0.00461737 -0.967369
24.4937 -26.7488 86.3943 -0.265111 -0.00760998 -0.964176
25.2663 -26.917 86.1768 -0.284495 -0.000121873 -0.95863
26.3177 -27.1195 85.8498 -0.301304 0.0100924 -0.953475
27.2919 -27.1113 85.5331 -0.31729 0.0106734 -0.948268
28.0974 -27.0959 85.2623 -0.328603 0.0142149 -0.944355
27.3461 -27.4291 85.513 -0.315704 0.00250262 -0.948855
26.6619 -27.7427 85.7348 -0.304012 0.0102316 -0.952608
25.9436 -28.0644 85.9583 -0.298737 0.0111859 -0.95427
25.1029 -28.3941 86.2149 -0.282987 0.0107178 -0.959035
24.3233 -28.6457 86.4357 -0.260563 0.0219305 -0.965042
23.3343 -28.8917 86.677 -0.235155 0.0136561 -0.971848
22.1379 -29.2136 86.9465 -0.222288 0.0105743 -0.974924
21.3819 -29.4159 87.1013 -0.203617 0.00431009 -0.979033
20.2855 -29.6132 87.3028 -0.165185 -0.00282291 -0.986252
19.4222 -29.9324 87.4512 -0.160648 -0.00535612 -0.986973
18.3102 -30.2189 87.6266 -0.146017 -0.00567017 -0.989223
17.2059 -30.5323 87.7778 -0.118604 -0.00511046 -0.992845
15.8416 -30.8725 87.9245 -0.10628 -0.0004796 -0.994336
15.0192 -31.0962 87.9966 -0.0872182 0.00130031 -0.996188
14.2096 -31.3275 88.0672 -0.0728599 -0.00190476 -0.997231
13.363 -31.6549 88.1186 -0.0588975 -0.0031417 -0.998259
12.5734 -31.8736 88.1585 -0.0338557 0.000903976 -0.999382
11.7273 -32.0175 88.1807 -0.0238445 -0.00315077 -0.999711
10.5272 -32.236 88.2077 -0.0105278 -0.000910509 -0.9999
9.41139 -32.4665 88.2095 -0.00359926 -0.00442383 -0.99995
8.55646 -32.6408 88.1955 0.0242759 -0.00392986 -0.999698
7.44125 -32.8602 88.159 0.0456891 -0.001728 -0.998954
6.62961 -33.0341 88.1255 0.0493631 -0.01365 -0.998643
5.66606 -33.2933 88.0627 0.0717082 -0.0151496 -0.997311
4.92791 -33.4886 88.0106 0.0852375 -0.01089 -0.996284
3.83936 -33.8217 87.9156 0.0913142 -0.0121344 -0.995748
3.01087 -34.0651 87.833 0.106963 -0.0147529 -0.994154
2.00567 -34.3612 87.7218 0.12092 -0.0112619 -0.992598
0.903214 -34.7365 87.5889 0.125154 -0.00872155 -0.992099
-0.0360334 -35.0258 87.4644 0.141903 -0.012583 -0.989799
-0.796796 -35.2519 87.3591 0.141244 -0.0139992 -0.989876
-1.81572 -35.5652 87.2068 0.150345 -0.0146189 -0.988519
-2.61087 -35.8398 87.082 0.161667 -0.0160106 -0.986715
-3.64684 -36.1552 86.9136 0.171043 -0.0158566 -0.985136
-4.66005 -36.4676 86.7375 0.178846 -0.0141508 -0.983775
-5.71703 -36.7027 86.5447 0.185253 -0.0144026 -0.982585
-6.55525 -36.7153 86.3854 0.18972 -0.0156358 -0.981714
-7.2657 -36.5119 86.245 0.190723 -0.0137093 -0.981547
-7.91205 -35.6026 86.1049 0.194228 -0.0145673 -0.980847
-8.22314 -34.7806 86.0327 0.195954 -0.0110882 -0.98055
-8.47196 -33.8425 85.973 0.197041 -0.00833378 -0.98036
-8.58377 -32.8946 85.9425 0.197571 -0.00667865 -0.980265
-8.60556 -31.9196 85.9334 0.197782 -0.00362768 -0.980239
-8.55805 -31.1125 85.9407 0.196312 -0.0014276 -0.98054
-8.44617 -30.1667 85.9624 0.196124 0.000428659 -0.980579
-8.15504 -29.1573 86.0208 0.195825 0.000107012 -0.980639
-7.51452 -28.3065 86.1504 0.192327 0.00210454 -0.981329
-6.84979 -27.9381 86.2812 0.18735 0.00272297 -0.982287
-5.93429 -27.7118 86.4549 0.184343 0.00268157 -0.982857
-4.92568 -27.5887 86.6399 0.178114 0.00401175 -0.984002
-4.10159 -27.4991 86.7866 0.170373 0.00405902 -0.985371
-3.85827 -27.4803 86.8287 0.170379 0.00406326 -0.98537
-3.75042 -26.2455 86.8527 0.170659 0.0043309 -0.985319
-4.89905 -26.368 86.6495 0.175174 0.00539141 -0.984523
-6.15002 -26.5077 86.419 0.182599 0.00612252 -0.983168
-7.32919 -26.7125 86.1928 0.188894 0.00626371 -0.981977
-8.29196 -27.2469 86.0013 0.194281 0.00494295 -0.980933
-8.83501 -27.811 85.8903 0.197698 0.00506439 -0.980249
-9.23108 -28.485 85.8078 0.197741 0.0038962 -0.980247
-9.54075 -29.264 85.7415 0.199186 0.00116435 -0.979961
-9.68685 -30.2176 85.7107 0.199412 0.000989936 -0.979915
-9.74096 -31.1629 85.7008 0.200284 -0.00143085 -0.979737
-9.793 -31.9488 85.6927 0.200772 -0.0037355 -0.979631
-9.80116 -33.0296 85.6982 0.199635 -0.00824768 -0.979835
-9.73465 -33.8168 85.7178 0.198764 -0.00766892 -0.980017
-9.45868 -34.96 85.7871 0.198887 -0.0116914 -0.979953
-9.14099 -35.9106 85.8647 0.196576 -0.0145254 -0.980381
-8.84708 -36.6282 85.9343 0.19667 -0.0163537 -0.980332
-8.33737 -37.4531 86.05 0.194311 -0.0167682 -0.980797
-7.62926 -37.8428 86.1959 0.190042 -0.0171337 -0.981625
-6.75289 -38.0009 86.3689 0.190413 -0.0185734 -0.981528
-5.67392 -37.9507 86.5728 0.18607 -0.0172385 -0.982385
-4.83434 -37.7877 86.7248 0.179532 -0.0157802 -0.983626
-3.75323 -37.4456 86.9143 0.174063 -0.0146272 -0.984626
-2.90712 -37.1919 87.0565 0.165822 -0.0159257 -0.986027
-2.15156 -36.9829 87.1763 0.157495 -0.0190353 -0.987336
-1.2059 -36.6731 87.319 0.147738 -0.0169329 -0.98888
-0.422266 -36.4551 87.4315 0.142546 -0.0176269 -0.989622
0.509834 -36.199 87.5567 0.134308 -0.0124424 -0.990861
1.45557 -35.8696 87.6726 0.123713 -0.0175182 -0.992163
2.22555 -35.5969 87.7621 0.1148 -0.0178137 -0.993228
2.96871 -35.383 87.8449 0.11544 -0.0164813 -0.993178
3.84559 -35.1455 87.9346 0.0950603 -0.0231395 -0.995203
4.56838 -34.9567 87.9973 0.0815574 -0.0168417 -0.996526
5.28757 -34.6879 88.0512 0.0810305 -0.0172103 -0.996563
6.44915 -34.4422 88.1297 0.0590258 -0.0141352 -0.998156
7.59945 -34.1453 88.1818 0.0357875 -0.0127301 -0.999278
8.53912 -33.9435 88.2075 0.0239818 -0.0148167 -0.999603
9.35523 -33.7875 88.2192 0.0102599 -0.014219 -0.999846
10.3268 -33.5686 88.2172 -0.00786091 -0.0092469 -0.999926
11.312 -33.3974 88.2027 -0.0179881 -0.00953269 -0.999793
12.2186 -33.2342 88.1776 -0.0363968 -0.00971066 -0.99929
13.0876 -33.0059 88.142 -0.0502783 -0.0106107 -0.99863
14.2433 -32.6602 88.0717 -0.0720934 -0.00575662 -0.997272
15.1636 -32.3817 87.9896 -0.0858511 -0.00572739 -0.99629
15.9877 -32.1606 87.9088 -0.105514 0.000207607 -0.994418
16.7526 -31.9504 87.8276 -0.106166 -0.000376912 -0.994348
17.5465 -31.7391 87.7325 -0.134587 0.00272161 -0.990898
18.5888 -31.4386 87.5918 -0.130711 -0.00346953 -0.991387
19.4519 -31.2487 87.4532 -0.158888 -0.00500561 -0.987284
20.3002 -30.9773 87.3113 -0.175377 -0.00436075 -0.984439
21.4609 -30.5952 87.0786 -0.209044 -0.000626956 -0.977892
22.8398 -30.302 86.7746 -0.226927 0.00471258 -0.9739
23.9385 -30.0301 86.5087 -0.253028 0.00773147 -0.967428
24.7929 -29.7876 86.2831 -0.275069 0.00430546 -0.961406
25.5969 -29.5159 86.0511 -0.27847 0.00966202 -0.960359
26.3127 -29.2573 85.8349 -0.296976 0.00345305 -0.954879
27.3019 -28.886 85.5225 -0.305516 -0.00305396 -0.952182
28.1707 -28.5703 85.2278 -0.332794 -0.00425039 -0.94299
28.8668 -28.273 84.9823 -0.339816 0.00214972 -0.94049
29.6159 -27.9055 84.7153 -0.341535 0.0121293 -0.93977
30.6476 -27.4376 84.327 -0.360894 0.0141208 -0.9325
31.8906 -26.923 83.8399 -0.372813 0.0107758 -0.927844
31.5383 -26.3125 83.9885 -0.374224 0.012945 -0.927244
30.795 -26.2017 84.2851 -0.365937 0.0145597 -0.930526
30.0534 -26.088 84.5745 -0.350236 0.0127196 -0.936575
29.2043 -25.9155 84.8906 -0.337954 0.0131191 -0.941071
28.4624 -25.8889 85.1575 -0.331522 0.015558 -0.943276
27.7196 -25.9118 85.4058 -0.317182 0.019905 -0.948156
26.7081 -25.894 85.7361 -0.306008 0.0118865 -0.951955
25.7685 -25.724 86.0337 -0.292621 0.00619358 -0.956209
25.0488 -25.5774 86.2418 -0.263651 0.00532429 -0.964603
23.8743 -25.4189 86.5487 -0.238587 -0.00863593 -0.971083
23.1014 -25.3347 86.7388 -0.227967 0.00533925 -0.973627
21.9218 -25.2286 87.0086 -0.212782 0.00325289 -0.977028
21.0095 -25.1977 87.185 -0.187374 0.00766137 -0.982259
20.0412 -25.1504 87.3624 -0.16158 0.0152121 -0.986742
19.1516 -25.1403 87.5082 -0.161346 0.0142268 -0.986795
18.1295 -25.1375 87.6602 -0.139557 0.0124178 -0.990136
17.371 -25.1213 87.7682 -0.12925 0.00648276 -0.99151
16.5746 -25.0866 87.8614 -0.110986 0.000129542 -0.993812
15.5393 -25.1104 87.9698 -0.100873 2.85128e-05 -0.994899
14.7605 -25.1919 88.0351 -0.0752095 0.00482477 -0.997156
13.7784 -25.3094 88.0971 -0.0587126 0.0113868 -0.99821
12.8321 -25.3903 88.1492 -0.0386262 0.000577225 -0.999252
11.9987 -25.4631 88.1806 -0.0375148 -0.000880928 -0.999296
11.2147 -25.51 88.1957 -0.0130587 0.00726128 -0.999888
9.94097 -25.6628 88.2011 0.00228099 0.000465798 -0.999997
8.65143 -25.8634 88.1929 0.0193705 0.00101094 -0.999767
7.7118 -25.7438 88.1655 0.0359917 -0.00202004 -0.999328
6.57342 -25.869 88.1116 0.0561982 -0.000687973 -0.998419
5.78773 -25.9215 88.0642 0.0674163 0.00643965 -0.997691
5.00513 -26.0232 88.0068 0.0703669 0.00948932 -0.997468
4.21032 -26.1984 87.933 0.0948473 0.0039445 -0.995484
3.17246 -26.3382 87.8281 0.106429 0.0030754 -0.994316
2.14363 -26.3578 87.7117 0.123675 0.00299456 -0.992314
1.32885 -26.3551 87.6108 0.124696 0.00132738 -0.992192
0.458545 -26.2697 87.4945 0.133835 0.0035584 -0.990981
-0.577539 -26.2024 87.3535 0.144767 0.00698534 -0.989439
-1.66035 -26.1952 87.1932 0.14935 0.00674499 -0.988756
-2.43248 -26.1776 87.0741 0.153812 0.00751755 -0.988069
-3.18359 -26.2066 86.9501 0.169079 0.00525478 -0.985588
-3.69734 -26.2417 86.8618 0.169079 0.00524793 -0.985589
-3.81283 -25.0072 86.8504 0.169743 0.00850216 -0.985448
-4.55443 -25.0833 86.7194 0.176821 0.00761919 -0.984214
-5.69024 -25.2451 86.5129 0.178543 0.00880247 -0.983893
-6.5815 -25.3189 86.3449 0.185459 0.00704768 -0.982627
-7.42875 -25.4058 86.1814 0.190738 0.00653132 -0.981619
-8.15271 -25.6198 86.0395 0.191138 0.00940649 -0.981516
-8.97243 -26.1713 85.8732 0.19395 0.00726094 -0.980985
-9.52172 -26.6739 85.7594 0.19727 0.00780998 -0.980317
-10.0111 -27.3684 85.6563 0.198583 0.00737128 -0.980055
-10.5931 -28.4487 85.5308 0.199879 0.00467685 -0.979809
-10.8699 -29.3276 85.4698 0.201816 0.00173253 -0.979422
-10.8921 -30.2887 85.4635 0.201425 0.00191412 -0.979502
-10.9203 -31.4178 85.4591 0.201652 -0.00162657 -0.979456
-11.0491 -32.7688 85.4391 0.202742 -0.00673963 -0.979208
-10.9789 -33.6212 85.4608 0.202938 -0.00933715 -0.979146
-10.843 -34.5339 85.4995 0.203898 -0.0130808 -0.978905
-10.6689 -35.3902 85.5472 0.201223 -0.0125524 -0.979461
-10.3835 -36.1646 85.6171 0.199126 -0.0163272 -0.979838
-10.0691 -36.9892 85.6954 0.198552 -0.0182571 -0.97992
-9.80942 -37.6969 85.7606 0.197541 -0.0177618 -0.980134
-9.28456 -38.4278 85.8812 0.195666 -0.0205452 -0.980455
-8.69586 -38.8729 86.0079 0.192686 -0.022575 -0.980999
-7.71529 -39.1411 86.207 0.1911 -0.0211134 -0.98134
-6.88633 -39.2458 86.3684 0.188345 -0.0210385 -0.981878
-5.95027 -39.2387 86.5462 0.185048 -0.0211481 -0.982502
-4.96105 -39.076 86.7265 0.180432 -0.022244 -0.983336
-4.10372 -38.8791 86.8782 0.174897 -0.020494 -0.984374
-3.10996 -38.5245 87.0481 0.170286 -0.0201194 -0.985172
-2.09556 -38.2628 87.2119 0.165658 -0.0190843 -0.985996
-1.21278 -38.0184 87.3447 0.153329 -0.0189432 -0.987994
-0.450619 -37.7814 87.4525 0.14469 -0.0233073 -0.989203
0.288569 -37.5263 87.5508 0.13215 -0.0227462 -0.990966
1.04596 -37.3392 87.6488 0.133356 -0.0207424 -0.990851
1.80476 -37.1169 87.739 0.122143 -0.0224746 -0.992258
2.63556 -36.833 87.833 0.112029 -0.0168736 -0.993557
3.44503 -36.5894 87.9189 0.101743 -0.0162749 -0.994643
4.35141 -36.3464 88.0014 0.0891757 -0.0125332 -0.995907
5.24076 -36.0726 88.07 0.0751462 -0.0161527 -0.997022
6.07431 -35.8222 88.1232 0.0700003 -0.0140627 -0.997439
6.87767 -35.6162 88.1677 0.0498378 -0.0150965 -0.998643
7.94235 -35.3937 88.2125 0.0416201 -0.0192704 -0.998948
8.70934 -35.2053 88.2283 0.0176202 -0.0171856 -0.999697
9.78393 -34.9638 88.2361 -0.00409394 -0.0122419 -0.999913
10.6544 -34.7814 88.2281 -0.0115412 -0.0123062 -0.999843
11.5141 -34.6263 88.213 -0.0143321 -0.00878352 -0.999859
12.4472 -34.4723 88.1847 -0.0358987 -0.00559803 -0.999332
13.6411 -34.18 88.1227 -0.0552228 -0.00989887 -0.998413
14.4364 -33.9265 88.0707 -0.0622016 -0.0112303 -0.998
15.3402 -33.663 87.9971 -0.0949959 -0.0140838 -0.995361
16.5177 -33.3754 87.8722 -0.110121 -0.0166358 -0.99374
17.4544 -33.1013 87.7579 -0.123348 -0.0146455 -0.992235
18.5038 -32.7826 87.6157 -0.12795 -0.0134646 -0.991681
19.2629 -32.6035 87.5045 -0.151191 -0.00359584 -0.988498
20.028 -32.437 87.3741 -0.180934 -0.01154 -0.983428
20.8842 -32.1152 87.2101 -0.186502 -0.0145853 -0.982346
21.9439 -31.757 86.9846 -0.208248 -0.0141155 -0.977974
22.6691 -31.637 86.8168 -0.224011 -0.00911204 -0.97454
23.4321 -31.4451 86.639 -0.25391 -0.00218128 -0.967225
24.4319 -31.1416 86.3754 -0.258253 -0.00123229 -0.966068
25.3615 -30.8625 86.1202 -0.267021 -0.00522714 -0.963676
26.3042 -30.5727 85.836 -0.291323 -0.00432908 -0.956607
27.0061 -30.3151 85.6117 -0.307589 0.00807736 -0.951485
27.8877 -30.0104 85.3242 -0.322455 0.00407688 -0.946555
28.6103 -29.7958 85.0746 -0.341187 -0.00410358 -0.939987
29.4275 -29.4306 84.7764 -0.342904 -0.00288329 -0.939364
30.335 -28.9511 84.4358 -0.35451 0.00699293 -0.935026
31.0811 -28.6395 84.151 -0.363623 0.00297932 -0.931526
31.7386 -28.3326 83.8915 -0.369459 0.00257109 -0.929243
32.3924 -28.0681 83.6323 -0.378172 0.00370575 -0.92568
33.0728 -27.8303 83.348 -0.385866 0.0059321 -0.922535
33.8569 -27.349 83.0199 -0.396879 0.00749875 -0.91784
34.5645 -26.6704 82.7187 -0.407 0.0138076 -0.913324
34.3234 -26.0749 82.8346 -0.393817 0.0104449 -0.919128
33.6027 -25.7784 83.1486 -0.393467 0.0186386 -0.91915
32.9276 -25.4243 83.4365 -0.380515 0.0152806 -0.924649
32.2238 -25.1941 83.7319 -0.382332 0.0179998 -0.92385
31.111 -25.0736 84.1808 -0.368341 0.0179561 -0.929515
30.1666 -24.8813 84.5488 -0.35428 0.0121365 -0.935061
29.4337 -24.6825 84.8251 -0.343134 0.0165902 -0.939135
28.6753 -24.6177 85.1036 -0.336403 0.0167505 -0.941537
27.5997 -24.6708 85.4714 -0.317229 0.0177897 -0.948155
26.8106 -24.6649 85.7241 -0.303098 0.0212604 -0.952722
26.0887 -24.5134 85.9448 -0.283477 0.0141944 -0.958874
25.3017 -24.3318 86.1773 -0.26045 8.83564e-05 -0.965475
24.0821 -24.1889 86.5011 -0.258552 0.00798228 -0.965899
23.3363 -24.0891 86.687 -0.235321 0.0172225 -0.971765
22.2405 -24.0192 86.9449 -0.210888 0.00957093 -0.97743
21.4847 -23.9911 87.1031 -0.198301 0.0112941 -0.980053
20.306 -23.9108 87.3302 -0.17966 0.0101206 -0.983653
19.1182 -23.9454 87.5324 -0.153728 0.013204 -0.98799
18.2796 -23.9117 87.6568 -0.143241 0.0127013 -0.989597
17.5232 -23.9087 87.7575 -0.122763 0.00761526 -0.992407
16.6148 -23.9239 87.8674 -0.105424 0.0116009 -0.994326
15.508 -23.8794 87.977 -0.099668 0.00632499 -0.994998
14.7309 -23.9669 88.0472 -0.0833388 0.00973089 -0.996437
13.6589 -24.0525 88.115 -0.0517933 0.0107224 -0.9986
12.846 -24.0848 88.1582 -0.0443439 0.0072076 -0.998938
11.9249 -24.186 88.1902 -0.0381531 0.0143323 -0.999169
11.151 -24.2655 88.2108 -0.0141642 0.0176134 -0.999745
10.3526 -24.3388 88.2221 -0.0131865 0.00790531 -0.999834
9.60597 -24.4211 88.2178 0.00278094 0.023911 -0.99971
8.61677 -24.5791 88.1982 0.0315175 0.0164634 -0.999359
7.8341 -24.5794 88.1706 0.0351352 0.0185515 -0.99921
7.10113 -24.5356 88.1434 0.0553076 0.0129228 -0.99837
5.93904 -24.6111 88.0771 0.0547401 0.00184285 -0.998499
5.13002 -24.7207 88.0234 0.0725456 -0.000142286 -0.997359
4.19328 -24.929 87.9416 0.0968716 0.00612281 -0.995276
3.03484 -25.0179 87.8199 0.107987 0.00675141 -0.994129
2.00973 -25.0667 87.7023 0.123444 0.00666117 -0.992328
1.1061 -25.1113 87.5906 0.126883 0.0077998 -0.991877
0.304208 -25.0058 87.4852 0.13082 0.0093705 -0.991361
-0.490938 -24.9386 87.374 0.142645 0.00838891 -0.989738
-1.43371 -24.9657 87.2352 0.151272 0.00646225 -0.98847
-2.25524 -24.9934 87.1086 0.155727 0.0060168 -0.987775
-3.19119 -24.995 86.9556 0.162773 0.0079904 -0.986631
-3.76173 -25.0016 86.8591 0.167441 0.00702162 -0.985857
-3.97882 -23.7263 86.8355 0.16658 0.0125029 -0.985949
-4.90022 -23.8473 86.6707 0.176963 0.0136283 -0.984123
-5.71466 -24.0295 86.5204 0.181595 0.0127085 -0.983288
-6.72533 -24.0407 86.3314 0.18639 0.0112101 -0.982406
-7.7319 -24.1411 86.1365 0.190688 0.0136725 -0.981552
-8.5613 -24.4314 85.9703 0.192198 0.0115086 -0.981289
-9.52417 -24.9602 85.7746 0.194508 0.00966286 -0.980853
-10.1452 -25.5021 85.6457 0.195266 0.0107028 -0.980692
-10.9888 -26.5477 85.4632 0.200448 0.00976221 -0.979654
-11.4385 -27.4351 85.3641 0.201512 0.00863146 -0.979447
-11.8041 -28.096 85.2829 0.202666 0.00694172 -0.979222
-12.0853 -28.9329 85.2183 0.206857 0.00661437 -0.978349
-12.1591 -29.8111 85.2002 0.20581 0.0025697 -0.978589
-12.0706 -30.6071 85.2165 0.20505 7.3694e-05 -0.978747
-12.1109 -31.4177 85.2103 0.20604 -0.00259166 -0.97854
-12.3077 -32.4829 85.1745 0.206489 -0.00667442 -0.978426
-12.1724 -33.625 85.2123 0.206568 -0.0100315 -0.978381
-12.0436 -34.6808 85.2507 0.206816 -0.010514 -0.978323
-11.976 -35.5793 85.2786 0.209019 -0.0160612 -0.97778
-11.5589 -36.6052 85.3841 0.200073 -0.0195405 -0.979586
-11.2701 -37.3425 85.4576 0.199466 -0.018819 -0.979724
-10.9824 -38.3919 85.5363 0.199495 -0.0187048 -0.97972
-10.5029 -38.9846 85.6466 0.201485 -0.0199245 -0.979289
-9.93359 -39.5679 85.779 0.198588 -0.0288299 -0.979647
-9.12259 -40.1187 85.9559 0.192562 -0.027737 -0.98089
-8.17903 -40.3935 86.1484 0.192817 -0.0264318 -0.980879
-7.36929 -40.4767 86.3078 0.189744 -0.0290225 -0.981404
-6.48732 -40.5262 86.477 0.185381 -0.0283139 -0.982259
-5.23472 -40.3509 86.707 0.182808 -0.0227085 -0.982886
-4.49536 -40.2098 86.8419 0.185878 -0.0319399 -0.982016
-3.52864 -40.018 87.0131 0.174639 -0.0400768 -0.98379
-2.76029 -39.7167 87.1379 0.17201 -0.0276966 -0.984706
-2.01873 -39.5332 87.2566 0.167751 -0.0246827 -0.98552
-1.18568 -39.3398 87.3855 0.15064 -0.0316792 -0.988081
-0.37252 -39.0745 87.4956 0.14134 -0.0279856 -0.989565
0.389845 -38.8118 87.5971 0.136168 -0.0287679 -0.990264
1.19169 -38.5528 87.6976 0.125794 -0.0277233 -0.991632
2.05553 -38.3549 87.7989 0.123311 -0.0235405 -0.992089
2.94135 -38.1198 87.8979 0.106129 -0.0302919 -0.993891
3.76702 -37.8184 87.975 0.0958084 -0.0286294 -0.994979
4.67967 -37.5457 88.0526 0.0861164 -0.02043 -0.996042
5.60483 -37.3062 88.1201 0.0755737 -0.0235028 -0.996858
6.42194 -37.1273 88.1758 0.0736583 -0.0220322 -0.99704
7.30042 -36.865 88.2176 0.045869 -0.0287271 -0.998534
8.06974 -36.665 88.2406 0.0310672 -0.0226554 -0.999261
8.81706 -36.4856 88.2555 0.0238632 -0.0286678 -0.999304
9.59737 -36.3112 88.2553 0.0013975 -0.0225268 -0.999745
10.5871 -36.0816 88.2501 -0.00780606 -0.0242257 -0.999661
11.46 -35.8966 88.2342 -0.0240139 -0.0221836 -0.999386
12.5521 -35.717 88.1886 -0.0402194 -0.0185442 -0.999019
13.3569 -35.5909 88.1525 -0.0607158 -0.0254028 -0.997828
14.4488 -35.3174 88.0868 -0.0596795 -0.0115427 -0.998145
15.2729 -34.9974 88.0267 -0.090854 -0.0224982 -0.99561
16.0451 -34.7907 87.9517 -0.100331 -0.0221667 -0.994654
16.8005 -34.6866 87.8654 -0.113535 -0.025237 -0.993202
17.7687 -34.315 87.7443 -0.123006 -0.0371534 -0.991573
18.5708 -34.0968 87.6254 -0.13694 -0.0290705 -0.990153
19.6066 -33.8323 87.4649 -0.164976 -0.0122196 -0.986222
20.5445 -33.7032 87.2945 -0.184129 -0.0175048 -0.982746
21.3189 -33.3989 87.1437 -0.186877 -0.0110604 -0.982321
22.0474 -33.0575 86.9839 -0.222253 -0.0238095 -0.974698
22.8728 -32.8841 86.7915 -0.229383 -0.0197297 -0.973101
23.6046 -32.6319 86.6093 -0.241846 -0.0202 -0.970078
24.4443 -32.4333 86.3899 -0.249703 -0.0239956 -0.968021
25.1966 -32.1428 86.183 -0.256006 -0.0272768 -0.96629
26.051 -31.9006 85.9307 -0.290539 -0.0341348 -0.956254
26.9304 -31.6478 85.6545 -0.297155 -0.0302948 -0.954316
27.6862 -31.3505 85.4018 -0.308424 -0.0342932 -0.950631
28.9325 -31.0516 84.9682 -0.338343 -0.0099768 -0.94097
29.8284 -30.6452 84.6371 -0.348381 -0.0133424 -0.937245
30.6737 -30.2263 84.3114 -0.357742 -0.00685925 -0.933795
31.7478 -29.8188 83.8867 -0.368654 -0.00667716 -0.92953
32.4544 -29.4264 83.6073 -0.375266 -0.00524709 -0.926851
33.1687 -29.174 83.3099 -0.381988 -0.00707312 -0.92414
33.9082 -28.7732 82.9875 -0.401113 0.00052032 -0.916028
34.6197 -28.3317 82.6769 -0.40775 0.00197796 -0.913057
35.1738 -27.8716 82.4277 -0.412816 0.00547772 -0.910798
36.0001 -27.2594 82.0541 -0.423544 0.0152718 -0.905747
36.3346 -26.4759 81.9111 -0.423025 0.0161382 -0.905974
36.2152 -25.6969 81.9811 -0.422549 0.0164498 -0.90619
35.5623 -25.0634 82.2992 -0.422089 0.023444 -0.906251
34.7667 -24.693 82.6746 -0.402491 0.0233413 -0.915049
34.0317 -24.5376 82.9913 -0.39231 0.0200934 -0.919614
33.3509 -24.2937 83.2952 -0.389224 0.0354041 -0.920393
32.5957 -23.9769 83.6191 -0.372621 0.0333989 -0.927327
31.8662 -23.8791 83.9086 -0.3656 0.0267934 -0.930386
31.1524 -23.8683 84.1909 -0.363235 0.0192726 -0.931463
30.3831 -23.6687 84.4902 -0.358748 0.0246521 -0.933109
29.7022 -23.4471 84.7499 -0.35101 0.0367906 -0.935543
28.7438 -23.4076 85.1002 -0.321863 0.0359833 -0.946004
28.008 -23.3268 85.3592 -0.329563 0.0249119 -0.943805
27.1459 -23.3494 85.6489 -0.311985 0.033123 -0.949509
26.2629 -23.1873 85.9231 -0.285689 0.0291356 -0.957879
25.3491 -22.9841 86.1799 -0.264393 0.0141565 -0.964311
24.5922 -22.9915 86.3878 -0.247937 0.0429119 -0.967825
23.8187 -22.9352 86.5879 -0.247198 0.0437674 -0.967976
22.949 -22.8157 86.8042 -0.225279 0.0330094 -0.973721
21.9728 -22.7476 87.0292 -0.222065 0.037142 -0.974324
21.2062 -22.6807 87.1877 -0.19483 0.034456 -0.980231
20.0459 -22.6997 87.3986 -0.176383 0.023346 -0.984042
19.1381 -22.7401 87.5451 -0.156587 0.0120688 -0.98759
17.7829 -22.6214 87.7477 -0.134558 0.0348751 -0.990292
16.6046 -22.7124 87.8896 -0.106796 0.0403755 -0.993461
15.4966 -22.6891 88.0023 -0.0908446 0.0300146 -0.995403
14.5845 -22.7541 88.0811 -0.0884652 0.0337149 -0.995509
13.6218 -22.8065 88.1424 -0.0529822 0.0377478 -0.997882
12.6235 -22.8385 88.1908 -0.0442755 0.0214674 -0.998789
11.7134 -22.917 88.2228 -0.0286278 0.0211877 -0.999366
10.8191 -22.9898 88.2411 -0.0174359 0.0216817 -0.999613
9.9246 -23.0126 88.2464 0.0101745 0.0209498 -0.999729
8.94356 -23.1911 88.2299 0.0204799 0.0181198 -0.999613
8.08253 -23.3072 88.2043 0.0368237 0.0231102 -0.99898
7.1139 -23.2755 88.1599 0.0485901 0.018589 -0.99864
6.34473 -23.327 88.1157 0.0634978 0.0290983 -0.997558
5.60282 -23.4052 88.0671 0.0764173 0.0108168 -0.997017
4.7782 -23.5415 87.999 0.0752187 0.00109341 -0.997166
3.85532 -23.678 87.9199 0.0963642 0.011831 -0.995276
3.07653 -23.6807 87.8396 0.106169 0.0144313 -0.994243
2.17995 -23.7929 87.7367 0.116838 0.0105685 -0.99309
1.43276 -23.7725 87.6468 0.120951 0.0126326 -0.992576
0.52556 -23.7601 87.5285 0.131843 0.0185568 -0.99109
-0.254598 -23.6753 87.4192 0.140542 0.0120566 -0.990001
-1.01873 -23.6963 87.3092 0.151099 0.0133145 -0.988429
-1.94407 -23.7876 87.1667 0.155324 0.0115329 -0.987787
-3.25634 -23.7238 86.9563 0.158302 0.00909326 -0.987349
-3.77784 -23.6786 86.87 0.165201 0.0114379 -0.986192
9.06669 -29.5644 88.1932 0.00386664 -0.0031991 -0.999961
10.0093 -29.4378 88.2007 0.00757234 0.00298347 -0.999967
9.6253 -29.9004 88.1964 0.00385366 -0.0031994 -0.999961
9.43337 -29.9182 88.1965 0.000151028 -0.00937686 -0.999956
11.2898 -29.5657 88.1862 -0.0121036 0.000952673 -0.999926
