-17.1915 26.874 11.2056 0.0698612 -0.0285509 0.997148
-16.8394 26.705 11.1761 0.06986 -0.0285507 0.997148
-16.8394 26.705 11.1761 0.06986 -0.0285507 0.997148
-16.4141 25.8095 11.1194 0.0710594 -0.0309367 0.996992
-17.1589 26.1225 11.1816 0.0697462 -0.0287905 0.997149
-17.224 26.6638 11.2018 0.0697462 -0.0287906 0.997149
-18.8851 27.3126 11.3278 0.0617181 -0.0270476 0.997727
-19.0085 26.5446 11.3146 0.0606589 -0.0269973 0.997793
-19.1249 25.5749 11.293 0.0611869 -0.0321494 0.997608
-18.9396 24.988 11.2628 0.0620166 -0.0302457 0.997615
-18.1135 24.5629 11.1972 0.0650314 -0.0313613 0.99739
-17.2695 24.3606 11.136 0.0679253 -0.0312466 0.997195
-16.1873 23.8651 11.041 0.0736017 -0.0319632 0.996775
-15.4604 23.3552 10.9716 0.0741218 -0.0353324 0.996615
-14.5475 22.4217 10.8664 0.0773701 -0.036392 0.996338
-13.5052 21.8524 10.7647 0.0819458 -0.0363519 0.995963
-12.5986 21.7518 10.6822 0.086521 -0.0363108 0.995588
-12.0591 23.1397 10.6864 0.0861717 -0.0367526 0.995602
-12.6932 24.1106 10.7771 0.0858662 -0.0364101 0.995641
-13.3258 24.8994 10.86 0.0858633 -0.0346377 0.995704
-13.9326 25.4097 10.9231 0.076681 -0.0285539 0.996647
-14.6598 26.2191 11.0016 0.0747547 -0.0291578 0.996775
-15.2704 27.1507 11.0755 0.0746268 -0.0301841 0.996755
-15.9108 28.4284 11.1581 0.0719619 -0.0274665 0.997029
-16.3181 29.2337 11.2095 0.0723795 -0.0278133 0.996989
-17.4376 29.8413 11.303 0.0659926 -0.0257972 0.997487
-18.2322 29.7006 11.3508 0.0641145 -0.0273576 0.997567
-18.7082 28.8368 11.3577 0.0640726 -0.026438 0.997595
-18.8597 27.5316 11.3321 0.0617173 -0.0270476 0.997727
-20.2839 28.4058 11.4413 0.0598799 -0.0272058 0.997835
-20.5103 27.0718 11.4185 0.0597395 -0.0270766 0.997847
-20.8492 26.1891 11.4152 0.0594753 -0.0265739 0.997876
-21.2417 25.152 11.409 0.0587561 -0.0293005 0.997842
-21.1582 23.7398 11.3627 0.0582226 -0.0310197 0.99782
-20.4744 23.3054 11.3088 0.0578506 -0.0328565 0.997784
-19.4379 22.9744 11.2338 0.0641892 -0.0324079 0.997411
-18.3556 22.9174 11.1623 0.0644674 -0.0316137 0.997419
-17.4454 22.7744 11.0956 0.0705482 -0.034096 0.996925
-16.4255 21.9512 10.9954 0.0720465 -0.0326959 0.996865
-15.8392 21.1189 10.9253 0.0743468 -0.0352658 0.996606
-15.0883 20.5551 10.8458 0.0803494 -0.0348862 0.996156
-14.271 20.3013 10.771 0.0803498 -0.034886 0.996156
-13.1364 19.8192 10.6591 0.0831476 -0.03684 0.995856
-12.3855 19.7203 10.5927 0.0831097 -0.0368509 0.995859
-11.638 19.7124 10.5298 0.0886784 -0.0363986 0.995388
-11.0576 20.3264 10.4992 0.0902815 -0.0356357 0.995275
-10.5392 20.9913 10.4755 0.0886709 -0.0336917 0.995491
-10.1245 21.7853 10.4654 0.0885135 -0.0353815 0.995445
-9.9485 22.5986 10.4801 0.0883562 -0.0370714 0.995399
-10.014 23.5256 10.5184 0.0950437 -0.0336859 0.994903
-10.5883 24.4143 10.6019 0.089413 -0.0334439 0.995433
-11.1777 24.9725 10.6736 0.0894128 -0.0334433 0.995433
-11.7302 25.5753 10.7421 0.0886559 -0.0315935 0.995561
-12.6058 26.3186 10.8431 0.0846238 -0.0278152 0.996012
-13.3894 27.2595 10.93 0.0804108 -0.0250743 0.996446
-13.6937 27.9414 10.9745 0.0804744 -0.0291438 0.996331
-14.0571 28.6375 11.0237 0.079292 -0.0270717 0.996484
-14.4413 29.6241 11.0811 0.0780371 -0.029214 0.996519
-15.0267 30.7681 11.1592 0.0724558 -0.0285409 0.996963
-15.6133 31.3651 11.219 0.0725642 -0.0284894 0.996957
-16.7415 31.8743 11.3099 0.0663933 -0.0265745 0.99744
-17.6808 31.8331 11.3713 0.066393 -0.0265748 0.99744
-18.6719 31.7821 11.4337 0.0635118 -0.0255667 0.997654
-19.7132 31.8413 11.4992 0.0594292 -0.0257317 0.997899
-20.4321 32.0589 11.5464 0.0580821 -0.0247281 0.998006
-21.2815 32.518 11.6072 0.0580984 -0.0257256 0.997979
-22.0547 32.9462 11.6637 0.0572001 -0.0257328 0.99803
-22.4168 34.1929 11.715 0.0562863 -0.0247439 0.998108
-22.8561 35.0559 11.7578 0.0533747 -0.022625 0.998318
-23.4085 35.6917 11.8019 0.0536156 -0.0213914 0.998332
-23.9472 36.2441 11.8418 0.0520001 -0.0203201 0.99844
-24.8902 36.896 11.9033 0.0484493 -0.0215465 0.998593
-25.9728 36.8817 11.9551 0.0480728 -0.0212332 0.998618
-27.1389 36.3024 11.9979 0.047257 -0.0214293 0.998653
-27.8709 35.4636 12.0146 0.0464112 -0.020854 0.998704
-28.0339 34.5605 12.0023 0.0467588 -0.0223263 0.998657
-27.8732 33.8216 11.9783 0.0467587 -0.0223275 0.998657
-27.314 32.824 11.9301 0.0471009 -0.0226144 0.998634
-26.8547 31.777 11.8838 0.0473932 -0.0233342 0.998604
-25.814 31.0382 11.8161 0.0499689 -0.0247266 0.998444
-24.8438 30.811 11.761 0.0525841 -0.0265978 0.99826
-23.9024 30.7901 11.709 0.0545327 -0.0272166 0.998141
-22.946 30.9211 11.66 0.0552936 -0.0268728 0.998108
-21.7877 30.863 11.5939 0.0556572 -0.026967 0.998086
-20.2043 31.1804 11.5114 0.0594295 -0.0257318 0.997899
-20.2187 30.0517 11.4823 0.0603252 -0.0267239 0.997821
-20.2402 29.189 11.46 0.0598799 -0.0272058 0.997835
-23.8431 32.5247 11.7507 0.0537242 -0.0236625 0.998275
-24.713 32.6983 11.7998 0.0503854 -0.0223514 0.99848
-25.6637 33.4433 11.8645 0.0503588 -0.0222632 0.998483
-26.058 34.1637 11.9004 0.0488364 -0.0219654 0.998564
-25.9684 34.7987 11.91 0.0488363 -0.0219654 0.998564
-24.7669 34.6736 11.8466 0.0503321 -0.0221753 0.998486
-24.1931 33.891 11.8003 0.0503587 -0.0222633 0.998483
-23.8129 32.9962 11.7603 0.0537242 -0.0236625 0.998275
-18.208 39.4223 11.5903 0.0623473 -0.0184798 0.997882
-17.4233 39.2563 11.5364 0.0645323 -0.0212751 0.997689
-16.4092 39.4754 11.4755 0.0645324 -0.0212753 0.997689
-15.6616 39.9412 11.4365 0.0662721 -0.0219998 0.997558
-15.081 40.9601 11.4189 0.0661039 -0.0205064 0.997602
-14.7842 42.1715 11.4242 0.0660872 -0.020524 0.997603
-15.1085 43.2355 11.4676 0.0661288 -0.0206209 0.997598
-15.5767 44.081 11.5164 0.0651728 -0.0220328 0.997631
-16.4771 44.9615 11.5895 0.0590045 -0.018116 0.998093
-17.8843 45.5072 11.6826 0.0590047 -0.0181177 0.998093
-18.6344 45.4025 11.723 0.0533472 -0.0145295 0.99847
-19.5671 44.6031 11.7613 0.053321 -0.0142845 0.998475
-19.9575 43.9355 11.7726 0.0528375 -0.014863 0.998492
-20.1697 43.014 11.7672 0.0534974 -0.0184894 0.998397
-20.1346 41.9712 11.746 0.0540828 -0.0185683 0.998364
-19.7248 41.0673 11.7082 0.0534861 -0.0172236 0.99842
-19.149 40.4804 11.6671 0.0594734 -0.0159215 0.998099
-18.7089 39.8604 11.6288 0.0566946 -0.0215621 0.998159
-18.6395 39.8002 11.6236 0.0587987 -0.0199262 0.998067
-17.9961 41.5964 11.618 0.0593308 -0.0202651 0.998028
-17.02 41.3466 11.5519 0.0625173 -0.0205967 0.997831
-16.769 42.6194 11.562 0.0620708 -0.0203884 0.997863
-18.0459 43.6597 11.6627 0.0620706 -0.0203888 0.997863
-18.5662 42.5777 11.6703 0.0563652 -0.0204208 0.998201
-18.426 42.0784 11.6521 0.0563653 -0.0204204 0.998201
-10.4187 36.8883 10.9738 0.0800712 -0.0255303 0.996462
-10.8676 36.2457 10.9935 0.0800032 -0.025614 0.996465
-11.0091 35.2481 10.9791 0.0799353 -0.0256976 0.996469
-10.7987 34.1675 10.9331 0.0801544 -0.0291751 0.996354
-10.4128 33.425 10.8794 0.079344 -0.0308402 0.99637
-10.0108 32.7906 10.8273 0.0811313 -0.0337579 0.996132
-9.53349 31.922 10.759 0.08286 -0.0340882 0.995976
-8.75422 31.4621 10.6758 0.0854744 -0.0367855 0.995661
-7.97104 31.5556 10.612 0.0913395 -0.0355675 0.995166
-7.21982 31.5895 10.5398 0.0972041 -0.0343496 0.994672
-6.28066 31.9461 10.4589 0.101212 -0.0362729 0.994203
-5.90849 32.5982 10.4439 0.0989416 -0.0316529 0.99459
-5.7078 33.7759 10.4618 0.0987874 -0.0324322 0.99458
-5.61714 34.8655 10.4885 0.0986823 -0.0317831 0.994611
-5.83907 35.6799 10.5344 0.096878 -0.0274627 0.994917
-6.50356 36.9849 10.6351 0.0968775 -0.027462 0.994917
-7.59287 37.88 10.7605 0.0870951 -0.0299458 0.995749
-8.82548 37.9857 10.8721 0.086305 -0.0282326 0.995867
-9.6114 37.6204 10.9292 0.0849642 -0.0271084 0.996015
-10.3485 36.9721 10.9704 0.0808454 -0.0280822 0.996327
-10.3858 36.9389 10.9725 0.0800712 -0.0255303 0.996462
-8.9733 35.6125 10.8189 0.0876022 -0.0270615 0.995788
-9.13816 34.3814 10.8015 0.0876759 -0.0255443 0.995821
-8.43483 33.4871 10.7152 0.0895718 -0.0283441 0.995576
-7.55329 33.8998 10.6473 0.0910886 -0.0270175 0.995475
-7.32571 34.7106 10.648 0.0927182 -0.0269351 0.995328
-7.50029 35.5946 10.6888 0.0900199 -0.027883 0.995546
-8.60383 35.9024 10.7943 0.0876021 -0.0270615 0.995788
-1.91992 21.3452 9.59299 0.115266 -0.0411808 0.99248
-0.802322 21.3905 9.46133 0.119191 -0.0425286 0.99196
0.0265251 21.2599 9.35374 0.126771 -0.0403839 0.991109
0.950566 20.6366 9.20906 0.127436 -0.0411124 0.990994
1.42693 19.7501 9.11091 0.128446 -0.0427637 0.990792
1.68708 18.9984 9.04344 0.129695 -0.0440159 0.990577
1.8193 17.9385 8.98118 0.131443 -0.0414024 0.990458
1.4824 16.6894 8.97314 0.133308 -0.0404607 0.990247
0.900388 15.8833 9.01995 0.132166 -0.0388394 0.990466
0.152449 15.3649 9.09942 0.131545 -0.0395501 0.99052
-0.577835 15.1436 9.18289 0.123 -0.038419 0.99166
-1.40928 15.2681 9.28961 0.121857 -0.0364987 0.991876
-2.13125 15.4712 9.38544 0.117031 -0.0392822 0.992351
-2.896 16.1275 9.50162 0.115068 -0.0379058 0.992631
-3.15 17.155 9.56865 0.112613 -0.037357 0.992936
-3.29411 17.9546 9.61507 0.112785 -0.0378197 0.992899
-3.48041 19.1271 9.68148 0.112956 -0.0382819 0.992862
-3.17395 20.1081 9.68373 0.113829 -0.0395858 0.992708
-2.21401 21.1812 9.61986 0.113542 -0.0419687 0.992646
-1.05262 19.5512 9.41861 0.116123 -0.0401706 0.992416
-0.234156 19.1881 9.30014 0.126553 -0.0417401 0.991081
0.108302 18.4198 9.22442 0.127035 -0.0413686 0.991035
-0.120982 17.3441 9.20869 0.128263 -0.0390499 0.990967
-1.35119 17.2241 9.35822 0.120252 -0.038763 0.991986
-1.61406 17.9465 9.41772 0.118133 -0.0422349 0.992099
-1.61758 18.7771 9.4535 0.118133 -0.0422349 0.992099
-1.16337 19.4435 9.42668 0.113829 -0.0395858 0.992708
7.94331 13.2136 7.90206 0.153254 -0.0387955 0.98742
8.38195 13.8595 7.86095 0.153942 -0.0417075 0.987199
8.88146 14.7579 7.81607 0.158789 -0.0367051 0.98663
9.65763 15.3133 7.70865 0.166111 -0.0395825 0.985307
10.3892 15.5265 7.59486 0.16572 -0.0427795 0.985244
11.55 15.5672 7.40137 0.170325 -0.0414647 0.984503
12.524 15.2633 7.21492 0.176153 -0.04129 0.983497
13.4272 14.9716 7.0409 0.17812 -0.041009 0.983152
14.0611 14.4769 6.90302 0.182144 -0.0402362 0.982445
14.6636 13.5583 6.75583 0.182293 -0.0378699 0.982515
15.2119 12.6752 6.61656 0.186271 -0.0401023 0.981679
15.8503 11.6946 6.45655 0.186473 -0.038801 0.981694
17.0094 11.1889 6.20955 0.191044 -0.0430788 0.980636
18.081 11.0081 5.9878 0.201183 -0.0398119 0.978741
19.3386 10.8791 5.72147 0.202956 -0.0412845 0.978317
20.4075 10.6851 5.49055 0.208666 -0.0428705 0.977035
21.0642 10.2875 5.32905 0.212784 -0.0395105 0.97628
21.8566 9.42888 5.12676 0.213218 -0.0332789 0.976438
22.0362 8.14956 5.03716 0.219871 -0.0364585 0.974845
21.7496 7.37282 5.0745 0.220435 -0.034457 0.974793
21.0354 6.53242 5.19732 0.212919 -0.0339853 0.976468
20.1412 6.02253 5.37713 0.212413 -0.0299882 0.976719
19.0791 5.58719 5.58666 0.202635 -0.0309868 0.978764
17.8469 5.23445 5.82939 0.198229 -0.0311572 0.979655
17.0239 4.0835 5.95632 0.195638 -0.0310527 0.980184
16.4016 3.28441 6.05576 0.195968 -0.0290164 0.98018
15.8604 2.62862 6.14425 0.186613 -0.0287139 0.982014
15.1408 1.74399 6.25513 0.186614 -0.0287138 0.982014
14.653 0.982597 6.32743 0.188648 -0.0265199 0.981687
14.0581 -0.235488 6.40884 0.187599 -0.0229245 0.981971
13.1351 -1.27418 6.55022 0.173625 -0.0211929 0.984584
12.109 -1.78443 6.72131 0.172184 -0.0238556 0.984769
11.2025 -1.99399 6.87121 0.168612 -0.0245389 0.985377
10.0135 -2.15297 7.07126 0.165754 -0.019954 0.985959
9.22379 -1.64243 7.21366 0.16175 -0.025816 0.986494
8.67896 -0.999771 7.31981 0.160475 -0.0246114 0.986731
7.95983 -0.241401 7.4538 0.159203 -0.0234097 0.986968
7.84004 1.24339 7.51233 0.158252 -0.0271325 0.987026
7.97705 2.28294 7.51836 0.156992 -0.0290218 0.98717
8.45888 3.15928 7.46755 0.161652 -0.029446 0.986408
9.19299 3.94331 7.37065 0.161339 -0.0292903 0.986464
9.72315 4.79074 7.3096 0.163956 -0.0327844 0.98592
9.95596 6.14606 7.31445 0.162272 -0.0314001 0.986246
9.67746 7.3363 7.4007 0.162325 -0.0335573 0.986167
9.53668 8.31752 7.45715 0.161392 -0.0356919 0.986242
9.14582 9.54012 7.56784 0.160593 -0.0379582 0.986291
8.3001 10.4861 7.74347 0.16149 -0.0389281 0.986106
7.79769 11.3162 7.85457 0.15231 -0.0380792 0.987599
7.80301 12.4027 7.89427 0.152566 -0.0358832 0.987642
7.89845 13.1238 7.90573 0.152566 -0.0358835 0.987642
9.66298 12.3727 7.59751 0.162728 -0.0383486 0.98592
9.76387 11.6083 7.55001 0.164481 -0.0404399 0.985541
10.2056 10.9284 7.44635 0.167376 -0.0393132 0.985107
10.6952 10.0595 7.33025 0.165906 -0.0381729 0.985402
11.0061 9.041 7.23919 0.167411 -0.0376028 0.985169
11.2244 7.96089 7.15988 0.168166 -0.0383326 0.985013
11.4324 7.01371 7.09441 0.169388 -0.0306813 0.985072
11.5407 6.12968 7.04544 0.173113 -0.032552 0.984362
11.4933 5.35043 7.02932 0.173326 -0.0309141 0.984379
11.2902 4.54264 7.03765 0.165435 -0.0305993 0.985739
10.892 3.65091 7.07993 0.16523 -0.02703 0.985885
10.2651 2.69509 7.15878 0.163129 -0.0280828 0.986202
9.74016 1.51701 7.21212 0.161119 -0.0259443 0.986594
9.79904 0.695817 7.18091 0.165043 -0.0276895 0.985888
10.4263 0.0258195 7.05331 0.168338 -0.0266488 0.985365
11.5167 0.0481194 6.86829 0.168161 -0.0242011 0.985462
12.4732 0.700363 6.71745 0.174554 -0.0278657 0.984253
12.9806 1.48593 6.64972 0.177319 -0.0262054 0.983799
13.4472 2.3635 6.58822 0.179526 -0.0311259 0.983261
13.8754 2.98309 6.52967 0.179526 -0.0311256 0.983261
14.6517 3.82312 6.40877 0.186149 -0.0312995 0.982019
15.2268 4.6177 6.32746 0.185743 -0.0339382 0.982012
15.6815 5.37732 6.26524 0.195401 -0.031732 0.98021
16.3133 6.17578 6.16584 0.195164 -0.0324114 0.980235
17.2227 6.84178 6.00681 0.198229 -0.0311568 0.979655
18.278 7.14645 5.80192 0.200317 -0.0374617 0.979015
19.2413 7.60331 5.62231 0.200317 -0.037462 0.979015
19.8218 8.51154 5.53081 0.206931 -0.0353699 0.977715
19.1769 9.15245 5.69141 0.205232 -0.0355898 0.978064
18.4017 9.2662 5.85676 0.200352 -0.0360161 0.979054
17.1565 9.48437 6.1156 0.19703 -0.0377672 0.97967
15.8882 9.80291 6.37734 0.188462 -0.0354085 0.981432
14.8041 10.3357 6.60126 0.183123 -0.0360242 0.982428
14.2723 10.9246 6.7204 0.181763 -0.0346887 0.98273
13.6065 11.9141 6.88361 0.179126 -0.0403401 0.982996
13.0485 12.8542 7.02159 0.177639 -0.0388746 0.983328
12.3593 13.4844 7.171 0.177295 -0.0399227 0.983347
11.6452 13.6808 7.30651 0.175088 -0.0408245 0.983706
10.8929 13.5134 7.43346 0.170795 -0.0386051 0.984538
10.0868 13.0588 7.55212 0.165534 -0.0370371 0.985508
9.86073 12.7521 7.57856 0.165534 -0.0370373 0.985508
12.4789 9.66387 7.0012 0.176902 -0.0369151 0.983536
13.4652 8.92448 6.79795 0.179035 -0.0346388 0.983229
14.5452 8.63283 6.58664 0.184879 -0.0349061 0.982141
15.4835 8.21534 6.39518 0.184879 -0.0349061 0.982141
15.229 7.30502 6.40823 0.189837 -0.0329842 0.981243
14.4712 6.55591 6.52996 0.182241 -0.0304425 0.982782
13.1973 5.91165 6.74622 0.182264 -0.0303283 0.982782
13.2159 6.76976 6.76918 0.182033 -0.0302109 0.982828
12.8217 7.68535 6.87032 0.181553 -0.0334174 0.982808
12.8048 8.55918 6.90465 0.176996 -0.0326539 0.98367
12.589 9.35743 6.96997 0.176996 -0.0326538 0.98367
12.5853 9.3754 6.97124 0.176949 -0.0347845 0.983603
13.985 -5.92367 6.31286 0.178742 -0.0171707 0.98374
13.0017 -6.35614 6.48072 0.175053 -0.0149314 0.984444
12.0461 -7.23598 6.63859 0.171215 -0.0142609 0.985123
11.7869 -8.10054 6.66917 0.167714 -0.0154133 0.985715
11.5409 -8.89077 6.6983 0.167635 -0.0159607 0.98572
11.5522 -9.7281 6.6841 0.166326 -0.0136204 0.985977
11.9918 -10.4642 6.60003 0.166534 -0.0131603 0.985948
12.3168 -11.3935 6.53795 0.165583 -0.00697712 0.986171
12.9791 -12.3542 6.4206 0.165024 -0.00661702 0.986267
13.5628 -12.8783 6.31943 0.165164 -0.00620002 0.986247
14.8328 -13.1934 6.08921 0.180042 -0.000361012 0.983659
15.6213 -13.305 5.94486 0.180042 -0.000360895 0.983659
16.527 -13.5561 5.77899 0.182278 -0.00224113 0.98324
17.2962 -14.2394 5.6317 0.184514 -0.00412052 0.982821
17.7495 -14.9056 5.5438 0.184513 -0.00412135 0.982821
18.4432 -15.965 5.41588 0.188979 0.00473756 0.98197
18.988 -16.7323 5.31475 0.192536 0.00680692 0.981257
19.703 -17.1919 5.1756 0.196614 0.00842857 0.980445
20.43 -17.28 5.03057 0.201755 0.00786138 0.97939
21.2933 -17.4667 4.84939 0.206894 0.0072949 0.978336
22.0193 -17.6239 4.69703 0.204141 0.0114296 0.978862
22.8816 -17.2123 4.50595 0.212621 0.0114369 0.977068
23.5544 -16.2432 4.34818 0.21262 0.0114368 0.977068
23.7343 -15.0597 4.29707 0.223495 0.00655561 0.974676
23.6631 -14.2039 4.30665 0.220608 0.00562409 0.975345
23.2719 -13.4391 4.39234 0.221148 0.00384057 0.975233
22.9942 -12.7211 4.45137 0.224617 0.00349789 0.974434
23.2822 -11.7156 4.38499 0.224757 -5.49494e-05 0.974415
24.107 -10.9165 4.19391 0.22542 0.000501321 0.974262
24.8688 -10.2947 4.01488 0.239444 0.000303821 0.970907
25.6165 -9.89404 3.82814 0.241133 0.0022704 0.97049
26.4895 -9.60746 3.61095 0.243672 -0.00700357 0.969832
27.2035 -9.18645 3.42859 0.252301 -0.0078734 0.967617
27.7451 -8.63128 3.29187 0.253787 -0.00585183 0.967239
28.2192 -7.87604 3.16969 0.255273 -0.00382996 0.966861
28.4865 -7.03183 3.10248 0.255557 -0.00450666 0.966783
28.2794 -5.98215 3.16874 0.263282 -0.00859956 0.964681
27.8153 -5.01546 3.30224 0.252487 -0.0115877 0.967531
27.1396 -4.66587 3.48244 0.252208 -0.0112866 0.967607
26.2809 -4.2466 3.70309 0.24258 -0.00949616 0.970085
25.1834 -3.59981 3.98012 0.240357 -0.00679395 0.970661
24.2361 -3.2099 4.21742 0.240357 -0.00679129 0.970661
23.3128 -3.43346 4.42752 0.221899 -0.0120819 0.974978
21.6223 -4.15068 4.80468 0.219664 -0.00892941 0.975532
21.1543 -4.80349 4.90024 0.209217 -0.0124198 0.97779
20.7582 -5.73958 4.9731 0.209782 -0.0115486 0.97768
20.219 -6.59949 5.07973 0.210416 -0.0109342 0.977551
19.4557 -7.05598 5.23296 0.20005 -0.0116814 0.979716
18.826 -7.4461 5.35689 0.200052 -0.0116802 0.979716
17.893 -7.5398 5.54662 0.200365 -0.0114438 0.979654
16.7848 -6.92556 5.76834 0.189132 -0.00917285 0.981909
15.7158 -6.36479 5.98323 0.186901 -0.0175498 0.982212
14.8172 -6.16323 6.15394 0.182643 -0.0182635 0.98301
14.1456 -5.99215 6.2819 0.182351 -0.0179385 0.98307
14.0988 -7.8829 6.26716 0.179362 -0.0118364 0.983695
13.5784 -9.2596 6.34252 0.173654 -0.0115094 0.98474
13.9033 -10.1195 6.2714 0.177267 -0.00938387 0.984105
14.3642 -11.0304 6.18503 0.175457 -0.00456637 0.984476
15.2364 -11.6158 6.02686 0.18029 -0.00497284 0.983589
16.0656 -11.7436 5.87115 0.183678 -0.0031457 0.982981
16.8053 -11.9237 5.73236 0.183678 -0.00314585 0.982981
18.0265 -12.6297 5.49006 0.194131 -0.0026254 0.980972
18.7361 -13.3555 5.35019 0.19416 0.000393063 0.98097
19.6276 -14.4836 5.17311 0.194896 5.42755e-05 0.980824
20.5762 -15.2638 4.98466 0.19741 0.0014777 0.980316
21.6304 -15.1205 4.75905 0.208134 0.00821955 0.978066
21.563 -13.7385 4.77008 0.210722 0.00166547 0.977545
21.367 -12.7584 4.80965 0.212845 -0.000780872 0.977075
21.6129 -11.6415 4.76225 0.215603 -0.00262916 0.97647
21.9729 -10.6916 4.6792 0.21567 0.00363872 0.97646
22.4601 -10.0655 4.57314 0.217175 -0.00128364 0.976127
23.1204 -9.59421 4.42444 0.219788 -9.07634e-05 0.975548
23.9243 -9.16656 4.24019 0.225225 -0.00451613 0.974295
24.6666 -8.6839 4.06735 0.227971 -0.00132166 0.973657
25.6966 -7.98649 3.82084 0.242497 -0.00435118 0.970142
26.1761 -7.31839 3.70398 0.242095 -0.00480826 0.97024
25.8556 -6.1644 3.79007 0.241693 -0.00526613 0.970338
25.1233 -5.64686 3.9779 0.237873 -0.00880068 0.971247
24.2677 -5.17786 4.18732 0.231109 -0.00940868 0.972876
23.3705 -5.28882 4.39687 0.228966 -0.0119151 0.973361
22.4318 -6.25116 4.59824 0.219398 -0.011814 0.975564
21.916 -7.09022 4.70461 0.219477 -0.0111817 0.975554
21.4897 -7.7399 4.79306 0.214981 -0.0111857 0.976543
20.7202 -8.40038 4.95252 0.204916 -0.000974556 0.978779
19.8779 -8.87398 5.1284 0.202962 -0.00257891 0.97918
19.0668 -9.15509 5.29316 0.199352 -0.00381786 0.979921
18.3171 -9.28685 5.44516 0.199351 -0.00381805 0.979921
17.312 -9.16665 5.64766 0.190672 -0.00604185 0.981621
16.4807 -8.76159 5.80856 0.188043 -0.01019 0.982108
15.6366 -8.22139 5.97578 0.188042 -0.0101899 0.982108
14.9033 -7.95435 6.11551 0.183534 -0.00954243 0.982967
14.5194 -7.93387 6.18739 0.184286 -0.0104316 0.982817
18.7574 -11.1909 5.34834 0.194809 -0.00177719 0.98084
19.4467 -10.7178 5.21036 0.200415 -0.000931963 0.97971
20.0671 -10.9762 5.08296 0.201103 -0.000140468 0.97957
19.7315 -11.7426 5.1505 0.199729 -0.00172375 0.97985
18.9397 -11.4831 5.3116 0.194809 -0.0017768 0.98084
11.1043 -18.6841 6.72487 0.157096 0.00383647 0.987576
11.6276 -19.5332 6.64166 0.161364 0.00626824 0.986864
11.6595 -20.5735 6.64781 0.160366 0.0107521 0.986999
11.1657 -21.3796 6.73015 0.153363 0.00606835 0.988151
10.2522 -22.1972 6.87937 0.149408 0.0098457 0.988721
9.24303 -22.4347 7.0313 0.147702 0.00743881 0.989004
8.49516 -22.6411 7.14455 0.147702 0.00743884 0.989004
7.47896 -23.2582 7.29341 0.141041 0.00317982 0.989999
6.74446 -23.6124 7.39768 0.134971 0.00359365 0.99084
5.99684 -23.901 7.49858 0.133026 0.00191871 0.991111
4.94057 -24.0672 7.64067 0.129086 0.00430038 0.991613
4.15416 -23.8984 7.73873 0.125147 0.00668206 0.992116
3.23173 -23.6874 7.85367 0.124605 0.00572958 0.992189
2.59536 -23.3173 7.93025 0.115245 -0.00437447 0.993327
1.89057 -22.1792 8.01568 0.116961 -0.00201337 0.993134
1.86393 -21.3467 8.0201 0.1177 -0.00217783 0.993046
2.02019 -20.4291 8.00393 0.118852 -0.00208016 0.99291
2.25896 -19.5118 7.97727 0.122107 -0.00187416 0.99251
2.70035 -18.8064 7.92237 0.126435 -0.00383212 0.991963
3.93455 -17.9086 7.77052 0.127041 -0.00687587 0.991874
4.79195 -17.3742 7.66259 0.133297 -0.00394222 0.991056
5.49377 -17.0855 7.56561 0.138128 -0.00310384 0.990409
6.28694 -16.9873 7.4538 0.146144 -0.00299924 0.989259
7.55938 -17.0721 7.26557 0.146144 -0.00299943 0.989259
8.64925 -17.2231 7.1041 0.146144 -0.00299941 0.989259
9.83821 -17.5782 6.9235 0.155751 0.000993872 0.987793
10.547 -18.1814 6.81157 0.157096 0.0038363 0.987576
9.25784 -19.5335 7.01835 0.150998 0.00303096 0.988521
9.33753 -20.5023 7.00954 0.151259 0.00412929 0.98848
8.32603 -20.9562 7.16117 0.143435 0.00576333 0.989643
7.14951 -21.4719 7.3347 0.140783 0.00274301 0.990028
6.39668 -21.92 7.43957 0.13813 -0.000276864 0.990414
4.76885 -22.12 7.65494 0.128175 0.00113805 0.991751
3.69979 -21.6902 7.79261 0.128936 -0.000507939 0.991651
3.67491 -20.716 7.79695 0.124851 -0.00057723 0.992175
4.09167 -20.0637 7.74489 0.127274 -0.00136564 0.991863
4.72585 -19.3745 7.66283 0.132872 -0.00450965 0.991123
5.40941 -18.9291 7.57322 0.134489 -0.00322585 0.990908
6.46561 -18.6298 7.42675 0.139554 -0.00241831 0.990211
7.58999 -18.732 7.26305 0.147306 0.00322304 0.989085
8.96273 -19.1982 7.06087 0.147035 0.0039887 0.989123
4.18381 -14.0245 7.76246 0.135177 -0.00633009 0.990801
4.87286 -13.1229 7.67797 0.133596 -0.0110061 0.990975
5.26826 -12.4901 7.63059 0.141055 -0.011349 0.989937
5.46676 -11.279 7.61648 0.143539 -0.0127615 0.989557
5.22693 -10.3565 7.66209 0.141274 -0.0150012 0.989857
4.8554 -9.55426 7.72848 0.139097 -0.0173774 0.990126
4.07889 -8.85772 7.84818 0.137636 -0.0157767 0.990357
3.17911 -8.31906 7.98181 0.137636 -0.0157768 0.990357
1.97019 -7.91838 8.15042 0.128631 -0.0190161 0.991509
1.55739 -6.953 8.22132 0.126039 -0.0225121 0.99176
1.44926 -6.0816 8.25398 0.123484 -0.0164838 0.99221
1.39116 -4.84686 8.28955 0.129407 -0.0225457 0.991334
1.38718 -3.69119 8.31552 0.129931 -0.0255065 0.991188
1.13428 -2.98029 8.36906 0.127744 -0.0266372 0.991449
0.83307 -2.0978 8.43158 0.128198 -0.0251583 0.991428
0.11562 -1.55259 8.5358 0.12228 -0.0263512 0.992145
-0.744076 -1.39754 8.64532 0.121497 -0.0271639 0.99222
-2.02795 -1.55781 8.79436 0.117375 -0.0268715 0.992724
-2.75975 -2.16735 8.86398 0.11698 -0.0273319 0.992758
-3.35334 -2.84877 8.91517 0.114431 -0.0266352 0.993071
-3.80067 -3.73285 8.94203 0.110464 -0.0261372 0.993535
-3.7499 -5.13219 8.90113 0.10955 -0.0250633 0.993665
-3.39483 -6.26717 8.83504 0.110039 -0.0224033 0.993675
-2.62191 -6.72865 8.73775 0.117847 -0.0223193 0.992781
-1.76527 -7.19285 8.62563 0.117847 -0.0223192 0.992781
-0.846087 -7.63197 8.50752 0.119186 -0.0205443 0.992657
-0.207677 -8.06425 8.42108 0.121319 -0.0195771 0.99242
-0.0538609 -8.93524 8.38572 0.123231 -0.0168025 0.992236
-0.10899 -9.74306 8.37688 0.119147 -0.0193473 0.992688
-0.042994 -10.9853 8.34569 0.121477 -0.0172476 0.992444
0.145797 -11.7142 8.30992 0.121476 -0.0172496 0.992444
0.47586 -12.8153 8.2531 0.120321 -0.0140319 0.992636
0.664951 -13.6565 8.21842 0.12042 -0.0132665 0.992634
1.32997 -14.0593 8.13254 0.121946 -0.0115302 0.992467
2.49304 -14.5354 7.98285 0.12644 -0.0103319 0.991916
3.47343 -14.2905 7.85768 0.12926 -0.0106724 0.991553
3.47399 -14.2902 7.85761 0.135177 -0.00633013 0.990801
3.02556 -12.3957 7.93696 0.132604 -0.0129628 0.991081
2.17615 -12.2393 8.05045 0.130278 -0.011829 0.991407
1.96591 -11.1843 8.09236 0.13038 -0.0162438 0.991331
1.56007 -10.5216 8.15634 0.130156 -0.0160132 0.991364
2.41412 -9.89739 8.0543 0.130155 -0.0160132 0.991364
3.36895 -10.5443 7.91814 0.130604 -0.0164748 0.991298
3.63653 -11.3318 7.86891 0.135722 -0.0154009 0.990626
3.20755 -12.2375 7.91443 0.13493 -0.0140971 0.990755
3.15331 -12.3271 7.92054 0.134929 -0.014097 0.990755
-0.191689 -5.80834 8.46731 0.121866 -0.0235831 0.992266
-0.248438 -4.41091 8.5072 0.122315 -0.0235652 0.992211
-0.635436 -3.41976 8.57873 0.122532 -0.0237615 0.99218
-1.51326 -3.57528 8.6805 0.116037 -0.0247431 0.992937
-1.98402 -4.21451 8.71958 0.116037 -0.0247435 0.992937
-1.68315 -5.36869 8.65746 0.117447 -0.0226236 0.992821
-1.00806 -5.73331 8.56918 0.119571 -0.0233028 0.99255
-5.37093 -11.0349 8.95404 0.105384 -0.0192477 0.994245
-4.55905 -11.6555 8.85597 0.105282 -0.0189668 0.994261
-4.27414 -12.6349 8.80696 0.105997 -0.0190632 0.994184
-4.35987 -13.4323 8.80081 0.105997 -0.0190628 0.994184
-4.37363 -14.3156 8.78816 0.106044 -0.0145925 0.994254
-4.73213 -15.5323 8.80638 0.104364 -0.016288 0.994406
-5.05703 -16.1998 8.83024 0.102013 -0.0134006 0.994691
-5.8668 -16.5068 8.90786 0.101137 -0.0148578 0.994762
-6.62857 -16.7432 8.98178 0.0982595 -0.015661 0.995033
-7.45634 -16.8722 9.05897 0.0953813 -0.0164631 0.995305
-8.40823 -16.587 9.15292 0.0886976 -0.0163302 0.995925
-9.32033 -15.4887 9.25253 0.0884243 -0.0169803 0.995938
-9.52833 -14.7637 9.28522 0.0893681 -0.0192914 0.995812
-9.52629 -13.8309 9.30221 0.0865347 -0.0209336 0.996025
-9.11963 -12.7664 9.28843 0.0906943 -0.0205166 0.995667
-8.77383 -12.1004 9.27066 0.0906939 -0.0205168 0.995667
-8.06108 -11.3868 9.22043 0.0924458 -0.0213455 0.995487
-7.19136 -10.8926 9.14451 0.0983319 -0.0180095 0.994991
-6.42291 -10.6803 9.07241 0.101858 -0.0186287 0.994618
-5.43744 -11.0133 8.96151 0.105385 -0.0192478 0.994245
-6.772 -12.6261 9.0712 0.0976744 -0.0207295 0.99499
-7.54299 -13.315 9.12948 0.0928238 -0.019668 0.995488
-7.57979 -14.4809 9.10987 0.0932591 -0.0185713 0.995468
-6.90311 -14.8416 9.0381 0.100544 -0.0157192 0.994808
-6.29632 -14.1709 8.98831 0.101238 -0.0191853 0.994673
-6.1876 -13.1495 8.99948 0.102525 -0.0217907 0.994492
-9.35495 -8.23774 9.41137 0.0942108 -0.0217009 0.995315
-10.4348 -8.67472 9.50007 0.0886748 -0.0196453 0.995867
-11.298 -8.85456 9.57338 0.0886744 -0.0196449 0.995867
-12.1087 -8.86175 9.64444 0.0831419 -0.0247872 0.996228
-13.2477 -8.51786 9.74395 0.0789844 -0.0243951 0.996577
-13.9385 -8.21777 9.80567 0.0784998 -0.0242911 0.996618
-14.542 -7.28851 9.87671 0.0778994 -0.0253137 0.996639
-14.6378 -6.40638 9.90624 0.076352 -0.0250802 0.996765
-14.5468 -5.53176 9.92128 0.0773254 -0.0270926 0.996635
-14.0984 -4.88737 9.90439 0.0809229 -0.0289688 0.996297
-12.9905 -4.05872 9.83694 0.0827375 -0.0295279 0.996134
-11.7988 -3.38871 9.75267 0.0866794 -0.027798 0.995848
-10.5563 -3.46421 9.64192 0.0890202 -0.0267572 0.995668
-9.48201 -4.07956 9.52812 0.0945726 -0.0269971 0.995144
-8.92282 -4.99346 9.44834 0.0975646 -0.0253267 0.994907
-8.56254 -5.75385 9.39365 0.0975654 -0.0253269 0.994907
-8.47166 -6.57292 9.36204 0.0931159 -0.0244242 0.995344
-8.79263 -7.31028 9.37754 0.093153 -0.0196246 0.995458
-8.82708 -7.36986 9.37958 0.0939654 -0.0204116 0.995366
-10.4687 -6.56196 9.54913 0.0931159 -0.0244242 0.995344
-11.6505 -7.09106 9.64325 0.0874178 -0.0216309 0.995937
-12.6424 -6.66258 9.73962 0.0875141 -0.02345 0.995886
-12.6713 -5.76508 9.76493 0.0842467 -0.0246196 0.996135
-12.0002 -5.29569 9.7178 0.0873168 -0.0255516 0.995853
-10.5856 -5.61967 9.58578 0.0870224 -0.0258344 0.995871
-10.4727 -5.9872 9.56638 0.0900506 -0.0275288 0.995551
-5.26781 -20.9213 8.79847 0.100548 -0.0102025 0.99488
-5.95491 -21.528 8.8602 0.0939593 -0.00999681 0.995521
-6.51023 -22.4465 8.90299 0.0919179 -0.00807598 0.995734
-6.95058 -23.4886 8.93486 0.0931675 -0.00693936 0.995624
-7.01529 -24.4201 8.93353 0.0890712 -0.00887478 0.995986
-6.70897 -25.2547 8.89848 0.0889618 -0.00939952 0.995991
-6.28465 -26.0184 8.8533 0.0890222 -0.00950577 0.995984
-5.76801 -26.5226 8.80337 0.0898086 -0.00393118 0.995951
-4.67147 -26.915 8.70294 0.0897272 -0.00385312 0.995959
-3.81471 -26.8674 8.62209 0.0987732 -0.00168005 0.995109
-2.9359 -26.4245 8.53548 0.0990293 -0.00375021 0.995075
-2.33969 -25.869 8.47681 0.104465 -0.00105101 0.994527
-1.90161 -24.9928 8.43126 0.106139 -0.000535433 0.994351
-1.69855 -23.9407 8.41174 0.106984 -0.00409641 0.994252
-1.43624 -22.7466 8.38844 0.106342 -0.00377835 0.994322
-1.89464 -21.8939 8.44163 0.104408 -0.00675139 0.994512
-2.642 -21.3472 8.5238 0.104408 -0.0067514 0.994512
-3.65935 -20.8676 8.63419 0.104775 -0.00714637 0.99447
-5.02182 -20.8595 8.77425 0.100548 -0.0102028 0.99488
-4.05566 -22.6545 8.66427 0.100077 -0.00389966 0.994972
-4.7516 -23.2655 8.73188 0.096444 -0.00641432 0.995308
-4.93447 -24.4097 8.74089 0.0937439 -0.00528978 0.995582
-4.46181 -25.0373 8.69274 0.094906 -0.00579931 0.995469
-3.68796 -24.7266 8.61863 0.103834 -0.00169254 0.994593
-3.5808 -23.6142 8.61102 0.102973 -0.00471869 0.994673
-3.90156 -22.6626 8.64874 0.101525 -0.00430906 0.994822
-10.6866 -28.2769 9.20362 0.0747015 -0.00661667 0.997182
-11.3224 -27.6486 9.25715 0.075796 -0.00824103 0.997089
-12.3404 -27.2753 9.33762 0.0733851 -0.00843688 0.997265
-13.3102 -27.3713 9.4058 0.0709746 -0.00863338 0.997441
-14.3367 -27.8837 9.47441 0.0708326 -0.00885261 0.997449
-14.9694 -28.4508 9.51276 0.0658023 -0.0097369 0.997785
-15.316 -29.2217 9.52809 0.0658038 -0.00973405 0.997785
-15.8649 -30.3314 9.55487 0.0663035 -0.00864544 0.997762
-15.8718 -31.8153 9.54539 0.0636921 -0.00643392 0.997949
-15.3202 -32.647 9.5046 0.0632991 -0.00695183 0.99797
-14.8303 -33.2788 9.47019 0.0647154 -0.00539525 0.997886
-14.0859 -33.6641 9.41806 0.066288 -0.0036589 0.997794
-13.1683 -33.6296 9.35723 0.0679234 -0.00391932 0.997681
-12.2916 -33.3136 9.29751 0.0694032 -0.00435558 0.997579
-11.4435 -32.7873 9.24105 0.0711531 -0.00436969 0.997453
-10.8494 -32.0077 9.19949 0.0744018 -0.00318001 0.997223
-10.5007 -30.9756 9.17677 0.0743863 -0.00319726 0.997224
-10.3702 -29.765 9.17157 0.077572 -0.00585615 0.99697
-10.5033 -28.9328 9.18681 0.0755895 -0.0054242 0.997122
-12.2107 -29.3949 9.31051 0.0717253 -0.0044779 0.997413
-13.281 -29.5487 9.38489 0.0698874 -0.00391971 0.997547
-13.9432 -30.2412 9.42856 0.0687765 -0.0050576 0.997618
-13.7384 -31.3769 9.40762 0.0676656 -0.00619648 0.997689
-12.8595 -31.7024 9.34621 0.0683919 -0.00568572 0.997642
-12.3186 -31.1705 9.3095 0.0731463 -0.00394914 0.997313
-11.9173 -30.1011 9.2853 0.0735637 -0.00503632 0.997278
-18.6095 -26.9696 9.76508 0.0625501 -0.0125398 0.997963
-18.4145 -26.1118 9.76477 0.0607368 -0.0131908 0.998067
-18.2131 -25.3473 9.76261 0.0609963 -0.0122679 0.998062
-18.3809 -24.4926 9.78263 0.0612566 -0.0113469 0.998058
-18.6419 -23.1837 9.82016 0.0641179 -0.0160741 0.997813
-19.2849 -22.2178 9.87612 0.061641 -0.0167169 0.997958
-20.094 -21.7837 9.93448 0.0624298 -0.0177771 0.997891
-21.2185 -21.5365 10.0092 0.0596749 -0.0180669 0.99805
-22.0339 -21.6278 10.054 0.0569199 -0.0183568 0.99821
-22.7267 -22.101 10.0848 0.0568949 -0.0183874 0.998211
-23.3521 -22.7542 10.1084 0.0568699 -0.0184179 0.998212
-24.1675 -23.5317 10.1372 0.0527124 -0.0173475 0.998458
-24.9106 -24.3096 10.1642 0.0532192 -0.0161772 0.998452
-25.4244 -25.1385 10.1752 0.0488846 -0.0169711 0.99866
-25.6651 -26.3654 10.1662 0.0488839 -0.0169715 0.99866
-24.9342 -27.5835 10.1107 0.0527149 -0.0138186 0.998514
-24.0209 -28.3596 10.0517 0.0525055 -0.0136805 0.998527
-23.1965 -28.9856 10 0.0522963 -0.0135416 0.99854
-22.1822 -28.8499 9.94661 0.0554439 -0.0127113 0.998381
-20.9077 -28.4988 9.88095 0.0558433 -0.0111441 0.998376
-20.0623 -27.9783 9.83808 0.0572959 -0.0113291 0.998293
-18.8229 -26.9788 9.77829 0.0572947 -0.0113287 0.998293
-18.7996 -26.9741 9.777 0.060094 -0.0117233 0.99812
-20.4185 -26.0316 9.88468 0.0585047 -0.0139167 0.99819
-21.3153 -26.8454 9.92611 0.0585881 -0.0137203 0.998188
-22.3686 -27.067 9.98092 0.0545413 -0.0152183 0.998396
-23.4305 -26.5089 10.0477 0.0534295 -0.0158078 0.998445
-23.6307 -25.5344 10.0738 0.0534293 -0.0158089 0.998445
-23.2768 -24.873 10.0658 0.0545767 -0.0180979 0.998346
-22.5289 -24.2803 10.0346 0.0565843 -0.0162885 0.998265
-21.017 -23.5161 9.96135 0.0578577 -0.0169126 0.998181
-20.2498 -24.2769 9.90253 0.0591314 -0.0175371 0.998096
-20.1248 -25.156 9.87967 0.0588179 -0.0157278 0.998143
-20.1374 -25.4768 9.87594 0.0585045 -0.0139173 0.99819
-21.0391 -32.0521 9.84905 0.0555568 -0.0108683 0.998395
-21.8435 -31.9492 9.89387 0.0533691 -0.0115818 0.998507
-22.5528 -32.1923 9.92806 0.0524596 -0.0126289 0.998543
-23.391 -32.7226 9.9654 0.0509522 -0.0112979 0.998637
-24.1308 -33.2954 9.99683 0.0516014 -0.0118571 0.998597
-24.6931 -34.0923 10.0148 0.0473898 -0.0107523 0.998818
-25.0579 -35.2863 10.0197 0.0471789 -0.00974818 0.998839
-24.795 -36.4429 9.9965 0.0474159 -0.00926066 0.998832
-24.2849 -37.3647 9.9642 0.0470533 -0.00885763 0.998853
-23.5935 -37.9235 9.92679 0.0473382 -0.00838421 0.998844
-22.6196 -37.9697 9.87844 0.049624 -0.00797571 0.998736
-21.6045 -37.753 9.82983 0.0514593 -0.00728246 0.998646
-20.7792 -37.0886 9.78998 0.0533457 -0.00637802 0.998556
-20.4362 -36.406 9.7768 0.0531355 -0.00789762 0.998556
-20.0385 -35.7144 9.76111 0.0531359 -0.00789755 0.998556
-19.7931 -34.9528 9.75388 0.0565441 -0.00759193 0.998371
-19.9122 -33.6496 9.77057 0.0571376 -0.00762605 0.998337
-20.5553 -32.6815 9.81478 0.0571369 -0.00762598 0.998337
-20.8448 -32.2952 9.83527 0.057006 -0.0114281 0.998308
-21.863 -33.8847 9.87434 0.0529173 -0.00995472 0.998549
-22.8326 -34.3395 9.91989 0.0505588 -0.0102246 0.998669
-23.1928 -35.1811 9.93003 0.0508166 -0.00971017 0.998661
-22.6318 -35.9932 9.89527 0.0496691 -0.00815464 0.998732
-21.9069 -35.6416 9.86113 0.053159 -0.00792075 0.998555
-21.4624 -34.5784 9.84589 0.0532341 -0.00903945 0.998541
-28.9289 -25.4123 10.338 0.0444287 -0.018443 0.998842
-29.7615 -26.1157 10.362 0.0444209 -0.0184533 0.998842
-30.8047 -26.7991 10.3962 0.0428858 -0.0166921 0.99894
-31.8388 -26.797 10.4386 0.0406358 -0.0163096 0.999041
-32.649 -26.5562 10.4755 0.0406359 -0.0163095 0.999041
-33.6472 -25.7195 10.5267 0.0360284 -0.0178419 0.999191
-33.7715 -24.9627 10.5453 0.0358899 -0.0192356 0.999171
-33.7983 -23.7027 10.5705 0.0358902 -0.0192349 0.999171
-33.3854 -22.9493 10.5702 0.037985 -0.018966 0.999096
-32.6237 -22.2572 10.5544 0.0399204 -0.0219871 0.998961
-31.754 -21.7944 10.5298 0.0401712 -0.0213187 0.998965
-30.9443 -21.5694 10.5003 0.0426205 -0.0198511 0.998894
-29.6484 -21.5934 10.4443 0.042788 -0.0200984 0.998882
-28.9306 -22.0865 10.4014 0.0474397 -0.0205354 0.998663
-28.1626 -23.077 10.3458 0.0476963 -0.0185656 0.998689
-28.2121 -24.1726 10.3277 0.0480642 -0.0179818 0.998682
-28.7157 -25.0115 10.3359 0.0443763 -0.0185135 0.998843
-28.9232 -25.4059 10.3378 0.0444365 -0.0184327 0.998842
-30.4221 -24.2765 10.4253 0.0444287 -0.018443 0.998842
-31.563 -24.9403 10.46 0.0397239 -0.0181035 0.999047
-31.9225 -24.4311 10.4838 0.0400799 -0.0186971 0.999022
-31.2036 -23.8222 10.4663 0.0396638 -0.0195547 0.999021
-30.3695 -23.6271 10.4357 0.0437322 -0.0196366 0.99885
-30.4195 -24.272 10.4253 0.0444069 -0.018473 0.998843
-30.3436 -16.4398 10.5855 0.0453319 -0.0226847 0.998714
-31.2263 -16.2118 10.6285 0.0409163 -0.0237032 0.998881
-31.7717 -15.6417 10.6647 0.0411865 -0.0242176 0.998858
-32.4422 -14.8992 10.7105 0.041137 -0.0243614 0.998856
-32.9627 -14.1097 10.7511 0.039039 -0.0244109 0.998937
-33.0961 -13.3385 10.775 0.0370107 -0.0256811 0.998984
-32.8519 -12.4791 10.7889 0.0368274 -0.0265896 0.998968
-32.4226 -11.7878 10.7906 0.0419654 -0.0265642 0.998765
-31.5357 -11.0124 10.7735 0.043228 -0.0284356 0.99866
-30.7993 -10.7149 10.7501 0.043228 -0.0284362 0.99866
-29.1189 -10.4172 10.6854 0.0435355 -0.0280735 0.998657
-27.8329 -10.4898 10.6224 0.0475849 -0.0290912 0.998443
-27.0387 -10.8585 10.5735 0.0503587 -0.0281534 0.998334
-26.5828 -11.5244 10.5319 0.0516349 -0.0265616 0.998313
-26.2295 -12.3407 10.4919 0.0531058 -0.0273622 0.998213
-26.1449 -13.2461 10.4637 0.0538045 -0.0247978 0.998244
-26.2636 -14.3168 10.4435 0.0538043 -0.0247989 0.998244
-26.6444 -15.0471 10.4453 0.0479128 -0.0243396 0.998555
-27.4742 -15.717 10.4694 0.0469535 -0.0218219 0.998659
-28.441 -16.2846 10.5025 0.0464036 -0.0224735 0.99867
-29.66 -16.4521 10.5542 0.0453319 -0.0226847 0.998714
-29.6208 -14.8877 10.5892 0.0451879 -0.0238617 0.998693
-30.6149 -14.3936 10.6459 0.0450771 -0.0237323 0.998702
-31.1654 -13.6183 10.6891 0.0431146 -0.0240546 0.998779
-30.4324 -12.5328 10.6853 0.0431852 -0.025712 0.998736
-29.0333 -12.1974 10.632 0.0458854 -0.0267262 0.998588
-28.2253 -12.5041 10.5859 0.0469816 -0.0263124 0.998549
-27.8884 -13.5202 10.5423 0.0485399 -0.0259783 0.998482
-28.488 -14.4309 10.5489 0.0466205 -0.0239994 0.998623
-29.4663 -14.8454 10.5833 0.0451879 -0.0238616 0.998693
-39.5589 -23.0068 10.7672 0.0269453 -0.0206605 0.999423
-39.1883 -23.7572 10.7434 0.0274686 -0.017939 0.999462
-39.1841 -24.8267 10.7237 0.027953 -0.0182755 0.999442
-39.3992 -25.5667 10.7165 0.027986 -0.0165749 0.999471
-39.8556 -26.2762 10.7171 0.0269854 -0.0175159 0.999482
-40.553 -26.9447 10.723 0.0235951 -0.0175655 0.999567
-41.2785 -27.5669 10.7294 0.0237165 -0.0165028 0.999582
-42.2797 -28.0174 10.746 0.0229323 -0.0160241 0.999608
-43.5335 -27.8782 10.7748 0.0207314 -0.0154001 0.999666
-44.2996 -27.6568 10.7941 0.0206991 -0.0162909 0.999653
-45.3517 -26.7813 10.8295 0.0177006 -0.0170317 0.999698
-45.7196 -25.8764 10.8514 0.017623 -0.0169505 0.999701
-45.6384 -24.9671 10.8653 0.0175332 -0.0177942 0.999688
-45.4775 -24.1294 10.8782 0.0176037 -0.0186516 0.999671
-45.0774 -23.284 10.8868 0.0176847 -0.0185862 0.999671
-44.6278 -22.6265 10.8904 0.020399 -0.019065 0.99961
-43.736 -22.0623 10.8836 0.020325 -0.0200939 0.999591
-42.7688 -21.8226 10.869 0.0218591 -0.0204202 0.999551
-41.7386 -21.9635 10.8417 0.023575 -0.0205693 0.99951
-40.7406 -22.3115 10.8121 0.0228434 -0.0194098 0.999551
-39.9558 -22.7232 10.7837 0.0269453 -0.0206605 0.999423
-41.6613 -23.9835 10.8019 0.0231332 -0.0182031 0.999567
-41.1072 -24.7798 10.7745 0.0231791 -0.0182595 0.999565
-41.7702 -25.4313 10.7783 0.0235951 -0.0175654 0.999567
-42.4369 -26.0075 10.7842 0.0221541 -0.0173593 0.999602
-43.6169 -25.5797 10.8158 0.0204763 -0.0173437 0.99964
-43.9722 -24.8528 10.8357 0.0206118 -0.0182437 0.999621
-43.3362 -23.9917 10.8389 0.0209337 -0.0188704 0.999603
-42.6626 -23.5787 10.8324 0.0221031 -0.0183727 0.999586
-42.1317 -23.783 10.8164 0.0230866 -0.0181472 0.999569
-38.3191 -33.5374 10.5588 0.0301551 -0.0133595 0.999456
-37.3971 -33.3997 10.5329 0.0314465 -0.0135155 0.999413
-36.4803 -33.4135 10.5026 0.0328019 -0.0135644 0.99937
-35.6578 -33.8437 10.4702 0.0335872 -0.0126595 0.999355
-35.0266 -34.8336 10.4359 0.0346686 -0.0124918 0.999321
-34.7772 -35.6778 10.416 0.0358437 -0.0123728 0.99928
-35.0235 -36.4463 10.416 0.0346419 -0.012062 0.999327
-35.6027 -37.6455 10.4216 0.0346414 -0.0120613 0.999327
-36.3162 -38.2773 10.4392 0.033769 -0.0108466 0.99937
-36.8478 -38.8384 10.4504 0.0330809 -0.0115083 0.999386
-38.0447 -39.2536 10.4828 0.0298416 -0.0115792 0.999488
-38.8431 -39.2661 10.5065 0.0289179 -0.0112376 0.999518
-39.7434 -38.9826 10.535 0.0286471 -0.0099647 0.99954
-40.5161 -38.3813 10.5625 0.0263209 -0.0110082 0.999592
-40.8103 -37.6143 10.5793 0.0262244 -0.0119419 0.999585
-40.9054 -36.3055 10.5971 0.0275732 -0.0118461 0.999549
-40.6132 -35.5454 10.5983 0.0278569 -0.012305 0.999536
-39.9739 -34.8652 10.5888 0.0278567 -0.0123054 0.999536
-39.2469 -33.9652 10.5808 0.0272265 -0.0133723 0.99954
-39.1239 -33.8943 10.5784 0.0287221 -0.0133123 0.999498
-38.136 -35.4644 10.5288 0.0295807 -0.0116961 0.999494
-38.7808 -36.0601 10.5412 0.029015 -0.0115136 0.999512
-38.8507 -36.9626 10.5326 0.0283197 -0.0117421 0.99953
-38.2884 -37.5588 10.5097 0.0290139 -0.0115132 0.999512
-37.6341 -37.2964 10.4925 0.0312455 -0.0118374 0.999442
-37.0703 -36.7903 10.4808 0.0320914 -0.0114952 0.999418
-36.6408 -35.6823 10.479 0.0329182 -0.0117469 0.999389
-37.4953 -35.1569 10.5136 0.0311755 -0.0122244 0.999438
-39.058 32.6501 12.4139 0.037922 -0.0248509 0.998971
-38.2783 32.8331 12.3887 0.038861 -0.02288 0.998983
-37.49 33.197 12.3664 0.0388422 -0.0225741 0.99899
-36.8822 34.2515 12.3667 0.0381119 -0.0223398 0.999024
-36.7611 35.4734 12.3877 0.0395584 -0.0207268 0.999002
-37.1762 36.7046 12.4295 0.0395204 -0.0205962 0.999006
-37.5899 37.3431 12.4591 0.0401809 -0.0206077 0.99898
-38.1893 37.9451 12.4956 0.0401275 -0.0190899 0.999012
-38.9791 38.6373 12.5399 0.0401777 -0.0182991 0.999025
-39.6287 39.4576 12.5812 0.0402203 -0.0183376 0.999023
-39.941 40.1802 12.607 0.0402202 -0.0183368 0.999023
-40.1265 41.0724 12.6291 0.0410813 -0.0160878 0.999026
-40.3585 41.942 12.6526 0.0410813 -0.0160878 0.999026
-40.7792 43.0662 12.6874 0.0411584 -0.0149387 0.999041
-41.061 43.7728 12.7095 0.0410787 -0.0148181 0.999046
-41.5703 44.3806 12.7397 0.0428421 -0.0140687 0.998983
-42.5749 44.7572 12.7877 0.042709 -0.0133494 0.998998
-43.3124 44.8272 12.8205 0.0433428 -0.0137197 0.998966
-44.3531 44.4575 12.8619 0.0446754 -0.0133789 0.998912
-45.1172 43.1611 12.8762 0.0455951 -0.0161469 0.998829
-44.8566 41.8375 12.8429 0.0464673 -0.0159725 0.998792
-44.3669 41.0844 12.8081 0.0425868 -0.0183449 0.998924
-43.5533 40.3878 12.7607 0.0425877 -0.0183453 0.998924
-43.0957 39.0886 12.7147 0.0419906 -0.0199455 0.998918
-42.5564 38.0888 12.6734 0.0404837 -0.0194748 0.99899
-42.2599 37.0201 12.6394 0.0412608 -0.0206086 0.998936
-42.2294 36.1088 12.6186 0.0408103 -0.0223321 0.998917
-42.0648 35.0435 12.588 0.0408092 -0.0223286 0.998917
-41.6296 34.2268 12.552 0.0402973 -0.0223473 0.998938
-40.7653 33.4359 12.4994 0.0386481 -0.0244235 0.998954
-39.5231 32.8821 12.4378 0.0386488 -0.0244233 0.998954
-39.3882 32.8075 12.4307 0.0388789 -0.0247423 0.998937
-39.4668 34.8072 12.4792 0.0392299 -0.022237 0.998983
-38.6454 35.3526 12.4594 0.0389165 -0.0223275 0.998993
-39.2516 36.4699 12.5076 0.0391736 -0.0216926 0.998997
-40.6266 37.2087 12.5777 0.0397381 -0.0208476 0.998993
-39.7556 37.0083 12.5386 0.0399835 -0.0211887 0.998976
-40.4791 36.2216 12.5508 0.0398844 -0.0217773 0.998967
-40.3112 35.5975 12.5302 0.0396643 -0.0222562 0.998965
-41.6621 40.8586 12.6891 0.0413818 -0.0159318 0.999016
-41.9484 41.7413 12.715 0.0416084 -0.0160626 0.999005
-42.8041 42.519 12.7635 0.041835 -0.0161935 0.998993
-42.8884 42.0703 12.7597 0.0429472 -0.0160138 0.998948
-42.1292 41.428 12.7175 0.0416084 -0.0160626 0.999005
-43.9202 51.403 12.9175 0.0449576 -0.00802813 0.998956
-44.7103 51.4157 12.9537 0.0460396 -0.00784098 0.998909
-45.6046 51.5932 12.9967 0.0463869 -0.00819585 0.99889
-46.2936 51.9464 13.0321 0.0491947 -0.00655262 0.998767
-47.0961 52.5615 13.0746 0.0485815 -0.00559206 0.998804
-47.4869 53.2516 13.0976 0.0478675 -0.00500575 0.99884
-47.7322 54.1402 13.1128 0.0491172 -0.00383831 0.998786
-47.7991 55.0689 13.1197 0.048401 -0.00253625 0.998824
-47.2445 56.1052 13.0962 0.0466682 -0.00266362 0.998907
-46.6655 56.7314 13.0708 0.0460609 -0.00317076 0.998933
-46.1547 57.6648 13.051 0.0454547 -0.00367939 0.99896
-45.3827 57.9687 13.017 0.0451452 -0.00359538 0.998974
-44.1877 57.8479 12.9633 0.0441857 -0.00432205 0.999014
-43.4318 57.5637 12.9287 0.0441856 -0.00432141 0.999014
-42.5624 56.9569 12.8886 0.0428579 -0.0036871 0.999074
-41.7791 55.7461 12.8496 0.0427274 -0.00493319 0.999075
-41.4648 55.0326 12.833 0.0419786 -0.00529893 0.999104
-41.4847 54.1901 12.8287 0.0430662 -0.00548414 0.999057
-41.5261 53.379 12.826 0.0430782 -0.00618269 0.999052
-41.6514 52.5138 12.8255 0.0430918 -0.00688058 0.999047
-42.1033 51.891 12.8407 0.0437776 -0.00643871 0.99902
-42.9915 51.6042 12.8781 0.0442223 -0.00856844 0.998985
-43.3029 51.5416 12.8914 0.0442219 -0.00856872 0.998985
-44.0325 53.0994 12.9345 0.0453168 -0.00669468 0.99895
-45.4441 53.3896 13.0004 0.0459651 -0.0061899 0.998924
-45.9966 54.6361 13.032 0.0473196 -0.00420957 0.998871
-45.4265 55.6173 13.0102 0.0451393 -0.00452272 0.99897
-44.7639 56.0594 12.9823 0.0451542 -0.00449276 0.99897
-43.9775 55.7137 12.9452 0.0451543 -0.0044928 0.99897
-43.366 54.9316 12.9149 0.0437888 -0.00501972 0.999028
-43.3065 54.1368 12.9075 0.0438288 -0.00597983 0.999021
-43.6452 53.4056 12.9189 0.0453955 -0.00583563 0.998952
-34.2109 51.8797 12.5139 0.0410557 -0.00793663 0.999125
-33.8445 52.9025 12.5071 0.0407841 -0.0076057 0.999139
-33.3242 53.637 12.4912 0.0406135 -0.00709831 0.99915
-31.9789 53.9873 12.4386 0.0411619 -0.00713486 0.999127
-30.7448 53.896 12.3861 0.0419762 -0.00832565 0.999084
-29.7526 53.5098 12.3411 0.0420979 -0.00836856 0.999078
-28.8445 52.9056 12.2978 0.0427344 -0.00859125 0.999049
-28.4862 52.0984 12.2751 0.0433693 -0.00875943 0.999021
-28.3686 51.1187 12.2615 0.0435889 -0.00862646 0.999012
-28.3172 50.2582 12.2518 0.0436004 -0.00905747 0.999008
-28.5373 49.5022 12.2543 0.0436122 -0.0094884 0.999003
-29.2314 48.3477 12.2737 0.0432961 -0.0100064 0.999012
-30.3666 48.0249 12.319 0.0431989 -0.0115119 0.999
-31.3704 48.167 12.3641 0.04326 -0.0115019 0.998998
-32.2103 48.4038 12.4009 0.0406264 -0.00973265 0.999127
-32.8959 48.8471 12.4331 0.0406258 -0.00973258 0.999127
-33.7765 49.4063 12.4746 0.0408742 -0.00978841 0.999116
-33.8368 50.1947 12.4848 0.0408949 -0.00981635 0.999115
-34.0638 51.0104 12.5009 0.0412943 -0.00826482 0.999113
-34.0961 51.2956 12.5046 0.0410556 -0.0079367 0.999125
-32.2678 51.5586 12.4306 0.0418921 -0.0081667 0.999089
-31.5079 50.3773 12.3889 0.0419746 -0.00832731 0.999084
-30.6364 50.072 12.3499 0.0417625 -0.00833878 0.999093
-30.0899 51.1147 12.3356 0.0419752 -0.00805373 0.999086
-30.7462 51.872 12.3692 0.0420366 -0.00821112 0.999082
-31.9904 52.1554 12.4239 0.0418727 -0.00827008 0.999089
28.9905 6.18216 3.27922 0.24953 -0.0379992 0.967621
29.5864 6.77647 3.14218 0.259286 -0.0385033 0.965031
30.3654 7.12208 2.94803 0.26097 -0.0399075 0.964518
31.0784 7.37805 2.76359 0.263495 -0.0394658 0.963853
32.2403 7.30897 2.43698 0.271821 -0.0388289 0.961564
32.9215 7.02426 2.23292 0.274208 -0.0400215 0.960833
33.8219 6.20405 1.93781 0.28086 -0.0428221 0.958786
34.1384 5.50611 1.81201 0.284569 -0.0420837 0.957731
34.1689 4.40528 1.75602 0.2847 -0.0377008 0.957873
33.8494 3.51706 1.81784 0.284432 -0.0362858 0.958008
33.1841 2.72908 1.98436 0.283895 -0.0349674 0.958216
32.4009 2.32979 2.20324 0.278125 -0.0335864 0.959932
31.6779 2.06817 2.39811 0.271442 -0.0336108 0.961868
30.3503 2.11638 2.7704 0.2671 -0.0289176 0.963235
29.6262 2.4794 2.98208 0.261474 -0.029561 0.96474
28.8206 3.19386 3.21795 0.255585 -0.0315296 0.966271
28.5063 4.12158 3.33232 0.254132 -0.031865 0.966644
28.6247 5.3337 3.34024 0.251338 -0.0345208 0.967276
28.8635 5.89319 3.30061 0.24953 -0.0379992 0.967621
30.5067 5.1048 2.83017 0.260413 -0.0369493 0.96479
30.5697 3.903 2.76982 0.263998 -0.0319818 0.963992
31.4191 3.87223 2.5321 0.269255 -0.03417 0.96246
32.0879 4.2066 2.35828 0.268215 -0.036028 0.962685
32.3096 4.92205 2.32329 0.274945 -0.0355257 0.960778
31.4322 5.66799 2.59519 0.267723 -0.0355055 0.962841
