21.73 -10.1438 6.85308 0.221586 -0.000380987 0.975121
20.7375 -9.75617 7.07016 0.211678 -0.0054782 0.977324
20.7375 -9.75617 7.07016 0.211678 -0.0054782 0.977324
19.6621 -10.0414 7.30147 0.209045 -0.00493117 0.97789
18.5917 -10.3287 7.52422 0.204618 -0.00639349 0.978821
17.9183 -9.92268 7.66764 0.204618 -0.00639355 0.978821
18.5279 -10.6189 7.53638 0.204076 -0.000535109 0.978955
19.572 -10.909 7.31857 0.20716 -0.000659732 0.978302
20.2168 -11.5332 7.17941 0.210244 -0.00078435 0.977649
20.9213 -11.7888 7.02808 0.212585 0.00214405 0.977132
21.3343 -10.9551 6.93821 0.216035 -0.00289414 0.976381
21.3838 -10.8533 6.92757 0.216035 -0.00289397 0.976381
22.8364 -11.4863 6.59795 0.228086 0.000252568 0.973639
23.3086 -10.5119 6.48568 0.226463 -0.000415984 0.974016
23.8165 -9.90295 6.36983 0.225789 -0.00296304 0.974172
24.7567 -9.15528 6.14157 0.239015 -0.00418564 0.970999
25.7427 -8.86694 5.90277 0.237502 -0.00764246 0.971357
27.3174 -8.3991 5.50187 0.250323 -0.00500959 0.968149
28.2713 -7.72106 5.26495 0.251557 -0.0128333 0.967745
28.0321 -6.52658 5.34071 0.255152 -0.0129002 0.966811
27.4832 -5.96168 5.49449 0.248543 -0.0153945 0.968477
26.52 -5.29604 5.74548 0.242317 -0.0151202 0.970079
25.4522 -5.00806 6.01649 0.238215 -0.0154027 0.971082
24.5207 -5.15463 6.23975 0.236639 -0.0105798 0.97154
23.7148 -5.6149 6.43103 0.236639 -0.0105796 0.97154
22.9898 -6.22992 6.59307 0.225719 -0.0124224 0.974113
22.386 -6.91206 6.72374 0.225459 -0.0129579 0.974166
21.8232 -7.58957 6.84414 0.217168 -0.0137193 0.976038
21.0818 -8.14531 7.0025 0.213168 -0.00389926 0.977008
20.0429 -8.42939 7.22803 0.212423 -0.00468851 0.977166
19.0549 -8.48783 7.43755 0.20805 -0.0101579 0.978065
18.1565 -8.35979 7.62999 0.201796 -0.00904978 0.979364
17.1853 -7.96315 7.82685 0.195542 -0.00794169 0.980663
16.2059 -7.63836 8.02438 0.190232 -0.00652728 0.981705
15.3855 -7.9098 8.17689 0.181409 -0.00916011 0.983365
14.5773 -8.36747 8.32172 0.176688 -0.00851656 0.984218
13.8895 -9.12789 8.43432 0.171455 -0.00928115 0.985148
13.8077 -10.1638 8.4388 0.171602 -0.00828849 0.985131
14.1688 -10.8666 8.36967 0.177749 -0.00848079 0.984039
14.7682 -11.485 8.25832 0.173435 -0.00120252 0.984845
15.5462 -11.728 8.121 0.173435 -0.00120245 0.984845
16.5954 -11.7844 7.92279 0.187594 -0.000934263 0.982246
17.4552 -11.9311 7.75747 0.188574 -0.00166516 0.982058
18.4872 -12.3265 7.54315 0.202944 -0.0016799 0.979189
19.427 -12.7125 7.3477 0.2025 0.000112134 0.979281
20.2413 -13.723 7.17804 0.20978 0.00423907 0.977739
20.8843 -15.1969 7.04649 0.214723 0.00311954 0.976656
21.3366 -16.1469 6.95257 0.209867 0.00305954 0.977725
21.9953 -16.5843 6.81255 0.213824 0.00697292 0.976831
23.334 -16.783 6.51088 0.222831 0.0087853 0.974818
23.5592 -15.886 6.45131 0.222831 0.00878521 0.974818
23.1173 -14.9293 6.5437 0.220307 0.00983566 0.975377
22.7259 -13.9658 6.62581 0.224851 0.00833932 0.974357
22.5812 -13.0177 6.6511 0.226114 0.00161099 0.974075
22.6736 -11.8491 6.63566 0.228206 -0.00337225 0.973605
23.9466 -12.4856 6.33507 0.228206 -0.00337263 0.973605
24.3417 -13.5738 6.24474 0.233703 0.003296 0.972302
24.6563 -14.38 6.17187 0.232055 0.00874894 0.972646
25.0535 -15.3959 6.09261 0.230415 0.0141769 0.972989
25.1329 -16.8086 6.09067 0.235104 0.0203397 0.971716
24.7977 -17.8721 6.19871 0.23014 0.0236136 0.972871
24.1193 -18.2907 6.36274 0.218174 0.0227259 0.975645
23.0437 -18.681 6.61234 0.220419 0.0207533 0.97518
21.8744 -18.543 6.8648 0.207016 0.0161622 0.978204
21.0532 -17.9828 7.02932 0.208518 0.0142551 0.977912
20.1806 -17.4903 7.21056 0.210021 0.0123488 0.977619
19.6633 -16.8845 7.31405 0.209944 0.00770415 0.977672
19.3464 -15.9553 7.37424 0.205063 0.0076959 0.978718
19.1931 -15.0198 7.399 0.204397 0.00438051 0.978872
18.7544 -14.2532 7.48946 0.202893 0.00148456 0.979199
18.0059 -13.9573 7.64332 0.202055 0.00190397 0.979372
17.2524 -13.5893 7.79458 0.191712 -0.000994366 0.981445
16.3587 -13.4077 7.96626 0.188818 0.00076715 0.982012
15.6148 -13.4175 8.10646 0.175501 -0.00281013 0.984466
14.592 -13.3173 8.28525 0.172274 -0.0029311 0.985045
13.6844 -12.9495 8.44507 0.172274 -0.00293159 0.985045
13.1728 -12.1973 8.53389 0.167522 -0.001917 0.985866
12.5587 -11.4556 8.643 0.168171 -0.0102325 0.985705
12.0027 -10.0329 8.75019 0.163142 -0.0104046 0.986546
12.258 -9.0623 8.71723 0.168502 -0.00818636 0.985667
12.7874 -7.97277 8.63579 0.168937 -0.010693 0.985566
13.6002 -7.16836 8.5044 0.174839 -0.0128515 0.984513
14.3246 -6.66993 8.38225 0.175317 -0.0121332 0.984437
15.2693 -6.28209 8.21231 0.188696 -0.0130072 0.981949
16.1374 -5.9036 8.05049 0.187512 -0.0144409 0.982154
17.121 -6.02252 7.85551 0.195179 -0.0137146 0.980672
18.0932 -6.55732 7.65721 0.195296 -0.00767274 0.980714
18.9594 -6.78333 7.47556 0.206905 -0.0109338 0.978299
19.7829 -6.79927 7.30222 0.20576 -0.0117098 0.978533
20.6219 -6.67115 7.12434 0.217168 -0.0137191 0.976038
21.1036 -6.06628 7.02509 0.216461 -0.0112646 0.976226
21.8201 -5.21525 6.87725 0.220843 -0.0134246 0.975199
22.6225 -4.52095 6.6997 0.226567 -0.0127746 0.973912
23.3215 -4.00148 6.54576 0.229089 -0.0154091 0.973275
24.3386 -3.46818 6.30999 0.232868 -0.0142428 0.972404
25.1381 -3.30401 6.12055 0.238215 -0.0154023 0.971082
26.2964 -3.40756 5.83034 0.241346 -0.0166387 0.970297
27.5568 -3.95326 5.50749 0.246127 -0.0153015 0.969103
28.5648 -4.70062 5.2297 0.255215 -0.0153096 0.966763
29.3964 -5.49006 4.99767 0.255215 -0.0153096 0.966763
29.9108 -6.24431 4.84549 0.268922 -0.0150587 0.963044
30.2397 -7.48855 4.73836 0.267677 -0.0106802 0.963449
30.0607 -8.31927 4.77472 0.262883 -0.0104577 0.964762
29.6073 -9.25726 4.89203 0.262619 -0.00630347 0.964879
28.6537 -9.71673 5.15199 0.265081 -0.00387172 0.964219
27.1603 -10.1711 5.53613 0.248715 -0.00194833 0.968575
26.1903 -10.2697 5.78517 0.244892 -0.00150402 0.96954
24.999 -10.8133 6.08 0.24083 -0.00141542 0.970566
24.3285 -11.5486 6.24573 0.241199 -0.000791754 0.970475
24.2363 -11.7301 6.26816 0.229035 -0.0016266 0.973417
23.4976 -7.86851 6.45637 0.2242 -0.0107386 0.974484
24.7739 -7.44007 6.1522 0.238463 -0.00928028 0.971107
25.2841 -6.74002 6.03517 0.237341 -0.0117007 0.971356
24.4421 -6.95418 6.23831 0.237902 -0.0104902 0.971232
23.7997 -7.55294 6.39035 0.231332 -0.0100091 0.972796
23.7249 -7.63248 6.40667 0.224201 -0.0107385 0.974484
17.6564 -9.83993 7.72214 0.19599 -0.00322013 0.980601
16.9982 -10.2545 7.85041 0.187724 -0.00958509 0.982175
16.6667 -9.47724 7.92136 0.19209 -0.00681451 0.98134
17.2089 -9.9276 7.8113 0.19599 -0.00322016 0.980601
13.1979 -1.86534 8.66641 0.178815 -0.0213942 0.983643
12.3461 -2.04322 8.81491 0.172734 -0.0232463 0.984686
11.388 -2.17503 8.97611 0.168844 -0.0221286 0.985394
10.536 -2.04798 9.12329 0.160416 -0.0244297 0.986746
9.52224 -1.35091 9.30707 0.160884 -0.0261478 0.986627
8.86213 -0.44493 9.43538 0.15717 -0.0246706 0.987263
8.58891 0.515063 9.50327 0.158016 -0.0257675 0.9871
8.796 1.72817 9.50244 0.159285 -0.0289825 0.986804
9.2862 2.44049 9.44585 0.161698 -0.0302974 0.986372
10.0306 3.67267 9.35861 0.163704 -0.0290714 0.986081
10.4593 4.53283 9.31502 0.165362 -0.0304986 0.985758
10.9126 5.72144 9.27335 0.167386 -0.0292928 0.985456
10.7336 7.31814 9.35694 0.165972 -0.0335207 0.985561
10.1274 8.23851 9.49043 0.166043 -0.0336122 0.985545
9.37012 9.24417 9.65816 0.165539 -0.0397786 0.985401
8.96704 9.96223 9.75329 0.161327 -0.0398403 0.98609
8.54405 11.0023 9.86771 0.160255 -0.0433109 0.986125
8.26533 11.9001 9.95102 0.156338 -0.0395483 0.986912
7.89532 13.0791 10.0567 0.156385 -0.0394156 0.986909
7.69428 14.0345 10.1241 0.152052 -0.0383086 0.987627
8.20546 14.7056 10.0711 0.155528 -0.0376746 0.987113
8.66265 15.4872 10.0289 0.155502 -0.0409305 0.986982
9.15829 16.0573 9.97109 0.16433 -0.0416681 0.985525
9.72721 16.57 9.8979 0.164096 -0.0422822 0.985538
10.3364 16.8422 9.80724 0.167789 -0.0422715 0.984916
11.5563 16.8683 9.59944 0.168652 -0.0427769 0.984747
12.339 16.5966 9.45235 0.174527 -0.04203 0.983754
13.479 16.0133 9.22331 0.175555 -0.0431028 0.983526
14.0558 15.4119 9.09322 0.180598 -0.0438966 0.982575
14.6149 14.7487 8.95975 0.182678 -0.0421373 0.982269
15.2032 14.1229 8.82349 0.184258 -0.043057 0.981933
15.816 13.4763 8.6785 0.185837 -0.0439768 0.981596
16.3462 12.5947 8.5379 0.188738 -0.0430437 0.981084
16.6985 11.6214 8.42995 0.190379 -0.0386316 0.98095
17.1024 10.8474 8.32108 0.190379 -0.0386315 0.98095
17.9502 10.4404 8.13948 0.19119 -0.0395563 0.980756
18.7581 10.6376 7.98264 0.201182 -0.0381725 0.97881
19.4749 10.8607 7.84395 0.212181 -0.0439383 0.976242
20.4792 11.0453 7.63397 0.214216 -0.0433551 0.975821
21.782 11.1151 7.3482 0.216251 -0.0427727 0.975401
22.7981 10.7616 7.10832 0.217292 -0.0458546 0.975016
23.6111 9.82344 6.87873 0.229144 -0.0391638 0.972604
23.8821 8.77348 6.77261 0.227391 -0.0402083 0.972971
23.6265 7.7622 6.79205 0.22898 -0.0391683 0.972643
23.0729 6.89645 6.88751 0.229267 -0.0349266 0.972727
22.2079 6.24336 7.06444 0.222411 -0.0345292 0.974341
21.3022 5.79532 7.25513 0.218129 -0.0350757 0.975282
20.4376 5.66496 7.44042 0.214699 -0.0365977 0.975994
19.6109 5.52046 7.61608 0.203927 -0.03154 0.978473
18.776 5.28568 7.77971 0.200617 -0.0298391 0.979213
18.0018 4.87914 7.92659 0.197113 -0.0290039 0.979945
17.2628 4.1632 8.05058 0.193889 -0.0303347 0.980554
16.8024 3.54338 8.12298 0.192915 -0.0301862 0.98075
16.5767 2.64258 8.13852 0.191574 -0.0275245 0.981085
16.4533 1.86335 8.14359 0.191368 -0.0239267 0.981227
16.1599 0.992178 8.17896 0.195247 -0.0257466 0.980415
15.5802 0.424658 8.27707 0.186512 -0.0229666 0.982184
14.9797 -0.0904798 8.37905 0.184573 -0.0251936 0.982491
14.2887 -1.02884 8.48128 0.181821 -0.0229242 0.983054
13.7662 -1.44106 8.56974 0.181008 -0.018426 0.983309
12.4638 -0.31059 8.83467 0.175488 -0.0225858 0.984222
13.0592 0.207493 8.7404 0.175488 -0.0225853 0.984222
13.7268 1.14565 8.64466 0.178547 -0.0254612 0.983595
14.4156 1.68617 8.53035 0.181399 -0.0232669 0.983134
14.785 2.56019 8.48289 0.181184 -0.027197 0.983065
14.992 3.35175 8.46693 0.186824 -0.0269225 0.982025
15.1989 4.07337 8.44736 0.186824 -0.0269221 0.982024
15.8264 5.07938 8.36354 0.190335 -0.0329539 0.981156
16.3991 5.7564 8.27137 0.193678 -0.0320485 0.980541
17.2569 6.36384 8.12303 0.19318 -0.0333277 0.980597
18.4063 6.83769 7.9053 0.199582 -0.0310063 0.97939
19.3073 7.09511 7.72983 0.20024 -0.0315051 0.97924
20.0452 7.19612 7.5778 0.206428 -0.0370893 0.977759
20.9838 7.40844 7.38525 0.216935 -0.0369246 0.975474
21.8755 7.9914 7.20669 0.223085 -0.0379547 0.974056
21.9806 9.00311 7.22314 0.219386 -0.0372689 0.974897
21.3419 9.56199 7.38159 0.213134 -0.033286 0.976456
20.1329 9.36976 7.64127 0.214354 -0.0389833 0.975975
19.3281 9.21305 7.80511 0.204713 -0.0391608 0.978035
18.5218 8.9956 7.96652 0.202262 -0.0385395 0.978565
17.7182 8.65984 8.11589 0.195353 -0.0386499 0.979963
16.8731 8.92654 8.2913 0.191871 -0.0370502 0.980721
16.0239 9.67234 8.48449 0.189219 -0.0368656 0.981242
15.6217 10.3078 8.58515 0.188487 -0.0361963 0.981408
15.1088 11.3649 8.72433 0.187501 -0.0394306 0.981473
14.7067 12.0855 8.83048 0.187808 -0.0397636 0.981401
14.0978 12.871 8.97414 0.179567 -0.040059 0.98293
13.5239 13.5409 9.10623 0.178771 -0.042045 0.98299
12.6637 14.5046 9.30521 0.177407 -0.0427842 0.983206
12.0057 14.9487 9.44224 0.172072 -0.0410072 0.984219
11.043 15.1889 9.61566 0.167332 -0.0405342 0.985067
9.99934 14.7488 9.77519 0.166565 -0.041987 0.985134
9.62834 13.9698 9.80527 0.16504 -0.0399864 0.985476
9.48457 13.2326 9.79959 0.165972 -0.0380574 0.985396
9.8418 12.2479 9.70139 0.166368 -0.0393 0.985279
10.1554 11.2837 9.60863 0.168205 -0.0413936 0.984881
10.5646 10.4074 9.50052 0.169646 -0.0422454 0.984599
11.0133 9.68971 9.39617 0.168096 -0.0365154 0.985094
11.4732 8.99538 9.29195 0.17205 -0.0366211 0.984399
12.0946 7.80216 9.13882 0.174257 -0.0327943 0.984153
12.4327 6.46437 9.03554 0.174777 -0.0317989 0.984094
12.4166 5.23998 8.99779 0.176563 -0.032137 0.983764
11.7015 3.83279 9.07918 0.172987 -0.0301933 0.984459
11.1794 2.81709 9.14272 0.168462 -0.0277725 0.985304
10.589 1.57926 9.20427 0.163627 -0.0290102 0.986096
10.5938 0.181093 9.16733 0.165985 -0.0247082 0.985819
11.8187 -0.504544 8.94192 0.166864 -0.0262296 0.985631
12.1917 -0.511945 8.87857 0.171176 -0.0244079 0.984927
13.2209 3.38437 8.79694 0.178854 -0.029198 0.983438
13.2566 3.43209 8.79184 0.176739 -0.0272688 0.98388
13.8662 5.96722 8.76142 0.181449 -0.0319376 0.982882
14.7545 6.44931 8.61311 0.181083 -0.0327124 0.982923
15.5625 7.13385 8.48238 0.192695 -0.0324547 0.980722
15.03 8.40312 8.62902 0.186706 -0.032971 0.981843
14.4432 9.36055 8.77137 0.177991 -0.0376659 0.983311
13.9732 9.97309 8.87992 0.177991 -0.0376659 0.983311
13.3487 11.2562 9.04535 0.179856 -0.0396977 0.982892
12.8024 11.8589 9.16967 0.176799 -0.0402155 0.98342
12.3748 12.3171 9.26428 0.173876 -0.0417812 0.98388
11.4795 13.2494 9.46272 0.173708 -0.0426152 0.983875
11.5892 12.0734 9.3931 0.174045 -0.0409471 0.983886
11.9385 11.0798 9.28995 0.173893 -0.0408404 0.983917
12.5341 10.273 9.15139 0.173742 -0.0407325 0.983948
12.9161 9.32191 9.04598 0.17487 -0.035258 0.983958
13.5078 8.51014 8.91198 0.180379 -0.0330921 0.98304
13.6744 7.34414 8.84216 0.180548 -0.0332895 0.983003
13.8281 6.89652 8.79866 0.181083 -0.0327123 0.982923
1.43976 17.5454 11.1768 0.127694 -0.0417766 0.990933
0.797394 16.819 11.229 0.128607 -0.0397901 0.990895
-0.0979525 16.5267 11.3349 0.125639 -0.0391379 0.991295
-1.23944 16.6854 11.4815 0.121759 -0.0404727 0.991734
-2.31552 17.266 11.6354 0.120725 -0.0387986 0.991928
-3.29024 18.3299 11.7894 0.113491 -0.0389688 0.992774
-3.49374 19.3542 11.8535 0.113471 -0.0395608 0.992753
-3.40072 20.3347 11.8827 0.113106 -0.0420524 0.992692
-2.87565 21.4841 11.8706 0.112284 -0.0408584 0.992836
-2.34458 22.0772 11.8359 0.112835 -0.0417843 0.992734
-1.56983 22.6666 11.7713 0.114074 -0.0412575 0.992615
-0.615239 22.823 11.6642 0.124592 -0.0391487 0.991434
0.506588 22.5152 11.5107 0.127027 -0.0375849 0.991185
1.24768 21.5764 11.3729 0.13332 -0.0415622 0.990201
1.59448 20.7241 11.2904 0.133731 -0.0423569 0.990112
1.80949 19.841 11.2238 0.135199 -0.0405328 0.989989
1.82558 18.5063 11.1669 0.135095 -0.0404332 0.990007
1.66531 18.0635 11.1696 0.130912 -0.0425204 0.990476
0.0156824 18.8661 11.4162 0.127763 -0.0419187 0.990918
0.177811 20.1144 11.449 0.127226 -0.0429457 0.990944
-0.466861 21.1386 11.5764 0.122179 -0.0419483 0.991607
-1.33602 20.8365 11.6666 0.117049 -0.0407194 0.992291
-1.76905 19.8681 11.6751 0.114164 -0.0410506 0.992611
-1.68489 19.0429 11.6331 0.1144 -0.0388562 0.992675
-0.830316 18.3495 11.5008 0.118545 -0.0435977 0.991991
-0.244776 18.384 11.4294 0.127764 -0.041919 0.990918
-10.3221 21.5724 12.6432 0.0926821 -0.0339548 0.995117
-10.7476 20.735 12.6519 0.0891583 -0.038283 0.995281
-11.2414 20.1398 12.6728 0.0896881 -0.0394561 0.995188
-11.8971 19.5097 12.7075 0.087801 -0.0392967 0.995359
-12.8432 19.4089 12.7838 0.0830565 -0.0392638 0.995771
-13.8664 19.5566 12.8749 0.0828956 -0.0387419 0.995805
-14.7951 20.0428 12.9652 0.0754087 -0.0362535 0.996493
-15.4367 20.4827 13.0298 0.0754081 -0.0362533 0.996494
-16.0461 20.9316 13.0907 0.0735466 -0.0351882 0.996671
-17.0324 21.4052 13.1795 0.0707912 -0.0322922 0.996966
-17.98 21.7882 13.2557 0.0660983 -0.03318 0.997261
-18.9717 22.3288 13.3394 0.0652857 -0.0325296 0.997336
-20.1024 22.4701 13.4153 0.0624696 -0.0318218 0.997539
-21.137 22.7508 13.4888 0.0583315 -0.0338768 0.997718
-21.9009 23.4966 13.5545 0.0550388 -0.0312318 0.997996
-22.2375 24.6904 13.6105 0.057598 -0.0296656 0.997894
-21.7942 25.6044 13.6132 0.0591403 -0.032199 0.99773
-21.145 26.3492 13.5987 0.0597192 -0.0294553 0.997777
-20.6204 27.0016 13.5846 0.059915 -0.026984 0.997839
-20.3122 27.8477 13.589 0.0599476 -0.0276061 0.99782
-20.2982 28.6034 13.6095 0.0599802 -0.0282283 0.9978
-20.4405 29.416 13.6411 0.0587927 -0.0274578 0.997892
-20.4686 30.7396 13.6784 0.0588985 -0.0263324 0.997915
-19.9666 32.1175 13.6833 0.0602101 -0.0254529 0.997861
-19.2812 32.6811 13.6557 0.0592897 -0.0252798 0.997919
-18.5661 33.1535 13.6264 0.0600417 -0.0267015 0.997837
-17.7073 33.3691 13.5791 0.0616717 -0.0268579 0.997735
-16.6253 33.0332 13.5008 0.0663773 -0.030825 0.997316
-15.9011 32.4358 13.4338 0.0679023 -0.0295383 0.997255
-15.21 31.7177 13.3645 0.0718732 -0.0299154 0.996965
-14.7918 30.5841 13.3034 0.0731588 -0.0262286 0.996975
-14.5945 29.7263 13.2664 0.0731593 -0.0262281 0.996975
-14.509 28.9353 13.2385 0.0749227 -0.0305617 0.996719
-14.1283 28.2651 13.1881 0.0748792 -0.0325102 0.996663
-13.3444 27.6162 13.108 0.0770461 -0.0330078 0.996479
-12.4869 27.2888 13.0288 0.0792131 -0.0335033 0.996295
-11.4318 26.6979 12.9258 0.082922 -0.0326256 0.996014
-10.7974 25.9591 12.8445 0.0904644 -0.0333084 0.995343
-10.166 25.1161 12.7589 0.0911407 -0.0346464 0.995234
-10.0263 24.2298 12.7133 0.0907902 -0.0376841 0.995157
-9.98299 23.3889 12.6775 0.0907902 -0.0376841 0.995157
-10.0775 22.3703 12.6476 0.0916999 -0.0357473 0.995143
-10.2147 21.9957 12.6476 0.092682 -0.0339549 0.995117
-11.7293 22.5227 12.8024 0.0871499 -0.033124 0.995644
-12.1394 21.7527 12.8127 0.0855841 -0.0344834 0.995732
-12.637 21.1954 12.8346 0.0842607 -0.0365414 0.995773
-13.8155 21.5085 12.9418 0.0779999 -0.035198 0.996332
-14.831 22.0894 13.0415 0.0745388 -0.0344913 0.996617
-15.6575 22.4757 13.1141 0.0715006 -0.034375 0.996848
-16.6391 22.9208 13.2006 0.0707908 -0.032293 0.996966
-17.4167 23.2279 13.2638 0.068454 -0.031204 0.997166
-18.2145 23.5731 13.3292 0.0673858 -0.0304166 0.997263
-19.035 23.8686 13.3927 0.0654244 -0.0310047 0.997375
-19.9771 24.9981 13.4859 0.0591388 -0.0321982 0.99773
-19.3398 26.0311 13.4778 0.0629568 -0.0301132 0.997562
-18.8626 26.9732 13.4762 0.0629564 -0.0301156 0.997562
-18.5645 27.9372 13.4864 0.0639728 -0.0299216 0.997502
-18.6669 29.0336 13.5221 0.0623928 -0.0265705 0.997698
-18.8487 29.9503 13.5579 0.0623924 -0.0265703 0.997698
-18.269 31.2056 13.5553 0.0624035 -0.0268291 0.99769
-17.4614 31.0952 13.4996 0.0662788 -0.0246766 0.997496
-16.654 30.7878 13.4384 0.0671859 -0.0259723 0.997401
-16.2412 29.7176 13.381 0.0680929 -0.0272685 0.997306
-15.7519 28.207 13.3062 0.0698297 -0.0293265 0.997124
-15.3728 27.5345 13.2578 0.0715826 -0.0313505 0.996942
-14.7423 26.8605 13.1897 0.075584 -0.0318288 0.996631
-14.0338 26.3699 13.1203 0.0755803 -0.031819 0.996632
-12.6874 25.5442 12.9918 0.0777808 -0.0309392 0.996487
-11.7404 24.2178 12.8634 0.085593 -0.0366247 0.995657
-11.6402 22.8385 12.8051 0.0871422 -0.0343526 0.995603
-13.3842 23.1821 12.9668 0.077949 -0.0342714 0.996368
-13.8131 24.2336 13.0363 0.0783214 -0.0339338 0.99635
-14.8444 25.1993 13.1477 0.0730021 -0.0302224 0.996866
-15.6128 25.6745 13.2158 0.069118 -0.0311123 0.997123
-16.3507 26.389 13.2912 0.0711347 -0.0323721 0.996941
-17.1661 26.5134 13.3516 0.0684407 -0.0330611 0.997107
-17.7239 25.6967 13.3628 0.0685836 -0.0326582 0.997111
-17.3087 24.8667 13.3073 0.0687261 -0.0322563 0.997114
-16.2915 24.4808 13.2255 0.068661 -0.0310409 0.997157
-15.5836 24.2199 13.1683 0.069111 -0.0311357 0.997123
-14.752 24.031 13.1028 0.0745383 -0.0344913 0.996617
-13.9184 23.374 13.015 0.0775764 -0.0346082 0.996386
-8.62014 32.9325 12.8805 0.0879744 -0.0344483 0.995527
-9.90027 33.5975 13.0103 0.0853251 -0.0287625 0.995938
-10.6121 34.4205 13.0955 0.0838184 -0.027178 0.996106
-11.1751 35.4683 13.1681 0.0824924 -0.0247152 0.996285
-11.2756 36.9067 13.2118 0.0764155 -0.0255839 0.996747
-10.8436 37.8799 13.2056 0.0775489 -0.0281256 0.996592
-10.2431 38.496 13.1762 0.0775486 -0.0281252 0.996592
-9.53231 39.0731 13.1347 0.0804309 -0.024654 0.996455
-8.56215 39.4693 13.065 0.0815253 -0.0244263 0.996372
-7.07406 38.906 12.9204 0.0888466 -0.0285299 0.995637
-6.33569 38.0858 12.831 0.0888471 -0.0285297 0.995637
-5.88221 37.4186 12.7663 0.0949565 -0.032169 0.994962
-5.60058 36.6367 12.7145 0.0956674 -0.0299095 0.994964
-5.42515 35.7331 12.6705 0.0946727 -0.0309057 0.995028
-5.63441 34.552 12.6562 0.0924376 -0.0284789 0.995311
-6.11904 33.7755 12.6777 0.0932935 -0.0314272 0.995143
-6.92553 33.1129 12.7323 0.0932933 -0.0314278 0.995143
-7.89091 32.6709 12.807 0.0902568 -0.0342398 0.995327
-7.76045 34.5454 12.8523 0.0891339 -0.0276327 0.995636
-8.83474 35.1675 12.9657 0.087139 -0.0286369 0.995782
-9.69154 36.4027 13.0712 0.0788 -0.0300312 0.996438
-9.23449 37.4113 13.0655 0.0828064 -0.0294115 0.996123
-8.1016 37.6795 12.9745 0.0868131 -0.0287907 0.995809
-7.31513 36.7511 12.8791 0.0877257 -0.0298367 0.995697
-7.2478 35.1878 12.8246 0.0911587 -0.031393 0.995338
-7.26974 35.0909 12.8235 0.088887 -0.0292582 0.995611
-15.8066 41.5094 13.6409 0.0654404 -0.0214172 0.997626
-16.8367 40.8535 13.6919 0.0606073 -0.020117 0.997959
-17.8565 40.6163 13.749 0.0606073 -0.020117 0.997959
-18.9324 40.7114 13.8166 0.0584638 -0.019234 0.998101
-19.6555 41.5579 13.872 0.0554412 -0.0157825 0.998337
-20.2386 42.3413 13.9167 0.0554413 -0.0157822 0.998337
-20.5918 43.2453 13.9513 0.0534406 -0.0170205 0.998426
-20.6381 44.0277 13.9662 0.0501493 -0.0150379 0.998629
-20.5837 44.9973 13.9777 0.0504813 -0.0135999 0.998632
-20.2125 45.6581 13.9673 0.0516701 -0.012943 0.99858
-19.0813 46.6921 13.9215 0.0522894 -0.0129511 0.998548
-18.131 46.7456 13.873 0.0541739 -0.0141942 0.998427
-16.8272 46.4775 13.7949 0.0567605 -0.0148351 0.998278
-16.0567 45.8987 13.7422 0.0599777 -0.0153417 0.998079
-15.7455 45.1895 13.7095 0.0620179 -0.0195753 0.997883
-15.4147 43.4841 13.6534 0.0640023 -0.02013 0.997746
-15.423 42.3797 13.6331 0.0645327 -0.0187856 0.997739
-15.5894 41.9909 13.6366 0.065156 -0.0197523 0.997679
-17.0883 42.8018 13.7452 0.0604224 -0.0192542 0.997987
-18.2619 42.7649 13.8157 0.0604977 -0.0191892 0.997984
-18.9786 43.8535 13.8754 0.0534407 -0.0170205 0.998426
-18.6416 44.8195 13.8723 0.0535816 -0.0148216 0.998453
-17.7865 45.1177 13.83 0.0554303 -0.014741 0.998354
-17.1062 44.4265 13.7783 0.0601697 -0.0205263 0.997977
-16.9288 43.5588 13.7503 0.0603467 -0.0193186 0.997991
-17.0493 42.8783 13.7444 0.0603472 -0.0193185 0.99799
-24.1831 36.9585 14.0271 0.0504018 -0.0181971 0.998562
-24.9299 37.6325 14.0753 0.0480335 -0.0181001 0.998682
-25.8087 37.9354 14.1231 0.048034 -0.0180998 0.998682
-26.7223 37.8836 14.1642 0.0439302 -0.0163981 0.9989
-27.592 37.6072 14.1972 0.0433015 -0.016759 0.998921
-28.4846 37.1003 14.2277 0.0437209 -0.0179701 0.998882
-28.8012 36.0906 14.2217 0.0446609 -0.0202998 0.998796
-28.8157 35.1076 14.2024 0.0446609 -0.0202998 0.998796
-28.5812 33.8799 14.1669 0.0448782 -0.0209592 0.998772
-28.1745 33.2392 14.1346 0.0468945 -0.0212814 0.998673
-27.582 32.5774 14.0926 0.0470865 -0.0216447 0.998656
-26.7936 32.075 14.0442 0.0472786 -0.0220081 0.998639
-25.7888 31.6681 13.9861 0.0490032 -0.0223078 0.998549
-24.8996 31.6769 13.9433 0.0485944 -0.024245 0.998523
-24.0593 32.1745 13.9132 0.0502448 -0.0244729 0.998437
-23.1524 33.0344 13.8855 0.0525846 -0.0222578 0.998368
-22.6881 33.7104 13.876 0.0520149 -0.0228445 0.998384
-22.8846 34.473 13.9044 0.0515011 -0.0239297 0.998386
-23.1976 35.517 13.9456 0.051165 -0.0229941 0.998425
-23.5869 36.1844 13.98 0.0525605 -0.0205728 0.998406
-24.0764 36.8265 14.019 0.0525622 -0.0205754 0.998406
-24.0954 36.8482 14.0204 0.0523133 -0.0196382 0.998437
-24.8503 35.3593 14.0262 0.0490933 -0.021314 0.998565
-24.5032 34.5704 13.9903 0.0520153 -0.0228447 0.998384
-24.8269 33.8517 13.9916 0.0497223 -0.0224619 0.998506
-25.6048 33.4474 14.0188 0.0469151 -0.0231644 0.99863
-26.6065 34.0029 14.0784 0.046293 -0.022894 0.998665
-27.3317 34.9683 14.134 0.0449494 -0.0216164 0.998754
-27.2894 35.7886 14.1488 0.0439601 -0.0201829 0.998829
-26.5579 36.1365 14.123 0.0470778 -0.0207204 0.998676
-25.8078 36.21 14.0892 0.047218 -0.0206441 0.998671
-25.603 36.0875 14.0769 0.0473578 -0.0205693 0.998666
-37.4659 35.7126 14.5771 0.040311 -0.020196 0.998983
-37.7675 34.7852 14.57 0.0400194 -0.0216765 0.998964
-38.2518 34.0903 14.5738 0.0401379 -0.0221211 0.998949
-38.9765 33.6475 14.5935 0.0407465 -0.0227578 0.99891
-39.7658 33.4623 14.6214 0.0402259 -0.0241223 0.998899
-40.7623 33.7499 14.669 0.04111 -0.0229268 0.998892
-41.4484 34.118 14.7057 0.0419565 -0.0235599 0.998841
-42.5963 34.5945 14.7665 0.0428089 -0.0241978 0.99879
-43.2182 35.1481 14.8065 0.0431685 -0.0240023 0.998779
-43.4548 36.1899 14.8416 0.0459014 -0.0235015 0.998669
-43.4493 36.9824 14.8599 0.0461491 -0.0211341 0.998711
-43.5954 37.791 14.8837 0.0461504 -0.021135 0.998711
-43.9117 38.5522 14.9141 0.0458186 -0.0206967 0.998735
-44.2616 39.5711 14.9513 0.0458185 -0.0206967 0.998735
-44.4647 40.3121 14.976 0.047867 -0.0209599 0.998632
-45.1503 41.5577 15.0345 0.0510157 -0.017109 0.998551
-45.7272 42.4636 15.0795 0.0512696 -0.017361 0.998534
-45.8605 43.5344 15.1045 0.0519319 -0.0165593 0.998513
-45.9127 44.4233 15.1208 0.0518244 -0.0142231 0.998554
-45.6638 45.2179 15.1185 0.0523044 -0.0134249 0.998541
-44.805 45.8309 15.0827 0.0507469 -0.013668 0.998618
-43.8968 46.0177 15.0391 0.0498667 -0.0131321 0.998669
-42.7416 45.6117 14.9779 0.0474486 -0.0133297 0.998785
-41.8107 44.8784 14.9239 0.0474485 -0.0133296 0.998785
-41.3825 44.0118 14.8942 0.0452066 -0.0137106 0.998882
-40.9324 42.6293 14.8524 0.0453421 -0.0154257 0.998852
-40.7522 41.8317 14.8319 0.0452535 -0.0154921 0.998855
-40.5811 40.9637 14.8097 0.0445051 -0.016763 0.998869
-40.0629 39.9602 14.7687 0.0437096 -0.0181239 0.998879
-39.61 39.3405 14.7382 0.042924 -0.0184021 0.998909
-38.8254 38.6523 14.6914 0.0422888 -0.0184976 0.998934
-38.0495 37.984 14.647 0.0414299 -0.018196 0.998976
-37.6534 37.2348 14.6155 0.0413157 -0.0204884 0.998936
-37.5036 36.6145 14.5969 0.040311 -0.020196 0.998983
-39.1072 36.2241 14.6557 0.0412907 -0.0213588 0.998919
-39.8245 35.3429 14.6665 0.0418243 -0.0215 0.998893
-40.6136 35.508 14.7031 0.0412359 -0.0228517 0.998888
-41.3735 35.9471 14.7445 0.0423856 -0.0226952 0.998843
-41.8655 36.716 14.7835 0.0441644 -0.022173 0.998778
-41.55 37.6875 14.7899 0.0444644 -0.0209096 0.998792
-42.0309 38.6263 14.831 0.044266 -0.0199762 0.99882
-42.6226 39.2275 14.8685 0.0451838 -0.0197463 0.998783
-43.0276 40.4008 14.9113 0.0463006 -0.0204511 0.998718
-42.2501 39.819 14.8634 0.0451835 -0.019747 0.998783
-41.4579 39.0276 14.8133 0.0440663 -0.0190429 0.998847
-40.6403 38.1691 14.7595 0.0431248 -0.0201715 0.998865
-39.997 37.6698 14.7229 0.0417858 -0.0194337 0.998938
-39.3982 36.9495 14.6832 0.0418242 -0.0215 0.998893
-42.154 40.781 14.8772 0.0461318 -0.0166832 0.998795
-42.3954 41.7433 14.9048 0.0451909 -0.0164583 0.998842
-42.6208 42.6961 14.9298 0.0467527 -0.0159384 0.998778
-42.8091 43.631 14.9542 0.048641 -0.0167988 0.998675
-43.5317 43.9473 14.9951 0.0489644 -0.0149374 0.998686
-43.8587 43.4293 15.0022 0.0489418 -0.0172786 0.998652
-44.0049 42.6784 14.9964 0.0489454 -0.0172758 0.998651
-43.5361 41.698 14.9573 0.0476188 -0.0169944 0.998721
-42.8191 41.1446 14.9143 0.0470466 -0.0160082 0.998764
-43.0088 40.6942 14.916 0.0470466 -0.0160082 0.998764
-44.4453 51.9177 15.1237 0.0492605 -0.00822668 0.998752
-45.3869 51.9683 15.1719 0.0507485 -0.00815864 0.998678
-46.1299 52.0872 15.211 0.0539195 -0.00674513 0.998522
-47.2515 52.5852 15.2747 0.0555324 -0.00463174 0.998446
-47.8816 53.9651 15.3155 0.0552352 -0.00378312 0.998466
-47.9377 54.8788 15.3226 0.0548297 -0.00436424 0.998486
-48.1207 55.8676 15.3359 0.0549318 -0.00334297 0.998484
-47.6674 56.6739 15.3142 0.054394 -0.00377034 0.998512
-46.9492 57.3789 15.2786 0.0516836 -0.00422862 0.998655
-46.3965 58.0566 15.2526 0.0518521 -0.00403653 0.998647
-45.6353 58.5121 15.2149 0.0513526 -0.00296588 0.998676
-44.4034 58.9319 15.1545 0.0494271 -0.00163658 0.998776
-42.8276 58.9647 15.0766 0.0494671 -0.00159437 0.998774
-41.9748 58.1564 15.0335 0.0462548 -0.00452387 0.998919
-41.2565 57.2393 14.996 0.0469285 -0.00391035 0.99889
-41.2181 56.3583 14.9912 0.0455866 -0.00336858 0.998955
-41.2976 55.5192 14.992 0.0456229 -0.00456881 0.998948
-41.5703 54.8079 15.0005 0.0476246 -0.00428641 0.998856
-42.0203 53.9636 15.0183 0.047631 -0.00428206 0.998856
-42.7066 53.1799 15.046 0.0480859 -0.0058573 0.998826
-43.586 52.2342 15.0839 0.0488813 -0.0053642 0.99879
-44.1065 52.0498 15.1084 0.0487209 -0.00696882 0.998787
-44.3559 53.7741 15.1303 0.0494021 -0.00568381 0.998763
-45.1719 53.611 15.1697 0.0501753 -0.00535607 0.998726
-46.0722 54.0441 15.2187 0.0524561 -0.00371925 0.998616
-46.2595 54.7982 15.2314 0.0515423 -0.00461672 0.998659
-46.2117 55.826 15.2338 0.0505276 -0.00409999 0.998714
-45.6779 56.3868 15.2091 0.0504658 -0.00420548 0.998717
-44.9824 56.9603 15.1764 0.050278 -0.0035953 0.998729
-43.8347 57.2658 15.1197 0.0500547 -0.00391055 0.998739
-43.0576 56.5468 15.079 0.0479703 -0.00406018 0.99884
-42.9323 55.4597 15.0688 0.0483134 -0.00433846 0.998823
-43.2579 54.7841 15.0813 0.0483374 -0.00492578 0.998819
-44.048 53.9735 15.1162 0.0492841 -0.00506988 0.998772
-44.2114 53.8201 15.1234 0.0494027 -0.00568422 0.998763
-34.7796 52.7857 14.6908 0.0420877 -0.00648459 0.999093
-34.3339 54.4151 14.683 0.0417695 -0.0066472 0.999105
-33.765 55.1424 14.664 0.0414685 -0.00592137 0.999122
-32.8066 55.439 14.6261 0.0410389 -0.00497425 0.999145
-31.9153 55.3306 14.589 0.0409564 -0.00500997 0.999148
-31.0611 55.1224 14.5521 0.0418419 -0.00595731 0.999106
-30.3041 54.7285 14.5181 0.0417003 -0.00641428 0.999109
-29.227 53.4132 14.4624 0.0423227 -0.00783979 0.999073
-28.8827 51.9878 14.4367 0.0422847 -0.00775603 0.999075
-28.8235 51.1688 14.4279 0.0422461 -0.00767337 0.999078
-29.0583 50.253 14.4308 0.0422449 -0.0076754 0.999078
-29.5954 49.6699 14.4486 0.0432887 -0.0094624 0.999018
-30.2695 49.1837 14.4732 0.0433046 -0.00944056 0.999017
-31.3475 49.1395 14.5186 0.0418303 -0.00819568 0.999091
-32.313 49.3291 14.5605 0.0417557 -0.0082192 0.999094
-33.2789 49.797 14.6047 0.0416806 -0.00824187 0.999097
-33.7526 50.5201 14.6309 0.0421587 -0.00811491 0.999078
-34.3942 51.298 14.6638 0.0419328 -0.00767513 0.999091
-34.7962 52.241 14.688 0.0423251 -0.0070255 0.999079
-33.3078 52.6939 14.629 0.0419175 -0.00769588 0.999091
-33.0632 51.8686 14.6124 0.0419177 -0.00769637 0.999091
-32.0379 51.0707 14.563 0.0421975 -0.00772693 0.999079
-30.5714 51.1518 14.5017 0.0422182 -0.00767839 0.999079
-30.617 52.7207 14.5158 0.0421557 -0.00781288 0.999081
-31.2138 53.3126 14.5457 0.0421559 -0.00781319 0.99908
-32.1328 53.6828 14.587 0.0412916 -0.00682336 0.999124
-33.2696 52.7565 14.6279 0.0416522 -0.0071135 0.999107
-13.0108 -3.82669 11.977 0.0835253 -0.0310569 0.996022
-13.9081 -4.25721 12.0398 0.0815918 -0.0275856 0.996282
-14.7814 -4.97441 12.0879 0.0764115 -0.0272714 0.996703
-15.32 -5.83795 12.1056 0.0764108 -0.0272712 0.996703
-15.752 -7.02841 12.1055 0.0761251 -0.0283628 0.996695
-15.5833 -8.18116 12.061 0.0754161 -0.0273598 0.996777
-14.8445 -9.005 11.9815 0.0773183 -0.0269145 0.996643
-13.6149 -9.41069 11.8757 0.0770783 -0.0262786 0.996679
-12.4531 -9.54104 11.7762 0.0834249 -0.0270664 0.996146
-11.6192 -9.53439 11.7066 0.0835648 -0.0268593 0.99614
-10.8231 -8.80602 11.6573 0.0859043 -0.0262076 0.995959
-10.3154 -8.11684 11.6306 0.0868193 -0.0247926 0.995916
-9.81022 -7.40134 11.6011 0.0953307 -0.0236659 0.99516
-9.60683 -6.45393 11.607 0.0954059 -0.0266996 0.99508
-9.69179 -5.46257 11.6416 0.0961601 -0.0275212 0.994984
-10.2553 -4.68539 11.7152 0.0881472 -0.0273341 0.995732
-11.6326 -3.84913 11.8601 0.0881472 -0.0273332 0.995732
-12.684 -3.77562 11.9512 0.0835253 -0.0310569 0.996022
-12.1295 -5.34457 11.8626 0.0855091 -0.0269864 0.995969
-11.2499 -5.9135 11.7692 0.0876805 -0.0267315 0.99579
-11.3921 -6.76321 11.7596 0.0873419 -0.0260584 0.995837
-11.9357 -7.58477 11.7856 0.0855815 -0.0267405 0.995971
-12.6347 -7.90898 11.8356 0.0839055 -0.0272639 0.996101
-13.7229 -7.45697 11.9359 0.0796453 -0.0254148 0.996499
-13.9187 -6.47127 11.9767 0.0798725 -0.0270881 0.996436
-12.9257 -5.51253 11.9246 0.0815918 -0.0275855 0.996282
-8.98106 -12.7259 11.3987 0.0901625 -0.0219009 0.995685
-8.2407 -12.4208 11.3376 0.0915225 -0.0224943 0.995549
-7.35782 -12.0287 11.2633 0.095812 -0.0196554 0.995205
-6.32087 -11.8391 11.1672 0.0988425 -0.0201578 0.994894
-5.55281 -12.2475 11.0794 0.104173 -0.0186494 0.994384
-4.89366 -12.95 10.9972 0.104893 -0.019035 0.994301
-4.52406 -13.8101 10.9438 0.106662 -0.0142102 0.994194
-4.30685 -14.7442 10.9072 0.108267 -0.0156599 0.993996
-4.43932 -15.4162 10.912 0.106696 -0.0132914 0.994193
-5.12445 -16.561 10.9628 0.100855 -0.0166796 0.994761
-5.68283 -17.0967 11.011 0.09585 -0.0137607 0.995293
-6.44224 -17.737 11.072 0.091939 -0.0141378 0.995664
-7.17472 -17.9726 11.1366 0.0922207 -0.0171916 0.995589
-7.93958 -18.005 11.2064 0.0919152 -0.0139811 0.995669
-8.78797 -17.7366 11.2885 0.0884807 -0.014773 0.995962
-9.69658 -16.701 11.3831 0.0835008 -0.0183634 0.996339
-10.1453 -15.6353 11.4404 0.0836007 -0.0185032 0.996328
-10.0193 -14.4641 11.4529 0.0849369 -0.0197643 0.99619
-9.66879 -13.3329 11.4454 0.0846 -0.0219894 0.99617
-9.46581 -13.0839 11.4343 0.0865377 -0.0227636 0.995985
-8.42793 -14.4711 11.3134 0.0923452 -0.0173265 0.995576
-7.77616 -13.9229 11.2624 0.0923452 -0.0173265 0.995576
-6.7605 -13.6372 11.174 0.0936725 -0.0210721 0.995377
-6.3267 -14.8691 11.1107 0.0962887 -0.0169274 0.995204
-6.9869 -15.8993 11.1538 0.0930329 -0.0179281 0.995502
-7.83264 -16.1727 11.2287 0.0922207 -0.0171916 0.995589
-8.60387 -15.5098 11.3086 0.0866602 -0.0183765 0.996066
-8.51942 -14.7137 11.3176 0.0895837 -0.0189121 0.995795
-5.2699 -22.3487 10.9141 0.0948162 -0.00787413 0.995453
-5.9595 -22.7921 10.9726 0.0904854 -0.00946215 0.995853
-6.72649 -23.6607 11.0346 0.090571 -0.00879682 0.995851
-7.21412 -24.4576 11.0701 0.0844135 -0.00781988 0.996399
-7.23105 -25.4547 11.0649 0.0847071 -0.00656468 0.996384
-7.04163 -26.5649 11.04 0.0880337 -0.00565231 0.9961
-6.65703 -27.2275 11.0035 0.0880354 -0.00383871 0.99611
-5.84272 -27.9129 10.9289 0.0888671 -0.00418048 0.996034
-4.71271 -28.3913 10.8249 0.089698 -0.0045238 0.995959
-3.46557 -27.9837 10.7115 0.0959073 -0.00213162 0.995385
-2.52681 -27.1935 10.6206 0.0990637 -0.00182139 0.995079
-2.00175 -26.2848 10.5691 0.0997561 -0.00116022 0.995011
-1.70056 -25.6098 10.5396 0.103831 -0.000632193 0.994586
-1.66277 -24.5803 10.5362 0.108165 -0.0013586 0.994132
-1.95883 -23.7092 10.5696 0.107672 -0.00335407 0.994179
-2.57442 -22.9494 10.6401 0.107049 -0.00520622 0.99424
-3.29311 -22.4655 10.7181 0.0978098 -0.00491232 0.995193
-4.06076 -22.2051 10.7948 0.0978093 -0.00491233 0.995193
-4.24191 -22.204 10.8126 0.0984746 -0.0055957 0.995123
-3.85516 -23.8791 10.7651 0.0973721 -0.00686773 0.995224
-3.1701 -24.8976 10.6942 0.0951042 -0.00486019 0.995455
-3.40647 -25.6494 10.7129 0.095087 -0.00505531 0.995456
-4.16093 -26.2731 10.7807 0.093713 -0.00606881 0.995581
-5.1259 -26.2189 10.8719 0.0924718 -0.00547218 0.995699
-5.43157 -24.9782 10.906 0.0912319 -0.00487454 0.995818
-4.7273 -23.9343 10.85 0.0940757 -0.00796107 0.995527
-4.57143 -23.9289 10.8348 0.0973718 -0.00686733 0.995224
1.65799 -22.6246 10.1677 0.113398 -0.00331993 0.99354
2.05549 -21.714 10.1239 0.117973 -0.00232876 0.993014
2.34271 -20.7222 10.0921 0.118156 -0.00505977 0.992978
2.88772 -19.7842 10.0291 0.124261 -0.00343776 0.992244
3.3659 -18.8643 9.97242 0.124266 -0.00374225 0.992242
3.78054 -17.8805 9.92234 0.131717 -0.00426338 0.991278
4.16649 -16.9452 9.87508 0.131506 -0.00460707 0.991305
4.04588 -16.2048 9.89475 0.132961 -0.00744267 0.991089
2.50892 -15.5281 10.1017 0.124568 -0.0118409 0.99214
1.20308 -14.7607 10.2747 0.121569 -0.0115891 0.992511
0.794874 -13.9451 10.3341 0.119212 -0.0144838 0.992763
0.535451 -12.7864 10.3829 0.118628 -0.0152769 0.992821
0.560478 -11.8433 10.395 0.122121 -0.0138623 0.992409
0.863452 -10.9567 10.3669 0.124396 -0.0144563 0.992122
1.1921 -10.1937 10.3395 0.123194 -0.017427 0.99223
1.35318 -9.26211 10.3368 0.124883 -0.0207473 0.991954
1.85501 -9.17714 10.2742 0.130592 -0.0168126 0.991289
2.83203 -9.39087 10.1391 0.133094 -0.0182945 0.990935
3.66809 -9.61884 10.0226 0.13345 -0.0158449 0.990926
4.85887 -10.4479 9.84442 0.143171 -0.0108813 0.989638
5.56826 -11.5342 9.72984 0.143454 -0.0110057 0.989596
5.73877 -12.5991 9.69619 0.14459 -0.00763935 0.989462
5.68962 -13.513 9.6948 0.137039 -0.0105345 0.990509
5.41372 -14.5028 9.72388 0.135664 -0.00825972 0.990721
4.97405 -15.4635 9.77608 0.135145 -0.00909714 0.990784
5.64738 -16.4987 9.67656 0.139383 -0.00465348 0.990228
6.57217 -17.4615 9.54186 0.139281 -0.00288416 0.990247
7.8845 -17.5639 9.35278 0.144242 -0.00133957 0.989542
8.721 -17.2843 9.23156 0.147306 -0.00301067 0.98908
10.093 -17.3011 9.01882 0.153212 0.00122228 0.988193
11.2476 -17.5541 8.84013 0.15484 0.000397874 0.987938
12.0245 -17.988 8.71686 0.156469 -0.000427452 0.987683
12.6111 -18.5449 8.62301 0.162523 0.00152516 0.986701
12.8761 -19.497 8.58521 0.161442 0.00763153 0.986846
12.8906 -20.3403 8.58814 0.158112 0.00616956 0.987402
12.6143 -21.4747 8.63948 0.158111 0.00616935 0.987402
12.1095 -22.289 8.72903 0.155946 0.00858306 0.98772
11.2982 -22.7061 8.8569 0.15221 0.00690242 0.988324
10.3837 -23.0074 8.99827 0.14623 0.00676449 0.989222
9.51584 -23.2874 9.12551 0.14342 0.00519263 0.989648
7.92549 -23.7509 9.35842 0.14367 0.00501614 0.989613
7.05578 -24.2774 9.48374 0.137751 0.00804384 0.990434
6.24564 -24.7482 9.60024 0.132753 0.00676654 0.991112
5.3491 -25.0077 9.71743 0.128155 0.00652458 0.991733
4.35143 -24.8661 9.84542 0.124181 0.00548128 0.992236
3.60386 -24.6312 9.93489 0.120934 0.00309624 0.992655
2.48748 -23.8143 10.0703 0.121663 0.0017514 0.99257
2.01774 -23.103 10.1266 0.117489 0.00109819 0.993065
1.8364 -22.8049 10.1472 0.113694 3.96206e-05 0.993516
3.64642 -22.3815 9.92837 0.120751 -0.00170677 0.99268
4.32685 -23.1715 9.84292 0.129801 0.00154664 0.991539
5.55067 -23.2159 9.68278 0.12972 0.00139022 0.99155
6.64932 -22.7183 9.53204 0.136656 0.00286359 0.990614
7.46466 -22.306 9.41837 0.140288 0.00385161 0.990096
8.51376 -21.9471 9.26404 0.143921 0.00483956 0.989577
9.34874 -21.6862 9.14133 0.14367 0.00501609 0.989613
10.045 -21.3847 9.03564 0.149258 0.0060423 0.988777
10.8387 -20.7258 8.91316 0.149476 0.00374814 0.988758
11.3526 -20.0216 8.83122 0.156594 0.00678931 0.98764
10.468 -19.1889 8.96338 0.148868 0.00400944 0.988849
9.61686 -18.95 9.09165 0.150772 -0.00201108 0.988567
8.61896 -18.9457 9.24385 0.147506 -0.00167577 0.989054
7.65287 -19.0729 9.38393 0.143122 -0.0021245 0.989703
6.62713 -19.0133 9.53239 0.141149 -0.00162048 0.989985
5.80702 -18.7079 9.64703 0.135577 -0.00408461 0.990758
5.05119 -18.9639 9.74941 0.135577 -0.00408461 0.990758
4.42441 -20.0834 9.82876 0.129945 -0.00449709 0.99151
3.97598 -20.9634 9.88495 0.128115 0.00198337 0.991757
3.71151 -22.1026 9.92139 0.124589 -0.000722457 0.992198
5.797 -21.2436 9.64362 0.135524 0.00360227 0.990767
6.53109 -20.5752 9.54359 0.133816 -0.00144142 0.991005
5.83932 -20.8907 9.63654 0.13467 0.00108043 0.990886
3.21931 -14.1993 10.0273 0.133386 -0.0107461 0.991
3.90686 -13.769 9.93766 0.136646 -0.011909 0.990548
4.08506 -13.0476 9.92175 0.137039 -0.0105357 0.990509
3.9439 -12.2994 9.94794 0.136951 -0.0084415 0.990542
3.28267 -11.6767 10.0447 0.13696 -0.0120291 0.990497
2.52341 -11.3933 10.1531 0.1285 -0.0154111 0.991573
2.26108 -12.2523 10.1742 0.126423 -0.0134129 0.991886
2.28433 -13.3425 10.1563 0.12552 -0.0131371 0.992004
3.06628 -14.1243 10.0481 0.127458 -0.0109923 0.991779
3.16574 -14.191 10.0344 0.130113 -0.00958392 0.991453
0.905321 -8.86397 10.4004 0.12619 -0.015935 0.991878
-0.0341082 -8.39147 10.5284 0.123721 -0.0188254 0.992131
-0.937057 -8.4393 10.6367 0.120178 -0.0205378 0.99254
-2.02242 -8.28906 10.7666 0.113715 -0.0175924 0.993358
-3.16791 -8.07779 10.9005 0.111448 -0.0193761 0.993581
-3.6712 -7.41234 10.9715 0.110533 -0.0244944 0.993571
-4.07267 -6.67513 11.0345 0.111043 -0.0254856 0.993489
-4.1121 -5.90923 11.0585 0.111043 -0.0254862 0.993489
-4.19467 -4.37517 11.1083 0.11073 -0.0267002 0.993492
-3.82819 -3.22127 11.0986 0.110492 -0.027452 0.993498
-3.10662 -2.8484 11.0286 0.115726 -0.027274 0.992907
-2.39796 -2.36258 10.959 0.116523 -0.0262717 0.992841
-1.33346 -2.1395 10.8365 0.121958 -0.0279299 0.992142
-0.407414 -2.41382 10.714 0.124985 -0.0278827 0.991767
0.562537 -2.93405 10.577 0.125064 -0.0280399 0.991752
1.01607 -3.69365 10.499 0.127035 -0.0255605 0.991566
1.061 -4.8848 10.461 0.129152 -0.0267755 0.991263
1.09828 -5.83433 10.4346 0.129488 -0.0214886 0.991348
1.02828 -6.58498 10.4261 0.126552 -0.0215667 0.991723
1.27029 -7.88089 10.3698 0.126701 -0.0183419 0.99177
1.2348 -8.53806 10.3637 0.12619 -0.0159348 0.991878
-0.780954 -6.76085 10.6534 0.121031 -0.0242505 0.992342
-1.71743 -6.71454 10.7646 0.116752 -0.0256292 0.99283
-2.44693 -5.80282 10.874 0.116523 -0.0256368 0.992857
-2.27232 -4.34275 10.8911 0.116353 -0.0255144 0.99288
-1.26379 -3.8528 10.7835 0.123623 -0.0256964 0.991994
-0.514383 -4.54626 10.6709 0.124919 -0.0243458 0.991868
-0.452627 -5.32391 10.6448 0.125365 -0.0227433 0.99185
-0.393081 -5.94399 10.6231 0.125365 -0.0227431 0.99185
-18.9623 -23.444 11.9534 0.0625587 -0.0164019 0.997906
-18.5974 -24.478 11.9135 0.0610624 -0.0147952 0.998022
-18.4082 -25.2888 11.8915 0.0595677 -0.0131877 0.998137
-18.5543 -26.0961 11.8895 0.05957 -0.0131762 0.998137
-18.9114 -26.8405 11.901 0.0594144 -0.0130184 0.998148
-19.5499 -28.0066 11.9239 0.0588434 -0.0132256 0.998179
-20.0662 -28.5852 11.9462 0.0579234 -0.0133909 0.998231
-20.8334 -29.0642 11.9842 0.057627 -0.0120601 0.998265
-21.5953 -29.4576 12.0232 0.0568023 -0.0123967 0.998308
-22.4018 -29.9463 12.0586 0.050836 -0.0121257 0.998632
-23.3031 -30.1573 12.1029 0.0521012 -0.0122832 0.998566
-24.2032 -30.005 12.1518 0.0504056 -0.0127126 0.998646
-25.3719 -29.3367 12.2177 0.0477761 -0.0156384 0.998736
-26.0258 -28.5014 12.262 0.0481683 -0.0161357 0.998709
-25.7923 -27.4217 12.2685 0.0490298 -0.0163021 0.998664
-25.7298 -26.651 12.278 0.0489829 -0.0172218 0.998651
-25.9678 -25.7257 12.3065 0.0489337 -0.0181579 0.998637
-25.5504 -24.8204 12.3024 0.0485729 -0.0183911 0.99865
-24.839 -24.1676 12.2772 0.0527643 -0.0177245 0.99845
-24.1937 -23.4265 12.2563 0.0524143 -0.0185414 0.998453
-23.5159 -22.9365 12.23 0.0544652 -0.0197478 0.99832
-22.7558 -22.5151 12.1969 0.0544243 -0.019708 0.998323
-21.8946 -22.3518 12.1509 0.0593316 -0.0186277 0.998065
-21.1997 -22.533 12.1058 0.0613471 -0.0192295 0.997931
-20.3473 -22.727 12.0497 0.0613471 -0.0192296 0.997931
-19.4639 -23.1836 11.9891 0.0605519 -0.0159762 0.998035
-20.5905 -24.8067 12.0299 0.0585453 -0.0155508 0.998164
-21.7677 -24.2704 12.1073 0.0599462 -0.0173901 0.998047
-22.9154 -24.4409 12.1686 0.0552139 -0.0177304 0.998317
-23.5466 -24.936 12.1947 0.0552139 -0.0177304 0.998317
-24.0324 -25.5916 12.2099 0.0538445 -0.0175631 0.998394
-24.3129 -26.5267 12.2087 0.0510698 -0.0161541 0.998564
-24.2748 -27.3176 12.194 0.0508223 -0.0164891 0.998571
-23.9142 -28.254 12.1615 0.0512069 -0.0142262 0.998586
-22.7952 -28.2547 12.1025 0.0526559 -0.0145431 0.998507
-21.7289 -27.7092 12.0536 0.0552262 -0.0136244 0.998378
-21 -27.1047 12.0197 0.0574584 -0.0133951 0.998258
-20.5134 -26.4547 12.0005 0.057427 -0.0134528 0.998259
-20.21 -25.6685 11.9941 0.0584947 -0.0156203 0.998165
-15.2656 -29.4684 11.6396 0.064381 -0.0105478 0.997869
-15.7536 -30.1365 11.6646 0.0636212 -0.00860924 0.997936
-16.4373 -31.3349 11.6986 0.0623769 -0.00771666 0.998023
-16.7318 -32.1771 11.7102 0.0621039 -0.00805607 0.998037
-16.5568 -33.3234 11.69 0.0615617 -0.00690511 0.998079
-15.7255 -34.3638 11.633 0.0609175 -0.00612609 0.998124
-14.5489 -35.0985 11.5557 0.0615489 -0.00664169 0.998082
-13.8115 -35.2866 11.509 0.0629864 -0.00537999 0.997998
-12.675 -35.0127 11.4343 0.067645 -0.00454543 0.997699
-11.9104 -34.3246 11.3856 0.0675367 -0.00466199 0.997706
-11.398 -33.6737 11.3541 0.0693787 -0.00482546 0.997577
-10.9276 -32.7771 11.3238 0.0726067 -0.00312738 0.997356
-10.6737 -31.7195 11.3089 0.0727881 -0.00342105 0.997342
-10.599 -30.7384 11.3067 0.0720901 -0.00557819 0.997379
-10.9053 -29.9006 11.3353 0.0745856 -0.00652993 0.997193
-11.6457 -29.0947 11.3959 0.074587 -0.00665901 0.997192
-12.5601 -28.6031 11.4647 0.0698209 -0.00513883 0.997546
-13.3362 -28.6136 11.5183 0.0673481 -0.00710909 0.997703
-14.086 -28.7544 11.5669 0.0673264 -0.00877431 0.997691
-14.9482 -29.2379 11.6212 0.0685572 -0.0102126 0.997595
-15.06 -29.3227 11.628 0.0663642 -0.0107338 0.997735
-13.924 -30.5349 11.5431 0.0661366 -0.00728595 0.997784
-12.9884 -30.558 11.4809 0.0673481 -0.0071091 0.997703
-12.2642 -31.2004 11.4244 0.0720901 -0.00557816 0.997379
-12.3237 -31.9661 11.4265 0.0694252 -0.00453787 0.997574
-12.6315 -32.6907 11.4428 0.0675053 -0.0061993 0.9977
-13.1716 -33.2249 11.4762 0.0660341 -0.00433158 0.997807
-14.1051 -33.4834 11.5354 0.0651808 -0.00614284 0.997855
-14.9555 -32.8259 11.595 0.0631003 -0.00594979 0.997987
-14.9418 -32.0975 11.5991 0.0643933 -0.0073318 0.997896
-14.6663 -31.3038 11.5867 0.0661366 -0.00728597 0.997784
-20.3801 -34.4872 11.9003 0.0528342 -0.0082111 0.99857
-20.1079 -35.4291 11.8781 0.0528428 -0.00821782 0.998569
-20.2963 -36.5927 11.8785 0.0529069 -0.00755822 0.998571
-20.9389 -37.6434 11.9057 0.0513546 -0.00665378 0.998658
-21.4191 -38.2398 11.9255 0.0504674 -0.00746184 0.998698
-21.9516 -38.7803 11.9492 0.0496539 -0.00681311 0.998742
-22.6728 -39.1925 11.9812 0.0486417 -0.00755184 0.998788
-23.4768 -39.4005 12.0183 0.047849 -0.00758004 0.998826
-24.3715 -39.2674 12.0614 0.0461604 -0.00725432 0.998908
-25.3442 -38.4837 12.1138 0.0454109 -0.00980066 0.99892
-25.9022 -36.9989 12.1536 0.0443269 -0.0102986 0.998964
-25.7269 -36.127 12.1541 0.0459897 -0.00957094 0.998896
-25.4109 -35.191 12.1482 0.047505 -0.0109362 0.998811
-24.8998 -34.5741 12.1305 0.0481065 -0.0103339 0.998789
-24.2847 -33.8697 12.1082 0.0481064 -0.010334 0.998789
-23.4182 -33.246 12.0716 0.0502897 -0.0109776 0.998674
-22.5409 -33.1511 12.028 0.0522919 -0.010199 0.99858
-21.8232 -33.4551 11.9873 0.0522925 -0.0101988 0.99858
-20.9607 -33.7896 11.9379 0.0530195 -0.0105837 0.998537
-20.537 -34.2702 11.9103 0.0529226 -0.00939384 0.998554
-22.0212 -35.2675 11.9807 0.0528257 -0.00820403 0.99857
-22.7603 -35.1724 12.0187 0.0496356 -0.00873139 0.998729
-23.7166 -35.719 12.0615 0.0497417 -0.00846997 0.998726
-24.1241 -36.3107 12.0763 0.0485192 -0.008895 0.998783
-23.6227 -37.4876 12.0413 0.0486875 -0.00892908 0.998774
-22.8429 -37.452 12.0036 0.0492679 -0.00856901 0.998749
-22.0066 -36.4196 11.9704 0.0497428 -0.00846949 0.998726
-21.9209 -35.4039 11.9742 0.0528257 -0.00820359 0.99857
-30.5352 -27.0875 12.4934 0.0430694 -0.0180541 0.998909
-29.916 -26.3446 12.481 0.0428196 -0.0189258 0.998904
-29.4065 -25.6541 12.4703 0.0451098 -0.0179116 0.998821
-29.1804 -24.8228 12.475 0.0457734 -0.0173652 0.998801
-29.3643 -23.9609 12.4981 0.0464298 -0.0182081 0.998755
-29.7779 -23.2888 12.5304 0.0444008 -0.0190049 0.998831
-30.6732 -22.5348 12.5826 0.0425801 -0.0187043 0.998918
-31.5192 -22.369 12.6218 0.0425777 -0.0186955 0.998918
-32.4397 -22.4494 12.6583 0.0411721 -0.021661 0.998917
-33.3487 -22.9151 12.6857 0.0411721 -0.0216611 0.998917
-34.5727 -23.9899 12.7068 0.0337749 -0.0194486 0.999238
-35.0166 -25.0006 12.704 0.0334258 -0.0174184 0.999289
-35.1974 -26.0617 12.6917 0.0335902 -0.0169823 0.999291
-34.8548 -26.741 12.6687 0.0348614 -0.0168618 0.999249
-34.1449 -27.4077 12.6317 0.0362018 -0.0169005 0.999202
-33.2322 -27.8405 12.5897 0.0375693 -0.0180102 0.999132
-32.4283 -27.8112 12.5583 0.0402469 -0.0176142 0.999034
-31.6733 -27.7356 12.5292 0.040634 -0.0179934 0.999012
-30.8768 -27.3945 12.503 0.0419776 -0.0175876 0.998963
-31.5691 -26.0158 12.5566 0.0408502 -0.018599 0.998992
-30.9267 -24.7345 12.5524 0.0423001 -0.0180896 0.998941
-31.8142 -24.3132 12.5982 0.040744 -0.0184506 0.998997
-32.7825 -24.3572 12.635 0.0388118 -0.018308 0.999079
-33.471 -25.1623 12.6462 0.0374941 -0.0191146 0.999114
-33.3179 -25.9012 12.6274 0.0382793 -0.0169034 0.999124
-32.4244 -26.2139 12.587 0.0398886 -0.0191747 0.99902
-31.9827 -26.0856 12.5718 0.0398885 -0.0191748 0.99902
-40.0596 -25.3947 12.8495 0.0265642 -0.0177893 0.999488
-40.1838 -24.6549 12.8666 0.027073 -0.0184369 0.999463
-40.3339 -23.9108 12.8843 0.0269678 -0.0185593 0.999464
-40.723 -23.2073 12.908 0.0270424 -0.0198528 0.999436
-41.5714 -22.5836 12.9427 0.0235206 -0.0214904 0.999492
-42.6271 -22.1505 12.9769 0.0235202 -0.0214892 0.999492
-43.3555 -21.9076 12.9989 0.0213716 -0.0214131 0.999541
-44.1439 -22.0871 13.0108 0.0206975 -0.0198542 0.999589
-44.9845 -22.5131 13.0197 0.0206978 -0.0198546 0.999589
-45.7934 -23.158 13.0227 0.0193836 -0.0199847 0.999612
-46.5804 -23.9273 13.0235 0.0198677 -0.0192356 0.999618
-47.0523 -24.7015 13.018 0.0183771 -0.0189162 0.999651
-46.9907 -26.0655 12.9936 0.0204744 -0.0166507 0.999652
-46.5006 -27.0798 12.9666 0.0204743 -0.0166506 0.999652
-45.1975 -28.085 12.9243 0.0199836 -0.0159949 0.999672
-44.4113 -28.262 12.9049 0.0215136 -0.0159424 0.999641
-42.7322 -28.4238 12.8661 0.0234312 -0.0157093 0.9996
-42.0105 -28.0162 12.8541 0.0249321 -0.0162513 0.999557
-41.0643 -27.3109 12.8429 0.0245455 -0.0170594 0.999553
-40.4053 -26.5347 12.839 0.0261307 -0.0170126 0.999514
-40.0845 -25.5317 12.8478 0.0260553 -0.0171418 0.999514
-41.75 -25.3147 12.8948 0.0241999 -0.0184855 0.999536
-42.498 -26.5383 12.8916 0.0248576 -0.0174481 0.999539
-43.5891 -26.7371 12.9123 0.0205089 -0.0176838 0.999633
-44.9143 -26.2606 12.9479 0.0207101 -0.0179743 0.999624
-45.2981 -25.1907 12.975 0.0193237 -0.0182205 0.999647
-44.333 -24.1061 12.9751 0.0205949 -0.0187809 0.999611
-43.2172 -23.6019 12.9622 0.0202792 -0.019297 0.999608
-42.039 -24.09 12.9245 0.0245577 -0.0188941 0.99952
-42.0316 -24.0998 12.9241 0.0242004 -0.0184855 0.999536
-38.8088 -34.3194 12.6774 0.0303074 -0.0128536 0.999458
-39.6547 -34.5876 12.6996 0.0306018 -0.0122625 0.999456
-40.5194 -35.0808 12.7174 0.0270881 -0.0121198 0.999559
-41.2834 -36.0322 12.7263 0.0280189 -0.011405 0.999541
-41.6468 -37.0222 12.7257 0.0256367 -0.0110199 0.999611
-41.9046 -38.4996 12.7178 0.0264179 -0.0093282 0.999607
-41.6077 -39.3249 12.7021 0.0265601 -0.0095184 0.999602
-40.8833 -39.9791 12.675 0.0294622 -0.00985237 0.999517
-39.592 -40.1523 12.6354 0.0293451 -0.00961871 0.999523
-38.8442 -40.167 12.6132 0.031652 -0.00872644 0.999461
-37.6843 -39.8613 12.5791 0.0316519 -0.00872697 0.999461
-36.6742 -39.375 12.5514 0.0315466 -0.0101557 0.99945
-36.1633 -38.7217 12.5418 0.0340624 -0.0115061 0.999353
-35.5154 -37.3626 12.5353 0.0331849 -0.010961 0.999389
-35.6556 -36.2625 12.5526 0.0326292 -0.0116236 0.9994
-36.1783 -35.2057 12.582 0.0327308 -0.0122286 0.999389
-37.2504 -34.4777 12.6266 0.0328325 -0.0128335 0.999378
-38.4145 -34.3011 12.6657 0.0303075 -0.0128536 0.999458
-38.2593 -35.9685 12.6403 0.0309162 -0.0116885 0.999454
-39.2108 -36.2764 12.6661 0.029212 -0.0122026 0.999497
-40.036 -37.3073 12.6779 0.0285087 -0.0100758 0.999543
-39.9607 -38.4169 12.6636 0.0289233 -0.010928 0.999522
-39.2269 -38.663 12.6397 0.0299912 -0.0110474 0.999489
-38.1881 -38.4142 12.6101 0.0314417 -0.0115842 0.999438
-37.193 -37.328 12.5914 0.0323118 -0.0113028 0.999414
-37.4557 -36.4394 12.6098 0.033188 -0.0109007 0.99939
-37.5632 -36.2858 12.6151 0.0320622 -0.0113031 0.999421
-30.8513 -17.0619 12.712 0.04125 -0.0233536 0.998876
-30.057 -17.1982 12.675 0.0459053 -0.0228342 0.998684
-28.9197 -16.9092 12.6277 0.0469674 -0.0236687 0.998614
-28.2563 -16.5124 12.6067 0.0469016 -0.0254062 0.998576
-27.5128 -16.0173 12.5844 0.0469033 -0.0254057 0.998576
-26.6953 -15.3133 12.5608 0.0495791 -0.0237962 0.998487
-25.957 -14.0834 12.5547 0.051891 -0.0250173 0.998336
-25.9956 -13.0792 12.5815 0.0542989 -0.0245568 0.998223
-26.7941 -11.844 12.6554 0.0522883 -0.0259949 0.998294
-27.1879 -11.0459 12.6969 0.0522897 -0.0259913 0.998294
-28.047 -10.3697 12.7581 0.0480829 -0.0283416 0.998441
-28.935 -10.1441 12.8073 0.0480833 -0.0283419 0.998441
-30.5053 -10.2805 12.8736 0.042951 -0.0266592 0.998721
-31.4552 -10.5736 12.9065 0.0423208 -0.0267101 0.998747
-32.7246 -11.1115 12.9452 0.0414156 -0.0264257 0.998792
-33.1537 -11.9428 12.9395 0.037855 -0.0266373 0.998928
-33.2774 -12.6835 12.9245 0.0378553 -0.0266377 0.998928
-33.5955 -13.8471 12.905 0.0372946 -0.0265421 0.998951
-33.497 -14.6685 12.8802 0.0368226 -0.02579 0.998989
-33.2524 -15.4004 12.8522 0.0419622 -0.0260527 0.998778
-32.5003 -16.1614 12.8025 0.0415692 -0.0241717 0.998843
-31.6948 -16.6732 12.7566 0.0415692 -0.0241718 0.998843
-31.2246 -16.8938 12.7316 0.0415691 -0.0241707 0.998843
-30.5813 -15.5432 12.7382 0.043361 -0.0243028 0.998762
-31.6548 -14.628 12.8052 0.0419622 -0.0260527 0.998778
-31.9007 -13.82 12.8379 0.042615 -0.0274068 0.998716
-31.7618 -12.9975 12.8544 0.0426701 -0.0273022 0.998716
-31.2792 -12.4244 12.8493 0.0434012 -0.0271672 0.998688
-30.44 -12.0338 12.8236 0.0433832 -0.0273016 0.998685
-29.4788 -11.7867 12.7886 0.0433832 -0.0273016 0.998685
-28.4398 -12.0774 12.7316 0.0491192 -0.0266057 0.998438
-28.0342 -12.7203 12.6935 0.050064 -0.0267702 0.998387
-27.7637 -13.727 12.6537 0.0500629 -0.0260466 0.998406
-28.3203 -14.44 12.663 0.0473077 -0.0272127 0.998505
-29.3395 -15.3955 12.6853 0.0454122 -0.0239069 0.998682
-30.5806 -15.5433 12.7382 0.0454126 -0.0239069 0.998682
-30.0248 -13.5491 12.7644 0.0439862 -0.0277061 0.998647
-29.8974 -13.5744 12.758 0.0445531 -0.0283795 0.998604
30.1235 3.93813 5.02267 0.258418 -0.0295142 0.965582
30.6048 3.22082 4.86932 0.267558 -0.0285925 0.963117
31.2132 2.72072 4.68546 0.267558 -0.0285925 0.963117
31.8277 2.21626 4.49627 0.271002 -0.030943 0.962081
32.5273 1.95034 4.29064 0.275994 -0.0288225 0.960711
33.5186 2.00145 3.99119 0.290893 -0.0325489 0.956202
34.4066 2.23279 3.72894 0.292152 -0.0316877 0.955846
35.0481 2.58225 3.54293 0.299269 -0.0364882 0.953471
35.6336 3.07238 3.37791 0.304829 -0.0355401 0.951725
36.2105 3.98312 3.22736 0.306933 -0.0377298 0.950983
36.4284 5.05386 3.19951 0.305127 -0.0399305 0.95147
36.1044 6.0219 3.3456 0.303318 -0.042128 0.951958
35.6752 6.75353 3.51685 0.305056 -0.0439654 0.951319
35.0566 7.25798 3.73407 0.290531 -0.0466103 0.955728
34.3581 7.51584 3.958 0.284766 -0.043359 0.9576
33.0088 7.50458 4.34799 0.276426 -0.0413223 0.960146
31.8954 6.98464 4.64455 0.274273 -0.0394735 0.960841
30.7822 6.16647 4.91679 0.262452 -0.0364782 0.964244
30.2932 5.26981 5.02104 0.264513 -0.0322069 0.963844
30.0542 4.20188 5.04916 0.257163 -0.0320556 0.965832
31.8878 4.58422 4.55628 0.277256 -0.0319459 0.960265
32.5998 3.80205 4.32196 0.280894 -0.034779 0.959108
33.4743 3.61639 4.05965 0.285939 -0.0296245 0.957771
34.6058 4.56549 3.7504 0.292184 -0.037201 0.955638
34.2743 5.51786 3.89124 0.293853 -0.0391998 0.955046
33.3585 5.66148 4.17142 0.276479 -0.0359246 0.960347
32.3139 5.51892 4.46539 0.275132 -0.0347491 0.960778
31.865 4.92403 4.57416 0.277256 -0.0319457 0.960265
40.8504 -0.377454 1.47145 0.337231 -0.0313553 0.9409
41.2558 0.292066 1.34999 0.342073 -0.0409502 0.938769
41.8803 0.845352 1.14355 0.346429 -0.0413032 0.937166
42.67 1.16186 0.866068 0.351079 -0.038245 0.935542
43.3198 0.267305 0.582076 0.357086 -0.0368989 0.933342
43.3607 -0.672358 0.532967 0.353667 -0.0326261 0.934801
43.2541 -1.59249 0.540098 0.352856 -0.0336132 0.935074
43.2032 -2.3698 0.534524 0.351651 -0.0293788 0.93567
42.9685 -3.68299 0.5899 0.350021 -0.0182456 0.936564
42.1368 -3.61041 0.902119 0.350021 -0.0182465 0.936564
41.4287 -3.4125 1.1706 0.348084 -0.0192566 0.937263
41.0398 -2.59316 1.33469 0.339661 -0.02742 0.940148
40.8034 -1.74089 1.44495 0.33943 -0.0271651 0.940239
40.7337 -0.824611 1.49838 0.337231 -0.0313561 0.9409
42.6865 -13.1919 0.700933 0.340062 0.00922402 0.940358
41.7995 -13.5032 1.02806 0.335154 0.0137645 0.942063
41.0157 -13.8546 1.31058 0.333593 0.0126258 0.942633
40.2889 -14.9594 1.58821 0.332171 0.0185602 0.943036
40.2775 -15.8799 1.61034 0.332877 0.0239315 0.942651
40.3625 -16.6753 1.60428 0.328049 0.024208 0.944351
40.8292 -17.8003 1.471 0.328399 0.0311259 0.944001
41.3207 -18.3012 1.32222 0.332402 0.0416406 0.942184
41.9982 -18.5263 1.08676 0.341056 0.0408455 0.939153
43.1018 -18.4139 0.679196 0.342361 0.0420694 0.938626
43.4237 -17.5132 0.534135 0.335662 0.0222322 0.941701
43.4879 -16.6538 0.490339 0.338886 0.0314521 0.940302
43.312 -15.5181 0.510375 0.366591 0.0348904 0.929627
