-38.1079 36.5892 1.29753 0.0291125 -0.0212493 0.999345
-38.2488 37.6011 1.3196 0.0272088 -0.0154352 0.999511
-38.2488 37.6011 1.3196 0.0272088 -0.0154352 0.999511
-37.7176 37.2221 1.29813 0.0324907 -0.0173291 0.999316
-37.4133 36.4435 1.27184 0.0332321 -0.0212186 0.999222
-37.2156 35.5866 1.24797 0.0312049 -0.0191255 0.99933
-37.9305 36.0991 1.28098 0.0323256 -0.0220413 0.999234
-37.8272 36.488 1.28622 0.0323257 -0.0220413 0.999234
-36.8275 35.1451 1.2274 0.0306276 -0.0192963 0.999344
-36.162 34.2277 1.18844 0.0312406 -0.020358 0.999305
-35.4993 33.5274 1.15344 0.0308814 -0.0216122 0.999289
-34.7963 32.906 1.11781 0.031801 -0.0240579 0.999203
-34.003 31.7029 1.06105 0.0331143 -0.0249039 0.999141
-34.0556 30.9255 1.04332 0.0384219 -0.0260499 0.998922
-34.889 30.6816 1.06536 0.0331109 -0.0245122 0.999151
-35.9479 31.5835 1.12258 0.0314667 -0.0244078 0.999205
-36.5175 32.4802 1.15932 0.0291294 -0.0221995 0.999329
-36.9131 33.3763 1.19086 0.028449 -0.0226763 0.999338
-36.8773 34.6052 1.21774 0.0286 -0.0230291 0.999326
-36.9893 34.8753 1.22729 0.0300059 -0.0212498 0.999321
-35.5071 36.0652 1.20562 0.0306354 -0.0199832 0.999331
-34.8775 35.343 1.17039 0.0341252 -0.0192187 0.999233
-34.4488 34.6038 1.14085 0.0367919 -0.0197372 0.999128
-33.8713 34.0828 1.10928 0.0368039 -0.0197577 0.999127
-33.149 33.519 1.07152 0.0369155 -0.0195645 0.999127
-32.5427 32.6621 1.02781 0.0399984 -0.0236374 0.99892
-32.2082 31.7574 0.993009 0.0405274 -0.0240859 0.998888
-32.2561 30.6277 0.967912 0.0411943 -0.0237291 0.998869
-32.6279 29.7823 0.961359 0.0372984 -0.0239182 0.999018
-33.3321 29.1239 0.972203 0.0373843 -0.023534 0.999024
-34.7451 28.8139 1.01415 0.0331753 -0.0254893 0.999124
-35.9655 29.0442 1.06043 0.0334968 -0.0257315 0.999107
-36.7883 29.713 1.10217 0.0300679 -0.0238254 0.999264
-37.4251 30.5324 1.1411 0.0294429 -0.0238138 0.999283
-37.9852 31.8109 1.18724 0.0290957 -0.0227623 0.999317
-38.2331 32.7196 1.21422 0.0285732 -0.0218122 0.999354
-38.5638 33.547 1.24148 0.0262358 -0.0223491 0.999406
-38.937 34.4021 1.27088 0.0258925 -0.0231791 0.999396
-39.3175 35.1666 1.29846 0.0258925 -0.0231792 0.999396
-39.9733 35.8843 1.33051 0.0251605 -0.0215691 0.999451
-40.4759 36.6612 1.35953 0.0249914 -0.0203053 0.999481
-40.4036 37.416 1.37272 0.024632 -0.0198257 0.9995
-40.2248 38.5468 1.38801 0.0254496 -0.0167373 0.999536
-39.7058 39.3379 1.38794 0.0252154 -0.0165086 0.999546
-38.3977 39.5001 1.35442 0.0285193 -0.0168851 0.999451
-37.626 39.3964 1.33076 0.0294185 -0.0171669 0.999419
-36.9695 38.894 1.30183 0.0304144 -0.0177975 0.999379
-36.4812 38.2874 1.27617 0.0311862 -0.0173248 0.999363
-35.9567 37.0468 1.23746 0.0300539 -0.0186184 0.999375
-35.5325 36.1066 1.20719 0.0300521 -0.0190429 0.999367
-29.7566 43.0553 1.10966 0.0420787 -0.0173579 0.998963
-28.7109 42.3515 1.05201 0.0436242 -0.0173212 0.998898
-27.9589 42.1283 1.01542 0.0436928 -0.0160934 0.998915
-27.0512 42.2661 0.977338 0.044524 -0.0165796 0.998871
-26.1175 42.7534 0.943808 0.0445239 -0.0165796 0.998871
-25.4984 43.4869 0.926849 0.0476725 -0.016699 0.998723
-25.2265 44.3454 0.928223 0.0476727 -0.0166988 0.998723
-25.1813 45.2746 0.940954 0.048192 -0.0154855 0.998718
-25.6542 46.3594 0.979468 0.0474825 -0.0147593 0.998763
-26.0907 46.9939 1.0096 0.0474825 -0.0147593 0.998763
-26.6675 47.4487 1.04208 0.0436132 -0.0123695 0.998972
-27.6081 47.7638 1.08737 0.0440921 -0.0119608 0.998956
-28.6543 47.6996 1.13172 0.0419511 -0.0129909 0.999035
-29.813 47.138 1.17327 0.0423345 -0.0129069 0.99902
-30.2618 46.493 1.184 0.0423446 -0.0128485 0.99902
-30.4586 45.7652 1.18177 0.039585 -0.0141114 0.999117
-30.4482 44.48 1.1618 0.0406895 -0.0156332 0.99905
-30.2705 43.7078 1.14221 0.0405701 -0.0169641 0.999032
-29.7916 43.0862 1.11164 0.0409133 -0.0176135 0.999007
-28.6111 44.4969 1.08475 0.04289 -0.0163337 0.998946
-28.6505 45.4033 1.10001 0.0431954 -0.0144642 0.998962
-27.5902 46.0103 1.06181 0.0444079 -0.0148193 0.998903
-26.9001 45.4797 1.02335 0.0451066 -0.015069 0.998868
-26.9309 44.2909 1.00594 0.0453784 -0.0164214 0.998835
-27.6973 43.9745 1.03522 0.0452028 -0.0170325 0.998833
-28.4287 44.3422 1.0742 0.0434342 -0.0172118 0.998908
-38.7512 48.5769 1.49291 0.0276911 -0.010994 0.999556
-38.7319 49.4042 1.50107 0.0285991 -0.0106796 0.999534
-38.9792 50.2709 1.51741 0.028599 -0.0106798 0.999534
-39.2582 50.9884 1.5313 0.028846 -0.00809306 0.999551
-39.8473 51.5204 1.55092 0.0242123 -0.00776924 0.999676
-41.4318 51.8112 1.59084 0.0238893 -0.00704607 0.99969
-42.3209 51.6001 1.61094 0.023965 -0.00739617 0.999685
-43.0124 51.1136 1.62353 0.0236504 -0.00774498 0.99969
-43.5182 50.4845 1.63078 0.0253126 -0.00883126 0.99964
-43.5904 49.2695 1.62015 0.0232415 -0.0101119 0.999679
-43.3395 48.3928 1.60545 0.0232829 -0.0101688 0.999677
-42.4953 47.3983 1.57558 0.0243298 -0.0102739 0.999651
-41.7951 47.0253 1.55369 0.0255274 -0.0114719 0.999608
-41.0455 46.9258 1.53341 0.0255273 -0.011472 0.999608
-40.2585 47.0593 1.51422 0.0266448 -0.0120228 0.999573
-39.2635 47.7538 1.49643 0.0265525 -0.0124303 0.99957
-38.8174 48.4264 1.49294 0.0270793 -0.0121883 0.999559
-40.476 48.8443 1.53941 0.0250157 -0.0110832 0.999625
-40.7542 49.7634 1.55633 0.0240266 -0.0106676 0.999654
-41.5613 49.8991 1.57769 0.0253397 -0.0102763 0.999626
-41.6164 49.0411 1.57027 0.0253397 -0.0102763 0.999626
-40.8518 48.526 1.5455 0.0253126 -0.0105072 0.999624
-23.8123 30.5201 0.57185 0.0527059 -0.0250196 0.998297
-24.0755 29.7924 0.567484 0.0516125 -0.0251676 0.99835
-24.2267 28.9475 0.554237 0.0523443 -0.0252896 0.998308
-24.2452 28.1355 0.533628 0.0546783 -0.0272601 0.998132
-23.658 26.7922 0.464503 0.0547512 -0.0276093 0.998118
-23.016 25.8789 0.404018 0.0547416 -0.0276224 0.998118
-21.7063 24.7725 0.30164 0.0552755 -0.0270771 0.998104
-21.0217 25.9067 0.294038 0.0555482 -0.0268379 0.998095
-20.622 26.7878 0.294653 0.0586768 -0.0267283 0.997919
-20.1037 27.5659 0.285542 0.057856 -0.0278049 0.997938
-19.4743 28.8234 0.285056 0.0557377 -0.0281016 0.99805
-19.4632 29.6559 0.307874 0.0553578 -0.0271918 0.998096
-19.8021 30.3403 0.344563 0.0554552 -0.0263123 0.998114
-20.4223 30.8913 0.39411 0.0563611 -0.0249491 0.998099
-21.5911 31.2664 0.469893 0.0570541 -0.0252568 0.998052
-22.4322 31.3898 0.52086 0.0545975 -0.0254457 0.998182
-23.3113 30.9262 0.555609 0.0526903 -0.0250782 0.998296
-22.2046 29.5416 0.45936 0.0560887 -0.0272964 0.998052
-22.4478 28.5616 0.446126 0.0553545 -0.0266889 0.99811
-21.9809 27.9305 0.402738 0.0562884 -0.0273031 0.998041
-21.3359 28.2951 0.376337 0.0565652 -0.0271062 0.998031
-21.302 29.1676 0.397928 0.056842 -0.0269093 0.99802
-21.708 29.5436 0.431139 0.0567972 -0.0267805 0.998026
-17.8161 35.4466 0.348981 0.0592419 -0.0223679 0.997993
-17.1513 35.0857 0.301348 0.0597298 -0.0226713 0.997957
-16.4498 35.772 0.274765 0.0601285 -0.0220128 0.997948
-16.1947 36.7475 0.280122 0.0597624 -0.0213951 0.997983
-15.8794 37.6547 0.279111 0.0598456 -0.0186183 0.998034
-15.7352 38.7065 0.290082 0.0606305 -0.0189446 0.99798
-16.5667 38.7842 0.342811 0.0617215 -0.0197794 0.997897
-17.3304 38.4072 0.382575 0.0613607 -0.0196523 0.997922
-17.9125 37.6754 0.402767 0.0598747 -0.0205768 0.997994
