-20.4124 2.9771 37.7716 -0.305712 -0.325798 0.894649
-21.2133 2.43334 37.3067 -0.292108 -0.332931 0.896555
-21.2133 2.43334 37.3067 -0.292108 -0.332931 0.896555
-22.1984 2.06671 36.8446 -0.294697 -0.335874 0.894618
-23.3473 1.82989 36.3798 -0.291258 -0.337437 0.895156
-24.5085 1.62021 35.9219 -0.291812 -0.338091 0.894729
-25.3332 1.56869 35.6404 -0.282235 -0.340215 0.896993
-24.6682 2.05885 36.0355 -0.287024 -0.339153 0.895861
-24.0553 2.43178 36.3763 -0.291259 -0.337438 0.895155
-23.2353 2.96346 36.8424 -0.290703 -0.336786 0.895582
-22.6206 3.31275 37.1733 -0.2927 -0.336331 0.8951
-21.6003 3.7992 37.6837 -0.289517 -0.329988 0.898492
-20.5963 4.39542 38.2261 -0.282921 -0.343461 0.895408
-20.0362 3.531 38.1019 -0.305712 -0.325796 0.894649
-18.9872 2.68558 38.1564 -0.326002 -0.301175 0.896039
-18.2431 3.38843 38.672 -0.332642 -0.303956 0.892726
-17.4848 3.88663 39.1242 -0.32291 -0.295088 0.899132
-16.8018 4.1793 39.4529 -0.324254 -0.282335 0.902774
-16.0904 4.4957 39.8159 -0.33533 -0.27845 0.900011
-16.8752 5.25005 39.766 -0.307953 -0.306012 0.900599
-17.9549 5.74147 39.5798 -0.302726 -0.325809 0.895659
-18.9316 5.955 39.3471 -0.280875 -0.334862 0.899431
-20.2395 5.82519 38.8817 -0.276546 -0.342391 0.897869
-21.3863 5.45484 38.4002 -0.266189 -0.345551 0.899854
-22.4373 5.01929 37.9056 -0.279727 -0.356246 0.891532
-23.3963 4.54582 37.4118 -0.283125 -0.355553 0.890743
-24.4114 3.9532 36.8547 -0.27413 -0.356173 0.893266
-25.203 3.42171 36.4066 -0.268821 -0.360991 0.892974
-25.9886 2.8562 35.9363 -0.271469 -0.363905 0.890998
-26.6241 2.19058 35.4708 -0.260993 -0.366523 0.892985
-27.0502 1.31153 34.9932 -0.286368 -0.346102 0.893424
-27.4685 0.457217 34.5282 -0.290343 -0.351925 0.889824
-28.0518 -0.194039 34.0715 -0.294321 -0.357747 0.886224
-28.1656 -1.17943 33.6492 -0.302549 -0.331926 0.893444
-29.0433 -1.56509 33.2327 -0.265251 -0.330831 0.905645
-29.8089 -2.03348 32.8373 -0.261656 -0.325567 0.908566
-30.349 -2.64939 32.468 -0.258061 -0.3203 0.911489
-31.2511 -3.24821 31.9987 -0.263963 -0.321356 0.909421
-32.1259 -3.80093 31.5463 -0.265649 -0.323078 0.908323
-32.9924 -4.38121 31.0862 -0.261091 -0.320485 0.910539
-33.3294 -5.02876 30.7668 -0.245633 -0.320234 0.914863
-33.8188 -6.18084 30.2347 -0.235695 -0.324902 0.915906
-34.1643 -7.06896 29.8442 -0.242318 -0.305766 0.920755
-34.5034 -7.96532 29.4573 -0.242936 -0.306374 0.920389
-34.7013 -8.97461 29.087 -0.254154 -0.273944 0.927556
-34.2878 -9.84263 28.9439 -0.253209 -0.274118 0.927763
-33.5831 -10.0858 29.0636 -0.256198 -0.264807 0.929587
-32.6685 -9.83336 29.3883 -0.273428 -0.25684 0.926862
-32.2366 -9.14626 29.7335 -0.289391 -0.280129 0.915303
-31.8964 -8.37152 30.0782 -0.287745 -0.27908 0.91614
-31.4842 -7.43957 30.4951 -0.285005 -0.285624 0.914981
-31.0287 -6.59652 30.9001 -0.291388 -0.290378 0.911426
-30.4668 -5.84745 31.3317 -0.295788 -0.310472 0.903392
-30.0075 -4.94559 31.792 -0.295788 -0.310472 0.903392
-29.6441 -4.16854 32.1493 -0.267146 -0.298662 0.916191
-29.1738 -3.49882 32.5096 -0.268288 -0.303511 0.914277
-29.0281 -2.58242 32.8655 -0.261658 -0.325564 0.908567
-28.2687 -2.11281 33.2746 -0.299104 -0.326758 0.89653
-27.6088 -1.57563 33.6906 -0.30255 -0.331923 0.893444
-27.1044 -0.867918 34.1319 -0.305995 -0.33709 0.890358
-26.1922 -0.503104 34.5712 -0.289975 -0.339544 0.894776
-25.2168 -0.138154 35.0258 -0.289987 -0.339558 0.894767
-24.297 0.237384 35.4767 -0.300561 -0.332041 0.894074
-23.2091 0.508229 35.9354 -0.296716 -0.327522 0.897044
-22.0703 0.731866 36.4092 -0.307719 -0.320106 0.895994
-21.0575 0.998442 36.8458 -0.313084 -0.313897 0.896303
-20.1721 1.50849 37.3425 -0.318619 -0.307974 0.896438
-19.5015 2.11913 37.7843 -0.315304 -0.30412 0.898941
-18.5045 1.17646 37.8344 -0.3367 -0.298229 0.893137
-19.1174 0.566669 37.4064 -0.349274 -0.278245 0.894741
-19.8041 0.0077913 36.9678 -0.334659 -0.28582 0.897948
-20.7548 -0.368935 36.4936 -0.336904 -0.289001 0.896078
-21.9379 -0.604963 35.9801 -0.32487 -0.295071 0.89855
-23.0508 -0.84144 35.5001 -0.332237 -0.303372 0.89299
-24.0543 -1.12395 35.0464 -0.311804 -0.31959 0.894785
-24.9795 -1.47904 34.5971 -0.311735 -0.319512 0.894837
-25.7749 -1.90383 34.1796 -0.298039 -0.322289 0.8985
-26.4759 -2.41097 33.7652 -0.296373 -0.320071 0.899838
-27.0631 -2.95086 33.3811 -0.304452 -0.316416 0.898438
-27.6062 -3.56155 32.982 -0.300227 -0.309696 0.90215
-28.1447 -4.38608 32.5302 -0.300244 -0.292739 0.907761
-28.6201 -5.24198 32.112 -0.298265 -0.27626 0.913629
-28.9775 -5.99077 31.7689 -0.298699 -0.273667 0.914264
-29.4747 -6.98826 31.2853 -0.318136 -0.2862 0.903814
-30.02 -7.88511 30.8121 -0.291389 -0.290379 0.911426
-30.5416 -8.73122 30.3918 -0.286101 -0.278033 0.916975
-31.0198 -9.65552 29.9624 -0.287746 -0.279081 0.91614
-31.5157 -10.7983 29.4764 -0.286723 -0.258357 0.922519
-32.3436 -11.5741 29.0018 -0.273429 -0.256838 0.926862
-33.3424 -11.4958 28.7354 -0.274516 -0.274761 0.921492
-34.3023 -11.2613 28.5194 -0.274516 -0.274761 0.921492
-35.3173 -10.9145 28.3282 -0.267282 -0.276047 0.923233
-36.238 -10.1722 28.2927 -0.26089 -0.285925 0.922051
-36.2317 -8.91134 28.6855 -0.260889 -0.285927 0.92205
-35.9533 -7.83558 29.1168 -0.243554 -0.306982 0.920024
-35.6068 -6.88448 29.5258 -0.242935 -0.306374 0.920389
-35.228 -6.03278 29.9227 -0.236925 -0.326106 0.915162
-34.867 -5.16591 30.325 -0.235695 -0.324902 0.915906
-34.6022 -4.51807 30.6215 -0.233869 -0.325752 0.916071
-34.0981 -3.40958 31.1469 -0.233273 -0.327806 0.915493
-33.3577 -2.66781 31.6059 -0.235623 -0.330432 0.913946
-32.3556 -2.19899 32.0488 -0.263963 -0.321356 0.909421
-31.6916 -1.73208 32.404 -0.261036 -0.325725 0.908692
-30.8634 -1.17655 32.8446 -0.259679 -0.3317 0.906941
-30.3124 -0.724493 33.1678 -0.265361 -0.330614 0.905692
-29.6998 -0.167705 33.5506 -0.273728 -0.344487 0.897818
-29.1731 0.567603 34.0136 -0.282099 -0.358356 0.889944
-28.7571 1.2588 34.4238 -0.288209 -0.358053 0.888084
-28.3041 2.27595 35.0022 -0.266306 -0.387202 0.882698
-27.8247 3.15801 35.5338 -0.258413 -0.378174 0.888834
-27.1228 3.81814 36.0025 -0.250517 -0.369146 0.894971
-26.4182 4.31778 36.4058 -0.244685 -0.38495 0.889737
-25.5502 4.93148 36.9189 -0.254517 -0.384435 0.887373
-24.7442 5.43277 37.3672 -0.254674 -0.384596 0.887258
-24.0024 5.8348 37.7568 -0.266652 -0.382119 0.884806
-23.204 6.2209 38.1642 -0.266654 -0.382119 0.884806
-22.2177 6.60826 38.6259 -0.265693 -0.379058 0.886172
-21.0643 6.99864 39.1137 -0.246195 -0.384481 0.889698
-20.0849 7.24442 39.4912 -0.235118 -0.383819 0.892895
-18.5474 7.23047 39.9432 -0.280228 -0.338844 0.898141
-17.8202 6.98999 40.0795 -0.2918 -0.330336 0.897545
-16.9899 6.64 40.2251 -0.292018 -0.318334 0.901881
-16.1553 6.29953 40.3752 -0.30479 -0.312548 0.899564
-15.3709 6.13262 40.5957 -0.317564 -0.306758 0.897247
-14.6273 6.16153 40.8585 -0.312839 -0.289215 0.90466
-13.6846 6.463 41.29 -0.321105 -0.287442 0.902368
-12.7035 6.98575 41.7727 -0.298001 -0.252144 0.920661
-11.6449 7.66699 42.3033 -0.29922 -0.251879 0.920339
-10.5702 7.74359 42.6385 -0.280584 -0.218285 0.934661
-10.0224 7.12129 42.6619 -0.291835 -0.189687 0.937061
-9.65522 6.31401 42.6384 -0.297783 -0.162853 0.94064
-9.46986 5.43684 42.5285 -0.33978 -0.186399 0.92165
-9.40101 4.55553 42.3936 -0.346046 -0.168355 0.922989
-9.69977 3.66804 42.1197 -0.359802 -0.187359 0.913675
-10.4014 3.61175 41.8171 -0.373557 -0.206366 0.904361
-11.3796 3.57324 41.4042 -0.364748 -0.208591 0.90739
-12.0911 3.59697 41.1315 -0.355938 -0.210818 0.910419
-13.3059 3.60112 40.6256 -0.368802 -0.244504 0.896673
-14.2436 3.49571 40.2252 -0.35661 -0.24848 0.900604
-15.215 3.27175 39.7664 -0.3533 -0.267829 0.896173
-16.2072 2.88991 39.2794 -0.336962 -0.273381 0.900955
-17.0702 2.40257 38.7849 -0.353832 -0.290481 0.889058
-17.8802 1.79063 38.2749 -0.335972 -0.297455 0.893667
-18.3281 1.35321 37.9599 -0.3367 -0.298228 0.893137
-17.4745 0.225232 37.94 -0.363339 -0.269678 0.891773
-18.061 -0.381148 37.524 -0.349277 -0.278244 0.89474
-18.5945 -0.919797 37.1435 -0.350857 -0.284565 0.892139
-19.3665 -1.44495 36.6716 -0.349439 -0.287236 0.891845
-20.1964 -1.66747 36.2811 -0.340495 -0.290021 0.894396
-21.3605 -1.87939 35.7703 -0.332008 -0.293627 0.89638
-22.3574 -2.08607 35.3283 -0.339608 -0.311668 0.887428
-23.404 -2.34967 34.8352 -0.325706 -0.315632 0.891106
-24.3329 -2.72013 34.3793 -0.311665 -0.319438 0.894888
-25.248 -3.26885 33.8648 -0.304852 -0.320861 0.896695
-25.9197 -3.82843 33.4568 -0.311487 -0.280594 0.907878
-26.4434 -4.39886 33.1008 -0.311591 -0.280734 0.907799
-26.9393 -5.03851 32.7326 -0.311689 -0.28088 0.907721
-27.333 -5.72691 32.3855 -0.301379 -0.279382 0.911643
-27.7036 -6.58019 32.0108 -0.299129 -0.271079 0.914898
-28.0581 -7.47921 31.6285 -0.308632 -0.278639 0.909356
-28.5347 -8.30929 31.2039 -0.320184 -0.274731 0.906645
-29.0633 -9.07867 30.7841 -0.31577 -0.271237 0.90922
-29.5082 -9.8039 30.4193 -0.311357 -0.267741 0.911796
-30.0141 -10.7786 29.9745 -0.312734 -0.246767 0.917212
-30.4255 -11.8165 29.5613 -0.306404 -0.243024 0.92035
-30.7695 -12.4792 29.2856 -0.303648 -0.218726 0.927339
-31.3943 -13.1346 28.9278 -0.301683 -0.216188 0.928574
-32.1368 -13.1338 28.6861 -0.307185 -0.216952 0.92659
-33.0128 -12.9937 28.4285 -0.294256 -0.226967 0.92824
-33.8975 -12.774 28.2168 -0.281326 -0.23698 0.92989
-34.672 -12.5581 28.0377 -0.272305 -0.240662 0.931579
-35.8784 -12.1648 27.8065 -0.25047 -0.260923 0.932259
-36.6322 -11.7324 27.7309 -0.232382 -0.264571 0.935879
-37.5561 -11.2444 27.6523 -0.222444 -0.270224 0.936748
-38.1391 -10.4592 27.7357 -0.214358 -0.263881 0.94037
-37.7897 -9.31993 28.1433 -0.207524 -0.272504 0.939508
-37.5575 -8.38647 28.5064 -0.243226 -0.301612 0.921885
-37.3529 -7.492 28.853 -0.245832 -0.30361 0.92053
-37.0583 -6.59724 29.2376 -0.243664 -0.323451 0.914334
-36.7217 -5.89944 29.5742 -0.243663 -0.323452 0.914334
-36.298 -5.0273 29.9967 -0.244339 -0.324156 0.913904
-35.9487 -4.14876 30.4152 -0.233301 -0.335595 0.912608
-35.631 -3.24036 30.8203 -0.227152 -0.329224 0.916523
-35.3338 -2.36426 31.2256 -0.206818 -0.370467 0.905497
-34.8275 -1.66642 31.623 -0.221666 -0.363208 0.904955
-33.8616 -1.27196 32.0179 -0.221666 -0.363208 0.904955
-32.9753 -0.891148 32.3771 -0.221377 -0.354138 0.908596
-32.3601 -0.538531 32.669 -0.226783 -0.35499 0.906946
-31.7209 -0.0934115 33.0111 -0.235756 -0.377712 0.895406
-31.0385 0.471551 33.4291 -0.235722 -0.377713 0.895415
-30.5317 1.02914 33.7921 -0.232026 -0.371715 0.898884
-30.1391 1.62559 34.1569 -0.269769 -0.381975 0.883873
-29.75 2.48209 34.6565 -0.268311 -0.388866 0.881353
-29.5193 3.13638 35.0131 -0.260609 -0.394007 0.881341
-29.2662 3.88648 35.4281 -0.25549 -0.41613 0.872508
-28.2344 4.84257 36.1532 -0.228818 -0.404569 0.885353
-27.3167 5.4536 36.6778 -0.233785 -0.396563 0.88771
-26.6049 5.96813 37.0872 -0.228711 -0.392374 0.890917
-25.861 6.45625 37.4992 -0.208568 -0.436086 0.875371
-25.1284 6.83529 37.8783 -0.2418 -0.418453 0.87546
-24.3852 7.20721 38.2614 -0.23158 -0.410516 0.881838
-23.3818 7.65761 38.7241 -0.242271 -0.394486 0.886389
-22.7122 7.89287 39.0299 -0.263391 -0.40362 0.876194
-21.3138 8.41087 39.658 -0.224914 -0.40841 0.884655
-20.398 8.64162 40.0093 -0.235116 -0.383821 0.892894
-19.0798 8.56668 40.3377 -0.249458 -0.409635 0.877479
-18.3133 8.40984 40.5084 -0.280659 -0.366013 0.887051
-17.2215 8.12969 40.7155 -0.262481 -0.361765 0.894556
-16.2534 7.63297 40.8279 -0.291997 -0.332447 0.896781
-15.2586 7.39016 41.0507 -0.28125 -0.331118 0.900699
-14.4693 7.53767 41.353 -0.31284 -0.289215 0.90466
-13.5734 7.95001 41.7566 -0.286327 -0.274022 0.917792
-12.7205 8.53308 42.2024 -0.269323 -0.285335 0.919714
-11.9865 9.16518 42.5922 -0.250686 -0.276724 0.927675
-11.2786 9.78045 42.9671 -0.250685 -0.276724 0.927675
-10.1763 9.3564 43.1369 -0.21977 -0.255726 0.941154
-9.2425 8.53811 43.2113 -0.233513 -0.171548 0.957101
-8.53839 7.40461 43.1799 -0.248349 -0.162463 0.954788
-8.30173 6.60798 43.1273 -0.313748 -0.156153 0.936578
-8.16203 5.80659 43.0405 -0.31991 -0.134993 0.937522
-8.07741 5.02561 42.9752 -0.326075 -0.113838 0.938465
-8.04579 4.12898 42.8423 -0.367345 -0.144459 0.918489
-8.02654 3.11138 42.714 -0.37732 -0.122854 0.917898
-8.51734 2.13328 42.3296 -0.403086 -0.179141 0.897457
-9.25515 2.04304 41.9802 -0.403088 -0.179141 0.897457
-10.5289 2.14909 41.4561 -0.38273 -0.182059 0.905744
-11.646 2.17332 40.9573 -0.398141 -0.222725 0.889747
-12.6269 2.17803 40.5366 -0.384708 -0.227734 0.894504
-13.4476 2.13264 40.1721 -0.390521 -0.233662 0.890398
-14.4768 1.9744 39.6926 -0.373935 -0.247864 0.89372
-15.3901 1.69014 39.2317 -0.379664 -0.25359 0.889643
-16.1762 1.28922 38.7877 -0.36154 -0.267768 0.893079
-16.8757 0.789972 38.3548 -0.362439 -0.268723 0.892426
-17.1836 0.499263 38.1414 -0.363338 -0.269677 0.891773
-16.0545 -0.380183 38.3369 -0.375267 -0.26123 0.889271
-16.905 -1.23099 37.7364 -0.36498 -0.265025 0.892497
-17.5371 -1.92215 37.2524 -0.378151 -0.27928 0.882612
-18.0473 -2.39456 36.8844 -0.378669 -0.27779 0.882859
-18.7982 -2.78846 36.4621 -0.355946 -0.275348 0.893021
-19.5448 -2.93064 36.1236 -0.345593 -0.287471 0.893258
-20.3329 -3.09609 35.7689 -0.342099 -0.288659 0.894228
-21.0469 -3.22681 35.4536 -0.34273 -0.28887 0.893918
-21.8155 -3.40759 35.0998 -0.34336 -0.289082 0.893608
-22.8318 -3.64079 34.6295 -0.343903 -0.284043 0.895
-23.5205 -3.8508 34.3024 -0.340335 -0.281223 0.897266
-24.1952 -4.20417 33.9422 -0.321651 -0.283391 0.903439
-24.8071 -4.69176 33.5762 -0.31885 -0.279559 0.905639
-25.284 -5.21299 33.2474 -0.324891 -0.269861 0.906361
-25.8604 -5.93985 32.8377 -0.320459 -0.258521 0.911303
-26.2481 -6.68235 32.4907 -0.320459 -0.258521 0.911303
-26.5924 -7.67922 32.0818 -0.322075 -0.268301 0.907874
-26.9837 -8.68781 31.6374 -0.320825 -0.274897 0.906368
-27.6083 -9.52582 31.1627 -0.320434 -0.274623 0.906589
-28.1404 -10.2511 30.7721 -0.327294 -0.245228 0.912545
-28.5618 -10.978 30.4239 -0.328608 -0.246231 0.911804
-28.8969 -11.6552 30.1203 -0.3222 -0.248262 0.913512
-29.2385 -12.4195 29.8205 -0.317008 -0.214272 0.923901
-29.5525 -13.0571 29.5649 -0.316833 -0.214119 0.923997
-29.9619 -13.9301 29.2228 -0.316711 -0.213593 0.92416
-30.5301 -14.5685 28.8867 -0.309228 -0.203027 0.929044
-31.6256 -14.6859 28.498 -0.319526 -0.203471 0.92538
-32.6089 -14.4778 28.2149 -0.307207 -0.217003 0.926571
-33.4349 -14.3039 27.9817 -0.296374 -0.217901 0.929813
-34.3282 -14.0717 27.7628 -0.285538 -0.218798 0.933057
-35.1843 -13.8372 27.5576 -0.272305 -0.240663 0.931579
-36.2109 -13.4443 27.3871 -0.240551 -0.226598 0.943816
-37.1945 -12.9077 27.2652 -0.233054 -0.227754 0.945385
-38.1078 -12.5125 27.1584 -0.219197 -0.268432 0.938028
-39.0056 -12.1848 27.0424 -0.218092 -0.268896 0.938152
-39.7933 -12.0004 26.9132 -0.21274 -0.26464 0.940565
-40.2635 -11.5831 26.9242 -0.212739 -0.26464 0.940565
-40.0425 -10.8602 27.1829 -0.217452 -0.266638 0.938941
-39.4242 -9.83845 27.6133 -0.217921 -0.263917 0.939605
-39.0611 -8.94175 27.9569 -0.223982 -0.269514 0.936587
-38.8412 -8.00095 28.3175 -0.217756 -0.309444 0.925649
-38.6755 -7.14767 28.6427 -0.217182 -0.318948 0.922506
-38.4741 -6.33412 28.9798 -0.21559 -0.327622 0.919883
-38.1513 -5.57309 29.3264 -0.215468 -0.327507 0.919953
-37.7424 -4.82113 29.6985 -0.197473 -0.346888 0.916827
-37.4218 -4.09886 30.049 -0.205441 -0.351937 0.9132
-37.0631 -3.1288 30.5054 -0.233302 -0.335595 0.912607
-36.836 -2.26844 30.9142 -0.211026 -0.375798 0.902355
-36.6702 -1.36937 31.3274 -0.206816 -0.370469 0.905496
-36.3335 -0.641026 31.7073 -0.19042 -0.390276 0.900791
-35.4694 -0.25163 32.0587 -0.187383 -0.385266 0.903557
-34.3505 0.0334456 32.4177 -0.19927 -0.380287 0.903146
-33.4198 0.41087 32.782 -0.199838 -0.381132 0.902664
-32.723 0.839541 33.1414 -0.234016 -0.380278 0.894777
-32.1107 1.32519 33.5079 -0.234004 -0.380256 0.894789
-31.6017 1.87336 33.8722 -0.227088 -0.380971 0.896266
-31.2288 2.43296 34.2046 -0.238743 -0.390763 0.88883
-30.9785 3.10949 34.583 -0.25037 -0.39983 0.881732
-30.816 4.27771 35.1756 -0.229661 -0.431887 0.872167
-30.5452 5.0853 35.6548 -0.233172 -0.437273 0.868576
-29.9589 5.56455 36.0601 -0.23737 -0.419926 0.87563
-29.1368 6.09336 36.517 -0.210727 -0.44737 0.869169
-28.2554 6.54861 36.965 -0.207533 -0.445502 0.870885
-27.6949 6.95941 37.3052 -0.204336 -0.443637 0.872601
-26.8395 7.58493 37.8284 -0.208568 -0.436085 0.875371
-26.0885 7.91847 38.1661 -0.203112 -0.432282 0.878566
-25.3421 8.27467 38.5173 -0.200893 -0.449417 0.870438
-24.6761 8.61061 38.8511 -0.214728 -0.444541 0.869641
-24.0036 8.91127 39.1708 -0.218241 -0.446182 0.867914
-23.2716 9.14636 39.4798 -0.221754 -0.447821 0.866188
-22.5787 9.40819 39.7969 -0.245346 -0.412908 0.87682
-21.8107 9.7562 40.1628 -0.227353 -0.424092 0.876617
-21.1607 10.0274 40.4626 -0.227353 -0.424092 0.876617
-20.0625 10.17 40.8054 -0.218873 -0.420949 0.880282
-19.0513 9.78803 40.9055 -0.249591 -0.401408 0.881236
-17.7606 9.57576 41.1318 -0.239293 -0.371914 0.896411
-16.8793 9.18603 41.2354 -0.26171 -0.352924 0.898305
-15.8677 8.75014 41.3365 -0.247563 -0.322454 0.913032
-14.8155 8.80521 41.6617 -0.267815 -0.296285 0.916783
-13.8916 9.32563 42.1053 -0.269324 -0.285336 0.919713
-13.2327 9.9289 42.4719 -0.262778 -0.275037 0.924826
-12.6705 10.5543 42.8283 -0.247567 -0.313253 0.916833
-12.1434 11.1778 43.1622 -0.20386 -0.306437 0.929805
-10.8497 11.5272 43.5609 -0.222956 -0.282116 0.932597
-9.87794 10.9494 43.6259 -0.197488 -0.253662 0.946918
-9.09043 10.2577 43.6048 -0.21561 -0.234024 0.947645
-8.35788 9.67104 43.6528 -0.233736 -0.21439 0.948369
-7.80649 9.15882 43.6729 -0.233627 -0.192969 0.952735
-7.24859 8.24725 43.672 -0.263184 -0.153375 0.952476
-7.0025 7.35003 43.5955 -0.263537 -0.134266 0.955065
-6.86738 6.61119 43.5439 -0.285291 -0.0924991 0.953449
-6.78076 5.71962 43.5063 -0.314199 -0.0920302 0.944584
-6.74666 4.87825 43.4157 -0.321707 -0.114222 0.939924
-6.76339 4.0511 43.3645 -0.369903 -0.0831377 0.924366
-6.71609 3.02212 43.2464 -0.382851 -0.122673 0.915629
-6.58863 1.99985 43.2308 -0.433132 -0.0991912 0.894748
-6.23543 0.927166 43.2368 -0.457853 -0.121766 0.880316
-6.62204 0.595437 42.9899 -0.457853 -0.121766 0.880316
-8.3899 0.514543 42.1163 -0.427161 -0.139845 0.893295
-9.47392 0.654873 41.6031 -0.442146 -0.199924 0.874376
-10.7986 0.748656 41.0009 -0.410838 -0.221211 0.884465
-11.9907 0.768098 40.4513 -0.398142 -0.222722 0.889747
-12.9778 0.742637 40.0064 -0.396333 -0.239592 0.886293
-13.9876 0.62232 39.5223 -0.385134 -0.243728 0.890007
-14.9781 0.309209 39.0066 -0.385393 -0.259315 0.885566
-15.5658 -0.0258667 38.6527 -0.385616 -0.258512 0.885704
-15.8869 -0.222438 38.4557 -0.385697 -0.257572 0.885943
-14.9559 -1.27793 38.5541 -0.385693 -0.257573 0.885944
-14.1863 -0.893088 39.006 -0.402154 -0.250804 0.880551
-13.4219 -0.714688 39.4059 -0.402153 -0.250806 0.880551
-12.4363 -0.64108 39.8677 -0.409245 -0.237938 0.880703
-11.4321 -0.643747 40.3523 -0.423369 -0.231322 0.875928
-10.3454 -0.673218 40.8557 -0.427224 -0.210853 0.878985
-9.36854 -0.760085 41.3319 -0.443609 -0.200491 0.873507
-8.22788 -0.955785 41.8637 -0.446887 -0.192181 0.873651
-7.08474 -1.08092 42.431 -0.453091 -0.185009 0.872055
-6.0353 -1.21899 43.0057 -0.492229 -0.187866 0.849951
-5.0974 -1.47448 43.4957 -0.51046 -0.18278 0.840055
-4.46102 -1.79632 43.8307 -0.53221 -0.199649 0.822639
-3.85176 -2.16235 44.1295 -0.534142 -0.20726 0.819595
-3.16827 -2.37116 44.437 -0.421449 -0.306371 0.853518
-2.19258 -2.72989 44.7963 -0.407248 -0.273657 0.870426
-2.91467 -1.93859 44.6966 -0.404186 -0.22291 0.886738
-3.45009 -1.39201 44.5365 -0.471138 -0.191822 0.860949
-4.01434 -0.888511 44.279 -0.506919 -0.113427 0.854498
-4.42285 -0.172248 44.1234 -0.51874 -0.0825967 0.850933
-4.73265 0.544771 44.0172 -0.489747 -0.104593 0.865568
-5.06865 1.38697 43.9289 -0.476965 -0.0701134 0.875295
-5.38999 2.51494 43.8223 -0.420195 -0.0570061 0.905642
-5.46577 3.51032 43.8498 -0.40879 -0.0270675 0.911644
-5.41855 4.81935 43.9137 -0.35409 -0.0434219 0.934203
-5.38929 5.62254 43.9193 -0.279284 -0.0166369 0.958596
-5.48711 6.70278 43.9601 -0.248506 -0.0590995 0.966826
-5.60521 7.4453 43.9615 -0.226429 -0.0558169 0.971877
-5.66757 8.21713 44.0172 -0.208577 -0.0945288 0.973336
-5.9813 9.22463 44.0583 -0.194464 -0.137608 0.970512
-6.62024 10.036 44.0777 -0.191684 -0.174015 0.965907
-7.54099 10.7869 44.0385 -0.178224 -0.206842 0.961584
-8.38118 11.4768 44.0546 -0.174286 -0.234508 0.956363
-9.09029 12.0722 44.0613 -0.174886 -0.268179 0.946537
-9.8494 12.776 44.1573 -0.164542 -0.305338 0.937921
-10.5226 13.2974 44.2162 -0.154334 -0.309995 0.938128
-11.5457 13.1589 44.0021 -0.180638 -0.326374 0.927238
-12.2773 12.9187 43.7471 -0.19526 -0.349869 0.916121
-13.1564 12.5003 43.4078 -0.190152 -0.36198 0.912542
-13.6382 11.6208 42.9508 -0.196932 -0.363367 0.910594
-14.2796 10.8244 42.5001 -0.210445 -0.332101 0.919468
-15.5488 10.1224 41.9423 -0.225195 -0.342124 0.91224
-16.4268 10.755 41.9603 -0.211195 -0.360226 0.908206
-17.1782 11.0484 41.9229 -0.205011 -0.394664 0.895541
-17.9047 10.9618 41.707 -0.216438 -0.401944 0.889717
-18.5888 11.3265 41.7053 -0.216437 -0.401943 0.889717
-19.8697 11.6157 41.56 -0.202879 -0.426855 0.881058
-20.9396 11.7034 41.3353 -0.219077 -0.434282 0.87373
-21.8279 11.494 41.0264 -0.203875 -0.453287 0.867671
-22.4024 11.0908 40.6713 -0.212533 -0.445777 0.869451
-23.2385 10.5914 40.2209 -0.21695 -0.436261 0.873258
-23.9748 10.3228 39.8984 -0.221668 -0.43819 0.871122
-24.7779 10.0992 39.5989 -0.196359 -0.457439 0.867269
-25.4193 9.79747 39.2892 -0.201347 -0.459894 0.864845
-26.1691 9.36645 38.8901 -0.200893 -0.449414 0.87044
-26.9381 9.02457 38.5393 -0.195065 -0.450326 0.871296
-27.7704 8.79116 38.2323 -0.195066 -0.450327 0.871295
-28.4391 8.21858 37.7768 -0.202153 -0.454347 0.867585
-29.1048 7.66456 37.3335 -0.207531 -0.445504 0.870885
-29.966 7.31949 36.9567 -0.195242 -0.454788 0.868935
-30.7921 6.9546 36.5801 -0.203057 -0.457803 0.865507
-31.2892 6.4767 36.2031 -0.210872 -0.460818 0.862079
-31.924 5.78956 35.6764 -0.205814 -0.465366 0.860833
-32.2843 5.14195 35.2436 -0.193922 -0.455126 0.868951
-32.1749 4.33938 34.8671 -0.198451 -0.429102 0.881186
-32.215 3.44982 34.4249 -0.197859 -0.428616 0.881555
-32.6031 2.77371 34.0097 -0.197307 -0.428419 0.881775
-33.3441 2.06759 33.5008 -0.215652 -0.404325 0.888288
-34.0461 1.65718 33.1706 -0.200407 -0.381973 0.902183
-34.7821 1.28703 32.8504 -0.199839 -0.381129 0.902665
-35.9602 1.05955 32.509 -0.175683 -0.392035 0.902894
-36.8701 0.923269 32.2789 -0.177152 -0.404112 0.897331
-37.6059 0.507759 31.9327 -0.191197 -0.412004 0.890896
-38.0835 -0.206262 31.5042 -0.202694 -0.385756 0.900048
-38.1689 -1.22274 31.0539 -0.199925 -0.382746 0.901962
-38.3203 -2.14379 30.6339 -0.199503 -0.375536 0.905075
-38.5086 -2.8289 30.3106 -0.1977 -0.373393 0.906362
-38.7475 -3.49915 29.9836 -0.167333 -0.362375 0.916841
-39.2316 -4.63711 29.4603 -0.191396 -0.350967 0.916563
-39.7254 -5.5972 28.9794 -0.190205 -0.359578 0.913524
-39.9141 -6.38014 28.6498 -0.186435 -0.340485 0.921581
-40.0909 -7.25032 28.2895 -0.192299 -0.330112 0.924047
-40.2504 -8.11165 27.9618 -0.193929 -0.317306 0.928283
-40.4959 -8.94768 27.6327 -0.177219 -0.293979 0.939164
-41.1321 -9.94541 27.2136 -0.177607 -0.282641 0.94264
-41.9234 -10.6679 26.8447 -0.179163 -0.277186 0.943932
-42.4107 -11.447 26.5312 -0.177218 -0.269994 0.946413
-42.3294 -12.5055 26.2514 -0.185446 -0.264284 0.946438
-41.8154 -13.2796 26.1337 -0.187139 -0.267957 0.945081
-40.8738 -13.5608 26.2502 -0.206361 -0.24516 0.947256
-40.0678 -13.4792 26.4517 -0.212868 -0.249282 0.944747
-39.2093 -13.4677 26.6482 -0.221384 -0.248245 0.94302
-38.4812 -13.7842 26.7429 -0.233416 -0.241112 0.941983
-37.5795 -14.176 26.8669 -0.22556 -0.228912 0.946954
-36.7308 -14.7466 26.9419 -0.245061 -0.218711 0.944472
-35.4836 -15.181 27.1743 -0.24957 -0.210823 0.945129
-34.3214 -15.4615 27.4476 -0.278492 -0.209603 0.937288
-33.5178 -15.6516 27.6456 -0.289273 -0.200251 0.93603
-32.7042 -15.8341 27.8688 -0.301884 -0.199784 0.932176
-31.9915 -16.0124 28.0646 -0.329903 -0.205384 0.921391
-30.9245 -16.3566 28.371 -0.335111 -0.195939 0.921549
-29.8802 -16.2035 28.7836 -0.335767 -0.177923 0.924989
-29.3396 -15.74 29.069 -0.335767 -0.177923 0.924989
-28.8751 -14.8686 29.4129 -0.343201 -0.181517 0.921555
-28.3289 -13.6993 29.8634 -0.334795 -0.20693 0.919288
-27.9157 -12.8823 30.1975 -0.336513 -0.207157 0.91861
-27.3156 -11.5667 30.714 -0.332562 -0.226694 0.915207
-26.7379 -10.7092 31.1536 -0.349254 -0.233747 0.907405
-26.21 -10.0668 31.5223 -0.350361 -0.234358 0.906819
-25.6067 -9.4072 31.9342 -0.351255 -0.256247 0.900532
-25.2851 -8.63967 32.2781 -0.351255 -0.256246 0.900532
-25.1646 -7.65748 32.6002 -0.335088 -0.250027 0.908406
-24.6986 -6.73202 33.0294 -0.32982 -0.257334 0.908294
-24.0935 -5.85235 33.4984 -0.330376 -0.258748 0.907689
-23.5773 -5.393 33.8184 -0.336883 -0.261852 0.904377
-22.8585 -5.05093 34.1917 -0.342834 -0.263545 0.90167
-21.8461 -4.83412 34.6478 -0.351445 -0.256789 0.900302
-21.0742 -4.69921 34.9864 -0.350554 -0.255987 0.900879
-20.0152 -4.45211 35.4815 -0.366595 -0.256111 0.894429
-19.3408 -4.27477 35.8106 -0.357974 -0.258327 0.897224
-18.1112 -4.15386 36.3303 -0.37258 -0.242863 0.895616
-17.2866 -3.68058 36.8119 -0.376635 -0.258553 0.889457
-16.5434 -2.97157 37.3529 -0.393026 -0.270411 0.878868
-16.0666 -2.42595 37.7341 -0.388604 -0.266516 0.881993
-15.5593 -1.8841 38.115 -0.384182 -0.262618 0.885119
-15.4822 -1.80292 38.1726 -0.384864 -0.260027 0.885584
-14.6523 -3.01213 38.1869 -0.407472 -0.251661 0.877857
-15.1845 -3.49054 37.8025 -0.401482 -0.250411 0.880935
-15.6373 -4.1618 37.4126 -0.398299 -0.245082 0.883908
-16.1553 -4.7383 37.0193 -0.39452 -0.242369 0.886332
-16.736 -5.13502 36.6569 -0.390606 -0.240918 0.888474
-17.3663 -5.50685 36.279 -0.388136 -0.239468 0.889941
-18.1824 -5.59164 35.9099 -0.366522 -0.251724 0.89571
-18.9411 -5.6025 35.5963 -0.366514 -0.251721 0.895714
-19.9494 -5.93833 35.0894 -0.366506 -0.251719 0.895718
-20.7001 -6.04569 34.7521 -0.365926 -0.248251 0.896915
-21.9942 -6.18905 34.2022 -0.353199 -0.25299 0.900693
-23.0118 -6.52451 33.7089 -0.350748 -0.250478 0.902342
-23.3818 -7.28944 33.3583 -0.334886 -0.24935 0.908667
-23.7905 -8.20543 32.9563 -0.335091 -0.250024 0.908406
-23.8271 -9.01375 32.7196 -0.346259 -0.240086 0.906768
-23.9972 -9.88494 32.4317 -0.357025 -0.227667 0.905923
-24.5105 -10.3593 32.11 -0.361808 -0.227461 0.904078
-24.996 -10.8488 31.7926 -0.361806 -0.227458 0.904079
-25.4938 -11.3205 31.475 -0.350359 -0.234359 0.90682
-25.9183 -11.9124 31.1669 -0.351812 -0.220585 0.909709
-26.2689 -12.5841 30.8685 -0.344341 -0.213828 0.914104
-26.5572 -13.5046 30.5578 -0.344404 -0.197467 0.917819
-26.9362 -14.1988 30.2663 -0.34448 -0.198069 0.917661
-27.4012 -15.0126 29.9311 -0.339478 -0.183371 0.922567
-27.9964 -16.2708 29.462 -0.339478 -0.183371 0.922567
-28.4828 -17.0415 29.1293 -0.337399 -0.183608 0.923278
-29.3736 -17.6925 28.6741 -0.346314 -0.175339 0.921587
-30.3223 -17.9422 28.27 -0.338553 -0.171571 0.925126
-31.0311 -17.7977 28.0417 -0.334298 -0.164426 0.928014
-32.0437 -17.5002 27.7373 -0.308622 -0.17273 0.935275
-32.8966 -17.1756 27.5266 -0.30025 -0.183926 0.93596
-33.7912 -16.9918 27.2766 -0.294772 -0.181437 0.938167
-34.7952 -16.6964 27.0403 -0.276179 -0.192178 0.941697
-35.6671 -16.5743 26.8201 -0.253486 -0.196973 0.947023
-37.0071 -16.2441 26.542 -0.246908 -0.204199 0.94728
-37.7802 -15.7601 26.4412 -0.239848 -0.21345 0.946938
-38.3442 -15.1321 26.4513 -0.228693 -0.216814 0.949047
-39.0464 -14.817 26.3541 -0.228692 -0.216814 0.949048
-40.0488 -14.8817 26.0989 -0.227336 -0.21691 0.949352
-40.7661 -15.0339 25.8928 -0.206933 -0.224761 0.952081
-41.6141 -14.9023 25.7484 -0.198596 -0.236285 0.951172
-42.5001 -14.6932 25.6154 -0.198691 -0.236295 0.95115
-43.2828 -14.0568 25.6249 -0.182832 -0.258834 0.948461
-43.6685 -13.3719 25.7416 -0.186194 -0.267848 0.945299
-44.02 -11.8407 26.1093 -0.184316 -0.270363 0.944951
-43.879 -10.8115 26.4323 -0.184612 -0.271156 0.944665
-43.6004 -10.1218 26.6899 -0.175967 -0.296652 0.93859
-42.8102 -9.55669 27.0115 -0.163071 -0.300467 0.939749
-42.0589 -9.01257 27.3187 -0.179359 -0.283508 0.942045
-41.7007 -8.16761 27.6595 -0.176828 -0.305316 0.935689
-41.5468 -7.33342 27.9623 -0.165516 -0.329525 0.929274
-41.3446 -6.45731 28.3331 -0.165312 -0.352495 0.921097
-41.1605 -5.55802 28.7103 -0.163573 -0.357687 0.919386
-40.8292 -4.71601 29.1077 -0.168031 -0.370053 0.913689
-40.2088 -3.56508 29.694 -0.175543 -0.360687 0.915936
-39.9512 -2.61376 30.1215 -0.1602 -0.377421 0.912021
-39.8331 -1.88644 30.4478 -0.152181 -0.383867 0.910762
-39.6573 -1.20473 30.7693 -0.152137 -0.394513 0.906209
-39.6385 -0.425424 31.1191 -0.159688 -0.402481 0.901393
-39.5527 0.270462 31.4474 -0.153242 -0.411305 0.898524
-39.196 1.01721 31.8501 -0.153241 -0.411304 0.898524
-38.7055 1.56595 32.1876 -0.165367 -0.435437 0.884858
-38.01 1.95741 32.516 -0.173754 -0.433101 0.88444
-37.2254 2.33429 32.8547 -0.170839 -0.431164 0.885944
-36.3915 2.36633 33.03 -0.172829 -0.425843 0.888137
-35.5619 2.55477 33.2798 -0.162093 -0.421568 0.892192
-34.7847 2.98363 33.6236 -0.163248 -0.428939 0.888421
-34.0737 3.18092 33.8746 -0.199183 -0.436424 0.877417
-33.4581 3.84253 34.3385 -0.192706 -0.430302 0.881875
-33.5855 4.67359 34.7233 -0.19288 -0.445573 0.874221
-33.7812 5.38769 35.0441 -0.181536 -0.45516 0.871577
-33.5011 6.40262 35.6494 -0.173443 -0.472497 0.864097
-32.7147 7.04661 36.1787 -0.196195 -0.470402 0.860366
-32.261 7.68407 36.6285 -0.194735 -0.469172 0.861369
-31.5925 8.29436 37.1056 -0.196845 -0.461216 0.865176
-30.7408 8.51642 37.4184 -0.194228 -0.463357 0.864625
-29.9215 8.81821 37.7641 -0.191269 -0.461834 0.86609
-29.3292 9.45361 38.2298 -0.18831 -0.460312 0.867555
-28.6895 10.0014 38.6697 -0.185519 -0.477862 0.858621
-27.7763 10.1628 38.9594 -0.190749 -0.475964 0.858529
-27.0179 10.4456 39.2847 -0.190747 -0.475966 0.858529
-26.1885 10.9995 39.7592 -0.179556 -0.470137 0.864136
-25.397 11.3348 40.1091 -0.190929 -0.46457 0.864641
-24.2014 11.6066 40.524 -0.190485 -0.474151 0.85959
-23.4645 12.0302 40.9177 -0.186817 -0.472356 0.861382
-22.6684 12.7865 41.5051 -0.186554 -0.478142 0.858216
-21.74 13.0485 41.8563 -0.195138 -0.466524 0.862715
-20.81 13.2241 42.1617 -0.177026 -0.459729 0.869991
-19.7066 12.9188 42.2181 -0.185939 -0.435237 0.880906
-18.6423 12.9004 42.4337 -0.179662 -0.430951 0.88427
-17.6979 12.5214 42.4443 -0.190123 -0.40455 0.894336
-16.4341 11.5245 42.2873 -0.196449 -0.386106 0.901288
-15.4625 11.7454 42.5965 -0.199305 -0.384825 0.901214
-14.9365 12.1868 42.8977 -0.195019 -0.382724 0.903045
-14.5649 12.9961 43.3067 -0.190587 -0.368948 0.9097
-14.2044 13.6172 43.6518 -0.161968 -0.405564 0.899523
-13.3445 13.9732 43.9653 -0.177658 -0.389195 0.903861
-12.5833 14.2222 44.2221 -0.177658 -0.389197 0.90386
-11.4498 14.9338 44.6783 -0.140824 -0.359181 0.922582
-10.6155 15.1213 44.883 -0.125367 -0.341006 0.931206
-9.52772 14.7011 44.8534 -0.100914 -0.327336 0.939504
-8.87185 13.9523 44.6745 -0.117687 -0.318039 0.940745
-8.21797 13.0487 44.4984 -0.126175 -0.266869 0.955437
-7.3475 12.4211 44.4308 -0.12573 -0.230745 0.964001
-6.43531 11.6906 44.4125 -0.134039 -0.191855 0.972227
-5.80654 11.2154 44.4035 -0.131408 -0.193126 0.972335
-4.78514 10.2987 44.4143 -0.128837 -0.124913 0.98371
-4.46447 9.53608 44.3538 -0.135148 -0.0903876 0.98584
-4.2672 8.77563 44.3442 -0.150795 -0.0499766 0.987301
-4.14589 7.78891 44.3128 -0.173074 -0.0176556 0.983962
-4.09461 6.93009 44.3074 -0.216781 -0.0248719 0.975903
-3.97774 6.04394 44.3449 -0.23743 0.0368494 0.970705
-3.99984 5.23859 44.3701 -0.271996 0.0716284 0.958295
-4.10164 4.4919 44.3992 -0.395456 0.0635331 0.916285
-4.18657 3.59367 44.4073 -0.410871 0.00126908 0.911692
-4.01148 2.70249 44.5066 -0.446338 0.0109021 0.894798
-3.78655 1.72005 44.6287 -0.508273 -0.0188545 0.86099
-3.41357 0.810421 44.8027 -0.490383 -0.0496162 0.870094
-3.12626 0.100163 44.9431 -0.529148 -0.0439248 0.84449
-2.64824 -0.428143 45.1655 -0.468834 -0.155562 0.866761
-1.98444 -0.972615 45.366 -0.408089 -0.227033 0.88189
-1.30826 -1.3133 45.5416 -0.351066 -0.234751 0.906375
-0.356212 -1.73805 45.775 -0.332124 -0.207416 0.920148
0.66685 -2.05051 45.88 -0.136233 -0.219266 0.966105
1.8161 -2.23959 45.9116 -0.024484 -0.205665 0.977942
2.60168 -2.28358 45.9017 -0.00292974 -0.216065 0.976375
3.4016 -2.40055 45.8432 0.102275 -0.200946 0.974183
4.3087 -2.53287 45.722 0.132085 -0.153137 0.978572
5.18078 -2.50403 45.5431 0.269737 -0.0843539 0.957725
5.97153 -2.40308 45.2963 0.294819 -0.0626863 0.953495
6.73207 -2.27268 44.9766 0.43796 -0.0757402 0.895798
7.46032 -1.87546 44.4796 0.584244 -0.00540196 0.81156
8.35525 -1.3018 43.763 0.627588 0.0751675 0.774908
8.96834 -0.957273 43.2291 0.598584 0.0873642 0.796282
9.6681 -0.182004 42.5024 0.658921 0.162692 0.734408
9.97701 0.346258 42.0358 0.692432 0.271489 0.668454
10.2462 0.991032 41.4859 0.688714 0.320843 0.650171
10.5304 1.63922 40.8654 0.682732 0.340342 0.646322
10.7063 2.36335 40.2749 0.696216 0.349694 0.626829
10.8796 3.10957 39.6636 0.693405 0.385224 0.607728
11.0168 3.80203 39.0996 0.661944 0.378295 0.647088
11.2137 4.36837 38.6066 0.702167 0.362756 0.612671
11.2578 5.06753 38.1441 0.698926 0.37894 0.606263
11.3184 5.72362 37.6396 0.693525 0.392792 0.603895
11.3986 6.47923 37.0686 0.689781 0.379181 0.616697
11.4365 7.30811 36.5367 0.694386 0.347624 0.629793
11.8002 7.79503 35.8944 0.682601 0.33689 0.648391
12.6861 6.88173 35.4593 0.66697 0.357199 0.653672
13.1133 6.26046 35.383 0.654928 0.370394 0.658694
13.4845 5.56679 35.4041 0.629519 0.393537 0.66899
13.9835 4.50202 35.5751 0.593112 0.38295 0.708214
14.079 3.83348 35.9172 0.605248 0.492451 0.625433
14.1292 3.10846 36.3998 0.618531 0.435189 0.65424
14.1147 2.17247 37.0362 0.618879 0.435434 0.653748
14.0129 1.49274 37.5452 0.588099 0.427567 0.684834
13.761 0.685556 38.2686 0.555656 0.426596 0.712925
13.5589 0.0185902 38.8062 0.571165 0.404021 0.714519
13.3765 -0.648637 39.3293 0.571572 0.382889 0.725353
13.0727 -1.22008 39.8534 0.578544 0.363731 0.730059
12.8064 -1.79017 40.3484 0.570273 0.32056 0.754647
12.3348 -2.27329 40.8832 0.592643 0.279807 0.755303
12.0072 -2.80242 41.3362 0.566333 0.219696 0.790842
12.0469 -4.02161 41.5458 0.540025 0.159589 0.82638
12.4872 -4.74296 41.4378 0.510756 0.202984 0.83542
13.2969 -5.62715 41.1576 0.484545 0.149413 0.859508
13.5551 -6.63455 41.2009 0.385936 0.14577 0.910936
13.6522 -7.38018 41.2791 0.385937 0.145771 0.910935
13.9617 -8.42373 41.2848 0.390055 0.113643 0.913752
14.4427 -9.58588 41.3178 0.263358 0.182554 0.947268
15.3172 -10.503 41.1562 0.270499 0.0769296 0.959642
16.4593 -10.529 40.9239 0.244107 0.152301 0.955674
17.2253 -10.6846 40.7163 0.292289 0.187782 0.937713
18.1909 -11.2959 40.5939 0.223541 0.221387 0.949008
19.3981 -12.2086 40.5503 0.215262 0.239443 0.946747
20.0207 -12.8118 40.5769 0.171141 0.24342 0.9547
20.3587 -13.8204 40.7355 0.12699 0.166186 0.977883
20.7734 -14.6037 40.8147 0.126989 0.166184 0.977884
21.8253 -15.5647 40.8585 0.120002 0.178337 0.976625
22.6097 -16.1674 40.8867 0.0880826 0.190609 0.977577
23.7169 -17.0901 40.9889 0.080275 0.204348 0.975601
24.17 -17.7628 41.0925 0.0718373 0.203814 0.976334
24.3329 -18.6869 41.2281 0.0140524 0.144716 0.989373
24.5159 -19.4442 41.3363 0.0140556 0.144714 0.989374
24.8298 -20.2691 41.471 -0.0158551 0.154381 0.987714
25.0419 -21.4073 41.6336 -0.0221057 0.137348 0.990276
25.1155 -22.2956 41.7515 -0.0640226 0.0898618 0.993513
25.2915 -23.0442 41.814 -0.0747493 0.0681003 0.994874
25.5473 -23.7943 41.8845 -0.0749369 0.0699138 0.994733
26.769 -24.3445 42.0209 -0.05874 0.0932181 0.993484
27.6931 -24.4349 42.0655 -0.062584 0.114325 0.991134
28.2942 -24.8919 42.1728 -0.0935616 0.124685 0.987723
29.0877 -25.3109 42.3089 -0.0988454 0.1332 0.986148
29.8038 -25.7677 42.4311 -0.0594197 0.115901 0.99126
30.7418 -26.4592 42.5464 -0.0507352 0.0969377 0.993996
31.3881 -27.1329 42.661 -0.088416 0.11837 0.988792
31.4407 -28.1237 42.774 -0.124312 0.0693356 0.989818
31.77 -29.3336 42.9001 -0.128135 0.0716195 0.989157
31.5884 -30.5282 42.9254 -0.144708 0.0335409 0.988906
30.7642 -31.4766 42.8369 -0.144774 0.0306703 0.988985
29.6578 -31.8148 42.6785 -0.141911 0.00267525 0.989876
28.8246 -32.1094 42.5599 -0.141912 0.00267675 0.989876
27.8942 -33.1039 42.3941 -0.166534 -0.0112016 0.985972
27.7857 -34.1711 42.3606 -0.179154 -0.0225391 0.983449
27.9263 -35.0508 42.3611 -0.193448 -0.0565497 0.979119
28.6634 -35.8093 42.4541 -0.190924 -0.0671139 0.979164
29.6271 -36.2899 42.5976 -0.182498 -0.055325 0.981616
30.9469 -36.4573 42.8431 -0.188841 -0.0506795 0.980699
31.8033 -36.6148 42.9895 -0.171522 -0.0414046 0.984309
32.7553 -37.5143 43.1086 -0.165904 -0.051053 0.984819
33.3041 -38.2719 43.1618 -0.173533 -0.0649516 0.982553
33.6673 -39.6038 43.1221 -0.181317 -0.0784907 0.980287
33.4826 -40.5535 43.0126 -0.186458 -0.0885414 0.978394
32.9552 -41.1261 42.8473 -0.196794 -0.102607 0.975061
32.4261 -41.6523 42.6851 -0.201502 -0.115033 0.972616
31.5474 -42.0714 42.4424 -0.207835 -0.127547 0.969812
30.7193 -42.3547 42.2277 -0.210113 -0.124156 0.969753
30.0517 -41.9995 42.1123 -0.236376 -0.126508 0.963391
29.4835 -41.5145 42.0368 -0.23122 -0.13191 0.963918
28.7588 -41.0186 41.9309 -0.231224 -0.131904 0.963918
28.1097 -40.3791 41.8595 -0.241133 -0.131718 0.96151
27.9909 -39.4527 41.9412 -0.232593 -0.10679 0.966694
27.6123 -38.6862 41.9348 -0.227372 -0.111676 0.967357
26.7808 -38.3512 41.7843 -0.222146 -0.116574 0.968019
25.9204 -38.3435 41.5809 -0.242329 -0.124694 0.962144
24.8815 -38.4848 41.2984 -0.244689 -0.123499 0.961704
23.9293 -38.5185 41.0461 -0.251711 -0.128006 0.9593
23.0619 -38.3279 40.8442 -0.251452 -0.128173 0.959346
22.4219 -37.8933 40.7328 -0.25848 -0.129353 0.957317
22.0099 -37.2646 40.706 -0.259057 -0.129115 0.957193
21.5438 -36.6773 40.6591 -0.259667 -0.128485 0.957112
20.9566 -36.1045 40.5759 -0.258377 -0.127741 0.957559
20.6063 -35.2725 40.5832 -0.257432 -0.114651 0.959471
20.4198 -34.3778 40.6455 -0.246533 -0.106865 0.963102
20.3395 -33.2354 40.7351 -0.241197 -0.0927464 0.966034
20.3272 -32.4562 40.8108 -0.228884 -0.0916414 0.969049
20.756 -31.6699 40.9707 -0.21001 -0.0781936 0.974567
21.2118 -30.9148 41.1295 -0.206799 -0.0711365 0.975762
21.3451 -29.8301 41.2284 -0.203568 -0.0640478 0.976964
21.3274 -28.8327 41.3055 -0.184703 -0.0608241 0.98068
21.3931 -27.6625 41.366 -0.177998 -0.0408042 0.983184
21.4845 -26.9018 41.4141 -0.167477 -0.0521672 0.984372
21.8508 -25.9989 41.5059 -0.130949 -0.0468387 0.990282
22.1406 -25.2078 41.5816 -0.130949 -0.0468385 0.990282
21.9514 -24.329 41.5756 -0.125531 -0.016472 0.991953
21.3696 -23.3577 41.5364 -0.0999911 -0.021612 0.994681
20.9835 -22.6735 41.5171 -0.0434315 -0.0793286 0.995902
20.174 -21.7571 41.4357 -0.106969 -0.0228802 0.993952
19.4727 -21.0981 41.3842 -0.102448 -0.0313937 0.994243
18.9173 -20.5499 41.3383 -0.0546191 0.0112424 0.998136
18.4321 -19.7968 41.3221 -0.0549378 -0.0122791 0.998414
17.9528 -19.0589 41.3048 -0.0439023 -0.0242829 0.998608
17.2805 -18.26 41.3117 -0.0235266 -0.00572378 0.999196
16.604 -17.5125 41.2835 0.00411429 0.000116093 0.999518
16.0236 -17.0075 41.309 0.0167857 -0.0250123 0.99953
15.062 -16 41.3453 0.0111525 -0.0254228 0.999615
14.3613 -15.1698 41.4376 0.0413608 -0.0782266 0.996077
13.9534 -14.4379 41.5137 0.0710517 -0.0602722 0.994102
13.9165 -13.5679 41.5305 0.102953 -0.014864 0.994575
13.9402 -12.8068 41.5464 0.164269 -0.0391618 0.984214
14.1349 -11.6874 41.5116 0.204476 -0.00514902 0.978858
13.5623 -10.5144 41.5976 0.201341 0.0304519 0.979048
12.4919 -10.4483 41.8947 0.27548 -0.000402851 0.961307
11.6517 -10.4884 42.093 0.170402 -0.105449 0.979665
10.8504 -10.1454 42.2926 0.193489 -0.141665 0.970821
10.0907 -9.68686 42.5109 0.193487 -0.141664 0.970821
9.40258 -9.08423 42.7594 0.261391 -0.199174 0.941911
8.51505 -8.49042 43.2104 0.297495 -0.254266 0.920242
7.84027 -8.00905 43.4882 0.183971 -0.296271 0.936091
6.80045 -7.22398 44.0015 0.200495 -0.33611 0.920235
6.33831 -6.74472 44.3788 0.381399 -0.384005 0.840777
5.70095 -6.54779 44.7667 0.254222 -0.385374 0.876161
4.87282 -6.63289 44.8423 0.0754317 -0.426235 0.898648
3.95647 -6.32718 44.9893 -0.0287107 -0.432359 0.901245
3.26507 -5.99098 45.0993 -0.136478 -0.347237 0.927793
2.48488 -5.78303 45.081 -0.0619616 -0.333262 0.940796
1.39748 -5.35996 45.0353 -0.161093 -0.278936 0.946359
0.566978 -4.68101 45.1639 -0.187586 -0.397674 0.898146
-0.228931 -4.31576 45.1599 -0.249849 -0.393311 0.882434
-0.9733 -4.24316 44.9151 -0.260857 -0.308117 0.910969
-1.8257 -4.12236 44.5215 -0.453795 -0.284179 0.844343
-2.58479 -4.03401 44.1543 -0.455016 -0.325068 0.829031
-3.36429 -3.88769 43.7839 -0.435714 -0.324281 0.839354
-4.19951 -3.38122 43.5207 -0.468208 -0.268048 0.841981
-5.02724 -2.89807 43.2142 -0.472746 -0.268333 0.839334
-5.9051 -2.64198 42.7611 -0.503245 -0.239077 0.830413
-6.75089 -2.53795 42.2785 -0.484185 -0.233459 0.842918
-7.4918 -2.46676 41.9016 -0.45404 -0.235926 0.859178
-8.19703 -2.53469 41.5076 -0.464103 -0.217075 0.858766
-8.95463 -2.28053 41.1601 -0.466408 -0.217923 0.857306
-9.93065 -2.08594 40.7133 -0.441846 -0.231616 0.866676
-10.9266 -2.00601 40.2263 -0.431856 -0.237937 0.869901
-12.0684 -2.01198 39.6738 -0.421353 -0.243871 0.873492
-12.9333 -2.08572 39.2408 -0.409906 -0.244215 0.878787
-13.9922 -2.34955 38.6825 -0.402778 -0.24785 0.881102
-14.1543 -2.48326 38.5696 -0.40747 -0.25166 0.877858
-13.7765 5.05567 40.8532 -0.336784 -0.246991 0.90861
-13.0702 5.39731 41.2078 -0.336786 -0.246993 0.908609
-12.2697 5.85494 41.6342 -0.329719 -0.227238 0.915993
-11.0499 5.91898 42.0646 -0.315542 -0.209488 0.925499
-11.3068 5.01209 41.7717 -0.32972 -0.227234 0.915993
-12.0765 5.10466 41.5047 -0.343897 -0.244982 0.906487
-12.7801 5.13856 41.247 -0.343897 -0.244982 0.906487
-13.0041 5.15277 41.1658 -0.340341 -0.245987 0.907548
-1.77498 12.8696 44.9318 -0.00203782 -0.147814 0.988995
-1.17163 13.1661 44.979 0.00967562 -0.132199 0.990969
-0.853462 14.2038 45.1367 0.0290923 -0.170537 0.984922
-0.535145 15.1321 45.2846 0.0467977 -0.192478 0.980185
-0.147241 15.7978 45.3391 0.143461 -0.162698 0.972877
0.218196 16.5559 45.4731 0.136547 -0.253259 0.957551
0.501994 17.3764 45.6656 0.123338 -0.267713 0.955572
0.843031 18.4527 45.9333 0.135386 -0.295147 0.945811
0.767875 18.8274 46.0609 0.12976 -0.293195 0.947186
0.218361 18.1476 45.9241 0.115182 -0.298691 0.947301
-0.264841 17.3047 45.7338 0.100557 -0.26049 0.960226
-0.83122 16.4801 45.5976 0.118927 -0.222676 0.967611
-1.43151 15.7879 45.4613 0.0506688 -0.230428 0.971138
-1.80888 14.9919 45.3222 0.0534483 -0.196425 0.979061
-1.97197 14.2175 45.1539 -0.00256967 -0.172897 0.984937
-1.7753 13.4981 45.0281 2.22473e-06 -0.16219 0.986697
-1.79812 12.9363 44.9421 0.00256408 -0.151499 0.988454
2.22696 -3.52913 45.6527 -0.036585 -0.213879 0.975153
3.41008 -3.78635 45.5852 0.0248329 -0.138791 0.988316
4.35824 -3.92858 45.5613 0.060767 -0.0562266 0.995326
5.11205 -3.92715 45.468 0.198671 -0.0497846 0.978801
6.01998 -3.83112 45.231 0.347687 -0.030128 0.937127
6.92062 -3.65409 44.7958 0.504044 -0.0558195 0.861872
7.59262 -3.35656 44.3768 0.56405 -0.0400188 0.82477
8.27019 -2.98823 43.9119 0.60242 0.0156314 0.79716
8.98372 -2.5459 43.3669 0.559953 0.0616286 0.826229
9.66365 -2.13037 42.8385 0.597508 0.0904906 0.796741
10.381 -1.69283 42.2805 0.594815 0.151035 0.786271
10.7165 -1.0679 41.8317 0.63219 0.222699 0.741721
10.9964 -0.245443 41.2736 0.656232 0.300016 0.692351
11.2892 0.409538 40.6932 0.650088 0.334526 0.682259
11.5994 0.924925 40.1332 0.661015 0.357122 0.659814
11.6904 1.70497 39.6017 0.653394 0.365821 0.662668
11.8251 2.5223 39.0139 0.664291 0.367918 0.650601
11.9771 3.3247 38.4105 0.653422 0.390304 0.648041
12.1623 3.88699 37.856 0.6677 0.39167 0.633065
12.2542 4.51531 37.3704 0.67056 0.396699 0.626823
12.4826 5.32701 36.5962 0.673143 0.402646 0.620286
12.737 4.47224 36.8743 0.673418 0.401733 0.62058
12.6547 3.66995 37.4709 0.66598 0.398527 0.630547
12.7737 2.99866 37.7785 0.664261 0.405383 0.628031
12.9322 2.31364 38.0629 0.622146 0.417961 0.661702
12.7639 1.72896 38.556 0.61436 0.395781 0.682583
12.5808 0.978268 39.1425 0.636019 0.373225 0.675413
12.4445 0.345275 39.6218 0.629856 0.370781 0.682404
12.0932 -0.162463 40.2083 0.621784 0.369582 0.690492
11.6271 -0.978325 41.0016 0.61888 0.287411 0.729583
11.0258 -0.798843 41.4694 0.6478 0.232078 0.7256
10.9589 -1.56825 41.7753 0.632189 0.222701 0.741721
10.8031 -2.7496 42.0987 0.54957 0.12313 0.825208
10.8945 -4.00711 42.2782 0.526093 0.157514 0.835712
11.313 -5.21809 42.1369 0.47123 0.0777674 0.878153
11.9402 -6.04361 41.9055 0.451298 0.0978818 0.886982
12.1576 -6.82198 41.8838 0.450858 0.101248 0.886835
12.2452 -7.58884 41.9268 0.398328 0.0315774 0.912185
12.0864 -8.844 41.9807 0.301037 0.0141515 0.952922
11.1374 -8.60636 42.3132 0.331681 0.00493095 0.943379
10.2413 -8.10226 42.6451 0.419952 -0.0566514 0.901839
9.5841 -7.71291 43.0121 0.343932 -0.154122 0.92626
8.97631 -7.27624 43.3035 0.321199 -0.109129 0.940703
8.36728 -6.79155 43.5846 0.394433 -0.122681 0.910698
7.79439 -6.25263 43.9053 0.394433 -0.122681 0.910698
7.12631 -5.72895 44.3231 0.46634 -0.218313 0.855337
6.4983 -5.45494 44.7644 0.451616 -0.258959 0.853761
5.81594 -5.27454 45.1467 0.228049 -0.124079 0.965711
5.01204 -5.17448 45.323 0.18126 -0.182793 0.966298
4.23248 -4.89839 45.4583 0.0540381 -0.162272 0.985265
3.43293 -4.55005 45.5194 -0.054563 -0.151118 0.98307
2.32228 -4.17283 45.4946 -0.069075 -0.235379 0.969364
1.77836 -3.77049 45.5607 -0.0652564 -0.247069 0.966798
8.44456 -4.40796 43.7873 0.5311 -0.00874154 0.847264
9.24116 -3.96778 43.2607 0.555705 -0.00207216 0.831377
9.93006 -4.76074 42.8793 0.478635 0.0568975 0.876168
10.4003 -6.0973 42.7092 0.470106 0.0180544 0.881513
9.47027 -6.11215 43.1929 0.461576 -0.0207893 0.886857
8.95704 -5.32198 43.4473 0.517171 0.0274137 0.853772
8.43686 -4.70839 43.789 0.531099 -0.0087418 0.847264
15.5557 -12.453 41.2728 0.192009 0.0491981 0.980159
15.3137 -13.2776 41.3481 0.141365 0.00875217 0.989632
15.557 -14.3094 41.3438 0.100205 0.0352151 0.994343
16.3158 -15.1938 41.2951 0.0907356 0.0613835 0.993509
16.9549 -15.8019 41.301 0.0732128 0.0865254 0.993556
17.8533 -16.5874 41.2783 0.00411545 0.000114536 0.999518
18.4332 -17.4009 41.3016 0.00907237 0.0291037 0.999535
19.0576 -18.1979 41.3192 5.0665e-05 0.0425702 0.998962
19.6361 -18.9473 41.3664 -0.00897283 0.0560328 0.998389
20.1593 -19.7314 41.397 -0.0546213 0.0112384 0.998136
20.8119 -20.3954 41.449 -0.0275198 0.0355611 0.998989
21.4426 -21.1084 41.4918 -0.0337696 0.048069 0.998175
22.0238 -21.8032 41.5582 -0.0436231 0.0615724 0.997149
22.5093 -22.383 41.6152 -0.0436256 0.0615706 0.997149
23.3017 -23.4004 41.6823 -0.08359 0.0238239 0.996154
23.6803 -22.5579 41.6827 -0.0640226 0.0898618 0.993513
23.4453 -21.4655 41.5595 3.19868e-06 0.0914027 0.995814
23.317 -20.3891 41.4607 0.00157516 0.0866163 0.996228
23.081 -19.4205 41.3819 0.00314154 0.0818265 0.996642
22.7989 -18.4031 41.2552 0.0460905 0.148074 0.987899
22.3267 -17.6949 41.1692 0.0452304 0.150008 0.98765
21.3569 -16.8314 41.1042 0.0822327 0.137763 0.98692
20.3637 -16.1932 41.1142 0.0896464 0.123956 0.98823
19.6753 -15.4219 41.0695 0.0614798 0.102983 0.992586
19.131 -14.5466 41.0057 0.110043 0.164823 0.980165
18.8492 -13.6583 40.888 0.110043 0.164825 0.980165
17.9235 -12.6811 40.91 0.146406 0.107658 0.983349
16.9074 -12.0661 40.9885 0.16344 0.0774766 0.982681
16.2455 -11.9633 41.1131 0.19201 0.0491989 0.980159
23.9983 -23.764 41.7574 -0.0946483 0.0241375 0.995218
24.4666 -24.6388 41.8367 -0.11935 0.0497895 0.991603
25.4664 -25.4501 41.9978 -0.0972346 0.0607596 0.993097
26.3931 -25.7163 42.0865 -0.0788386 0.0537255 0.995439
27.2892 -25.9384 42.1694 -0.100739 0.0653665 0.992449
28.0601 -26.3542 42.2973 -0.120225 0.0780393 0.989671
28.8982 -26.8887 42.4398 -0.103576 0.0708995 0.991953
29.6125 -27.4155 42.5372 -0.0893411 0.0627239 0.994024
30.1274 -28.4661 42.6434 -0.0891979 0.0563999 0.994416
30.2608 -29.5131 42.7351 -0.116827 0.045676 0.991728
29.8833 -30.1665 42.7024 -0.129936 0.0121109 0.991355
28.9903 -30.562 42.5767 -0.141859 0.00572289 0.98987
28.1339 -30.9867 42.4558 -0.159798 -0.00159901 0.986972
27.3167 -31.6729 42.3035 -0.176423 -0.00577245 0.984297
26.823 -32.4088 42.2107 -0.176423 -0.00577246 0.984297
26.4729 -33.5912 42.1152 -0.20039 -0.0248876 0.979399
26.5704 -34.924 42.0995 -0.219632 -0.050418 0.973764
26.8064 -35.7142 42.0786 -0.228333 -0.0948861 0.968948
27.2679 -36.4069 42.1145 -0.200391 -0.0786242 0.976531
27.007 -36.7497 42.0218 -0.226183 -0.107912 0.96807
25.6363 -36.9404 41.674 -0.230973 -0.104138 0.967371
24.7207 -37.0539 41.4295 -0.244729 -0.111136 0.963201
23.9528 -37.0463 41.2501 -0.223055 -0.119447 0.96746
23.1335 -36.4596 41.1208 -0.255415 -0.114356 0.9599
22.669 -35.8332 41.0648 -0.249323 -0.0998681 0.963257
21.9611 -34.7282 41 -0.244277 -0.0897202 0.965464
21.7346 -34.0138 41.0001 -0.243413 -0.0772866 0.966839
21.7144 -33.0751 41.0832 -0.225787 -0.0774004 0.970984
22.0751 -32.2887 41.2164 -0.220151 -0.0638872 0.973371
22.4958 -31.5732 41.3572 -0.212995 -0.0593999 0.975234
22.6871 -30.6222 41.4571 -0.205477 -0.0640983 0.976561
22.7084 -29.5249 41.5336 -0.196071 -0.0503448 0.979151
22.7191 -28.4619 41.5684 -0.189687 -0.0239224 0.981553
22.858 -27.3876 41.6281 -0.162701 -0.0265089 0.98625
23.2591 -26.5235 41.7063 -0.160018 -0.0154475 0.986993
23.5387 -25.7259 41.7642 -0.14145 -0.00224745 0.989677
23.6574 -24.9026 41.7526 -0.106999 0.0369635 0.993411
23.5868 -24.2404 41.7298 -0.0946484 0.0241375 0.995218
24.7325 -27.0364 41.9264 -0.131556 0.0153163 0.991142
25.7317 -26.996 42.0672 -0.140233 0.0196732 0.989923
26.5934 -27.2439 42.1848 -0.100742 0.0653647 0.992449
27.4089 -27.6457 42.3051 -0.126509 0.0195702 0.991772
28.155 -28.1446 42.4101 -0.13447 0.0244738 0.990571
28.2649 -29.0713 42.4534 -0.142429 0.0293741 0.989369
27.5347 -29.7342 42.3608 -0.159798 -0.00159908 0.986972
26.7121 -30.4328 42.2065 -0.176398 -0.00974372 0.984271
25.9308 -31.336 42.06 -0.164561 -0.0286798 0.985886
25.4638 -32.475 41.9345 -0.203586 -0.022827 0.978791
25.2112 -33.7459 41.8524 -0.218684 -0.0384356 0.974789
25.1825 -34.8047 41.7657 -0.220815 -0.0784346 0.971968
24.7602 -35.5092 41.6113 -0.236899 -0.0857959 0.967704
23.7601 -34.9629 41.4191 -0.230621 -0.0810209 0.969665
23.1693 -33.8818 41.3642 -0.226945 -0.0653254 0.97163
23.2918 -33.0048 41.441 -0.220411 -0.0545592 0.97388
23.7365 -32.3422 41.5814 -0.212994 -0.059398 0.975234
24.0566 -31.4987 41.6957 -0.187141 -0.0551512 0.980784
24.0924 -30.4841 41.7596 -0.181234 -0.0432297 0.982398
24.0713 -29.6056 41.787 -0.171384 -0.035975 0.984547
24.0585 -28.7663 41.8154 -0.167221 -0.0203178 0.985576
24.1552 -28.0024 41.8351 -0.16128 -0.00561722 0.986893
24.4531 -27.2928 41.8879 -0.160653 -0.0105321 0.986942
24.519 -27.1325 41.9011 -0.141453 -0.00224494 0.989677
25.2578 -28.8019 42.0135 -0.152087 5.08982e-05 0.988294
25.5103 -29.5994 42.0403 -0.164561 -0.0286795 0.985886
25.7321 -28.6147 42.0802 -0.145006 0.0073001 0.989393
28.5515 -37.6012 42.2662 -0.211132 -0.107417 0.971537
29.433 -37.623 42.4672 -0.208811 -0.0905922 0.973615
30.6341 -37.8113 42.6888 -0.193779 -0.0855277 0.97731
31.7131 -38.4163 42.8562 -0.189704 -0.0796509 0.978566
32.1087 -39.4964 42.8424 -0.18124 -0.0786697 0.980287
31.5796 -40.4136 42.6422 -0.206569 -0.10429 0.972858
30.6216 -40.5255 42.4268 -0.20656 -0.104301 0.972859
29.8006 -40.0645 42.2962 -0.22414 -0.107622 0.968596
29.2657 -39.4022 42.246 -0.225166 -0.106444 0.968487
29.0603 -38.6444 42.2804 -0.225018 -0.100467 0.969148
28.5795 -37.6785 42.2647 -0.22384 -0.0956643 0.96992
28.5264 -37.6144 42.2593 -0.211132 -0.107417 0.971537
-17.7531 23.0743 48.302 -0.0568495 -0.520951 0.851691
-18.4228 22.8005 48.0898 -0.0586024 -0.521089 0.851486
-19.2527 22.8927 48.0857 -0.0707231 -0.535437 0.841609
-20.0384 23.2763 48.2624 -0.0778459 -0.539686 0.83823
-20.4516 23.8244 48.5751 -0.0682113 -0.530091 0.845193
-20.7048 24.4718 48.9607 -0.0632739 -0.536399 0.841543
-20.7909 25.5547 49.6434 -0.0520282 -0.532949 0.844546
-20.4445 26.2295 50.0822 -0.0566923 -0.510797 0.8578
-19.8647 26.6973 50.3924 -0.0423344 -0.510001 0.859069
-18.7381 27.0734 50.6608 -0.0328168 -0.513627 0.857386
-17.5658 26.6756 50.4514 -0.0196492 -0.503577 0.863708
-16.8025 26.022 50.0947 -0.0229832 -0.499477 0.866022
-16.5398 25.2614 49.6611 -0.00604509 -0.494134 0.869324
-16.6967 24.4412 49.1758 -0.0332119 -0.506604 0.861539
-17.0503 23.7763 48.7712 -0.0361934 -0.505916 0.861817
-17.192 23.5512 48.6311 -0.0567025 -0.522549 0.850719
-18.3159 24.3786 49.0667 -0.0478615 -0.514687 0.855923
-17.9793 25.1538 49.5403 -0.0356286 -0.513772 0.857186
-18.349 25.8083 49.9172 -0.0341366 -0.514128 0.857033
-19.1401 25.3761 49.6276 -0.0326387 -0.514486 0.856878
-19.2055 24.6371 49.1672 -0.0557689 -0.529689 0.846351
-18.6239 24.1309 48.8934 -0.0581152 -0.524274 0.849562
-29.4809 38.6258 56.9635 -0.0738298 -0.504353 0.860335
-30.3492 38.4589 56.7781 -0.0970468 -0.520149 0.848488
-31.5103 38.635 56.7397 -0.10656 -0.51801 0.848711
-32.1969 39.0124 56.8823 -0.108885 -0.511166 0.852554
-32.7866 39.7517 57.2479 -0.110776 -0.510129 0.852934
-32.9966 40.6368 57.75 -0.110839 -0.512521 0.851486
-33.1018 41.5314 58.2782 -0.112436 -0.514077 0.850341
-32.9123 42.4508 58.8583 -0.110425 -0.525209 0.843657
-32.4596 42.978 59.2465 -0.0862019 -0.525872 0.846117
-31.4041 43.7673 59.8303 -0.0755975 -0.525657 0.847331
-30.654 43.9798 60.0249 -0.0596797 -0.497302 0.865516
-29.7769 43.8868 60.0325 -0.0604694 -0.492981 0.867936
-28.8623 43.5695 59.916 -0.0385108 -0.490542 0.870283
-28.1656 42.84 59.5318 -0.0583272 -0.510485 0.857906
-27.853 42.1867 59.1643 -0.0588353 -0.505578 0.860754
-27.723 41.4902 58.7695 -0.0584871 -0.501071 0.863427
-27.8091 40.4373 58.1521 -0.0576306 -0.501471 0.863253
-28.1634 39.6964 57.7005 -0.0622184 -0.500873 0.86326
-28.6453 39.1778 57.3588 -0.0738202 -0.504354 0.860336
-28.7725 39.0626 57.2803 -0.0738277 -0.504353 0.860336
-29.6581 39.873 57.6762 -0.0772419 -0.500804 0.862108
-30.6244 39.7381 57.5112 -0.0772417 -0.500806 0.862106
-31.3299 40.2776 57.7516 -0.108884 -0.511164 0.852556
-31.4977 41.0179 58.1764 -0.0983482 -0.50967 0.85461
-31.4292 41.9508 58.731 -0.0857929 -0.504427 0.859181
-30.7961 42.5598 59.1565 -0.0874568 -0.51429 0.853145
-29.5882 42.4319 59.1922 -0.0612664 -0.508878 0.858649
