4.02371 1.40212 59.5826 -0.0850659 0.0329206 0.995831
3.73214 2.12471 59.5126 -0.0713677 0.0857739 0.993732
3.73214 2.12471 59.5126 -0.0713677 0.0857739 0.993732
3.0303 2.35534 59.4372 -0.100616 0.0639854 0.992336
2.21955 2.37822 59.3323 -0.130324 0.0424539 0.990562
1.30941 2.30317 59.2169 -0.132399 0.00138371 0.990715
1.65724 1.70495 59.2542 -0.177115 -0.00878298 0.984151
2.42328 1.43061 59.3827 -0.179947 -0.0524333 0.982202
3.26607 0.986781 59.5066 -0.117951 0.0169055 0.992872
4.14798 0.84644 59.6115 -0.100386 0.0243408 0.994495
4.06596 1.24871 59.5912 -0.0850659 0.0329206 0.995831
5.17108 1.71902 59.6521 -0.056104 0.0910503 0.993971
4.96669 2.568 59.5417 -0.040937 0.14924 0.986986
4.63824 3.29842 59.3946 -0.0230715 0.18823 0.981854
3.77372 3.52043 59.3333 -0.0228271 0.135001 0.990582
2.93634 3.61386 59.2862 -0.0584676 0.136934 0.988853
2.03663 3.6231 59.216 -0.086204 0.113391 0.989804
1.25979 3.56653 59.1566 -0.105543 0.0928193 0.989564
0.167315 3.39532 59.0247 -0.131185 0.0739825 0.988593
-0.995848 3.17564 58.7886 -0.218711 0.0113121 0.975606
-1.89631 2.99613 58.5986 -0.194994 -0.0206952 0.980586
-2.7524 2.80293 58.3855 -0.288557 -0.00829987 0.957427
-3.56371 2.70784 58.133 -0.306677 -0.0906651 0.946814
-4.08108 2.52836 57.9271 -0.338807 -0.107636 0.934661
-3.25796 2.26161 58.1893 -0.306681 -0.0906601 0.946814
-2.45169 1.90523 58.3914 -0.263059 -0.105317 0.958836
-1.61747 1.68701 58.5788 -0.251027 -0.0945914 0.963347
-0.884504 1.49465 58.7456 -0.228214 -0.078611 0.970432
-0.10129 1.1863 58.9015 -0.226243 -0.0909411 0.969816
0.617345 0.847749 59.0396 -0.21941 -0.104686 0.969827
1.55901 0.477397 59.1767 -0.168857 -0.0795505 0.982245
2.26061 0.159931 59.2746 -0.227927 -0.0841002 0.970039
3.2799 -0.313309 59.4435 -0.184795 -0.131042 0.974002
4.12512 -0.659643 59.5213 -0.101427 -0.0823146 0.991432
4.84082 -0.986364 59.5744 -0.134638 -0.078733 0.987736
5.67889 -1.33498 59.666 -0.137928 -0.072511 0.987784
6.55821 -1.81721 59.7462 -0.13279 -0.0912911 0.986931
6.14769 -0.967674 59.7584 -0.137786 -0.0725301 0.987803
5.91911 -0.199105 59.7561 -0.100134 0.00123257 0.994946
5.57776 0.569588 59.7258 -0.0925786 0.0208533 0.995217
5.28835 1.37713 59.68 -0.065342 0.0213252 0.997635
5.27751 1.40667 59.6787 -0.056105 0.0450888 0.99708
6.43783 1.76712 59.695 -0.000901949 0.13149 0.991317
6.22795 2.5606 59.5661 -0.021639 0.185653 0.982377
6.08974 3.44661 59.3764 0.0105653 0.206921 0.978301
5.69705 4.56239 59.1081 0.0186101 0.239686 0.970626
4.5097 4.67708 59.1095 0.0356605 0.268184 0.962641
3.71887 4.75781 59.0949 -0.00292263 0.23033 0.973108
2.93249 4.83658 59.0549 -0.0481642 0.227376 0.972615
2.0558 4.87108 59.0163 -0.0459761 0.182648 0.982103
1.16194 4.81364 58.9726 -0.0844058 0.183256 0.979344
0.301143 4.69633 58.9059 -0.12969 0.170604 0.976767
-0.721621 4.53539 58.8064 -0.150543 0.120093 0.979481
-1.65393 4.34755 58.6345 -0.184374 0.0757442 0.979821
-2.77168 4.09806 58.3906 -0.240318 0.0215224 0.970321
-3.56177 3.97294 58.1817 -0.260261 0.022651 0.965245
-4.28955 3.88726 57.9506 -0.333689 -0.0217773 0.942432
-5.02671 3.85824 57.7035 -0.292234 -0.0226049 0.95608
-6.01489 3.94451 57.3856 -0.314 -0.0670862 0.946924
-6.92061 4.06269 57.0761 -0.339562 -0.0632983 0.938451
-7.95799 4.11335 56.708 -0.335095 -0.0685962 0.939674
-9.09171 4.21292 56.279 -0.342872 -0.0922532 0.934602
-9.98839 4.27995 55.9499 -0.351467 -0.123201 0.928053
-10.7954 4.23537 55.6331 -0.361961 -0.129756 0.923118
-11.5398 4.23839 55.3496 -0.358311 -0.15216 0.921119
-12.4581 4.21738 54.9887 -0.358654 -0.152064 0.921002
-13.3467 4.14366 54.617 -0.353633 -0.195107 0.91481
-14.2759 4.04466 54.2315 -0.358402 -0.203792 0.911036
-15.227 3.91642 53.8253 -0.359476 -0.221987 0.906337
-15.9531 3.81946 53.5197 -0.359775 -0.230362 0.904084
-16.7665 3.64619 53.1517 -0.35078 -0.244564 0.903959
-17.662 3.49011 52.7582 -0.349972 -0.259686 0.900022
-18.5388 3.39193 52.391 -0.342907 -0.272482 0.89896
-19.2485 3.26898 52.0811 -0.332702 -0.279795 0.900569
-20.0808 3.10138 51.7144 -0.336386 -0.295475 0.894142
-20.8481 2.90953 51.3687 -0.332079 -0.300499 0.894088
-21.6799 2.66501 50.974 -0.325287 -0.312643 0.892423
-22.3313 2.43982 50.6592 -0.32096 -0.316745 0.892553
-23.1935 2.00204 50.1917 -0.316963 -0.326853 0.89025
-23.9732 1.61867 49.7766 -0.313266 -0.338437 0.887308
-24.6526 1.33017 49.4249 -0.315086 -0.341397 0.885532
-25.3347 1.05918 49.0765 -0.316576 -0.342037 0.884754
-26.1464 0.73255 48.66 -0.30972 -0.352851 0.882931
-26.7103 0.371058 48.3164 -0.312813 -0.348723 0.883467
-27.3037 0.0111174 47.9638 -0.306716 -0.356966 0.882327
-27.9327 -0.38212 47.586 -0.307254 -0.355126 0.882882
-28.7554 -0.942136 47.0712 -0.310573 -0.356818 0.881037
-29.2894 -1.35421 46.7154 -0.314024 -0.356876 0.879789
-30.0292 -1.93644 46.2138 -0.315788 -0.358615 0.878449
-30.6572 -2.39338 45.8013 -0.316173 -0.358232 0.878467
-31.1972 -2.84124 45.4238 -0.317277 -0.35722 0.878481
-31.7953 -3.39291 44.9843 -0.316937 -0.356497 0.878898
-32.4212 -4.0069 44.5098 -0.319803 -0.355516 0.878256
-33.0624 -4.62205 44.0275 -0.320443 -0.354039 0.87862
-33.5911 -5.19189 43.6055 -0.320079 -0.353357 0.879027
-34.2229 -5.99099 43.0554 -0.321354 -0.348032 0.880684
-34.7058 -6.55585 42.6555 -0.322729 -0.345651 0.881115
-35.1972 -7.18633 42.23 -0.324478 -0.342578 0.881677
-35.6002 -7.75945 41.8583 -0.32711 -0.341191 0.88124
-36.2687 -8.7039 41.2472 -0.3273 -0.339356 0.88188
-36.7008 -9.27805 40.8695 -0.327974 -0.334168 0.883609
-37.1044 -10.0015 40.4478 -0.328089 -0.332495 0.884197
-37.5201 -10.7758 40.007 -0.330188 -0.326655 0.885591
-37.1498 -11.4779 39.8874 -0.329089 -0.324849 0.886664
-36.345 -11.7529 40.084 -0.327881 -0.323982 0.887428
-35.4823 -11.8544 40.3666 -0.328834 -0.323386 0.887293
-34.921 -11.1819 40.8208 -0.326789 -0.326898 0.886762
-34.5715 -10.5977 41.1647 -0.325808 -0.327958 0.88673
-34.1591 -9.99035 41.542 -0.326553 -0.330566 0.885487
-33.7402 -9.41074 41.9143 -0.32684 -0.333491 0.884282
-33.3224 -8.84659 42.2796 -0.323383 -0.333261 0.885641
-32.8617 -8.26543 42.6711 -0.326633 -0.338993 0.882267
-32.3221 -7.60512 43.1248 -0.327096 -0.338486 0.88229
-31.8808 -7.08688 43.4876 -0.326836 -0.341801 0.881107
-31.4007 -6.56254 43.8694 -0.326551 -0.342572 0.880914
-30.8657 -5.97614 44.2958 -0.325884 -0.342781 0.881079
-30.3491 -5.42772 44.7033 -0.325527 -0.347502 0.87936
-29.8425 -4.99137 45.0616 -0.323951 -0.345333 0.880796
-29.1445 -4.41261 45.5457 -0.324818 -0.345205 0.880526
-28.4371 -3.81213 46.0439 -0.327133 -0.346268 0.879251
-27.8101 -3.28334 46.4836 -0.324687 -0.344292 0.880932
-27.1751 -2.85814 46.8855 -0.32899 -0.341207 0.880536
-26.4299 -2.38082 47.3475 -0.328037 -0.339533 0.881538
-25.8427 -2.0599 47.6909 -0.328976 -0.338231 0.881686
-25.0964 -1.61162 48.1411 -0.331414 -0.336293 0.881517
-24.2424 -1.13218 48.647 -0.335136 -0.335647 0.880355
-23.5411 -0.794944 49.0356 -0.329381 -0.326298 0.886024
-22.6978 -0.45836 49.485 -0.345203 -0.318725 0.882751
-21.8802 -0.108938 49.9306 -0.345128 -0.313194 0.884758
-20.8923 0.309263 50.4699 -0.349392 -0.302954 0.886648
-20.1179 0.642884 50.8936 -0.359086 -0.292169 0.886393
-19.4384 0.928311 51.2604 -0.359941 -0.283529 0.888824
-18.6526 1.13516 51.6504 -0.36287 -0.277762 0.889463
-17.9267 1.17701 51.9614 -0.372805 -0.267803 0.888406
-17.2347 1.26589 52.2814 -0.377525 -0.263416 0.887742
-16.484 1.39405 52.6375 -0.38252 -0.251264 0.889126
-15.7688 1.4871 52.971 -0.385426 -0.242116 0.890408
-15.026 1.63897 53.3304 -0.3802 -0.240083 0.893201
-14.2215 1.7735 53.7152 -0.387435 -0.226929 0.893531
-13.2029 1.87475 54.1804 -0.388073 -0.205809 0.898355
-12.3115 1.89197 54.567 -0.38717 -0.197494 0.900608
-11.4612 1.87882 54.9318 -0.393362 -0.195838 0.898284
-10.7423 1.8594 55.2374 -0.377684 -0.193938 0.905396
-9.95695 1.86152 55.5679 -0.380489 -0.188425 0.905362
-9.25359 1.86094 55.8586 -0.37523 -0.182225 0.908843
-8.50261 1.85576 56.1579 -0.35862 -0.176094 0.916724
-7.54574 1.76814 56.5344 -0.376895 -0.161082 0.912142
-6.85402 1.62933 56.79 -0.372424 -0.172001 0.911984
-6.09106 1.43954 57.0655 -0.357698 -0.168284 0.918412
-5.27462 1.2974 57.3445 -0.335392 -0.158929 0.928488
-4.37685 1.20687 57.6339 -0.327059 -0.144607 0.933791
-3.54298 0.975718 57.9021 -0.334109 -0.144632 0.931358
-2.78907 0.721392 58.1284 -0.30696 -0.150281 0.939498
-1.99264 0.457693 58.3233 -0.282444 -0.161846 0.945532
-1.19986 0.211366 58.5169 -0.264917 -0.139666 0.953666
-0.150112 -0.151598 58.7192 -0.234157 -0.159153 0.959083
0.794769 -0.524599 58.8749 -0.215231 -0.158621 0.963558
1.65419 -0.88552 59.0086 -0.218155 -0.163138 0.962182
2.50775 -1.30502 59.1406 -0.209337 -0.156384 0.965218
3.41779 -1.70604 59.2646 -0.197968 -0.163579 0.966442
4.09625 -2.02061 59.339 -0.181212 -0.166129 0.969311
5.04663 -2.44728 59.4412 -0.175972 -0.166519 0.970209
5.88587 -2.83902 59.5286 -0.157806 -0.129849 0.978895
6.68447 -3.23847 59.6181 -0.182547 -0.118858 0.975986
7.46082 -3.70389 59.7112 -0.205799 -0.122384 0.970911
8.09183 -4.10611 59.7963 -0.215763 -0.107925 0.970367
8.76561 -4.58468 59.888 -0.23677 -0.112025 0.965086
9.53575 -5.15418 60.0039 -0.235188 -0.108444 0.965752
10.1064 -5.6326 60.0952 -0.246212 -0.11422 0.962462
10.8813 -6.31179 60.214 -0.268709 -0.143519 0.952469
11.5151 -6.91266 60.3023 -0.276356 -0.142799 0.950355
12.1126 -7.5291 60.3873 -0.279482 -0.150309 0.948313
12.6783 -8.12052 60.4655 -0.293356 -0.152922 0.943681
13.2343 -8.70093 60.5403 -0.298382 -0.156188 0.941549
13.9658 -9.48434 60.6373 -0.30524 -0.173248 0.936382
14.5903 -10.1426 60.7178 -0.308632 -0.181396 0.933714
15.1382 -10.7996 60.7741 -0.31454 -0.184938 0.931048
15.755 -11.5972 60.8265 -0.317457 -0.185113 0.930029
16.2142 -12.2627 60.851 -0.322651 -0.188635 0.927531
16.7794 -13.0787 60.8819 -0.327106 -0.191134 0.925456
17.3875 -14.016 60.9036 -0.331234 -0.192499 0.923704
17.8114 -14.7021 60.9129 -0.331734 -0.191516 0.923728
18.3366 -15.5499 60.9281 -0.337943 -0.191443 0.92149
18.7512 -16.3085 60.9226 -0.340273 -0.190717 0.920781
19.0865 -17.0696 60.8899 -0.34213 -0.190184 0.920205
19.4516 -17.9847 60.8369 -0.343016 -0.189859 0.919942
19.8499 -18.8224 60.8125 -0.348246 -0.189943 0.917958
20.3165 -19.7618 60.7953 -0.348779 -0.189394 0.917868
20.8194 -20.7819 60.778 -0.351423 -0.188204 0.917104
21.1499 -21.6105 60.7338 -0.351766 -0.189313 0.916745
21.3704 -22.4165 60.6541 -0.354804 -0.188213 0.915799
21.5968 -23.2492 60.5715 -0.356788 -0.186843 0.91531
21.8527 -24.3578 60.4451 -0.359717 -0.186586 0.914215
22.0095 -25.0922 60.3573 -0.360385 -0.185023 0.91427
22.2207 -26.1594 60.2235 -0.362605 -0.185312 0.913331
22.3944 -26.9473 60.134 -0.364073 -0.184561 0.912901
22.5829 -27.8463 60.028 -0.365544 -0.183819 0.912463
22.722 -28.6275 59.9259 -0.365904 -0.184308 0.91222
22.813 -29.6583 59.7561 -0.367753 -0.183119 0.911716
22.8839 -30.6577 59.5851 -0.369373 -0.182034 0.911278
22.9518 -31.5631 59.4325 -0.371254 -0.179998 0.910918
22.9538 -32.3252 59.2825 -0.371664 -0.180431 0.910665
22.8667 -33.3347 59.0485 -0.372562 -0.17858 0.910663
22.8092 -34.3566 58.826 -0.373228 -0.176958 0.910707
22.7785 -35.4595 58.5997 -0.374019 -0.176526 0.910466
23.0114 -36.305 58.5328 -0.374597 -0.175062 0.910511
24.1095 -36.8324 58.8845 -0.375104 -0.173041 0.910688
24.8818 -36.8052 59.2076 -0.375763 -0.172832 0.910457
25.0305 -36.0731 59.4084 -0.376195 -0.173632 0.910126
25.0177 -35.1768 59.5752 -0.37461 -0.175023 0.910513
25.0195 -34.3913 59.7266 -0.3744 -0.174779 0.910646
24.9791 -33.3745 59.9061 -0.375376 -0.177107 0.909794
24.9799 -32.4216 60.0922 -0.373231 -0.177048 0.910688
25.0295 -31.6419 60.2649 -0.372651 -0.177451 0.910847
25.0258 -30.6807 60.4515 -0.371108 -0.179271 0.911121
24.9366 -29.8843 60.572 -0.370413 -0.179356 0.911387
24.8299 -29.0547 60.6917 -0.370018 -0.178881 0.91164
24.7208 -28.3106 60.7943 -0.367584 -0.180489 0.912308
24.6274 -27.5663 60.9044 -0.366656 -0.180992 0.912581
24.5083 -26.7745 61.0131 -0.36593 -0.18054 0.912963
24.3726 -25.9103 61.1303 -0.364117 -0.181255 0.913546
24.1878 -25.1368 61.211 -0.362688 -0.182229 0.91392
23.9679 -24.3667 61.2769 -0.361725 -0.182773 0.914193
23.7761 -23.557 61.3629 -0.36073 -0.183062 0.914528
23.5613 -22.7034 61.449 -0.358677 -0.182563 0.915435
23.181 -21.6143 61.5188 -0.356039 -0.183762 0.916225
22.8627 -20.7556 61.5677 -0.352876 -0.183471 0.917506
22.5645 -19.9989 61.605 -0.352359 -0.184905 0.917417
22.1616 -19.075 61.6373 -0.35075 -0.185066 0.918001
21.7396 -18.0836 61.678 -0.348664 -0.185883 0.91863
21.3631 -17.1819 61.7192 -0.346511 -0.186276 0.919365
20.9782 -16.2612 61.7616 -0.343815 -0.18636 0.920359
20.668 -15.5113 61.7985 -0.342462 -0.187333 0.920666
20.307 -14.8011 61.8087 -0.341311 -0.188198 0.920916
19.806 -13.9944 61.7879 -0.339092 -0.187706 0.921836
19.3122 -13.2795 61.7515 -0.338068 -0.185658 0.922628
18.7735 -12.438 61.7244 -0.334002 -0.184706 0.924295
18.2221 -11.5541 61.7007 -0.332538 -0.179387 0.925872
17.6608 -10.7674 61.6536 -0.326951 -0.17585 0.928534
16.9963 -9.84022 61.5935 -0.326517 -0.169835 0.929808
16.5241 -9.19928 61.5481 -0.321443 -0.168693 0.931782
15.9754 -8.52205 61.4756 -0.319501 -0.156933 0.934497
15.4336 -7.92857 61.3907 -0.31729 -0.14771 0.93672
14.9393 -7.36415 61.3086 -0.312906 -0.141365 0.939201
14.3738 -6.75008 61.2066 -0.308803 -0.130884 0.942052
13.7163 -6.17497 61.0685 -0.302276 -0.116361 0.946092
13.1452 -5.60906 60.9583 -0.283498 -0.110759 0.952553
12.5426 -5.02214 60.8369 -0.281399 -0.0862648 0.955705
11.9467 -4.51164 60.7071 -0.279558 -0.0848333 0.95637
11.2577 -3.92873 60.5595 -0.260985 -0.0628513 0.963295
10.5309 -3.37032 60.4086 -0.250534 -0.0517433 0.966565
9.8316 -2.82826 60.2715 -0.220495 -0.0401025 0.974563
9.06993 -2.20102 60.1471 -0.20193 -0.0343918 0.978582
8.50399 -1.66017 60.0613 -0.165654 -0.0334266 0.985617
7.67665 -0.778664 59.9524 -0.14288 -0.0114186 0.989674
7.07901 0.229214 59.8631 -0.06466 0.0597043 0.99612
6.72542 1.02014 59.7819 -0.0710229 0.0869811 0.993675
6.5577 1.47035 59.7345 -0.0238636 0.100169 0.993922
7.65695 1.94511 59.7201 -0.0344658 0.179769 0.983105
8.02081 1.04595 59.8876 -0.110019 0.129266 0.985488
8.52908 0.256022 60.0325 -0.0982254 0.099029 0.990225
9.15549 -0.469324 60.1684 -0.155222 0.0301427 0.98742
9.77853 -1.08167 60.2987 -0.185681 0.0263156 0.981993
10.7606 -1.94201 60.514 -0.22935 0.00147683 0.973178
11.4742 -2.49229 60.6791 -0.256783 -0.00274878 0.966465
12.2041 -3.05179 60.8634 -0.277158 -0.0340836 0.960171
12.8184 -3.5739 61.028 -0.292011 -0.0504422 0.954951
13.3737 -4.07894 61.1638 -0.297098 -0.0626902 0.952787
13.9745 -4.6385 61.3143 -0.306866 -0.0670799 0.949319
14.7343 -5.37449 61.4936 -0.31771 -0.0999791 0.942902
15.501 -6.18842 61.66 -0.32273 -0.116935 0.939174
16.1126 -6.85186 61.7789 -0.321674 -0.126973 0.938298
16.6234 -7.43432 61.8736 -0.321531 -0.143972 0.935872
17.1261 -8.03064 61.954 -0.326682 -0.147705 0.933521
17.703 -8.78342 62.0304 -0.328544 -0.160438 0.930762
18.1478 -9.396 62.0802 -0.329406 -0.169727 0.928805
18.7273 -10.1922 62.1423 -0.33104 -0.172648 0.92768
19.3791 -11.1322 62.1998 -0.334139 -0.177433 0.925668
19.9781 -12.0796 62.2337 -0.33595 -0.181386 0.924247
20.5367 -12.9504 62.2654 -0.336175 -0.181369 0.924171
21.0661 -13.7759 62.2951 -0.338119 -0.181959 0.923344
21.49 -14.5003 62.3071 -0.339876 -0.184752 0.922145
21.9511 -15.5039 62.2766 -0.340875 -0.18498 0.92173
22.3618 -16.4546 62.24 -0.343437 -0.184373 0.920901
22.7028 -17.221 62.2156 -0.345796 -0.183525 0.920185
23.0354 -18.001 62.1854 -0.347908 -0.184349 0.919225
23.374 -18.8455 62.1454 -0.348177 -0.183104 0.919372
23.8212 -19.8974 62.1072 -0.352022 -0.182805 0.917967
24.1796 -20.8175 62.0644 -0.355593 -0.180292 0.917086
24.469 -21.5998 62.0225 -0.357013 -0.179256 0.916738
24.7928 -22.6605 61.9404 -0.359574 -0.180146 0.915562
24.9803 -23.4413 61.861 -0.361262 -0.180083 0.914909
25.1723 -24.1865 61.7896 -0.36231 -0.180061 0.9145
25.373 -24.9487 61.719 -0.36313 -0.179854 0.914215
25.5632 -25.8224 61.6232 -0.365697 -0.179128 0.913334
25.6719 -26.6023 61.5141 -0.366628 -0.179242 0.912938
25.7972 -27.4277 61.4025 -0.368655 -0.178369 0.912293
25.9224 -28.2589 61.2903 -0.368706 -0.178886 0.912171
26.0553 -29.234 61.1539 -0.370264 -0.178019 0.911709
26.1807 -30.2208 61.012 -0.37127 -0.177675 0.911367
26.2297 -31.1591 60.8498 -0.372579 -0.176897 0.910984
26.1846 -31.9122 60.6849 -0.373663 -0.176076 0.910699
26.1547 -32.6459 60.5315 -0.374501 -0.175521 0.910462
26.1833 -33.7183 60.3361 -0.374806 -0.175731 0.910296
26.2198 -34.5388 60.1933 -0.375802 -0.17453 0.910117
26.2318 -35.2883 60.0544 -0.375785 -0.174103 0.910206
26.1946 -36.2321 59.8592 -0.376051 -0.172898 0.910325
26.1117 -37.0168 59.676 -0.376766 -0.172524 0.910101
25.9859 -37.9107 59.4548 -0.376758 -0.171764 0.910247
25.5536 -38.6069 59.1449 -0.376895 -0.171207 0.910296
24.8427 -38.4139 58.8875 -0.376214 -0.17209 0.910411
23.745 -37.9879 58.5139 -0.376814 -0.172024 0.910175
23.011 -37.7046 58.2647 -0.376434 -0.174125 0.909933
22.0942 -37.2771 57.9681 -0.375246 -0.174626 0.910327
21.5287 -36.6879 57.8486 -0.375055 -0.175608 0.910217
21.6188 -35.7427 58.0683 -0.374115 -0.176726 0.910388
21.6582 -34.9345 58.2413 -0.373772 -0.177099 0.910456
21.6807 -33.9462 58.4435 -0.372416 -0.178925 0.910654
21.7068 -33.0895 58.6232 -0.371814 -0.180095 0.91067
21.8005 -32.1679 58.8439 -0.370726 -0.180344 0.911064
21.7513 -31.3687 58.9832 -0.369774 -0.181989 0.911124
21.6547 -30.3641 59.1456 -0.36926 -0.183198 0.91109
21.6172 -29.4981 59.3061 -0.366313 -0.184932 0.911929
21.5344 -28.6942 59.436 -0.366262 -0.185428 0.911849
21.3404 -27.6191 59.5774 -0.363941 -0.185459 0.912771
21.1441 -26.7363 59.6797 -0.360992 -0.187905 0.913442
20.905 -25.617 59.8146 -0.359686 -0.187825 0.913973
20.7098 -24.6539 59.9364 -0.358242 -0.187896 0.914526
20.5216 -23.8838 60.0222 -0.355197 -0.18848 0.915593
20.2972 -23.0118 60.1162 -0.353388 -0.191224 0.915724
20.0563 -22.1396 60.2048 -0.34835 -0.19072 0.917757
19.7341 -21.289 60.2591 -0.348503 -0.190381 0.917769
19.4147 -20.594 60.2817 -0.348154 -0.18905 0.918177
18.9512 -19.627 60.3058 -0.345632 -0.190343 0.918861
18.5453 -18.8041 60.3253 -0.342904 -0.197616 0.918349
18.2507 -18.0997 60.3658 -0.339808 -0.195166 0.920021
17.8566 -17.2116 60.4065 -0.338459 -0.191343 0.921322
17.4137 -16.3129 60.4331 -0.333268 -0.192368 0.922999
16.9253 -15.4685 60.4332 -0.33165 -0.193902 0.923261
16.4374 -14.7026 60.4205 -0.330217 -0.1966 0.923204
15.9404 -13.9691 60.4006 -0.323798 -0.193878 0.926049
15.5214 -13.3474 60.3845 -0.323408 -0.194611 0.926031
15.0282 -12.6163 60.3686 -0.318347 -0.195993 0.927492
14.4682 -11.8741 60.3326 -0.312861 -0.193534 0.929872
13.823 -11.0793 60.2807 -0.306589 -0.190614 0.932561
13.2586 -10.4531 60.2228 -0.298669 -0.189064 0.935442
12.6576 -9.83618 60.153 -0.299574 -0.179086 0.937086
12.0933 -9.29839 60.0806 -0.282467 -0.181954 0.941862
11.562 -8.7301 60.0187 -0.282149 -0.164806 0.945091
10.9138 -8.06759 59.9446 -0.27741 -0.163369 0.946758
10.1662 -7.33827 59.853 -0.268801 -0.162987 0.949305
9.46912 -6.73893 59.7598 -0.259223 -0.164832 0.951604
8.52737 -5.9172 59.6432 -0.244566 -0.139685 0.959518
7.79605 -5.41176 59.5496 -0.22784 -0.154585 0.961259
7.04054 -4.94546 59.4478 -0.222697 -0.152159 0.96294
6.16993 -4.43173 59.3407 -0.200196 -0.162242 0.966229
5.36501 -3.98731 59.2491 -0.201622 -0.165034 0.965344
4.43273 -3.5318 59.1328 -0.192722 -0.18403 0.963832
3.7293 -3.22405 59.0534 -0.191093 -0.188085 0.963383
2.82625 -2.80981 58.9502 -0.196991 -0.178189 0.964076
2.11006 -2.45713 58.8485 -0.228483 -0.170754 0.958456
1.1342 -1.97634 58.7005 -0.227093 -0.165905 0.959638
0.429914 -1.68823 58.583 -0.260328 -0.21486 0.941264
-0.435036 -1.36759 58.4158 -0.265413 -0.191842 0.944797
-1.26406 -1.09604 58.2275 -0.288734 -0.218908 0.932042
-2.00055 -0.846559 58.0553 -0.292361 -0.220883 0.930449
-2.96796 -0.507313 57.8152 -0.308211 -0.211424 0.927517
-3.87686 -0.234004 57.5661 -0.316091 -0.19883 0.92766
-4.77548 -0.0798078 57.2764 -0.327471 -0.175501 0.928337
-5.74554 0.0952975 56.9441 -0.365352 -0.174502 0.914367
-6.57478 0.28641 56.6476 -0.36853 -0.175307 0.912937
-7.40657 0.446797 56.3437 -0.370489 -0.178469 0.911516
-8.12269 0.52712 56.0648 -0.376633 -0.178729 0.908953
-8.98048 0.570843 55.709 -0.387969 -0.18067 0.903791
-9.9552 0.58722 55.2948 -0.390274 -0.199298 0.89887
-10.676 0.613106 54.9881 -0.388362 -0.199957 0.899551
-11.5123 0.65132 54.6318 -0.389986 -0.208173 0.896981
-12.2675 0.65933 54.3021 -0.397297 -0.215635 0.891994
-12.9547 0.630577 53.9903 -0.400262 -0.219341 0.889745
-13.8567 0.537186 53.5613 -0.395712 -0.228301 0.889545
-14.7275 0.403598 53.134 -0.39652 -0.241696 0.885623
-15.7076 0.274154 52.6599 -0.388569 -0.248131 0.887381
-16.4983 0.158068 52.2772 -0.394836 -0.255726 0.882419
-17.2379 0.0299295 51.9119 -0.386864 -0.267282 0.88255
-18.1571 -0.11827 51.4667 -0.380507 -0.272694 0.883655
-18.9826 -0.323171 51.0503 -0.373832 -0.289515 0.881145
-19.7113 -0.590287 50.652 -0.373459 -0.29302 0.880152
-20.3892 -0.878942 50.2711 -0.365041 -0.302596 0.880434
-21.131 -1.16127 49.864 -0.359639 -0.309715 0.880187
-21.866 -1.44469 49.4616 -0.355753 -0.312704 0.880694
-22.4844 -1.70257 49.1199 -0.353874 -0.319162 0.879152
-23.2643 -2.06134 48.6795 -0.347984 -0.327296 0.878513
-23.8821 -2.39135 48.3125 -0.340923 -0.331284 0.87978
-24.6418 -2.82289 47.8528 -0.343123 -0.330269 0.879311
-25.2777 -3.17051 47.4777 -0.338801 -0.333097 0.879917
-25.9799 -3.55663 47.0634 -0.331553 -0.33871 0.880538
-26.7184 -4.04658 46.5956 -0.331529 -0.341539 0.879454
-27.253 -4.48383 46.2249 -0.330656 -0.342377 0.879457
-27.7942 -4.97549 45.83 -0.330737 -0.342369 0.87943
-28.5059 -5.5384 45.3432 -0.330294 -0.342689 0.879471
-29.113 -6.06893 44.9094 -0.325782 -0.34468 0.880376
-29.6938 -6.59235 44.4891 -0.32696 -0.343664 0.880335
-30.2038 -7.10572 44.1011 -0.325687 -0.341256 0.881744
-30.6949 -7.65302 43.7079 -0.326313 -0.340372 0.881853
-31.2488 -8.31101 43.2509 -0.325895 -0.337221 0.883218
-31.6996 -8.84961 42.8788 -0.326113 -0.33695 0.883241
-32.1493 -9.37882 42.5118 -0.326969 -0.331362 0.885037
-32.6321 -9.98003 42.1085 -0.326291 -0.330228 0.88571
-33.0708 -10.6091 41.7128 -0.327249 -0.329377 0.885674
-33.6268 -11.4879 41.1844 -0.326285 -0.326201 0.887204
-33.9846 -12.0776 40.838 -0.328177 -0.322458 0.887874
-34.3507 -12.6753 40.4863 -0.327936 -0.320208 0.888777
-34.8304 -13.2027 40.1198 -0.32789 -0.318944 0.889248
-36.0118 -13.0606 39.7339 -0.328939 -0.319038 0.888827
-36.7142 -12.822 39.5605 -0.329477 -0.320276 0.888183
-37.4904 -12.5615 39.3665 -0.328775 -0.321327 0.888062
-38.1887 -12.3294 39.1912 -0.33056 -0.322445 0.886995
-39.0404 -11.8574 39.0456 -0.330269 -0.322582 0.887052
-38.9279 -10.7909 39.4782 -0.329872 -0.326242 0.885861
-38.603 -10.1369 39.8406 -0.329046 -0.329325 0.885028
-38.1358 -9.32153 40.3196 -0.328451 -0.3344 0.883341
-37.7693 -8.72339 40.6836 -0.327791 -0.336261 0.882883
-37.2972 -7.9479 41.1564 -0.326585 -0.340284 0.881787
-36.8542 -7.25907 41.5879 -0.326251 -0.344366 0.880325
-36.4011 -6.62164 42.0047 -0.325711 -0.347008 0.879482
-35.9607 -6.05964 42.3905 -0.323518 -0.348957 0.879526
-35.4597 -5.47018 42.8098 -0.320947 -0.352772 0.878945
-34.9662 -4.8326 43.247 -0.321797 -0.35434 0.878004
-34.5226 -4.26178 43.6405 -0.321267 -0.35724 0.877022
-33.9486 -3.64422 44.1012 -0.319847 -0.356394 0.877885
-33.4629 -3.1827 44.4669 -0.317626 -0.361704 0.876518
-32.9089 -2.685 44.8731 -0.316962 -0.361075 0.877017
-32.314 -2.12299 45.3191 -0.313808 -0.365383 0.876367
-31.7919 -1.67077 45.6937 -0.313163 -0.365575 0.876518
-31.2284 -1.23081 46.0786 -0.310489 -0.366319 0.877159
-30.6998 -0.829587 46.433 -0.309124 -0.368308 0.876804
-30.0206 -0.279238 46.9006 -0.30285 -0.368847 0.878768
-29.1515 0.367852 47.4705 -0.305356 -0.362859 0.880392
-28.5675 0.73998 47.8252 -0.300879 -0.362348 0.882143
-27.9397 1.12883 48.1994 -0.301185 -0.362843 0.881835
-27.2199 1.56835 48.6257 -0.301684 -0.361569 0.882187
-26.5465 1.95301 49.0105 -0.295292 -0.360685 0.884696
-25.8734 2.21694 49.3481 -0.305752 -0.352355 0.884512
-25.1807 2.51525 49.7063 -0.305712 -0.352172 0.884599
-24.5245 2.79868 50.0406 -0.297638 -0.350929 0.88784
-23.6829 3.19768 50.4769 -0.29403 -0.348382 0.890043
-22.9871 3.50792 50.8252 -0.295229 -0.33692 0.894012
-22.2752 3.76583 51.1616 -0.308575 -0.327492 0.893037
-21.5597 4.00725 51.4941 -0.306632 -0.322992 0.895348
-20.6828 4.25392 51.8807 -0.316401 -0.294353 0.901802
-19.7766 4.44185 52.2641 -0.32087 -0.285432 0.903027
-19.0491 4.58316 52.5605 -0.315877 -0.277105 0.907433
-18.2666 4.66899 52.8689 -0.324093 -0.271313 0.906285
-17.3854 4.84086 53.2392 -0.334533 -0.245629 0.90981
-16.3808 5.06269 53.6673 -0.336061 -0.218339 0.916183
-15.6123 5.17146 53.978 -0.343013 -0.212125 0.915057
-14.7645 5.29285 54.3176 -0.337283 -0.194547 0.921081
-13.8443 5.35379 54.6693 -0.34775 -0.184921 0.919138
-12.8053 5.49094 55.0845 -0.338197 -0.160222 0.927303
-12.0113 5.50496 55.3767 -0.340011 -0.148646 0.928599
-10.9342 5.53098 55.7704 -0.337184 -0.128858 0.932527
-9.90109 5.53776 56.1426 -0.336125 -0.108722 0.935432
-8.98328 5.49223 56.4557 -0.325172 -0.102093 0.940128
-8.08633 5.39473 56.754 -0.335128 -0.0472719 0.940986
-7.23892 5.33586 57.0517 -0.328951 -0.0538058 0.942783
-6.33402 5.28199 57.3405 -0.292504 -0.057879 0.954511
-5.58419 5.22854 57.5713 -0.276911 -0.00741518 0.960552
-4.84205 5.19783 57.7749 -0.264072 0.013213 0.964412
-4.10274 5.20368 57.9867 -0.278498 0.0139895 0.960335
-2.97289 5.3552 58.2756 -0.241534 0.0903356 0.966178
-2.21952 5.52463 58.4317 -0.164494 0.117896 0.979307
-1.37616 5.71039 58.5413 -0.121651 0.164279 0.978884
-0.443074 5.8605 58.6156 -0.0764578 0.203529 0.976079
0.479649 6.01266 58.6751 -0.114075 0.198735 0.973392
1.45727 6.10518 58.73 -0.0341602 0.212684 0.976524
2.53286 6.06678 58.7537 0.0188884 0.26603 0.96378
3.54648 5.98238 58.7638 0.00611876 0.301891 0.953323
4.34503 5.90242 58.7702 0.050213 0.307014 0.950367
5.31567 5.83847 58.7268 0.0731121 0.312644 0.947052
6.34358 5.79252 58.6456 0.11264 0.345192 0.931748
7.16181 5.72727 58.5818 0.0947897 0.352253 0.931092
7.21498 4.80192 58.9383 0.0581475 0.357641 0.931506
7.28838 3.92173 59.227 0.0197452 0.30228 0.953013
7.42677 2.88514 59.5101 -0.0227851 0.229132 0.973012
7.52201 2.36454 59.6387 -0.0344691 0.179766 0.983105
8.74052 2.59643 59.6302 -0.0458556 0.261363 0.964151
8.58858 3.35004 59.4112 -0.0162968 0.302727 0.952938
8.48407 4.16444 59.1219 0.0188141 0.365426 0.93065
8.4847 4.98133 58.7667 0.0611442 0.409882 0.90972
8.62523 5.80168 58.3945 0.108609 0.431911 0.894537
8.92941 6.47852 57.9985 0.136866 0.450263 0.882335
8.3364 6.98182 57.8361 0.155542 0.43434 0.886934
7.373 6.98294 58.0074 0.139089 0.412988 0.900053
6.51748 6.9836 58.1332 0.128607 0.391854 0.910994
5.49486 6.99821 58.2651 0.119459 0.382977 0.916001
4.69026 7.05093 58.3367 0.0730527 0.342108 0.936753
3.91548 7.14364 58.3687 0.0786325 0.333218 0.939565
3.11409 7.24576 58.3751 0.0419543 0.329668 0.943163
2.19473 7.30476 58.3867 0.0181994 0.311721 0.949999
1.31705 7.33118 58.396 0.00365185 0.301901 0.953047
0.122635 7.26019 58.3479 -0.060081 0.232979 0.970624
-1.00888 7.04063 58.3069 -0.0843031 0.234249 0.968515
-1.84398 6.8738 58.2682 -0.122977 0.182522 0.975264
-2.71893 6.72152 58.1781 -0.151835 0.158479 0.97534
-3.51312 6.57949 58.058 -0.162833 0.139011 0.976622
-4.64846 6.49267 57.7911 -0.253143 0.0436964 0.966442
-5.45961 6.52123 57.5974 -0.245441 0.023799 0.968789
-6.42261 6.5832 57.3412 -0.259165 0.00940316 0.965782
-7.2354 6.60749 57.0903 -0.304416 -0.0157114 0.95241
-8.34847 6.72549 56.7601 -0.294969 -0.0464157 0.954379
-9.18335 6.7775 56.4999 -0.303399 -0.0464857 0.951729
-9.96632 6.79098 56.2469 -0.315745 -0.080677 0.945296
-11.0847 6.80795 55.8724 -0.315882 -0.110889 0.942296
-12.0621 6.78806 55.5433 -0.307975 -0.131069 0.942323
-12.9344 6.7534 55.2448 -0.317434 -0.151445 0.936109
-13.6893 6.68252 54.9735 -0.325238 -0.154135 0.932986
-14.4801 6.59055 54.6828 -0.323454 -0.184689 0.928045
-15.3525 6.49732 54.3634 -0.31762 -0.184423 0.93011
-16.2651 6.40211 54.0262 -0.316289 -0.211343 0.924807
-17.2227 6.22552 53.6595 -0.314414 -0.234155 0.919954
-17.9394 6.0229 53.3674 -0.292437 -0.248833 0.923316
-18.9026 5.87484 53.0027 -0.306602 -0.275205 0.911185
-19.6988 5.76806 52.7073 -0.299046 -0.288465 0.909593
-20.4035 5.60796 52.4265 -0.297103 -0.292027 0.909083
-21.2826 5.41227 52.0773 -0.288232 -0.31437 0.904484
-21.9587 5.20171 51.783 -0.294338 -0.322167 0.899763
-22.6315 4.94572 51.4792 -0.282933 -0.337932 0.897636
-23.4698 4.66842 51.1134 -0.276752 -0.344444 0.897088
-24.4187 4.26004 50.6533 -0.285178 -0.352529 0.89129
-25.2926 3.84888 50.2071 -0.29009 -0.358292 0.887396
-26.0081 3.56628 49.8577 -0.286713 -0.363782 0.886232
-26.9651 3.09354 49.3468 -0.293568 -0.367464 0.882485
-27.7233 2.70003 48.9265 -0.297729 -0.370377 0.879872
-28.3505 2.33598 48.5647 -0.292669 -0.370189 0.881648
-29.0981 1.88766 48.1274 -0.291412 -0.376039 0.879583
-29.886 1.42472 47.6663 -0.297045 -0.375754 0.877816
-30.4959 0.996981 47.2751 -0.299703 -0.374371 0.877511
-31.1408 0.482409 46.8328 -0.30384 -0.373593 0.876419
-31.6862 -0.00268927 46.4361 -0.308489 -0.374032 0.874605
-32.3451 -0.530493 45.9778 -0.309272 -0.374271 0.874226
-32.8864 -0.946237 45.6087 -0.309663 -0.372884 0.874681
-33.4248 -1.39443 45.225 -0.313333 -0.371214 0.874084
-34.0497 -1.98131 44.7532 -0.31349 -0.366891 0.875851
-34.6002 -2.51791 44.3299 -0.315439 -0.368214 0.874595
-35.1427 -3.0393 43.9166 -0.318917 -0.361715 0.876045
-35.6831 -3.64952 43.467 -0.3228 -0.360391 0.875162
-36.101 -4.19924 43.0886 -0.323164 -0.357509 0.876215
-36.8501 -5.12229 42.4367 -0.325119 -0.351827 0.87779
-37.5109 -5.95639 41.857 -0.327361 -0.348901 0.878125
-38.1041 -6.85282 41.2823 -0.329001 -0.344549 0.879228
-38.6319 -7.72276 40.746 -0.330159 -0.338794 0.88103
-39.0073 -8.3541 40.3628 -0.33151 -0.334599 0.882125
-39.4222 -9.09349 39.926 -0.332332 -0.333043 0.882401
-39.8199 -9.7967 39.5133 -0.330913 -0.329186 0.884381
-40.19 -10.475 39.1242 -0.330783 -0.327489 0.88506
-40.5086 -11.1614 38.7529 -0.333207 -0.323615 0.885577
-40.7192 -12.1827 38.3025 -0.332827 -0.320776 0.886752
-40.1964 -12.6244 38.3376 -0.330514 -0.321457 0.88737
-39.3304 -13.0456 38.5085 -0.32914 -0.319395 0.888624
-38.5575 -13.4001 38.6684 -0.329649 -0.317901 0.888971
-37.7908 -13.6679 38.857 -0.329678 -0.316467 0.889472
-37.0104 -13.9351 39.0513 -0.329865 -0.317001 0.889213
-36.2755 -14.21 39.2258 -0.329859 -0.317084 0.889185
-35.3572 -14.5164 39.4567 -0.329236 -0.316068 0.889778
-34.3264 -14.7155 39.767 -0.329318 -0.314559 0.890281
-33.8397 -14.2701 40.1047 -0.328607 -0.316263 0.889941
-33.4664 -13.6209 40.4736 -0.328714 -0.316699 0.889746
-33.0586 -13.004 40.8446 -0.328051 -0.320786 0.888526
-32.6734 -12.3649 41.2171 -0.326853 -0.3208 0.888963
-32.1855 -11.5261 41.7015 -0.32857 -0.322924 0.88756
-31.7453 -10.905 42.0923 -0.326761 -0.32767 0.886487
-31.215 -10.2635 42.5266 -0.328082 -0.330138 0.885083
-30.735 -9.68138 42.9212 -0.326399 -0.33249 0.884825
-30.1692 -8.96455 43.4006 -0.326352 -0.33564 0.883652
-29.7186 -8.42088 43.7745 -0.327336 -0.337481 0.882586
-29.0465 -7.70629 44.2987 -0.328218 -0.340068 0.881264
-28.5498 -7.23553 44.6657 -0.331872 -0.340094 0.879885
-27.8915 -6.70394 45.1205 -0.331911 -0.341525 0.879316
-27.3533 -6.24129 45.5039 -0.33266 -0.340365 0.879482
-26.659 -5.65529 45.9947 -0.335497 -0.340528 0.878341
-26.1026 -5.19861 46.3842 -0.336336 -0.340503 0.878029
-25.5005 -4.78578 46.775 -0.336292 -0.338737 0.878727
-24.8518 -4.3733 47.1851 -0.344082 -0.332706 0.878017
-24.1454 -3.99014 47.6067 -0.349139 -0.331187 0.876575
-23.3662 -3.57534 48.0761 -0.351963 -0.32683 0.8771
-22.5955 -3.15341 48.5462 -0.361257 -0.320778 0.875554
-21.9334 -2.82931 48.9394 -0.367069 -0.315471 0.875065
-21.3136 -2.56125 49.2939 -0.363721 -0.313539 0.877155
-20.4474 -2.23434 49.7769 -0.372133 -0.304757 0.876721
-19.8097 -1.99717 50.1347 -0.378929 -0.296562 0.876621
-19.0168 -1.71194 50.5797 -0.389152 -0.290861 0.874035
-18.3436 -1.49219 50.9485 -0.390298 -0.286605 0.874931
-17.5583 -1.29849 51.3594 -0.395069 -0.27746 0.875727
-16.6881 -1.12891 51.8062 -0.394171 -0.268055 0.879077
-15.7885 -1.00112 52.2536 -0.401726 -0.257656 0.87875
-15.1024 -0.912828 52.5978 -0.409615 -0.254831 0.875944
-14.2402 -0.802184 53.0269 -0.40402 -0.245134 0.881273
-13.4807 -0.686792 53.4092 -0.409039 -0.234926 0.881758
-12.6472 -0.596979 53.8167 -0.406172 -0.23023 0.884318
-11.8418 -0.567211 54.1906 -0.398858 -0.223067 0.889467
-11.0736 -0.600557 54.5278 -0.3963 -0.219327 0.891523
-10.3711 -0.653952 54.8271 -0.398238 -0.213395 0.892115
-9.51579 -0.696606 55.1959 -0.393097 -0.206829 0.895923
-8.80128 -0.72099 55.5036 -0.388896 -0.213065 0.896294
-7.88117 -0.770902 55.8777 -0.379004 -0.208139 0.901683
-6.7841 -0.952585 56.2967 -0.376127 -0.20993 0.902462
-5.78978 -1.15515 56.652 -0.358609 -0.215639 0.90824
-4.76659 -1.34116 56.9982 -0.334938 -0.215213 0.917333
-3.99126 -1.4981 57.2401 -0.32348 -0.215945 0.921264
-3.26287 -1.70256 57.4485 -0.318007 -0.214203 0.923535
-2.53751 -1.93985 57.6266 -0.296055 -0.21298 0.931124
-1.57485 -2.30188 57.8471 -0.290297 -0.213177 0.93289
-0.718561 -2.60053 58.042 -0.278322 -0.222283 0.934402
0.234454 -2.92204 58.2446 -0.271606 -0.218606 0.93724
1.01833 -3.26172 58.3877 -0.260878 -0.209175 0.942415
1.75027 -3.61872 58.5101 -0.259231 -0.218947 0.940658
2.65965 -4.06439 58.64 -0.239678 -0.21927 0.945758
3.34308 -4.38987 58.7284 -0.217038 -0.201771 0.955083
4.02067 -4.70855 58.8135 -0.213838 -0.203475 0.955443
4.82113 -5.11045 58.915 -0.227272 -0.197033 0.95369
5.68488 -5.60921 59.0174 -0.219803 -0.185163 0.957811
6.40858 -6.04155 59.1044 -0.230995 -0.179834 0.956191
7.29284 -6.6065 59.2172 -0.246848 -0.175612 0.953009
7.92198 -7.06441 59.2966 -0.250964 -0.169044 0.953065
8.86169 -7.84911 59.4012 -0.25806 -0.182721 0.948663
9.5299 -8.42857 59.476 -0.274973 -0.177696 0.944888
10.215 -9.10259 59.5481 -0.274731 -0.179075 0.944698
10.8573 -9.76934 59.6063 -0.289958 -0.195087 0.936945
11.4139 -10.3071 59.6649 -0.288014 -0.199668 0.936579
11.9755 -10.8535 59.7285 -0.296392 -0.198202 0.934268
12.5194 -11.4192 59.7827 -0.304718 -0.197266 0.93179
13.103 -12.0652 59.836 -0.307075 -0.20108 0.9302
13.7645 -12.8889 59.8802 -0.313494 -0.200334 0.928212
14.1979 -13.5181 59.8929 -0.316609 -0.198609 0.927531
14.6389 -14.1959 59.8992 -0.320622 -0.1974 0.926409
15.1941 -15.0045 59.9187 -0.323607 -0.198117 0.925215
15.7261 -15.8126 59.9342 -0.326733 -0.194405 0.924903
16.1826 -16.5232 59.9471 -0.329024 -0.195325 0.9239
16.6837 -17.5086 59.9163 -0.331964 -0.195791 0.922742
17.1165 -18.4439 59.8766 -0.335404 -0.194054 0.921872
17.4372 -19.176 59.8396 -0.335594 -0.192595 0.922108
17.8593 -20.0702 59.808 -0.338772 -0.192369 0.920991
18.2254 -20.8463 59.781 -0.341731 -0.190598 0.920268
18.5559 -21.6004 59.7486 -0.344336 -0.18925 0.919574
19.0052 -22.7239 59.6831 -0.346795 -0.19262 0.917949
19.2939 -23.8738 59.5511 -0.349056 -0.192491 0.917119
19.5724 -24.8776 59.448 -0.354887 -0.191565 0.915073
19.7398 -25.8098 59.3184 -0.355448 -0.190294 0.91512
19.8831 -26.6485 59.1999 -0.360573 -0.19003 0.913168
20.0633 -27.4258 59.1101 -0.361839 -0.18876 0.91293
20.2907 -28.3929 58.9999 -0.362171 -0.189078 0.912733
20.4155 -29.5282 58.8168 -0.365625 -0.186647 0.911856
20.4835 -30.2794 58.69 -0.367312 -0.185617 0.911387
20.5314 -31.4454 58.4732 -0.368005 -0.184337 0.911368
20.5306 -32.4967 58.2623 -0.370489 -0.181981 0.910835
20.5173 -33.2701 58.102 -0.371281 -0.181234 0.910661
20.5117 -34.3518 57.8853 -0.37282 -0.179926 0.910292
20.4483 -35.1481 57.7028 -0.373584 -0.178294 0.910299
20.3306 -36.1837 57.4532 -0.374188 -0.176748 0.910354
20.2298 -36.9458 57.2639 -0.374765 -0.175715 0.910316
20.4121 -37.6759 57.1987 -0.375053 -0.17423 0.910483
21.2405 -38.2199 57.4362 -0.374967 -0.173536 0.910651
22.0113 -38.5428 57.6924 -0.37609 -0.172566 0.910372
22.6778 -38.8328 57.9127 -0.37615 -0.172231 0.910411
23.4527 -39.1678 58.1699 -0.376641 -0.172012 0.910249
24.4122 -39.5506 58.4951 -0.376685 -0.171673 0.910295
25.5015 -39.944 58.8724 -0.376955 -0.170788 0.91035
26.2745 -40.1597 59.1525 -0.377358 -0.169927 0.910344
26.8378 -39.8677 59.4407 -0.37761 -0.170189 0.91019
27.0321 -39.109 59.6634 -0.377767 -0.170582 0.910052
27.1259 -38.3366 59.8471 -0.37775 -0.170607 0.910054
27.2415 -37.4463 60.0627 -0.377592 -0.17172 0.90991
27.3214 -36.6704 60.2423 -0.376927 -0.171942 0.910144
27.3804 -35.918 60.4094 -0.376612 -0.173132 0.910049
27.4017 -34.9296 60.6065 -0.376301 -0.17417 0.909979
27.3931 -34.1629 60.7498 -0.375834 -0.174731 0.910065
27.3675 -33.3643 60.8928 -0.375478 -0.17507 0.910146
27.3714 -32.377 61.0833 -0.374823 -0.174623 0.910502
27.4276 -31.1902 61.3342 -0.374597 -0.174725 0.910576
27.3905 -30.452 61.4615 -0.373589 -0.175628 0.910816
27.3045 -29.4773 61.6148 -0.370691 -0.176637 0.911804
27.1533 -28.4617 61.7496 -0.36992 -0.176502 0.912143
27.0459 -27.7006 61.8538 -0.369173 -0.176739 0.912401
26.9103 -26.8956 61.9549 -0.368377 -0.177251 0.912622
26.7275 -25.7493 62.1041 -0.366357 -0.177897 0.91331
26.5557 -24.7176 62.2357 -0.364873 -0.176728 0.91413
26.369 -23.9942 62.3017 -0.3624 -0.177713 0.914923
26.1462 -23.2249 62.3635 -0.361337 -0.177826 0.915321
25.9295 -22.3149 62.4542 -0.360318 -0.177649 0.915757
25.6946 -21.4986 62.52 -0.356147 -0.176674 0.917576
25.373 -20.5372 62.5795 -0.354544 -0.176838 0.918162
25.0645 -19.738 62.6157 -0.352551 -0.175532 0.919183
24.6505 -18.8058 62.638 -0.349551 -0.179246 0.919611
24.3162 -18.1099 62.6471 -0.345255 -0.180503 0.920984
23.97 -17.1189 62.7109 -0.343387 -0.17968 0.921846
23.6014 -16.2815 62.7371 -0.343458 -0.179939 0.921769
23.2865 -15.5845 62.7553 -0.34352 -0.17914 0.921902
22.9206 -14.6621 62.8019 -0.34006 -0.181877 0.922648
22.5513 -13.9545 62.805 -0.338189 -0.180239 0.923657
22.1061 -13.1958 62.7897 -0.337796 -0.178681 0.924103
21.693 -12.5349 62.7674 -0.335704 -0.180626 0.924487
21.2842 -11.9034 62.7418 -0.335418 -0.179264 0.924856
20.8804 -11.2621 62.7198 -0.335245 -0.177702 0.925219
20.3854 -10.4613 62.6912 -0.337604 -0.174413 0.924988
19.8779 -9.72218 62.6436 -0.337709 -0.171338 0.925525
19.3641 -9.03873 62.5812 -0.338037 -0.164491 0.926646
18.7743 -8.24164 62.5076 -0.338387 -0.159635 0.927355
18.3136 -7.60933 62.4457 -0.337381 -0.155337 0.928464
17.7517 -6.88613 62.3551 -0.339105 -0.139959 0.930279
17.082 -6.13094 62.2212 -0.334974 -0.128085 0.933481
16.4571 -5.41136 62.0854 -0.343708 -0.110166 0.932592
15.9124 -4.81002 61.964 -0.334272 -0.0996474 0.937099
15.1446 -3.98949 61.761 -0.341182 -0.084958 0.93615
14.307 -3.23077 61.5184 -0.316491 -0.0373555 0.94786
13.5555 -2.54256 61.3004 -0.309171 -0.0211245 0.95051
12.8361 -1.95031 61.0731 -0.289052 -0.00825568 0.957278
12.0221 -1.29076 60.8204 -0.264518 0.0293352 0.963934
11.1355 -0.567846 60.5483 -0.216656 0.0655017 0.97396
10.5419 -0.0265007 60.3694 -0.195818 0.0756506 0.97733
9.94867 0.572078 60.1961 -0.164439 0.149975 0.974796
9.42753 1.19423 60.0176 -0.132712 0.196291 0.971523
8.99267 1.90383 59.8217 -0.078745 0.188858 0.978838
8.82218 2.34679 59.7018 -0.0458598 0.261362 0.964151
9.97882 2.80788 59.6603 -0.0874111 0.324734 0.941748
10.3587 1.99923 59.9651 -0.119971 0.248157 0.960406
10.9555 1.34826 60.2344 -0.204183 0.201547 0.957744
11.7084 0.657152 60.5429 -0.23935 0.207051 0.9486
12.2814 0.22316 60.7587 -0.31101 0.118859 0.942945
12.8431 -0.262964 60.9913 -0.307683 0.0831512 0.947782
13.454 -0.791838 61.2457 -0.313806 0.0540485 0.947344
14.2447 -1.43429 61.539 -0.345827 0.0227636 0.938022
14.7786 -1.95016 61.7301 -0.337322 -0.00986171 0.941338
15.4849 -2.57947 61.9773 -0.357184 -0.0560321 0.932352
16.1251 -3.20407 62.1819 -0.352225 -0.0589627 0.934056
16.7424 -3.89353 62.3555 -0.357527 -0.0868884 0.929852
17.5122 -4.75225 62.555 -0.349542 -0.112777 0.930101
17.9998 -5.3444 62.6673 -0.346369 -0.132862 0.928642
18.8182 -6.28417 62.8396 -0.349142 -0.132076 0.927715
19.4829 -7.17582 62.9479 -0.344858 -0.15269 0.92613
20.2243 -8.20027 63.0459 -0.341249 -0.163622 0.925617
21.0147 -9.21609 63.1532 -0.339391 -0.169886 0.925174
21.6954 -10.302 63.1977 -0.335413 -0.175497 0.92558
22.3802 -11.3832 63.2392 -0.33438 -0.176902 0.925687
22.8656 -12.0956 63.2775 -0.335206 -0.178036 0.92517
23.2521 -12.78 63.2856 -0.333096 -0.177163 0.926099
23.6833 -13.5602 63.2924 -0.333352 -0.176139 0.926203
24.1157 -14.3789 63.2926 -0.335636 -0.178159 0.924991
24.4138 -15.1038 63.2632 -0.337439 -0.174856 0.924965
24.7329 -15.8481 63.2384 -0.339135 -0.176035 0.924121
25.0762 -16.5964 63.2218 -0.33955 -0.176383 0.923902
25.4103 -17.4136 63.1915 -0.343305 -0.17621 0.92254
25.7895 -18.3067 63.1638 -0.349703 -0.173165 0.920718
26.2315 -19.4066 63.1241 -0.35147 -0.172968 0.920079
26.5035 -20.1292 63.0939 -0.353463 -0.172819 0.919345
26.8134 -21.0938 63.0325 -0.356758 -0.171395 0.91834
27.0943 -22.1347 62.9457 -0.358315 -0.172668 0.917494
27.3256 -23.1206 62.8487 -0.362705 -0.174118 0.915493
27.5714 -23.9881 62.7806 -0.363512 -0.176144 0.914785
27.7905 -24.8907 62.6955 -0.365636 -0.174919 0.914174
27.9138 -25.9725 62.5374 -0.366178 -0.175497 0.913846
28.1555 -27.0855 62.4213 -0.369018 -0.174879 0.912821
28.2991 -28.0416 62.2961 -0.370377 -0.17561 0.912131
28.461 -29.1102 62.157 -0.372103 -0.174373 0.911665
28.5619 -29.9931 62.0292 -0.372735 -0.174028 0.911473
28.5909 -30.7754 61.8918 -0.373951 -0.174081 0.910965
28.5726 -31.943 61.6613 -0.37524 -0.17353 0.910539
28.5885 -32.9473 61.4762 -0.375699 -0.173809 0.910297
28.5756 -33.705 61.3264 -0.375943 -0.173491 0.910257
28.5787 -34.7099 61.1356 -0.37707 -0.173118 0.909862
28.5651 -35.5073 60.9783 -0.377675 -0.172462 0.909735
28.5144 -36.315 60.8041 -0.377653 -0.172372 0.909761
28.4483 -37.178 60.6139 -0.377656 -0.17146 0.909933
28.3564 -38.0132 60.4188 -0.37812 -0.170752 0.909873
28.2132 -39.138 60.1487 -0.378187 -0.170212 0.909946
28.1012 -39.9334 59.9538 -0.378379 -0.169722 0.909958
27.8764 -40.9564 59.6697 -0.378431 -0.169413 0.909994
27.5956 -41.7215 59.4105 -0.378454 -0.168939 0.910072
26.9087 -41.8483 59.1014 -0.378061 -0.169197 0.910188
26.1732 -41.4809 58.8645 -0.377844 -0.169351 0.910249
25.3521 -41.205 58.575 -0.377861 -0.170017 0.910118
24.5042 -40.9083 58.2784 -0.377532 -0.170282 0.910205
23.8057 -40.6269 58.0416 -0.377172 -0.170543 0.910306
23.0456 -40.296 57.7888 -0.376977 -0.170565 0.910382
22.2958 -39.9539 57.5432 -0.375837 -0.171667 0.910647
21.594 -39.6472 57.3112 -0.376014 -0.171504 0.910604
20.8689 -39.3869 57.0611 -0.375276 -0.172381 0.910743
20.1807 -39.0573 56.8402 -0.375448 -0.172929 0.910568
19.4502 -38.6442 56.6174 -0.375463 -0.172976 0.910553
19.0371 -38.0383 56.5625 -0.374522 -0.17343 0.910854
19.0493 -36.8952 56.788 -0.374608 -0.176377 0.910253
19.1855 -35.9081 57.036 -0.373739 -0.178465 0.910203
19.3435 -34.9346 57.2917 -0.373018 -0.179603 0.910274
19.3587 -33.7517 57.533 -0.371837 -0.181973 0.910286
19.3267 -32.4763 57.7759 -0.370188 -0.183989 0.910553
19.359 -31.6879 57.9498 -0.369222 -0.185067 0.910728
19.3535 -30.6333 58.163 -0.367068 -0.187542 0.911092
19.2492 -29.6817 58.3176 -0.36503 -0.189678 0.911469
19.1286 -28.7911 58.4548 -0.363152 -0.190641 0.912018
18.9347 -27.8507 58.5755 -0.360915 -0.191867 0.912647
18.7307 -27.0179 58.6698 -0.356189 -0.194696 0.913905
18.617 -26.2741 58.7832 -0.354594 -0.194327 0.914599
18.4053 -25.1218 58.9476 -0.352407 -0.194476 0.915417
18.1589 -24.0781 59.0766 -0.348307 -0.196181 0.916622
17.9713 -23.3394 59.1634 -0.343055 -0.194204 0.919018
17.6086 -22.5041 59.205 -0.341321 -0.193987 0.919711
17.2549 -21.6032 59.2644 -0.339748 -0.193425 0.920409
16.9211 -20.7978 59.3106 -0.337186 -0.194972 0.921027
16.5523 -20.0154 59.3421 -0.334103 -0.193857 0.922385
16.0866 -19.0456 59.3792 -0.329854 -0.194555 0.923765
15.6958 -18.2135 59.4167 -0.328061 -0.196059 0.924087
15.2515 -17.331 59.4455 -0.327724 -0.195139 0.924401
14.862 -16.6211 59.4582 -0.327043 -0.195647 0.924535
14.4088 -15.9598 59.4393 -0.326979 -0.198062 0.924044
13.8505 -15.1841 59.4142 -0.31891 -0.200774 0.926275
13.3567 -14.4292 59.4078 -0.315911 -0.20178 0.92708
12.9306 -13.7269 59.4172 -0.313314 -0.203024 0.927694
12.2399 -12.8315 59.3841 -0.30721 -0.205904 0.929099
11.4274 -12.0137 59.3004 -0.300246 -0.208 0.930907
10.6503 -11.2173 59.2307 -0.291001 -0.208931 0.933631
9.91518 -10.4824 59.1688 -0.28529 -0.206314 0.935963
9.17379 -9.76503 59.1015 -0.27687 -0.201918 0.939446
8.30906 -9.00689 59.013 -0.262839 -0.203053 0.943231
7.70597 -8.47721 58.9599 -0.262039 -0.204258 0.943194
6.84933 -7.82535 58.8639 -0.255222 -0.197198 0.946559
6.16278 -7.3682 58.777 -0.246645 -0.202304 0.947755
5.18323 -6.76174 58.6547 -0.235928 -0.202238 0.950494
4.52078 -6.37765 58.5696 -0.240174 -0.214764 0.946675
3.5907 -5.84569 58.456 -0.237208 -0.216424 0.947044
2.798 -5.4538 58.3484 -0.245099 -0.229262 0.942001
1.96911 -5.06867 58.2245 -0.253602 -0.226403 0.940418
1.14653 -4.68127 58.0916 -0.257896 -0.228783 0.938695
0.394634 -4.32122 57.9619 -0.27352 -0.230705 0.933789
-0.348943 -4.01244 57.8153 -0.285111 -0.228314 0.930905
-1.08721 -3.7623 57.6504 -0.285132 -0.228816 0.930776
-1.91903 -3.48401 57.4561 -0.305373 -0.231306 0.923713
-2.99182 -3.0672 57.2114 -0.309232 -0.235967 0.921237
-3.89238 -2.78621 56.9702 -0.338585 -0.234582 0.911203
-4.67907 -2.60187 56.7225 -0.338377 -0.230249 0.912407
-5.48987 -2.46275 56.449 -0.352217 -0.228759 0.907531
-6.34325 -2.34526 56.1388 -0.369138 -0.226558 0.901337
-7.37638 -2.07734 55.7794 -0.373983 -0.22478 0.899784
-8.11401 -2.00175 55.4885 -0.383763 -0.225225 0.895543
-9.03371 -1.97534 55.0998 -0.38914 -0.226646 0.892844
-9.88919 -1.9531 54.7239 -0.398699 -0.225638 0.888891
-10.6568 -1.88128 54.3939 -0.404739 -0.228022 0.885546
-11.3451 -1.80606 54.0984 -0.405919 -0.229563 0.884607
-12.2531 -1.81266 53.6807 -0.409659 -0.233312 0.881877
-13.2047 -1.92604 53.2036 -0.415594 -0.240189 0.877251
-13.9151 -2.02272 52.8394 -0.414631 -0.244816 0.87644
-14.6641 -2.1062 52.4594 -0.413875 -0.25203 0.87475
-15.5809 -2.18888 51.9982 -0.414694 -0.258472 0.87248
-16.3432 -2.3452 51.5931 -0.411151 -0.27059 0.87048
-17.1156 -2.49451 51.1861 -0.40469 -0.276776 0.871549
-18.0472 -2.72967 50.6798 -0.398561 -0.286704 0.87116
-18.9255 -3.02168 50.1803 -0.395207 -0.295491 0.869756
-19.8189 -3.34707 49.6655 -0.385536 -0.304107 0.871129
-20.7607 -3.69387 49.1291 -0.378495 -0.31242 0.87127
-21.6976 -4.09564 48.5777 -0.372368 -0.319629 0.871302
-22.4192 -4.48947 48.1237 -0.361709 -0.324229 0.87409
-23.1253 -4.90339 47.6753 -0.362096 -0.330829 0.871458
-23.7656 -5.22032 47.2949 -0.356129 -0.33692 0.871583
-24.5066 -5.63395 46.8381 -0.347253 -0.335535 0.875689
-25.2828 -6.17627 46.3232 -0.340994 -0.340819 0.876108
-25.9553 -6.70903 45.8562 -0.337479 -0.341053 0.877376
-26.6243 -7.29476 45.3713 -0.335519 -0.341027 0.878139
-27.142 -7.7355 45.004 -0.332746 -0.340089 0.879557
-27.699 -8.15098 44.6327 -0.331805 -0.34016 0.879884
-28.4216 -8.82826 44.1019 -0.33107 -0.3365 0.881567
-29.1374 -9.65755 43.52 -0.327519 -0.334225 0.883754
-29.6479 -10.3834 43.0587 -0.326803 -0.332448 0.884691
-30.3476 -11.2149 42.4927 -0.32594 -0.32663 0.88717
-30.888 -11.8959 42.0458 -0.326738 -0.324773 0.88756
-31.2607 -12.4784 41.6967 -0.327789 -0.320599 0.888691
-31.6748 -13.1878 41.2889 -0.326501 -0.31905 0.889721
-32.0868 -13.7842 40.9247 -0.327912 -0.316529 0.890103
-32.4844 -14.5045 40.5227 -0.329961 -0.313406 0.89045
-32.8179 -15.111 40.186 -0.329577 -0.312096 0.891052
-33.2057 -15.9768 39.74 -0.330284 -0.311012 0.89117
-33.7295 -16.3441 39.4176 -0.330469 -0.310285 0.891355
-34.5525 -16.0648 39.2095 -0.3305 -0.311243 0.891009
-35.4713 -15.7291 38.9867 -0.330315 -0.312048 0.890796
-36.5595 -15.3446 38.7191 -0.329982 -0.313618 0.890368
-37.4138 -15.0193 38.5171 -0.329921 -0.314647 0.890028
-38.4319 -14.6525 38.2693 -0.330575 -0.315147 0.889608
-39.2564 -14.3282 38.0778 -0.330164 -0.315899 0.889494
-40.0845 -13.9638 37.8998 -0.331163 -0.316309 0.888977
-40.9816 -13.5245 37.7216 -0.332507 -0.31738 0.888093
-41.7521 -13.2363 37.5357 -0.332902 -0.31716 0.888024
-42.4134 -12.5302 37.54 -0.334277 -0.318562 0.887004
-42.0087 -11.4412 38.0867 -0.334442 -0.321787 0.885778
-41.718 -10.768 38.441 -0.334196 -0.324063 0.885037
-41.3294 -9.9321 38.8964 -0.334255 -0.326506 0.88412
-40.9017 -9.14821 39.3504 -0.33281 -0.33 0.883367
-40.4344 -8.36378 39.8227 -0.330195 -0.335518 0.882268
-40.0799 -7.70299 40.21 -0.331007 -0.33951 0.880436
-39.604 -6.89111 40.7046 -0.329159 -0.346405 0.878441
-39.2206 -6.26612 41.0946 -0.328821 -0.348137 0.87788
-38.8082 -5.57403 41.5253 -0.327999 -0.349651 0.877588
-38.3468 -4.93155 41.9561 -0.327219 -0.354395 0.875975
-37.8678 -4.34605 42.3721 -0.325667 -0.359747 0.87437
-37.2643 -3.60276 42.9018 -0.324212 -0.36141 0.874221
-36.6259 -2.79814 43.4728 -0.322826 -0.363045 0.874061
-36.1534 -2.24939 43.8775 -0.318464 -0.367046 0.873989
-35.4953 -1.62431 44.3817 -0.316447 -0.37237 0.872469
-34.9861 -1.11259 44.7857 -0.317226 -0.37404 0.871471
-34.5191 -0.642127 45.1544 -0.312969 -0.378344 0.871152
-33.8442 -0.0842734 45.6378 -0.310151 -0.377464 0.872541
-33.1469 0.433645 46.1078 -0.307673 -0.376385 0.873883
-32.5857 0.906509 46.5107 -0.303866 -0.379876 0.873705
-31.8968 1.53967 47.0261 -0.301772 -0.380257 0.874261
-31.1652 2.08818 47.5161 -0.298561 -0.383487 0.873953
-30.572 2.5016 47.8979 -0.296015 -0.383041 0.875017
-29.8946 2.87711 48.2888 -0.288914 -0.38241 0.877662
-28.9765 3.42382 48.8287 -0.286251 -0.383249 0.878169
-28.2395 3.88286 49.2706 -0.284382 -0.385508 0.877787
-27.3953 4.31478 49.7303 -0.279852 -0.382668 0.880482
-26.6431 4.66132 50.1188 -0.276 -0.38126 0.882305
-26.0129 4.94904 50.4389 -0.279156 -0.378116 0.882655
-25.3069 5.26752 50.7895 -0.267761 -0.367678 0.890571
-24.6559 5.58253 51.1121 -0.253976 -0.364173 0.896033
-23.8883 5.85218 51.451 -0.271469 -0.358283 0.893223
-23.0347 6.11502 51.8021 -0.260175 -0.349499 0.900089
-22.3534 6.38301 52.0978 -0.262936 -0.342159 0.902048
-21.6123 6.63249 52.405 -0.265452 -0.325509 0.907498
-20.5648 6.86504 52.7913 -0.261032 -0.310741 0.913949
-19.6774 7.02949 53.1098 -0.268749 -0.272169 0.923958
-18.9509 7.14933 53.3597 -0.284261 -0.270441 0.919814
-18.1109 7.31009 53.6563 -0.286514 -0.244135 0.926449
-17.2294 7.54171 53.9772 -0.283462 -0.224785 0.932119
-16.3779 7.6814 54.2781 -0.289085 -0.214146 0.933044
-15.4637 7.78586 54.5836 -0.295934 -0.171049 0.939769
-14.7285 7.86762 54.8327 -0.304498 -0.170896 0.937057
-14.0083 7.9339 55.0667 -0.297128 -0.142519 0.94406
-13.0713 8.00778 55.3772 -0.292544 -0.116079 0.949158
-12.3323 8.05182 55.615 -0.289501 -0.107056 0.951104
-11.5303 8.0815 55.8613 -0.293209 -0.0938301 0.951433
-10.7257 8.08557 56.1053 -0.293519 -0.0774133 0.952814
-9.95885 8.05133 56.3369 -0.276356 -0.0677292 0.958651
-9.08002 8.07025 56.5982 -0.28692 -0.0454598 0.956875
-8.28911 8.03193 56.8097 -0.269886 -0.0247735 0.962329
-7.55312 7.91755 57.0168 -0.255437 0.0243626 0.966519
-6.73054 7.87456 57.2236 -0.229898 0.0257107 0.972875
-5.73481 7.83454 57.4659 -0.210569 0.070145 0.975059
-4.91989 7.76708 57.64 -0.168447 0.112806 0.979235
-3.99792 7.78482 57.8128 -0.20641 0.126414 0.970265
-3.08491 7.93548 57.9356 -0.113114 0.158944 0.980216
-2.10981 8.11536 57.9816 -0.0532809 0.213232 0.975262
-1.15905 8.30931 57.9901 -0.0635934 0.243146 0.967903
-0.325067 8.46734 57.9894 -0.0592379 0.262979 0.962797
0.506804 8.56937 57.994 -0.016681 0.295574 0.955174
1.35456 8.59214 57.9867 0.0266599 0.326116 0.944749
2.35422 8.52994 57.9572 0.0634984 0.352005 0.933809
3.28362 8.44029 57.9353 0.0694138 0.362484 0.929268
4.3693 8.24619 57.9091 0.0880186 0.359766 0.928881
5.45391 8.18976 57.7891 0.136409 0.376121 0.916387
6.22454 8.16805 57.6749 0.145158 0.381414 0.912936
7.34045 8.16308 57.4861 0.168357 0.401368 0.900127
8.14427 8.19262 57.3038 0.202242 0.412225 0.888158
9.04011 8.22292 57.0842 0.220515 0.428561 0.876164
9.92253 8.37775 56.7607 0.274674 0.432597 0.858728
10.6244 8.51569 56.4584 0.299848 0.418076 0.857499
11.4472 8.66015 56.065 0.35191 0.416249 0.838389
12.0101 8.49634 55.8951 0.401003 0.440694 0.802259
11.487 7.82321 56.5233 0.320268 0.469836 0.822375
11.0298 7.25803 57.0545 0.287967 0.536411 0.793308
10.5106 6.61654 57.6308 0.180211 0.5578 0.807991
10.0815 5.92614 58.1374 0.134397 0.554538 0.820672
9.7894 5.22258 58.5919 0.072855 0.518473 0.851985
9.69062 4.49094 58.9519 0.00505778 0.444021 0.895492
9.76612 3.51326 59.3859 -0.0442006 0.386989 0.92086
9.9043 3.00329 59.585 -0.0891829 0.328198 0.94039
11.0224 3.40997 59.5383 -0.117004 0.393255 0.911954
11.3998 2.75116 59.8823 -0.18938 0.410076 0.889565
12.0171 2.13615 60.2501 -0.299715 0.338659 0.888056
12.6152 1.59805 60.6318 -0.310373 0.218312 0.925207
13.4665 0.911939 61.0764 -0.370176 0.138694 0.91855
14.0647 0.3717 61.3763 -0.357385 0.0698135 0.93114
14.9289 -0.346523 61.7848 -0.365588 0.0420152 0.929203
15.7962 -1.17861 62.1505 -0.407206 -0.00962491 0.91324
16.3446 -1.70525 62.36 -0.384944 -0.0412981 0.922015
17.1773 -2.52249 62.6489 -0.373706 -0.070709 0.924848
17.7144 -3.12815 62.8167 -0.371353 -0.0987057 0.923214
18.2522 -3.71506 62.9681 -0.362244 -0.100602 0.926605
18.9773 -4.61387 63.1396 -0.367615 -0.119617 0.922253
19.483 -5.19218 63.2553 -0.358608 -0.134498 0.92374
20.054 -5.92757 63.3636 -0.353653 -0.141614 0.924595
20.5887 -6.64596 63.4506 -0.348328 -0.154857 0.924493
21.1792 -7.47733 63.5294 -0.345792 -0.165653 0.923572
21.7184 -8.15817 63.6081 -0.344502 -0.168832 0.923476
22.2365 -8.8265 63.6754 -0.339831 -0.174641 0.924126
22.7036 -9.66229 63.6867 -0.336995 -0.177511 0.924619
23.379 -10.7108 63.7298 -0.333755 -0.178648 0.925574
23.8464 -11.3592 63.7715 -0.332162 -0.178542 0.926169
24.2124 -12.0855 63.7628 -0.328393 -0.177568 0.9277
24.5991 -12.8365 63.7572 -0.328809 -0.175973 0.927857
25.0407 -13.5636 63.7774 -0.330182 -0.174094 0.927724
25.4415 -14.3617 63.7732 -0.332796 -0.170881 0.927387
25.7321 -15.1513 63.7317 -0.336443 -0.171143 0.926022
26.0834 -15.9842 63.7057 -0.337852 -0.169467 0.925815
26.5182 -16.8887 63.6985 -0.342792 -0.170751 0.923755
26.8995 -17.7551 63.6834 -0.34548 -0.169221 0.923042
27.1737 -18.5444 63.6426 -0.350031 -0.168041 0.921542
27.4793 -19.3309 63.6164 -0.35138 -0.16883 0.920881
27.7291 -20.0767 63.5757 -0.355142 -0.167728 0.919642
28.0024 -20.9729 63.5174 -0.358665 -0.168066 0.918212
28.2283 -21.8218 63.4488 -0.360612 -0.171353 0.916839
28.4743 -22.8561 63.3541 -0.362199 -0.17203 0.916086
28.7086 -23.68 63.2914 -0.364237 -0.171976 0.91529
28.9159 -24.4559 63.228 -0.366177 -0.172783 0.914363
29.026 -25.2272 63.1263 -0.366168 -0.172864 0.914352
29.1847 -26.1852 63.0087 -0.369262 -0.173181 0.913046
29.3566 -27.1798 62.8898 -0.369461 -0.172609 0.913074
29.5139 -27.9696 62.8035 -0.371052 -0.172933 0.912367
29.6177 -28.9238 62.6647 -0.372606 -0.172911 0.911738
29.7292 -29.8714 62.5307 -0.373504 -0.172401 0.911468
29.7761 -30.6972 62.3934 -0.374292 -0.172509 0.911124
29.7512 -31.7738 62.1791 -0.375069 -0.173198 0.910673
29.7927 -32.7197 62.0167 -0.375787 -0.172591 0.910492
29.7802 -33.6629 61.8324 -0.376994 -0.172514 0.910008
29.7563 -34.4363 61.6759 -0.376986 -0.17248 0.910017
29.7484 -35.2337 61.5214 -0.377901 -0.172199 0.909691
29.7267 -36.2671 61.3169 -0.37797 -0.172012 0.909698
29.6164 -37.0804 61.1178 -0.378339 -0.171091 0.909718
29.5601 -37.8754 60.9449 -0.3783 -0.170479 0.909849
29.4185 -39.0162 60.6727 -0.378385 -0.170149 0.909876
29.3441 -39.9839 60.4612 -0.378531 -0.169624 0.909913
29.1888 -40.699 60.2634 -0.378538 -0.16938 0.909956
28.9694 -41.5336 60.017 -0.378551 -0.169006 0.91002
28.82 -42.4931 59.7768 -0.378579 -0.168748 0.910056
28.6458 -43.2412 59.5658 -0.378537 -0.168401 0.910138
28.1451 -43.6942 59.2736 -0.378732 -0.16851 0.910037
27.36 -43.4758 58.9873 -0.378745 -0.168506 0.910032
26.4172 -42.9402 58.6945 -0.378217 -0.168871 0.910184
25.7098 -42.6282 58.4585 -0.378238 -0.169416 0.910074
24.9477 -42.401 58.184 -0.378255 -0.169444 0.910062
24.0584 -42.0489 57.8807 -0.377474 -0.169556 0.910365
23.149 -41.6768 57.5732 -0.376905 -0.170206 0.910479
22.4965 -41.366 57.3612 -0.376702 -0.17042 0.910523
21.6749 -40.9397 57.1014 -0.376298 -0.170999 0.910582
20.6789 -40.6214 56.75 -0.375891 -0.171352 0.910684
19.8119 -40.2976 56.4533 -0.375876 -0.171895 0.910587
19.0775 -39.7769 56.2488 -0.375822 -0.172683 0.910461
18.2908 -39.47 55.9819 -0.375986 -0.172982 0.910336
17.6194 -39.0525 55.7837 -0.376228 -0.173608 0.910117
17.6655 -38.2701 55.9522 -0.376094 -0.173934 0.91011
17.7947 -37.5076 56.1516 -0.376056 -0.175284 0.909866
17.8514 -36.5443 56.3615 -0.375572 -0.177286 0.909678
17.9373 -35.7252 56.5578 -0.375273 -0.178497 0.909565
18.1432 -34.9656 56.7927 -0.374049 -0.180297 0.909714
18.2167 -34.1245 56.9905 -0.373206 -0.182866 0.909548
18.1374 -33.3022 57.1234 -0.372341 -0.184173 0.909637
18.1267 -32.4649 57.2898 -0.371437 -0.186482 0.909538
18.1742 -31.5756 57.4919 -0.368988 -0.188426 0.910134
18.1841 -30.7489 57.6666 -0.367743 -0.18943 0.910427
18.0872 -29.9397 57.7976 -0.366318 -0.190418 0.910797
17.9771 -29.1964 57.9104 -0.364423 -0.193039 0.911006
17.7626 -28.149 58.0493 -0.360661 -0.196143 0.91184
17.577 -27.0627 58.2108 -0.354266 -0.19824 0.913891
17.3718 -26.0888 58.3428 -0.350302 -0.199744 0.915091
17.2396 -25.28 58.4681 -0.350393 -0.198055 0.915423
17.0448 -24.4005 58.586 -0.346394 -0.200191 0.91648
16.7011 -23.4568 58.6623 -0.343141 -0.199477 0.917858
16.3705 -22.7192 58.6991 -0.339571 -0.20128 0.918784
16.0621 -21.8305 58.7787 -0.334037 -0.197145 0.921712
15.7679 -21.0084 58.8474 -0.331581 -0.197465 0.922525
15.3331 -20.1902 58.8683 -0.329155 -0.197927 0.9233
14.9453 -19.384 58.9023 -0.327535 -0.196921 0.92409
14.3751 -18.2956 58.9323 -0.324264 -0.195693 0.925504
13.9375 -17.3726 58.9752 -0.323436 -0.197404 0.92543
13.4311 -16.5248 58.9806 -0.318784 -0.197794 0.92696
12.9252 -15.9249 58.9354 -0.317317 -0.200134 0.926961
12.4411 -15.2748 58.9113 -0.315819 -0.202819 0.926889
11.9808 -14.4164 58.9443 -0.311276 -0.206682 0.927572
11.3869 -13.6282 58.9217 -0.307719 -0.210484 0.927898
10.8028 -13.1096 58.8484 -0.304764 -0.21207 0.928518
10.2646 -12.5347 58.8072 -0.297578 -0.215241 0.930118
9.69589 -11.9294 58.7679 -0.28988 -0.218521 0.931782
9.16174 -11.4006 58.7255 -0.2852 -0.219261 0.933036
8.59894 -10.8572 58.6852 -0.281493 -0.217109 0.934671
7.82188 -10.178 58.6146 -0.271428 -0.215037 0.938127
7.24903 -9.67363 58.5669 -0.263854 -0.215602 0.940157
6.60805 -9.16982 58.5032 -0.259075 -0.207799 0.943224
5.83577 -8.64475 58.4101 -0.258341 -0.212426 0.942409
5.1114 -8.1549 58.3227 -0.257777 -0.211087 0.942862
4.36038 -7.6838 58.2283 -0.255929 -0.22014 0.941296
3.5616 -7.22882 58.1212 -0.250093 -0.225174 0.941672
2.65523 -6.71528 58.0056 -0.251939 -0.230802 0.939795
1.50177 -6.1646 57.8304 -0.260182 -0.216786 0.940825
0.575058 -5.75056 57.6636 -0.271244 -0.229014 0.934868
-0.158884 -5.38056 57.5326 -0.27991 -0.234134 0.931014
-1.0108 -5.04529 57.3576 -0.290065 -0.23271 0.928263
-1.71584 -4.83655 57.1826 -0.302088 -0.234932 0.923878
-2.53975 -4.56343 56.9773 -0.313995 -0.233075 0.920371
-3.21087 -4.26097 56.8279 -0.319112 -0.242873 0.915964
-4.14631 -3.96404 56.5659 -0.337343 -0.242353 0.909647
-5.16337 -3.83494 56.22 -0.341923 -0.239648 0.90865
-6.09738 -3.61804 55.9115 -0.354138 -0.234361 0.905339
-6.92841 -3.41367 55.6275 -0.368212 -0.230696 0.900666
-7.97785 -3.2765 55.2234 -0.381171 -0.230354 0.895343
-8.84041 -3.22681 54.8654 -0.385466 -0.229878 0.893629
-9.78582 -3.22046 54.4484 -0.397405 -0.226273 0.889308
-10.817 -3.09926 54.007 -0.409857 -0.226124 0.883677
-11.7769 -3.01277 53.5827 -0.414607 -0.23435 0.879307
-12.778 -3.14994 53.0686 -0.420098 -0.241361 0.874792
-13.732 -3.2499 52.5793 -0.425665 -0.246718 0.870598
-14.5855 -3.36355 52.131 -0.424599 -0.252654 0.869415
-15.5948 -3.4705 51.6051 -0.421855 -0.263905 0.867406
-16.5286 -3.65035 51.0966 -0.418904 -0.275753 0.865147
-17.3779 -3.84897 50.6241 -0.414371 -0.285345 0.864219
-18.2261 -4.1062 50.1345 -0.410054 -0.296285 0.862596
-19.0857 -4.42617 49.6197 -0.402372 -0.304713 0.863277
-19.9603 -4.73446 49.1076 -0.393653 -0.316054 0.863219
-20.5919 -4.96356 48.7393 -0.382043 -0.32127 0.866492
-21.3024 -5.29771 48.298 -0.378296 -0.325299 0.86662
-21.8768 -5.65649 47.9135 -0.375384 -0.330607 0.865902
-22.5949 -6.0768 47.4463 -0.365123 -0.338589 0.867204
-23.3151 -6.39299 47.0243 -0.355521 -0.340431 0.870463
-24.0695 -6.86129 46.5346 -0.349336 -0.341204 0.872665
-24.7331 -7.34642 46.0812 -0.343096 -0.342586 0.874597
-25.445 -7.93791 45.5727 -0.338384 -0.343029 0.876258
-25.9476 -8.39527 45.2005 -0.333274 -0.343053 0.878204
-26.4538 -8.82365 44.8409 -0.331036 -0.342591 0.879227
-27.1866 -9.35409 44.3608 -0.329924 -0.339686 0.880773
-27.6368 -9.85511 44.0024 -0.327647 -0.335955 0.883053
-28.1199 -10.4411 43.6007 -0.324072 -0.334556 0.8849
-28.5106 -10.9918 43.2487 -0.324344 -0.331972 0.885769
-29.0522 -11.7208 42.7801 -0.324058 -0.3276 0.887502
-29.6065 -12.2468 42.3854 -0.323958 -0.325743 0.888225
-29.992 -12.8071 42.041 -0.322994 -0.320987 0.890305
-30.3235 -13.4264 41.6974 -0.324057 -0.321331 0.889793
-30.8652 -14.1915 41.228 -0.324326 -0.316982 0.891255
-31.2147 -14.7747 40.8951 -0.327093 -0.312501 0.891826
-31.7442 -15.7722 40.3521 -0.328983 -0.310235 0.891922
-32.1747 -16.7501 39.8537 -0.330831 -0.308598 0.891806
-32.6087 -17.7263 39.3548 -0.332707 -0.30778 0.891391
-33.2513 -17.8204 39.0829 -0.33236 -0.308667 0.891213
-34.1103 -17.4835 38.8799 -0.331473 -0.309912 0.891112
-35.1177 -17.1066 38.6363 -0.331136 -0.310847 0.890912
-35.8371 -16.8226 38.468 -0.330864 -0.311309 0.890851
-36.6082 -16.5683 38.2708 -0.330683 -0.311692 0.890785
-37.398 -16.2573 38.087 -0.330217 -0.313197 0.890429
-38.3408 -15.9565 37.8426 -0.330554 -0.313382 0.890239
-39.1936 -15.5712 37.6616 -0.33076 -0.313682 0.890057
-39.9693 -15.2875 37.4734 -0.331035 -0.31469 0.889598
-40.8058 -14.8745 37.3075 -0.331317 -0.315283 0.889284
-41.6442 -14.4612 37.1403 -0.332902 -0.315138 0.888743
-42.4669 -14.2456 36.9082 -0.333195 -0.31519 0.888615
-43.3392 -13.9511 36.6842 -0.33508 -0.315584 0.887766
-43.9008 -13.409 36.6646 -0.336708 -0.314935 0.887379
-43.8299 -12.6669 36.9548 -0.336134 -0.316258 0.887126
-43.5692 -11.989 37.2967 -0.336746 -0.317572 0.886426
-43.1828 -10.9574 37.8167 -0.337473 -0.321515 0.884725
-42.8863 -10.2805 38.1778 -0.338132 -0.325405 0.88305
-42.6061 -9.65985 38.5126 -0.33632 -0.327188 0.88308
-42.1218 -8.73209 39.0436 -0.335819 -0.331952 0.88149
-41.7672 -8.1498 39.4002 -0.33497 -0.334221 0.88096
-41.3711 -7.38407 39.8442 -0.335242 -0.33967 0.87877
-40.9137 -6.52829 40.3515 -0.332817 -0.344952 0.877633
-40.3505 -5.72829 40.882 -0.332309 -0.350024 0.875816
-39.8471 -4.80966 41.4415 -0.330322 -0.354079 0.874938
-39.4427 -4.26716 41.8133 -0.328932 -0.356582 0.874437
-38.8808 -3.60423 42.2984 -0.328014 -0.359381 0.873642
-38.4702 -3.0863 42.6668 -0.326803 -0.362877 0.872651
-38.0396 -2.54311 43.0542 -0.325112 -0.367859 0.871196
-37.6107 -1.97985 43.4528 -0.324525 -0.368541 0.871125
-37.0754 -1.37586 43.9088 -0.322435 -0.374245 0.869469
-36.4128 -0.770972 44.4135 -0.317531 -0.376671 0.870224
-35.7935 -0.106761 44.9277 -0.314715 -0.379213 0.870143
-35.2572 0.439458 45.3613 -0.313335 -0.38037 0.870136
-34.7308 0.847174 45.7281 -0.311843 -0.381005 0.870396
-34.0225 1.35201 46.2014 -0.306573 -0.385155 0.870442
-33.5122 1.80321 46.5798 -0.303894 -0.384989 0.871453
-33.0042 2.26209 46.9604 -0.302176 -0.385487 0.871828
-32.2717 2.88342 47.489 -0.299247 -0.387171 0.872093
-31.3897 3.4687 48.051 -0.29689 -0.38853 0.872295
-30.5127 3.95964 48.5637 -0.289056 -0.388799 0.874795
-29.8794 4.29838 48.9227 -0.287003 -0.392336 0.8739
-29.2009 4.78897 49.3641 -0.284136 -0.394518 0.873855
-28.4675 5.20553 49.7863 -0.278975 -0.389785 0.877634
-27.5422 5.587 50.246 -0.272867 -0.389387 0.879728
-26.7896 5.94199 50.6358 -0.267705 -0.385444 0.883026
-26.015 6.31751 51.029 -0.26106 -0.381416 0.886767
-25.3399 6.65425 51.3644 -0.252846 -0.374566 0.892059
-24.4314 6.96085 51.746 -0.248026 -0.36311 0.898128
-23.5666 7.24052 52.0944 -0.240324 -0.35635 0.902905
-22.8198 7.55847 52.4158 -0.229604 -0.356555 0.905622
-21.7465 7.85477 52.8071 -0.239569 -0.319933 0.916651
-20.9622 8.06073 53.089 -0.249031 -0.305943 0.918778
-20.018 8.2625 53.3969 -0.248285 -0.29477 0.922686
-19.076 8.42073 53.687 -0.234748 -0.267865 0.934421
-18.0586 8.62293 54.0126 -0.237046 -0.24261 0.940717
-17.372 8.83602 54.2468 -0.249307 -0.210228 0.945331
-16.6001 8.92935 54.4773 -0.262416 -0.209692 0.941895
-15.7543 9.04339 54.7325 -0.270108 -0.164277 0.948712
-14.97 9.13619 54.9703 -0.266739 -0.157358 0.950836
-14.1969 9.20432 55.2017 -0.265591 -0.129893 0.955295
-13.1863 9.27717 55.5033 -0.275656 -0.114165 0.954352
-12.4488 9.32836 55.7129 -0.272994 -0.101412 0.956609
-11.5711 9.36039 55.9674 -0.268943 -0.0891435 0.959022
-10.6037 9.37026 56.2421 -0.266597 -0.074713 0.960908
-9.81727 9.3262 56.4606 -0.250382 -0.0449779 0.967094
-8.88802 9.34912 56.6966 -0.228781 -0.0351201 0.972844
-7.85922 9.24774 56.9299 -0.223056 -0.0120523 0.974731
-6.55159 9.18476 57.1948 -0.178695 0.0505306 0.982606
-5.37565 9.07304 57.417 -0.172104 0.107163 0.979232
-4.36393 9.01001 57.5835 -0.129157 0.128908 0.98321
-3.48033 9.13359 57.6669 -0.0817724 0.234276 0.968725
-2.44759 9.35511 57.6726 -0.0349062 0.251196 0.967307
-1.45815 9.53552 57.6512 -0.0149388 0.269097 0.962997
-0.60846 9.68475 57.6308 -0.0178446 0.279943 0.959851
0.308633 9.81812 57.5848 0.030272 0.330813 0.943211
1.22649 9.8113 57.5525 0.0410884 0.332714 0.942132
2.1448 9.76257 57.5148 0.0731285 0.347209 0.934932
2.99177 9.69047 57.4667 0.0884888 0.354313 0.930905
3.79775 9.58472 57.4355 0.0969801 0.361608 0.927158
4.67287 9.38139 57.4144 0.11982 0.368303 0.921851
5.69623 9.36347 57.2676 0.149415 0.370055 0.916916
6.58628 9.38911 57.1026 0.167987 0.369474 0.913931
7.47634 9.36041 56.9415 0.190795 0.373919 0.907586
8.36451 9.35286 56.744 0.228506 0.36431 0.902809
9.14238 9.43703 56.5013 0.24758 0.391 0.886466
9.93704 9.61924 56.1779 0.289378 0.387949 0.875075
10.8086 9.75816 55.8046 0.334225 0.38455 0.860474
11.7841 10.0162 55.2796 0.385354 0.373201 0.843933
12.5414 10.3046 54.8026 0.456654 0.287133 0.842034
13.1855 10.5831 54.3493 0.4684 0.297926 0.83177
13.7531 10.9245 53.8796 0.538092 0.201423 0.818466
14.2865 11.2611 53.4458 0.568764 0.189567 0.799471
14.9361 11.6827 52.8541 0.59696 0.174726 0.783013
15.457 12.1608 52.3417 0.656919 0.0866334 0.748967
15.9851 12.6783 51.8129 0.682392 0.0494513 0.729312
16.5278 13.1906 51.276 0.714668 0.0243233 0.698648
17.0208 13.8275 50.7499 0.743405 -0.0343222 0.66796
17.4737 14.4747 50.2734 0.74554 -0.068245 0.661921
17.9343 15.1644 49.8174 0.787497 -0.103734 0.607412
18.4352 16.0095 49.3549 0.79765 -0.176129 0.576783
18.9125 16.7699 48.9074 0.809642 -0.179977 0.558648
19.3927 17.635 48.4951 0.829308 -0.228481 0.509947
19.7263 18.3818 48.2852 0.838465 -0.238803 0.489846
20.0892 19.1125 48.0214 0.837932 -0.239752 0.490294
20.4769 19.8682 47.7492 0.844877 -0.26474 0.464839
20.8657 20.7496 47.5416 0.846833 -0.271758 0.457127
21.3174 21.7979 47.3436 0.845865 -0.280027 0.453979
21.6676 22.5951 47.1903 0.844779 -0.288638 0.450595
21.9516 23.3173 47.1235 0.842215 -0.294638 0.451503
22.3061 24.2759 47.0963 0.839338 -0.299371 0.453749
22.6033 25.134 47.1188 0.835079 -0.300675 0.460693
22.9583 26.0674 47.0994 0.826969 -0.312498 0.467403
23.3022 27.1134 47.1919 0.818003 -0.316534 0.480289
23.6034 27.9062 47.2077 0.812639 -0.323793 0.484507
23.8863 28.6326 47.2212 0.805735 -0.338811 0.485792
24.176 29.5286 47.356 0.795424 -0.340696 0.501126
24.5004 30.3791 47.4442 0.788377 -0.362419 0.497105
24.7799 31.2451 47.6424 0.779128 -0.373347 0.50356
25.0543 32.1017 47.8657 0.772827 -0.38992 0.500663
25.4479 32.869 47.8633 0.763549 -0.40065 0.506284
25.9969 33.3182 47.3864 0.769563 -0.41341 0.486688
26.6067 33.5494 46.5927 0.781213 -0.413023 0.468025
27.2275 33.7562 45.7187 0.7911 -0.412415 0.451745
27.753 33.8864 44.891 0.80835 -0.408705 0.423711
28.2138 33.9693 44.0799 0.814168 -0.40929 0.41184
28.6138 34.0879 43.3916 0.822876 -0.408369 0.39508
29.211 34.2992 42.3425 0.831703 -0.404249 0.380562
29.7602 34.5501 41.3908 0.837787 -0.39951 0.372145
30.2966 34.6988 40.337 0.839204 -0.396386 0.372311
30.6231 34.6185 39.5099 0.841378 -0.392888 0.371109
30.3902 33.8295 39.2033 0.840901 -0.393328 0.371722
30.134 33.0177 38.9265 0.841271 -0.392235 0.372042
29.8803 32.2525 38.698 0.842142 -0.390588 0.371801
29.5899 31.4031 38.4696 0.843664 -0.388385 0.370658
29.2322 30.4165 38.2584 0.845796 -0.384528 0.369821
28.9753 29.7123 38.119 0.847821 -0.379636 0.370231
28.6634 28.9037 38.007 0.848999 -0.376657 0.370582
28.382 28.2071 37.9484 0.851238 -0.371439 0.370705
28.0536 27.278 37.7806 0.854835 -0.364257 0.369556
27.7064 26.3329 37.6599 0.858651 -0.356279 0.368481
27.2616 25.2566 37.6729 0.864741 -0.343544 0.36632
26.8424 24.2308 37.7198 0.870166 -0.331074 0.364955
26.4549 23.2615 37.7851 0.875698 -0.320041 0.361563
26.1075 22.4673 37.9423 0.878895 -0.30709 0.364943
25.7681 21.6716 38.0982 0.883144 -0.292459 0.366767
25.4852 20.9589 38.222 0.893244 -0.270084 0.359403
25.1268 20.1166 38.4862 0.89287 -0.257747 0.369255
24.7794 19.343 38.8106 0.89425 -0.231676 0.382941
24.4562 18.5887 39.1446 0.90602 -0.202399 0.371701
24.1302 17.9667 39.5881 0.904223 -0.188384 0.383265
23.769 17.3266 40.1212 0.898995 -0.169551 0.403752
23.4508 16.8294 40.6231 0.902703 -0.154205 0.401497
22.9996 16.3354 41.4163 0.900861 -0.135516 0.412113
22.5708 15.8764 42.1676 0.890789 -0.123901 0.4372
22.211 15.3433 42.7326 0.883832 -0.123865 0.451109
21.822 15.0016 43.4168 0.885045 -0.0989858 0.454653
21.3634 14.6216 44.242 0.885265 -0.0813518 0.457851
20.8739 14.3296 45.126 0.872776 -0.0734715 0.482561
20.4748 14.067 45.8274 0.860289 -0.0417577 0.508094
19.9907 13.6851 46.6279 0.856235 -0.025935 0.515591
19.5426 13.2156 47.3296 0.850512 -0.0149896 0.525742
19.1025 12.7786 48.0192 0.841973 0.0141452 0.539334
18.5977 12.3637 48.7826 0.823263 0.0566832 0.564664
18.1099 11.991 49.5044 0.794101 0.0546922 0.604626
17.6103 11.5284 50.2058 0.77136 0.0888726 0.629511
17.0381 11.0601 50.9724 0.755838 0.133981 0.640904
16.5232 10.6658 51.6199 0.726946 0.169548 0.665434
16.0398 10.2913 52.2111 0.692216 0.194642 0.694947
15.5594 9.83579 52.8401 0.631522 0.286878 0.720334
15.0192 9.41552 53.5157 0.612752 0.328713 0.717255
14.4299 8.97337 54.1929 0.565081 0.374348 0.734395
13.9714 8.5825 54.714 0.531033 0.378553 0.758091
13.4979 8.11751 55.3082 0.475108 0.449579 0.755952
13.0265 7.61335 55.8923 0.422905 0.521232 0.741262
12.5686 7.12084 56.4843 0.406156 0.510142 0.758151
12.2116 6.65357 57.0295 0.335541 0.594898 0.729342
11.7792 6.05845 57.6633 0.224142 0.632206 0.738082
11.3202 5.5917 58.2066 0.0933373 0.620175 0.778074
10.9851 4.96085 58.6911 0.0193049 0.558743 0.829059
10.8964 4.25225 59.1123 -0.0495343 0.460145 0.886461
10.9035 3.7802 59.3634 -0.117003 0.393259 0.911953
12.1827 3.93311 59.4499 -0.159418 0.521948 0.837928
12.7286 3.20753 60.1316 -0.437503 0.428554 0.77734
13.2581 2.72971 60.5599 -0.450234 0.319718 0.832443
14.0075 2.15618 61.093 -0.494586 0.205316 0.841039
14.7259 1.51326 61.5668 -0.434609 0.107504 0.893747
15.4019 0.938228 61.9423 -0.453773 0.049875 0.889601
15.9274 0.442941 62.2104 -0.438435 0.0132344 0.898665
16.4311 -0.0717576 62.4543 -0.427395 -0.0239988 0.903746
17.1373 -0.780445 62.7631 -0.427365 -0.0683466 0.901492
17.7227 -1.36257 62.9843 -0.415413 -0.0923175 0.904936
18.3714 -2.02562 63.199 -0.388823 -0.0973307 0.916157
19.0516 -2.86591 63.391 -0.381665 -0.113774 0.917235
19.5588 -3.4072 63.5354 -0.387877 -0.11875 0.914029
20.2896 -4.31679 63.7046 -0.369286 -0.131428 0.919959
21.0192 -5.20184 63.8593 -0.369352 -0.149963 0.917097
21.5648 -5.89808 63.9554 -0.36119 -0.162031 0.918295
22.0265 -6.57179 64.0151 -0.352807 -0.165846 0.920868
22.5489 -7.27041 64.0847 -0.349917 -0.169435 0.92133
23.1355 -7.93706 64.1784 -0.347199 -0.17635 0.921061
23.5936 -8.67301 64.2029 -0.340361 -0.181127 0.922677
23.978 -9.35446 64.2097 -0.333144 -0.182471 0.92505
24.4215 -10.0203 64.2366 -0.329966 -0.183142 0.926057
24.9004 -10.7358 64.2652 -0.324833 -0.179513 0.928579
25.2049 -11.4318 64.2365 -0.318841 -0.178328 0.930871
25.6546 -12.3042 64.2278 -0.324021 -0.172394 0.93021
26.2487 -13.2384 64.2632 -0.320375 -0.166274 0.932584
26.5909 -13.9406 64.2577 -0.329172 -0.16297 0.930097
26.8487 -14.7108 64.2121 -0.3324 -0.166035 0.928408
27.2258 -15.4637 64.2147 -0.335878 -0.16252 0.927779
27.5979 -16.4082 64.1843 -0.341504 -0.162961 0.925645
28.0133 -17.3107 64.1798 -0.345473 -0.163108 0.924145
28.3306 -18.22 64.1388 -0.34814 -0.162448 0.92326
28.6421 -19.1133 64.0999 -0.352566 -0.163092 0.921465
28.95 -20.0227 64.0578 -0.357338 -0.163749 0.919508
29.2341 -20.9752 63.999 -0.360585 -0.164521 0.918102
29.4654 -21.6966 63.96 -0.364145 -0.16638 0.91636
29.691 -22.5688 63.8896 -0.364381 -0.168915 0.915803
29.8563 -23.5178 63.7797 -0.365434 -0.17082 0.915029
30.05 -24.285 63.714 -0.36612 -0.171164 0.914691
30.1578 -25.031 63.6173 -0.366639 -0.170204 0.914661
30.38 -26.1732 63.4933 -0.36858 -0.169614 0.913989
30.5006 -26.9602 63.3954 -0.371494 -0.171537 0.912451
30.7083 -27.8769 63.3077 -0.372307 -0.171694 0.91209
30.7492 -28.6201 63.1844 -0.372344 -0.17199 0.912019
30.8814 -29.3799 63.0956 -0.372781 -0.171134 0.912002
30.9041 -30.546 62.8858 -0.376145 -0.171643 0.910524
30.9906 -31.5602 62.7301 -0.375409 -0.172064 0.910748
30.9897 -32.4832 62.5556 -0.375331 -0.171683 0.910852
30.9841 -33.5404 62.354 -0.376929 -0.171714 0.910186
30.9716 -34.3542 62.1954 -0.377641 -0.171509 0.909929
30.9238 -35.3929 61.9795 -0.377784 -0.171766 0.909822
30.9228 -36.1517 61.836 -0.378076 -0.171463 0.909758
30.8465 -36.8837 61.6662 -0.377708 -0.171348 0.909932
30.7796 -37.6809 61.4887 -0.377943 -0.171075 0.909886
30.7498 -38.5767 61.3084 -0.378206 -0.17015 0.90995
30.5746 -39.6125 61.0421 -0.377869 -0.169812 0.910153
30.4147 -40.3974 60.8294 -0.378153 -0.169279 0.910134
30.2927 -41.2481 60.6205 -0.378349 -0.169292 0.910051
30.0996 -42.1022 60.3814 -0.378319 -0.168913 0.910133
30.019 -42.9028 60.1994 -0.378376 -0.168383 0.910208
29.8053 -43.7203 59.9594 -0.3784 -0.168037 0.910262
29.5521 -44.6091 59.6901 -0.378647 -0.167955 0.910174
29.2166 -45.3001 59.4232 -0.378703 -0.167727 0.910193
28.4498 -45.1203 59.1372 -0.379742 -0.167492 0.909803
27.6928 -44.9534 58.8526 -0.379024 -0.167961 0.910017
26.9074 -44.595 58.5916 -0.379242 -0.168304 0.909862
26.2409 -44.2594 58.3762 -0.378874 -0.1691 0.909868
25.5479 -43.8889 58.1568 -0.378352 -0.169551 0.910001
24.865 -43.6849 57.911 -0.378138 -0.169167 0.910162
23.8992 -43.2816 57.585 -0.377782 -0.169509 0.910246
22.9687 -42.9012 57.27 -0.377346 -0.170173 0.910303
22.2832 -42.6814 57.0271 -0.376845 -0.170311 0.910484
21.5697 -42.2174 56.8186 -0.376684 -0.170488 0.910518
20.825 -41.8946 56.5709 -0.376449 -0.17079 0.910559
20.0398 -41.746 56.2743 -0.376362 -0.171645 0.910433
19.2844 -41.3796 56.0314 -0.375967 -0.171897 0.910549
18.5561 -40.8776 55.8254 -0.376044 -0.171879 0.910521
17.8722 -40.6177 55.592 -0.376307 -0.17163 0.910459
16.862 -40.3746 55.2207 -0.376019 -0.172074 0.910495
16.1694 -39.8355 55.036 -0.376489 -0.172169 0.910282
16.2743 -38.7929 55.2765 -0.377741 -0.172543 0.909692
16.5301 -37.9565 55.5425 -0.377897 -0.173812 0.909386
16.6036 -37.0099 55.7549 -0.376719 -0.175758 0.909501
16.7014 -36.2811 55.9371 -0.376693 -0.178201 0.909036
16.7701 -35.3645 56.1469 -0.376696 -0.180657 0.90855
17.0288 -34.4781 56.4308 -0.374236 -0.182394 0.909219
16.9745 -33.6309 56.5797 -0.374645 -0.185297 0.908463
16.9404 -32.5835 56.7807 -0.374458 -0.1878 0.908026
16.9934 -31.8511 56.9543 -0.369727 -0.189742 0.90956
16.9915 -31.0911 57.1123 -0.368949 -0.191094 0.909593
16.9102 -30.3084 57.2454 -0.366357 -0.193044 0.910227
16.8248 -29.4009 57.4053 -0.364991 -0.198514 0.909592
16.649 -28.6149 57.5069 -0.361344 -0.201137 0.910474
16.5486 -27.8175 57.6441 -0.358272 -0.20087 0.911752
16.4046 -27.0282 57.7629 -0.355086 -0.20292 0.912544
16.1546 -26.0825 57.8777 -0.350939 -0.20497 0.91369
16.022 -25.2018 58.0236 -0.343681 -0.204264 0.916602
15.7851 -24.3522 58.1237 -0.343873 -0.203463 0.916708
15.3861 -23.4514 58.1763 -0.339309 -0.204243 0.918234
15.1056 -22.5944 58.2653 -0.329834 -0.206635 0.921136
14.7839 -21.6736 58.3538 -0.327563 -0.205294 0.922256
14.3422 -20.8917 58.3696 -0.317109 -0.199234 0.927226
14.0098 -20.1515 58.4141 -0.317576 -0.19725 0.92749
13.6412 -19.4083 58.4439 -0.319372 -0.193529 0.927657
13.0453 -18.3076 58.4692 -0.319132 -0.194933 0.927446
12.6753 -17.5148 58.5094 -0.319275 -0.197931 0.926761
12.0069 -16.6287 58.4674 -0.321043 -0.199823 0.925741
11.5265 -15.9954 58.4394 -0.319018 -0.203366 0.925671
10.9817 -15.1024 58.4516 -0.316565 -0.206071 0.925915
10.4506 -14.4288 58.4261 -0.310378 -0.213223 0.926392
9.75345 -13.7716 58.346 -0.318798 -0.230211 0.919441
9.12849 -13.0277 58.3231 -0.297231 -0.225526 0.927789
8.42986 -12.3457 58.268 -0.302108 -0.246598 0.920826
7.71299 -11.6583 58.2256 -0.274567 -0.231167 0.933367
6.99273 -11.0403 58.1675 -0.274345 -0.235511 0.932346
6.3707 -10.5468 58.1196 -0.246287 -0.22762 0.94195
5.63408 -9.96724 58.0524 -0.264983 -0.212152 0.940556
4.82945 -9.41354 57.9587 -0.259504 -0.219647 0.940427
4.18921 -8.97495 57.8804 -0.261179 -0.211879 0.94175
3.36991 -8.52032 57.7454 -0.281944 -0.238161 0.928904
2.51013 -7.96266 57.6534 -0.265337 -0.247862 0.931517
1.77189 -7.69656 57.5355 -0.223332 -0.218619 0.94991
0.912034 -7.2012 57.4302 -0.255676 -0.172698 0.951212
0.217333 -6.92117 57.2751 -0.311596 -0.202257 0.927762
-0.43498 -6.57035 57.1549 -0.287101 -0.238745 0.92761
-1.12521 -6.27064 57.0094 -0.306236 -0.224086 0.925126
-1.92707 -6.03807 56.8012 -0.31186 -0.234054 0.920829
-2.90295 -5.72319 56.5462 -0.321095 -0.237438 0.916782
-3.66122 -5.35994 56.3738 -0.32349 -0.244297 0.914151
-4.61553 -5.1571 56.0836 -0.333609 -0.236056 0.912666
-5.43076 -5.08761 55.8057 -0.341478 -0.215136 0.914862
-6.24892 -4.81254 55.5506 -0.368496 -0.217105 0.903913
-7.07143 -4.64541 55.2558 -0.37177 -0.228416 0.899771
-7.82722 -4.59597 54.9515 -0.376967 -0.230449 0.897098
-8.65973 -4.4621 54.6326 -0.372507 -0.220922 0.901311
-9.4744 -4.45278 54.2821 -0.393037 -0.212457 0.894622
-10.4797 -4.40185 53.8338 -0.41467 -0.215314 0.884079
-11.3295 -4.24606 53.4702 -0.416515 -0.228488 0.879948
-12.0355 -4.35859 53.1008 -0.425407 -0.237167 0.87336
-12.749 -4.4179 52.7342 -0.429394 -0.241235 0.8703
-13.613 -4.48219 52.2878 -0.430954 -0.238917 0.870167
-14.5068 -4.59714 51.8085 -0.434049 -0.251769 0.86499
-15.4037 -4.68556 51.3314 -0.45071 -0.258381 0.854231
-16.1629 -4.85174 50.8943 -0.432285 -0.274516 0.858932
-17.0058 -5.03905 50.4119 -0.439069 -0.284949 0.851948
-17.7534 -5.26487 49.9627 -0.424207 -0.299231 0.854687
-18.543 -5.55697 49.4728 -0.423461 -0.31127 0.850682
-19.4092 -5.87601 48.9392 -0.403224 -0.324403 0.855671
-20.3463 -6.21017 48.3779 -0.39033 -0.325652 0.861124
-21.1774 -6.71212 47.809 -0.384311 -0.342277 0.857408
-21.9844 -7.19812 47.2637 -0.373545 -0.346102 0.860625
-22.8171 -7.5353 46.776 -0.36022 -0.344336 0.866971
-23.6587 -8.16253 46.1847 -0.351991 -0.352421 0.867112
-24.2122 -8.54071 45.8137 -0.338568 -0.353562 0.871989
-24.7495 -9.02353 45.4096 -0.33387 -0.351931 0.874445
-25.409 -9.59861 44.9309 -0.329367 -0.349586 0.877099
-25.9564 -10.0102 44.5655 -0.32334 -0.346547 0.880543
-26.549 -10.6549 44.0958 -0.324203 -0.339715 0.882885
-27.1347 -11.2585 43.6506 -0.318803 -0.33697 0.885898
-27.5203 -11.8107 43.3027 -0.320487 -0.331378 0.887399
-27.9612 -12.4168 42.9187 -0.317485 -0.330364 0.888855
-28.562 -13.0255 42.479 -0.321673 -0.323516 0.889867
-28.9793 -13.5747 42.1302 -0.319231 -0.320732 0.891752
-29.2844 -14.1929 41.7998 -0.322285 -0.317296 0.891883
-29.6804 -14.7741 41.452 -0.32034 -0.313321 0.893987
-30.0856 -15.4598 41.0671 -0.321819 -0.310748 0.894354
-30.5323 -16.2176 40.6431 -0.327844 -0.307495 0.893289
-30.8901 -16.8425 40.2963 -0.328774 -0.308126 0.892729
-31.0939 -17.5534 39.9776 -0.330628 -0.304845 0.893169
-31.3703 -18.217 39.6473 -0.332054 -0.305366 0.892464
-31.8268 -18.9918 39.2108 -0.333776 -0.304341 0.89217
-32.374 -19.4026 38.8638 -0.334434 -0.308253 0.89058
-33.4211 -19.0884 38.5798 -0.333773 -0.309317 0.89046
-34.1909 -18.6879 38.4309 -0.332581 -0.310214 0.890594
-35.1631 -18.4193 38.1617 -0.332179 -0.310428 0.890669
-35.8355 -18.0396 38.0436 -0.331394 -0.311194 0.890694
-36.9545 -17.6602 37.7596 -0.331174 -0.311656 0.890614
-37.9395 -17.3014 37.519 -0.331189 -0.312241 0.890404
-38.7498 -17.001 37.323 -0.331049 -0.312771 0.89027
-39.4809 -16.6755 37.1659 -0.330695 -0.313099 0.890287
-40.4232 -16.3253 36.9386 -0.331216 -0.312482 0.890309
-41.227 -15.987 36.7579 -0.331725 -0.312996 0.88994
-41.9373 -15.6064 36.6267 -0.332583 -0.312484 0.889799
-42.969 -15.378 36.3206 -0.333059 -0.31229 0.889689
-43.9569 -14.9468 36.1009 -0.335038 -0.312483 0.888877
-44.7078 -14.6098 35.9355 -0.336248 -0.311846 0.888644
-45.4728 -14.0122 35.855 -0.336838 -0.311428 0.888568
-45.313 -13.2754 36.1746 -0.338417 -0.3131 0.88738
-45.0517 -12.3452 36.6038 -0.340646 -0.315414 0.885706
-44.6794 -11.3893 37.0885 -0.33995 -0.318066 0.885024
-44.4269 -10.6892 37.4386 -0.341051 -0.320751 0.883631
-44.1628 -10.0251 37.7824 -0.340431 -0.323004 0.883048
-43.9107 -9.39336 38.1119 -0.338815 -0.326162 0.882509
-43.5651 -8.6423 38.5243 -0.340947 -0.329437 0.880468
-43.208 -7.96972 38.916 -0.339583 -0.334008 0.879274
-42.844 -7.40446 39.2719 -0.337243 -0.337719 0.878757
-42.5245 -6.79281 39.6307 -0.338618 -0.339515 0.877535
-42.1901 -6.17434 40.0007 -0.338566 -0.342834 0.876264
-41.7331 -5.45439 40.4618 -0.337432 -0.348116 0.874617
-41.3195 -4.91357 40.8373 -0.335845 -0.353316 0.87314
-41.0166 -4.27749 41.211 -0.336597 -0.3559 0.871793
-40.5119 -3.56112 41.6978 -0.332322 -0.35945 0.871983
-40.0091 -2.93618 42.1481 -0.332374 -0.362628 0.870648
-39.3632 -2.11888 42.7372 -0.329435 -0.368167 0.86944
-38.9134 -1.62847 43.116 -0.325599 -0.375332 0.867819
-38.3383 -0.864099 43.6612 -0.324596 -0.377266 0.867354
-37.6969 -0.199516 44.1911 -0.320432 -0.380891 0.867321
-37.0011 0.46662 44.7423 -0.317789 -0.382323 0.867657
-36.5987 0.994239 45.1231 -0.31385 -0.387533 0.866785
-36.0846 1.47737 45.5237 -0.311989 -0.386781 0.867792
-35.3979 1.96277 45.9852 -0.309952 -0.387133 0.868365
-34.6317 2.63118 46.5561 -0.307132 -0.389748 0.868197
-33.8818 3.17753 47.0654 -0.302158 -0.393068 0.868444
-33.3818 3.64307 47.4514 -0.299164 -0.398466 0.867016
-32.7017 4.08195 47.8851 -0.296385 -0.398472 0.867972
-31.7546 4.71968 48.4965 -0.293226 -0.401941 0.867431
-30.7826 5.19196 49.0349 -0.285837 -0.397928 0.871746
-30.1023 5.72124 49.499 -0.282225 -0.403785 0.870233
-29.5006 6.09465 49.8645 -0.275736 -0.405606 0.871466
-28.6877 6.44269 50.2807 -0.26909 -0.406386 0.873179
-27.8636 6.85038 50.721 -0.264981 -0.40036 0.87721
-27.2407 7.17147 51.0536 -0.258206 -0.404852 0.877169
-26.4256 7.51697 51.4409 -0.244982 -0.393953 0.885877
-25.5697 7.89934 51.8453 -0.228887 -0.404165 0.885585
-24.8148 8.10164 52.1295 -0.219996 -0.38834 0.894871
-23.9952 8.39989 52.4623 -0.222256 -0.378085 0.898689
-23.2956 8.71931 52.7601 -0.202058 -0.372608 0.905724
-22.4413 8.95131 53.0406 -0.206886 -0.338673 0.917877
-21.7269 9.13344 53.2679 -0.218065 -0.322342 0.921164
-20.6947 9.40685 53.603 -0.210891 -0.315655 0.925125
-19.9094 9.59549 53.8465 -0.20322 -0.296705 0.932994
-19.1067 9.76544 54.0671 -0.192983 -0.259636 0.946228
-18.3674 9.86041 54.2499 -0.205937 -0.257795 0.943998
-17.4257 10.1132 54.5162 -0.222716 -0.187042 0.956772
-16.4512 10.2153 54.7647 -0.240668 -0.171381 0.955357
-15.5953 10.3435 54.9914 -0.229832 -0.142796 0.962475
-14.6941 10.4583 55.2429 -0.241236 -0.129674 0.961676
-13.6361 10.5286 55.5237 -0.250059 -0.111285 0.961814
-12.762 10.6197 55.7617 -0.249482 -0.105804 0.962566
-11.7116 10.6281 56.0377 -0.244776 -0.0794862 0.966271
-10.8254 10.6549 56.2714 -0.247371 -0.065746 0.966661
-9.85917 10.5828 56.5149 -0.237315 -0.052699 0.969918
-9.10807 10.6297 56.6873 -0.202682 -0.032402 0.978707
-8.28852 10.576 56.8563 -0.186344 -0.0258417 0.981965
-7.25334 10.4644 57.0428 -0.152974 -0.000879473 0.987716
-6.47287 10.4719 57.1534 -0.112547 0.0321025 0.992649
-5.70224 10.4401 57.2348 -0.108791 0.0563446 0.992466
-4.78766 10.272 57.3406 -0.0964895 0.160278 0.982345
-3.93081 10.3539 57.4055 -0.0426869 0.182429 0.981177
-3.1376 10.5056 57.3769 -0.0226448 0.223979 0.974324
-2.09992 10.7643 57.2977 -0.00206579 0.267473 0.963474
-1.33349 10.8606 57.2605 0.0105348 0.302177 0.953193
-0.577813 11.0207 57.1998 0.00976044 0.316167 0.948181
0.42486 11.0762 57.1507 0.0403121 0.321048 0.946144
1.64766 10.9801 57.1183 0.0464177 0.329399 0.943022
2.83421 10.9092 57.0378 0.0901208 0.334627 0.938006
3.6131 10.8938 56.956 0.119783 0.340211 0.932597
4.46064 10.6605 56.9332 0.110751 0.360968 0.925979
5.28019 10.5644 56.8576 0.145874 0.354345 0.923667
6.42539 10.5627 56.6706 0.15874 0.359296 0.919595
7.42274 10.5758 56.4796 0.184211 0.353682 0.916946
8.32951 10.5552 56.2826 0.244117 0.330777 0.911589
9.26995 10.8146 55.9117 0.254627 0.325131 0.910372
10.006 10.8686 55.6593 0.30677 0.288149 0.907118
10.906 11.049 55.2846 0.356002 0.24708 0.901229
11.598 11.3151 54.9295 0.370279 0.260244 0.891721
12.3287 11.5798 54.5185 0.422373 0.241128 0.873761
13.1727 12.0661 53.9781 0.49806 0.142134 0.855415
14.0588 12.5817 53.3576 0.537241 0.113147 0.835805
14.7701 13.1312 52.8184 0.617066 0.0206332 0.786641
15.3143 13.6166 52.3757 0.621696 0.0237043 0.7829
15.8461 14.0678 51.9584 0.683175 -0.0789277 0.725977
16.3187 14.6578 51.5469 0.71428 -0.0620653 0.697102
16.7275 15.2173 51.2112 0.726537 -0.11824 0.676175
17.238 15.7445 50.7828 0.720402 -0.15344 0.676371
17.7372 16.4845 50.4129 0.767161 -0.254837 0.588661
18.2679 17.2171 50.02 0.78126 -0.235829 0.577943
18.6594 17.7683 49.6863 0.808547 -0.231033 0.54118
19.0149 18.4081 49.444 0.82003 -0.250165 0.514742
19.3494 19.1752 49.3023 0.817805 -0.283834 0.500486
19.842 20.0035 48.9545 0.836108 -0.275102 0.474598
20.1799 20.6586 48.7461 0.84168 -0.281472 0.460813
20.5933 21.6208 48.583 0.843977 -0.287642 0.45273
20.9327 22.4578 48.4792 0.845675 -0.286027 0.450579
21.2489 23.174 48.3429 0.843991 -0.289079 0.451788
21.5911 24.0113 48.2468 0.842363 -0.287589 0.455693
21.8673 24.8387 48.2629 0.839444 -0.281877 0.464465
22.2435 25.8549 48.2153 0.830091 -0.291117 0.475594
22.5096 26.6023 48.2192 0.821689 -0.303469 0.482417
22.7571 27.4295 48.3146 0.821117 -0.301662 0.484527
23.0413 28.1586 48.296 0.813679 -0.303464 0.495819
23.3664 29.1577 48.4056 0.798898 -0.320874 0.508726
23.5994 29.8694 48.4845 0.790522 -0.327473 0.517249
23.9187 30.6932 48.5558 0.771229 -0.36471 0.521721
24.1155 31.3968 48.7703 0.770869 -0.379088 0.511912
24.5232 32.5588 49.0222 0.76493 -0.383573 0.51745
24.819 33.2838 49.1299 0.753689 -0.400438 0.521155
25.2236 33.9773 49.0992 0.744402 -0.427221 0.513174
25.78 34.3746 48.6148 0.750916 -0.423772 0.506501
26.3038 34.5106 47.9326 0.76346 -0.431074 0.480834
26.9131 34.6897 47.1319 0.765143 -0.445021 0.465033
27.4644 34.8202 46.3209 0.780059 -0.442115 0.442484
28.012 34.977 45.4881 0.789094 -0.42868 0.439906
28.3889 35.0174 44.8108 0.803045 -0.427716 0.414944
28.8486 35.2025 44.0802 0.817055 -0.426814 0.38749
29.3797 35.3643 43.1205 0.823248 -0.426216 0.374969
29.8686 35.5899 42.2779 0.834875 -0.414408 0.362283
30.2336 35.7278 41.5915 0.842051 -0.396777 0.365401
30.5896 35.8105 40.861 0.842275 -0.396339 0.365361
31.0138 35.9869 40.0731 0.846628 -0.390249 0.361781
31.4326 36.153 39.2834 0.845988 -0.38107 0.372949
31.5689 35.735 38.5383 0.842441 -0.38832 0.373499
31.3382 35.0274 38.3227 0.841439 -0.390593 0.37338
31.0172 34.1002 38.0709 0.841054 -0.392411 0.372347
30.7964 33.4029 37.8338 0.840846 -0.393166 0.37202
30.4854 32.5459 37.6326 0.842226 -0.39183 0.370303
30.2269 31.7395 37.3696 0.844376 -0.38937 0.367994
29.9276 30.9162 37.1871 0.844751 -0.387976 0.368604
29.5769 29.9871 37.0186 0.848406 -0.385502 0.362761
29.2232 29.0141 36.8222 0.850981 -0.378701 0.363892
28.8702 28.1867 36.7932 0.853979 -0.373891 0.361814
28.61 27.4302 36.6261 0.855742 -0.371557 0.36007
28.2731 26.539 36.5188 0.858719 -0.366748 0.357907
27.9904 25.8002 36.4587 0.864681 -0.353414 0.356968
27.6822 25.0763 36.4925 0.867054 -0.348537 0.355992
27.3733 24.3601 36.5582 0.870863 -0.339732 0.355218
27.002 23.3686 36.5443 0.880308 -0.328829 0.341575
26.5982 22.4225 36.6888 0.882443 -0.311275 0.352706
26.2909 21.6766 36.8128 0.888831 -0.301196 0.34534
25.9802 20.8964 36.9425 0.890082 -0.292374 0.349673
25.6924 20.1737 37.1038 0.903732 -0.26118 0.339195
25.355 19.4223 37.4249 0.902307 -0.249785 0.35135
25.0556 18.7075 37.7188 0.908531 -0.221635 0.354044
24.7469 17.9423 38.0663 0.915595 -0.201571 0.34793
24.3253 17.0463 38.672 0.914077 -0.176434 0.36515
23.8907 16.1784 39.3566 0.910941 -0.150032 0.384287
23.4918 15.6408 40.0875 0.909235 -0.151561 0.387712
23.0953 15.0757 40.8382 0.905238 -0.0961562 0.413882
22.777 14.7654 41.4476 0.890737 -0.107655 0.441585
22.4633 14.1879 41.9514 0.895093 -0.0939698 0.435846
22.1257 13.9619 42.606 0.895529 -0.0787646 0.437967
21.734 13.596 43.3586 0.898649 -0.0507203 0.435726
21.3674 13.3159 44.0786 0.898141 -0.0308918 0.43862
21.0251 13.084 44.741 0.881846 -0.0012628 0.47056
20.6897 12.7809 45.397 0.87678 0.0177563 0.480154
20.3377 12.4914 46.019 0.865207 0.0105579 0.501238
19.9646 12.0847 46.658 0.859004 0.0104962 0.511861
19.517 11.6232 47.4301 0.855832 0.0316235 0.516286
19.1098 11.2647 48.133 0.843443 0.104785 0.5269
18.652 10.9163 48.9197 0.826394 0.108308 0.552195
18.297 10.5496 49.5044 0.799299 0.165045 0.577824
17.8639 10.1993 50.1873 0.764601 0.183859 0.617722
17.3884 9.75931 50.9084 0.760026 0.19398 0.620268
16.8855 9.36008 51.6649 0.707348 0.289662 0.644791
16.3842 8.90257 52.4282 0.694983 0.30748 0.649965
16.0232 8.53797 52.9913 0.653909 0.38524 0.650967
15.5493 8.21262 53.6527 0.639983 0.393302 0.660074
15.1707 7.87869 54.2118 0.602707 0.404925 0.686277
14.6322 7.39264 54.9735 0.538714 0.490673 0.684853
14.1181 6.84741 55.73 0.513175 0.520789 0.680819
13.6586 6.39072 56.4118 0.448242 0.559055 0.697484
13.2883 5.9692 57.026 0.422116 0.625178 0.656395
12.954 5.42977 57.7689 0.45081 0.652844 0.606081
12.5206 4.96883 58.5538 0.246483 0.749953 0.613854
12.1636 4.40141 59.1348 -0.0635086 0.572694 0.817064
12.1824 3.93681 59.4475 -0.161537 0.526365 0.834773
17.9774 13.3566 49.5977 0.803716 0.00319893 0.595005
18.4217 13.6492 49.0097 0.805598 -0.0294715 0.59131
18.7461 13.9955 48.5677 0.816869 -0.03583 0.575709
19.2004 14.3969 47.9333 0.838321 -0.0524939 0.542578
19.6633 14.7985 47.2702 0.843569 -0.0619777 0.533166
20.1924 15.2041 46.4602 0.857687 -0.0704147 0.509123
20.6982 15.5106 45.6503 0.867036 -0.0860581 0.490489
21.1841 15.79 44.8388 0.876452 -0.105252 0.469479
21.551 16.0435 44.2032 0.877103 -0.124825 0.463798
22.0163 16.4501 43.4381 0.873765 -0.141879 0.465193
22.4165 16.941 42.8142 0.883805 -0.143694 0.445242
22.8702 17.4484 42.0856 0.885161 -0.176105 0.430671
23.3222 17.9328 41.3557 0.888715 -0.189365 0.417523
23.6594 18.4171 40.8713 0.887907 -0.205164 0.411394
24.0869 19.1551 40.3051 0.887525 -0.223614 0.40286
24.4219 19.8301 39.9401 0.88964 -0.244471 0.3857
24.8106 20.671 39.6059 0.881562 -0.269048 0.387895
25.1322 21.4107 39.4 0.8826 -0.283097 0.375332
25.4484 22.1788 39.2516 0.875431 -0.297272 0.381107
25.8646 23.1319 39.0601 0.86958 -0.30941 0.384832
26.1674 23.8281 38.9495 0.866124 -0.32635 0.378509
26.5222 24.6856 38.877 0.864846 -0.335769 0.37321
26.8586 25.5036 38.8407 0.862411 -0.342015 0.373172
27.1586 26.2349 38.8333 0.859519 -0.350671 0.37183
27.4498 26.9944 38.8905 0.854354 -0.361078 0.373769
27.8517 28.1062 39.0597 0.850813 -0.370253 0.372866
28.1959 29.0036 39.1705 0.84648 -0.375227 0.377725
28.4749 29.7379 39.2796 0.84519 -0.38055 0.37528
28.8272 30.7043 39.4716 0.843922 -0.383786 0.374839
29.0931 31.4755 39.6661 0.841723 -0.386317 0.377175
29.3497 32.2343 39.8747 0.840751 -0.389926 0.375628
29.606 33.0627 40.1638 0.840387 -0.392466 0.373791
29.3644 33.3749 41.0276 0.837971 -0.39577 0.375725
28.8477 33.167 41.947 0.833182 -0.398285 0.383609
28.4452 33.013 42.6449 0.828426 -0.401276 0.390753
28.0678 32.891 43.3011 0.822632 -0.399193 0.404872
27.5416 32.7673 44.2245 0.816102 -0.394447 0.422361
27.0539 32.682 45.0492 0.802431 -0.397082 0.445454
26.3983 32.4514 45.9921 0.792767 -0.390571 0.467947
25.8682 32.1109 46.5916 0.781962 -0.391976 0.484654
25.5004 31.3809 46.6087 0.791103 -0.370757 0.486448
25.2581 30.6203 46.4133 0.791772 -0.373454 0.483352
24.9941 29.9076 46.3043 0.794582 -0.363064 0.486646
24.6492 28.9686 46.1876 0.806422 -0.35358 0.473989
24.3717 28.2212 46.1211 0.813143 -0.339383 0.472882
24.0596 27.4507 46.1118 0.820677 -0.329244 0.467
23.6964 26.4493 46.0487 0.825266 -0.325966 0.461174
23.3438 25.4379 45.9802 0.831628 -0.315881 0.456743
22.9806 24.4756 45.9841 0.837177 -0.307667 0.452189
22.6491 23.5889 46.0001 0.841201 -0.300761 0.449358
22.2998 22.7026 46.0701 0.846111 -0.289682 0.447398
21.9855 21.9097 46.1597 0.848063 -0.284003 0.447361
21.6833 21.1487 46.2586 0.848284 -0.272653 0.453897
21.2819 20.1901 46.4478 0.850298 -0.253917 0.460805
20.9149 19.354 46.6837 0.850524 -0.242573 0.466656
20.5958 18.6807 46.9191 0.839822 -0.236 0.488879
20.293 18.0297 47.1521 0.846934 -0.216265 0.485728
19.9532 17.2378 47.4221 0.843436 -0.182071 0.505437
19.5805 16.4278 47.7613 0.841287 -0.142562 0.521441
19.229 15.7425 48.1332 0.826461 -0.139034 0.545542
18.8542 15.1355 48.5557 0.820734 -0.0923774 0.563792
18.4814 14.45 48.9813 0.79986 -0.0886171 0.593447
18.1996 13.8114 49.3055 0.792742 -0.025419 0.609027
18.125 13.6692 49.3967 0.798229 -0.01111 0.602016
20.4935 16.7962 46.3596 0.857809 -0.15973 0.488519
20.7615 17.4484 46.1033 0.858405 -0.179081 0.480268
21.1415 18.3579 45.7954 0.857504 -0.200864 0.473646
21.4836 19.1526 45.5358 0.861828 -0.230404 0.451847
21.7934 19.8992 45.3357 0.858873 -0.249773 0.447159
22.1216 20.7279 45.1813 0.852858 -0.266972 0.44873
22.4947 21.6806 45.0481 0.851602 -0.27994 0.443178
22.8529 22.6051 44.9565 0.848708 -0.294388 0.439351
23.2021 23.4905 44.8903 0.845627 -0.307542 0.436272
23.5711 24.461 44.8719 0.841281 -0.317804 0.437317
23.9305 25.4131 44.8832 0.834157 -0.325207 0.445396
24.2594 26.3273 44.9415 0.826937 -0.331738 0.45401
24.5646 27.1406 44.9838 0.825936 -0.336048 0.45266
24.9302 28.05 45.0114 0.820684 -0.349995 0.451643
25.256 28.9477 45.1184 0.811586 -0.358368 0.461407
25.5289 29.6658 45.1967 0.812217 -0.362724 0.456876
25.7994 30.3731 45.2934 0.804211 -0.37862 0.458138
26.1491 31.1511 45.3248 0.800152 -0.379503 0.464473
26.7485 31.5241 44.5756 0.802352 -0.389828 0.451957
27.1732 31.6505 43.892 0.811819 -0.39581 0.429252
27.6423 31.7407 43.0506 0.822112 -0.393954 0.410993
28.2275 31.9278 42.0153 0.833229 -0.386881 0.395007
28.5883 31.9945 41.3099 0.835137 -0.38735 0.39052
28.5234 31.3594 40.8098 0.83941 -0.385505 0.383115
28.2092 30.4267 40.5635 0.840287 -0.381893 0.384806
27.8837 29.5385 40.3958 0.843061 -0.378662 0.381921
27.5802 28.7414 40.2822 0.844583 -0.372823 0.384295
27.294 27.9867 40.1857 0.846795 -0.363873 0.387988
27.0189 27.2407 40.0864 0.846432 -0.36425 0.388426
26.6515 26.2699 40.003 0.853147 -0.349503 0.387234
26.2751 25.3577 40.0243 0.8563 -0.345371 0.383998
25.9678 24.6294 40.0789 0.857436 -0.331855 0.393289
25.6244 23.8347 40.1732 0.863366 -0.31635 0.393093
25.2351 22.957 40.3332 0.867825 -0.308574 0.389438
24.8653 22.1023 40.5038 0.867212 -0.289837 0.404893
24.5033 21.2953 40.7166 0.873497 -0.274725 0.401883
24.1754 20.5914 40.9664 0.880601 -0.258414 0.397195
23.8192 19.9084 41.3076 0.878981 -0.236189 0.414141
23.4818 19.3733 41.7284 0.877588 -0.222837 0.424389
23.096 18.8863 42.2632 0.879077 -0.212712 0.426587
22.6964 18.454 42.8668 0.881141 -0.20241 0.427341
22.3006 18.0248 43.463 0.869697 -0.196033 0.45296
21.8895 17.5845 44.0707 0.868637 -0.19165 0.456828
21.3928 17.1724 44.8563 0.868001 -0.177858 0.463529
20.9221 16.8784 45.6344 0.864177 -0.162132 0.476119
20.6828 16.7783 46.0212 0.857809 -0.159732 0.488518
22.2404 19.1673 44.1116 0.864098 -0.221719 0.451785
22.6811 19.578 43.4614 0.865534 -0.225932 0.446996
23.0997 20.0445 42.8779 0.869314 -0.24032 0.431902
23.4751 20.5416 42.4071 0.871902 -0.257113 0.416748
23.8389 21.1886 42.0618 0.865089 -0.270655 0.422335
24.193 21.951 41.8308 0.866124 -0.288166 0.408399
24.566 22.7761 41.6373 0.860335 -0.299174 0.412696
24.96 23.6264 41.4506 0.860563 -0.31668 0.39893
25.2795 24.3355 41.3294 0.857238 -0.324926 0.399442
25.6859 25.2643 41.2293 0.852555 -0.33611 0.400226
26.0112 26.0289 41.1879 0.851745 -0.344398 0.394868
26.3312 26.8424 41.2202 0.847624 -0.354908 0.394429
26.6468 27.6937 41.315 0.844198 -0.360728 0.396491
26.9723 28.5333 41.3989 0.840386 -0.3718 0.394355
27.275 29.3137 41.4945 0.836623 -0.374116 0.400123
27.5318 30.0258 41.6287 0.834751 -0.379795 0.398682
27.6295 30.657 42.0324 0.832414 -0.386154 0.397452
27.2099 30.6009 42.8449 0.8275 -0.38456 0.409093
26.6999 30.4476 43.7024 0.817874 -0.387471 0.425381
26.2651 29.968 44.1034 0.818059 -0.374268 0.436696
25.978 29.2739 44.0577 0.823114 -0.363638 0.436177
25.6747 28.4682 43.964 0.828657 -0.359924 0.428698
25.386 27.7075 43.8909 0.829358 -0.353108 0.432977
25.0774 26.9213 43.8528 0.834608 -0.343327 0.430725
24.7366 26.0274 43.805 0.839431 -0.335472 0.427567
24.358 25.0311 43.775 0.841009 -0.32828 0.430043
24.003 24.1035 43.7737 0.845546 -0.31782 0.428982
23.6496 23.1566 43.784 0.850935 -0.302695 0.429254
23.3158 22.2787 43.8387 0.856321 -0.287093 0.429219
22.9669 21.3901 43.9488 0.854346 -0.283241 0.435737
22.659 20.5848 44.0616 0.85892 -0.257956 0.442274
22.3542 19.7916 44.2101 0.85801 -0.250462 0.448387
22.2665 19.5577 44.2507 0.861094 -0.227653 0.454563
24.5221 24.0073 42.6597 0.850566 -0.32186 0.415866
24.8069 24.8001 42.6943 0.850249 -0.326481 0.412901
25.1259 25.5787 42.6656 0.844494 -0.335819 0.41716
25.5806 26.4658 42.4699 0.841979 -0.345653 0.414205
25.8155 27.2317 42.6402 0.840603 -0.354212 0.409748
26.0426 27.8952 42.7537 0.836098 -0.357757 0.415862
26.3099 28.6734 42.8947 0.833666 -0.364523 0.414876
26.3597 28.3474 42.5045 0.837206 -0.365098 0.407139
25.9715 27.5309 42.583 0.838939 -0.359128 0.408912
25.7452 26.8512 42.4607 0.842266 -0.349294 0.410587
25.4841 26.0768 42.3432 0.847071 -0.344491 0.404717
25.1014 25.1737 42.3894 0.852033 -0.331692 0.404994
24.7406 24.4565 42.5602 0.850654 -0.321759 0.415762
24.5786 24.0728 42.5947 0.850609 -0.321808 0.415817
26.3333 28.7399 42.9063 0.833154 -0.365024 0.415466
