-4.22561 1.56863 61.218 -0.348234 -0.203344 0.915087
-4.21649 1.57387 61.2226 -0.348237 -0.203343 0.915086
-4.21649 1.57387 61.2226 -0.348237 -0.203343 0.915086
-3.52428 1.32829 61.4315 -0.324659 -0.189203 0.926239
-2.89009 0.836568 61.5261 -0.294376 -0.235855 0.926129
-2.16911 0.767022 61.7322 -0.278226 -0.206308 0.93794
-1.45986 0.503503 61.8726 -0.268391 -0.226963 0.93616
-0.657529 0.242004 62.0311 -0.245099 -0.189662 0.950765
0.401286 -0.179867 62.1945 -0.239295 -0.206361 0.948555
1.23275 -0.506272 62.3518 -0.252573 -0.195482 0.94757
2.09018 -0.810678 62.4748 -0.214123 -0.227357 0.949977
2.84595 -1.14493 62.5659 -0.214738 -0.222794 0.950921
3.56963 -1.46971 62.6453 -0.208453 -0.20311 0.95671
4.19986 -1.87056 62.709 -0.230892 -0.194743 0.953291
4.91701 -2.25464 62.7985 -0.216349 -0.195758 0.956275
5.62211 -2.48207 62.9094 -0.225502 -0.209282 0.951457
5.7946 -2.38053 62.9704 -0.21145 -0.175484 0.961505
5.15406 -1.80185 62.9343 -0.213704 -0.176203 0.960876
4.53637 -1.28489 62.8967 -0.206679 -0.18132 0.961461
3.97787 -0.631865 62.8915 -0.175885 -0.168331 0.969912
3.32625 -0.0944554 62.8728 -0.160951 -0.178417 0.970702
2.48476 0.382277 62.8011 -0.206461 -0.137757 0.968709
1.6419 0.644264 62.6562 -0.212637 -0.138104 0.967323
0.628582 0.863892 62.4507 -0.23366 -0.173044 0.956576
-0.388526 1.18463 62.286 -0.213172 -0.185708 0.959202
-1.25285 1.33925 62.1223 -0.223502 -0.20139 0.953485
-2.26594 1.49849 61.8529 -0.28912 -0.192988 0.937638
-2.86093 1.04373 61.5801 -0.281779 -0.191707 0.940132
-3.23953 1.22599 61.5038 -0.291431 -0.183384 0.938762
-3.61092 -0.122062 61.0439 -0.327832 -0.270247 0.905258
-4.54795 0.197642 60.7667 -0.351022 -0.229577 0.907652
-5.45335 0.459473 60.4954 -0.34993 -0.251066 0.902499
-6.32431 0.691286 60.2178 -0.35301 -0.235589 0.905472
-7.1681 0.855908 59.9286 -0.371313 -0.260305 0.891273
-7.96106 0.988711 59.6245 -0.383228 -0.23112 0.894267
-8.76111 1.09419 59.3115 -0.385713 -0.241311 0.890421
-9.50913 1.17456 59.0143 -0.378711 -0.242691 0.893129
-10.6191 1.20127 58.5461 -0.385161 -0.247752 0.888972
-11.5227 1.20368 58.1588 -0.37893 -0.242591 0.893063
-12.264 1.26921 57.8594 -0.38618 -0.247081 0.888696
-13.1358 1.30536 57.4907 -0.382465 -0.25517 0.888036
-14.0603 1.28089 57.086 -0.381594 -0.254868 0.888498
-15.0554 1.22859 56.649 -0.377989 -0.260861 0.888299
-15.9768 1.14501 56.2385 -0.371557 -0.265066 0.889767
-16.9383 0.976196 55.7873 -0.367552 -0.276757 0.887869
-17.8269 0.83309 55.3782 -0.360387 -0.280426 0.889653
-18.6412 0.706067 55.0095 -0.352658 -0.290015 0.889676
-19.5151 0.508832 54.5974 -0.354697 -0.290988 0.888547
-20.2444 0.262438 54.2285 -0.351582 -0.298153 0.887409
-20.8858 0.022275 53.8937 -0.344482 -0.301724 0.888964
-21.6078 -0.230157 53.5322 -0.339179 -0.304539 0.890064
-22.64 -0.617352 53.0005 -0.335606 -0.313033 0.88847
-23.5087 -0.950136 52.5501 -0.333515 -0.320661 0.886535
-24.3631 -1.32853 52.0926 -0.330847 -0.321534 0.887218
-25.0659 -1.60316 51.728 -0.324918 -0.328502 0.886807
-25.7918 -1.94012 51.3351 -0.326716 -0.338255 0.882519
-26.6755 -2.44369 50.8166 -0.323718 -0.33969 0.883071
-27.4598 -2.96771 50.3255 -0.325207 -0.342095 0.881596
-28.1221 -3.41465 49.9076 -0.323056 -0.344018 0.881638
-28.8215 -3.94003 49.4455 -0.323726 -0.345869 0.880665
-29.6957 -4.59353 48.8676 -0.324283 -0.34548 0.880615
-30.482 -5.1616 48.354 -0.32529 -0.347849 0.879311
-31.1526 -5.66599 47.907 -0.325993 -0.346433 0.87961
-31.8649 -6.33993 47.3774 -0.325928 -0.3456 0.879961
-32.5622 -6.99061 46.865 -0.325299 -0.344331 0.880691
-33.124 -7.58966 46.4234 -0.325162 -0.34296 0.881276
-33.5837 -8.10333 46.0542 -0.326087 -0.342058 0.881285
-34.1651 -8.8037 45.5701 -0.326703 -0.337789 0.882701
-34.6504 -9.48691 45.131 -0.326775 -0.335349 0.883605
-35.0705 -10.1406 44.7308 -0.327414 -0.33057 0.885168
-35.5633 -10.9888 44.2318 -0.331425 -0.327554 0.884797
-35.965 -11.6927 43.8225 -0.328959 -0.324676 0.886776
-36.5054 -12.3492 43.3817 -0.328905 -0.324053 0.887024
-37.3502 -12.3921 43.0528 -0.329673 -0.322951 0.88714
-38.08 -12.1175 42.8811 -0.330419 -0.322587 0.886995
-38.6756 -11.6969 42.8126 -0.330701 -0.32591 0.885675
-38.4626 -10.9958 43.1506 -0.329955 -0.329322 0.884689
-38.1178 -10.3775 43.5107 -0.329552 -0.332159 0.883778
-37.6983 -9.81825 43.8764 -0.329138 -0.333542 0.88341
-37.3228 -9.26405 44.2272 -0.328404 -0.335009 0.883129
-36.8644 -8.64171 44.6331 -0.327291 -0.335824 0.883234
-36.3926 -8.04976 45.037 -0.324613 -0.342497 0.881659
-35.9253 -7.4716 45.4344 -0.324508 -0.345437 0.880547
-35.4179 -6.82172 45.878 -0.327965 -0.346753 0.87875
-34.8378 -6.11711 46.3729 -0.323374 -0.351304 0.878644
-34.3389 -5.57435 46.7745 -0.322299 -0.35307 0.878329
-33.7384 -4.9665 47.2379 -0.320004 -0.354406 0.878631
-33.0824 -4.33388 47.7315 -0.319415 -0.35507 0.878578
-32.4485 -3.74565 48.2001 -0.317901 -0.35773 0.878042
-31.86 -3.25622 48.6137 -0.31894 -0.360388 0.876583
-31.2103 -2.75712 49.0512 -0.314579 -0.356729 0.87965
-30.647 -2.29311 49.4419 -0.313025 -0.359725 0.878984
-30.1343 -1.82206 49.8172 -0.312846 -0.359778 0.879026
-29.3321 -1.26614 50.3262 -0.307874 -0.360081 0.880653
-28.6981 -0.817548 50.7301 -0.311428 -0.353454 0.882086
-28.0186 -0.404729 51.1328 -0.310795 -0.351346 0.883154
-27.1703 0.0551261 51.6131 -0.303398 -0.359244 0.882548
-26.1271 0.518234 52.1591 -0.302773 -0.356563 0.883849
-25.4919 0.767615 52.4799 -0.312158 -0.344473 0.885379
-24.8436 1.0696 52.8243 -0.309551 -0.343664 0.886608
-24.1649 1.34426 53.1629 -0.309677 -0.332191 0.890894
-23.4676 1.56883 53.4927 -0.314268 -0.327123 0.891194
-22.8015 1.82671 53.8232 -0.318301 -0.320938 0.891994
-22.0116 2.08157 54.1928 -0.311214 -0.325067 0.893012
-21.2964 2.27666 54.5183 -0.322155 -0.316961 0.892049
-20.426 2.48402 54.9076 -0.335825 -0.300925 0.892553
-19.6418 2.62322 55.2458 -0.331778 -0.299668 0.894495
-18.8286 2.8192 55.6174 -0.343332 -0.287991 0.893971
-18.0432 2.99293 55.9733 -0.340261 -0.279039 0.897973
-17.3343 3.10966 56.2836 -0.350171 -0.270862 0.896668
-16.5831 3.21956 56.6092 -0.357677 -0.26121 0.89657
-15.8872 3.30499 56.913 -0.357236 -0.256958 0.897952
-15.123 3.34735 57.2294 -0.362592 -0.248225 0.898282
-14.0934 3.37972 57.6537 -0.368659 -0.238778 0.898373
-13.2427 3.4066 58.011 -0.375054 -0.231805 0.897553
-12.3303 3.41812 58.3925 -0.372458 -0.211651 0.90359
-11.5582 3.43103 58.7185 -0.378191 -0.207716 0.902123
-10.7878 3.40638 59.0278 -0.359426 -0.213827 0.908338
-10.0092 3.3754 59.329 -0.37614 -0.205598 0.903402
-9.23689 3.35956 59.6521 -0.37503 -0.176721 0.91001
-8.54538 3.20145 59.9004 -0.36716 -0.202058 0.907946
-7.74554 3.07431 60.191 -0.362156 -0.191952 0.912128
-6.93557 2.98513 60.4987 -0.371229 -0.184999 0.909921
-6.18512 2.93373 60.7794 -0.349376 -0.149296 0.925012
-5.17805 2.91315 61.1713 -0.336213 -0.186841 0.923018
-4.18427 2.85042 61.4839 -0.29434 -0.145862 0.944504
-3.4416 2.8346 61.7211 -0.302538 -0.148836 0.941438
-2.51221 2.70662 61.9573 -0.241229 -0.104327 0.964844
-1.44892 2.64391 62.2712 -0.283512 -0.0838523 0.955236
-0.401075 2.47586 62.4899 -0.211305 -0.109831 0.97123
0.697096 2.19901 62.6574 -0.188595 -0.120818 0.974466
1.55105 2.02339 62.8075 -0.168232 -0.0510199 0.98433
2.31278 1.7657 62.9222 -0.191337 -0.0946261 0.976797
3.08747 1.49997 63.0318 -0.101207 -0.0187818 0.994663
3.89918 1.03315 63.0989 -0.100238 -0.0249113 0.994638
4.74298 0.416834 63.1707 -0.145883 -0.0934534 0.984878
5.45592 -0.277911 63.228 -0.173781 -0.106526 0.979006
6.00028 -0.894544 63.2557 -0.19097 -0.117678 0.9744
6.6625 -1.61344 63.2958 -0.18961 -0.139103 0.971414
7.20438 -2.14665 63.3203 -0.212915 -0.152742 0.965058
8.04537 -2.89983 63.3934 -0.219347 -0.144745 0.96485
8.6321 -3.37791 63.4646 -0.250366 -0.140915 0.957675
9.21337 -3.87179 63.5336 -0.248104 -0.158397 0.955696
10.0653 -4.6342 63.65 -0.279245 -0.168495 0.945263
10.7341 -5.10118 63.7728 -0.281778 -0.151787 0.947373
11.271 -5.65448 63.8383 -0.295543 -0.164454 0.941029
11.9225 -6.24915 63.9471 -0.301765 -0.167588 0.938492
12.6271 -6.94609 64.056 -0.312631 -0.166908 0.935095
13.2861 -7.60437 64.1563 -0.316191 -0.176389 0.932153
13.8844 -8.25049 64.24 -0.319931 -0.179215 0.930318
14.5117 -8.95772 64.324 -0.329901 -0.181583 0.926387
15.0955 -9.66702 64.3925 -0.330864 -0.185927 0.925171
15.6199 -10.3551 64.4414 -0.334671 -0.188685 0.923252
16.1313 -11.0205 64.4919 -0.336461 -0.189902 0.922347
16.6985 -11.8199 64.535 -0.339643 -0.192458 0.920652
17.1342 -12.4437 64.5661 -0.342371 -0.192185 0.9197
17.7448 -13.3416 64.6064 -0.344004 -0.192121 0.919103
18.2801 -14.0653 64.6565 -0.346082 -0.191745 0.918401
18.7109 -14.7413 64.6769 -0.347505 -0.191946 0.91782
19.1641 -15.6346 64.663 -0.348876 -0.191634 0.917367
19.5469 -16.3869 64.6528 -0.352342 -0.192267 0.915909
19.9095 -17.0694 64.6497 -0.353081 -0.190494 0.915995
20.4273 -18.1018 64.6356 -0.355079 -0.191027 0.915111
20.8618 -19.0181 64.6151 -0.357045 -0.190158 0.914527
21.253 -19.9175 64.5829 -0.359082 -0.188618 0.914048
21.4997 -20.6864 64.5224 -0.36072 -0.186958 0.913744
21.8452 -21.883 64.4144 -0.363155 -0.186999 0.91277
22.0531 -22.6559 64.3385 -0.363744 -0.187258 0.912483
22.4148 -23.7428 64.2609 -0.366079 -0.185502 0.911907
22.6711 -24.5778 64.1944 -0.367327 -0.1856 0.911385
22.9218 -25.427 64.1234 -0.36849 -0.184689 0.911101
23.1042 -26.3101 64.0185 -0.368888 -0.183886 0.911102
23.2525 -27.0426 63.9318 -0.371495 -0.182503 0.91032
23.3716 -27.7996 63.8282 -0.371989 -0.183046 0.91001
23.5292 -28.6274 63.7262 -0.372103 -0.183089 0.909955
23.6274 -29.6625 63.56 -0.373638 -0.181931 0.909557
23.7312 -30.643 63.4068 -0.374751 -0.181444 0.909197
23.8351 -31.5182 63.2761 -0.376292 -0.180043 0.908839
23.9153 -32.5683 63.1026 -0.377263 -0.178742 0.908693
23.9187 -33.5693 62.908 -0.377145 -0.177813 0.908925
23.877 -34.5824 62.6927 -0.377735 -0.177444 0.908752
23.7873 -35.6073 62.4564 -0.377828 -0.176248 0.908946
23.7717 -36.3814 62.3009 -0.378311 -0.174782 0.909028
23.6713 -37.1661 62.1083 -0.378648 -0.174721 0.908899
23.1094 -37.4945 61.8111 -0.378401 -0.17465 0.909016
22.2209 -37.1245 61.5125 -0.378058 -0.174661 0.909157
21.6947 -36.5776 61.399 -0.376971 -0.1755 0.909446
21.6491 -35.6066 61.5688 -0.376252 -0.177489 0.909358
21.7175 -34.7095 61.7724 -0.376405 -0.178043 0.909186
21.7326 -33.9189 61.9338 -0.37608 -0.178466 0.909238
21.7487 -32.9306 62.1351 -0.375032 -0.180417 0.909286
21.7977 -31.9991 62.3407 -0.37452 -0.181684 0.909244
21.8203 -30.778 62.5941 -0.373314 -0.181786 0.90972
21.6985 -29.9138 62.7181 -0.371482 -0.183294 0.910167
21.6047 -28.9679 62.8716 -0.371256 -0.184784 0.909958
21.4487 -28.1779 62.9684 -0.370258 -0.18453 0.910416
21.2941 -27.4022 63.0634 -0.367681 -0.185641 0.911234
21.1331 -26.6742 63.1468 -0.367673 -0.185907 0.911184
20.9583 -25.9031 63.2345 -0.365903 -0.186374 0.9118
20.7507 -25.0003 63.337 -0.364703 -0.18855 0.911834
20.5593 -24.2739 63.4106 -0.363349 -0.189226 0.912234
20.3192 -23.3886 63.4987 -0.361864 -0.188542 0.912966
20.012 -22.4146 63.5782 -0.360206 -0.188155 0.913701
19.6384 -21.4412 63.6324 -0.358598 -0.189342 0.914088
19.3413 -20.6843 63.6733 -0.357077 -0.19039 0.914465
19.028 -19.9309 63.7077 -0.355784 -0.191287 0.914783
18.7051 -19.1823 63.7399 -0.353145 -0.195002 0.91502
18.4167 -18.4415 63.7857 -0.352889 -0.193358 0.915468
18.0442 -17.534 63.8338 -0.352046 -0.193117 0.915843
17.6325 -16.8545 63.8197 -0.350657 -0.19397 0.916196
17.0765 -15.9215 63.806 -0.348985 -0.195801 0.916445
16.5661 -15.0122 63.8082 -0.346358 -0.198456 0.916871
16.1218 -14.2555 63.8038 -0.343712 -0.197974 0.91797
15.7137 -13.6087 63.7902 -0.342081 -0.196118 0.918975
15.085 -12.8225 63.7257 -0.340144 -0.198701 0.919139
14.4738 -12.1076 63.6548 -0.336839 -0.198502 0.920398
13.9457 -11.4571 63.6035 -0.335117 -0.199361 0.920843
13.311 -10.664 63.5446 -0.328081 -0.196611 0.923962
12.5924 -9.87726 63.4577 -0.327333 -0.197914 0.92395
12.0666 -9.29801 63.3968 -0.324527 -0.197794 0.924965
11.343 -8.53199 63.3086 -0.31955 -0.196752 0.926918
10.6326 -7.75344 63.2333 -0.310274 -0.196813 0.930051
10.0333 -7.21152 63.1508 -0.301517 -0.198655 0.932536
9.3679 -6.53751 63.0808 -0.290885 -0.192196 0.937225
8.70253 -5.96643 62.9966 -0.278478 -0.198267 0.939753
8.05129 -5.45745 62.9115 -0.27754 -0.199238 0.939828
7.38517 -4.99385 62.8225 -0.26013 -0.204253 0.943723
6.6247 -4.61111 62.6997 -0.251157 -0.207728 0.945394
5.76158 -4.15029 62.5745 -0.248153 -0.214487 0.944677
5.06538 -3.73961 62.488 -0.255973 -0.233625 0.938028
4.33337 -3.31342 62.4097 -0.2311 -0.249706 0.94034
3.47188 -2.80875 62.319 -0.244454 -0.220061 0.94436
2.52233 -2.30894 62.2092 -0.208302 -0.240173 0.948118
1.74 -2.00668 62.0968 -0.239112 -0.274011 0.931528
0.972423 -1.71628 61.9733 -0.272859 -0.274754 0.921978
0.105945 -1.36407 61.8184 -0.276551 -0.271391 0.921882
-0.686877 -1.05972 61.6715 -0.270672 -0.277971 0.921659
-1.70547 -0.706294 61.4796 -0.279697 -0.287369 0.916062
-2.48524 -0.479002 61.3056 -0.288591 -0.27905 0.915886
-3.34781 -0.215091 61.1114 -0.311879 -0.253704 0.91528
-3.48727 -0.167441 61.0751 -0.327832 -0.270247 0.905258
-3.79783 -1.29051 60.6035 -0.319538 -0.310865 0.89513
-4.5795 -1.05553 60.3909 -0.335887 -0.276398 0.900435
-5.31011 -0.876645 60.1637 -0.364651 -0.288056 0.885468
-6.05155 -0.675112 59.9282 -0.357222 -0.289053 0.888167
-6.83576 -0.462591 59.6718 -0.365645 -0.275693 0.888986
-7.55296 -0.334768 59.4088 -0.377965 -0.281827 0.881882
-8.51128 -0.19775 59.0492 -0.37123 -0.283642 0.884151
-9.36254 -0.144565 58.7035 -0.378367 -0.274924 0.883886
-10.1452 -0.0430545 58.3976 -0.382086 -0.273433 0.882748
-10.8561 -0.0134858 58.1024 -0.377829 -0.267395 0.886387
-11.6125 0.0098804 57.7804 -0.387648 -0.264042 0.883182
-12.6312 0.0376844 57.3421 -0.387516 -0.264318 0.883158
-13.5282 0.0344943 56.9494 -0.383887 -0.263331 0.885036
-14.2841 0.0187094 56.6178 -0.381894 -0.264688 0.885493
-15.2534 -0.0337183 56.1866 -0.378142 -0.267428 0.886279
-16.2632 -0.162697 55.7178 -0.374297 -0.2758 0.885345
-16.9731 -0.29976 55.3745 -0.371814 -0.278684 0.885477
-17.8928 -0.448448 54.9442 -0.36711 -0.283617 0.885879
-18.8434 -0.645489 54.4903 -0.364467 -0.284959 0.886545
-19.613 -0.883138 54.0989 -0.360891 -0.295679 0.884494
-20.3288 -1.12575 53.7252 -0.355216 -0.300257 0.885223
-21.3472 -1.49066 53.1956 -0.353812 -0.306965 0.88351
-22.0556 -1.75049 52.8248 -0.34968 -0.313668 0.8828
-22.6828 -2.00542 52.4859 -0.345218 -0.315796 0.883783
-23.4461 -2.31541 52.0789 -0.339319 -0.325761 0.882464
-24.1798 -2.63551 51.679 -0.338892 -0.323375 0.883502
-25.0279 -2.99187 51.2239 -0.332613 -0.33175 0.882785
-25.8209 -3.41873 50.7629 -0.332672 -0.335729 0.881258
-26.4679 -3.81261 50.3692 -0.331885 -0.335484 0.881648
-27.0833 -4.22013 49.9812 -0.330623 -0.337469 0.881364
-27.6489 -4.64016 49.6088 -0.327212 -0.341172 0.88121
-28.2266 -5.0925 49.2173 -0.328559 -0.342233 0.880299
-28.7823 -5.51657 48.8439 -0.329574 -0.343433 0.879451
-29.5006 -6.06919 48.3606 -0.326648 -0.345441 0.879756
-30.0504 -6.50054 47.9871 -0.326873 -0.345331 0.879716
-30.7339 -7.07061 47.5101 -0.326338 -0.344127 0.880386
-31.3719 -7.59273 47.0708 -0.327107 -0.339225 0.882002
-31.8935 -8.14473 46.6645 -0.328271 -0.339043 0.881639
-32.5401 -8.85613 46.1515 -0.328519 -0.335462 0.882916
-33.1046 -9.55946 45.6758 -0.326787 -0.334369 0.883972
-33.709 -10.445 45.1201 -0.327653 -0.329268 0.885565
-34.0787 -11.0218 44.7692 -0.327629 -0.328057 0.886024
-34.5184 -11.7145 44.35 -0.327607 -0.325573 0.886943
-34.9711 -12.4741 43.9056 -0.328417 -0.322583 0.88774
-35.421 -13.1888 43.48 -0.329865 -0.321381 0.887639
-36.0155 -13.9006 43.0043 -0.330116 -0.316841 0.889176
-36.7005 -13.8343 42.7724 -0.330956 -0.318058 0.888429
-37.3995 -13.5822 42.6028 -0.330596 -0.318775 0.888307
-38.1269 -13.3416 42.4193 -0.330829 -0.321329 0.887299
-38.9608 -13.0273 42.2224 -0.330516 -0.321471 0.887364
-39.6767 -12.6775 42.0823 -0.330468 -0.321291 0.887447
-40.2065 -12.1304 42.0831 -0.332088 -0.323059 0.8862
-40.0447 -11.3255 42.4377 -0.331205 -0.326575 0.885241
-39.623 -10.5083 42.8984 -0.33064 -0.330661 0.883935
-39.2165 -9.87009 43.2904 -0.330774 -0.332933 0.883031
-38.6993 -9.01035 43.8095 -0.331494 -0.337585 0.880991
-38.2281 -8.25828 44.2758 -0.328168 -0.342268 0.880431
-37.7094 -7.68007 44.6939 -0.328074 -0.342195 0.880494
-37.1612 -6.97805 45.1739 -0.323773 -0.348251 0.879712
-36.718 -6.41269 45.5618 -0.324091 -0.352031 0.878088
-36.2895 -5.85875 45.9416 -0.323737 -0.352198 0.878152
-35.8292 -5.26907 46.3477 -0.323493 -0.354817 0.877183
-35.2009 -4.57927 46.86 -0.321543 -0.357417 0.876848
-34.6953 -4.0638 47.2563 -0.320055 -0.358129 0.8771
-34.1823 -3.5943 47.6356 -0.319326 -0.360377 0.876447
-33.5259 -2.98316 48.126 -0.314701 -0.364653 0.876351
-32.9063 -2.45035 48.5709 -0.315321 -0.365662 0.875708
-32.3395 -1.94928 48.9806 -0.311241 -0.361261 0.878988
-31.7131 -1.40205 49.4304 -0.310629 -0.367257 0.876716
-31.1592 -0.954811 49.8131 -0.309022 -0.365368 0.878073
-30.5331 -0.471271 50.2338 -0.305675 -0.367182 0.878484
-29.9529 -0.110014 50.5875 -0.300126 -0.367117 0.880426
-29.1684 0.394629 51.0661 -0.29914 -0.369329 0.879835
-28.4825 0.818124 51.4767 -0.300745 -0.368621 0.879585
-27.6596 1.23982 51.9323 -0.295275 -0.369382 0.881118
-26.8221 1.59736 52.3598 -0.292603 -0.367359 0.882854
-26.1176 1.88246 52.7061 -0.283156 -0.362067 0.888105
-25.3964 2.20533 53.0738 -0.302173 -0.352939 0.885509
-24.7174 2.4875 53.4165 -0.299906 -0.351715 0.886765
-23.9558 2.77643 53.7854 -0.295101 -0.346155 0.890557
-23.1843 3.07374 54.158 -0.300411 -0.344334 0.889487
-22.3657 3.31946 54.5236 -0.299942 -0.33514 0.893105
-21.3502 3.58665 54.9666 -0.298804 -0.326886 0.896583
-20.599 3.72979 55.2787 -0.315845 -0.308698 0.897168
-19.9006 3.86447 55.5676 -0.316391 -0.303405 0.898796
-19.1588 4.04447 55.889 -0.320769 -0.292767 0.900734
-18.3195 4.24653 56.2558 -0.320511 -0.285733 0.903122
-17.3951 4.40558 56.648 -0.333424 -0.271093 0.90296
-16.571 4.50473 56.987 -0.339378 -0.256729 0.904938
-15.5185 4.58418 57.409 -0.345323 -0.242306 0.906664
-14.8163 4.62379 57.6896 -0.356212 -0.233605 0.904727
-13.7916 4.64343 58.0945 -0.360287 -0.227354 0.904673
-13.0974 4.69904 58.3821 -0.359849 -0.205885 0.910011
-12.3614 4.74991 58.6806 -0.351763 -0.203351 0.913735
-11.4069 4.72663 59.0528 -0.357064 -0.16997 0.918357
-10.4957 4.69005 59.3995 -0.362773 -0.156927 0.918569
-9.77708 4.65512 59.678 -0.368571 -0.161966 0.915284
-9.02581 4.57495 59.9595 -0.359983 -0.152166 0.920466
-8.26837 4.44989 60.2364 -0.354927 -0.129587 0.925341
-7.54376 4.34168 60.4835 -0.343774 -0.105624 0.933047
-6.68158 4.25694 60.7948 -0.331731 -0.0706252 0.940669
-5.69628 4.19803 61.1439 -0.34656 -0.123363 0.92967
-4.91967 4.21265 61.469 -0.3407 0.00531975 0.93927
-4.1845 4.16732 61.6674 -0.222758 -0.00700908 0.97473
-3.19348 4.09599 61.8795 -0.218438 -0.00642546 0.975747
-2.45478 4.01666 62.0521 -0.250533 -0.00500282 0.967766
-1.61577 3.94483 62.2926 -0.282258 -0.00557418 0.959322
-0.875763 3.86701 62.4727 -0.194661 0.0401554 0.980048
-0.0969262 3.72472 62.6159 -0.188715 0.00944166 0.981987
0.720839 3.53554 62.7598 -0.178279 -0.0521594 0.982597
1.58537 3.31369 62.8704 -0.0581252 0.0174466 0.998157
2.41943 3.09846 62.9646 -0.141039 0.0481606 0.988832
3.33846 2.81358 63.0716 -0.0768411 -0.0005975 0.997043
4.25154 2.39062 63.1572 -0.102642 0.0135383 0.994626
4.91761 1.95475 63.2453 -0.144775 0.0366589 0.988272
5.57197 1.4315 63.3457 -0.147956 0.00511261 0.988981
6.22248 0.785278 63.4364 -0.133654 -0.0409109 0.990009
6.76472 0.164872 63.486 -0.140862 -0.0477017 0.988446
7.51287 -0.694875 63.5437 -0.169618 -0.0549279 0.983978
8.23893 -1.38284 63.6282 -0.210269 -0.101231 0.972388
8.87833 -1.92593 63.7075 -0.205624 -0.107032 0.972761
9.57727 -2.49662 63.8179 -0.248043 -0.113038 0.962103
10.3005 -3.17521 63.9353 -0.261794 -0.106091 0.959275
10.9968 -3.74202 64.0561 -0.277368 -0.12863 0.952114
11.7175 -4.33553 64.1919 -0.288905 -0.134046 0.947813
12.2932 -4.84877 64.2923 -0.300974 -0.13941 0.943387
13.0689 -5.62478 64.4258 -0.310022 -0.151593 0.938566
13.7805 -6.34798 64.5473 -0.314843 -0.148332 0.937481
14.4147 -7.00169 64.6512 -0.321459 -0.159459 0.933401
15.076 -7.73074 64.7559 -0.327187 -0.166919 0.93008
15.7318 -8.47004 64.8501 -0.327782 -0.174011 0.92859
16.2273 -9.10923 64.9077 -0.336025 -0.177446 0.924977
16.6791 -9.73007 64.9505 -0.337136 -0.181186 0.923857
17.2254 -10.4645 65.0047 -0.337407 -0.18516 0.922969
17.6968 -11.1722 65.0353 -0.338118 -0.18514 0.922713
18.1606 -11.7829 65.0825 -0.340366 -0.187342 0.921441
18.7409 -12.6249 65.127 -0.343923 -0.188575 0.919867
19.3412 -13.5098 65.1705 -0.34597 -0.189329 0.918944
19.9473 -14.5453 65.1863 -0.347523 -0.189314 0.918361
20.4085 -15.4718 65.1722 -0.350441 -0.187966 0.917527
20.8364 -16.2829 65.1691 -0.353469 -0.186541 0.916658
21.2458 -17.0483 65.1708 -0.354853 -0.188261 0.915771
21.6094 -17.8457 65.1488 -0.355865 -0.188153 0.9154
22.0992 -18.8734 65.1298 -0.357959 -0.187572 0.914703
22.4089 -19.6264 65.0975 -0.359587 -0.186817 0.914219
22.6464 -20.4101 65.0318 -0.361165 -0.185877 0.913789
22.9574 -21.3746 64.959 -0.362979 -0.184629 0.913323
23.2542 -22.3125 64.8873 -0.363973 -0.184775 0.912897
23.5857 -23.3283 64.8151 -0.366388 -0.183373 0.912214
23.8239 -24.2146 64.7324 -0.36793 -0.183431 0.911581
24.0067 -24.983 64.6525 -0.368769 -0.183475 0.911233
24.2085 -25.7088 64.5883 -0.370304 -0.182678 0.910771
24.3921 -26.5127 64.502 -0.370995 -0.182 0.910625
24.5031 -27.2883 64.3928 -0.372665 -0.180239 0.910294
24.6111 -28.123 64.2709 -0.372588 -0.18187 0.910001
24.7577 -29.0103 64.1543 -0.375263 -0.181009 0.909073
24.8524 -29.9645 64.004 -0.376267 -0.179992 0.90886
24.9493 -30.7825 63.8827 -0.376918 -0.178782 0.908829
25.0582 -31.7758 63.7321 -0.376926 -0.179462 0.908692
25.0849 -32.5785 63.5856 -0.376738 -0.177433 0.909168
25.1305 -33.6632 63.3927 -0.377932 -0.177174 0.908722
25.0927 -34.5169 63.2109 -0.378279 -0.17641 0.908727
25.0025 -35.32 63.0177 -0.378258 -0.176076 0.9088
24.9607 -36.0642 62.8571 -0.379634 -0.173758 0.908673
24.9321 -36.9218 62.681 -0.37968 -0.174062 0.908595
24.8561 -37.6961 62.5013 -0.379791 -0.1733 0.908695
24.7315 -38.6834 62.2615 -0.380072 -0.172145 0.908797
24.3511 -39.2556 61.9941 -0.380306 -0.171425 0.908835
23.4122 -38.9376 61.6624 -0.379474 -0.172691 0.908943
22.5391 -38.562 61.3695 -0.379261 -0.173023 0.908969
21.8146 -38.2771 61.1227 -0.377682 -0.174017 0.909437
20.8556 -37.7472 60.8258 -0.377818 -0.174593 0.909269
20.4973 -37.0532 60.8109 -0.376777 -0.17637 0.909358
20.4933 -36.2492 60.9651 -0.376499 -0.176949 0.909361
20.5265 -35.3189 61.1605 -0.376212 -0.177543 0.909364
20.5387 -34.3141 61.3628 -0.375187 -0.17897 0.909508
20.5482 -33.476 61.5319 -0.375307 -0.179586 0.909337
20.5444 -32.6237 61.6997 -0.374475 -0.181074 0.909385
20.5994 -31.5925 61.9295 -0.373674 -0.183398 0.909247
20.6033 -30.8584 62.0797 -0.370511 -0.184002 0.91042
20.5208 -30.0986 62.2 -0.37046 -0.184854 0.910268
20.4255 -29.3554 62.3124 -0.368549 -0.185968 0.910817
20.2672 -28.4729 62.4289 -0.368449 -0.1867 0.910708
20.043 -27.3837 62.5627 -0.36597 -0.187958 0.911448
19.8805 -26.4789 62.6837 -0.364335 -0.188273 0.912036
19.6511 -25.4207 62.8123 -0.362713 -0.189653 0.912399
19.4193 -24.5289 62.9055 -0.360732 -0.189919 0.913128
19.141 -23.5933 62.9909 -0.358893 -0.190115 0.913811
18.8554 -22.7777 63.0478 -0.35804 -0.190071 0.914155
18.4841 -21.7995 63.1061 -0.356194 -0.190651 0.914754
18.1024 -20.7994 63.1671 -0.354129 -0.191898 0.915295
17.7512 -19.9198 63.2172 -0.351702 -0.193163 0.915964
17.4282 -19.1462 63.2579 -0.350025 -0.194673 0.916288
17.0345 -18.1966 63.3081 -0.349815 -0.192999 0.916723
16.6109 -17.4292 63.3081 -0.349243 -0.193834 0.916765
16.1999 -16.7959 63.286 -0.347683 -0.193915 0.91734
15.795 -16.1372 63.2746 -0.344892 -0.197704 0.917585
15.332 -15.1954 63.3045 -0.343913 -0.199055 0.917661
14.8147 -14.3958 63.2844 -0.341533 -0.199882 0.918369
14.2843 -13.7213 63.2342 -0.340456 -0.200782 0.918572
13.7479 -13.0822 63.176 -0.3381 -0.201108 0.91937
13.2239 -12.4564 63.1216 -0.336057 -0.20358 0.919575
12.5796 -11.6638 63.0628 -0.332732 -0.20218 0.921092
11.9559 -10.9617 62.9952 -0.32879 -0.204043 0.922097
11.3873 -10.3207 62.9348 -0.325566 -0.204795 0.923074
10.6705 -9.53431 62.8571 -0.322617 -0.206744 0.923671
9.8937 -8.73098 62.7692 -0.315376 -0.210346 0.925349
9.19355 -8.05792 62.6868 -0.306982 -0.210911 0.928032
8.52417 -7.43793 62.612 -0.302267 -0.21009 0.929776
7.66213 -6.71422 62.5054 -0.298184 -0.219349 0.928963
7.03058 -6.25042 62.4235 -0.277295 -0.229162 0.933055
6.36697 -5.88694 62.3152 -0.279044 -0.233236 0.931523
5.69605 -5.49375 62.2135 -0.271821 -0.246312 0.930292
4.9169 -5.05424 62.1021 -0.269311 -0.251495 0.929616
3.98671 -4.53702 61.9763 -0.270391 -0.256469 0.927962
3.16634 -4.05385 61.884 -0.272409 -0.275615 0.921861
2.35861 -3.5722 61.7877 -0.258316 -0.278413 0.924921
1.4578 -3.17221 61.6657 -0.271743 -0.298308 0.914969
0.473273 -2.82685 61.4855 -0.282676 -0.288092 0.914886
-0.396465 -2.46537 61.3289 -0.280196 -0.296057 0.913149
-1.1605 -2.17737 61.185 -0.284028 -0.290749 0.913605
-1.88109 -1.92432 61.0371 -0.296083 -0.29577 0.9082
-2.6865 -1.66493 60.855 -0.296006 -0.304186 0.905454
-3.40214 -1.42535 60.6979 -0.312155 -0.313068 0.896931
-3.57433 -1.36593 60.6571 -0.319535 -0.310866 0.895131
-4.04656 -2.4238 60.1122 -0.326064 -0.315625 0.891099
-3.09283 -2.76553 60.34 -0.330293 -0.327889 0.885091
-2.28959 -3.03013 60.5272 -0.304418 -0.315247 0.898854
-1.50221 -3.31187 60.692 -0.295657 -0.313188 0.902464
-0.488528 -3.72622 60.8736 -0.297988 -0.322354 0.898475
0.26328 -4.024 61.0165 -0.295536 -0.31757 0.901004
1.37503 -4.44443 61.2225 -0.273953 -0.301166 0.913372
2.30999 -4.93566 61.3495 -0.289104 -0.294986 0.910715
3.1402 -5.43493 61.4537 -0.292189 -0.292211 0.910625
3.97638 -5.91562 61.5708 -0.291311 -0.268565 0.918156
4.64433 -6.29909 61.6695 -0.289995 -0.264327 0.919786
5.69173 -6.87115 61.8423 -0.295449 -0.259019 0.919576
6.33033 -7.27023 61.9427 -0.289882 -0.24583 0.924952
7.05397 -7.8069 62.0375 -0.308422 -0.230335 0.922942
7.66535 -8.32316 62.1137 -0.315384 -0.233084 0.919894
8.41874 -8.98813 62.207 -0.315942 -0.225 0.921695
9.19147 -9.70138 62.3024 -0.319917 -0.215668 0.922573
9.99283 -10.557 62.3849 -0.326675 -0.212042 0.921044
10.8244 -11.483 62.4699 -0.331288 -0.209533 0.91997
11.5101 -12.2993 62.5324 -0.336608 -0.209662 0.918007
12.1486 -13.0033 62.607 -0.336333 -0.205072 0.919144
12.7078 -13.6352 62.6717 -0.337997 -0.203589 0.918863
13.3244 -14.3812 62.7354 -0.339328 -0.2005 0.919052
13.8179 -15.0133 62.7801 -0.341107 -0.19945 0.918622
14.3921 -16.0334 62.772 -0.341465 -0.198183 0.918762
14.8244 -16.8786 62.7529 -0.343429 -0.19551 0.918603
15.3165 -17.6526 62.7727 -0.34375 -0.192982 0.919018
15.7394 -18.3285 62.7894 -0.347029 -0.192569 0.917871
16.0772 -19.0363 62.7678 -0.347811 -0.194566 0.917154
16.4236 -19.7772 62.7421 -0.347984 -0.194392 0.917125
16.7894 -20.6305 62.6999 -0.348245 -0.194752 0.916949
17.0621 -21.3987 62.6413 -0.349346 -0.193111 0.916878
17.3273 -22.1401 62.5875 -0.353419 -0.19106 0.915746
17.6567 -23.0162 62.5317 -0.354963 -0.192909 0.914761
17.9942 -23.969 62.463 -0.356091 -0.190912 0.914741
18.2597 -24.8226 62.3876 -0.358127 -0.191185 0.913889
18.4836 -25.5434 62.3248 -0.361074 -0.191117 0.912742
18.6457 -26.3961 62.209 -0.362569 -0.192071 0.911949
18.7961 -27.1388 62.113 -0.36348 -0.190009 0.912018
18.9517 -27.9664 62.004 -0.364795 -0.189862 0.911523
19.0689 -28.8378 61.8699 -0.368196 -0.188811 0.910375
19.3042 -29.8509 61.7568 -0.368835 -0.186561 0.91058
19.3742 -30.9546 61.5583 -0.371382 -0.18598 0.909663
19.3666 -31.6944 61.404 -0.371665 -0.186458 0.909449
19.3628 -32.8985 61.1591 -0.373078 -0.182364 0.9097
19.3882 -33.6551 61.0192 -0.375486 -0.180916 0.908999
19.3752 -34.4085 60.864 -0.375912 -0.179787 0.909047
19.3671 -35.5118 60.6435 -0.376661 -0.179157 0.908862
19.266 -36.8113 60.3471 -0.376744 -0.177197 0.909211
19.1638 -37.7197 60.129 -0.378354 -0.175761 0.908822
19.9062 -38.6416 60.2599 -0.377673 -0.173939 0.909455
20.663 -39.0654 60.4934 -0.378389 -0.173428 0.909255
21.4039 -39.4294 60.7321 -0.377996 -0.173276 0.909447
22.2432 -39.7815 61.0146 -0.378986 -0.171896 0.909297
23.001 -40.0791 61.2744 -0.379347 -0.17169 0.909186
23.7242 -40.3704 61.5214 -0.379935 -0.171648 0.908948
24.4969 -40.7136 61.7798 -0.38031 -0.171896 0.908744
25.2703 -40.9052 62.0678 -0.380607 -0.171128 0.908765
25.6699 -40.4204 62.3264 -0.380551 -0.171138 0.908786
25.86 -39.581 62.5641 -0.380512 -0.171261 0.908779
25.962 -38.8222 62.7505 -0.381011 -0.172196 0.908394
26.0357 -38.0583 62.9262 -0.380686 -0.172523 0.908468
26.1225 -36.8967 63.1837 -0.379966 -0.172474 0.908778
26.1306 -36.0074 63.3574 -0.380625 -0.173952 0.908221
26.2116 -35.1102 63.5636 -0.380155 -0.174511 0.908311
26.297 -34.1784 63.7793 -0.380687 -0.176309 0.90774
26.3033 -33.1747 63.9773 -0.379277 -0.176768 0.908241
26.2837 -32.3226 64.1349 -0.379458 -0.17676 0.908167
26.2326 -31.5673 64.2612 -0.378119 -0.177807 0.908521
26.1475 -30.8306 64.3703 -0.377272 -0.178449 0.908748
26.0174 -29.8812 64.5025 -0.376518 -0.178856 0.908979
25.9563 -29.0869 64.6343 -0.37563 -0.179333 0.909254
25.8125 -28.0955 64.7706 -0.375108 -0.179675 0.909401
25.6799 -27.2639 64.8798 -0.374879 -0.179158 0.909598
25.5573 -26.2979 65.0211 -0.372844 -0.180687 0.910132
25.3737 -25.5081 65.1031 -0.371765 -0.180657 0.910579
25.1734 -24.6854 65.1851 -0.36974 -0.181196 0.911296
24.94 -23.7372 65.279 -0.36807 -0.181598 0.911892
24.7316 -22.9114 65.3588 -0.366556 -0.181712 0.912478
24.4717 -22.1186 65.4129 -0.365926 -0.181702 0.912733
24.2035 -21.323 65.4649 -0.363764 -0.182577 0.913423
23.9712 -20.5979 65.5176 -0.361125 -0.183511 0.914282
23.7485 -19.8746 65.5752 -0.360817 -0.184533 0.914198
23.469 -19.0641 65.6275 -0.357718 -0.184383 0.915446
23.1195 -18.2438 65.6553 -0.356233 -0.183051 0.916291
22.7229 -17.4303 65.665 -0.354958 -0.18282 0.916831
22.2758 -16.4738 65.6846 -0.352212 -0.182476 0.917958
21.9055 -15.716 65.6941 -0.351489 -0.183323 0.918068
21.5121 -14.9195 65.7048 -0.349857 -0.186314 0.918089
20.9554 -13.8598 65.7073 -0.344968 -0.185163 0.920169
20.4979 -13.1741 65.6738 -0.345017 -0.186357 0.919909
19.9207 -12.2374 65.6459 -0.343915 -0.185887 0.920416
19.3016 -11.3336 65.5957 -0.34156 -0.182061 0.922058
18.7347 -10.4925 65.5531 -0.339962 -0.179976 0.923054
18.2431 -9.81338 65.5037 -0.338712 -0.178661 0.923772
17.6354 -9.00553 65.4366 -0.334171 -0.17426 0.926263
17.179 -8.3658 65.3915 -0.335385 -0.172504 0.926153
16.5231 -7.515 65.3088 -0.33608 -0.165601 0.927152
16.009 -6.90218 65.2303 -0.334776 -0.161894 0.928286
15.2946 -6.09484 65.1072 -0.32939 -0.150991 0.932022
14.5547 -5.36176 64.9693 -0.32147 -0.142706 0.936064
14.0155 -4.82158 64.8612 -0.322099 -0.134111 0.937159
13.3639 -4.13345 64.7427 -0.314472 -0.120225 0.941622
12.783 -3.57158 64.6209 -0.302518 -0.119739 0.945576
12.1289 -3.02458 64.4768 -0.29289 -0.102574 0.95062
11.4168 -2.43023 64.327 -0.271421 -0.10382 0.956822
10.7423 -1.83912 64.1871 -0.266722 -0.0708808 0.961163
10.1084 -1.25513 64.0589 -0.251313 -0.0481403 0.966652
9.4495 -0.740876 63.9275 -0.226741 -0.0482506 0.972758
8.88554 -0.229422 63.8228 -0.218458 -0.0223737 0.975193
8.04168 0.62511 63.6754 -0.154972 0.00164988 0.987918
7.53851 1.26038 63.5994 -0.118894 0.0445832 0.991609
6.92953 1.92575 63.5049 -0.104866 0.0959989 0.989814
6.28963 2.54788 63.379 -0.117308 0.0816765 0.989726
5.56809 3.14498 63.2262 -0.0924507 0.143343 0.98527
4.69014 3.67891 63.0881 -0.0457155 0.125491 0.990782
3.99719 3.96192 63.0357 -0.0340668 0.108321 0.993527
3.17043 4.22382 62.967 -0.0499205 0.126695 0.990685
2.22862 4.4629 62.8256 -0.127493 0.118565 0.984727
1.15919 4.74981 62.7004 -0.112699 0.129414 0.984555
0.222524 4.97847 62.5278 -0.137764 0.138508 0.980601
-0.728031 5.15685 62.3844 -0.119339 0.136388 0.98343
-1.76659 5.26159 62.1894 -0.214497 0.0899841 0.971624
-2.78895 5.3511 61.9485 -0.212801 0.0364629 0.976415
-3.92215 5.43573 61.6922 -0.230804 0.0589793 0.971211
-4.7539 5.4807 61.4742 -0.267097 0.060992 0.961738
-5.77849 5.55534 61.1778 -0.309714 -0.0251295 0.950498
-6.67979 5.59267 60.8906 -0.31317 -0.0421321 0.94856
-7.7662 5.67598 60.5248 -0.314956 -0.0568381 0.947403
-8.47509 5.78067 60.3039 -0.298888 -0.0828205 0.950371
-9.27207 5.88697 60.0444 -0.338628 -0.0989184 0.935706
-10.3356 5.98194 59.6617 -0.352406 -0.122278 0.927825
-11.2047 6.01928 59.3525 -0.322448 -0.148683 0.934752
-12.2506 6.0301 58.9805 -0.329724 -0.157089 0.930909
-13.2517 5.98692 58.6005 -0.345332 -0.184952 0.920075
-14.2499 5.88838 58.2074 -0.339839 -0.191206 0.920809
-15.0954 5.90989 57.9049 -0.335253 -0.215997 0.917034
-16.2084 5.8117 57.4784 -0.325996 -0.250588 0.911555
-16.9535 5.75177 57.1955 -0.325907 -0.250578 0.91159
-17.6573 5.66581 56.9234 -0.308688 -0.269644 0.912127
-18.6125 5.49577 56.5438 -0.316659 -0.279968 0.906264
-19.5243 5.24177 56.1566 -0.307341 -0.294802 0.904762
-20.3471 5.02818 55.8133 -0.293409 -0.303791 0.906434
-21.1624 4.93274 55.5102 -0.294028 -0.318747 0.901081
-21.9846 4.76654 55.1901 -0.276974 -0.338527 0.899269
-22.7557 4.53794 54.861 -0.286739 -0.339366 0.895886
-23.6211 4.29518 54.4916 -0.2786 -0.35408 0.892754
-24.2978 4.05626 54.1875 -0.277765 -0.360104 0.890562
-25.069 3.74158 53.8117 -0.276698 -0.367366 0.88794
-25.9796 3.34989 53.3592 -0.277055 -0.377876 0.883429
-26.7118 2.99819 52.9803 -0.279372 -0.379601 0.88195
-27.4478 2.73309 52.6307 -0.285567 -0.373407 0.88261
-28.0868 2.44646 52.2992 -0.289669 -0.373603 0.8812
-28.7805 2.11179 51.9255 -0.295299 -0.373943 0.879185
-29.3726 1.78219 51.5863 -0.29309 -0.379623 0.877482
-30.1285 1.32562 51.1368 -0.294366 -0.376959 0.878209
-30.7026 0.94253 50.7765 -0.300996 -0.376265 0.876257
-31.3114 0.537356 50.3924 -0.301196 -0.377781 0.875535
-31.9349 0.0948081 49.9858 -0.30483 -0.37278 0.876421
-32.5462 -0.368717 49.5748 -0.306905 -0.374531 0.874949
-33.1553 -0.862835 49.1488 -0.310074 -0.372972 0.874486
-33.7332 -1.4231 48.7075 -0.312003 -0.369827 0.875146
-34.4308 -2.06908 48.1831 -0.314666 -0.370098 0.874077
-34.99 -2.58441 47.7646 -0.316013 -0.369409 0.873882
-35.5138 -3.06336 47.3736 -0.317223 -0.365043 0.875279
-36.1647 -3.72381 46.8604 -0.320635 -0.363508 0.874674
-36.6824 -4.26158 46.4469 -0.320898 -0.361655 0.875343
-37.188 -4.87972 46.0072 -0.32587 -0.35777 0.875105
-37.63 -5.4319 45.6172 -0.325577 -0.354331 0.876607
-38.3151 -6.30051 45.0141 -0.32706 -0.352188 0.876924
-38.8971 -7.10729 44.4756 -0.330318 -0.346706 0.877886
-39.3398 -7.60455 44.1132 -0.330391 -0.341949 0.879723
-39.7893 -8.3448 43.6571 -0.331961 -0.340281 0.879779
-40.2927 -9.23804 43.1258 -0.332008 -0.334083 0.882132
-40.7311 -9.89332 42.7124 -0.332634 -0.332637 0.882444
-41.1262 -10.6347 42.2862 -0.332996 -0.329706 0.883407
-41.4307 -11.4599 41.8676 -0.333018 -0.324412 0.885357
-41.6721 -12.3402 41.4571 -0.332266 -0.320144 0.887191
-41.7307 -13.0367 41.1837 -0.334066 -0.318425 0.887131
-40.9709 -13.424 41.3294 -0.331857 -0.316943 0.888492
-39.9729 -13.8431 41.552 -0.329842 -0.316428 0.889426
-39.0826 -14.2254 41.7467 -0.330676 -0.315525 0.889437
-38.2483 -14.5041 41.958 -0.330762 -0.31549 0.889417
-37.2318 -14.8697 42.2069 -0.331393 -0.314892 0.889394
-36.0523 -15.3507 42.4756 -0.330756 -0.315299 0.889487
-35.1342 -15.1717 42.8791 -0.328489 -0.314676 0.890547
-34.7196 -14.5726 43.2444 -0.328554 -0.31747 0.88953
-34.3244 -13.848 43.6485 -0.328588 -0.31874 0.889062
-33.9089 -13.109 44.0683 -0.327471 -0.320104 0.888986
-33.3988 -12.3481 44.5318 -0.326804 -0.323691 0.887932
-32.9062 -11.579 44.9962 -0.32746 -0.328024 0.886098
-32.4035 -10.8209 45.4632 -0.327043 -0.330129 0.88547
-31.955 -10.2158 45.8558 -0.327672 -0.333472 0.883984
-31.3065 -9.39991 46.405 -0.328837 -0.334422 0.883192
-30.7115 -8.76801 46.8665 -0.329409 -0.335798 0.882456
-29.9769 -8.08652 47.4003 -0.329343 -0.337182 0.881952
-29.3851 -7.61123 47.8046 -0.329754 -0.339265 0.881
-28.8406 -7.18999 48.1709 -0.332132 -0.340064 0.879798
-28.0103 -6.55064 48.7322 -0.33106 -0.341345 0.879706
-27.4712 -6.11758 49.1035 -0.332495 -0.340389 0.879535
-26.8276 -5.58319 49.5528 -0.336118 -0.338845 0.878753
-26.287 -5.19574 49.9083 -0.336853 -0.336037 0.879551
-25.5091 -4.69771 50.3981 -0.339593 -0.332793 0.87973
-24.7273 -4.27183 50.8622 -0.340116 -0.330642 0.880335
-24.1216 -3.96151 51.2137 -0.346235 -0.323776 0.880506
-23.2359 -3.60056 51.6953 -0.347434 -0.316633 0.882628
-22.2747 -3.19494 52.2239 -0.35554 -0.31199 0.881052
-21.329 -2.81677 52.7414 -0.360915 -0.30669 0.880726
-20.4444 -2.50904 53.2102 -0.362519 -0.300166 0.882315
-19.7278 -2.25529 53.5921 -0.371192 -0.292285 0.881355
-19.0236 -2.02956 53.9622 -0.369035 -0.291074 0.88266
-18.307 -1.83775 54.327 -0.372349 -0.282182 0.884155
-17.5364 -1.68642 54.6998 -0.372271 -0.28217 0.884191
-16.7833 -1.55833 55.0603 -0.37792 -0.276393 0.883619
-16.1068 -1.4329 55.3899 -0.38017 -0.274804 0.883149
-15.2058 -1.29874 55.8184 -0.380348 -0.273761 0.883397
-14.4918 -1.22815 56.1481 -0.380858 -0.273044 0.883399
-13.7308 -1.2048 56.4841 -0.38283 -0.273256 0.882481
-12.8715 -1.21526 56.8542 -0.385182 -0.272725 0.881621
-11.9697 -1.22943 57.244 -0.383674 -0.275793 0.881325
-11.2491 -1.22094 57.5588 -0.378198 -0.278075 0.882965
-10.4562 -1.26095 57.8828 -0.375047 -0.282438 0.88293
-9.63784 -1.35412 58.2001 -0.371681 -0.28429 0.883761
-8.75622 -1.44824 58.5359 -0.367987 -0.296869 0.881162
-8.02837 -1.52265 58.8166 -0.369924 -0.298301 0.879871
-6.8053 -1.73388 59.2513 -0.369485 -0.310449 0.875842
-5.99814 -1.98416 59.5013 -0.365943 -0.316722 0.875065
-5.21924 -2.15882 59.7522 -0.354792 -0.329209 0.875068
-4.32758 -2.35163 60.0331 -0.341123 -0.324328 0.882232
-4.14107 -2.3951 60.0881 -0.329885 -0.31711 0.889147
-4.40314 -3.60097 59.5293 -0.34176 -0.334629 0.878179
-3.40175 -3.90448 59.7939 -0.334539 -0.341387 0.878373
-2.54772 -4.15319 60.013 -0.322088 -0.339333 0.883794
-1.73085 -4.46878 60.1828 -0.312246 -0.340166 0.887012
-1.03064 -4.78313 60.3112 -0.306302 -0.332619 0.891932
-0.20141 -5.09447 60.4814 -0.309875 -0.32717 0.892713
0.56086 -5.40876 60.6285 -0.301485 -0.324323 0.896613
1.46781 -5.80846 60.787 -0.308236 -0.317685 0.896644
2.21592 -6.26103 60.8865 -0.29732 -0.313207 0.901943
3.11307 -6.76383 61.0215 -0.30515 -0.298476 0.904321
3.90288 -7.24078 61.1415 -0.314447 -0.284646 0.905594
4.80315 -7.75815 61.2915 -0.307336 -0.275503 0.910847
5.80104 -8.38901 61.4547 -0.315863 -0.255306 0.913764
6.59312 -8.94688 61.5819 -0.321612 -0.247677 0.913905
7.17036 -9.44214 61.656 -0.326243 -0.238604 0.914677
7.92631 -10.1494 61.7446 -0.32941 -0.231143 0.915457
8.7611 -10.9961 61.8365 -0.335476 -0.226481 0.914419
9.35442 -11.6372 61.8976 -0.338334 -0.218575 0.915289
9.92127 -12.2554 61.9589 -0.338788 -0.215497 0.915845
10.5668 -13.0056 62.0237 -0.338737 -0.210646 0.916995
11.1236 -13.6309 62.0887 -0.339263 -0.205641 0.917939
11.7399 -14.3307 62.1622 -0.340295 -0.200985 0.918588
12.2603 -14.9415 62.2207 -0.338994 -0.200028 0.919278
12.7199 -15.5348 62.2611 -0.339263 -0.19992 0.919202
13.1838 -16.3251 62.2618 -0.337245 -0.19589 0.920811
13.608 -17.0893 62.256 -0.33897 -0.195405 0.92028
14.1477 -18.0032 62.2619 -0.343236 -0.193726 0.919054
14.7151 -19.053 62.2528 -0.343842 -0.194014 0.918766
15.0705 -19.7734 62.2339 -0.34178 -0.193317 0.919681
15.4669 -20.5398 62.2208 -0.342433 -0.193935 0.919308
15.7906 -21.389 62.162 -0.345911 -0.193526 0.918092
16.0775 -22.2438 62.0895 -0.346623 -0.194239 0.917673
16.3903 -23.0703 62.0329 -0.347552 -0.195539 0.917044
16.7455 -24.0386 61.9627 -0.353952 -0.194437 0.914828
16.9741 -24.758 61.8985 -0.356002 -0.195648 0.913775
17.2707 -25.6729 61.8196 -0.357212 -0.194914 0.913459
17.4942 -26.6849 61.6919 -0.360394 -0.193058 0.912602
17.6664 -27.6027 61.5659 -0.362323 -0.193802 0.911681
17.8413 -28.588 61.4279 -0.365645 -0.191706 0.910795
18.0633 -29.6382 61.2971 -0.368291 -0.190663 0.909949
18.1891 -30.8239 61.1018 -0.369976 -0.190083 0.909386
18.1393 -31.8323 60.8733 -0.372677 -0.186998 0.908924
18.1784 -32.8353 60.6846 -0.374309 -0.183933 0.908879
18.2283 -33.727 60.5257 -0.375863 -0.182602 0.908506
18.1791 -34.6277 60.3258 -0.376606 -0.180959 0.908527
18.1837 -35.6483 60.1258 -0.377034 -0.179868 0.908566
18.0936 -36.5226 59.9163 -0.377038 -0.178626 0.90881
17.8823 -37.8527 59.5703 -0.377715 -0.175543 0.909129
17.9934 -39.1333 59.3706 -0.377851 -0.174215 0.909328
18.953 -39.5871 59.6827 -0.378015 -0.174139 0.909274
19.7959 -39.9898 59.9565 -0.378228 -0.173057 0.909393
20.4807 -40.3383 60.1751 -0.37855 -0.172625 0.90934
21.1967 -40.6675 60.4109 -0.378813 -0.172045 0.909341
22.0426 -41.038 60.6935 -0.379246 -0.171769 0.909213
22.8036 -41.3127 60.9592 -0.379477 -0.171237 0.909217
23.562 -41.6195 61.2184 -0.379828 -0.170573 0.909195
24.304 -41.9639 61.4639 -0.380449 -0.170144 0.909016
25.1316 -42.2651 61.7543 -0.381047 -0.16985 0.90882
26.1117 -42.5664 62.109 -0.381205 -0.169776 0.908768
26.6038 -42.1239 62.3983 -0.381652 -0.169676 0.908599
26.7989 -41.3427 62.6262 -0.381696 -0.169782 0.908561
26.9601 -40.4531 62.8613 -0.381541 -0.171244 0.908351
27.0848 -39.5621 63.0813 -0.381354 -0.171482 0.908385
27.2174 -38.5114 63.336 -0.381153 -0.172095 0.908353
27.3192 -37.5297 63.5648 -0.381447 -0.172425 0.908167
27.3189 -36.6537 63.7317 -0.381338 -0.173597 0.907989
27.3613 -35.5831 63.9548 -0.380865 -0.174415 0.908031
27.4572 -34.685 64.1678 -0.381153 -0.174806 0.907835
27.4996 -33.9288 64.3316 -0.381018 -0.175177 0.907821
27.4926 -32.9488 64.5186 -0.380393 -0.176034 0.907917
27.4434 -32.0157 64.6793 -0.379756 -0.176748 0.908045
27.3828 -31.2407 64.8047 -0.379176 -0.177014 0.908236
27.2466 -30.32 64.9272 -0.378841 -0.177071 0.908364
27.1857 -29.311 65.0993 -0.377309 -0.178279 0.908765
27.1114 -28.5689 65.2139 -0.376505 -0.178145 0.909125
26.8968 -27.5058 65.3339 -0.376091 -0.178023 0.90932
26.811 -26.693 65.458 -0.374804 -0.178663 0.909726
26.6511 -25.8042 65.5667 -0.372923 -0.179349 0.910364
26.4203 -24.8113 65.6672 -0.371658 -0.178965 0.910955
26.1919 -23.7905 65.7759 -0.369819 -0.179143 0.911669
26.0005 -23.0629 65.8404 -0.367735 -0.180161 0.912312
25.7375 -22.1802 65.9079 -0.367492 -0.178277 0.91278
25.477 -21.3956 65.9584 -0.364787 -0.180853 0.913358
25.1005 -20.2084 66.0427 -0.361798 -0.180319 0.914651
24.8579 -19.432 66.099 -0.36039 -0.180694 0.915131
24.4944 -18.4356 66.1529 -0.358548 -0.17911 0.916168
24.0751 -17.5206 66.1698 -0.355615 -0.17879 0.917372
23.7087 -16.8039 66.1695 -0.353243 -0.180026 0.918046
23.3401 -15.9878 66.1881 -0.351038 -0.180809 0.918738
22.8936 -14.9705 66.2178 -0.348449 -0.182205 0.919447
22.4539 -14.0463 66.2342 -0.345012 -0.180023 0.921171
21.9651 -13.1884 66.2199 -0.345458 -0.182176 0.920582
21.4691 -12.4541 66.1799 -0.342809 -0.182038 0.921597
21.0632 -11.7597 66.1652 -0.341823 -0.180783 0.922212
20.5157 -10.9936 66.112 -0.341559 -0.178352 0.922783
20.0066 -10.1998 66.0776 -0.339305 -0.178165 0.92365
19.2438 -9.08873 66.0084 -0.339207 -0.17301 0.924665
18.568 -8.26 65.9155 -0.338626 -0.169523 0.925517
18.0863 -7.55082 65.8653 -0.334574 -0.163106 0.928147
17.4275 -6.6692 65.7799 -0.336772 -0.15715 0.92838
16.7063 -5.83472 65.6595 -0.335684 -0.146367 0.930518
16.0533 -5.06591 65.5403 -0.336864 -0.140155 0.931064
15.4714 -4.48278 65.413 -0.335018 -0.129206 0.933311
14.8707 -3.92095 65.2813 -0.329195 -0.113256 0.937445
14.2777 -3.28008 65.1505 -0.319003 -0.114199 0.940787
13.4691 -2.51946 64.96 -0.313659 -0.0935408 0.944897
12.7711 -1.91778 64.7839 -0.312515 -0.0728386 0.947099
12.0977 -1.34244 64.6111 -0.298862 -0.0701708 0.951658
11.5142 -0.812123 64.4655 -0.27815 -0.0395337 0.959724
10.7101 -0.109057 64.2546 -0.25704 0.00209212 0.966203
9.94462 0.504799 64.0606 -0.228192 0.0378925 0.972878
9.33375 1.07311 63.8941 -0.17144 0.0549824 0.983659
8.71557 1.78231 63.7269 -0.192065 0.091436 0.977113
8.09874 2.53472 63.5642 -0.129964 0.128391 0.983171
7.52831 3.15402 63.4098 -0.114261 0.16481 0.979685
6.88077 3.78349 63.2128 -0.0428609 0.270073 0.961885
6.1435 4.40198 63.036 -0.0021551 0.229853 0.973223
5.4551 4.7879 62.9372 -0.0178955 0.240361 0.967839
4.71122 5.07747 62.8411 -0.0199388 0.306094 0.951638
3.93813 5.31314 62.7363 -0.0174252 0.283895 0.958295
3.02733 5.55125 62.6675 -0.00956184 0.269325 0.962972
2.2739 5.75034 62.6108 -0.0205344 0.225145 0.972469
1.55484 5.95935 62.5244 -0.0746725 0.199379 0.977073
0.836825 6.16091 62.4151 -0.128473 0.202726 0.970744
0.022651 6.34911 62.2701 -0.0770764 0.212046 0.974215
-0.901741 6.50315 62.1574 -0.108787 0.23373 0.966006
-2.06106 6.60642 61.9584 -0.180917 0.134606 0.974224
-2.96572 6.71295 61.7874 -0.165344 0.110624 0.980012
-3.95879 6.73498 61.5909 -0.213543 0.128436 0.968454
-4.74092 6.76935 61.4104 -0.218177 0.087006 0.972023
-5.54863 6.8556 61.2057 -0.23813 0.0610648 0.968981
-6.33366 6.90517 61.0131 -0.299653 0.0133405 0.953955
-7.38167 6.92625 60.7146 -0.276471 -0.0261933 0.960353
-8.15915 7.00237 60.4734 -0.29345 -0.038206 0.955178
-8.98445 7.12319 60.2276 -0.293238 -0.0455621 0.954953
-9.80144 7.22976 59.9827 -0.31893 -0.0843386 0.944018
-10.8214 7.29594 59.6621 -0.300981 -0.109716 0.947153
-11.6665 7.31332 59.3853 -0.304208 -0.124169 0.944479
-12.5152 7.31094 59.0984 -0.326154 -0.140683 0.93479
-13.2922 7.23851 58.8219 -0.331288 -0.169337 0.92821
-14.0043 7.1769 58.5603 -0.319041 -0.178607 0.930686
-14.7796 7.19085 58.3042 -0.309701 -0.187393 0.932185
-15.5695 7.17688 58.0353 -0.312175 -0.209609 0.926612
-16.3192 7.10689 57.7708 -0.311066 -0.234629 0.920971
-17.317 6.99249 57.4179 -0.296785 -0.248243 0.922035
-18.3759 6.84957 57.0366 -0.28578 -0.2735 0.918387
-19.1906 6.68509 56.7253 -0.281283 -0.285113 0.916182
-19.9117 6.4801 56.441 -0.277547 -0.302302 0.911911
-20.8107 6.22023 56.0766 -0.26921 -0.31842 0.90892
-21.69 6.07875 55.7661 -0.261314 -0.333631 0.905762
-22.6363 5.91212 55.4247 -0.266842 -0.341137 0.901344
-23.3666 5.69992 55.1282 -0.270334 -0.347581 0.897798
-24.2016 5.4568 54.7861 -0.255007 -0.370353 0.893202
-25.2836 5.04326 54.2955 -0.259614 -0.377109 0.889038
-26.2126 4.65148 53.8511 -0.263329 -0.388229 0.883109
-27.0123 4.26644 53.4354 -0.268765 -0.392307 0.879694
-27.723 3.9552 53.0747 -0.275051 -0.393297 0.877305
-28.5146 3.64915 52.6877 -0.278452 -0.394599 0.875646
-29.1266 3.36048 52.3604 -0.284955 -0.392992 0.874276
-29.8158 3.00448 51.9746 -0.286808 -0.389316 0.875314
-30.5176 2.59238 51.5606 -0.290054 -0.390211 0.873843
-31.3649 2.01727 51.0202 -0.291842 -0.391216 0.872799
-32.1014 1.55085 50.5632 -0.296617 -0.386769 0.873171
-32.731 1.10974 50.1514 -0.301221 -0.384467 0.872612
-33.4428 0.570297 49.6675 -0.303377 -0.382306 0.872814
-34.0671 0.0557085 49.2232 -0.308123 -0.380525 0.871922
-34.6291 -0.464602 48.7997 -0.310487 -0.378027 0.872175
-35.1124 -0.933492 48.4229 -0.311952 -0.376106 0.872485
-35.7749 -1.56052 47.9139 -0.316093 -0.373756 0.872001
-36.2858 -1.98878 47.5469 -0.318359 -0.37183 0.871999
-36.9581 -2.67793 47.0066 -0.319856 -0.369788 0.872324
-37.3844 -3.18018 46.6377 -0.325118 -0.36481 0.872474
-37.8448 -3.65813 46.2666 -0.323869 -0.363995 0.873278
-38.431 -4.34387 45.7633 -0.325979 -0.360421 0.873968
-39.088 -5.15988 45.1851 -0.326875 -0.357593 0.874802
-39.661 -5.90342 44.6692 -0.330446 -0.353736 0.875029
-40.3062 -6.73594 44.0907 -0.332189 -0.347948 0.876688
-40.7737 -7.56131 43.5895 -0.332216 -0.342392 0.878863
-41.1081 -8.16714 43.2276 -0.33206 -0.33879 0.880316
-41.584 -8.84943 42.7849 -0.335409 -0.337721 0.879457
-42.024 -9.568 42.3454 -0.336135 -0.332153 0.881297
-42.3117 -10.2604 41.9767 -0.335455 -0.328346 0.882982
-42.594 -10.9339 41.6206 -0.334559 -0.324885 0.884601
-42.8405 -11.5811 41.2916 -0.33384 -0.321318 0.886175
-43.127 -12.4402 40.8722 -0.334183 -0.320745 0.886253
-43.3241 -13.1097 40.5581 -0.335205 -0.317256 0.887122
-42.7322 -14.0531 40.4453 -0.334578 -0.314398 0.888375
-41.7962 -14.4156 40.6678 -0.33265 -0.31444 0.889085
-41.0436 -14.6374 40.8706 -0.331736 -0.314623 0.889361
-40.1051 -15.0273 41.0826 -0.331035 -0.314626 0.889621
-38.9858 -15.4959 41.333 -0.331141 -0.313632 0.889933
-37.9099 -15.8253 41.6175 -0.331365 -0.31372 0.889819
-37.06 -16.2081 41.7997 -0.331578 -0.312043 0.890329
-36.237 -16.5837 41.9746 -0.3314 -0.311352 0.890637
-35.5233 -16.8155 42.1586 -0.330742 -0.311221 0.890927
-34.6053 -16.7634 42.5172 -0.330016 -0.310772 0.891353
-34.2054 -16.2525 42.8434 -0.330022 -0.310774 0.89135
-33.8667 -15.6242 43.1887 -0.328852 -0.31291 0.891035
-33.5222 -15.0339 43.5231 -0.329145 -0.312923 0.890922
-33.1402 -14.3258 43.9155 -0.329797 -0.316648 0.889364
-32.6653 -13.5553 44.3658 -0.328403 -0.31867 0.889157
-32.2661 -12.9374 44.7362 -0.328384 -0.322173 0.887901
-31.8133 -12.2564 45.1504 -0.328193 -0.324231 0.887219
-31.4468 -11.6666 45.5025 -0.32686 -0.325682 0.887183
-30.8978 -10.9557 45.9694 -0.328086 -0.329926 0.88516
-30.2449 -10.2293 46.4853 -0.326385 -0.335047 0.883864
-29.5493 -9.47753 47.0287 -0.32799 -0.336665 0.882655
-28.8888 -8.88843 47.5 -0.329772 -0.337737 0.881581
-28.2516 -8.38482 47.9325 -0.333071 -0.338796 0.879932
-27.6793 -7.94665 48.3176 -0.334889 -0.338872 0.879211
-27.0267 -7.42009 48.7711 -0.336702 -0.339051 0.878451
-26.4768 -6.95663 49.1618 -0.339358 -0.33577 0.878689
-25.8173 -6.39774 49.6317 -0.344028 -0.335182 0.877096
-25.2247 -5.98924 50.0201 -0.343836 -0.33348 0.877819
-24.2466 -5.44807 50.6109 -0.350033 -0.328771 0.877147
-23.5528 -5.06182 51.0317 -0.353738 -0.326507 0.876493
-22.7328 -4.74428 51.4809 -0.356154 -0.319215 0.878212
-21.9651 -4.428 51.9093 -0.358303 -0.316229 0.878418
-21.3247 -4.15082 52.2758 -0.367066 -0.307883 0.877765
-20.5811 -3.87037 52.6885 -0.373228 -0.302492 0.87702
-19.6332 -3.54491 53.2018 -0.377113 -0.293802 0.878323
-18.9203 -3.31958 53.5816 -0.382674 -0.289679 0.877295
-17.8801 -3.04821 54.1186 -0.38029 -0.281917 0.880848
-17.0926 -2.88529 54.512 -0.378571 -0.276958 0.883164
-16.2201 -2.72037 54.9402 -0.382203 -0.274436 0.882385
-15.2334 -2.58362 55.4087 -0.381256 -0.273655 0.883038
-14.309 -2.47359 55.8414 -0.380648 -0.27455 0.883022
-13.4164 -2.43118 56.2389 -0.378622 -0.278195 0.88275
-12.5028 -2.4654 56.6199 -0.374959 -0.285087 0.882111
-11.542 -2.45336 57.0339 -0.374585 -0.290478 0.880512
-10.6551 -2.46809 57.4063 -0.37082 -0.293523 0.8811
-9.92634 -2.54319 57.6856 -0.366241 -0.295655 0.882301
-8.94413 -2.65709 58.0476 -0.355999 -0.302967 0.884011
-8.01356 -2.7709 58.3881 -0.356665 -0.310645 0.881073
-6.90649 -2.94795 58.7747 -0.355567 -0.314545 0.880133
-5.92425 -3.19019 59.0837 -0.350426 -0.325656 0.87815
-4.91686 -3.46092 59.3804 -0.343407 -0.330926 0.878954
-4.66112 -3.53152 59.4537 -0.344905 -0.331926 0.877987
-4.72173 -4.74995 58.9579 -0.337808 -0.343687 0.876222
-5.62122 -4.47672 58.7149 -0.341858 -0.339026 0.876467
-6.43745 -4.26134 58.4766 -0.346087 -0.331607 0.877634
-7.16412 -4.09765 58.2553 -0.349172 -0.325066 0.878824
-7.96761 -4.00491 57.9671 -0.350302 -0.317949 0.88102
-8.81229 -3.93497 57.6541 -0.351161 -0.311902 0.882838
-9.63367 -3.78799 57.3774 -0.358719 -0.306387 0.88173
-10.3591 -3.67028 57.1233 -0.363665 -0.303727 0.880604
-11.1458 -3.67312 56.7976 -0.360845 -0.297296 0.883972
-12.1099 -3.73354 56.3774 -0.365548 -0.286755 0.88552
-13.1303 -3.66655 55.9723 -0.369625 -0.281238 0.885597
-14.0242 -3.69762 55.5837 -0.374515 -0.276004 0.885189
-14.7948 -3.7985 55.2224 -0.379572 -0.272675 0.884067
-15.7024 -3.90869 54.7967 -0.382214 -0.272271 0.883052
-16.3713 -4.04531 54.4626 -0.388074 -0.276576 0.87915
-17.3319 -4.22825 53.9829 -0.386593 -0.281291 0.878292
-18.107 -4.40452 53.5812 -0.386702 -0.285414 0.876922
-18.9311 -4.63888 53.1393 -0.388692 -0.292427 0.873731
-19.6236 -4.85787 52.7606 -0.385802 -0.302921 0.871433
-20.3314 -5.10529 52.3639 -0.378773 -0.307448 0.872924
-21.0066 -5.36417 51.9789 -0.373241 -0.311834 0.873754
-21.7003 -5.66842 51.5723 -0.370147 -0.315125 0.873879
-22.4323 -5.98324 51.1506 -0.364789 -0.321363 0.873873
-23.0809 -6.29047 50.7666 -0.357652 -0.330104 0.873565
-23.7237 -6.61677 50.3804 -0.356855 -0.332357 0.873032
-24.3338 -6.9644 50.0006 -0.34955 -0.33478 0.875061
-25.0566 -7.42146 49.5376 -0.346078 -0.337309 0.875468
-25.6514 -7.94458 49.1016 -0.344553 -0.340392 0.874881
-26.1565 -8.37199 48.739 -0.340281 -0.340631 0.876459
-26.6947 -8.80397 48.3632 -0.336173 -0.340653 0.878033
-27.2716 -9.24964 47.9689 -0.333906 -0.340844 0.87882
-27.8538 -9.67264 47.5853 -0.329704 -0.340679 0.88047
-28.3892 -10.1796 47.1907 -0.328277 -0.338036 0.882022
-28.9346 -10.7056 46.7883 -0.326145 -0.335527 0.88377
-29.3995 -11.3092 46.3886 -0.325655 -0.332207 0.8852
-29.8983 -11.7498 46.042 -0.324699 -0.3298 0.886455
-30.3891 -12.3238 45.6487 -0.325335 -0.324791 0.888068
-30.9175 -13.3006 45.1001 -0.32591 -0.323171 0.88845
-31.3239 -13.8396 44.757 -0.326466 -0.319638 0.889523
-31.7065 -14.3891 44.4197 -0.325982 -0.316022 0.890992
-32.0897 -15.0312 44.0515 -0.326417 -0.314638 0.89132
-32.5246 -15.8528 43.6034 -0.328255 -0.312105 0.891536
-32.8418 -16.5752 43.2355 -0.328925 -0.310756 0.891761
-33.2808 -17.4359 42.7747 -0.330571 -0.308333 0.891994
-33.6376 -18.0476 42.4306 -0.331021 -0.308157 0.891888
-34.1796 -18.5299 42.0621 -0.331918 -0.308288 0.89151
-35.3064 -18.1305 41.7811 -0.331558 -0.309719 0.891147
-36.2665 -17.8619 41.5169 -0.331995 -0.310086 0.890857
-36.9748 -17.5853 41.3495 -0.331845 -0.310432 0.890792
-37.7725 -17.1826 41.193 -0.331437 -0.310846 0.8908
-38.6606 -16.8039 40.9949 -0.331608 -0.311695 0.89044
-39.6503 -16.5189 40.7263 -0.331117 -0.312202 0.890444
-40.3866 -16.1558 40.5799 -0.331439 -0.312757 0.89013
-41.4006 -15.7108 40.3584 -0.332133 -0.313041 0.889772
-42.3978 -15.4884 40.0638 -0.333207 -0.313365 0.889256
-43.1669 -15.1617 39.8901 -0.333911 -0.312783 0.889196
-43.8271 -14.7887 39.7727 -0.335 -0.312077 0.889035
-44.6696 -14.4141 39.5863 -0.337 -0.312397 0.888166
-45.0459 -13.6738 39.7039 -0.336906 -0.313803 0.887705
-44.6013 -12.8104 40.1793 -0.337115 -0.315452 0.887042
-44.329 -11.9693 40.585 -0.337004 -0.319821 0.885518
-44.1021 -11.1181 40.9802 -0.336995 -0.322693 0.884479
-43.6649 -10.3786 41.4187 -0.338043 -0.326003 0.882864
-43.3428 -9.59451 41.8326 -0.336011 -0.331199 0.881705
-43.0666 -8.86323 42.2134 -0.337206 -0.334043 0.880174
-42.6981 -8.27064 42.5811 -0.339035 -0.338789 0.877654
-42.2895 -7.69144 42.961 -0.335731 -0.3408 0.878141
-41.8461 -6.91616 43.4348 -0.336175 -0.343694 0.876847
-41.3449 -6.0352 43.9753 -0.334644 -0.348472 0.875544
-40.7458 -5.22851 44.5304 -0.332483 -0.353497 0.874353
-40.3532 -4.69081 44.8991 -0.332053 -0.357501 0.872888
-39.8676 -4.09542 45.3274 -0.328829 -0.36223 0.872159
-39.4437 -3.52103 45.7266 -0.328539 -0.362973 0.871959
-38.9118 -2.9072 46.1841 -0.327297 -0.368206 0.87023
-38.4658 -2.38265 46.574 -0.325257 -0.368711 0.870778
-38.0038 -1.86582 46.9651 -0.322152 -0.375504 0.869031
-37.4376 -1.25414 47.4392 -0.320389 -0.375277 0.869778
-36.8555 -0.797956 47.8513 -0.319109 -0.378698 0.868767
-36.3339 -0.310645 48.2532 -0.316016 -0.381356 0.868735
-35.7387 0.245326 48.712 -0.311458 -0.382171 0.870019
-35.2694 0.721616 49.0912 -0.310088 -0.383906 0.869745
-34.7569 1.15184 49.4636 -0.308775 -0.385896 0.869334
-34.0681 1.72538 49.9621 -0.302622 -0.393902 0.867906
-33.3003 2.26751 50.473 -0.29887 -0.393596 0.869342
-32.6044 2.74404 50.9281 -0.294444 -0.394469 0.870458
-32.0316 3.12374 51.2958 -0.291369 -0.399414 0.869234
-31.1461 3.70877 51.8576 -0.287918 -0.398039 0.871016
-30.5614 4.04338 52.2023 -0.282652 -0.401622 0.871086
-29.9243 4.37601 52.5645 -0.282599 -0.405253 0.86943
-29.1536 4.73091 52.9759 -0.279289 -0.409663 0.868432
-28.5305 5.00932 53.3026 -0.269418 -0.405023 0.873704
-27.624 5.41463 53.7651 -0.264996 -0.403108 0.875945
-26.6386 5.87136 54.2684 -0.260053 -0.397938 0.879783
-25.6995 6.24327 54.6999 -0.24439 -0.394348 0.885869
-24.8401 6.57694 55.0835 -0.243069 -0.381768 0.891723
-24.1689 6.78 55.3514 -0.233876 -0.372462 0.898062
-23.2924 7.04594 55.69 -0.244942 -0.363984 0.898581
-22.4535 7.21926 55.9788 -0.241332 -0.34504 0.907031
-21.5842 7.37432 56.2698 -0.251587 -0.337914 0.906849
-20.6178 7.61192 56.615 -0.252365 -0.312309 0.915842
-19.8707 7.83664 56.8956 -0.246403 -0.295898 0.922886
-19.0564 8.02926 57.1851 -0.262429 -0.277171 0.924256
-18.2837 8.15322 57.4388 -0.271381 -0.254864 0.928053
-17.1842 8.28922 57.7968 -0.27769 -0.232209 0.932066
-16.444 8.37791 58.0289 -0.280946 -0.217527 0.934625
-15.5676 8.45243 58.3096 -0.275304 -0.196251 0.941113
-14.4163 8.43225 58.6586 -0.284377 -0.175909 0.942436
-13.6724 8.48194 58.9058 -0.293707 -0.155684 0.943132
-12.8051 8.61823 59.1955 -0.29027 -0.129396 0.948136
-12.0425 8.60119 59.4283 -0.298566 -0.120928 0.946671
-11.0971 8.57657 59.7132 -0.280993 -0.100897 0.954391
-10.2758 8.56049 59.9526 -0.266576 -0.080999 0.960404
-9.20551 8.46045 60.2464 -0.260686 -0.0637804 0.963111
-8.44996 8.35459 60.4276 -0.253332 -0.0255702 0.966419
-7.70043 8.22569 60.643 -0.25784 0.00400542 0.965985
-6.73402 8.22609 60.8854 -0.235925 0.0235823 0.971364
-6.00234 8.20603 61.0494 -0.209578 0.0278801 0.977394
-5.04295 8.11004 61.2384 -0.169652 0.0573797 0.983832
-4.28775 8.03727 61.3793 -0.209301 0.102064 0.972507
-3.5029 8.04054 61.5036 -0.144619 0.159258 0.976587
-2.61795 7.98576 61.6406 -0.105999 0.214248 0.971011
-1.74967 7.88378 61.7525 -0.0812638 0.23042 0.968558
-0.799235 7.80692 61.8319 -0.0463162 0.281743 0.958358
0.1904 7.62044 61.9399 -0.059616 0.286363 0.956226
1.10072 7.38092 62.0692 -0.0101059 0.331245 0.94308
1.8709 7.14818 62.1462 0.0081021 0.349239 0.936999
3.01506 6.80517 62.2522 0.0189229 0.368351 0.929494
3.88745 6.59748 62.3089 0.0304986 0.355935 0.933933
4.68619 6.35859 62.3798 0.0319806 0.377445 0.925479
5.59476 6.08178 62.4602 0.0303323 0.378145 0.925245
6.41471 5.73401 62.5801 0.0169612 0.375713 0.926571
7.24827 5.30505 62.7292 -0.0185882 0.357562 0.932872
7.78785 4.7777 62.9646 -0.0445493 0.338844 0.939787
8.31886 4.19066 63.2014 -0.0910405 0.346868 0.932262
8.8747 3.55457 63.4674 -0.120207 0.254299 0.959346
9.42483 2.92104 63.7006 -0.140957 0.186651 0.971119
9.96819 2.28081 63.9145 -0.227206 0.142623 0.963346
10.7461 1.4537 64.2088 -0.268505 0.110643 0.956903
11.4732 0.936084 64.452 -0.299489 0.0647413 0.951901
12.1506 0.361258 64.6813 -0.307192 0.0134197 0.951553
12.6761 -0.148737 64.8531 -0.323803 -0.0439399 0.944995
13.2695 -0.708109 65.0365 -0.33211 -0.0513149 0.941828
13.9514 -1.29162 65.2358 -0.333222 -0.0733519 0.939991
14.7097 -1.92732 65.4467 -0.341078 -0.0894814 0.935767
15.2686 -2.47308 65.5944 -0.341652 -0.113992 0.932778
15.8532 -3.14142 65.7346 -0.35035 -0.118618 0.929061
16.7145 -4.02862 65.9323 -0.342452 -0.134203 0.929901
17.2868 -4.66942 66.0506 -0.341613 -0.139475 0.929418
18.0039 -5.45567 66.1906 -0.339915 -0.145135 0.92919
18.616 -6.17764 66.2958 -0.341152 -0.156732 0.92685
19.1163 -6.88581 66.3586 -0.339639 -0.160962 0.92668
19.5246 -7.52215 66.398 -0.341137 -0.165523 0.925324
20.049 -8.13003 66.4815 -0.340178 -0.168255 0.925186
20.6529 -8.89106 66.5635 -0.340632 -0.173509 0.924048
21.0313 -9.61791 66.5668 -0.340635 -0.17478 0.923806
21.5281 -10.325 66.6148 -0.340058 -0.176358 0.92372
22.0493 -11.067 66.6645 -0.341445 -0.177064 0.923073
22.4706 -11.8121 66.6767 -0.342559 -0.179653 0.922159
22.9817 -12.5576 66.7217 -0.341017 -0.178667 0.922922
23.4138 -13.2578 66.7455 -0.342501 -0.178121 0.922476
23.8397 -14.1244 66.7377 -0.345531 -0.177545 0.921457
24.2054 -14.9376 66.7198 -0.346875 -0.176849 0.921087
24.5726 -15.9347 66.6688 -0.350345 -0.174922 0.920142
25.0922 -16.8774 66.6876 -0.354337 -0.174028 0.918782
25.4638 -17.6759 66.6786 -0.357539 -0.176157 0.917134
25.8613 -18.6888 66.6386 -0.360242 -0.176726 0.915966
26.1553 -19.5846 66.5805 -0.36182 -0.177465 0.915199
26.393 -20.3941 66.5191 -0.36343 -0.177389 0.914577
26.7581 -21.4468 66.4605 -0.366005 -0.176073 0.913805
26.982 -22.1892 66.4066 -0.368417 -0.176246 0.912801
27.2517 -23.0824 66.3431 -0.368838 -0.177014 0.912482
27.4264 -23.9266 66.2505 -0.371372 -0.176109 0.91163
27.6777 -25.0198 66.1406 -0.373013 -0.177166 0.910754
27.9382 -26.2004 66.0184 -0.37493 -0.177005 0.909998
28.0887 -27.2053 65.8852 -0.375663 -0.17718 0.909662
28.221 -28.2509 65.7366 -0.378311 -0.177106 0.908578
28.3486 -29.4175 65.5626 -0.379392 -0.176771 0.908193
28.4857 -30.4946 65.4104 -0.379563 -0.1765 0.908174
28.5862 -31.4579 65.2653 -0.379817 -0.176029 0.908159
28.627 -32.2058 65.1376 -0.380216 -0.175695 0.908057
28.6595 -33.0895 64.9801 -0.380536 -0.17563 0.907935
28.6902 -33.9188 64.833 -0.380775 -0.17504 0.907949
28.652 -34.9628 64.6159 -0.380986 -0.174727 0.907921
28.5662 -35.9433 64.3915 -0.381201 -0.173915 0.907987
28.5336 -37.015 64.1731 -0.381004 -0.172646 0.908311
28.4755 -38.1582 63.9316 -0.381834 -0.172188 0.90805
28.3672 -38.9277 63.7401 -0.381946 -0.171741 0.908087
28.2591 -39.8534 63.5199 -0.381918 -0.171122 0.908216
28.1682 -40.6451 63.3329 -0.38174 -0.170757 0.908359
27.9816 -41.6772 63.0607 -0.381574 -0.17036 0.908504
27.7616 -42.7242 62.7723 -0.381458 -0.169864 0.908645
27.5126 -43.81 62.465 -0.381696 -0.16951 0.908611
26.7777 -44.2111 62.0815 -0.381623 -0.169655 0.908615
25.9095 -43.8831 61.7782 -0.381319 -0.169989 0.90868
24.9896 -43.5575 61.4532 -0.380978 -0.170009 0.908819
24.0278 -43.1718 61.1223 -0.380564 -0.169995 0.908995
23.3105 -42.8091 60.8901 -0.380367 -0.170244 0.909031
22.3499 -42.4566 60.5549 -0.379826 -0.170605 0.90919
21.2575 -42.0223 60.1804 -0.379317 -0.171271 0.909277
20.5258 -41.686 59.9389 -0.3791 -0.171664 0.909294
19.8342 -41.3587 59.7127 -0.378579 -0.171995 0.909448
19.0131 -40.9632 59.4458 -0.378383 -0.172137 0.909503
18.0964 -40.6058 59.1323 -0.378358 -0.173466 0.909261
17.2994 -40.3171 58.8557 -0.378571 -0.173417 0.909181
16.6042 -39.9197 58.6418 -0.379225 -0.173487 0.908895
16.4597 -39.1817 58.7224 -0.37895 -0.173384 0.909029
16.5605 -38.3934 58.9157 -0.379116 -0.174407 0.908765
16.6806 -37.6717 59.1051 -0.379104 -0.176025 0.908458
16.7896 -36.8973 59.3009 -0.378112 -0.177854 0.908515
16.9275 -35.9384 59.5467 -0.378493 -0.178921 0.908147
17.0023 -34.9724 59.769 -0.376904 -0.180853 0.908425
17.0003 -34.1537 59.9318 -0.377502 -0.182153 0.907917
17.0073 -33.2467 60.1185 -0.375387 -0.185249 0.908166
16.9646 -32.3914 60.2754 -0.373907 -0.187465 0.908322
16.919 -31.4823 60.4453 -0.373434 -0.189658 0.908062
16.954 -30.4541 60.6754 -0.37099 -0.191144 0.908752
16.8584 -29.5892 60.8199 -0.370071 -0.194382 0.90844
16.6246 -28.6569 60.9245 -0.366904 -0.196095 0.909356
16.5064 -27.8191 61.0576 -0.36347 -0.197528 0.910424
16.2604 -26.6308 61.217 -0.359064 -0.197542 0.912167
16.014 -25.6458 61.3343 -0.353558 -0.196343 0.914574
15.7049 -24.6411 61.4325 -0.35102 -0.200768 0.914587
15.3373 -23.6326 61.5115 -0.347019 -0.199968 0.91629
14.9875 -22.7242 61.5762 -0.344533 -0.198145 0.917625
14.7106 -21.8904 61.6527 -0.343269 -0.196855 0.918373
14.2849 -20.7754 61.7326 -0.339117 -0.196158 0.920066
13.8271 -20.0255 61.721 -0.33567 -0.193021 0.921992
13.3987 -19.1151 61.7532 -0.339058 -0.192138 0.920936
12.942 -18.3409 61.7475 -0.334763 -0.191212 0.922698
12.415 -17.4196 61.7481 -0.33747 -0.195088 0.920899
11.9568 -16.5977 61.7534 -0.338752 -0.194347 0.920585
11.2331 -15.611 61.6958 -0.342707 -0.197369 0.918476
10.7135 -14.9611 61.6423 -0.343144 -0.201326 0.917451
10.0423 -14.185 61.5597 -0.34371 -0.204792 0.916463
9.3705 -13.3937 61.4865 -0.343908 -0.212098 0.914725
8.8194 -12.7883 61.4221 -0.344549 -0.215844 0.913618
8.10857 -12.0688 61.33 -0.343167 -0.224761 0.911983
7.46856 -11.3914 61.2617 -0.339086 -0.228435 0.912596
6.88103 -10.8135 61.1925 -0.337236 -0.235992 0.911361
6.24883 -10.172 61.1287 -0.333642 -0.245972 0.910041
5.65799 -9.70728 61.0359 -0.331947 -0.252069 0.908964
4.95045 -9.2891 60.8962 -0.334411 -0.257788 0.906485
4.33175 -8.87061 60.7937 -0.333181 -0.271163 0.903029
3.67125 -8.4623 60.6776 -0.326545 -0.284103 0.901464
2.84762 -7.9563 60.5403 -0.325556 -0.296333 0.897872
1.97975 -7.46157 60.3909 -0.320129 -0.312428 0.894372
1.23985 -7.05745 60.268 -0.322484 -0.324747 0.889125
0.407325 -6.60325 60.14 -0.31101 -0.328653 0.891772
-0.54898 -6.20955 59.9497 -0.314899 -0.32829 0.890541
-1.52433 -5.84076 59.7383 -0.324322 -0.338014 0.883494
-2.31364 -5.44383 59.599 -0.331744 -0.341474 0.879398
-3.13183 -5.15916 59.4038 -0.329576 -0.346079 0.878407
-3.97605 -4.97364 59.1571 -0.333918 -0.344939 0.877218
-4.55676 -4.80061 59.0017 -0.337808 -0.34369 0.876221
-4.77574 -5.9443 58.4645 -0.33454 -0.348416 0.875608
-5.88302 -5.61584 58.172 -0.338129 -0.342266 0.876641
-7.04824 -5.35427 57.8295 -0.337985 -0.333296 0.88014
-7.87334 -5.27439 57.5407 -0.343456 -0.325366 0.880999
-8.7108 -5.19738 57.2386 -0.347713 -0.320648 0.881068
-9.44546 -5.09852 56.9875 -0.342774 -0.320794 0.882948
-10.2952 -4.86784 56.7365 -0.348329 -0.302188 0.887327
-11.1375 -4.94478 56.3777 -0.355076 -0.289373 0.888923
-12.1794 -4.9741 55.9511 -0.358643 -0.280086 0.890465
-13.2298 -4.88667 55.5494 -0.368371 -0.27533 0.887973
-14.1576 -5.00734 55.1249 -0.374697 -0.267926 0.887591
-15.0247 -5.09408 54.7316 -0.385344 -0.256995 0.886264
-15.7404 -5.24552 54.3727 -0.39207 -0.268157 0.879985
-16.6986 -5.39052 53.8964 -0.396507 -0.277691 0.875026
-17.8157 -5.64117 53.3088 -0.396998 -0.286831 0.871849
-18.781 -5.91507 52.7767 -0.397117 -0.295075 0.869039
-19.6341 -6.17536 52.2961 -0.391904 -0.309386 0.866425
-20.3902 -6.44745 51.8561 -0.379436 -0.320596 0.867898
-21.0242 -6.71377 51.4815 -0.376619 -0.318376 0.869938
-21.6805 -6.99694 51.0906 -0.37992 -0.327002 0.865217
-22.2325 -7.39507 50.7058 -0.373297 -0.330894 0.866694
-22.9376 -7.62802 50.3143 -0.361522 -0.336676 0.869453
-23.5094 -7.96853 49.9439 -0.354815 -0.342516 0.869918
-24.0799 -8.45721 49.5232 -0.351966 -0.341982 0.871303
-24.737 -8.8618 49.1021 -0.341842 -0.3469 0.873375
-25.3491 -9.37743 48.6558 -0.338127 -0.349263 0.873885
-26.0341 -9.87852 48.1933 -0.33221 -0.350267 0.87575
-26.6207 -10.3231 47.7982 -0.327773 -0.347434 0.878553
-27.4516 -11.1117 47.1827 -0.324649 -0.340691 0.882345
-27.9294 -11.5986 46.8189 -0.324552 -0.339857 0.882702
-28.5474 -12.3415 46.3127 -0.320373 -0.334046 0.886435
-29.0949 -12.8332 45.9321 -0.323165 -0.328297 0.887573
-29.4759 -13.4464 45.5691 -0.319777 -0.323365 0.890604
-29.9425 -14.1946 45.131 -0.319793 -0.321968 0.891105
-30.4366 -14.7709 44.7473 -0.322357 -0.317542 0.89177
-30.9402 -15.6457 44.2562 -0.325163 -0.311649 0.892829
-31.308 -16.2205 43.9212 -0.326786 -0.310834 0.892519
-31.6236 -17.0904 43.5057 -0.329019 -0.307101 0.892992
-31.9819 -17.7526 43.1458 -0.329195 -0.306231 0.893226
-32.375 -18.3506 42.7946 -0.331348 -0.307847 0.891874
-32.581 -19.1968 42.4272 -0.332174 -0.305257 0.892457
-32.9844 -20.0352 41.9898 -0.33515 -0.304556 0.891583
-33.7769 -20.0817 41.6768 -0.33402 -0.306958 0.891183
-34.7597 -19.5754 41.484 -0.333774 -0.307716 0.891014
-35.731 -19.2488 41.2346 -0.332559 -0.309507 0.890848
-36.4849 -19.0294 41.0296 -0.332179 -0.309744 0.890907
-37.4184 -18.6542 40.812 -0.331999 -0.309934 0.890908
-38.2854 -18.2046 40.6456 -0.331535 -0.31042 0.890912
-39.0206 -17.9622 40.4567 -0.331488 -0.31072 0.890825
-39.7463 -17.708 40.2753 -0.331423 -0.310822 0.890813
-40.5244 -17.4627 40.0716 -0.331265 -0.310908 0.890842
-41.1979 -17.0336 39.9708 -0.331603 -0.31122 0.890607
-41.9718 -16.7929 39.7663 -0.332368 -0.310364 0.890621
-42.9349 -16.5303 39.4979 -0.333052 -0.309924 0.890519
-43.9272 -16.0463 39.295 -0.333772 -0.310174 0.890162
-44.6101 -15.6955 39.1606 -0.335663 -0.310746 0.889251
-45.3566 -15.5508 38.9287 -0.336934 -0.309074 0.889353
-46.3162 -15.1872 38.6908 -0.338159 -0.308877 0.888956
-46.6342 -14.4714 38.818 -0.339957 -0.308986 0.888231
-46.3929 -13.7302 39.1698 -0.339507 -0.310502 0.887875
-46.1072 -12.7193 39.6357 -0.341678 -0.313473 0.885996
-45.6928 -12.0521 40.032 -0.339922 -0.317108 0.885376
-45.5247 -11.3725 40.3417 -0.339527 -0.320056 0.884467
-45.3404 -10.5612 40.7074 -0.340824 -0.322375 0.883126
-44.9077 -9.89882 41.118 -0.340942 -0.325894 0.881789
-44.5104 -9.21664 41.5241 -0.340185 -0.330545 0.880348
-44.2181 -8.2776 41.9924 -0.339966 -0.334261 0.879029
-43.7954 -7.56497 42.4296 -0.341174 -0.33863 0.876887
-43.1967 -6.8308 42.9485 -0.339931 -0.344237 0.875184
-42.7546 -5.83034 43.5173 -0.336326 -0.350822 0.873961
-42.287 -5.15776 43.9688 -0.335375 -0.354531 0.872829
-41.8026 -4.46363 44.4377 -0.33585 -0.356067 0.872021
-41.402 -3.90951 44.82 -0.336844 -0.362013 0.869171
-40.9546 -3.43483 45.1906 -0.331192 -0.364873 0.870161
-40.423 -2.66526 45.7167 -0.329288 -0.367604 0.869734
-39.9938 -2.15423 46.0955 -0.327808 -0.369796 0.869363
-39.5821 -1.60771 46.4846 -0.329337 -0.373276 0.867296
-38.997 -1.05955 46.9427 -0.326726 -0.376351 0.866954
-38.3938 -0.393931 47.4595 -0.324722 -0.38162 0.865395
-37.8534 0.0533566 47.8586 -0.318424 -0.38495 0.866268
-37.419 0.538493 48.2336 -0.31805 -0.384532 0.86659
-36.798 1.04608 48.6865 -0.312844 -0.389116 0.866439
-36.2761 1.60219 49.1244 -0.312395 -0.388956 0.866673
-35.5717 2.10065 49.6032 -0.305893 -0.396186 0.865717
-35.0005 2.6453 50.0546 -0.302588 -0.399563 0.865327
-34.4423 3.04795 50.4363 -0.303055 -0.400726 0.864625
-33.8284 3.45154 50.8359 -0.299425 -0.400864 0.865823
-33.1857 3.92039 51.2748 -0.293536 -0.405369 0.865744
-32.5732 4.29122 51.6549 -0.291351 -0.405455 0.866441
-31.8702 4.7649 52.1132 -0.292433 -0.411632 0.863144
-31.0319 5.18809 52.5914 -0.279662 -0.417251 0.86469
-30.4502 5.52844 52.9416 -0.278112 -0.41562 0.865975
-29.7318 5.82046 53.3107 -0.274502 -0.418234 0.865869
-29.16 6.16949 53.6546 -0.26287 -0.416092 0.870494
-28.5129 6.44606 53.9817 -0.261616 -0.413356 0.872178
-27.8769 6.72846 54.3046 -0.258438 -0.413037 0.873276
-27.1291 7.03917 54.6692 -0.249482 -0.414451 0.875208
-26.3734 7.32629 55.0121 -0.230305 -0.414521 0.88041
-25.6249 7.63354 55.3476 -0.224899 -0.407716 0.884979
-24.8482 7.90953 55.6654 -0.216083 -0.396875 0.892072
-24.1159 8.0449 55.9022 -0.19594 -0.383349 0.902513
-23.3291 8.31407 56.1978 -0.20046 -0.373739 0.905511
-22.519 8.48009 56.4464 -0.218094 -0.347475 0.911974
-21.7962 8.57762 56.654 -0.220487 -0.330914 0.917541
-21.0099 8.91765 56.9583 -0.219739 -0.300052 0.928269
-20.2849 9.04209 57.1746 -0.232 -0.297475 0.926112
-19.4384 9.25921 57.4481 -0.230156 -0.276379 0.933079
-18.6223 9.35217 57.6758 -0.223854 -0.248132 0.942473
-17.7368 9.4935 57.9406 -0.245292 -0.233392 0.940932
-16.9301 9.61906 58.1797 -0.229586 -0.22602 0.946533
-15.9944 9.68693 58.4352 -0.24616 -0.200856 0.948189
-15.2322 9.78751 58.6633 -0.263744 -0.165947 0.950149
-14.3523 9.72806 58.9045 -0.272426 -0.15529 0.949563
-13.6161 9.78629 59.126 -0.27373 -0.155276 0.94919
-12.6174 9.89999 59.4228 -0.271794 -0.120834 0.954739
-11.6329 9.85622 59.6966 -0.268048 -0.11149 0.956933
-10.7228 9.85322 59.9426 -0.252506 -0.104857 0.961897
-9.69544 9.79359 60.1978 -0.239257 -0.0724481 0.96825
-8.79577 9.7659 60.4028 -0.204824 -0.0257393 0.97846
-8.01478 9.63614 60.5631 -0.190514 0.00763722 0.981655
-7.1015 9.53521 60.7431 -0.208554 0.0276493 0.977313
-6.11005 9.5657 60.9322 -0.178861 0.0867405 0.980043
-5.33407 9.45205 61.0768 -0.151791 0.0924175 0.983898
-4.29301 9.32303 61.2017 -0.0926007 0.140329 0.985676
-3.30921 9.34554 61.2744 -0.0405257 0.177217 0.982778
-2.55061 9.30577 61.3219 -0.0644295 0.256811 0.964312
-1.76914 9.16801 61.4001 -0.0435237 0.254143 0.966187
-0.950119 9.13325 61.431 -0.0252845 0.281342 0.959274
-0.0972762 8.94933 61.5047 0.0237595 0.363176 0.931418
0.720021 8.79023 61.5446 0.0267061 0.363056 0.931385
1.55036 8.49147 61.6465 0.0193699 0.378673 0.925328
2.34935 8.25207 61.7189 0.0280405 0.355953 0.934083
3.20309 7.98012 61.7855 0.0623472 0.359861 0.93092
4.00687 7.75789 61.8223 0.0588125 0.372263 0.926221
4.94517 7.50022 61.8593 0.0665149 0.426377 0.902097
5.92671 7.25756 61.9098 0.0503536 0.44292 0.895146
6.65813 6.93047 62.0334 0.0420457 0.456882 0.888119
7.48594 6.63182 62.1456 0.0348808 0.482864 0.874979
8.20619 6.3104 62.2984 0.0224655 0.496887 0.867298
8.63977 5.76073 62.5834 -0.0196711 0.442329 0.896637
9.10149 5.24206 62.9021 -0.112998 0.390966 0.913443
9.63443 4.57711 63.2487 -0.140131 0.325666 0.935043
10.2427 3.88043 63.604 -0.171361 0.342596 0.923723
10.8007 3.33193 63.9113 -0.308541 0.187354 0.932371
11.3021 2.66808 64.2145 -0.278963 0.160589 0.945612
12.094 2.13541 64.551 -0.359149 0.14618 0.919824
12.6263 1.67649 64.8123 -0.398235 0.0242167 0.916964
13.1961 1.20893 65.0527 -0.36144 0.00449049 0.932385
13.6587 0.650014 65.2347 -0.361072 0.00505067 0.932524
14.2637 0.106012 65.4499 -0.363241 -0.0604447 0.929598
14.8975 -0.374945 65.6561 -0.359998 -0.067096 0.930537
15.5114 -1.02684 65.8362 -0.360029 -0.0846475 0.929093
16.0891 -1.58473 66.0136 -0.377973 -0.11086 0.919059
16.7866 -2.33155 66.1981 -0.374465 -0.124232 0.91888
17.3274 -2.91065 66.3243 -0.351741 -0.132957 0.926595
17.8765 -3.4596 66.45 -0.34604 -0.134431 0.928534
18.3898 -4.1046 66.5448 -0.345269 -0.141242 0.927813
18.9315 -4.67418 66.6578 -0.348335 -0.139415 0.926921
19.6099 -5.51051 66.777 -0.348685 -0.156856 0.924014
20.1615 -6.21803 66.86 -0.343507 -0.159188 0.92556
20.6585 -7.04943 66.8992 -0.340668 -0.164075 0.925756
21.4145 -7.72279 67.0593 -0.343559 -0.1678 0.924015
21.7763 -8.41082 67.0668 -0.342825 -0.170071 0.923876
22.1253 -9.1226 67.064 -0.341853 -0.17342 0.923612
22.6332 -9.71464 67.1393 -0.340864 -0.1759 0.92351
23.184 -10.5688 67.179 -0.340509 -0.176646 0.923498
23.6052 -11.3709 67.1809 -0.339321 -0.176881 0.923891
24.0357 -11.9947 67.2184 -0.338588 -0.178758 0.923799
24.4271 -12.6454 67.2364 -0.333801 -0.174956 0.926265
24.8395 -13.5078 67.2248 -0.337245 -0.170688 0.925814
25.3488 -14.3953 67.2495 -0.342894 -0.169194 0.924012
25.5709 -15.1899 67.1853 -0.348765 -0.1708 0.92151
25.8893 -15.9064 67.1751 -0.351559 -0.168802 0.920821
26.3836 -16.6854 67.2233 -0.356601 -0.16978 0.918697
26.7158 -17.6612 67.1693 -0.359451 -0.175299 0.916551
27.0516 -18.5227 67.1368 -0.357997 -0.172502 0.917644
27.4053 -19.4234 67.1064 -0.363956 -0.173149 0.91518
27.602 -20.179 67.0407 -0.364186 -0.174348 0.914861
27.8982 -21.0882 66.9858 -0.363948 -0.173634 0.915092
28.1258 -21.895 66.9239 -0.368141 -0.174125 0.91332
28.4203 -22.8954 66.8522 -0.368877 -0.174085 0.91303
28.5963 -23.8729 66.7379 -0.373207 -0.174839 0.911125
28.9226 -24.9148 66.6715 -0.373167 -0.175115 0.911088
29.0491 -25.8746 66.5391 -0.374599 -0.174726 0.910575
29.2602 -26.9007 66.4291 -0.377047 -0.175064 0.909499
29.3382 -27.7247 66.3029 -0.377474 -0.175276 0.909281
29.4716 -28.5321 66.2032 -0.379287 -0.174815 0.908614
29.5111 -29.3358 66.0642 -0.380237 -0.174318 0.908312
29.6556 -30.1806 65.9607 -0.38004 -0.176591 0.907957
29.6998 -30.9279 65.834 -0.379519 -0.17616 0.908258
29.8268 -31.8108 65.7165 -0.380249 -0.175049 0.908168
29.7891 -33.0191 65.4677 -0.381087 -0.175044 0.907817
29.8623 -33.8446 65.3392 -0.380995 -0.175086 0.907848
29.8518 -34.7619 65.158 -0.381033 -0.17359 0.908118
29.859 -35.5489 65.0095 -0.380914 -0.174779 0.907941
29.7398 -36.3931 64.7975 -0.380005 -0.173688 0.908531
29.7614 -37.2585 64.642 -0.380568 -0.172266 0.908566
29.6776 -38.0932 64.4487 -0.381165 -0.171758 0.908411
29.4943 -39.449 64.1157 -0.381837 -0.171444 0.908189
29.3731 -40.6577 63.8369 -0.381952 -0.171136 0.908199
29.2781 -41.515 63.6356 -0.381104 -0.17108 0.908565
29.084 -42.3442 63.3983 -0.381222 -0.170224 0.908677
28.9237 -43.0964 63.1905 -0.381209 -0.169777 0.908766
28.8125 -44.1073 62.9555 -0.381561 -0.169256 0.908715
28.3181 -45.139 62.5561 -0.381744 -0.168978 0.90869
27.7771 -45.8895 62.1889 -0.382195 -0.169058 0.908486
27.0445 -45.7777 61.9015 -0.382196 -0.169232 0.908453
26.4012 -45.4486 61.6922 -0.381919 -0.169498 0.90852
25.7341 -45.1564 61.4664 -0.382203 -0.169959 0.908314
24.9567 -44.8876 61.1905 -0.381174 -0.170591 0.908628
24.2137 -44.5715 60.9383 -0.380625 -0.170305 0.908912
23.2203 -44.0621 60.6175 -0.380527 -0.170233 0.908966
22.4917 -43.785 60.3647 -0.380319 -0.170557 0.908993
21.7533 -43.5898 60.0925 -0.380238 -0.171374 0.908873
20.8364 -43.1404 59.7939 -0.37965 -0.171697 0.909058
20.0232 -42.7965 59.5196 -0.379052 -0.172156 0.90922
19.3189 -42.4839 59.2854 -0.37836 -0.171888 0.909559
18.5141 -42.1003 59.0228 -0.378727 -0.171836 0.909416
17.4579 -41.6878 58.6611 -0.378516 -0.172386 0.9094
16.7221 -41.4106 58.4074 -0.378588 -0.172362 0.909375
16.0618 -41.1021 58.1908 -0.378837 -0.171843 0.909369
15.2954 -40.7574 57.9365 -0.379415 -0.17244 0.909015
14.9926 -39.9995 57.9538 -0.379905 -0.172492 0.908801
15.1839 -39.2423 58.1778 -0.379934 -0.173067 0.908679
15.2799 -38.337 58.3912 -0.380631 -0.174653 0.908084
15.4711 -37.6087 58.6121 -0.379976 -0.175382 0.908217
15.6058 -36.6755 58.8504 -0.379991 -0.177135 0.907871
15.7642 -35.524 59.1435 -0.378697 -0.179072 0.908032
15.8049 -34.7823 59.3083 -0.379539 -0.180912 0.907315
15.8085 -33.9171 59.4841 -0.379656 -0.18448 0.906548
15.8299 -33.1281 59.6545 -0.377104 -0.188707 0.906742
15.7982 -32.2481 59.8238 -0.376201 -0.189185 0.907017
15.7126 -31.2456 59.9997 -0.374253 -0.191103 0.90742
15.7689 -30.4613 60.1894 -0.371469 -0.192719 0.908223
15.6636 -29.6789 60.3142 -0.370081 -0.194925 0.908319
15.405 -28.8855 60.3819 -0.368231 -0.198151 0.908373
15.3107 -27.7353 60.5978 -0.366646 -0.200826 0.908424
15.1183 -26.9965 60.686 -0.360764 -0.202858 0.910329
14.9043 -26.0839 60.8062 -0.35519 -0.202104 0.912685
14.6491 -25.1322 60.9208 -0.349725 -0.202745 0.914651
14.3407 -24.2349 61.004 -0.343959 -0.204711 0.916393
14.0621 -23.4836 61.0653 -0.340711 -0.204138 0.917736
13.6853 -22.669 61.1048 -0.337999 -0.203896 0.918787
13.3551 -21.5447 61.2293 -0.33676 -0.197278 0.920687
12.7858 -20.5135 61.2401 -0.33043 -0.193421 0.923799
12.3847 -19.7199 61.2597 -0.333363 -0.190704 0.92331
11.9216 -18.9215 61.2571 -0.334626 -0.189699 0.92306
11.4968 -18.2849 61.2341 -0.334886 -0.190446 0.922812
11.0456 -17.3644 61.259 -0.336521 -0.191445 0.922008
10.5392 -16.7531 61.1986 -0.341376 -0.19022 0.920477
9.90309 -15.8421 61.15 -0.344698 -0.190135 0.919249
9.34815 -15.1852 61.0746 -0.36146 -0.191265 0.912402
8.75409 -14.4716 61.0022 -0.355803 -0.211023 0.910406
8.11662 -13.714 60.9329 -0.359471 -0.207254 0.909799
7.4618 -13.0685 60.8369 -0.348667 -0.233066 0.907756
6.82582 -12.3776 60.7706 -0.35154 -0.216422 0.910722
6.07879 -11.7585 60.6421 -0.350528 -0.2327 0.907177
5.37745 -10.9681 60.5816 -0.34417 -0.246953 0.905821
4.72327 -10.579 60.4384 -0.348703 -0.2507 0.903081
4.08449 -10.1717 60.3044 -0.361163 -0.281732 0.888925
3.3629 -9.64742 60.1856 -0.344695 -0.288339 0.893334
2.56096 -9.14737 60.0374 -0.345129 -0.289115 0.892915
1.83114 -8.70715 59.8984 -0.353252 -0.320057 0.879077
1.00288 -8.27659 59.7294 -0.345189 -0.328661 0.879106
0.140912 -7.7535 59.6193 -0.286467 -0.335352 0.896773
-0.879484 -7.3179 59.4216 -0.311166 -0.331695 0.890583
-1.7335 -7.02716 59.2177 -0.336304 -0.31949 0.885904
-2.71169 -6.51885 59.0308 -0.342242 -0.344102 0.874337
-3.45901 -6.32118 58.819 -0.33615 -0.345562 0.876122
