-5.54059 14.4938 2.37306 -0.181239 0.0942098 -0.978916
-4.65157 13.281 2.09705 -0.184144 0.0888814 -0.978836
-4.65157 13.281 2.09705 -0.184144 0.0888814 -0.978836
-3.91175 13.288 1.95234 -0.192024 0.0861825 -0.977599
-3.56909 14.4049 1.97743 -0.196459 0.0761809 -0.977548
-3.93932 15.0632 2.10314 -0.200335 0.0835859 -0.976119
-4.74292 15.5078 2.31301 -0.204211 0.0909908 -0.974689
-5.37083 15.1126 2.40108 -0.190888 0.0887179 -0.977594
-5.38871 15.0754 2.40098 -0.181231 0.0943079 -0.978908
-6.62417 15.5098 2.67069 -0.180085 0.0931943 -0.979226
-6.77982 14.6063 2.61333 -0.180658 0.0937512 -0.979067
-6.62598 13.5634 2.47378 -0.152947 0.110091 -0.982083
-6.1168 12.7047 2.29822 -0.149497 0.102485 -0.9834
-5.41758 12.1633 2.12933 -0.174967 0.0939791 -0.980079
-4.26824 11.9147 1.90031 -0.168751 0.0829395 -0.982079
-3.29101 11.8919 1.71889 -0.181512 0.0679742 -0.981037
-2.6449 12.6323 1.65929 -0.194255 0.0723693 -0.978159
-2.28459 13.866 1.66396 -0.20698 0.0641425 -0.97624
-2.33774 14.9094 1.75094 -0.21378 0.0712084 -0.974277
-2.67961 15.6411 1.87744 -0.217521 0.0747884 -0.973158
-3.10558 16.2828 2.02747 -0.216675 0.0801476 -0.972948
-3.76623 16.6438 2.20434 -0.216675 0.0801476 -0.972948
-4.65074 17.0215 2.43535 -0.208594 0.0914616 -0.973664
-5.52524 16.9201 2.60394 -0.19847 0.0949347 -0.975496
-6.15767 16.4064 2.67995 -0.180532 0.106439 -0.977793
-6.583 15.6736 2.67871 -0.180308 0.0998165 -0.97851
-7.91459 15.8572 2.93808 -0.170117 0.1123 -0.979004
-7.52451 16.7601 2.96997 -0.182336 0.115218 -0.976462
-6.9654 17.362 2.93658 -0.185029 0.109851 -0.976556
-6.34707 17.9108 2.87331 -0.204723 0.102431 -0.973446
-5.69089 18.3007 2.77634 -0.204723 0.102431 -0.973446
-4.84867 18.5346 2.6237 -0.215236 0.100718 -0.971296
-3.91983 18.166 2.37528 -0.220198 0.0860304 -0.971654
-2.86477 17.6766 2.09285 -0.227934 0.083143 -0.970084
-2.02817 17.2166 1.85533 -0.228179 0.0681553 -0.971231
-1.56309 16.4238 1.69044 -0.224099 0.0748803 -0.971653
-1.12691 15.6001 1.52949 -0.223415 0.0701263 -0.972197
-0.925216 14.7076 1.41875 -0.222722 0.0611043 -0.972923
-0.899805 13.8659 1.36794 -0.222029 0.0520823 -0.973648
-1.19696 12.6643 1.3564 -0.20096 0.0575051 -0.977882
-1.72272 11.6493 1.409 -0.194601 0.0553202 -0.97931
-2.03968 10.904 1.42605 -0.192163 0.0593123 -0.979569
-1.57087 9.85638 1.27612 -0.187967 0.0527577 -0.980757
-0.496802 9.07764 1.028 -0.182185 0.0442683 -0.982205
0.105287 8.6371 0.904215 -0.185345 0.0317694 -0.982117
1.03366 7.71023 0.693437 -0.188722 0.0189757 -0.981784
1.34469 6.30311 0.61621 -0.181997 0.0156484 -0.983175
1.07239 5.47188 0.648806 -0.162303 0.0259009 -0.986398
0.590148 4.89238 0.712826 -0.151114 0.00892903 -0.988476
-0.62163 4.60413 0.901623 -0.149745 0.0342217 -0.988041
-1.53562 4.89612 1.04085 -0.137864 0.0403163 -0.98963
-2.25666 5.51203 1.1687 -0.142573 0.0425336 -0.98887
-2.68698 6.42199 1.26988 -0.141933 0.0469331 -0.988753
-2.67478 7.20712 1.3089 -0.148631 0.056756 -0.98722
-2.43839 8.33181 1.34244 -0.155364 0.0651435 -0.985702
-2.60713 9.64181 1.45286 -0.162825 0.0595137 -0.984858
-3.14812 10.1479 1.5799 -0.171106 0.0667253 -0.982991
-3.96721 10.589 1.75373 -0.172024 0.0699372 -0.982558
-4.73953 10.679 1.88787 -0.162535 0.0719 -0.98408
-5.69211 10.9001 2.06057 -0.155365 0.0893921 -0.983804
-6.51141 11.3385 2.22452 -0.143315 0.0986719 -0.984746
-7.33363 12.0202 2.41249 -0.143315 0.098672 -0.984746
-7.8033 12.7931 2.57055 -0.152575 0.110011 -0.98215
-8.03261 13.6295 2.69986 -0.155197 0.113474 -0.981335
-8.19448 14.4374 2.82226 -0.15782 0.116938 -0.98052
-8.06323 15.3454 2.9052 -0.167951 0.105556 -0.980102
-7.98402 15.6277 2.92382 -0.170117 0.1123 -0.979004
-15.2189 12.1968 3.29973 -0.0566697 0.166854 -0.984352
-15.0291 11.0128 3.09648 -0.0708349 0.152722 -0.985727
-15.3129 10.0658 2.96243 -0.0445397 0.157077 -0.986565
-15.9941 9.26632 2.86697 -0.0409493 0.152792 -0.98741
-16.9089 8.94672 2.85717 -0.0448127 0.160748 -0.985972
-17.7387 9.0195 2.89199 -0.0206344 0.175075 -0.984339
-18.5151 9.55363 3.00327 -0.0174624 0.174972 -0.984413
-18.9484 10.2249 3.1288 -0.0142905 0.17487 -0.984488
-19.2628 11.4743 3.36286 -0.0151825 0.184342 -0.982745
-18.9762 12.4112 3.51861 -0.0302843 0.170616 -0.984872
-18.463 13.0712 3.6216 -0.0381989 0.173724 -0.984012
-17.3007 13.2885 3.60501 -0.0469535 0.170163 -0.984294
-16.4393 13.2435 3.55485 -0.0548774 0.171386 -0.983652
-15.5134 12.5966 3.38445 -0.0590538 0.168969 -0.983845
-15.2968 12.3094 3.32331 -0.0566697 0.166854 -0.984352
-16.5394 11.5812 3.26939 -0.0443315 0.166943 -0.984941
-17.2967 11.8629 3.35547 -0.0471679 0.173751 -0.983659
-18.0143 11.5328 3.33157 -0.0471678 0.173751 -0.983659
-17.5526 10.5641 3.14688 -0.0414951 0.160136 -0.986222
-16.8644 10.4529 3.09986 -0.0414952 0.160136 -0.986222
-15.4247 4.53953 2.13963 -0.0216274 0.140641 -0.989824
-16.1123 4.0941 2.09254 -0.0119675 0.143234 -0.989539
-16.3175 3.01158 1.9282 -0.00194415 0.150455 -0.988615
-15.4005 1.70082 1.73428 -0.00290381 0.141291 -0.989964
-14.3736 1.74014 1.7404 -0.0101876 0.130928 -0.991247
-13.7209 2.15012 1.77731 -0.0210867 0.122902 -0.992195
-13.2207 3.3057 1.92095 -0.0211861 0.13548 -0.990554
-13.4628 4.16096 2.03894 -0.0378403 0.127488 -0.991111
-14.2425 4.5203 2.11107 -0.0216272 0.140641 -0.989824
-14.7122 4.61225 2.1344 -0.0216273 0.140641 -0.989824
-27.4841 2.31743 1.35167 0.0730003 0.201229 -0.97682
-27.441 1.42256 1.17055 0.0727295 0.200149 -0.977062
-27.5933 0.66994 1.00656 0.0799893 0.193175 -0.977898
-27.9508 -0.204306 0.804621 0.0796234 0.19128 -0.978299
-28.448 -0.762286 0.653825 0.0852013 0.191909 -0.977707
-29.308 -1.41547 0.450668 0.0816639 0.194576 -0.977472
-30.2772 -1.48097 0.349941 0.0881327 0.203151 -0.975173
-31.1243 -1.32837 0.305178 0.0881327 0.203152 -0.975173
-31.789 -0.767641 0.367953 0.0784455 0.211456 -0.974234
-32.4926 -0.197121 0.435124 0.0784465 0.211456 -0.974234
-33.1169 0.545168 0.544645 0.0804005 0.214692 -0.973362
-33.0805 1.36314 0.730649 0.0762364 0.215624 -0.973487
-32.7571 2.2184 0.9423 0.0727122 0.213597 -0.974212
-32.4131 3.11205 1.16754 0.070402 0.216945 -0.973638
-31.9416 3.76067 1.34407 0.0679921 0.215698 -0.97409
-31.3697 4.23085 1.48911 0.0651242 0.218107 -0.973743
-30.0671 4.37106 1.60817 0.0671529 0.213627 -0.974604
-29.1887 4.21289 1.63118 0.0642424 0.209828 -0.975622
-28.4796 3.76789 1.58436 0.066426 0.208504 -0.975763
-27.8476 3.21356 1.50911 0.0694373 0.203845 -0.976527
-29.2529 2.69282 1.30378 0.0706923 0.207751 -0.975624
-28.8236 1.92245 1.1702 0.0694371 0.203845 -0.976527
-28.9419 0.883315 0.947446 0.0786239 0.200833 -0.976465
-29.3887 0.207511 0.772473 0.0786239 0.200833 -0.976465
-30.1978 -0.0641422 0.652282 0.0831294 0.200197 -0.976205
-30.9707 0.299159 0.665384 0.0784489 0.211473 -0.97423
-31.6681 1.36931 0.84154 0.0784521 0.21149 -0.974227
-31.2454 2.38628 1.09203 0.0729676 0.210546 -0.974852
-30.7149 3.00353 1.26694 0.069783 0.211928 -0.974784
-29.9476 3.08728 1.3375 0.0667278 0.210404 -0.975334
-29.858 3.04093 1.33406 0.0706923 0.207751 -0.975624
-19.3032 22.9607 5.54819 -0.0785328 0.186004 -0.979177
-20.0659 23.3517 5.66925 -0.0585337 0.191835 -0.979679
-20.6343 23.9427 5.82015 -0.0591988 0.193147 -0.979382
-20.8912 24.6722 5.97955 -0.0689773 0.179746 -0.98115
-20.8671 25.6146 6.15888 -0.0632039 0.188115 -0.980111
-20.4966 26.309 6.26826 -0.0712504 0.189969 -0.979166
-19.5522 27.1325 6.34556 -0.0884639 0.181154 -0.979462
-18.7953 27.3095 6.3094 -0.101003 0.175704 -0.979176
-17.6962 26.891 6.0998 -0.118259 0.180187 -0.976498
-16.9067 26.1888 5.87093 -0.123862 0.176152 -0.976532
-16.6225 25.4866 5.71184 -0.123667 0.168073 -0.977987
-16.5735 24.3124 5.50385 -0.123666 0.168071 -0.977987
-17.0374 23.5416 5.4161 -0.113287 0.180241 -0.977077
-17.7229 23.0433 5.40341 -0.104508 0.180706 -0.977947
-18.9569 22.882 5.49849 -0.0991971 0.181485 -0.978378
-18.9591 22.8826 5.49883 -0.099197 0.181486 -0.978378
-18.9194 24.2554 5.75102 -0.0885882 0.174853 -0.980512
-18.9921 25.4288 5.9737 -0.0839869 0.188161 -0.978523
-18.1283 25.5325 5.90158 -0.118359 0.180078 -0.976506
-17.8957 24.6193 5.70993 -0.111235 0.175797 -0.978119
-18.2399 24.2454 5.68079 -0.104508 0.180705 -0.977947
-4.22439 31.0534 4.01613 -0.270361 0.130068 -0.953933
-3.87498 30.3669 3.8197 -0.27875 0.130139 -0.951502
-3.19592 29.9937 3.57124 -0.277918 0.128082 -0.952027
-2.57657 29.6072 3.33522 -0.28175 0.129482 -0.950711
-1.42792 29.6068 2.9778 -0.300065 0.119477 -0.946407
-0.70322 30.0109 2.79904 -0.299106 0.121924 -0.946395
-0.015343 30.6806 2.66334 -0.308307 0.117842 -0.94396
0.372704 31.5652 2.64702 -0.307905 0.122248 -0.94352
0.114385 32.6439 2.87494 -0.309858 0.124328 -0.942619
-0.367469 33.4487 3.13949 -0.309858 0.124329 -0.942619
-1.0292 33.9534 3.42652 -0.305664 0.130444 -0.943141
-2.11684 34.1478 3.79617 -0.297966 0.127849 -0.945976
-2.95704 33.9717 4.03431 -0.288375 0.127844 -0.948922
-3.62453 33.5193 4.17185 -0.284483 0.120616 -0.951063
-4.2344 32.3756 4.19925 -0.270658 0.131359 -0.95367
-4.27549 31.6935 4.1179 -0.270361 0.130068 -0.953933
-2.88796 31.6636 3.70519 -0.290685 0.125884 -0.948502
-2.22062 31.1469 3.42637 -0.299047 0.126519 -0.945811
-1.14458 31.6015 3.14712 -0.303227 0.121107 -0.945171
-1.29718 32.5421 3.32195 -0.300958 0.127112 -0.945128
-1.90476 32.9116 3.56512 -0.299381 0.125518 -0.945839
-2.9172 32.4812 3.82266 -0.29063 0.126458 -0.948442
-2.89819 32.2539 3.78666 -0.290684 0.125884 -0.948502
2.15379 41.4693 3.47806 -0.313311 0.147435 -0.938133
1.58679 41.9485 3.74071 -0.310826 0.15001 -0.938546
1.16981 42.9525 4.04332 -0.305389 0.150538 -0.940232
1.34627 44.1028 4.16664 -0.300503 0.146658 -0.942438
2.34388 45.1602 4.01743 -0.301656 0.151801 -0.941246
3.56888 45.1496 3.61843 -0.304136 0.153544 -0.940173
4.11999 44.7182 3.36538 -0.307001 0.159503 -0.938248
4.61244 43.8413 3.04724 -0.314513 0.162738 -0.935199
4.83905 43.0178 2.82774 -0.315667 0.159902 -0.935295
4.60832 42.2903 2.78373 -0.316822 0.157066 -0.93539
3.73007 41.5743 2.96047 -0.316902 0.152862 -0.936047
2.94067 41.4058 3.20182 -0.317965 0.148296 -0.936433
2.45842 41.432 3.36971 -0.316549 0.148538 -0.936873
2.94309 42.5885 3.39676 -0.313379 0.155609 -0.936786
2.80221 43.8486 3.65008 -0.310918 0.153791 -0.937912
3.13377 42.8584 3.3778 -0.31338 0.155609 -0.936786
3.02721 42.5923 3.36901 -0.315841 0.157427 -0.935661
-27.5015 41.1121 9.05126 -0.0312652 0.135498 -0.990284
-27.7933 42.4547 9.22791 -0.0233995 0.119649 -0.99254
-28.2863 43.2094 9.33052 -0.0218082 0.116531 -0.992941
-28.9857 43.5412 9.38153 -0.000835911 0.105236 -0.994447
-30.0957 43.9968 9.43067 0.000631054 0.0998796 -0.994984
-30.8955 43.9758 9.42261 0.0205384 0.121592 -0.992368
-31.567 43.6103 9.36394 0.0205377 0.121592 -0.992368
-32.3345 43.1936 9.29828 0.0186187 0.120585 -0.992528
-32.9084 42.5796 9.21226 0.0316129 0.118678 -0.992429
-33.1139 41.8546 9.10702 0.0298363 0.136535 -0.990186
-33.1854 41.0317 8.9914 0.0270151 0.133118 -0.990722
-32.6694 39.8215 8.84055 0.0248356 0.134598 -0.990589
-31.9818 39.039 8.75148 0.0248356 0.134598 -0.990589
-31.269 38.686 8.70893 0.0169333 0.151308 -0.988339
-30.5042 38.3828 8.67749 0.0192021 0.150893 -0.988364
-29.5255 38.4443 8.70008 0.00211122 0.158854 -0.9873
-28.8584 38.8328 8.76402 -0.00506281 0.149891 -0.988622
-28.3274 39.366 8.83337 -0.0223614 0.141275 -0.989666
-27.7267 40.2887 8.94572 -0.0318751 0.138561 -0.989836
-27.5795 40.6706 8.99332 -0.0312645 0.135498 -0.990284
-28.9548 41.1133 9.07998 -0.0172918 0.128321 -0.991581
-29.1442 41.9004 9.18592 -0.0176011 0.129226 -0.991459
-29.9936 42.4925 9.25532 0.0171709 0.120461 -0.992566
-31.034 42.4 9.22666 0.0184656 0.122304 -0.992319
-31.7728 41.3049 9.06378 0.0243854 0.134006 -0.990681
-31.5783 40.5041 8.96024 0.0243851 0.134005 -0.990681
-30.7475 39.8824 8.9011 0.0284829 0.141036 -0.989538
-29.8602 39.9519 8.93006 0.0206682 0.148134 -0.988751
-29.1662 40.5083 9.00586 -0.0144386 0.133903 -0.990864
-0.7066 7.81394 1.02095 -0.174146 0.0428104 -0.983789
-1.23681 7.08958 1.08329 -0.174146 0.0428104 -0.983789
-0.190833 6.15987 0.874049 -0.162979 0.0236746 -0.986345
-0.00383904 7.11179 0.866 -0.168563 0.0332425 -0.985067
7.64962 -7.20842 0.0734364 -0.0933278 -0.0514015 -0.994308
8.26767 -7.95435 0.0662394 -0.0785131 -0.056036 -0.995337
7.65739 -7.2787 0.0763404 -0.0859204 -0.0537187 -0.994822
7.64471 -7.24937 0.0760141 -0.0933278 -0.0514015 -0.994308
14.852 -14.2193 0.0956177 -0.0454623 -0.087078 -0.995163
14.8272 -15.11 0.174411 -0.044242 -0.0868056 -0.995242
15.8846 -15.4837 0.158171 -0.0466826 -0.0873502 -0.995083
16.5986 -15.2221 0.101713 -0.0527809 -0.0971054 -0.993806
15.5785 -14.3696 0.0704424 -0.0588791 -0.106861 -0.992529
14.9425 -14.1886 0.0886779 -0.0527808 -0.0971054 -0.993806
20.4851 -19.3123 0.363451 -0.0288503 -0.100478 -0.994517
20.0392 -19.9258 0.436556 -0.0269715 -0.0992115 -0.994701
19.8795 -20.9097 0.53901 -0.019679 -0.092589 -0.995461
20.231 -21.7558 0.607613 -0.00608002 -0.0874454 -0.996129
20.8254 -22.2614 0.652951 0.000234424 -0.0890563 -0.996027
21.6384 -22.5413 0.678176 -0.00700552 -0.0972801 -0.995172
22.6976 -22.2797 0.640132 -0.00660286 -0.106359 -0.994306
23.2752 -21.6124 0.564921 -0.00913391 -0.109669 -0.993917
23.4982 -20.6571 0.453669 -0.0116649 -0.112979 -0.993529
23.2512 -19.7056 0.351407 -0.0138157 -0.108338 -0.994018
22.6318 -19.1147 0.295615 -0.0181053 -0.115499 -0.993107
21.6981 -18.8769 0.289023 -0.0211938 -0.104908 -0.994256
20.8237 -19.0785 0.328928 -0.0258891 -0.103716 -0.994258
21.4575 -20.1512 0.430731 -0.0179804 -0.104485 -0.994356
21.194 -21.0367 0.525264 -0.0154462 -0.1016 -0.994705
21.516 -20.2021 0.435015 -0.0179804 -0.104485 -0.994356
21.4723 -20.1464 0.429904 -0.0205146 -0.10737 -0.994007
25.4197 -31.3072 1.5041 0.031766 -0.0779583 -0.99645
24.6901 -32.074 1.53687 0.034909 -0.0708114 -0.996878
24.2493 -33.2011 1.60053 0.0360722 -0.0704147 -0.996865
24.0447 -34.2533 1.65746 0.0387718 -0.0607011 -0.997403
24.4353 -35.2743 1.73655 0.0421152 -0.0605543 -0.997273
25.1349 -35.9406 1.80556 0.0383526 -0.0542501 -0.997772
25.7384 -36.4109 1.85453 0.0457698 -0.0517101 -0.997613
26.7012 -36.6641 1.91182 0.0418638 -0.0563599 -0.997514
27.501 -36.6127 1.94269 0.0428978 -0.061227 -0.997202
28.2198 -36.3698 1.9587 0.0435605 -0.0611949 -0.997175
28.9683 -35.7499 1.95108 0.0413176 -0.0685794 -0.99679
29.72 -34.5675 1.90281 0.0374077 -0.0689431 -0.99691
29.6969 -33.7159 1.84017 0.0360855 -0.0749931 -0.996527
29.533 -32.8692 1.76806 0.0374026 -0.0776176 -0.996281
29.15 -32.1609 1.69739 0.0319789 -0.0849131 -0.995875
28.3605 -31.5411 1.61837 0.0356863 -0.082468 -0.995955
27.6273 -31.2689 1.56956 0.0356862 -0.082468 -0.995955
26.7506 -30.9968 1.52107 0.0294894 -0.0795447 -0.996395
25.6951 -31.237 1.50739 0.031766 -0.0779583 -0.99645
26.0692 -32.6933 1.62778 0.0337458 -0.0712083 -0.99689
25.502 -33.6588 1.67851 0.0377916 -0.0685203 -0.996917
25.8781 -34.7782 1.76428 0.039784 -0.0630341 -0.997218
26.5303 -35.1631 1.81351 0.0379582 -0.0610098 -0.997415
27.576 -35.2361 1.86119 0.0430329 -0.0614397 -0.997183
28.2449 -34.4294 1.83544 0.0384905 -0.0647815 -0.997157
28.2019 -33.2549 1.74946 0.0374834 -0.0758668 -0.99641
