-6.4952 0.558025 78.2201 0.0973688 -0.429052 0.897969
-5.90493 0.668847 78.2026 0.10324 -0.366979 0.924483
-5.90493 0.668847 78.2026 0.10324 -0.366979 0.924483
-5.02746 0.275573 77.9584 0.067977 -0.358281 0.931001
-4.42019 -0.189299 77.7485 0.0528271 -0.368136 0.927994
-4.38732 -0.929759 77.4498 0.0126201 -0.365905 0.930567
-5.21117 -0.956598 77.4464 0.0110393 -0.420147 0.907327
-5.9772 -0.392493 77.7378 0.0639274 -0.423855 0.903471
-6.40724 0.359656 78.1182 0.078091 -0.421316 0.903415
-7.53215 0.0097585 78.0576 0.0725117 -0.487229 0.869984
-7.21664 -0.711023 77.6484 0.0546941 -0.469967 0.880974
-6.73948 -1.30418 77.2997 0.0174427 -0.498595 0.866659
-5.94381 -1.76956 77.0358 -0.0168683 -0.483643 0.874926
-5.24971 -2.05982 76.896 -0.0260469 -0.461354 0.886759
-4.28506 -2.34693 76.7849 -0.0438901 -0.44443 0.894577
-3.58591 -2.10182 76.9466 -0.0353418 -0.407684 0.911814
-3.24699 -1.32413 77.279 0.0071693 -0.378436 0.925175
-2.99822 -0.547735 77.5746 0.00639106 -0.331716 0.942875
-3.11307 0.29934 77.8652 0.0419527 -0.329907 0.943081
-3.79424 0.790402 78.064 0.0652034 -0.30955 0.948645
-4.51759 1.22222 78.2664 0.082544 -0.328658 0.940835
-5.29649 1.61665 78.4952 0.114342 -0.345114 0.93157
-6.17825 2.02331 78.7788 0.16665 -0.349084 0.921854
-6.81839 2.36582 79.0431 0.190907 -0.358626 0.913733
-7.71153 2.89678 79.4834 0.237937 -0.376239 0.895409
-8.44618 3.38111 79.9295 0.286346 -0.399202 0.87088
-8.53102 2.90099 79.7174 0.258906 -0.430372 0.8646
-8.32728 2.2353 79.3356 0.241324 -0.421266 0.874241
-7.98149 1.42847 78.8488 0.137595 -0.454823 0.879889
-7.69354 0.519207 78.3475 0.129199 -0.436715 0.890274
-7.60828 0.228917 78.1927 0.108231 -0.468729 0.87573
-8.70653 -0.252052 78.0303 0.103245 -0.497972 0.861025
-9.02965 0.686551 78.645 0.157279 -0.518415 0.840257
-9.33552 1.62439 79.2529 0.194018 -0.512208 0.835721
-9.64649 2.49648 79.8574 0.275736 -0.468794 0.839168
-9.96186 3.26348 80.4368 0.343554 -0.488143 0.802301
-10.2292 3.93692 80.9732 0.40662 -0.490931 0.770485
-10.5323 4.71247 81.6348 0.471894 -0.482611 0.737837
-10.8026 5.31775 82.2173 0.517358 -0.492053 0.70016
-11.047 6.04952 82.944 0.538695 -0.510138 0.670248
-11.2974 6.53483 83.5298 0.59533 -0.473611 0.649057
-11.6359 7.16593 84.3846 0.648744 -0.479822 0.590186
-11.8091 7.72167 85.0606 0.664806 -0.473358 0.577632
-11.4333 7.92619 84.7903 0.669693 -0.458051 0.584551
-11.1157 7.38536 84.0101 0.637574 -0.470979 0.609654
-10.6909 6.91214 83.2591 0.59085 -0.460761 0.661944
-10.2834 6.45708 82.589 0.54097 -0.451706 0.708766
-9.696 5.9175 81.8403 0.47739 -0.438534 0.760055
-9.21192 5.49218 81.3354 0.440806 -0.435147 0.785065
-8.64194 5.05382 80.8294 0.377773 -0.410434 0.829958
-8.05684 4.63407 80.3677 0.339302 -0.35928 0.869352
-7.44337 4.19559 79.9505 0.309689 -0.350385 0.883362
-6.75528 3.7255 79.5555 0.279899 -0.341437 0.897261
-6.00527 3.26654 79.2006 0.218722 -0.317958 0.922484
-5.25323 2.85179 78.9127 0.1732 -0.290351 0.941115
-4.29102 2.38739 78.6164 0.12067 -0.30067 0.946063
-3.47128 1.94121 78.3818 0.0967124 -0.27072 0.957719
-2.72922 1.51366 78.1816 0.085493 -0.250607 0.963969
-1.89078 0.989674 77.9976 0.0600128 -0.25793 0.96404
-1.58397 0.206432 77.7759 0.0290879 -0.258243 0.965636
-1.85057 -0.853701 77.4707 -0.00510345 -0.279166 0.960229
-2.13522 -1.6731 77.1784 -0.0368023 -0.358283 0.932422
-2.46644 -2.54941 76.8086 -0.070901 -0.383204 0.920659
-2.87061 -3.48896 76.3468 -0.0968548 -0.434984 0.894873
-3.70346 -3.64991 76.1636 -0.106719 -0.47443 0.873626
-4.77072 -3.34051 76.2227 -0.0725866 -0.48422 0.871721
-5.53937 -3.10965 76.3008 -0.0618358 -0.498708 0.864538
-6.25494 -2.78504 76.4539 -0.0367317 -0.514332 0.856804
-7.22419 -2.3133 76.7022 -0.0221635 -0.537917 0.84267
-7.94645 -1.72645 77.064 0.0132884 -0.540703 0.841109
-8.30873 -1.15229 77.4348 0.0119273 -0.535905 0.844194
-8.57514 -0.573826 77.8284 0.0893038 -0.527517 0.844035
-9.70396 -0.977667 77.6533 0.0605216 -0.56009 0.826218
-9.99722 -0.22196 78.2243 0.12239 -0.571553 0.810718
-10.1983 0.375591 78.6489 0.15754 -0.563178 0.810311
-10.423 1.07538 79.19 0.192892 -0.542522 0.817596
-10.685 1.87908 79.8129 0.261191 -0.524654 0.810257
-10.9692 2.64693 80.4628 0.311504 -0.556666 0.769683
-11.289 3.36847 81.1438 0.406218 -0.554059 0.725627
-11.5553 4.08837 81.8395 0.465535 -0.545737 0.695412
-11.7797 4.64642 82.4455 0.518236 -0.51117 0.685665
-12.0276 5.32694 83.2436 0.581966 -0.532576 0.61429
-12.2735 5.93838 84.0215 0.611153 -0.542713 0.576155
-12.5102 6.41933 84.7314 0.640636 -0.5234 0.561817
-12.7581 6.9506 85.5483 0.686011 -0.508726 0.520181
-12.9545 7.35047 86.2326 0.722059 -0.507495 0.469961
-13.1598 7.76784 86.9932 0.742264 -0.510421 0.434182
-13.3127 8.14607 87.6968 0.767441 -0.490532 0.412587
-13.4231 8.60175 88.4692 0.780299 -0.494767 0.382544
-13.5238 9.04657 89.2458 0.805122 -0.473858 0.356518
-13.6122 9.44186 89.9991 0.814045 -0.476899 0.331509
-13.6795 9.8103 90.6795 0.832369 -0.45525 0.316024
-13.7202 10.1868 91.3462 0.835651 -0.458144 0.30297
-13.7547 10.5909 92.0408 0.85025 -0.439882 0.288972
-13.7563 11.0929 92.8337 0.858676 -0.431475 0.276399
-13.7475 11.5302 93.4956 0.863961 -0.431285 0.259932
-13.7087 12.0471 94.2226 0.871737 -0.42076 0.251068
-13.6647 12.5501 94.9072 0.877085 -0.415149 0.241606
-13.602 13.0681 95.5598 0.885277 -0.403714 0.230869
-13.4918 13.7429 96.3034 0.896197 -0.387822 0.215436
-13.3545 14.3818 96.8803 0.901728 -0.378316 0.209197
-13.1926 15.1854 97.6266 0.908268 -0.370744 0.193902
-13.0819 15.7929 98.2781 0.910673 -0.36874 0.186263
-12.9075 16.5666 98.9384 0.913753 -0.362386 0.183625
-12.7405 17.3157 99.6046 0.915383 -0.360163 0.179833
-12.5342 18.1958 100.335 0.918948 -0.356812 0.167983
-12.3965 18.7814 100.803 0.922208 -0.348688 0.167177
-12.1903 19.5729 101.32 0.924756 -0.344521 0.161651
-11.9434 20.5079 101.9 0.926743 -0.341445 0.156727
-11.6431 21.3403 101.945 0.926047 -0.341602 0.16045
-11.3888 21.6131 101.08 0.926017 -0.337686 0.168614
-11.1851 21.8125 100.348 0.927588 -0.333267 0.168856
-10.9588 22.0672 99.6312 0.926221 -0.332401 0.177832
-10.748 22.1882 98.7718 0.925183 -0.333026 0.182017
-10.8391 21.5462 98.0692 0.92331 -0.332802 0.191678
-10.9709 20.9154 97.6209 0.921976 -0.334666 0.194749
-11.1408 20.1546 97.1316 0.9205 -0.333355 0.203849
-11.3449 19.1582 96.4223 0.91213 -0.343187 0.224147
-11.492 18.4474 95.9207 0.907835 -0.351085 0.229114
-11.6575 17.5075 95.1754 0.903404 -0.356486 0.238112
-11.7356 16.9247 94.633 0.894721 -0.358913 0.265813
-11.7852 16.3556 94.0388 0.892889 -0.359657 0.270868
-11.8249 15.6489 93.2408 0.889512 -0.359659 0.281803
-11.8723 15.0537 92.6214 0.884671 -0.359298 0.297059
-11.9135 14.5127 92.0823 0.876219 -0.378731 0.297925
-11.9839 13.8981 91.5259 0.863993 -0.378975 0.331501
-12.0191 13.1603 90.7451 0.854882 -0.389896 0.341798
-11.9314 12.5454 89.8508 0.837943 -0.410317 0.35985
-11.8778 12.0788 89.2398 0.815835 -0.416083 0.401607
-11.8034 11.4987 88.5074 0.808341 -0.410768 0.421727
-11.6863 10.9366 87.7575 0.776935 -0.429561 0.460271
-11.5442 10.4527 87.0798 0.774338 -0.419412 0.473808
-11.3829 10.018 86.4522 0.752974 -0.428538 0.499385
-11.1167 9.4483 85.6175 0.716855 -0.439572 0.541197
-10.8427 9.05498 84.9686 0.684578 -0.413949 0.599999
-10.5245 8.63482 84.3027 0.658186 -0.446242 0.605729
-10.1099 8.10611 83.5106 0.628921 -0.422016 0.652214
-9.66697 7.60747 82.7942 0.582111 -0.425201 0.692042
-9.23657 7.21421 82.236 0.529971 -0.395291 0.749191
-8.77424 6.69567 81.6753 0.490957 -0.390885 0.778472
-8.26263 6.30053 81.1991 0.443771 -0.37809 0.812473
-7.5376 5.77913 80.6286 0.37196 -0.337114 0.864867
-6.83879 5.28096 80.1547 0.317058 -0.321406 0.892285
-6.2835 4.8868 79.8195 0.286816 -0.30398 0.907924
-5.58142 4.39984 79.4656 0.259176 -0.302823 0.917097
-4.94065 3.99381 79.1907 0.205015 -0.283939 0.936668
-4.12667 3.61159 78.9172 0.189027 -0.227315 0.955299
-3.36517 3.23179 78.6925 0.151318 -0.210953 0.965713
-2.59379 2.79653 78.4865 0.128642 -0.203607 0.970565
-1.90331 2.40385 78.3221 0.0950491 -0.19223 0.976656
-1.01731 1.89838 78.1483 0.0815921 -0.183368 0.979629
-0.375484 1.33163 78.0005 0.0470703 -0.205413 0.977543
-0.222809 0.403377 77.807 0.00540969 -0.218944 0.975334
-0.550809 -0.638422 77.5483 -0.00189542 -0.259543 0.965421
-0.790741 -1.37311 77.3254 -0.0109064 -0.288694 0.957359
-1.05645 -2.13258 77.0625 -0.0744211 -0.340855 0.936773
-1.36757 -3.05838 76.6991 -0.105342 -0.365736 0.924738
-1.61898 -3.75999 76.3761 -0.121241 -0.40462 0.906412
-2.02058 -4.5811 75.9358 -0.154428 -0.449138 0.879586
-2.76355 -4.99526 75.5767 -0.159785 -0.474502 0.865616
-3.81688 -4.71524 75.5555 -0.128078 -0.508323 0.851589
-4.86801 -4.37265 75.6003 -0.11803 -0.520781 0.845435
-5.64784 -4.12329 75.654 -0.097834 -0.533934 0.839657
-6.39085 -3.84476 75.7631 -0.0796434 -0.545877 0.834072
-7.08639 -3.54753 75.906 -0.0744837 -0.565393 0.821322
-7.84682 -3.17459 76.109 -0.0515172 -0.597774 0.800008
-8.47692 -2.8027 76.3419 -0.0131744 -0.567092 0.823549
-9.0335 -2.23063 76.7364 0.0200869 -0.567945 0.822822
-9.4208 -1.57857 77.2057 0.0260335 -0.581806 0.812911
-9.61809 -1.16904 77.5173 0.0599142 -0.575326 0.815514
-10.7228 -1.63376 77.2295 0.062209 -0.622697 0.779986
-10.4077 -2.22011 76.7581 0.0221765 -0.633082 0.773767
-10.0282 -2.78359 76.3025 -0.0209291 -0.635518 0.771213
-9.5357 -3.3093 75.892 -0.0636904 -0.625924 0.777279
-8.92314 -3.7319 75.6048 -0.0704106 -0.610138 0.78916
-8.2346 -4.08254 75.3932 -0.0751655 -0.602228 0.794585
-7.44557 -4.46681 75.1994 -0.104818 -0.597213 0.795146
-6.72937 -4.77489 75.0727 -0.123574 -0.588487 0.798979
-5.83773 -5.10178 74.9746 -0.11948 -0.556982 0.821816
-4.84741 -5.42763 74.9204 -0.145964 -0.547342 0.824018
-3.8159 -5.78962 74.8917 -0.168799 -0.528439 0.832021
-3.07782 -6.03325 74.9033 -0.190119 -0.528202 0.827561
-2.06736 -6.2058 75.0745 -0.232356 -0.474596 0.848425
-1.21183 -5.79735 75.5009 -0.214137 -0.442637 0.870607
-0.801205 -4.94942 76.0069 -0.202832 -0.424935 0.882207
-0.43268 -4.08243 76.4279 -0.168716 -0.379122 0.909583
-0.16206 -3.17894 76.804 -0.123462 -0.337159 0.933317
0.0612048 -2.48762 77.0522 -0.103454 -0.310805 0.944698
0.344856 -1.79681 77.2773 -0.0760512 -0.263991 0.961406
0.636223 -0.862887 77.5214 -0.0278252 -0.235012 0.971521
0.919267 -0.114171 77.6919 -0.00815982 -0.215324 0.976509
1.07879 0.750073 77.8548 0.0107742 -0.162258 0.986596
1.0586 1.51097 77.9756 0.0195516 -0.159432 0.987015
0.572013 2.30384 78.1147 0.0688798 -0.1347 0.98849
-0.172907 2.80139 78.2391 0.0836941 -0.145503 0.985775
-1.27005 3.40671 78.4429 0.113175 -0.163465 0.980008
-2.05651 3.84528 78.6219 0.136248 -0.182116 0.973792
-2.80217 4.25659 78.8173 0.157647 -0.194159 0.96822
-3.63748 4.67872 79.0684 0.196238 -0.218884 0.955814
-4.57474 5.18278 79.4114 0.2412 -0.248497 0.938121
-5.21217 5.61574 79.7024 0.296688 -0.263005 0.918043
-5.87224 6.09266 80.0534 0.328452 -0.271817 0.903882
-6.54146 6.57114 80.4703 0.358256 -0.272624 0.892933
-7.30012 7.11517 81.0139 0.451563 -0.299718 0.839253
-7.94101 7.64633 81.5916 0.483286 -0.351773 0.800485
-8.3829 8.06112 82.0709 0.516229 -0.336861 0.787421
-8.84548 8.51555 82.6368 0.565097 -0.37118 0.73681
-9.26595 8.96367 83.242 0.62641 -0.356034 0.693433
-9.66589 9.43976 83.9051 0.658007 -0.38143 0.649197
-9.98423 9.87286 84.5366 0.711711 -0.362925 0.601459
-10.3103 10.3223 85.2092 0.732782 -0.383876 0.561198
-10.5972 10.845 85.9799 0.749196 -0.389944 0.535353
-10.8517 11.4632 86.8377 0.772927 -0.393515 0.497724
-11.0087 12.0398 87.5756 0.784603 -0.386037 0.484599
-11.1141 12.4972 88.1632 0.812047 -0.385431 0.438204
-11.2254 13.1181 88.9347 0.819918 -0.394161 0.414805
-11.3046 13.5991 89.5703 0.827963 -0.392157 0.400862
-11.3639 14.2277 90.3435 0.855441 -0.373338 0.358941
-11.3525 14.8725 91.0055 0.865772 -0.366917 0.339888
-11.3141 15.5083 91.5689 0.871548 -0.359452 0.333466
-11.2789 16.2084 92.2708 0.882464 -0.363101 0.299016
-11.261 16.7272 92.8528 0.886248 -0.356431 0.295825
-11.2396 17.3284 93.5288 0.890707 -0.353196 0.286169
-11.1842 17.8958 94.0544 0.895215 -0.350485 0.27493
-11.0682 18.7601 94.7858 0.902463 -0.347942 0.253676
-10.9666 19.3812 95.2572 0.904237 -0.348642 0.24657
-10.7785 20.3882 95.9817 0.912479 -0.335475 0.234177
-10.5921 21.2946 96.56 0.921294 -0.325981 0.212026
-10.4465 22.0183 97.047 0.920951 -0.328684 0.209324
-10.2906 22.7813 97.5837 0.92176 -0.334028 0.196938
-10.1795 23.4546 98.2014 0.925097 -0.328758 0.190036
-10.367 23.4245 99.0889 0.926994 -0.329171 0.179799
-10.6197 23.1584 99.9096 0.927444 -0.33185 0.172377
-10.8614 22.9164 100.752 0.926943 -0.334201 0.170544
-11.117 22.6665 101.686 0.928083 -0.334107 0.164413
-11.3311 22.4567 102.488 0.928788 -0.335485 0.157485
-11.539 22.2252 103.227 0.930316 -0.333045 0.153599
-11.779 21.8118 103.784 0.92913 -0.336481 0.153249
-12.0462 20.9684 103.537 0.928961 -0.339189 0.148239
-12.2712 20.1314 103.029 0.927068 -0.343355 0.150471
-12.4525 19.4612 102.608 0.926078 -0.345408 0.151895
-12.6957 18.58 102.07 0.922508 -0.351349 0.159792
-12.914 17.72 101.425 0.921596 -0.354675 0.157693
-13.108 16.9261 100.762 0.91814 -0.360599 0.164275
-13.2717 16.2726 100.232 0.916041 -0.36409 0.168148
-13.453 15.5109 99.5724 0.913047 -0.370481 0.170553
-13.6344 14.669 98.7301 0.909806 -0.375912 0.175907
-13.7907 13.9177 97.9507 0.90266 -0.38909 0.183888
-13.9249 13.3455 97.4288 0.897223 -0.39606 0.195262
-14.0769 12.682 96.7803 0.890974 -0.402467 0.210202
-14.1694 12.1515 96.1426 0.885445 -0.40878 0.221103
-14.2356 11.669 95.5012 0.883602 -0.415249 0.216368
-14.3008 11.1794 94.8417 0.871032 -0.432187 0.233489
-14.3516 10.6906 94.1332 0.871309 -0.429974 0.236522
-14.3889 10.2202 93.4254 0.852732 -0.453384 0.259404
-14.4076 9.7733 92.7193 0.852917 -0.448832 0.266614
-14.3936 9.37172 91.9954 0.834686 -0.470416 0.286372
-14.3628 8.97204 91.2602 0.834715 -0.466441 0.292717
-14.3261 8.56257 90.5063 0.812033 -0.492545 0.313053
-14.2612 8.1592 89.727 0.810776 -0.485065 0.32765
-14.1867 7.73769 88.9317 0.780653 -0.514985 0.354077
-14.1047 7.33396 88.1933 0.775176 -0.505715 0.378623
-13.97 6.96691 87.4422 0.735171 -0.532076 0.420022
-13.8158 6.60833 86.7211 0.72762 -0.530577 0.434807
-13.6161 6.17599 85.9125 0.691459 -0.550054 0.468237
-13.4529 5.77628 85.2519 0.658866 -0.551315 0.511808
-13.2493 5.28501 84.4626 0.59902 -0.58051 0.551528
-13.0276 4.6502 83.5556 0.598975 -0.57907 0.553088
-12.8582 4.16356 82.927 0.537152 -0.597799 0.595066
-12.6697 3.70206 82.3338 0.489975 -0.563444 0.665173
-12.4651 3.21612 81.7439 0.453554 -0.608122 0.651139
-12.2733 2.61197 81.1034 0.396571 -0.589608 0.703613
-12.0262 2.03983 80.4848 0.347495 -0.624211 0.699636
-11.7824 1.40024 79.8564 0.282334 -0.611912 0.738818
-11.6048 0.756547 79.2875 0.214352 -0.596651 0.773065
-11.3394 -0.0121063 78.621 0.162576 -0.607566 0.776902
-11.0247 -0.946624 77.8283 0.118231 -0.597538 0.793076
-10.8579 -1.32145 77.4896 0.0730355 -0.640063 0.764411
-12.0665 -1.63359 77.3429 0.0642285 -0.693675 0.717419
-11.6787 -2.34477 76.6701 0.0156471 -0.668164 0.743845
-11.2729 -2.95869 76.102 -0.0287669 -0.696014 0.717428
-10.8893 -3.47996 75.635 -0.0559301 -0.687099 0.724408
-10.363 -3.99053 75.2291 -0.0793532 -0.660771 0.74638
-9.77885 -4.3957 74.9482 -0.0943684 -0.645615 0.75781
-8.96375 -4.81589 74.7035 -0.107017 -0.630153 0.769061
-8.11807 -5.20698 74.5176 -0.13562 -0.62165 0.771465
-7.40506 -5.52117 74.3945 -0.146598 -0.619104 0.771505
-6.66713 -5.81558 74.299 -0.15443 -0.619618 0.769561
-5.96666 -6.0787 74.2284 -0.174317 -0.60635 0.775674
-4.95014 -6.43668 74.1836 -0.180314 -0.576111 0.797106
-3.93781 -6.82144 74.1664 -0.204556 -0.556983 0.804939
-2.85082 -7.15298 74.2541 -0.255685 -0.535806 0.804505
-1.8064 -7.36424 74.4499 -0.262156 -0.506509 0.821232
-0.988462 -7.17118 74.8552 -0.295835 -0.462163 0.835139
-0.277731 -6.66764 75.3335 -0.276996 -0.420198 0.864122
0.1011 -6.07183 75.7189 -0.238809 -0.40213 0.883703
0.350457 -5.34214 76.1034 -0.225594 -0.353711 0.906819
0.643524 -4.66777 76.4166 -0.194656 -0.35726 0.913496
0.858226 -3.95544 76.6918 -0.160281 -0.311069 0.936716
1.19503 -2.83508 77.0793 -0.129232 -0.246613 0.959639
1.48753 -2.10682 77.2868 -0.0966647 -0.242553 0.96531
1.79865 -1.28037 77.4805 -0.060327 -0.20765 0.97617
2.10838 -0.420684 77.6556 -0.0112519 -0.168627 0.985616
2.30993 0.40137 77.7986 -0.00782483 -0.157623 0.987397
2.35838 1.44701 77.9302 0.025361 -0.121053 0.992322
2.02926 2.51695 78.0647 0.0435075 -0.102571 0.99376
1.42636 3.23246 78.1774 0.0652991 -0.110279 0.991751
0.379808 3.86561 78.3331 0.0961981 -0.12015 0.98806
-0.725636 4.47589 78.5327 0.132621 -0.137772 0.981393
-1.76966 5.04995 78.7743 0.14315 -0.150963 0.97812
-2.92649 5.64398 79.0923 0.195264 -0.173263 0.965185
-3.90585 6.18305 79.4338 0.253471 -0.198631 0.946311
-4.74932 6.79005 79.8265 0.310668 -0.214876 0.925489
-5.517 7.32304 80.2479 0.363756 -0.236073 0.900714
-6.22123 7.82221 80.7033 0.412734 -0.262652 0.87182
-6.85992 8.32775 81.2007 0.467552 -0.289289 0.834723
-7.52325 8.90794 81.8366 0.522779 -0.314152 0.792207
-8.13008 9.48021 82.5048 0.585595 -0.307233 0.749351
-8.58272 9.99926 83.1357 0.628666 -0.319176 0.709159
-8.97955 10.4708 83.7589 0.659202 -0.342333 0.66942
-9.32956 10.9642 84.4196 0.701929 -0.342807 0.624323
-9.66488 11.4304 85.1277 0.734486 -0.352401 0.579787
-9.90482 11.8922 85.7455 0.768929 -0.360931 0.527676
-10.1325 12.3287 86.3717 0.774019 -0.347497 0.529282
-10.316 12.9299 87.1125 0.791398 -0.366337 0.489354
-10.4895 13.6619 88.012 0.822217 -0.350738 0.448243
-10.6198 14.2984 88.7964 0.83373 -0.349164 0.427701
-10.7191 15.0064 89.6403 0.845539 -0.370659 0.383697
-10.7408 15.5371 90.1987 0.859055 -0.351686 0.371942
-10.7367 16.1664 90.8018 0.867368 -0.348405 0.355213
-10.7194 16.7965 91.3712 0.876334 -0.348867 0.33171
-10.7317 17.4029 92.0775 0.884746 -0.350202 0.307341
-10.7053 18.1506 92.8716 0.891321 -0.343616 0.295677
-10.6173 18.9149 93.5008 0.898196 -0.33497 0.284583
-10.5237 19.7164 94.1617 0.903145 -0.330559 0.273867
-10.4327 20.3303 94.6226 0.907645 -0.328726 0.26089
-10.3135 21.0029 95.0514 0.909641 -0.329139 0.253419
-10.1881 21.6739 95.4772 0.916199 -0.327388 0.231074
-10.0223 22.5661 96.0623 0.91921 -0.324687 0.222657
-9.90524 23.2379 96.57 0.922231 -0.32362 0.211545
-9.72491 24.0026 96.9711 0.924308 -0.325226 0.199694
-9.58791 24.6921 97.4511 0.925369 -0.324493 0.1959
-9.72695 24.7664 98.2504 0.925537 -0.329649 0.186244
-9.93613 24.6151 99.0492 0.927735 -0.328925 0.176395
-10.1655 24.3822 99.8232 0.927622 -0.329603 0.175726
-10.3989 24.1455 100.63 0.928203 -0.331189 0.169569
-10.6341 23.9333 101.52 0.929599 -0.330567 0.163008
-10.8619 23.7197 102.381 0.929508 -0.332043 0.160463
-11.1166 23.4588 103.338 0.930595 -0.330209 0.15797
-11.334 23.2137 104.13 0.932557 -0.328052 0.150732
-11.6405 22.7869 105.097 0.932528 -0.328673 0.149546
-11.9338 22.0375 105.265 0.932095 -0.333392 0.141594
-12.1848 21.1841 104.904 0.930761 -0.335871 0.144482
-12.4723 20.21 104.466 0.92826 -0.3421 0.145939
-12.6769 19.427 103.921 0.927616 -0.344023 0.14552
-12.8827 18.6935 103.477 0.926103 -0.347916 0.145904
-13.1252 17.8521 102.997 0.924763 -0.350394 0.148448
-13.352 17.0041 102.365 0.922152 -0.356971 0.149018
-13.5433 16.2097 101.648 0.917584 -0.365316 0.156792
-13.696 15.6012 101.13 0.916435 -0.366939 0.159644
-13.8658 14.9664 100.626 0.915127 -0.368856 0.162689
-14.0014 14.4178 100.126 0.911089 -0.378512 0.163234
-14.1266 13.8351 99.4855 0.9055 -0.389059 0.16942
-14.2809 13.1388 98.7384 0.902332 -0.393331 0.176057
-14.4562 12.5075 98.1913 0.897302 -0.402779 0.180515
-14.6085 11.8807 97.5429 0.895592 -0.404285 0.185658
-14.7024 11.3935 96.9279 0.884925 -0.421119 0.198914
-14.791 10.8816 96.2461 0.885157 -0.419289 0.201726
-14.8859 10.3509 95.5293 0.869525 -0.44322 0.217906
-14.9491 9.89584 94.8565 0.869558 -0.443024 0.218171
-15.0016 9.47985 94.1986 0.856787 -0.461898 0.228968
-15.0481 9.05061 93.5325 0.846193 -0.474225 0.24285
-15.0627 8.62006 92.7681 0.843063 -0.476042 0.250256
-15.0457 8.1191 91.8066 0.827022 -0.491775 0.272111
-15.0439 7.74071 91.1049 0.814964 -0.504701 0.284513
-15.0152 7.36947 90.392 0.80894 -0.504976 0.301025
-14.9696 7.03415 89.707 0.799964 -0.519067 0.300581
-14.9071 6.60833 88.853 0.775678 -0.533974 0.336286
-14.8073 6.26644 88.1051 0.758928 -0.540643 0.362953
-14.6509 5.87299 87.2266 0.719351 -0.567582 0.400482
-14.536 5.50851 86.517 0.707703 -0.564622 0.424377
-14.3758 5.10506 85.7622 0.675474 -0.582792 0.450637
-14.2531 4.70212 85.0393 0.636931 -0.604816 0.477135
-14.1216 4.26936 84.3414 0.615413 -0.616168 0.491532
-13.9732 3.87735 83.6961 0.58264 -0.612699 0.533178
-13.8172 3.39637 82.9937 0.533282 -0.641684 0.551227
-13.6069 2.81186 82.179 0.483998 -0.62559 0.611026
-13.4221 2.34853 81.5571 0.4298 -0.639443 0.636539
-13.2497 1.83132 80.9534 0.378915 -0.657713 0.649985
-13.0384 1.26893 80.2704 0.29365 -0.662191 0.689401
-12.8153 0.60392 79.5536 0.289517 -0.647334 0.705081
-12.5739 -0.105249 78.8336 0.191256 -0.656668 0.729526
-12.3759 -0.697119 78.2495 0.12134 -0.67173 0.730791
-12.2094 -1.26407 77.6961 0.106442 -0.666844 0.73723
-12.103 -1.55022 77.4268 0.0642286 -0.693675 0.717419
-13.2565 -1.8376 77.2527 0.0297581 -0.723098 0.690104
-13.448 -1.22398 77.918 0.0981185 -0.718031 0.689061
-13.6554 -0.740602 78.47 0.163014 -0.741265 0.650932
-13.8376 -0.268958 79.0354 0.196361 -0.714729 0.670242
-13.9881 0.32423 79.7128 0.289787 -0.711413 0.640246
-14.1388 0.80271 80.3147 0.29024 -0.713673 0.63752
-14.3723 1.31327 81.0664 0.351584 -0.738732 0.575033
-14.5369 1.8668 81.8287 0.422133 -0.696846 0.579836
-14.6866 2.33329 82.543 0.501476 -0.670234 0.54709
-14.8394 2.92123 83.4598 0.521241 -0.683701 0.510674
-15.0263 3.32732 84.2398 0.596287 -0.64473 0.478294
-15.1468 3.71405 84.9485 0.61574 -0.64917 0.446154
-15.2412 4.10109 85.6648 0.659248 -0.621515 0.423215
-15.3367 4.43075 86.3416 0.675232 -0.613978 0.408056
-15.4395 4.77722 87.0608 0.713828 -0.590818 0.37601
-15.5555 5.21835 88.0087 0.725777 -0.595068 0.344502
-15.6625 5.51748 88.775 0.757958 -0.566163 0.323955
-15.713 5.85641 89.5238 0.7746 -0.559763 0.29438
-15.7357 6.25326 90.3361 0.782805 -0.556655 0.277437
-15.7667 6.64531 91.1982 0.806609 -0.525137 0.271307
-15.7301 7.07714 91.9472 0.819182 -0.516144 0.250071
-15.7367 7.39802 92.6272 0.825396 -0.505223 0.251649
-15.7278 7.89787 93.6358 0.843167 -0.486289 0.229331
-15.6701 8.34003 94.3812 0.848369 -0.478454 0.2263
-15.5905 8.78854 95.0682 0.860912 -0.467542 0.200556
-15.5304 9.22771 95.8389 0.870164 -0.450956 0.19863
-15.413 9.77179 96.5894 0.879427 -0.439976 0.181714
-15.3021 10.2851 97.2612 0.884922 -0.427037 0.185874
-15.2104 10.7471 97.8952 0.889227 -0.42407 0.171577
-15.1086 11.2128 98.5042 0.894448 -0.413691 0.169768
-14.9418 11.8136 99.1014 0.898457 -0.410134 0.15673
-14.7661 12.4454 99.7026 0.902907 -0.39989 0.157627
-14.6393 12.9793 100.314 0.906204 -0.390955 0.160914
-14.4432 13.7809 101.147 0.910807 -0.381273 0.15819
-14.2291 14.5459 101.754 0.914339 -0.373776 0.155731
-14.0108 15.3385 102.386 0.917616 -0.367564 0.151166
-13.8087 16.1704 103.18 0.919992 -0.364171 0.144866
-13.6483 16.7575 103.624 0.922029 -0.35958 0.143406
-13.4394 17.4974 104.128 0.923706 -0.356703 0.139747
-13.2382 18.1783 104.518 0.925255 -0.352194 0.140923
-13.0474 18.8347 104.886 0.927367 -0.347657 0.138296
-12.8897 19.4398 105.339 0.929145 -0.342915 0.138181
-12.7165 20.0769 105.75 0.930337 -0.340094 0.137142
-12.426 21.0344 106.133 0.93175 -0.335316 0.139301
-12.1697 21.9479 106.612 0.933864 -0.330402 0.136867
-11.9666 22.6652 106.953 0.934931 -0.326676 0.138505
-11.7229 23.4355 107.111 0.935416 -0.324451 0.140447
-11.4094 23.8501 106.001 0.935174 -0.32291 0.145504
-11.2233 24.068 105.305 0.934279 -0.324097 0.148605
-10.9894 24.3487 104.463 0.932794 -0.326608 0.152389
-10.734 24.6305 103.517 0.931949 -0.327175 0.156279
-10.5384 24.8261 102.774 0.931238 -0.327734 0.159329
-10.3104 25.04 101.906 0.930667 -0.32649 0.16511
-10.1204 25.2202 101.197 0.929354 -0.327743 0.169955
-9.93261 25.3769 100.476 0.929254 -0.327504 0.170962
-9.67659 25.6498 99.6202 0.927537 -0.328952 0.177386
-9.47387 25.8277 98.8906 0.927259 -0.329666 0.177514
-9.27122 25.9414 98.0591 0.926653 -0.327486 0.184537
-9.02312 26.1997 97.2686 0.929308 -0.321172 0.182307
-9.10384 25.5093 96.4928 0.930118 -0.315395 0.188167
-9.29186 24.6574 96.0351 0.927482 -0.310609 0.20791
-9.44785 23.9887 95.7106 0.924363 -0.317937 0.210878
-9.58303 23.2126 95.1818 0.924375 -0.311148 0.220722
-9.6875 22.4628 94.6036 0.923603 -0.304462 0.232938
-9.82212 21.712 94.1671 0.914311 -0.312058 0.258179
-9.95832 20.9365 93.726 0.915383 -0.30545 0.262249
-10.0437 20.1675 93.1249 0.902023 -0.317777 0.292187
-10.0839 19.4168 92.4637 0.896712 -0.320384 0.30483
-10.2027 18.5889 91.8885 0.889172 -0.342494 0.303434
-10.1073 18.0378 91.0409 0.879554 -0.341925 0.330591
-10.152 17.2935 90.442 0.87091 -0.332279 0.362086
-10.1348 16.6291 89.8029 0.864262 -0.330597 0.379154
-10.0907 16.025 89.1791 0.849126 -0.341068 0.403304
-10.0245 15.4206 88.5293 0.84423 -0.334347 0.418589
-9.9099 14.9388 87.9269 0.836358 -0.341435 0.428868
-9.73586 14.3251 87.1542 0.815511 -0.34411 0.465148
-9.61116 13.7538 86.5373 0.8025 -0.321918 0.501584
-9.42133 13.2882 85.9478 0.782093 -0.345084 0.518891
-9.14577 12.6626 85.1724 0.759906 -0.317404 0.567047
-8.80003 12.25 84.5011 0.729307 -0.32288 0.603208
-8.50483 11.7796 83.9298 0.713326 -0.298188 0.634232
-8.06885 11.2183 83.2231 0.64982 -0.314048 0.692176
-7.5675 10.6494 82.546 0.615868 -0.2788 0.73687
-6.95894 10.0038 81.8501 0.576297 -0.239417 0.781384
-6.25952 9.39972 81.1964 0.515376 -0.227059 0.826336
-5.57331 8.82672 80.6615 0.456171 -0.188644 0.869667
-4.84873 8.31527 80.2043 0.40732 -0.166457 0.897988
-4.08414 7.81734 79.7995 0.351714 -0.146796 0.924526
-3.30521 7.19913 79.4401 0.295905 -0.121856 0.947413
-2.41104 6.74172 79.1391 0.236283 -0.102845 0.966226
-1.72138 6.40749 78.9458 0.183592 -0.10888 0.976713
-0.887287 5.94239 78.7339 0.164404 -0.116525 0.979332
-0.0831869 5.48839 78.5642 0.145858 -0.106754 0.983529
0.603515 5.10294 78.4422 0.118143 -0.0915368 0.988768
1.4177 4.69764 78.3194 0.0857593 -0.085317 0.992632
2.38035 4.04649 78.1937 0.0567887 -0.0851514 0.994748
2.86424 3.42637 78.1111 0.0502217 -0.0878285 0.994825
3.37429 2.80053 78.037 0.0415603 -0.0909122 0.994966
3.56124 2.01716 77.961 0.0255972 -0.087951 0.995796
3.63046 1.04034 77.8814 0.00699645 -0.0962522 0.995034
3.48472 -0.0121115 77.775 -0.0254821 -0.111734 0.993192
3.1642 -1.19265 77.5934 -0.0616121 -0.148307 0.98702
2.8163 -2.07384 77.4149 -0.097954 -0.184515 0.977886
2.39307 -2.98814 77.185 -0.124518 -0.214226 0.968815
2.11437 -3.90765 76.925 -0.186178 -0.239686 0.952832
1.87361 -4.74377 76.6494 -0.233369 -0.282105 0.930567
1.63341 -5.43392 76.3673 -0.234988 -0.308481 0.921748
1.3301 -6.26212 75.9856 -0.286036 -0.340272 0.895767
0.942024 -7.08051 75.5305 -0.289058 -0.37703 0.87994
0.536 -7.61671 75.1437 -0.298541 -0.451724 0.840725
0.0250637 -8.03464 74.7383 -0.355438 -0.449062 0.819711
-0.878286 -8.49505 74.1086 -0.31702 -0.484689 0.815215
-1.69701 -8.48219 73.7838 -0.295555 -0.527017 0.796806
-2.4511 -8.33109 73.6094 -0.282617 -0.542025 0.791204
-3.3602 -8.05412 73.4741 -0.267049 -0.558985 0.784997
-4.13872 -7.80355 73.4013 -0.238024 -0.572479 0.78461
-5.09917 -7.42296 73.4042 -0.215467 -0.592526 0.7762
-5.8327 -7.12607 73.4432 -0.187008 -0.612004 0.768427
-6.69318 -6.7914 73.5013 -0.185841 -0.633485 0.751106
-7.51513 -6.46733 73.5818 -0.168128 -0.639106 0.750517
-8.32778 -6.11245 73.7096 -0.158539 -0.644102 0.74833
-9.09822 -5.77023 73.8524 -0.145116 -0.657531 0.739146
-9.96301 -5.34348 74.0666 -0.145833 -0.673126 0.725006
-10.7523 -4.92114 74.3169 -0.123494 -0.689966 0.71323
-11.4058 -4.43092 74.6844 -0.114719 -0.695033 0.709766
-11.9767 -3.89639 75.1447 -0.0696897 -0.712926 0.697768
-12.3708 -3.25865 75.7572 -0.055107 -0.719913 0.69166
-12.8603 -2.59066 76.438 0.00322485 -0.710002 0.704182
-13.1725 -2.06444 77.0099 0.0567571 -0.727976 0.683226
-13.2541 -1.84444 77.2454 0.0297592 -0.723093 0.69011
-14.4391 -2.0135 77.1498 0.0718736 -0.794701 0.602724
-14.6681 -1.56155 77.7186 0.100319 -0.77001 0.629828
-14.9329 -0.862168 78.6497 0.139048 -0.781886 0.606874
-15.1261 -0.353015 79.3513 0.212272 -0.761718 0.612149
-15.2271 0.265897 80.192 0.237913 -0.781763 0.576406
-15.4123 0.678852 80.9168 0.360925 -0.791837 0.491158
-15.5616 1.07534 81.6136 0.399672 -0.780638 0.478114
-15.6609 1.50494 82.3394 0.479832 -0.719516 0.501593
-15.8283 1.98026 83.2135 0.511701 -0.733027 0.448144
-15.9499 2.39847 84.0661 0.603495 -0.680488 0.415607
-16.0397 2.75102 84.7669 0.616006 -0.670845 0.412519
-16.1241 3.09336 85.4762 0.630511 -0.670932 0.390264
-16.1843 3.49213 86.262 0.652999 -0.661325 0.369109
-16.2764 3.86524 87.1286 0.700581 -0.625831 0.342815
-16.3405 4.22914 87.9642 0.718693 -0.613903 0.326503
-16.4331 4.55032 88.8116 0.733941 -0.612402 0.293759
-16.4701 4.86586 89.5689 0.766524 -0.58112 0.273389
-16.4705 5.26565 90.4452 0.774321 -0.575438 0.263246
-16.4945 5.55016 91.1586 0.796457 -0.555114 0.239802
-16.4891 5.87412 91.8831 0.813553 -0.530394 0.238021
-16.4046 6.28423 92.5304 0.819084 -0.525538 0.230025
-16.4203 6.56391 93.238 0.833129 -0.512299 0.208009
-16.4098 6.93409 94.0723 0.839187 -0.500966 0.211655
-16.3393 7.32461 94.7532 0.848861 -0.489804 0.198651
-16.2346 7.7474 95.3696 0.854268 -0.483123 0.191758
-16.1611 8.15578 96.0919 0.858131 -0.480519 0.180862
-16.0885 8.5349 96.7692 0.874696 -0.456082 0.164001
-15.9761 9.00659 97.4957 0.87646 -0.454803 0.157999
-15.87 9.44855 98.084 0.886922 -0.428157 0.173351
-15.7635 9.906 98.7075 0.888695 -0.430867 0.156763
-15.6228 10.4265 99.3179 0.895318 -0.419433 0.149758
-15.4382 11.0169 99.8728 0.900487 -0.408789 0.148336
-15.2815 11.563 100.412 0.901544 -0.407381 0.145759
-15.1322 12.1668 101.148 0.90471 -0.402558 0.139126
-14.9422 12.8284 101.754 0.912084 -0.385857 0.138619
-14.8084 13.3535 102.3 0.913732 -0.380292 0.143083
-14.6082 14.0662 102.892 0.914928 -0.377383 0.143119
-14.4258 14.7104 103.413 0.917647 -0.371411 0.141335
-14.2678 15.3145 103.982 0.920383 -0.367523 0.133386
-14.0372 16.1225 104.567 0.922891 -0.359817 0.137125
-13.8273 16.8807 105.141 0.925845 -0.354448 0.131066
-13.6359 17.5361 105.558 0.926754 -0.351812 0.131733
-13.398 18.3134 105.952 0.927944 -0.347416 0.134993
-13.2227 18.983 106.472 0.929732 -0.344012 0.131356
-12.9988 19.7294 106.821 0.931439 -0.338478 0.133621
-12.7808 20.4888 107.213 0.931979 -0.336271 0.135412
-12.5505 21.3182 107.68 0.933219 -0.333308 0.134195
-12.3285 22.052 107.952 0.93526 -0.327718 0.133754
-12.1043 22.8889 108.412 0.936429 -0.323009 0.136991
-11.8885 23.6406 108.71 0.938975 -0.316945 0.133687
-11.6035 24.3704 108.455 0.937916 -0.317418 0.139836
-11.3337 24.7096 107.431 0.937112 -0.317619 0.144706
-11.1638 24.878 106.702 0.936285 -0.319443 0.146038
-10.9564 25.1088 105.888 0.936304 -0.318231 0.148541
-10.7284 25.3716 105.037 0.934387 -0.321083 0.154357
-10.5334 25.5853 104.3 0.934348 -0.320149 0.156498
-10.305 25.8415 103.475 0.933245 -0.321407 0.160456
-10.089 26.0522 102.651 0.931589 -0.324814 0.163197
-9.80701 26.3327 101.622 0.930643 -0.32374 0.170576
-9.56291 26.52 100.66 0.929243 -0.325795 0.174257
-9.35348 26.7307 99.9368 0.93075 -0.322389 0.172491
-9.14084 26.954 99.2401 0.927393 -0.328855 0.178318
-8.92438 27.0876 98.3604 0.928195 -0.326852 0.177826
-8.68603 27.4049 97.6989 0.927791 -0.3287 0.176521
-8.39461 27.7013 96.707 0.929242 -0.326255 0.173397
-8.42692 27.2807 96.1036 0.93149 -0.321465 0.170253
-8.60892 26.5132 95.7121 0.933391 -0.309903 0.180836
-8.7733 25.7395 95.2645 0.93383 -0.304352 0.187969
-8.92883 24.9796 94.8806 0.932652 -0.295874 0.206187
-9.09126 24.2618 94.5807 0.930377 -0.295867 0.216476
-9.18886 23.5165 93.9996 0.923836 -0.300662 0.236918
-9.28964 22.7593 93.445 0.925911 -0.292533 0.238984
-9.44125 21.8646 92.9992 0.917624 -0.292022 0.269539
-9.52609 21.1637 92.5431 0.910504 -0.302144 0.282229
-9.53926 20.4759 91.8804 0.908556 -0.298413 0.292361
-9.52528 19.9225 91.3356 0.908218 -0.269625 0.319747
-9.57264 19.0493 90.6408 0.884085 -0.335315 0.325511
-9.53758 18.5541 90.0844 0.876621 -0.320414 0.358986
-9.55376 17.6779 89.373 0.884353 -0.296185 0.360823
-9.46129 16.9297 88.5734 0.856612 -0.312909 0.410248
-9.37812 16.3 87.9364 0.844577 -0.315322 0.432599
-9.25667 15.8375 87.3499 0.8414 -0.32574 0.431206
-9.09999 15.3729 86.7597 0.83857 -0.28723 0.462639
-8.88698 14.7177 85.9991 0.812711 -0.321971 0.485284
-8.58298 13.9988 85.1376 0.785638 -0.307421 0.536903
-8.3227 13.448 84.515 0.752889 -0.277986 0.596558
-7.9756 12.9175 83.8601 0.716775 -0.269896 0.642854
-7.60064 12.4345 83.2536 0.706879 -0.261609 0.657093
-7.19869 11.9474 82.6766 0.656121 -0.246359 0.712594
-6.72986 11.4599 82.1221 0.603979 -0.199826 0.771497
-6.24924 10.9567 81.6079 0.570238 -0.193443 0.796992
-5.63841 10.4323 81.082 0.528314 -0.192776 0.82672
-5.13751 10.0079 80.6914 0.506819 -0.165106 0.846093
-4.61018 9.57628 80.3304 0.44506 -0.136236 0.885077
-3.87952 9.10883 79.921 0.392448 -0.106529 0.913584
-3.18515 8.65509 79.5977 0.321113 -0.108607 0.940783
-2.42485 8.07703 79.2883 0.270952 -0.0755005 0.959627
-1.69732 7.8035 79.0842 0.217749 -0.0826294 0.972501
-1.0285 7.38533 78.899 0.240716 -0.0680621 0.967812
0.175362 6.73086 78.6361 0.157517 -0.0872762 0.98361
1.16063 6.20645 78.4617 0.140023 -0.0753041 0.987266
1.88382 5.77171 78.35 0.10506 -0.0684231 0.992087
2.74596 5.41406 78.2513 0.0830267 -0.0478532 0.995339
3.3966 4.78912 78.1832 0.0449741 -0.0460955 0.997871
3.98636 4.03722 78.1086 0.0444442 -0.0688104 0.996639
4.53377 3.42233 78.0434 0.0345999 -0.0795338 0.996232
4.79729 2.59733 77.9659 0.0387575 -0.0845899 0.995662
4.85462 1.81129 77.9134 0.0324626 -0.0495754 0.998243
4.9257 0.870737 77.871 -0.0301341 -0.0422075 0.998654
4.71502 -0.184603 77.8119 -0.0834832 -0.0489032 0.995309
4.45392 -0.993154 77.7186 -0.0844103 -0.121041 0.989052
4.2301 -1.81277 77.5945 -0.0895798 -0.132295 0.987147
3.94001 -2.59949 77.4509 -0.113745 -0.155715 0.981199
3.56966 -3.26114 77.2945 -0.129477 -0.171371 0.97663
3.34768 -4.14212 77.0927 -0.173451 -0.154944 0.972011
3.03598 -4.95342 76.8722 -0.267817 -0.196799 0.943156
2.74598 -5.8962 76.5321 -0.257788 -0.25655 0.931421
2.49145 -6.57681 76.2509 -0.290086 -0.266433 0.919113
2.18437 -7.30934 75.8917 -0.33573 -0.312984 0.888428
1.83769 -7.91403 75.5136 -0.332399 -0.380558 0.862602
1.40632 -8.46165 75.0884 -0.360435 -0.383781 0.850125
0.800301 -9.04908 74.5258 -0.389688 -0.404089 0.82756
-0.141676 -9.50947 73.8301 -0.396529 -0.444164 0.80342
-0.797225 -9.65662 73.4288 -0.365033 -0.50597 0.781123
-1.50621 -9.60413 73.1215 -0.371017 -0.52439 0.766396
-2.44383 -9.37335 72.8786 -0.325417 -0.5533 0.766738
-3.18446 -9.13854 72.7457 -0.302967 -0.566994 0.76589
-3.93228 -8.86041 72.6691 -0.274082 -0.582523 0.765129
-4.84078 -8.55734 72.5804 -0.262532 -0.616214 0.742334
-5.54522 -8.21616 72.6352 -0.249253 -0.628991 0.736355
-6.28812 -7.95121 72.635 -0.223753 -0.632972 0.741135
-7.06096 -7.63336 72.6838 -0.203455 -0.666471 0.717232
-7.78502 -7.31388 72.7752 -0.184888 -0.650539 0.736625
-8.55087 -6.99099 72.871 -0.186465 -0.668771 0.719705
-9.28574 -6.64455 73.0158 -0.162535 -0.669263 0.725031
-10.1664 -6.2506 73.1801 -0.164636 -0.684383 0.710293
-10.828 -5.90848 73.3643 -0.148872 -0.687534 0.710728
-11.5019 -5.52519 73.587 -0.156638 -0.701477 0.69493
-12.1909 -5.01792 73.9715 -0.118261 -0.720309 0.682915
-13.0102 -4.38046 74.5143 -0.11868 -0.730227 0.672818
-13.2771 -3.8806 75.0296 -0.075903 -0.744342 0.663465
-13.5629 -3.37104 75.5569 -0.0420699 -0.752971 0.656708
-14.1318 -2.81893 76.1705 -0.00560702 -0.757071 0.653309
-14.376 -2.29517 76.7959 0.00805056 -0.776165 0.630479
-14.4251 -2.07479 77.0678 0.0400305 -0.784526 0.617788
-11.9905 7.87603 85.4187 0.698379 -0.483392 0.527807
-12.2239 8.33215 86.1438 0.709927 -0.491102 0.503912
-12.407 8.77229 86.858 0.746524 -0.46632 0.474381
-12.496 9.30137 87.5546 0.755109 -0.477961 0.448735
-12.6843 9.5752 88.1946 0.786429 -0.458039 0.41375
-12.7907 9.86674 88.7033 0.7995 -0.444901 0.40324
-12.9309 10.3037 89.5101 0.817816 -0.448374 0.360423
-13.0034 10.8897 90.4222 0.831144 -0.441783 0.337243
-13.0915 11.2827 91.1763 0.848462 -0.421292 0.320351
-13.1317 11.7179 91.8849 0.856639 -0.424879 0.292601
-13.1232 12.2147 92.569 0.865276 -0.410055 0.288362
-13.1565 12.6664 93.3349 0.869728 -0.411978 0.27147
-13.1126 13.2566 94.0932 0.880888 -0.399255 0.254173
-13.0605 13.7717 94.7148 0.887594 -0.385918 0.251482
-12.9625 14.474 95.4537 0.895995 -0.369059 0.246903
-12.8635 15.0829 96.0253 0.903395 -0.362515 0.228905
-12.7186 15.849 96.7107 0.906185 -0.36694 0.210197
-12.5974 16.5029 97.3368 0.909429 -0.365914 0.197597
-12.4921 17.0531 97.8615 0.91108 -0.363459 0.19446
-12.3332 17.8247 98.5577 0.9132 -0.358569 0.193636
-12.1247 18.7512 99.2938 0.918138 -0.352471 0.181074
-11.9061 19.7274 100.079 0.923181 -0.343746 0.171978
-11.5792 20.6396 100.151 0.922942 -0.34139 0.17785
-11.3322 20.7494 99.0807 0.922919 -0.341426 0.177902
-11.3745 20.3139 98.4946 0.923387 -0.335686 0.186203
-11.5174 19.6874 98.0495 0.919099 -0.343552 0.192947
-11.7217 18.8745 97.576 0.916691 -0.343905 0.203487
-11.8643 18.2509 97.1534 0.912726 -0.354239 0.203581
-11.9966 17.5488 96.5534 0.906199 -0.360933 0.220218
-12.1373 16.9189 96.0968 0.903734 -0.361659 0.229057
-12.2385 16.2945 95.5114 0.896213 -0.369813 0.245025
-12.3047 15.7497 94.9566 0.893877 -0.36337 0.26256
-12.3511 15.1777 94.3249 0.891922 -0.365973 0.265593
-12.4171 14.5669 93.6786 0.887039 -0.373017 0.271826
-12.4958 13.8649 92.9764 0.875868 -0.389457 0.284917
-12.5915 13.276 92.4661 0.867333 -0.404129 0.29054
-12.6102 12.7992 91.8773 0.865403 -0.393312 0.310457
-12.6387 12.2956 91.3008 0.850544 -0.417577 0.319546
-12.6081 11.7993 90.5947 0.845643 -0.41392 0.336985
-12.5448 11.3415 89.8793 0.834718 -0.426967 0.34777
-12.5998 10.7566 89.321 0.815826 -0.42875 0.388021
-12.5029 10.2517 88.5575 0.799504 -0.444897 0.403237
-12.382 9.75413 87.8207 0.778117 -0.443335 0.444883
-12.246 9.24159 87.0703 0.754413 -0.472757 0.455293
