-30.4131 42.4211 1.49865 -0.00850946 0.111225 -0.993706
-31.1523 42.1179 1.46342 0.00171186 0.111311 -0.993784
-31.1523 42.1179 1.46342 0.00171186 0.111311 -0.993784
-31.1523 42.1179 1.46342 0.00171186 0.111311 -0.993784
-31.4708 41.4324 1.38608 0.00259277 0.112954 -0.993595
-31.2058 40.4859 1.27782 0.00347383 0.114599 -0.993406
-29.9701 40.1636 1.22715 -0.0158882 0.127659 -0.991683
-29.3875 40.8442 1.30208 -0.0192156 0.125646 -0.991889
-29.3871 41.7236 1.40129 -0.021174 0.108249 -0.993891
-29.6131 41.9124 1.42667 -0.0211737 0.108249 -0.993891
-28.115 42.5239 1.45328 -0.0293683 0.104907 -0.994048
-28.5447 43.169 1.53405 -0.031831 0.100028 -0.99446
-29.5908 43.7458 1.60039 -0.0157772 0.0828552 -0.996437
-30.5325 43.9257 1.63025 -0.00615478 0.0837003 -0.996425
-31.4063 43.8261 1.61876 0.00346791 0.0845454 -0.996414
-32.2443 43.3067 1.56876 0.00969195 0.0953281 -0.995399
-32.7749 42.3051 1.46749 0.0099843 0.0953523 -0.995394
-33.0173 41.3279 1.36023 0.0163809 0.107307 -0.994091
-33.007 40.4539 1.25845 0.0121856 0.117847 -0.992955
-32.3598 39.4795 1.14952 0.00878626 0.124424 -0.99217
-31.4026 38.7272 1.05594 1.94356e-05 0.128047 -0.991756
-30.3751 38.5672 1.02382 -0.0119673 0.127784 -0.99173
-29.4009 38.772 1.03846 -0.00941966 0.126942 -0.991862
-28.52 39.4747 1.10743 -0.0264776 0.128916 -0.991302
-28.0471 40.1745 1.18581 -0.0264775 0.128916 -0.991302
