-3.03205 13.1674 14.7381 -0.270066 0.0838618 -0.959183
-3.32285 12.3531 14.7394 -0.237913 0.0954879 -0.966581
-3.32285 12.3531 14.7394 -0.237913 0.0954879 -0.966581
-4.09887 12.2859 14.9238 -0.239045 0.0977522 -0.966072
-4.12466 13.0318 15.007 -0.230169 0.0965161 -0.968353
-4.10564 14.0227 15.1069 -0.239572 0.11603 -0.96392
-3.49379 15.1781 15.0497 -0.282334 0.0908012 -0.955009
-3.07926 15.3491 14.9426 -0.288212 0.0931981 -0.95302
-3.2774 14.1945 14.8897 -0.282185 0.0809803 -0.955835
-3.03552 13.5655 14.7739 -0.270066 0.0838617 -0.959183
-1.75191 13.8269 14.4153 -0.295957 0.0700068 -0.952632
-1.69199 12.8893 14.3388 -0.291084 0.0496722 -0.955407
-1.78108 11.9934 14.2962 -0.261948 0.0608847 -0.963159
-1.92572 11.0657 14.2769 -0.254135 0.0682842 -0.964694
-1.92009 9.95457 14.1885 -0.242641 0.063289 -0.967962
-1.67118 9.10079 14.0823 -0.23896 0.050895 -0.969695
-1.1244 8.09064 13.8938 -0.231086 0.0393344 -0.972025
-1.34116 7.95176 13.9397 -0.231086 0.0393337 -0.972025
-1.69875 9.08683 14.0884 -0.238628 0.0518652 -0.969725
-2.41733 9.79098 14.3024 -0.242642 0.0632885 -0.967961
-3.31312 10.3553 14.5652 -0.226239 0.0708228 -0.971494
-4.29524 10.704 14.8193 -0.232327 0.0819813 -0.96909
-5.01577 11.0092 15.0197 -0.219962 0.0886434 -0.971473
-5.54225 11.853 15.2229 -0.228849 0.104035 -0.967887
-5.61088 12.9552 15.3526 -0.234878 0.106248 -0.966138
-5.54533 13.8981 15.4498 -0.239586 0.115979 -0.963923
-5.26421 14.9262 15.5037 -0.239557 0.116081 -0.963918
-4.87236 15.8307 15.5152 -0.245094 0.121304 -0.961848
-4.52687 16.9051 15.5409 -0.296344 0.114882 -0.948147
-4.1777 17.865 15.548 -0.296344 0.114882 -0.948147
-4.03522 18.7819 15.6222 -0.296838 0.123322 -0.946931
-3.88634 19.7202 15.6755 -0.32991 0.115808 -0.936688
-3.61394 20.7459 15.7257 -0.333357 0.134212 -0.933199
-3.06335 20.8344 15.5396 -0.343106 0.119003 -0.931728
-2.77677 19.9957 15.3187 -0.32991 0.115808 -0.936689
-2.76576 19.1386 15.2261 -0.326462 0.0974034 -0.940178
-2.59383 18.2611 15.0747 -0.324654 0.0881386 -0.941657
-2.18862 17.4952 14.8732 -0.326575 0.0806273 -0.941707
-1.94129 16.7088 14.7048 -0.319739 0.101226 -0.942083
-1.90338 15.797 14.6142 -0.318046 0.0804366 -0.944657
-1.83215 14.7249 14.5062 -0.295904 0.070088 -0.952643
-1.79235 14.1589 14.4523 -0.295957 0.0700063 -0.952633
-0.402264 13.7937 13.9929 -0.327519 0.060389 -0.942913
-0.527383 15.0815 14.1188 -0.327518 0.0603884 -0.942913
-0.613593 15.9308 14.2032 -0.327519 0.0603882 -0.942913
-0.753285 17.0352 14.3195 -0.335869 0.0666705 -0.939461
-0.98797 17.953 14.4822 -0.343928 0.0790735 -0.935661
-1.25712 18.8486 14.6568 -0.347422 0.0865785 -0.933665
-1.32682 19.6622 14.7652 -0.347198 0.0927601 -0.933183
-1.35806 20.5241 14.8638 -0.342239 0.0953511 -0.934762
-1.54907 21.235 15.0171 -0.357105 0.111055 -0.927434
-1.9838 21.8256 15.2537 -0.35792 0.108097 -0.927474
-2.44761 22.3675 15.5044 -0.368566 0.119908 -0.921836
-3.32765 22.9106 15.9143 -0.345374 0.129091 -0.929537
-4.49612 22.142 16.2438 -0.34802 0.131078 -0.928278
-5.28293 21.3297 16.401 -0.332436 0.156272 -0.930089
-5.47354 20.0932 16.2676 -0.298264 0.159687 -0.94103
-5.28064 19.3799 16.0861 -0.291921 0.121621 -0.948678
-5.39402 18.5528 16.0149 -0.291924 0.121639 -0.948675
-5.83865 17.894 16.0492 -0.269768 0.142416 -0.952336
-5.89819 17.0903 15.9458 -0.269755 0.142497 -0.952327
-6.04624 16.325 15.8869 -0.251456 0.124258 -0.959856
-6.62349 15.7188 15.9518 -0.232198 0.13204 -0.963665
-6.93792 14.3366 15.8281 -0.221226 0.128093 -0.96661
-7.107 13.1634 15.7319 -0.217763 0.110931 -0.969677
-6.9534 12.358 15.5915 -0.192332 0.136879 -0.971721
-6.93994 11.3105 15.4473 -0.19109 0.13148 -0.972727
-6.73349 10.5645 15.3011 -0.172802 0.1293 -0.976185
-5.8112 9.70654 15.0296 -0.186559 0.113536 -0.975861
-4.80853 9.43043 14.8203 -0.195383 0.098395 -0.975586
-3.89232 8.95303 14.5704 -0.214357 0.0973779 -0.971889
-3.09118 7.92017 14.3327 -0.193831 0.0725484 -0.978349
-2.60135 7.12446 14.1709 -0.181429 0.0716324 -0.980649
-2.40302 6.37882 14.0923 -0.172373 0.057852 -0.983331
-1.88067 5.34831 13.9288 -0.186906 0.0509994 -0.981053
-0.956883 4.90757 13.7301 -0.17499 0.0391229 -0.983649
0.00869639 5.07444 13.5566 -0.208602 0.0158179 -0.977873
0.884205 5.6534 13.3711 -0.213208 0.00911263 -0.976964
1.36256 6.60817 13.2637 -0.235665 -0.000949982 -0.971803
1.10718 7.3504 13.3268 -0.251618 0.0199613 -0.967621
0.562493 8.15044 13.4849 -0.251618 0.0199616 -0.967621
-0.0901644 8.81534 13.6671 -0.262467 0.026719 -0.964451
-0.482496 9.92161 13.8179 -0.264229 0.0362517 -0.963778
-0.431487 11.6031 13.8926 -0.281906 0.0538963 -0.957885
-0.241876 12.488 13.8795 -0.288123 0.0476378 -0.956408
-0.370676 13.5217 13.9698 -0.296127 0.0460028 -0.954002
-0.401948 13.7753 13.9916 -0.319311 0.0541821 -0.946039
-0.62972 7.31061 13.7588 -0.229994 0.0284397 -0.972752
-0.928529 6.74855 13.8053 -0.207086 0.0438882 -0.97727
-0.39701 6.92977 13.6903 -0.236427 0.0290951 -0.971213
-13.3912 3.83185 14.8781 0.00619565 0.176632 -0.984257
-14.1342 4.45736 14.9757 0.0180558 0.187385 -0.98203
-15.1072 4.40363 14.9544 0.0104834 0.198184 -0.980109
-15.7511 4.08028 14.8749 0.0383694 0.208483 -0.97724
-16.0722 2.97833 14.638 0.0467223 0.184575 -0.981697
-15.8239 2.08016 14.4848 0.0497541 0.181337 -0.982162
-15.1127 1.71715 14.4476 0.0324811 0.177181 -0.983625
-14.1156 1.92282 14.5188 0.0348296 0.171986 -0.984484
-13.4912 2.33486 14.6102 0.0139553 0.165665 -0.986078
-13.3149 3.31345 14.7856 0.00619563 0.176632 -0.984257
-16.4717 9.16254 15.9428 0.00165063 0.216069 -0.976377
-17.4733 9.00619 15.8991 0.0148107 0.228076 -0.973531
-18.3379 9.2621 15.9418 0.0381481 0.238621 -0.970323
-19.0329 10.0983 16.1231 0.0301751 0.233972 -0.971775
-19.2407 11.574 16.4841 0.020919 0.243415 -0.969696
-19.063 12.4183 16.7072 0.0228401 0.252127 -0.967425
-18.493 13.0041 16.8568 -0.0101568 0.237544 -0.971318
-17.0934 13.2232 16.898 -0.00907321 0.240691 -0.970559
-15.9809 12.8338 16.7599 -0.0433767 0.223093 -0.973789
-15.4104 12.2458 16.6075 -0.0383309 0.215699 -0.975707
-15.1109 11.3893 16.4005 -0.0300408 0.219596 -0.975096
-15.292 10.4278 16.1947 -0.0248871 0.213741 -0.976573
-16.0067 9.44136 16.0035 -0.0280401 0.205457 -0.978264
-16.1084 9.38213 15.992 0.00165149 0.216069 -0.976377
-16.8821 10.64 16.278 -0.00482473 0.23225 -0.972634
-17.2092 11.8194 16.5576 -0.00729948 0.228706 -0.973468
-17.7028 11.1816 16.4114 -0.00482473 0.23225 -0.972634
-17.2692 10.4435 16.2313 -0.00235064 0.235794 -0.9718
-28.3078 5.3099 14.1547 0.104113 0.255226 -0.961244
-28.8031 6.11242 14.3191 0.103461 0.260511 -0.959911
-29.7404 6.60323 14.3513 0.104601 0.259976 -0.959932
-30.558 6.49921 14.2331 0.105741 0.259441 -0.959953
-31.5964 5.84353 13.9415 0.106706 0.260922 -0.959443
-32.0388 5.10138 13.6888 0.107672 0.262403 -0.958932
-32.2075 4.1925 13.4211 0.109848 0.258632 -0.9597
-32.1058 2.73969 13.0491 0.113337 0.253933 -0.960559
-31.9548 1.28667 12.6827 0.116294 0.24831 -0.961645
-32.2665 0.126216 12.367 0.115643 0.231511 -0.965934
-33.3556 -0.696707 12.0335 0.117743 0.235995 -0.964595
-34.0817 -1.10643 11.8488 0.112794 0.236618 -0.965033
-35.1553 -1.60936 11.6 0.114023 0.229511 -0.966576
-35.6783 -2.59348 11.3106 0.119814 0.221707 -0.967725
-35.8965 -3.63155 11.0457 0.119813 0.221707 -0.967725
-35.8989 -4.42244 10.8662 0.117452 0.214727 -0.969574
-35.5559 -5.68715 10.6457 0.125654 0.198075 -0.972099
-35.6186 -6.58646 10.4607 0.126517 0.1866 -0.974256
-35.6033 -7.37455 10.3117 0.126516 0.186599 -0.974256
-35.3034 -8.31356 10.1732 0.126632 0.180428 -0.975402
-34.3618 -9.44047 10.0865 0.126093 0.180472 -0.975464
-33.8868 -10.4883 9.97345 0.131043 0.164633 -0.977611
-33.0162 -11.1343 9.97979 0.134667 0.153676 -0.978816
-32.3276 -11.4734 10.0296 0.139804 0.142659 -0.979848
-31.5145 -11.762 10.1026 0.138711 0.142954 -0.979961
-30.4867 -11.1065 10.352 0.141255 0.149149 -0.978673
-29.7717 -10.0893 10.6102 0.140965 0.147777 -0.978922
-29.7741 -8.82693 10.8101 0.134558 0.169799 -0.976211
-29.3361 -7.36267 11.1428 0.138497 0.185309 -0.972858
-29.0202 -6.5224 11.3506 0.135562 0.189587 -0.972461
-27.9779 -5.37384 11.7223 0.132245 0.191349 -0.972564
-27.0674 -5.19735 11.877 0.130538 0.189325 -0.973196
-26.1377 -4.90398 12.0604 0.132593 0.188048 -0.973169
-25.5191 -4.38539 12.2382 0.122323 0.186399 -0.974829
-25.5159 -3.52899 12.4092 0.124792 0.200082 -0.971787
-25.7206 -2.72157 12.5534 0.122682 0.204479 -0.971153
-26.3286 -1.45805 12.7448 0.117025 0.213369 -0.969896
-27.0524 -1.10751 12.7403 0.113314 0.221426 -0.968571
-27.8751 -0.150623 12.8521 0.122578 0.223638 -0.966911
-28.297 0.670599 12.9949 0.120802 0.229938 -0.965679
-28.6122 1.40273 13.1298 0.117738 0.225884 -0.966999
-28.4843 2.39168 13.3891 0.110673 0.238716 -0.964762
-28.2126 3.28191 13.6406 0.110466 0.238422 -0.964859
-28.1206 4.31092 13.9157 0.105469 0.249801 -0.962536
-28.1462 4.54221 13.973 0.105117 0.249872 -0.962556
-29.6945 4.14987 13.7007 0.109008 0.254819 -0.960825
-30.4263 4.679 13.758 0.110516 0.25484 -0.960646
-30.8508 3.67103 13.441 0.112024 0.25486 -0.960467
-30.7169 2.3739 13.1132 0.116295 0.248311 -0.961644
-30.6095 1.57173 12.9244 0.121418 0.242794 -0.962449
-30.5586 0.653087 12.7021 0.121694 0.2304 -0.965451
-30.7479 -0.0514898 12.5111 0.124358 0.228333 -0.965608
-31.5901 -1.08141 12.1637 0.124756 0.221648 -0.967113
-32.5864 -1.77117 11.8766 0.125423 0.221465 -0.967069
-33.3925 -2.27349 11.6591 0.12397 0.219572 -0.967688
-33.9816 -2.80195 11.4658 0.114815 0.221917 -0.968282
-34.338 -3.58007 11.2458 0.121558 0.21536 -0.968894
-34.4359 -4.61657 11.009 0.127472 0.203718 -0.970678
-34.2982 -5.40878 10.8654 0.126205 0.198147 -0.972013
-34.2604 -6.2969 10.6945 0.13187 0.191191 -0.972654
-34.0823 -7.4948 10.4853 0.126601 0.184691 -0.974606
-33.5284 -8.22701 10.4204 0.125529 0.182148 -0.975225
-32.9824 -8.84386 10.3755 0.129216 0.177896 -0.975512
-31.8449 -9.78467 10.3665 0.133255 0.168916 -0.976581
-31.2531 -9.23022 10.544 0.135177 0.165608 -0.97688
-31.1252 -8.14462 10.7482 0.126211 0.171226 -0.977114
-30.7225 -7.15649 10.9882 0.138482 0.188822 -0.972198
-30.3955 -6.02597 11.2544 0.136617 0.19445 -0.971334
-29.8225 -5.08848 11.5237 0.131202 0.196608 -0.971664
-28.833 -4.19565 11.838 0.130412 0.202378 -0.970567
-28.1315 -3.71331 12.035 0.127208 0.208071 -0.969805
-27.4366 -2.99877 12.2785 0.125438 0.208641 -0.969914
-27.9776 -2.12276 12.3958 0.127027 0.212904 -0.968763
-28.6046 -1.55059 12.4438 0.125076 0.218307 -0.967832
-29.2828 -0.764659 12.5334 0.124714 0.217824 -0.967987
-29.7682 0.21555 12.7004 0.12425 0.228275 -0.965636
-30.1902 0.93234 12.8155 0.121772 0.23559 -0.964161
-30.0551 1.88183 13.0718 0.119293 0.242906 -0.962687
-29.8279 2.88052 13.3489 0.11224 0.246408 -0.962601
-29.8402 3.45308 13.4993 0.109008 0.254819 -0.960825
-30.7802 -1.94483 12.0714 0.127118 0.218077 -0.967617
-29.7275 -2.53471 12.0767 0.126097 0.218192 -0.967725
-30.3024 -3.31209 11.8312 0.127956 0.209635 -0.969369
-31.0473 -4.43269 11.491 0.130412 0.202379 -0.970567
-31.5007 -5.10203 11.2914 0.130736 0.201072 -0.970804
-31.9908 -6.26683 10.9851 0.122506 0.197965 -0.972505
-32.7757 -6.69679 10.8041 0.118291 0.193863 -0.973871
-33.0328 -5.87064 10.9374 0.118291 0.193864 -0.973871
-33.0828 -4.81719 11.1442 0.125951 0.205342 -0.970546
-32.7799 -3.75388 11.412 0.125181 0.208617 -0.969953
-32.2325 -3.06109 11.6342 0.126804 0.211247 -0.969173
-31.4631 -2.4525 11.8672 0.126704 0.2146 -0.968442
-19.4284 23.2328 19.7007 -0.0394945 0.281974 -0.958568
-18.6953 23.0943 19.6237 -0.0679528 0.269429 -0.960205
-17.712 23.2684 19.5777 -0.0895938 0.251634 -0.963667
-16.973 23.8558 19.6518 -0.117384 0.248363 -0.961447
-16.7709 24.6457 19.8353 -0.135861 0.278886 -0.950665
-16.7786 25.7542 20.1616 -0.135862 0.278887 -0.950665
-17.0633 26.4181 20.3927 -0.145566 0.276873 -0.949755
-17.8524 27.0016 20.6677 -0.100798 0.281458 -0.95416
-19.1213 27.2629 20.8473 -0.0608287 0.283393 -0.957073
-20.0762 26.9544 20.8167 -0.0609222 0.28334 -0.957083
-20.6529 26.0833 20.5916 -0.0422287 0.279954 -0.959084
-20.8206 24.5859 20.1619 -0.0270197 0.28958 -0.9566
-20.0936 23.6022 19.8322 -0.034536 0.295304 -0.954779
-19.9425 23.5066 19.7971 -0.0336098 0.286014 -0.957586
-19.0339 24.6682 20.0837 -0.0742399 0.265259 -0.961098
-18.5566 25.483 20.2738 -0.0861 0.285495 -0.954497
-19.3427 25.0242 20.1986 -0.057501 0.273637 -0.960053
-4.13524 30.5173 17.5126 -0.400773 0.168536 -0.900541
-4.25981 31.5271 17.758 -0.401793 0.169147 -0.899973
-4.40943 32.5985 18.039 -0.401648 0.180762 -0.897777
-4.61458 33.5615 18.3212 -0.41158 0.178683 -0.893659
-4.16261 34.2171 18.2488 -0.411958 0.185456 -0.892131
-2.96665 35.1672 17.8818 -0.419872 0.177347 -0.890088
-2.30931 35.4321 17.6245 -0.419873 0.177336 -0.890089
-1.58947 35.3715 17.2658 -0.434608 0.172418 -0.883959
-0.594913 34.5688 16.6217 -0.434948 0.170494 -0.884167
0.104405 34.0254 16.1805 -0.430509 0.163857 -0.887588
0.763834 33.6249 15.7861 -0.429764 0.154352 -0.88963
1.21039 32.9873 15.4637 -0.435558 0.149386 -0.887678
1.45543 32.2793 15.2243 -0.435557 0.149386 -0.887679
1.78941 30.9084 14.8431 -0.428118 0.132236 -0.893989
1.61477 29.9557 14.7896 -0.422306 0.132578 -0.896665
1.11106 29.3227 14.9262 -0.415123 0.136246 -0.899505
0.402138 28.8569 15.1849 -0.412955 0.13317 -0.900952
-0.464913 28.4698 15.5202 -0.408869 0.133949 -0.902709
-1.28436 28.2953 15.8633 -0.399097 0.140093 -0.906105
-2.09181 28.5259 16.2525 -0.404091 0.156537 -0.901225
-2.70264 28.918 16.5945 -0.404091 0.156537 -0.901225
-3.21569 29.7184 16.9592 -0.398516 0.159387 -0.903197
-4.00845 30.3625 17.4275 -0.400342 0.165058 -0.901373
-2.70184 31.1977 16.9967 -0.409737 0.162147 -0.897677
-2.06442 30.4023 16.5583 -0.412302 0.155829 -0.897587
-1.25496 29.8225 16.0932 -0.410628 0.14841 -0.899644
-0.218384 30.0979 15.6648 -0.411255 0.148616 -0.899323
0.386903 30.7465 15.481 -0.421386 0.139153 -0.896142
0.143811 31.8967 15.7883 -0.422697 0.153097 -0.893246
-0.648152 32.708 16.3037 -0.424335 0.159916 -0.891251
-1.32038 33.2849 16.7317 -0.424389 0.165994 -0.890135
-1.96707 33.7651 17.1282 -0.42311 0.164935 -0.89094
-2.79439 33.5166 17.4751 -0.418951 0.168727 -0.892176
-2.94524 32.3682 17.3234 -0.414792 0.172516 -0.893412
-2.86287 31.8319 17.1847 -0.409737 0.162148 -0.897677
1.73752 41.9443 16.9138 -0.451271 0.177766 -0.874502
1.11826 42.5394 17.3552 -0.450178 0.180236 -0.874559
0.990733 43.9614 17.7122 -0.449132 0.180835 -0.874972
1.67666 44.7167 17.5178 -0.448654 0.182333 -0.874908
2.80556 45.0105 16.9935 -0.453675 0.180627 -0.872669
3.77623 44.8116 16.448 -0.455051 0.180579 -0.87196
4.55505 44.04 15.8845 -0.454264 0.176023 -0.873304
4.67073 42.8006 15.5728 -0.452178 0.176201 -0.87435
4.17486 41.912 15.6502 -0.451632 0.176492 -0.874574
3.38348 41.6448 16.0044 -0.451128 0.176634 -0.874805
2.59895 41.5402 16.3871 -0.450827 0.17742 -0.874801
2.40398 41.6225 16.5045 -0.451271 0.177766 -0.874502
2.79697 42.9832 16.5808 -0.453704 0.179286 -0.872931
3.09767 43.5908 16.5492 -0.453827 0.178951 -0.872936
3.1853 43.0281 16.3882 -0.453704 0.179285 -0.872931
-27.6399 41.7445 24.6437 0.0870126 0.214251 -0.972895
-27.9882 42.7123 24.8226 0.0992616 0.202189 -0.974273
-28.5361 43.307 24.8866 0.0975652 0.194866 -0.975965
-29.3725 43.737 24.8888 0.0971212 0.195059 -0.975971
-30.2121 44.088 24.8759 0.0966772 0.195253 -0.975976
-31.3361 43.889 24.7252 0.101049 0.191297 -0.976299
-32.3694 43.1129 24.4632 0.106159 0.18835 -0.976348
-32.94 41.9206 24.1439 0.134347 0.195748 -0.971378
-32.9938 40.7714 23.8976 0.129936 0.201934 -0.970742
-32.6986 39.9437 23.7632 0.117665 0.214938 -0.969503
-31.9616 39.1235 23.6639 0.107414 0.216276 -0.970406
-31.1101 38.6037 23.6423 0.107414 0.216276 -0.970405
-30.3045 38.5195 23.7117 0.101623 0.220985 -0.969965
-29.4179 38.751 23.8316 0.0738977 0.21767 -0.973221
-28.5364 39.3151 24.0248 0.0738988 0.217669 -0.973221
-28.0351 40.1123 24.2425 0.0801008 0.221328 -0.971891
-27.7874 40.9626 24.4583 0.0870135 0.214252 -0.972895
-29.2402 41.4632 24.4295 0.0831962 0.202288 -0.975786
-29.9492 42.4548 24.5746 0.0892101 0.199503 -0.975805
-31.2205 42.1062 24.3803 0.0952234 0.196717 -0.975825
-31.5509 40.6704 24.0463 0.104309 0.206144 -0.972946
-30.4883 40.0332 24.0213 0.0935537 0.208672 -0.973456
-29.5231 40.4532 24.1943 0.0843443 0.207589 -0.974573
-29.3001 40.6999 24.2662 0.0837695 0.204939 -0.975179
7.891 -5.59442 12.5059 -0.147406 -0.0604232 -0.987229
7.46537 -6.29921 12.6168 -0.125705 -0.0840332 -0.988479
7.53307 -7.44269 12.6882 -0.105686 -0.0664324 -0.992178
7.85074 -8.1322 12.6979 -0.100059 -0.0517615 -0.993634
8.7295 -8.69378 12.647 -0.0914948 -0.0662016 -0.993537
9.58409 -8.85931 12.5708 -0.102106 -0.0702404 -0.992291
10.6174 -8.41876 12.412 -0.117367 -0.0953665 -0.988499
11.1147 -7.22374 12.2276 -0.129747 -0.108853 -0.985554
11.0974 -6.46949 12.1466 -0.129746 -0.108859 -0.985553
10.7324 -5.74262 12.1248 -0.147775 -0.0971017 -0.984243
9.57181 -4.95165 12.221 -0.137742 -0.0937801 -0.98596
8.41192 -5.18994 12.4034 -0.147407 -0.0604225 -0.987229
8.82316 -6.70644 12.4785 -0.127709 -0.0904595 -0.987678
8.8043 -6.73341 12.4834 -0.125705 -0.0840332 -0.988479
14.6874 -12.9852 12.483 -0.0834052 -0.112699 -0.990082
15.2713 -12.4439 12.3677 -0.0788294 -0.121345 -0.989475
16.2775 -12.1049 12.246 -0.0788301 -0.121345 -0.989475
17.3194 -12.7358 12.2467 -0.077623 -0.131984 -0.98814
17.894 -13.932 12.3525 -0.0705796 -0.12654 -0.989436
17.2947 -15.1338 12.5536 -0.0692232 -0.130991 -0.988964
16.7011 -15.6267 12.6394 -0.0444305 -0.110836 -0.992845
15.774 -15.7052 12.6953 -0.0556825 -0.102066 -0.993198
14.8136 -15.1002 12.687 -0.0556817 -0.102067 -0.993198
14.4951 -14.1632 12.6118 -0.0583357 -0.0993163 -0.993344
14.5848 -13.1695 12.5109 -0.0746158 -0.0963574 -0.992474
20.7105 -19.4097 12.9273 -0.0156807 -0.112928 -0.993479
21.6108 -18.855 12.8319 -0.0348321 -0.135462 -0.99017
22.5375 -18.9737 12.8155 -0.0286435 -0.136931 -0.990146
23.2659 -19.6125 12.8883 -0.0224551 -0.138399 -0.990122
23.5739 -20.3759 12.9849 -0.0240181 -0.132298 -0.990919
23.5694 -21.5731 13.1448 -0.0148758 -0.123606 -0.992139
22.794 -22.3024 13.2356 -0.00458008 -0.119915 -0.992774
21.78 -22.6291 13.2739 -0.00156058 -0.105875 -0.994366
20.5033 -21.9521 13.2152 -0.00957515 -0.095412 -0.995392
20.1315 -21.1748 13.1371 -0.0163117 -0.112228 -0.993549
20.246 -20.346 13.0413 -0.0161384 -0.112968 -0.993468
20.4675 -19.7673 12.9719 -0.0161384 -0.112968 -0.993468
21.8924 -21.117 13.1023 -0.015498 -0.111833 -0.993606
21.9487 -21.133 13.1032 -0.0106158 -0.113373 -0.993483
25.8024 -31.3148 14.1328 0.043818 -0.0725245 -0.996398
25.1 -31.8225 14.1401 0.0447216 -0.0675857 -0.996698
24.558 -32.3953 14.1502 0.0465512 -0.0567289 -0.997304
24.2156 -33.2386 14.1773 0.0528976 -0.0455966 -0.997558
24.2048 -34.5602 14.2372 0.0558992 -0.0476982 -0.99729
24.6342 -35.2914 14.2962 0.0614726 -0.0417069 -0.997237
25.1827 -35.8639 14.3533 0.0622998 -0.0405329 -0.997233
26.2549 -36.4201 14.4447 0.0638971 -0.0406903 -0.997127
27.5392 -36.4145 14.5301 0.0645995 -0.049221 -0.996682
28.5716 -36.0115 14.5723 0.0616791 -0.0536655 -0.996652
29.15 -35.5143 14.5814 0.061345 -0.0523493 -0.996742
29.5336 -34.7133 14.5528 0.0578185 -0.0637946 -0.996278
29.7239 -33.9281 14.5141 0.0543767 -0.0635226 -0.996497
29.4442 -32.9388 14.4298 0.0473443 -0.0728792 -0.996216
29.0374 -31.9697 14.3314 0.05025 -0.0828133 -0.995297
28.42 -31.4811 14.261 0.0480047 -0.0848211 -0.995236
27.344 -31.2025 14.1835 0.0491749 -0.0869558 -0.994998
26.4614 -31.1161 14.1466 0.0310868 -0.0817839 -0.996165
26.3072 -31.1132 14.1415 0.0389244 -0.0779503 -0.996159
26.4693 -32.8039 14.268 0.0471394 -0.0603456 -0.997064
27.6501 -32.9279 14.3374 0.052527 -0.0635566 -0.996595
28.0471 -33.6683 14.4056 0.0525272 -0.0635562 -0.996595
28.0164 -34.5511 14.4606 0.0543763 -0.0635219 -0.996497
27.3322 -35.0871 14.4487 0.0591548 -0.0499777 -0.996997
26.3347 -34.9314 14.3814 0.0599835 -0.0496917 -0.996962
25.6915 -34.2786 14.3109 0.0586816 -0.0490604 -0.99707
