10.7074 35.214 36.433 0.890121 -0.333211 0.310846
10.4664 34.4366 36.2659 0.88405 -0.344192 0.316207
10.4664 34.4366 36.2659 0.88405 -0.344192 0.316207
10.2205 33.6714 36.1128 0.88285 -0.348357 0.314997
9.89437 32.677 35.9405 0.882065 -0.342501 0.323504
9.5864 31.7228 35.7765 0.883284 -0.338513 0.324373
9.66961 31.3617 35.1796 0.882694 -0.336684 0.327865
10.1489 32.136 34.6864 0.882131 -0.337283 0.328764
10.4502 32.9273 34.6878 0.885191 -0.333288 0.324529
10.7348 33.7857 34.7992 0.885573 -0.340921 0.315476
11.0101 34.7251 35.0387 0.88774 -0.336243 0.314416
11.2897 35.7088 35.2978 0.887804 -0.331061 0.319676
11.5135 36.4729 35.4711 0.889545 -0.327849 0.318123
11.4478 36.8543 36.0409 0.890691 -0.32351 0.319391
11.0958 36.2916 36.4647 0.898057 -0.317435 0.304045
10.8611 35.6592 36.462 0.892796 -0.330635 0.305854
10.4067 35.5575 37.6625 0.879194 -0.334782 0.339027
10.6771 36.3491 37.7052 0.89138 -0.290945 0.34752
10.9611 37.1499 37.638 0.89668 -0.271177 0.349446
11.3049 37.7934 37.2512 0.888027 -0.271283 0.371232
11.6957 38.1815 36.5705 0.893663 -0.2887 0.34346
12.1187 38.4057 35.6773 0.892726 -0.29672 0.338961
12.4206 38.2894 34.7702 0.888091 -0.309732 0.339649
12.2436 37.4716 34.4733 0.884225 -0.324117 0.336266
12.021 36.6817 34.3038 0.884446 -0.328551 0.331286
11.7667 35.8057 34.0923 0.882113 -0.334852 0.331278
11.5493 35.0249 33.8687 0.883529 -0.338799 0.323407
11.2632 34.008 33.5783 0.880559 -0.338318 0.331735
10.9085 32.9433 33.4567 0.880024 -0.329935 0.341615
10.6005 32.1254 33.4778 0.885062 -0.325859 0.332388
10.3031 31.3697 33.5288 0.882445 -0.328643 0.33653
10.0019 30.6273 33.605 0.878125 -0.319554 0.356063
9.62382 30.075 34.0473 0.881982 -0.313829 0.351352
9.25198 30.0848 35.0237 0.883214 -0.320938 0.341945
8.96616 30.1132 35.7948 0.88303 -0.325799 0.337805
8.73505 30.3367 36.6031 0.873143 -0.339247 0.349902
8.96217 31.2156 36.9142 0.869225 -0.343753 0.355291
9.25561 32.0749 37.016 0.87634 -0.343974 0.337153
9.50469 32.8189 37.1422 0.877971 -0.345335 0.331454
9.78138 33.6782 37.3042 0.870506 -0.343854 0.352113
10.0518 34.4991 37.4858 0.862419 -0.371898 0.343404
10.392 35.5137 37.6574 0.881794 -0.340293 0.326251
10.4003 35.5392 37.6611 0.879194 -0.334782 0.339026
9.89661 35.4553 38.8536 0.85798 -0.315829 0.400895
9.52891 34.3768 38.6596 0.861672 -0.370347 0.346935
9.13268 33.1602 38.3671 0.857481 -0.349056 0.378002
8.86301 32.3235 38.1998 0.863633 -0.343395 0.369073
8.55163 31.4449 38.1077 0.863537 -0.344365 0.368396
8.30295 30.7374 38.0396 0.865069 -0.338423 0.370305
8.02375 29.9461 37.9777 0.866828 -0.332728 0.37135
7.73592 29.1387 37.908 0.849204 -0.362299 0.383241
7.67425 28.702 37.6318 0.849204 -0.3623 0.38324
8.08798 28.791 36.7454 0.861551 -0.345637 0.371841
8.40742 28.9015 36.0621 0.876061 -0.333919 0.347872
8.78001 28.9285 35.1576 0.884475 -0.314498 0.344666
9.14068 28.7756 34.1164 0.880513 -0.306541 0.361562
9.39718 28.5112 33.2743 0.877765 -0.30493 0.369521
9.72046 28.4983 32.5097 0.873298 -0.27801 0.400063
10.0352 29.3516 32.4334 0.881653 -0.30151 0.363011
10.3042 30.0793 32.3985 0.873323 -0.310788 0.375125
10.6351 30.9307 32.3457 0.871124 -0.318615 0.373669
10.9532 31.7433 32.2917 0.873277 -0.312518 0.373788
11.2645 32.5527 32.2422 0.873383 -0.314241 0.372094
11.6011 33.4958 32.2662 0.866604 -0.322406 0.380856
11.8777 34.4372 32.4396 0.874955 -0.33578 0.348855
12.1897 35.6476 32.8132 0.877216 -0.338763 0.340032
12.5338 36.8116 33.1247 0.867363 -0.351773 0.352047
12.8121 37.7548 33.2912 0.869848 -0.32501 0.370946
13.0879 38.6014 33.3657 0.869552 -0.308208 0.385858
13.3105 39.6469 33.7073 0.883579 -0.291697 0.366334
13.0074 39.7563 34.5268 0.884081 -0.292276 0.364659
12.6908 39.7611 35.303 0.892629 -0.274926 0.357155
12.1846 39.5897 36.4116 0.89335 -0.268219 0.360478
11.8333 39.391 37.0924 0.887081 -0.251685 0.386965
11.473 39.1147 37.7484 0.883322 -0.230982 0.406629
11.102 38.7766 38.3243 0.873749 -0.218199 0.434686
10.7671 38.2094 38.7648 0.890249 -0.19561 0.411332
10.5194 37.4419 38.8652 0.856789 -0.278221 0.434173
10.1747 36.3608 38.8796 0.860012 -0.256578 0.441074
10.0311 35.882 38.8715 0.848218 -0.277484 0.451064
9.48154 36.0469 39.9956 0.855098 -0.252529 0.452461
9.1731 35.0311 39.9414 0.808392 -0.376936 0.45213
8.91972 34.2398 39.7838 0.785995 -0.349491 0.507224
8.58539 33.1584 39.5324 0.821776 -0.383073 0.421829
8.31473 32.377 39.3726 0.841028 -0.336891 0.423292
8.02232 31.5471 39.293 0.841193 -0.338758 0.421463
7.72924 30.6916 39.218 0.831246 -0.325656 0.45053
7.34562 29.6409 39.189 0.840999 -0.332504 0.42564
6.87333 28.5975 39.1456 0.810357 -0.396137 0.431736
6.43869 27.595 39.0697 0.792852 -0.399796 0.458459
6.1057 26.7979 39.0097 0.799429 -0.369377 0.473787
5.83149 26.0505 38.9009 0.80058 -0.361203 0.478125
6.3795 26.5365 38.3482 0.807944 -0.360298 0.466086
6.81759 26.9137 37.8359 0.826783 -0.340266 0.447938
7.22358 27.2633 37.2941 0.851111 -0.326003 0.411499
7.65246 27.5305 36.6056 0.863885 -0.330779 0.379745
8.05645 27.7008 35.8369 0.876304 -0.316766 0.362975
8.42056 27.743 35.0035 0.877744 -0.300561 0.3731
8.8029 27.4781 33.8576 0.883694 -0.296541 0.362143
9.02132 27.1538 33.1414 0.879935 -0.275277 0.387148
9.26129 26.7049 32.3268 0.876741 -0.254123 0.408346
9.54033 26.4469 31.5987 0.870113 -0.243059 0.428748
9.86463 27.0874 31.3068 0.868419 -0.248367 0.429119
10.2536 28.248 31.2055 0.866504 -0.253805 0.42983
10.4743 29.0078 31.2088 0.870697 -0.264175 0.414403
10.7791 29.9046 31.1987 0.860924 -0.304889 0.40725
11.211 31.0225 31.1149 0.862291 -0.299911 0.408054
11.6295 32.0895 31.049 0.851684 -0.320305 0.414285
11.9509 32.9041 31.0298 0.858218 -0.321828 0.399788
12.2151 33.6235 31.0479 0.826969 -0.341919 0.446333
12.4513 34.4421 31.2167 0.832258 -0.315305 0.455993
12.5977 35.1704 31.455 0.858731 -0.3316 0.390364
12.8851 36.2696 31.7784 0.840473 -0.338946 0.422715
13.1308 37.0869 31.9888 0.853508 -0.357975 0.378653
13.4445 38.0687 32.1272 0.847442 -0.341832 0.405327
13.7303 38.8343 32.1336 0.852907 -0.311938 0.417977
14.0606 39.6688 32.0844 0.851483 -0.317338 0.416831
14.3921 40.6023 32.1583 0.839654 -0.33214 0.429725
14.1316 40.9582 32.874 0.859768 -0.274619 0.429919
13.5658 41.0227 34.1375 0.881329 -0.270182 0.387405
13.1818 41.0713 35.0493 0.888924 -0.237025 0.391826
12.7499 40.9749 35.9982 0.892672 -0.226526 0.389488
12.3681 40.8491 36.7707 0.888762 -0.215199 0.404711
11.8167 40.5324 37.8088 0.892044 -0.182501 0.413462
11.2367 40.1013 38.7316 0.837006 -0.185226 0.51489
10.7862 39.7446 39.3875 0.878245 -0.169689 0.447091
10.4364 39.1975 39.8798 0.881697 -0.160098 0.443823
10.1469 38.2623 39.9965 0.825187 -0.274875 0.493468
9.83046 37.2536 39.9823 0.838281 -0.239394 0.489366
9.62114 36.4943 39.9991 0.848659 -0.245867 0.467676
9.48545 36.0599 39.9959 0.847996 -0.268136 0.457172
8.84033 36.3255 41.0663 0.783402 -0.101379 0.613191
8.60102 35.5718 41.0473 0.73581 -0.314005 0.598228
8.34669 34.8673 40.9393 0.701895 -0.367527 0.609936
8.10394 33.9897 40.7566 0.743824 -0.251083 0.619422
7.89793 33.2524 40.6057 0.690248 -0.383461 0.613608
7.58842 32.2491 40.4657 0.750719 -0.253493 0.610051
7.34483 31.4926 40.4117 0.80643 -0.308529 0.503768
7.03751 30.6281 40.3498 0.79622 -0.302253 0.523813
6.68417 29.6561 40.3599 0.81067 -0.305925 0.498008
6.35037 28.97 40.3372 0.764571 -0.393586 0.510413
6.00948 28.2731 40.3163 0.766937 -0.388895 0.51046
5.49894 27.1638 40.2179 0.739488 -0.40563 0.537236
5.04977 26.1914 40.1383 0.757345 -0.357785 0.546276
4.67658 25.4606 40.0688 0.671293 -0.415944 0.61335
4.12354 24.4014 39.9776 0.673283 -0.404405 0.618989
3.66238 23.5437 39.9913 0.668037 -0.320061 0.67178
3.22279 22.7355 40.0414 0.633363 -0.319833 0.703123
2.83794 21.7592 39.9377 0.597872 -0.317386 0.736072
2.94313 21.6274 39.7937 0.650817 -0.269447 0.709468
3.5302 22.1607 39.4575 0.666616 -0.325007 0.670816
4.01801 22.6951 39.2302 0.668025 -0.323138 0.670317
4.46783 23.2331 38.9825 0.723359 -0.323606 0.609797
5.18655 24.0912 38.5313 0.773423 -0.293435 0.561883
5.67461 24.6758 38.199 0.803953 -0.320266 0.501087
6.18223 25.2359 37.7514 0.809181 -0.329803 0.485693
6.7984 25.8404 37.0785 0.84255 -0.305238 0.442568
7.18864 26.2013 36.5355 0.849851 -0.32262 0.416737
7.61955 26.4691 35.8368 0.871114 -0.304053 0.385596
8.01787 26.5123 34.973 0.878034 -0.286335 0.383282
8.30251 26.3218 34.1639 0.880147 -0.273663 0.387879
8.52944 25.998 33.4248 0.873275 -0.268657 0.406175
8.78428 25.4324 32.5451 0.869481 -0.25853 0.420905
8.93069 24.8422 31.8842 0.8706 -0.247614 0.425011
9.07526 24.2524 31.3483 0.849611 -0.207273 0.484973
9.44682 24.6155 30.8632 0.844963 -0.21241 0.490836
9.91168 25.5407 30.4813 0.840282 -0.226666 0.492493
10.2767 26.3119 30.2057 0.841947 -0.209311 0.497303
10.64 27.2712 29.9978 0.840645 -0.212447 0.498175
10.9174 28.3332 30.0202 0.812208 -0.250163 0.526889
11.2312 29.3781 30.0751 0.830236 -0.269566 0.487478
11.5487 30.254 29.9989 0.822418 -0.259674 0.50616
11.8482 31.0162 29.9099 0.82105 -0.265045 0.505597
12.1508 31.8006 29.8545 0.79673 -0.297704 0.522474
12.5409 32.7276 29.8413 0.815918 -0.326339 0.47717
12.8879 33.5538 29.7952 0.799435 -0.32607 0.503365
13.1206 34.4023 30.0066 0.813912 -0.341647 0.46992
13.2759 35.3056 30.3286 0.81615 -0.319306 0.481576
13.4363 36.0557 30.5618 0.810653 -0.336217 0.479162
13.7394 37.1066 30.83 0.806396 -0.356225 0.472049
13.9627 37.8173 30.9303 0.819356 -0.322787 0.473776
14.2405 38.5585 30.9584 0.837907 -0.313163 0.446777
14.5801 39.2774 30.8493 0.813232 -0.315064 0.487833
14.9246 40.0236 30.7604 0.805065 -0.318566 0.499734
15.1872 40.7335 30.816 0.808549 -0.336912 0.48243
15.3094 41.6026 31.1297 0.82104 -0.283705 0.495384
15.1396 42.1966 31.7787 0.836569 -0.27348 0.474339
14.6727 42.3106 32.6529 0.846658 -0.261611 0.462919
14.1368 42.283 33.7082 0.872712 -0.243034 0.423448
13.7874 42.3214 34.4505 0.872727 -0.243048 0.423409
13.414 42.3526 35.277 0.886858 -0.22648 0.402729
13.091 42.3145 35.967 0.88939 -0.222177 0.399484
12.751 42.2349 36.6414 0.889044 -0.149422 0.432751
12.2051 42.0035 37.6156 0.875893 -0.103627 0.471246
11.6904 41.6737 38.4731 0.84897 -0.109349 0.516656
11.276 41.3907 39.0687 0.84112 -0.12348 0.526564
10.7012 41.0051 39.9167 0.860103 -0.0815115 0.503566
10.3054 40.6815 40.5405 0.859269 -0.104345 0.500236
9.92676 40.1203 40.906 0.777642 -0.143651 0.612076
9.57105 39.1682 41.0155 0.65407 -0.185759 0.733271
9.27183 38.073 40.9838 0.73007 -0.193618 0.65537
8.95869 36.9289 41.0148 0.757056 -0.134894 0.63739
8.93639 36.8103 41.0237 0.783402 -0.101379 0.613191
8.07579 37.075 41.9102 0.663544 -0.153925 0.732132
7.88422 36.3154 41.9755 0.59156 -0.192752 0.782881
7.50969 35.16 41.9288 0.562337 -0.312859 0.75833
7.225 34.3672 41.7535 0.635001 -0.280242 0.719887
7.07594 33.6322 41.5988 0.64142 -0.275662 0.7159
6.79727 32.5717 41.466 0.649161 -0.244562 0.720263
6.57513 31.8464 41.413 0.708321 -0.24059 0.662173
6.35875 31.0426 41.3882 0.692516 -0.210376 0.690045
6.05827 30.2368 41.3977 0.676502 -0.258676 0.689515
5.59942 29.202 41.4286 0.718845 -0.339355 0.606713
5.24649 28.4637 41.4078 0.697319 -0.384549 0.60487
4.83708 27.6006 41.3629 0.660313 -0.410707 0.62457
4.40538 26.7883 41.2177 0.628546 -0.415787 0.657306
3.91441 25.9171 41.1135 0.515921 -0.449131 0.729456
3.48784 25.1862 41.0068 0.561148 -0.386288 0.732048
2.92824 24.1597 40.8798 0.597458 -0.357619 0.71471
2.40385 23.3969 40.9904 0.600085 -0.312654 0.736305
1.99284 22.666 40.9884 0.51226 -0.259534 0.818227
1.83692 21.9101 40.8013 0.547046 -0.319469 0.773744
1.46065 20.9827 40.6412 0.463918 -0.317463 0.827041
0.974863 20.0585 40.5236 0.399941 -0.303662 0.862591
0.524035 19.3483 40.5293 0.388294 -0.255383 0.885329
-0.17264 18.7578 40.6499 0.324634 -0.257604 0.908247
-0.741259 18.2235 40.6897 0.276666 -0.213155 0.937028
-0.944431 17.445 40.5468 0.259698 -0.261816 0.929501
-0.902816 16.5165 40.2902 0.280348 -0.211311 0.936351
-0.757376 15.7155 40.0659 0.28035 -0.211312 0.93635
-0.83095 14.5505 39.8942 0.232956 -0.126985 0.963085
-0.575423 14.2057 39.7869 0.232952 -0.126983 0.963086
0.0105724 14.9975 39.7045 0.264383 -0.147542 0.9518
0.460269 15.7538 39.6806 0.364059 -0.147262 0.91966
0.86384 16.3963 39.6398 0.352112 -0.175163 0.919421
1.33771 17.1085 39.5431 0.452235 -0.210563 0.866687
1.783 17.8796 39.4657 0.520325 -0.184666 0.833263
2.22601 18.6585 39.3913 0.551878 -0.183383 0.811851
2.83202 19.5769 39.174 0.586443 -0.251426 0.76998
3.27752 20.2246 38.9927 0.6305 -0.202504 0.749308
3.71661 20.8548 38.7698 0.698492 -0.232002 0.676044
4.2178 21.5146 38.5004 0.719102 -0.248809 0.648325
4.89071 22.3597 38.0694 0.752658 -0.277659 0.594793
5.4152 23.0982 37.6698 0.79494 -0.249559 0.552984
5.835 23.6668 37.3292 0.815662 -0.285002 0.503458
6.38098 24.3658 36.8293 0.834686 -0.297009 0.463772
6.87325 24.8534 36.2429 0.858377 -0.28744 0.424888
7.35474 25.2424 35.5418 0.85659 -0.284904 0.430214
7.67258 25.2855 34.8658 0.87878 -0.266581 0.395796
7.98482 24.9256 33.9288 0.881059 -0.255953 0.397644
8.25444 24.324 32.9778 0.876317 -0.241247 0.41683
8.38179 23.671 32.3546 0.87476 -0.222394 0.430254
8.43442 22.7661 31.8608 0.860534 -0.193278 0.4713
8.45902 21.9621 31.554 0.851085 -0.139168 0.505232
8.48813 21.1725 31.3218 0.837955 -0.125094 0.531209
8.4021 20.1315 31.1792 0.805694 -0.133613 0.575943
8.25844 19.1779 31.1961 0.802654 -0.084443 0.590015
8.183 18.3306 31.216 0.806987 0.000816901 0.588991
8.3138 17.7223 31.0821 0.792718 0.0365558 0.608491
8.73024 18.2473 30.5453 0.756163 0.0180306 0.654135
9.02154 19.0399 30.2387 0.75137 -0.0435271 0.658444
9.06464 19.876 30.2447 0.795525 -0.0799078 0.599924
9.07988 20.6815 30.3526 0.810319 -0.0948882 0.578252
9.11643 21.5032 30.4392 0.813135 -0.0937615 0.574447
9.27386 22.3439 30.3981 0.819616 -0.145815 0.554046
9.5326 23.0624 30.2109 0.826856 -0.162619 0.538078
9.96135 23.9426 29.815 0.80385 -0.144798 0.576922
10.3282 24.7054 29.5021 0.811924 -0.177606 0.554747
10.7886 25.6118 29.1663 0.807945 -0.21445 0.548849
11.1179 26.332 28.9629 0.809392 -0.19556 0.553408
11.5201 27.4523 28.8573 0.769892 -0.204286 0.604289
11.6639 28.3735 28.9317 0.795289 -0.170356 0.581794
11.8846 29.3553 28.9624 0.830633 -0.256173 0.49418
12.2315 30.0799 28.8655 0.743077 -0.3183 0.588662
12.6028 30.8609 28.7765 0.757307 -0.278085 0.590893
13.011 31.9438 28.7414 0.775341 -0.26391 0.573758
13.3438 32.7588 28.6854 0.764417 -0.296869 0.572307
13.66 33.4718 28.6585 0.72658 -0.306216 0.614938
13.8969 34.3832 28.8502 0.755315 -0.322853 0.57026
13.9851 35.1538 29.1603 0.759061 -0.318387 0.567853
14.1363 36.1239 29.4742 0.779766 -0.322121 0.535126
14.3413 36.8373 29.6566 0.784298 -0.355542 0.508396
14.601 37.5912 29.7834 0.782667 -0.347836 0.516062
15.066 38.617 29.7153 0.796699 -0.307579 0.520256
15.5579 39.6138 29.586 0.77361 -0.289383 0.563725
15.8592 40.6111 29.6845 0.761461 -0.298504 0.575076
16.065 41.36 29.7774 0.787138 -0.293056 0.542701
16.1867 42.1666 30.0394 0.788102 -0.294547 0.540498
16.124 42.9038 30.5671 0.810247 -0.277741 0.515648
15.7783 43.5978 31.4391 0.820339 -0.262197 0.507715
15.2202 43.6819 32.438 0.832148 -0.269367 0.484733
14.6146 43.5691 33.4884 0.857176 -0.239869 0.455754
14.2541 43.5856 34.1762 0.857561 -0.240166 0.454874
13.8382 43.6661 35.0366 0.86813 -0.211109 0.449203
13.4874 43.6886 35.7249 0.860428 -0.186964 0.473526
12.8934 43.5568 36.8125 0.858138 -0.141671 0.491912
12.3779 43.3708 37.6373 0.857165 -0.106419 0.503928
11.9508 43.1761 38.3101 0.85229 -0.0957163 0.514157
11.5696 42.9241 38.9068 0.855958 -0.0888731 0.50935
11.0826 42.5527 39.6256 0.832604 -0.108282 0.543181
10.4605 42.2179 40.4369 0.778226 -0.0438546 0.625309
9.80323 41.8068 41.2929 0.731678 0.0144744 0.673609
9.29332 41.1831 41.6926 0.616369 -0.0417653 0.786349
8.9116 40.2662 41.8489 0.56037 -0.198474 0.80411
8.64915 39.3749 41.8958 0.649714 -0.160341 0.742556
8.3598 38.1901 41.8873 0.664669 -0.152911 0.731321
8.33939 38.101 41.887 0.663544 -0.153925 0.732132
7.40396 38.5471 42.7075 0.561287 -0.121848 0.818603
7.6245 39.4302 42.6662 0.550955 -0.103673 0.827986
7.89222 40.608 42.6498 0.543464 -0.111955 0.831933
8.20721 41.4141 42.5116 0.560533 -0.0293642 0.826879
8.58187 42.3416 42.2507 0.582952 -0.00698288 0.812477
8.99156 42.9577 41.9513 0.672555 -0.00932739 0.739988
9.64319 43.2266 41.3625 0.672553 -0.00933013 0.73999
10.2619 43.526 40.7777 0.727211 -0.00775317 0.684568
10.8311 43.7294 40.1254 0.787777 -0.016526 0.613667
11.3324 44.1309 39.4151 0.808071 -0.0324939 0.587259
11.8994 44.4287 38.6228 0.843454 -0.0685828 0.532805
12.3744 44.6454 37.8987 0.829112 -0.0920699 0.550479
12.8421 44.799 37.2 0.841298 -0.133483 0.523832
13.2826 44.9516 36.5313 0.836298 -0.138537 0.530396
13.6859 45.0127 35.8625 0.852692 -0.173488 0.492766
14.0636 45.0318 35.2152 0.854753 -0.192628 0.48146
14.4175 44.9569 34.5377 0.857563 -0.212432 0.468457
15.0182 44.8823 33.4405 0.833197 -0.248641 0.493921
15.4634 44.9668 32.7299 0.833774 -0.248979 0.492778
16.1837 44.9486 31.5593 0.806855 -0.267298 0.526817
16.6415 44.6114 30.7076 0.78435 -0.28008 0.553233
16.8827 43.9903 30.0274 0.782838 -0.29558 0.547537
17.1126 43.396 29.41 0.774208 -0.286035 0.564611
17.1222 42.6999 29.0128 0.767876 -0.31944 0.555271
17.1392 41.8411 28.5358 0.709117 -0.283561 0.645254
16.8767 41.0181 28.5341 0.779526 -0.223181 0.58526
16.5727 39.8748 28.3866 0.749312 -0.307625 0.586428
16.2037 38.9851 28.415 0.707469 -0.320352 0.627651
15.7432 38.3235 28.6094 0.767324 -0.335832 0.546288
15.1894 37.0774 28.5872 0.752675 -0.362897 0.54935
15.0009 36.2803 28.3985 0.749874 -0.300563 0.589228
14.8432 35.5412 28.2368 0.756051 -0.292725 0.585395
14.7784 34.6435 27.8661 0.748951 -0.305284 0.587976
14.5686 33.4854 27.604 0.677713 -0.259974 0.687531
14.2567 32.7687 27.5954 0.720722 -0.312811 0.618635
13.8647 31.94 27.6589 0.74361 -0.257383 0.617088
13.6096 31.1851 27.6852 0.690802 -0.220555 0.688585
13.2741 30.2874 27.7343 0.690627 -0.209774 0.692027
12.8934 29.5702 27.8955 0.661183 -0.218938 0.717568
12.5832 28.8408 27.9745 0.67803 -0.18218 0.7121
12.46 27.6392 27.8299 0.67572 -0.145261 0.722705
12.302 26.9052 27.8341 0.722263 -0.207789 0.659572
11.9656 26.0728 27.9285 0.723248 -0.218053 0.65526
11.5792 25.2484 28.0806 0.744271 -0.196248 0.637426
11.2701 24.5325 28.3216 0.765037 -0.112315 0.634117
10.929 23.8947 28.6201 0.756222 -0.122176 0.642615
10.5699 23.2203 28.9149 0.748485 -0.107348 0.654406
10.127 22.2185 29.2308 0.762486 -0.158492 0.627292
9.96615 21.4639 29.2722 0.777501 -0.0712071 0.624838
10.009 20.3142 29.0986 0.785173 -0.0600012 0.616363
10.0226 19.1111 29.0768 0.719334 0.040954 0.693457
9.59759 17.7862 29.6117 0.723077 0.0602642 0.688089
9.262 17.0912 30.0335 0.728063 0.0627228 0.682634
8.8342 16.2307 30.5764 0.748641 0.0714964 0.658421
8.49379 15.4133 31.1097 0.715531 0.117897 0.687873
8.3932 14.4506 31.3366 0.702945 0.1142 0.701629
8.30117 13.6964 31.5622 0.681244 0.12128 0.721941
8.22401 12.9488 31.7622 0.682004 0.132577 0.719231
8.28995 12.1631 31.8445 0.682003 0.132573 0.719233
8.16459 11.4645 32.0924 0.695321 0.162231 0.699181
7.98672 10.6561 32.5045 0.733817 0.173718 0.656761
7.92397 9.59238 32.8559 0.730571 0.171301 0.660975
8.15291 8.37444 32.989 0.671396 0.212955 0.709844
8.43933 7.30223 33.0398 0.671396 0.212955 0.709844
8.9072 6.24992 32.9338 0.67037 0.227235 0.706377
9.18593 5.23311 33.0544 0.628417 0.25786 0.733839
9.44077 4.43345 33.1081 0.627673 0.24955 0.737395
9.65141 3.57669 33.2296 0.608356 0.250304 0.752945
9.71229 2.53822 33.5026 0.603041 0.235708 0.762091
9.60469 1.80523 33.8262 0.583242 0.249952 0.772656
9.4617 0.903337 34.1798 0.553051 0.217428 0.804276
9.17886 0.176223 34.5708 0.553051 0.217428 0.804276
8.8147 -0.63693 35.0065 0.536463 0.168177 0.826703
8.31127 -1.61365 35.506 0.519572 0.161299 0.839064
7.7752 -2.32527 35.8844 0.48974 0.0530511 0.870252
6.87714 -2.76782 36.4149 0.439276 -0.0130115 0.89419
5.91853 -2.91178 36.8287 0.40987 -0.0861271 0.908069
5.12595 -2.90159 37.0751 0.220729 -0.185329 0.957522
4.18811 -2.8559 37.2918 0.213096 -0.180899 0.960138
3.31344 -2.75868 37.4856 0.181282 -0.187808 0.965295
2.31937 -2.68412 37.6787 0.174216 -0.183644 0.967431
1.33783 -2.53087 37.7962 0.049112 -0.206061 0.976787
0.444238 -2.14634 37.8912 0.023658 -0.187628 0.981955
-0.353205 -1.43901 38.0196 -0.0437714 -0.190367 0.979835
-1.20453 -0.468366 38.2088 -0.0479358 -0.231428 0.97167
-2.2101 -0.195135 38.1855 -0.0831579 -0.211881 0.973751
-3.13951 -0.201853 38.0265 -0.215997 -0.247708 0.943632
-4.47735 -0.27872 37.6501 -0.251255 -0.230698 0.940026
-5.30499 -0.377791 37.3834 -0.280422 -0.250015 0.926732
-5.99415 -0.105072 37.2442 -0.288986 -0.242562 0.926094
-7.17304 0.288724 36.9795 -0.288973 -0.242584 0.926092
-8.11979 0.819809 36.7972 -0.309928 -0.247466 0.91795
-8.99554 1.26546 36.6297 -0.305442 -0.25559 0.917267
-9.7428 1.41793 36.4199 -0.309332 -0.254542 0.916254
-10.4868 1.68847 36.2427 -0.309949 -0.258735 0.914864
-11.6945 1.45022 35.7701 -0.306879 -0.260328 0.915453
-12.4985 0.694392 35.2762 -0.309512 -0.266149 0.912883
-13.3813 -0.146455 34.735 -0.313593 -0.273932 0.909116
-13.9076 -0.875135 34.3217 -0.321028 -0.281118 0.904386
-14.5923 -1.52205 33.8856 -0.32084 -0.268089 0.908398
-15.016 -2.35944 33.4906 -0.319351 -0.267283 0.909162
-15.3694 -3.03664 33.173 -0.321919 -0.255697 0.911585
-15.9784 -3.45164 32.8424 -0.316838 -0.256895 0.913027
-16.6331 -3.84867 32.5035 -0.315033 -0.254937 0.914195
-17.3683 -4.04139 32.2002 -0.305178 -0.257249 0.916891
-18.6827 -4.46584 31.6469 -0.302182 -0.256438 0.91811
-19.5648 -4.46544 31.3564 -0.309278 -0.259701 0.914793
-20.4431 -3.64182 31.3064 -0.310113 -0.278652 0.908946
-21.2906 -3.05887 31.1959 -0.307079 -0.27926 0.909784
-21.9331 -2.28482 31.233 -0.294768 -0.297662 0.908025
-22.4831 -1.13167 31.4179 -0.276351 -0.290749 0.915929
-22.867 -0.437379 31.5338 -0.270083 -0.302028 0.91424
-23.0519 0.268004 31.7122 -0.273249 -0.301832 0.913357
-22.9709 0.866699 31.936 -0.268967 -0.315566 0.909986
-22.2267 1.21014 32.275 -0.268967 -0.315565 0.909987
-21.3178 1.40248 32.6125 -0.279631 -0.307221 0.909606
-20.6453 2.00984 33.03 -0.282618 -0.31266 0.906826
-20.0796 2.78794 33.4773 -0.280587 -0.319982 0.904917
-20.4674 4.04401 33.8041 -0.281831 -0.322107 0.90378
-21.1515 4.73091 33.866 -0.262963 -0.347658 0.899991
-21.6816 5.39046 33.9673 -0.260277 -0.359886 0.89594
-22.1279 6.33499 34.212 -0.258874 -0.355123 0.89826
-22.7367 7.22478 34.414 -0.236157 -0.375198 0.896357
-23.4234 7.80244 34.4738 -0.227881 -0.382632 0.895248
-24.587 7.95836 34.2577 -0.220995 -0.410725 0.884571
-25.7772 7.8202 33.8963 -0.215324 -0.414013 0.884413
-25.9651 6.79185 33.409 -0.218583 -0.38448 0.896882
-25.9837 5.80883 32.9831 -0.218583 -0.384478 0.896882
-26.1361 5.0352 32.636 -0.228036 -0.366195 0.902139
-26.0201 3.66572 32.1012 -0.23224 -0.370801 0.899206
-26.0234 2.67674 31.7237 -0.251172 -0.342512 0.905315
-26.137 1.59651 31.2814 -0.251998 -0.343834 0.904586
-26.4492 0.856789 30.9196 -0.262757 -0.317135 0.911231
-27.3704 0.424334 30.5149 -0.254165 -0.312356 0.915333
-28.1244 -0.114949 30.1215 -0.258382 -0.319163 0.911755
-28.3491 -0.922398 29.7668 -0.262602 -0.32597 0.908176
-28.193 -1.86228 29.4745 -0.270305 -0.312052 0.910659
-27.4784 -2.38195 29.5224 -0.278008 -0.298128 0.913144
-26.5619 -2.72693 29.6888 -0.269974 -0.298671 0.915336
-25.6202 -3.10096 29.8406 -0.269998 -0.285918 0.91943
-24.832 -3.51049 29.9447 -0.269998 -0.285917 0.919431
-24.1454 -4.17038 29.9427 -0.276585 -0.280498 0.919118
-23.9067 -5.1334 29.7315 -0.2769 -0.266556 0.923187
-23.6771 -5.84332 29.5954 -0.276901 -0.266557 0.923187
-23.5897 -6.66642 29.393 -0.289464 -0.248173 0.924451
-23.7021 -7.41066 29.161 -0.285726 -0.243925 0.926748
-23.8169 -8.28062 28.8966 -0.285898 -0.239602 0.927811
-23.8263 -9.08346 28.6904 -0.286068 -0.23528 0.928875
-24.2224 -9.94849 28.3431 -0.298827 -0.231755 0.925643
-24.8807 -11.053 27.8686 -0.301494 -0.218928 0.927994
-25.2931 -11.7414 27.5692 -0.30424 -0.221064 0.92659
-26.1458 -12.6629 27.0785 -0.302067 -0.209801 0.92991
-26.773 -13.3602 26.7198 -0.300005 -0.208955 0.930771
-27.3859 -13.8551 26.4218 -0.294137 -0.185633 0.937559
-28.3279 -14.604 25.9815 -0.291628 -0.184973 0.938477
-28.6505 -15.3725 25.7177 -0.291481 -0.198558 0.93573
-29.0071 -16.3209 25.4088 -0.287246 -0.197219 0.937334
-29.5985 -16.9287 25.113 -0.283982 -0.181854 0.941426
-30.3061 -17.247 24.8479 -0.272347 -0.180355 0.945145
-31.0432 -17.3096 24.6243 -0.276904 -0.178878 0.944084
-31.8695 -16.9333 24.4563 -0.272718 -0.19221 0.942698
-32.6941 -16.5566 24.2946 -0.270995 -0.192089 0.943218
-33.5778 -15.9073 24.1799 -0.264829 -0.198246 0.943697
-34.4383 -15.3933 24.0464 -0.255847 -0.197833 0.946212
-35.3421 -15.2211 23.8551 -0.238958 -0.210486 0.947943
-36.1322 -15.1168 23.6791 -0.238958 -0.210486 0.947943
-37.0273 -14.7488 23.5349 -0.239204 -0.210455 0.947887
-38.0333 -14.5752 23.3373 -0.21484 -0.224832 0.950418
-38.7643 -14.3512 23.2251 -0.212528 -0.227586 0.950275
-39.6902 -14.1705 23.0629 -0.212435 -0.230609 0.949574
-40.4809 -13.8932 22.9533 -0.20937 -0.234006 0.949413
-41.0151 -13.3627 22.9704 -0.19726 -0.234673 0.951849
-41.75 -12.5067 23.0347 -0.187441 -0.250074 0.949877
-42.157 -11.5282 23.2201 -0.187535 -0.257679 0.947857
-42.0809 -10.7722 23.444 -0.179977 -0.278745 0.94335
-41.7607 -10.1075 23.7011 -0.179478 -0.278484 0.943522
-41.2843 -9.32922 24.0214 -0.179468 -0.278662 0.943471
-40.7244 -8.48985 24.3828 -0.187978 -0.284176 0.940164
-40.3706 -7.63751 24.7112 -0.187538 -0.289208 0.938701
-40.1043 -6.77206 25.0381 -0.191943 -0.297524 0.935221
-39.8492 -6.05567 25.3184 -0.191943 -0.297524 0.935221
-39.3649 -5.20554 25.7078 -0.187448 -0.319982 0.928691
-38.9012 -4.34832 26.094 -0.184975 -0.318714 0.929627
-38.8692 -3.22867 26.4833 -0.184805 -0.318005 0.929903
-38.6457 -2.30708 26.8532 -0.179205 -0.33675 0.924351
-38.6093 -1.17318 27.2829 -0.181848 -0.343383 0.921422
-38.4703 -0.477027 27.5714 -0.196057 -0.348715 0.916489
-38.1269 0.26894 27.9384 -0.177846 -0.370132 0.911797
-37.7485 1.00372 28.3104 -0.177914 -0.37048 0.911642
-37.1589 1.48801 28.6218 -0.17392 -0.369792 0.912692
-36.4264 2.14197 29.0264 -0.17392 -0.369792 0.912691
-35.7442 2.68833 29.3851 -0.183924 -0.380988 0.906069
-34.865 3.31728 29.8367 -0.191358 -0.38174 0.904244
-34.1386 3.69033 30.1496 -0.190589 -0.383803 0.903531
-33.2961 4.41143 30.6316 -0.188729 -0.383768 0.903938
-33.0562 5.31343 31.0934 -0.198168 -0.404535 0.892794
-32.7729 5.94091 31.4404 -0.196415 -0.408412 0.8914
-32.3422 6.65555 31.8699 -0.193882 -0.417156 0.887914
-31.9145 7.37666 32.3021 -0.189666 -0.409181 0.892466
-30.9797 8.34595 32.9443 -0.202697 -0.404279 0.891893
-30.3858 8.91693 33.3496 -0.192828 -0.434902 0.87957
-29.4971 9.20874 33.6869 -0.202648 -0.421227 0.884026
-28.7264 9.20549 33.862 -0.202649 -0.421228 0.884025
-27.6412 9.554 34.2775 -0.203243 -0.421391 0.883811
-26.8328 9.8532 34.6075 -0.200891 -0.433458 0.878486
-26.0987 10.2558 34.9745 -0.20992 -0.423528 0.881225
-25.3603 10.6571 35.3432 -0.200705 -0.420114 0.884936
-24.6046 10.9869 35.6607 -0.191486 -0.416706 0.888645
-23.7843 11.1969 35.9388 -0.193841 -0.431858 0.880864
-23.1179 11.7758 36.3711 -0.195478 -0.432422 0.880227
-22.3117 12.4652 36.8888 -0.195824 -0.436051 0.878348
-21.2858 12.8433 37.2951 -0.19107 -0.429251 0.882744
-20.6059 13.1093 37.5716 -0.19107 -0.429251 0.882743
-19.6937 13.2283 37.8173 -0.178378 -0.418372 0.890587
-18.7777 12.8671 37.8418 -0.1961 -0.390002 0.89969
-17.7891 12.3954 37.8528 -0.189738 -0.390292 0.900905
-16.9892 11.8813 37.802 -0.191802 -0.37104 0.908593
-16.3476 11.316 37.7066 -0.19801 -0.368808 0.908146
-15.9241 10.6839 37.5466 -0.207275 -0.352128 0.912579
-15.1942 10.1293 37.5098 -0.210326 -0.337723 0.917445
-14.1678 10.0531 37.7206 -0.215126 -0.336327 0.916845
-13.495 10.762 38.1148 -0.196986 -0.320894 0.926403
-13.1511 11.4434 38.4364 -0.183156 -0.338227 0.922993
-12.7977 12.281 38.8028 -0.173878 -0.332126 0.92707
-12.4496 12.9359 39.1113 -0.162228 -0.348083 0.92326
-11.9246 13.584 39.438 -0.154136 -0.342355 0.926842
-11.0478 14.2531 39.8151 -0.128198 -0.329039 0.935437
-10.3091 14.463 39.9942 -0.127756 -0.344141 0.930186
-9.43571 14.4032 40.0823 -0.0720555 -0.3128 0.947042
-8.55891 13.9096 40.0163 -0.0849783 -0.26028 0.961786
-7.6467 13.5466 39.9986 -0.0704744 -0.263403 0.961994
-6.98048 12.875 39.8658 -0.0620001 -0.228882 0.971478
-6.46081 12.3227 39.7689 -0.0620021 -0.228884 0.971477
-5.71592 11.6222 39.6644 -0.0748413 -0.22287 0.971971
-4.78414 10.9859 39.6235 -0.0932876 -0.15021 0.984096
-3.74164 11.5365 39.7344 -0.00799339 -0.120313 0.991619
-2.78833 12.4558 39.8936 -0.00436946 -0.166236 0.986076
-2.20128 13.2477 39.9212 0.0970229 -0.101373 0.990106
-2.03771 13.9752 40.0246 0.119988 -0.166898 0.977749
-2.11319 14.8434 40.1732 0.170496 -0.172037 0.970224
-2.23245 16.1634 40.4748 0.153215 -0.230335 0.960967
-2.35282 17.3032 40.7707 0.155564 -0.232803 0.960002
-2.0828 18.2967 40.9781 0.151516 -0.241962 0.958383
-1.70716 19.106 41.1645 0.1755 -0.299762 0.937728
-0.961887 19.5612 41.1347 0.314666 -0.298869 0.900923
-0.312961 20.1796 41.1132 0.291855 -0.328567 0.897469
0.0231886 20.9052 41.3028 0.31707 -0.349859 0.880054
0.521941 21.7459 41.4205 0.342749 -0.350476 0.871174
0.844335 22.721 41.6824 0.320131 -0.216743 0.9162
1.2051 23.7174 41.8427 0.408143 -0.302556 0.854577
1.93404 24.6725 41.7428 0.505408 -0.301135 0.808628
2.45352 25.545 41.8574 0.431335 -0.387178 0.814889
2.94645 26.3064 41.9757 0.438162 -0.410633 0.799606
3.46546 27.1262 42.1074 0.427929 -0.444182 0.786085
3.87606 27.9059 42.3428 0.480375 -0.38284 0.78494
4.28024 28.6471 42.4078 0.445384 -0.353732 0.8225
4.63296 29.4095 42.3757 0.538547 -0.0800976 0.83878
5.08366 30.4798 42.2908 0.537219 -0.221111 0.813945
5.5095 31.3583 42.2506 0.535854 -0.226531 0.813354
5.72121 32.1112 42.3208 0.60989 -0.210154 0.758351
6.01606 33.3363 42.4506 0.611371 -0.248224 0.749242
6.17584 34.204 42.5825 0.574903 -0.225367 0.786572
6.41719 35.1665 42.6269 0.539761 -0.178395 0.820965
6.83121 36.3797 42.6894 0.504252 -0.215166 0.836321
7.0922 37.1973 42.7203 0.531634 -0.152754 0.831878
7.2329 37.6794 42.6956 0.561286 -0.121848 0.818603
7.15054 23.9928 35.1687 0.86566 -0.253 0.432
7.44027 23.865 34.4442 0.880461 -0.264357 0.392836
7.67912 23.3969 33.6522 0.873565 -0.261951 0.410062
7.80662 22.5516 32.9247 0.858379 -0.22221 0.461947
7.75209 21.6345 32.627 0.845726 -0.215727 0.487183
7.7663 20.9286 32.3742 0.817793 -0.173832 0.547248
7.67078 19.9031 32.2248 0.820177 -0.136004 0.555709
7.48407 19.0547 32.3092 0.825575 -0.112336 0.552998
7.39537 18.137 32.3148 0.796162 -0.0553449 0.602547
7.40303 17.3306 32.2592 0.778185 0.017047 0.627804
7.30359 16.2978 32.4099 0.778102 0.0163696 0.627925
7.09018 15.3921 32.7055 0.763915 0.057369 0.642761
6.96995 14.5649 32.9323 0.77646 0.0742485 0.625733
6.81754 13.8201 33.2004 0.769132 0.0600567 0.636124
6.66899 12.6521 33.54 0.768374 0.0948057 0.632941
6.57629 11.8966 33.8064 0.751882 0.136837 0.644941
6.25501 10.9123 34.391 0.743915 0.144831 0.652391
6.17362 10.0252 34.7233 0.765116 0.168848 0.620752
5.98201 9.26214 35.1333 0.763899 0.134729 0.631007
5.72523 8.6433 35.5809 0.762064 0.144799 0.631104
5.39764 7.64237 36.167 0.752539 0.106514 0.649877
5.0719 7.12792 36.6204 0.73126 0.0850384 0.676753
4.6876 6.59524 37.0986 0.731964 0.0794111 0.6767
4.27821 6.07217 37.5383 0.676608 0.0296543 0.735746
3.60553 5.36979 38.1996 0.642939 -0.0377832 0.758677
2.92951 5.01266 38.6685 0.595956 -0.0198199 0.802773
2.34233 4.6148 39.0445 0.550769 -0.103216 0.828251
1.35535 4.77529 39.3177 0.0691093 -0.188724 0.979532
0.674777 5.26652 39.4508 0.0623786 -0.204661 0.97654
0.133611 5.81155 39.559 -0.221439 -0.221794 0.949617
-0.314426 6.84373 39.6417 -0.0762117 -0.0586063 0.995368
-0.548681 7.59604 39.668 -0.120279 0.0164721 0.988771
-0.471323 8.72133 39.6635 -0.0319506 -0.0178452 0.999326
-0.523255 9.5195 39.6739 -0.00370713 0.0137769 0.999077
-0.48201 10.3255 39.627 0.0291849 0.0787738 0.996465
-0.133785 11.2569 39.5761 0.157404 0.0340137 0.985427
0.220976 12.0005 39.4604 0.201173 0.028907 0.978815
0.472685 12.7414 39.4066 0.212691 -0.0306926 0.975789
0.830493 13.4168 39.3364 0.271178 -0.0220826 0.962276
1.24397 14.4235 39.2372 0.347 -0.0569621 0.936134
1.74763 15.4843 39.1113 0.407304 -0.0756602 0.910153
2.2576 16.4143 38.9464 0.479952 -0.112803 0.870012
2.68163 17.1729 38.8037 0.486396 -0.101025 0.867878
3.13046 18.0741 38.5989 0.598702 -0.158475 0.785138
3.69513 19.0425 38.285 0.693665 -0.127711 0.7074
4.29897 20.0364 37.9478 0.671794 -0.172792 0.720223
4.91118 20.944 37.4917 0.762298 -0.171546 0.623564
5.46367 21.7565 37.0149 0.805101 -0.163649 0.567916
5.97289 22.5557 36.5421 0.823289 -0.217832 0.524106
6.44748 23.1696 36.0227 0.850128 -0.266428 0.4542
6.92565 23.7379 35.47 0.855515 -0.265267 0.444212
7.09473 23.9321 35.2449 0.86566 -0.253 0.432
7.02417 8.91337 34.0199 0.733039 0.176464 0.656838
6.99238 8.21201 34.2567 0.723216 0.193653 0.662916
7.43877 7.46476 33.988 0.723271 0.19048 0.663766
7.67703 6.55115 34.0189 0.680705 0.232935 0.694538
8.05092 5.60233 33.9707 0.680868 0.221162 0.698108
8.33178 4.66977 33.9764 0.681032 0.20939 0.701677
8.52814 3.81338 34.0969 0.63015 0.239107 0.738656
8.61799 3.00047 34.2707 0.623529 0.220388 0.749956
8.55263 1.98255 34.6088 0.617206 0.191518 0.762833
8.29211 1.01976 35.0331 0.618962 0.170429 0.766708
7.90573 0.172927 35.4908 0.583987 0.128248 0.801299
7.43038 -0.627606 35.9417 0.582433 0.107994 0.805673
6.90748 -1.22372 36.3598 0.547727 0.0918591 0.831599
5.92631 -1.52511 36.9055 0.431506 -0.047925 0.900648
5.13745 -1.58677 37.2949 0.332975 -0.103698 0.928625
4.34399 -1.55161 37.4818 0.220464 -0.149883 0.963811
3.56308 -1.50243 37.6984 0.219011 -0.199008 0.953648
2.65657 -1.40519 37.8787 0.168011 -0.2169 0.961627
1.67932 -1.17042 38.0759 0.0724626 -0.212357 0.972639
0.848359 -0.655728 38.2122 0.0156569 -0.232377 0.9725
0.0679396 0.14504 38.3898 -0.00902952 -0.216771 0.976181
-0.580141 0.746528 38.5229 -0.0104047 -0.234258 0.972119
-1.44657 1.05952 38.5554 -0.0833511 -0.262077 0.961441
-2.44776 1.13397 38.4888 -0.115062 -0.243289 0.962399
-3.6401 1.07314 38.2349 -0.245132 -0.271942 0.930568
-4.84618 0.936493 37.8772 -0.257448 -0.264524 0.929268
-5.70988 1.14549 37.6741 -0.296538 -0.26207 0.91836
-6.80879 1.56934 37.4402 -0.300997 -0.255847 0.918632
-7.66594 2.02436 37.2806 -0.302283 -0.249972 0.919858
-8.55205 2.46998 37.1105 -0.306557 -0.243759 0.92008
-9.31325 2.64576 36.9039 -0.30096 -0.236891 0.923746
-10.211 2.82264 36.6503 -0.30705 -0.253521 0.917304
-11.6436 2.82521 36.1711 -0.307321 -0.253578 0.917198
-12.4924 2.45858 35.7957 -0.290581 -0.26937 0.918149
-13.4394 1.76556 35.2779 -0.299191 -0.280565 0.912013
-14.0778 1.20874 34.8972 -0.302669 -0.273652 0.912932
-14.5709 0.657143 34.5625 -0.314563 -0.283098 0.906012
-15.0847 -0.111917 34.1465 -0.308098 -0.285077 0.907638
-15.6565 -0.997354 33.6757 -0.306842 -0.283752 0.908478
-16.1276 -1.79906 33.2745 -0.311131 -0.273647 0.910115
-16.8524 -2.32792 32.8654 -0.311986 -0.269758 0.910972
-17.6649 -2.60768 32.5102 -0.300132 -0.267708 0.915538
-18.5553 -2.84208 32.1542 -0.293766 -0.270758 0.916728
-19.4141 -2.89296 31.8652 -0.296231 -0.269214 0.916382
-20.0737 -2.44792 31.7797 -0.299773 -0.268431 0.915468
-20.9122 -1.45405 31.8084 -0.29522 -0.278287 0.914003
-21.2346 -0.663202 31.9451 -0.28892 -0.278878 0.91581
-20.8177 0.251381 32.3807 -0.285567 -0.306924 0.907882
-20.0247 0.780146 32.8089 -0.285733 -0.3072 0.907736
-19.4607 1.40853 33.2007 -0.293263 -0.307309 0.905294
-19.0991 2.1802 33.5798 -0.2923 -0.305557 0.906196
-18.885 2.90237 33.8905 -0.291333 -0.303807 0.907098
-18.9874 3.9635 34.2334 -0.278436 -0.322108 0.904831
-19.5154 4.8469 34.382 -0.26459 -0.329962 0.90599
-20.0753 5.44491 34.452 -0.257252 -0.343319 0.903291
-20.6284 6.1404 34.5568 -0.2561 -0.348799 0.901498
-21.0309 6.81522 34.7095 -0.250594 -0.352357 0.901691
-21.4939 7.50248 34.8494 -0.23956 -0.361212 0.901075
-22.231 8.21948 34.957 -0.231477 -0.370453 0.89954
-22.8784 8.75022 35.0282 -0.221333 -0.394423 0.891876
-23.6936 9.15153 35.0158 -0.202899 -0.401723 0.893001
-24.6259 9.49976 34.9606 -0.202767 -0.405652 0.891243
-23.6209 9.84936 35.3506 -0.202639 -0.40958 0.889484
-22.6827 10.4172 35.8259 -0.202841 -0.409639 0.889411
-22.0339 10.974 36.2383 -0.202856 -0.4227 0.883268
-21.3847 11.4166 36.5964 -0.199519 -0.422595 0.884085
-20.2796 11.7933 37.0174 -0.20913 -0.407333 0.888837
-19.3531 11.7857 37.2478 -0.21025 -0.394151 0.894534
-18.5138 11.3143 37.2265 -0.196044 -0.389833 0.899776
-17.5761 10.6943 37.1755 -0.207532 -0.382614 0.900298
-16.8312 10.007 37.0708 -0.221502 -0.356712 0.907501
-16.1194 9.04763 36.8806 -0.232048 -0.351921 0.906811
-15.259 8.58656 36.9251 -0.244531 -0.319313 0.915367
-14.1854 8.71513 37.2476 -0.238509 -0.298537 0.924115
-13.2963 8.97627 37.5614 -0.232296 -0.29713 0.926125
-12.7005 9.54774 37.8886 -0.225989 -0.301497 0.926279
-12.313 10.1848 38.1951 -0.213981 -0.300701 0.929291
-11.905 11.0109 38.5434 -0.202066 -0.294126 0.934162
-11.5338 11.7645 38.8809 -0.186574 -0.314607 0.930601
-10.7321 12.7973 39.3706 -0.173094 -0.321605 0.930791
-10.013 13.0001 39.5544 -0.158253 -0.290088 0.943825
-9.27434 12.8268 39.6249 -0.129595 -0.287221 0.948608
-8.44376 12.3844 39.5809 -0.113916 -0.272617 0.955193
-7.74292 11.7733 39.5073 -0.126892 -0.260883 0.956995
-6.99883 11.1021 39.4359 -0.143063 -0.212345 0.966383
-6.35149 10.5233 39.4253 -0.120422 -0.178784 0.975296
-5.33335 9.84506 39.3973 -0.0932877 -0.15021 0.984096
-4.20576 9.83047 39.5197 -0.108601 -0.142775 0.983779
-2.73213 10.5709 39.6742 -0.0134409 -0.0735502 0.997199
-1.75622 10.6706 39.6964 -0.0152646 -0.0727072 0.997237
-1.86209 9.90077 39.6386 -0.0221498 -0.0445819 0.99834
-1.86097 8.67682 39.6185 -0.0477172 -0.0441781 0.997321
-1.78849 7.45086 39.5801 -0.053024 -0.0333981 0.998035
-1.47291 6.25568 39.5237 -0.0127212 -0.0819861 0.996552
-1.17101 5.51306 39.4673 -0.0221171 -0.114509 0.992754
-0.586771 4.64498 39.4021 -0.0170762 -0.0862183 0.99613
0.133568 3.92061 39.2409 0.0749951 -0.174657 0.981757
0.746896 3.45207 39.1014 0.0790669 -0.191081 0.978385
1.65706 3.21166 38.9725 0.169874 -0.169462 0.967367
2.39937 3.19635 38.7841 0.315836 -0.136374 0.935622
3.23133 3.65076 38.4227 0.512404 -0.00793467 0.858708
3.91843 4.22035 37.9884 0.553901 0.0393912 0.83131
4.5643 4.73853 37.4289 0.641482 0.124089 0.757036
5.17285 5.34232 36.8064 0.695285 0.113957 0.709643
5.5366 5.85318 36.368 0.695448 0.116189 0.709117
5.87961 6.3615 35.919 0.718524 0.134344 0.682404
6.3306 7.2503 35.2421 0.713344 0.185244 0.675888
6.73598 8.27273 34.5232 0.738319 0.178772 0.650328
7.00994 8.83805 34.0568 0.738311 0.178959 0.650285
6.96242 5.64686 35.0033 0.677172 0.182366 0.712468
7.14697 4.88997 35.0384 0.660877 0.194776 0.724778
7.4735 3.89406 35.0083 0.661269 0.189222 0.72587
7.54795 2.96621 35.1749 0.66166 0.18367 0.72696
7.46571 2.21318 35.44 0.640442 0.165034 0.749203
7.18451 1.34207 35.8102 0.620083 0.124878 0.774534
6.81491 0.620086 36.2225 0.611383 0.118272 0.782331
5.92911 -0.138026 36.946 0.595298 0.0542807 0.80167
4.87245 -0.28277 37.4998 0.504917 -0.0512989 0.859115
3.94809 -0.211061 37.8359 0.267049 -0.190388 0.944689
3.14092 -0.127917 38.0821 0.219011 -0.199008 0.953648
2.29781 0.110436 38.2469 0.128238 -0.199081 0.971532
1.41561 0.638424 38.4746 0.114104 -0.198209 0.973373
0.820065 1.15513 38.6371 0.0449962 -0.212243 0.974329
0.548557 1.8418 38.7992 0.0449998 -0.212246 0.974329
1.49102 1.72944 38.6797 0.101011 -0.190598 0.976458
2.36203 1.80617 38.5982 0.209897 -0.168824 0.958697
3.29917 2.21813 38.2965 0.337094 -0.0360237 0.940781
4.01319 2.73252 37.9712 0.483328 0.0240026 0.875096
4.63794 3.261 37.5778 0.557948 0.0942254 0.824509
5.126 3.66679 37.148 0.622098 0.120253 0.773377
5.76735 4.33902 36.4572 0.660044 0.147442 0.736616
6.26735 4.90937 35.8707 0.693466 0.169952 0.700158
6.57635 5.32551 35.4636 0.693466 0.169954 0.700157
6.24583 3.23214 36.2259 0.644244 0.133698 0.752277
6.30209 2.13692 36.3885 0.619651 0.135637 0.772992
5.85223 1.44513 36.8402 0.602681 0.111667 0.790131
5.31096 1.08275 37.3165 0.62592 0.109123 0.771075
4.54836 1.07753 37.763 0.410039 0.0427177 0.911067
4.45047 1.43564 37.7903 0.429936 0.0593796 0.900469
4.92853 1.94706 37.5166 0.523466 0.0697292 0.84402
5.41319 2.38225 37.0749 0.629643 0.112417 0.768708
6.06839 3.01187 36.4242 0.669265 0.121003 0.733105
6.1778 3.15737 36.3003 0.669263 0.121004 0.733106
0.135485 2.29766 38.9045 -0.0136982 -0.261407 0.964724
-0.674777 2.29875 38.8966 -0.00979482 -0.234624 0.972037
-1.52451 2.35146 38.9008 -0.0465738 -0.248352 0.966738
-2.69453 2.43618 38.7547 -0.146772 -0.224505 0.963356
-3.79719 2.35021 38.5667 -0.195951 -0.248224 0.946963
-4.77093 2.28459 38.2726 -0.269764 -0.2571 0.927969
-5.65503 2.38409 38.0474 -0.283932 -0.306616 0.907242
-6.44803 2.78338 37.89 -0.305455 -0.249621 0.918905
-7.18924 3.19248 37.7547 -0.303868 -0.249795 0.919382
-8.11752 3.61854 37.5538 -0.310836 -0.237546 0.9203
-9.05436 3.87591 37.3038 -0.3059 -0.23722 0.922022
-9.93967 4.01713 37.0555 -0.296805 -0.243599 0.923345
-10.7444 4.16367 36.8354 -0.283875 -0.250805 0.925359
-11.799 4.14463 36.507 -0.28844 -0.266028 0.9198
-12.7496 3.78517 36.1035 -0.290581 -0.26937 0.918149
-13.5587 3.34519 35.7164 -0.292363 -0.269571 0.917527
-14.466 2.68894 35.2252 -0.297159 -0.280785 0.912607
-15.3834 1.83377 34.6656 -0.295129 -0.281005 0.913201
-15.9837 1.15407 34.2457 -0.304328 -0.29366 0.906172
-16.3733 0.423156 33.879 -0.294728 -0.298208 0.907849
-16.7523 -0.203437 33.5529 -0.308129 -0.283534 0.908111
-17.0981 -0.812878 33.2453 -0.30813 -0.283532 0.908111
-17.9376 -1.26959 32.826 -0.295359 -0.278687 0.913836
-18.7952 -1.41875 32.5033 -0.292445 -0.281808 0.913806
-19.3889 -0.848989 32.4928 -0.294521 -0.285028 0.912134
-18.9256 0.132106 32.9455 -0.293425 -0.293218 0.909849
-18.4558 0.814431 33.3268 -0.297317 -0.301508 0.905922
-18.0559 1.54228 33.7012 -0.292297 -0.305558 0.906196
-17.7534 2.3463 34.0663 -0.287095 -0.303906 0.908415
-17.6049 3.24542 34.414 -0.285404 -0.300991 0.90991
-17.9167 4.46547 34.7328 -0.270377 -0.316725 0.909166
-18.3482 5.24874 34.8773 -0.273149 -0.316863 0.908283
-18.8168 5.89125 34.9735 -0.254169 -0.345686 0.903266
-19.52 6.78384 35.1195 -0.255086 -0.348444 0.901953
-20.2699 7.74413 35.2838 -0.250229 -0.352254 0.901833
-20.8515 8.49581 35.424 -0.241454 -0.372624 0.895983
-21.577 9.30149 35.572 -0.226342 -0.39166 0.89164
-21.211 9.93437 35.9537 -0.218863 -0.407983 0.886368
-20.569 10.3511 36.2965 -0.219475 -0.399972 0.889843
-19.677 10.4104 36.549 -0.224949 -0.399886 0.888532
-18.823 10.0284 36.6107 -0.232725 -0.368394 0.899981
-18.1756 9.6443 36.6113 -0.220539 -0.370482 0.902278
-17.4666 8.88034 36.4708 -0.232034 -0.352227 0.906429
-16.8635 8.16279 36.3661 -0.230902 -0.332004 0.914581
-16.1845 7.62862 36.3437 -0.244531 -0.319313 0.915367
-14.7906 7.29291 36.6241 -0.258161 -0.306621 0.916153
-13.808 7.42691 36.9246 -0.23989 -0.302952 0.922319
-13.0943 7.71285 37.2042 -0.25107 -0.294666 0.921923
-12.1878 8.25012 37.6084 -0.240407 -0.285878 0.92762
-11.5768 8.91954 37.9731 -0.228372 -0.280272 0.932253
-11.1795 9.52553 38.2425 -0.215681 -0.281219 0.935067
-10.7095 10.3789 38.6139 -0.215027 -0.287769 0.933248
-10.2696 11.0459 38.8949 -0.18384 -0.268321 0.945625
-9.29309 11.2408 39.14 -0.191274 -0.265053 0.945037
-8.60473 10.7601 39.1516 -0.160983 -0.243276 0.955517
-7.69071 9.99321 39.0899 -0.143063 -0.212348 0.966382
-6.98509 9.40319 39.0867 -0.162773 -0.199197 0.966346
-6.06856 8.81814 39.1208 -0.183625 -0.174765 0.966819
-4.96754 8.57238 39.3012 -0.153043 -0.115144 0.980156
-3.76543 8.59176 39.4482 -0.119789 -0.0775182 0.989768
-3.19696 8.13604 39.4741 -0.121983 -0.0588765 0.990394
-3.00987 7.22208 39.4669 -0.136692 -0.0367484 0.989932
-2.82182 6.41126 39.4468 -0.13308 -0.131484 0.982345
-2.5501 5.47117 39.3442 -0.0951672 -0.128799 0.986717
-2.20885 4.72752 39.3013 -0.097381 -0.101813 0.990026
-1.79889 4.06863 39.2721 -0.0946457 -0.103757 0.990089
-1.33855 3.45444 39.2045 0.0632305 -0.288736 0.955318
-0.651526 2.79887 39.0409 -0.0175987 -0.288195 0.95741
-0.464334 2.4796 38.9482 -0.0176001 -0.288193 0.957411
-3.35629 3.87465 39.0589 -0.140067 -0.166785 0.975994
-4.04955 3.59976 38.8769 -0.255482 -0.186098 0.948734
-5.01147 3.57813 38.5903 -0.284649 -0.209837 0.935384
-5.73256 3.78811 38.3934 -0.320981 -0.147689 0.935404
-6.42424 4.21484 38.2139 -0.304042 -0.177938 0.934971
-7.34901 4.68742 38.0476 -0.274589 -0.206963 0.939025
-8.31372 4.98993 37.8051 -0.290927 -0.223679 0.930058
-9.29727 5.17183 37.5584 -0.27712 -0.235008 0.931652
-10.1722 5.32699 37.3263 -0.283876 -0.250807 0.925358
-11.1902 5.38697 37.0455 -0.27095 -0.258014 0.92737
-12.2329 5.39343 36.7321 -0.2755 -0.273132 0.921562
-13.1416 5.05461 36.3709 -0.262561 -0.280236 0.923325
-14.204 4.41845 35.8518 -0.278678 -0.293672 0.914382
-15.1475 3.82215 35.3698 -0.283688 -0.295627 0.912204
-16.2697 3.49033 34.9099 -0.28519 -0.298014 0.910963
-16.6508 4.50368 35.1226 -0.277045 -0.307398 0.910286
-17.0589 5.47504 35.3419 -0.272264 -0.32072 0.9072
-17.5598 6.16176 35.4344 -0.272264 -0.320719 0.9072
-18.048 7.4216 35.7767 -0.249336 -0.347633 0.903871
-18.9488 7.87549 35.7027 -0.252212 -0.348039 0.902911
-19.6021 8.70652 35.8588 -0.246993 -0.368106 0.896373
-18.9795 8.28645 35.8572 -0.232723 -0.368392 0.899983
-17.9359 7.75951 35.9343 -0.243528 -0.333968 0.910582
-17.4523 6.49031 35.5828 -0.260801 -0.334178 0.905534
-16.6859 6.49762 35.8154 -0.267816 -0.320457 0.908604
-15.918 6.26758 35.9567 -0.263366 -0.32019 0.910009
-14.4566 5.89769 36.2495 -0.272779 -0.306712 0.911727
-14.0867 5.94832 36.3734 -0.262403 -0.28331 0.922426
-13.3335 6.24209 36.679 -0.262249 -0.286383 0.921526
-12.2502 6.41753 37.0418 -0.25127 -0.281822 0.925894
-11.5386 6.95275 37.3852 -0.24029 -0.27726 0.930262
-11.0242 7.57431 37.7033 -0.255615 -0.267808 0.92877
-10.3512 8.44569 38.1242 -0.246524 -0.257869 0.9342
-9.80033 9.2387 38.4884 -0.223319 -0.246114 0.942765
-8.75635 9.17764 38.693 -0.200111 -0.234364 0.95133
-8.09752 8.65444 38.7112 -0.22301 -0.22142 0.949336
-7.37942 8.17739 38.7686 -0.192843 -0.209944 0.957925
-6.48581 7.70405 38.8586 -0.204569 -0.151058 0.967126
-5.75817 7.4536 38.9734 -0.195427 -0.151916 0.968836
-4.89342 7.23064 39.1042 -0.196633 -0.131091 0.971377
-4.15078 6.64809 39.1968 -0.206977 -0.109413 0.972209
-3.84224 5.59034 39.1368 -0.191113 -0.0983905 0.975232
-3.57452 4.56441 39.1379 -0.147669 -0.0760288 0.984991
-3.44752 4.11181 39.0863 -0.14007 -0.166784 0.975994
-4.96628 5.15306 38.806 -0.277417 -0.100026 0.955528
-5.85146 5.39591 38.6112 -0.249501 -0.161523 0.954796
-6.77793 5.94685 38.4574 -0.254207 -0.161136 0.953632
-7.49415 6.71027 38.4262 -0.229944 -0.197479 0.952945
-8.00194 6.18191 38.196 -0.251365 -0.214371 0.943311
-9.20619 6.36865 37.884 -0.277355 -0.229908 0.932854
-10.0792 6.75757 37.7416 -0.247153 -0.247197 0.936915
-9.02637 7.56069 38.2313 -0.262256 -0.238552 0.934884
-8.22044 7.2166 38.3601 -0.225374 -0.198833 0.953767
-7.50647 6.82255 38.4467 -0.225376 -0.198834 0.953767
-6.70455 6.52388 38.5823 -0.234514 -0.196128 0.952122
-5.82229 6.16802 38.7495 -0.249501 -0.161523 0.954796
-5.07175 5.40719 38.8128 -0.244794 -0.161909 0.955961
-5.0035 5.27546 38.808 -0.261104 -0.130966 0.955745
-1.61592 11.3294 39.714 0.0701424 -0.0109091 0.997477
-1.62318 11.4317 39.7156 0.0769354 0.00790406 0.996804
7.96844 -5.43095 35.8538 0.317677 -0.00241906 0.948196
7.40991 -6.09798 36.0355 0.26321 -0.0516401 0.960994
7.53981 -7.40213 35.8894 0.208195 -0.0883379 0.97409
8.04057 -8.4028 35.6887 0.185023 -0.0724942 0.979562
8.76754 -8.84081 35.5457 0.171827 -0.0490362 0.983858
9.53582 -9.03144 35.3951 0.18105 -0.0463853 0.982379
10.3534 -8.89719 35.2384 0.262282 0.052649 0.963328
11.0877 -7.98221 34.969 0.261465 0.0734769 0.962412
11.3959 -7.15595 34.7902 0.30563 0.136826 0.941559
11.2709 -6.35627 34.6834 0.341595 0.143323 0.927701
10.9738 -5.65056 34.7177 0.376242 0.113753 0.919512
10.4778 -5.10352 34.8489 0.403363 0.125891 0.905826
9.68489 -4.8691 35.1715 0.379808 0.0648645 0.922789
9.00031 -4.94624 35.47 0.406054 0.0541601 0.912243
8.56755 -5.08891 35.6539 0.317679 -0.00241813 0.948195
8.82353 -6.70534 35.5513 0.298077 -0.00907911 0.954247
9.61562 -6.515 35.3228 0.277926 -0.00321898 0.960597
9.9952 -7.35427 35.2102 0.264264 0.0368231 0.962815
9.21731 -7.6321 35.4343 0.264264 0.0368231 0.962815
8.76824 -6.91204 35.5666 0.298075 -0.00907859 0.954247
8.75921 -6.74754 35.5722 0.318226 -0.0149404 0.947897
14.4241 -12.7284 34.6003 0.132563 0.0791884 0.988006
14.3685 -13.6003 34.6504 0.115367 0.0541335 0.991743
14.4031 -14.4161 34.7018 0.109182 0.0671133 0.991754
14.6087 -15.351 34.7232 0.0736861 0.0428685 0.996085
15.17 -16.1661 34.7392 0.0560972 0.0582634 0.996724
15.7384 -16.973 34.7378 0.0418583 0.0264476 0.998669
16.4271 -17.3956 34.7301 0.0392994 0.0378484 0.99851
17.3467 -17.8283 34.7103 0.0392994 0.0378484 0.99851
18.1268 -18.963 34.7539 0.0182387 0.0617407 0.997926
18.4271 -20.0073 34.8011 -0.00283383 0.0348347 0.999321
18.8591 -20.8331 34.8417 -0.0105661 0.0435213 0.998997
19.5498 -21.6325 34.887 -0.0213187 0.0469776 0.998648
20.141 -22.282 34.9358 -0.0255986 0.0517219 0.998333
20.9701 -23.0056 34.9896 -0.0395226 0.043379 0.998214
21.9997 -23.1211 35.0479 -0.0447841 0.0687494 0.996439
22.6903 -22.8554 35.0508 -0.0375351 0.0867303 0.995524
23.7612 -22.3175 35.0198 -0.00557283 0.0954201 0.995421
24.2967 -21.1095 34.8842 0.00440061 0.122263 0.992488
24.1309 -20.2473 34.7788 0.00552299 0.120896 0.992648
23.7851 -19.3995 34.6611 0.0255185 0.167995 0.985457
23.2651 -18.7328 34.5609 0.0255165 0.167999 0.985457
22.4568 -17.7954 34.4389 0.0379123 0.155118 0.987168
21.7791 -17.1502 34.3646 0.0612392 0.137528 0.988287
21.0677 -16.6262 34.3541 0.103052 0.17664 0.978866
20.2824 -15.9543 34.3155 0.110673 0.167057 0.979639
19.9571 -15.2777 34.2461 0.11829 0.157476 0.980412
19.4428 -14.206 34.1329 0.112186 0.150276 0.982228
18.8086 -13.2896 34.044 0.137745 0.210005 0.967949
18.387 -12.6195 33.9586 0.137743 0.210009 0.967948
17.4457 -11.9555 34.007 0.17429 0.172362 0.969492
16.3655 -11.6594 34.1247 0.167212 0.135788 0.975764
15.2755 -12.0112 34.3874 0.198166 0.112893 0.973645
14.7249 -12.4654 34.5389 0.132564 0.0791907 0.988006
15.7307 -13.7917 34.5261 0.110719 0.088374 0.989494
16.3836 -13.2367 34.3782 0.135058 0.131906 0.981645
17.4193 -13.504 34.266 0.11424 0.122565 0.985514
17.9364 -14.2223 34.3147 0.117064 0.144276 0.982589
18.4471 -15.0014 34.3683 0.112186 0.150276 0.982228
18.7018 -15.9996 34.4778 0.0822883 0.0972065 0.991857
19.3432 -16.6883 34.492 0.0744396 0.107114 0.991376
19.7782 -17.5762 34.5677 0.0665919 0.117019 0.990895
20.798 -17.9771 34.5404 0.0612422 0.13753 0.988287
21.4243 -18.6988 34.6263 0.0450108 0.156441 0.986661
22.1073 -19.3773 34.6904 0.0225299 0.11683 0.992875
22.6509 -20.185 34.7812 0.0066402 0.11953 0.992808
22.5579 -21.2986 34.9178 0.00494095 0.0885504 0.995413
21.8813 -21.6674 34.9326 -0.00834262 0.0553692 0.998431
20.8171 -20.9928 34.8863 -0.0169689 0.0535476 0.998382
19.9184 -19.9934 34.8065 0.00917335 0.108677 0.994035
19.5118 -19.0811 34.7105 0.00917463 0.108676 0.994035
19.0739 -18.1444 34.6674 0.045395 0.0666342 0.996744
18.7976 -17.1163 34.5793 0.0744396 0.107114 0.991376
17.7634 -16.6813 34.6143 0.0629832 0.0949591 0.993487
17.071 -16.2443 34.6165 0.0629831 0.0949591 0.993487
16.4232 -15.7229 34.6161 0.0712628 0.0821689 0.994067
15.7935 -14.8102 34.594 0.0866489 0.075677 0.993352
15.7157 -13.9484 34.5387 0.0875789 0.0716181 0.99358
25.9011 -27.609 35.5505 -0.0807144 0.0511583 0.995328
26.7833 -27.5536 35.6191 -0.085491 0.0717877 0.993749
27.6609 -27.5657 35.6954 -0.0786366 0.0733082 0.994179
28.4753 -27.7927 35.7713 -0.079129 0.084168 0.993233
29.402 -28.3182 35.9016 -0.0864624 0.0934853 0.991859
29.9808 -29.0933 36.0262 -0.0865795 0.0889056 0.992256
30.0409 -29.843 36.0872 -0.111094 0.0463984 0.992726
29.9389 -30.9215 36.1261 -0.111092 0.0463949 0.992727
29.5795 -31.692 36.1205 -0.123886 0.0293614 0.991679
29.1783 -32.4398 36.0772 -0.138039 0.0166738 0.990286
28.7006 -33.5152 36.0287 -0.138699 0.0194746 0.990139
28.7654 -34.5475 36.0423 -0.158929 0.000272521 0.98729
29.0268 -35.5162 36.0846 -0.157872 -0.00227796 0.987453
29.7615 -36.6419 36.1958 -0.156813 -0.00482497 0.987616
30.5588 -37.0636 36.3258 -0.16533 -0.00757641 0.986209
31.5731 -37.5679 36.4919 -0.165324 -0.0075837 0.98621
32.0751 -38.1951 36.5709 -0.164638 -0.00303081 0.986333
32.057 -39.2187 36.5308 -0.183186 -0.0392598 0.982294
31.4366 -40.2423 36.3742 -0.182417 -0.0457671 0.982134
30.5689 -40.437 36.1999 -0.184061 -0.058889 0.981149
29.4777 -40.0266 36.0136 -0.187875 -0.0518632 0.980791
28.7872 -39.1624 35.9309 -0.180037 -0.0507726 0.982348
28.0259 -38.6606 35.8179 -0.179725 -0.0513212 0.982377
27.1802 -38.6035 35.6646 -0.181476 -0.0511776 0.982063
26.4299 -38.3822 35.5372 -0.177691 -0.0502989 0.98279
25.5238 -38.2197 35.3801 -0.186784 -0.0708102 0.979846
24.6423 -37.9801 35.2294 -0.185713 -0.0707209 0.980055
23.9595 -37.1919 35.1589 -0.182473 -0.0696685 0.980735
23.5121 -36.3963 35.1299 -0.182145 -0.0667463 0.981004
23.1263 -35.6802 35.1083 -0.177545 -0.0569441 0.982391
22.7282 -34.6729 35.0829 -0.176623 -0.0450268 0.983248
22.6803 -33.7952 35.1211 -0.163975 -0.046788 0.985317
22.6746 -32.8966 35.1554 -0.161217 -0.0387406 0.986158
22.8319 -31.5649 35.2253 -0.139741 -0.0302815 0.989725
23.163 -30.587 35.2973 -0.126536 -0.00786842 0.991813
23.8466 -29.5896 35.3776 -0.112188 -0.00317192 0.993682
24.5028 -28.935 35.4412 -0.102495 0.0167206 0.994581
25.3341 -28.0839 35.5074 -0.0979389 0.0183538 0.995023
25.7562 -27.726 35.5423 -0.0958043 0.032474 0.994768
26.4043 -28.9801 35.6453 -0.104317 0.0290058 0.994094
25.6856 -29.5251 35.5794 -0.111135 0.026444 0.993453
24.6931 -30.7561 35.4732 -0.12252 0.00111234 0.992436
24.1553 -31.7823 35.4116 -0.129698 -0.0140014 0.991236
23.9775 -32.9638 35.347 -0.149838 -0.0299361 0.98823
24.0132 -34.305 35.3183 -0.158716 -0.0339705 0.986695
24.3816 -35.1794 35.3411 -0.16023 -0.0459275 0.986004
24.7946 -36.047 35.3641 -0.158427 -0.0491864 0.986145
25.607 -36.7809 35.4745 -0.17553 -0.0451091 0.98344
26.5522 -37.0158 35.6293 -0.17769 -0.0502991 0.98279
27.3207 -37.1117 35.7669 -0.182106 -0.0498515 0.982014
28.2465 -36.798 35.9296 -0.169368 -0.0265163 0.985176
27.8805 -35.9747 35.8921 -0.164239 -0.0247483 0.986105
27.6484 -35.1642 35.8712 -0.15705 -0.0111998 0.987434
27.538 -34.3432 35.855 -0.143836 -0.00718638 0.98954
27.5905 -33.2945 35.877 -0.138862 -0.0138562 0.990215
27.9535 -32.2471 35.9206 -0.12833 0.00826422 0.991677
28.3071 -31.4366 35.952 -0.125816 0.0229676 0.991788
28.7138 -29.7937 35.9399 -0.108463 0.0490448 0.992884
28.1213 -29.1307 35.8394 -0.110126 0.0521507 0.992548
27.31 -28.9316 35.7361 -0.115143 0.0518812 0.991993
27.1289 -28.9166 35.7143 -0.106322 0.0417234 0.993364
27.154 -30.5182 35.782 -0.130337 0.0266277 0.991112
26.8277 -31.3325 35.7592 -0.132612 0.0157991 0.991006
26.7306 -32.1885 35.753 -0.136705 0.00838383 0.990576
26.1122 -32.8297 35.6741 -0.140711 -0.00737619 0.989874
26.2794 -33.8733 35.6769 -0.153226 -0.0180245 0.988027
26.3669 -34.7207 35.675 -0.153124 -0.0216402 0.987963
25.9872 -35.1661 35.6048 -0.15302 -0.0252528 0.9879
25.5008 -34.3187 35.5481 -0.150067 -0.0207062 0.98845
25.2453 -33.0278 35.5406 -0.146911 -0.0233894 0.988873
25.5186 -32.0416 35.5867 -0.134506 0.00863821 0.990875
25.8451 -31.4087 35.6255 -0.132296 0.00515791 0.991188
26.4186 -30.6207 35.688 -0.120573 0.0254605 0.992328
26.9708 -30.5502 35.7588 -0.130336 0.0266254 0.991112
29.8005 -38.1074 36.1635 -0.192574 -0.0320751 0.980758
30.2614 -38.1414 36.2519 -0.175384 -0.0280348 0.984101
30.2004 -38.1144 36.2418 -0.183979 -0.0300539 0.982429
-25.4456 -9.18658 28.1526 -0.296164 -0.244584 0.923291
-25.2277 -8.30817 28.4551 -0.291116 -0.239932 0.926083
-25.0762 -7.26064 28.7853 -0.269693 -0.256249 0.928225
-24.9806 -6.25387 29.091 -0.270745 -0.260982 0.926585
-25.2227 -5.21141 29.3194 -0.271801 -0.265713 0.924944
-26.1019 -4.24831 29.3516 -0.264429 -0.275435 0.924236
-27.5246 -3.66688 29.0921 -0.281521 -0.285047 0.91616
-28.4754 -3.13029 28.9782 -0.266264 -0.297344 0.91683
-29.2485 -2.26355 29.0447 -0.249955 -0.312648 0.916263
-29.4943 -1.44163 29.2728 -0.243823 -0.326421 0.913236
-29.4749 -0.448843 29.6339 -0.243332 -0.329712 0.91218
-29.14 0.496858 30.0671 -0.245193 -0.337508 0.908801
-28.5346 1.12561 30.4712 -0.248312 -0.343105 0.905881
-27.8004 1.67102 30.8678 -0.235223 -0.343928 0.909056
-27.38 2.47056 31.2798 -0.23551 -0.344427 0.908793
-27.3343 3.46835 31.685 -0.223171 -0.367854 0.902696
-27.3949 4.73041 32.1898 -0.224944 -0.371148 0.900916
-27.2041 5.78578 32.6779 -0.21355 -0.388895 0.896182
-27.2141 6.8625 33.1459 -0.207984 -0.390092 0.896978
-27.1059 7.54668 33.4686 -0.207986 -0.390093 0.896978
-28.1638 7.9065 33.3778 -0.20701 -0.398006 0.893671
-28.9446 7.89716 33.199 -0.199537 -0.403775 0.892833
-29.7932 7.56093 32.8573 -0.199537 -0.403775 0.892833
-30.4264 6.93842 32.4315 -0.202184 -0.404608 0.89186
-30.9761 6.22898 31.9756 -0.204481 -0.413658 0.887172
-31.5245 5.4306 31.4817 -0.196413 -0.408413 0.891401
-31.8335 4.66427 31.0678 -0.194754 -0.404166 0.893712
-32.1086 3.86506 30.657 -0.214585 -0.375527 0.901617
-32.6381 3.16149 30.2487 -0.196686 -0.371816 0.907231
-33.4097 2.65992 29.8759 -0.197443 -0.372953 0.906598
-34.0342 2.30873 29.5942 -0.197623 -0.374109 0.906083
-34.7977 1.81363 29.2238 -0.193642 -0.363674 0.911098
-35.3908 1.3685 28.929 -0.190138 -0.353195 0.916024
-36.1173 0.7122 28.5253 -0.190033 -0.35317 0.916056
-36.5402 0.139401 28.2196 -0.189233 -0.349166 0.917755
-37.0443 -0.855511 27.7324 -0.196057 -0.348715 0.916489
-37.2456 -1.58461 27.4143 -0.195539 -0.346333 0.917506
-37.4394 -2.61489 26.9848 -0.197469 -0.337279 0.920424
-37.422 -3.45661 26.6936 -0.1858 -0.317886 0.929746
-37.3537 -4.38098 26.3912 -0.185682 -0.318354 0.929609
-37.5664 -5.07851 26.1094 -0.185386 -0.318692 0.929552
-38.045 -5.74817 25.7846 -0.185211 -0.318562 0.929632
-38.5783 -6.3893 25.4638 -0.181992 -0.307234 0.934057
-38.9169 -7.3897 25.0735 -0.17826 -0.304684 0.935623
-39.2795 -8.32728 24.7229 -0.18577 -0.27995 0.941853
-39.7074 -9.2781 24.3502 -0.189937 -0.283008 0.940123
-40.2894 -10.2467 23.9633 -0.190335 -0.261192 0.946336
-40.6453 -11.0612 23.6611 -0.197976 -0.26324 0.944197
-40.548 -11.7945 23.4782 -0.203378 -0.256778 0.9448
-39.9966 -12.39 23.4415 -0.208881 -0.251677 0.945001
-39.2602 -12.8439 23.4818 -0.206622 -0.242709 0.947797
-38.3897 -13.1038 23.6118 -0.211998 -0.235521 0.948465
-37.4805 -13.3441 23.7583 -0.224257 -0.229113 0.94719
-36.6092 -13.5886 23.9105 -0.228277 -0.223495 0.947597
-35.407 -13.8399 24.1403 -0.233832 -0.208519 0.949645
-34.3511 -14.1917 24.326 -0.246676 -0.203179 0.947487
-33.3404 -14.6917 24.4953 -0.260292 -0.197345 0.945135
-32.6219 -15.1123 24.6111 -0.269052 -0.193871 0.943411
-31.9768 -15.4962 24.7162 -0.27048 -0.192093 0.943364
-31.1292 -15.7381 24.9117 -0.268941 -0.190377 0.944149
-30.4373 -15.4972 25.155 -0.271613 -0.196838 0.942019
-29.9037 -14.8279 25.4574 -0.277251 -0.203239 0.939056
-29.3425 -13.9608 25.82 -0.268936 -0.212167 0.939468
-28.4479 -13.1993 26.2424 -0.275813 -0.210911 0.937772
-27.9494 -12.6734 26.5109 -0.280515 -0.218058 0.93474
-27.3385 -12.0745 26.8384 -0.284409 -0.22023 0.933065
-26.7708 -11.4107 27.1712 -0.286817 -0.227709 0.930523
-26.2613 -10.6972 27.5061 -0.289691 -0.229339 0.929238
-25.8213 -9.92849 27.834 -0.296088 -0.238283 0.924923
-25.4899 -9.27028 28.1162 -0.299232 -0.243766 0.922512
-25.4574 -9.21055 28.1424 -0.296164 -0.244583 0.923291
-26.7338 -8.73615 27.8605 -0.279883 -0.260343 0.924016
-26.5619 -8.03932 28.1149 -0.286456 -0.264415 0.920883
-26.432 -6.93907 28.4699 -0.286389 -0.263425 0.921189
-26.477 -5.81804 28.7765 -0.282381 -0.265419 0.921842
-27.511 -4.9659 28.7085 -0.278995 -0.264893 0.923035
-28.609 -4.46216 28.5212 -0.266942 -0.267946 0.925627
-29.4936 -3.77526 28.4907 -0.24844 -0.289411 0.924402
-30.3299 -2.82026 28.5649 -0.245003 -0.290262 0.925045
-30.6691 -1.83671 28.8175 -0.244685 -0.326264 0.913061
-30.6988 -0.930224 29.1334 -0.246138 -0.322598 0.913964
-30.6539 -0.179408 29.41 -0.25638 -0.331217 0.908056
-30.295 1.02007 29.9488 -0.242032 -0.349518 0.904824
-29.6472 1.75322 30.4098 -0.237439 -0.358246 0.90293
-29.0784 2.38362 30.8095 -0.23903 -0.361618 0.901155
-28.6811 3.19057 31.2432 -0.240622 -0.364988 0.899381
-28.6277 4.18024 31.6554 -0.22317 -0.367854 0.902697
-28.656 5.2451 32.1019 -0.212618 -0.385553 0.897854
-29.2467 6.04435 32.3053 -0.221909 -0.386819 0.895004
-29.9835 5.38282 31.8266 -0.2312 -0.388086 0.892152
-30.6167 4.13281 31.1289 -0.228063 -0.380057 0.896406
-30.8879 3.28475 30.7058 -0.214584 -0.375527 0.901617
-31.3358 2.53104 30.2901 -0.212912 -0.371847 0.903548
-32.1817 1.87889 29.8228 -0.225948 -0.362727 0.904069
-32.9511 1.48404 29.4975 -0.204816 -0.352177 0.913248
-33.6799 1.05105 29.1671 -0.200818 -0.349944 0.91498
-34.3071 0.603487 28.8627 -0.196819 -0.347708 0.916712
-34.9079 0.0318676 28.5168 -0.194585 -0.347145 0.917399
-35.4885 -0.868482 28.0556 -0.192347 -0.346285 0.918199
-35.8199 -1.64275 27.6958 -0.191786 -0.343596 0.919326
-35.1284 -2.21941 27.6245 -0.196423 -0.33692 0.920779
-34.1878 -2.29234 27.8034 -0.209934 -0.328731 0.92075
-33.2464 -2.61679 27.912 -0.21881 -0.327216 0.919267
-32.3091 -3.08872 27.9662 -0.223027 -0.31699 0.921764
-31.447 -3.648 28.0131 -0.241567 -0.291113 0.925688
-30.6041 -4.34394 28.0142 -0.245003 -0.290262 0.925045
-29.7937 -5.44299 27.9095 -0.254889 -0.271 0.928219
-29.563 -6.36835 27.6924 -0.26768 -0.274164 0.923636
-29.3882 -7.31647 27.471 -0.270074 -0.265816 0.92542
-29.3675 -8.12434 27.245 -0.27253 -0.265065 0.924912
-29.5502 -9.33894 26.8736 -0.265844 -0.241193 0.933356
-30.0135 -10.2655 26.5008 -0.270604 -0.237414 0.932952
-30.7327 -10.8446 26.1504 -0.271947 -0.22508 0.935619
-31.6384 -11.2425 25.7914 -0.274298 -0.227485 0.934344
-32.52 -11.6296 25.4406 -0.263643 -0.233734 0.935874
-33.9449 -11.5325 25.0635 -0.261543 -0.231422 0.937032
-34.9858 -11.0183 24.941 -0.234008 -0.256694 0.937736
-36.0003 -10.1504 24.9254 -0.224571 -0.256433 0.940061
-36.6784 -9.4765 24.9549 -0.217843 -0.26099 0.940441
-37.3541 -8.88353 24.963 -0.217141 -0.262223 0.940259
-37.9794 -8.59423 24.9001 -0.216444 -0.263458 0.940075
-38.2587 -9.34611 24.6251 -0.217143 -0.262224 0.940258
-38.8461 -10.3782 24.2222 -0.201592 -0.251373 0.946664
-38.8386 -11.4522 23.9386 -0.201592 -0.251373 0.946664
-37.8631 -11.8514 24.0405 -0.206623 -0.242708 0.947797
-37.0009 -12.1568 24.1583 -0.208715 -0.226683 0.951343
-35.9237 -12.3412 24.3507 -0.212111 -0.221462 0.951801
-35.0094 -12.5844 24.5248 -0.246281 -0.231773 0.941077
-34.211 -12.9172 24.6517 -0.252862 -0.23044 0.939633
-33.4746 -13.2166 24.7823 -0.262252 -0.219641 0.939618
-32.6906 -13.6822 24.8991 -0.267822 -0.208962 0.94053
-31.8693 -14.1085 25.0413 -0.270582 -0.207753 0.940013
-31.031 -13.795 25.3609 -0.279696 -0.213769 0.935988
-30.5019 -13.3277 25.6258 -0.277325 -0.214961 0.936416
-30.006 -12.7366 25.9053 -0.264371 -0.213945 0.940371
-29.3704 -12.2195 26.2071 -0.262273 -0.227225 0.93786
-28.706 -11.5853 26.5465 -0.265206 -0.230166 0.936306
-28.1495 -10.9292 26.8698 -0.26814 -0.233105 0.934753
-27.5779 -10.0533 27.2546 -0.286816 -0.227708 0.930523
-27.1379 -9.40097 27.5584 -0.273239 -0.255281 0.927454
-27.0423 -9.22822 27.6342 -0.27324 -0.255281 0.927454
-28.3132 -7.76606 27.6611 -0.274984 -0.264312 0.924404
-27.9115 -7.03381 27.9912 -0.278372 -0.267412 0.922496
-28.3502 -6.86074 27.909 -0.276679 -0.265862 0.92345
-28.3172 -7.1068 27.8484 -0.274984 -0.264311 0.924404
-30.5012 -7.55306 27.0798 -0.266118 -0.26157 0.927773
-30.7301 -6.61494 27.281 -0.267681 -0.274164 0.923635
-31.1307 -5.73817 27.4363 -0.257811 -0.284718 0.923292
-31.7411 -5.04408 27.4799 -0.257811 -0.284718 0.923292
-32.595 -4.39441 27.4573 -0.238545 -0.306393 0.921424
-33.4183 -3.83752 27.4436 -0.225168 -0.31016 0.923634
-34.3135 -3.46588 27.3558 -0.209933 -0.32873 0.920751
-35.1562 -3.43815 27.1826 -0.199912 -0.328795 0.923
-35.901 -3.52988 26.9886 -0.199913 -0.328794 0.923
-36.7989 -3.70222 26.7341 -0.191884 -0.323679 0.926462
-37.0583 -4.48095 26.4159 -0.185561 -0.318821 0.929473
-37.3224 -5.18006 26.1233 -0.185562 -0.318822 0.929473
-37.6662 -5.9016 25.8075 -0.185467 -0.314171 0.931062
-37.2585 -6.60129 25.6563 -0.200068 -0.301878 0.931973
-36.7436 -7.56105 25.4719 -0.214384 -0.278026 0.936197
-36.3201 -8.23111 25.3817 -0.215182 -0.260992 0.941052
-35.7443 -8.81157 25.3536 -0.220983 -0.258607 0.940352
-34.8563 -9.65572 25.336 -0.225952 -0.257308 0.939542
-33.845 -10.2456 25.4255 -0.244812 -0.246266 0.937631
-32.866 -10.3309 25.6763 -0.26058 -0.243185 0.934323
-31.7838 -9.98857 26.0612 -0.26264 -0.237034 0.935304
-30.9651 -9.3488 26.4581 -0.270604 -0.237414 0.932952
-30.5915 -8.5629 26.7691 -0.269262 -0.25045 0.929858
-30.5659 -8.46445 26.8042 -0.266119 -0.26157 0.927773
-31.8488 -8.31374 26.4812 -0.260442 -0.263188 0.928925
-31.9186 -6.97485 26.841 -0.26044 -0.263186 0.928926
-32.7769 -5.93169 26.9195 -0.25535 -0.282043 0.924796
-33.4373 -5.37891 26.9176 -0.233247 -0.301298 0.924462
-34.4789 -4.72046 26.8835 -0.228571 -0.31378 0.921573
-35.6507 -4.8836 26.5681 -0.198725 -0.318228 0.926938
-35.9555 -5.62885 26.2511 -0.195213 -0.315203 0.92873
-35.6703 -6.83658 25.9392 -0.199329 -0.282811 0.938236
-35.3396 -7.505 25.8108 -0.222383 -0.273353 0.935855
-34.587 -8.31073 25.7693 -0.226919 -0.258325 0.939029
-33.6895 -9.09054 25.7717 -0.239406 -0.255789 0.93653
-32.6704 -9.02013 26.0656 -0.251897 -0.253256 0.934029
-31.85 -8.52123 26.4221 -0.256171 -0.258223 0.931476
-31.9167 -1.46656 28.619 -0.223027 -0.316992 0.921764
-31.817 -0.533572 28.9778 -0.198419 -0.335457 0.920923
-31.9426 0.21452 29.2232 -0.197281 -0.346143 0.917134
-32.3768 0.428598 29.2136 -0.196141 -0.35683 0.913346
-32.9805 0.0336132 28.9337 -0.202851 -0.33877 0.918722
-33.6643 -0.602407 28.543 -0.196821 -0.348006 0.916599
-33.0045 -1.45029 28.3744 -0.209812 -0.331129 0.919889
-32.9815 -1.45979 28.3764 -0.21234 -0.320176 0.923255
-19.6172 22.9255 42.818 -0.101608 -0.480127 0.871269
-18.6398 22.8094 42.8605 -0.0949136 -0.480503 0.871842
-17.6921 23.0968 43.1113 -0.0739713 -0.469875 0.879504
-16.8686 23.857 43.5723 -0.0592371 -0.46992 0.880719
-16.4882 24.6435 43.9944 -0.0498208 -0.45244 0.890402
-16.4489 25.535 44.4632 -0.037701 -0.473144 0.880173
-16.7385 26.1901 44.8047 -0.038958 -0.475422 0.878895
-17.6951 27.1432 45.2837 -0.0356661 -0.479819 0.876643
-18.4536 27.3149 45.3421 -0.0433503 -0.480045 0.876172
-19.2909 27.3064 45.296 -0.0424075 -0.481628 0.875347
-20.499 26.6012 44.7978 -0.0887277 -0.491123 0.866546
-20.8988 25.7528 44.2731 -0.0872685 -0.497485 0.863063
-21.0594 24.9961 43.8169 -0.0888305 -0.500419 0.861214
-20.5775 23.884 43.239 -0.101654 -0.487038 0.867439
-19.9972 23.2254 42.936 -0.105736 -0.484557 0.868325
-19.4369 24.3666 43.6352 -0.0781218 -0.485665 0.870647
-19.6139 25.0793 44.0169 -0.08913 -0.485188 0.869785
-19.2984 25.9693 44.5421 -0.0529749 -0.494543 0.867537
-18.1889 25.9668 44.6084 -0.061392 -0.483027 0.873315
-17.7993 25.3245 44.2949 -0.0531253 -0.47119 0.880272
-17.9981 24.414 43.7908 -0.0739621 -0.478588 0.87487
-18.677 24.0283 43.5147 -0.0781206 -0.485665 0.870647
-29.5547 38.3604 50.0648 -0.169497 -0.456098 0.873446
-28.9584 38.7198 50.3517 -0.143723 -0.452339 0.880189
-28.3986 39.2 50.6899 -0.137935 -0.450751 0.881906
-27.823 39.9882 51.1806 -0.129691 -0.458477 0.879167
-27.7451 40.8944 51.6708 -0.125814 -0.463588 0.877073
-27.8027 41.9647 52.2145 -0.113751 -0.445615 0.887949
-28.0974 42.669 52.5255 -0.11002 -0.44356 0.889466
-28.4111 43.3006 52.8017 -0.110019 -0.443559 0.889467
-28.97 43.8509 53.0031 -0.143313 -0.442821 0.885077
-30.3091 44.0219 52.8687 -0.145119 -0.44042 0.885986
-31.0539 43.8962 52.6509 -0.182739 -0.448753 0.874773
-31.7612 43.683 52.3914 -0.201061 -0.448977 0.87052
-32.6778 42.6805 51.6498 -0.212013 -0.447081 0.869005
-33.0283 41.9742 51.1977 -0.219124 -0.447274 0.867137
-33.2147 41.1214 50.7087 -0.220331 -0.448348 0.86627
-33.0539 40.3026 50.3291 -0.223126 -0.445788 0.866884
-32.8218 39.6091 50.0284 -0.227474 -0.46634 0.854815
-32.0114 38.8151 49.7965 -0.217731 -0.472752 0.853873
-31.2708 38.4221 49.7476 -0.192513 -0.490265 0.850047
-30.2122 38.2288 49.8551 -0.182864 -0.466002 0.865681
-29.934 38.2572 49.9291 -0.182865 -0.466003 0.86568
-30.3643 39.5026 50.5052 -0.154606 -0.459236 0.874752
-29.4715 39.9224 50.8804 -0.151831 -0.459348 0.875184
-29.0072 41.012 51.5379 -0.153962 -0.462243 0.873285
-29.1163 41.9743 52.0231 -0.161955 -0.458739 0.873663
-29.9996 42.6445 52.2159 -0.162341 -0.464395 0.870622
-31.038 42.6475 52.0091 -0.187144 -0.455878 0.870129
-31.527 42.1292 51.6276 -0.191338 -0.458328 0.867943
-31.9111 41.3783 51.1484 -0.187099 -0.441987 0.87714
-31.7459 40.3166 50.668 -0.200094 -0.437552 0.876365
