4.70726 5.40706 25.3133 0.14932 0.197526 0.968858
5.42941 5.04451 25.2608 0.215159 0.163114 0.962729
5.42941 5.04451 25.2608 0.215159 0.163114 0.962729
5.12798 4.14576 25.4646 0.217625 0.144553 0.965269
4.31904 3.82365 25.6535 0.135297 0.13815 0.981126
3.45429 4.2245 25.6947 0.0823783 0.152137 0.98492
3.15895 4.86342 25.6131 0.0766742 0.163616 0.98354
3.92024 5.36183 25.4379 0.101346 0.205213 0.973456
4.6417 5.43977 25.3167 0.149766 0.197968 0.968699
5.26721 6.63556 24.9528 0.178552 0.259594 0.949068
5.9399 6.24739 24.9199 0.214859 0.217848 0.951605
6.87558 5.86292 24.7927 0.1956 0.195003 0.961101
7.78098 5.59665 24.6336 0.238014 0.1668 0.956832
8.07157 4.98682 24.6649 0.247271 0.153347 0.956735
7.36142 4.53283 24.9168 0.22369 0.128783 0.966051
6.7502 3.93479 25.1312 0.212886 0.129551 0.96845
6.25259 3.27433 25.3384 0.220481 0.141189 0.965119
5.78769 2.59599 25.5394 0.221782 0.0934759 0.969956
4.7837 2.11641 25.8133 0.213123 0.0355779 0.975779
3.94181 2.42005 25.8963 0.124706 0.0967959 0.987461
3.29027 2.8157 25.9174 0.0884361 0.113547 0.989589
2.24403 3.34826 25.9274 0.0559743 0.128184 0.99017
0.989262 3.80554 25.9115 0.0215074 0.14608 0.989039
-0.0604486 3.94645 25.9058 -0.00678408 0.164775 0.986308
-0.884539 3.91149 25.9025 -0.0635448 0.160104 0.98473
-1.78322 3.92076 25.826 -0.0816907 0.177131 0.980791
-1.61211 4.72581 25.6804 -0.0644328 0.214877 0.974511
-0.971458 5.26529 25.6031 -0.0482988 0.229771 0.971812
0.0403025 5.3555 25.6032 -0.0119179 0.225369 0.974201
0.841376 5.48529 25.571 0.00901244 0.228614 0.973475
1.69851 5.72223 25.5022 0.0269153 0.229309 0.972981
2.62853 6.15265 25.3694 0.0354099 0.236549 0.970974
3.39344 6.69872 25.1735 0.10171 0.254652 0.961669
4.13181 7.22278 24.9542 0.110627 0.269292 0.95658
4.78268 6.9817 24.9457 0.125117 0.244794 0.961238
5.19875 6.67655 24.9545 0.178552 0.259594 0.949068
6.08562 7.62584 24.5301 0.179508 0.250707 0.950742
5.42507 8.18046 24.4847 0.148322 0.254793 0.955553
4.92804 8.88495 24.3766 0.140393 0.253435 0.957048
4.56739 9.71964 24.2012 0.130287 0.25754 0.957444
3.62682 9.3233 24.4374 0.119571 0.266248 0.956338
3.17283 8.58986 24.6979 0.0904472 0.264285 0.960009
2.35837 7.62083 25.0452 0.0369034 0.266986 0.962127
1.36975 7.06699 25.1772 -0.00401191 0.235541 0.971856
0.577537 6.84367 25.2409 0.00978084 0.244028 0.969719
-0.287744 6.7555 25.2592 -0.0189971 0.241804 0.970015
-1.18002 6.74267 25.233 -0.0319061 0.23344 0.971848
-2.31005 6.40872 25.2529 -0.0735221 0.218135 0.972956
-2.90468 5.64993 25.3595 -0.0856313 0.21185 0.97347
-3.11847 4.89673 25.4815 -0.132534 0.18181 0.974361
-3.31625 4.0994 25.5898 -0.138219 0.150777 0.97884
-3.61176 3.31969 25.6606 -0.147447 0.129293 0.980583
-4.09882 2.76079 25.6636 -0.141079 0.135892 0.980627
-4.93512 2.29737 25.5627 -0.218414 0.117099 0.968805
-5.72859 2.05318 25.4124 -0.22426 0.109691 0.96832
-6.67849 2.02014 25.1999 -0.218295 0.0991682 0.970831
-7.52145 2.18997 24.9865 -0.244058 0.0785128 0.966551
-8.56788 2.16833 24.724 -0.244055 0.0785141 0.966552
-8.11598 1.01451 24.9403 -0.266703 0.0341942 0.962325
-7.66137 -0.28538 25.0732 -0.279433 -0.0186178 0.959782
-7.44705 -1.21814 25.1079 -0.267957 -0.0406505 0.962481
-7.43181 -2.07873 25.057 -0.241164 -0.0822588 0.966992
-6.97739 -2.75563 25.1126 -0.241241 -0.08255 0.966948
-6.04941 -2.85421 25.2929 -0.183172 -0.120317 0.97569
-5.16895 -3.2116 25.4181 -0.193081 -0.112623 0.974698
-4.40279 -3.87153 25.4937 -0.192405 -0.126984 0.972957
-3.94682 -4.56941 25.4748 -0.182923 -0.146038 0.97222
-3.60007 -5.27107 25.4346 -0.182546 -0.151887 0.971376
-3.26657 -6.1168 25.3172 -0.144701 -0.196294 0.969809
-3.03892 -7.01219 25.1429 -0.106267 -0.244608 0.963729
-3.08198 -7.91912 24.9209 -0.100976 -0.225217 0.969062
-2.52893 -8.07005 24.9309 -0.0781811 -0.251619 0.964664
-1.78981 -7.68578 25.0949 -0.0773743 -0.227065 0.970801
-1.04985 -6.96492 25.3225 -0.0699941 -0.243607 0.967169
-0.27401 -6.30095 25.5286 -0.0536191 -0.231223 0.971422
0.377113 -5.88808 25.656 -0.0137227 -0.259051 0.965733
1.11374 -5.62202 25.716 0.00352382 -0.201849 0.97941
1.81752 -5.37406 25.7264 0.0963939 -0.194403 0.976174
2.55749 -5.66252 25.5872 0.0876085 -0.246021 0.965297
3.50305 -5.26372 25.5685 0.152792 -0.222358 0.962918
2.98502 -4.85878 25.7143 0.115734 -0.180202 0.976797
2.14634 -5.02328 25.7639 0.0960876 -0.194749 0.976135
1.39412 -5.07701 25.8274 0.0499597 -0.198127 0.977792
0.451194 -4.85251 25.8708 -0.00420851 -0.194177 0.980957
-0.476916 -4.57958 25.9077 -0.0252198 -0.224904 0.974055
-1.38712 -4.1264 25.9318 -0.121757 -0.118976 0.985403
-2.32114 -3.72052 25.8641 -0.123859 -0.118272 0.985226
-3.28711 -3.10031 25.7898 -0.183554 -0.109663 0.976874
-3.83849 -2.53137 25.7498 -0.185224 -0.0965543 0.977866
-4.33548 -1.87388 25.7124 -0.185447 -0.0844487 0.979019
-4.5631 -0.7506 25.7518 -0.182771 -0.051502 0.981806
-4.45205 0.0705266 25.7926 -0.164414 -0.0128278 0.986166
-4.02129 1.15357 25.832 -0.149423 0.060463 0.986893
-3.44236 1.66194 25.8828 -0.142198 0.0630888 0.987826
-2.79889 2.04495 25.9425 -0.147183 0.123567 0.981349
-1.7053 2.42441 26.0571 -0.140118 0.111684 0.983816
-0.790839 2.54147 26.1043 -0.045897 0.140915 0.988957
0.222458 2.4625 26.1307 0.0234029 0.114166 0.993035
1.06864 2.23932 26.1302 0.0287984 0.129636 0.991126
2.05516 1.84184 26.1598 0.0223429 0.108497 0.993571
3.05944 1.27134 26.0634 0.108034 0.0132568 0.994059
3.88197 0.692234 25.9699 0.119882 0.0063351 0.992767
4.65966 0.434807 25.8531 0.182761 -0.00282147 0.983069
5.62363 0.779149 25.6624 0.19232 0.00588346 0.981315
6.34717 0.997769 25.511 0.213441 0.0292405 0.976518
7.06574 1.74907 25.3314 0.20583 0.048696 0.977152
7.37971 2.46489 25.1769 0.227748 0.116105 0.966773
7.95248 3.20022 24.9501 0.234369 0.128215 0.963655
8.55093 3.6437 24.7456 0.243322 0.128618 0.961336
9.43326 4.05525 24.45 0.259673 0.14411 0.954883
10.0777 4.40963 24.2154 0.27317 0.139166 0.951846
10.6487 4.88878 23.9786 0.272661 0.177362 0.945621
10.5167 5.68747 23.8668 0.271032 0.178789 0.945818
9.95061 6.31794 23.9079 0.273094 0.198306 0.941132
9.00639 6.77542 24.0649 0.252725 0.22478 0.941065
8.14821 6.91319 24.2569 0.225463 0.253208 0.940765
7.21275 7.12991 24.4258 0.21456 0.259976 0.941353
6.26921 7.51107 24.5191 0.205573 0.256002 0.944503
6.85538 8.64953 24.0901 0.217324 0.25922 0.94105
6.22358 9.40672 24.0251 0.189905 0.266068 0.94473
5.90239 10.0881 23.8882 0.166148 0.267412 0.949149
5.70227 10.9268 23.6782 0.172681 0.286712 0.942325
5.67954 11.6904 23.4495 0.161087 0.284616 0.945011
6.04101 12.4115 23.17 0.165772 0.290523 0.942376
6.93462 13.2864 22.7341 0.171952 0.285249 0.94286
7.33609 13.9983 22.4394 0.207697 0.276816 0.938208
7.23444 14.8421 22.2068 0.184817 0.281157 0.941691
6.47849 15.2815 22.2264 0.168264 0.28676 0.942902
5.64772 15.1418 22.4004 0.139153 0.291371 0.946435
5.16137 14.4736 22.6776 0.139072 0.292248 0.946176
4.70941 13.2099 23.1296 0.131975 0.287761 0.948565
4.51438 12.4909 23.3827 0.120772 0.295776 0.947544
3.97918 11.7064 23.6943 0.107252 0.30921 0.944893
3.32334 11.1624 23.9285 0.0837442 0.293226 0.952368
2.54975 10.578 24.1738 0.0743027 0.301471 0.950576
2.1049 9.83212 24.4346 0.0385665 0.284223 0.957982
1.84915 9.10162 24.6531 0.0407909 0.269431 0.962155
1.17154 8.39598 24.848 0.0117132 0.237915 0.971215
0.388544 8.23789 24.8884 -0.0031224 0.238271 0.971194
-0.46954 8.19288 24.8961 -0.0225198 0.244858 0.969086
-1.34728 8.24485 24.8451 -0.0434701 0.250718 0.96708
-2.68408 7.97768 24.8087 -0.100614 0.263297 0.959454
-3.51219 7.44051 24.861 -0.1432 0.259274 0.955129
-4.005 6.79887 24.9613 -0.146106 0.235476 0.960521
-4.3161 5.98313 25.0982 -0.140609 0.218408 0.965674
-4.55164 4.96857 25.2672 -0.112027 0.152617 0.981213
-4.82915 4.10817 25.3761 -0.180184 0.109815 0.970936
-5.48061 3.6078 25.2938 -0.205163 0.131039 0.969553
-6.44399 3.359 25.1206 -0.210266 0.100132 0.972457
-7.1161 3.61873 24.9358 -0.217829 0.14181 0.965629
-7.80897 3.84359 24.7425 -0.250538 0.156589 0.955359
-8.69246 4.09145 24.4701 -0.268959 0.138963 0.952729
-9.44642 3.88463 24.2791 -0.27152 0.116222 0.95539
-10.0869 3.2633 24.1694 -0.279326 0.109661 0.953906
-10.2856 2.42859 24.2064 -0.283093 0.109644 0.952805
-10.1917 1.67485 24.3031 -0.277648 0.0804578 0.957308
-9.6852 0.857963 24.5015 -0.27887 0.0050339 0.960316
-9.17487 -0.135169 24.6381 -0.266478 -0.00514112 0.963827
-8.85022 -0.979831 24.7012 -0.268156 -0.0317678 0.962852
-8.76727 -1.74246 24.686 -0.264014 -0.0656287 0.962284
-8.9506 -2.47576 24.5856 -0.264013 -0.0656289 0.962284
-9.71264 -3.43899 24.2891 -0.271344 -0.0844091 0.958774
-10.3276 -3.79285 24.0605 -0.296533 -0.112353 0.948391
-11.0101 -4.30053 23.7837 -0.306525 -0.12433 0.943708
-11.6327 -4.76977 23.5197 -0.294406 -0.125042 0.94738
-12.0116 -5.40125 23.3047 -0.292842 -0.15687 0.943205
-12.0621 -6.13858 23.1631 -0.281246 -0.172552 0.943961
-11.606 -6.89711 23.1542 -0.28153 -0.180435 0.942435
-10.9599 -7.71371 23.1755 -0.264849 -0.20495 0.94218
-10.4257 -8.2561 23.2016 -0.265479 -0.216966 0.939386
-9.90433 -9.10158 23.1533 -0.265076 -0.2172 0.939446
-9.79651 -10.286 22.8764 -0.260465 -0.243403 0.934298
-9.44018 -10.968 22.793 -0.248262 -0.246656 0.936764
-8.94374 -11.5888 22.7568 -0.235123 -0.266258 0.934785
-8.11768 -12.4846 22.7095 -0.234077 -0.265994 0.935122
-7.31149 -13.034 22.7215 -0.214015 -0.300455 0.929475
-6.64992 -13.5058 22.7228 -0.203457 -0.282426 0.937465
-5.85558 -13.9706 22.739 -0.187504 -0.291883 0.937895
-4.85037 -14.0665 22.8895 -0.134182 -0.291127 0.947228
-3.99582 -13.6646 23.1343 -0.117109 -0.287768 0.950309
-3.63944 -12.9735 23.3874 -0.106213 -0.294135 0.949844
-3.57087 -11.6369 23.8097 -0.106323 -0.295005 0.949562
-3.49145 -10.8974 24.0472 -0.103281 -0.278803 0.954734
-2.75385 -9.93119 24.4029 -0.0941406 -0.279795 0.955433
-2.09334 -9.50862 24.579 -0.0607334 -0.263668 0.9627
-1.26365 -9.17098 24.7238 -0.0646047 -0.274206 0.959427
-0.555411 -8.52312 24.9241 -0.00307499 -0.26736 0.963592
0.393926 -7.57236 25.1971 -0.0213462 -0.264723 0.964088
1.56544 -6.95374 25.3254 0.0673179 -0.252485 0.965256
2.366 -6.87827 25.2893 0.0673204 -0.252484 0.965256
3.45517 -6.94186 25.1712 0.0942342 -0.253351 0.962774
4.28657 -6.93994 25.0835 0.114552 -0.217135 0.96932
5.01998 -6.30515 25.1138 0.171702 -0.229106 0.958138
5.28051 -5.53662 25.2381 0.202679 -0.181213 0.962233
5.28873 -4.74252 25.375 0.191157 -0.166517 0.9673
4.94124 -4.02904 25.5596 0.182043 -0.157289 0.970629
4.49299 -3.31178 25.7556 0.173039 -0.108554 0.97807
4.186 -2.53988 25.8665 0.181243 -0.068839 0.981026
4.01955 -2.51416 25.9002 0.192806 -0.0816564 0.977833
3.50648 -3.21801 25.9366 0.141117 -0.157603 0.977033
2.59228 -3.53544 25.9743 0.0904437 -0.15203 0.984229
1.47735 -3.58488 26.0519 0.0551675 -0.137088 0.989021
0.25104 -3.32523 26.1266 0.00989068 -0.100116 0.994927
-0.647643 -2.86789 26.1599 -0.0289615 -0.0767744 0.996628
-1.62931 -2.35563 26.1222 -0.102539 -0.124836 0.986865
-2.43369 -1.83743 26.0658 -0.17113 -0.0423866 0.984289
-2.99112 -1.31279 25.987 -0.170067 -0.0504832 0.984063
-3.14454 -0.207821 26.0031 -0.169222 -0.023025 0.985308
-2.48775 0.366671 26.1279 -0.145725 -0.0255358 0.98873
-1.79892 0.936953 26.1844 -0.0949656 0.0513525 0.994155
-0.574351 1.02582 26.2555 -0.0277479 0.0505154 0.998338
0.17636 1.01295 26.2735 0.0171606 0.0575554 0.998195
1.06892 0.726142 26.2747 0.0171515 0.0575544 0.998195
2.15879 0.125367 26.1825 0.110791 0.0262595 0.993497
3.05645 -0.600742 26.0941 0.141386 0.0277649 0.989565
3.71158 -1.13934 26.0159 0.172205 0.0167695 0.984348
4.1237 -1.81488 25.934 0.203219 0.0051722 0.97912
5.00458 -1.19972 25.7707 0.171765 -0.0135758 0.985041
5.64038 -0.769831 25.667 0.169419 -0.0126928 0.985462
6.53354 -0.521251 25.4936 0.191545 0.00898713 0.981443
7.22054 -0.832422 25.3504 0.209153 0.00455853 0.977872
7.62381 -1.63421 25.2281 0.237688 -0.0493552 0.970071
7.93815 -2.48341 25.0782 0.242524 -0.0988496 0.965096
8.04853 -3.44662 24.9344 0.24916 -0.131106 0.959547
8.49896 -4.04973 24.7305 0.260416 -0.146384 0.954335
9.14007 -4.79 24.443 0.258225 -0.149608 0.954423
9.86354 -4.92169 24.2243 0.260424 -0.152319 0.953403
10.7253 -4.77592 24.0134 0.258608 -0.152577 0.953856
11.3994 -4.47354 23.8751 0.279493 -0.127701 0.9516
11.896 -3.78023 23.8202 0.276768 -0.122786 0.95306
12.1721 -2.76655 23.8536 0.29057 -0.101445 0.951461
11.7595 -1.62495 24.0393 0.278882 -0.0491838 0.95904
11.079 -1.15694 24.2618 0.288011 -0.035543 0.956967
10.0705 -0.776591 24.5652 0.295102 -0.00691671 0.955441
9.18094 -0.540156 24.838 0.280107 -0.022661 0.959697
8.35536 0.0723661 25.0615 0.2664 0.0177657 0.963699
8.2382 0.924771 25.0714 0.24606 0.0398255 0.968237
8.48399 1.64151 24.9648 0.257696 0.0552231 0.964647
8.90768 2.25551 24.821 0.264711 0.0794896 0.960542
9.82645 2.56075 24.5135 0.285239 0.101641 0.953052
10.5562 2.94338 24.2563 0.29024 0.0835352 0.953301
11.3227 3.19636 23.9989 0.292673 0.0842464 0.952494
12.1507 4.02886 23.646 0.2938 0.12199 0.948051
12.257 5.00222 23.4691 0.297228 0.170468 0.939466
12.1063 5.81944 23.3685 0.29049 0.17583 0.940545
11.4975 6.80468 23.3448 0.277538 0.207937 0.93788
10.7432 7.50048 23.4022 0.269027 0.213456 0.939181
9.81938 7.99335 23.5429 0.268004 0.232864 0.934852
9.09387 8.22699 23.6797 0.232605 0.260838 0.936886
8.32476 8.1921 23.8719 0.222993 0.259187 0.939732
7.51777 8.37014 24.0141 0.219804 0.259511 0.94039
7.00454 8.56756 24.0782 0.217325 0.259219 0.94105
9.3721 -2.205 24.723 0.294207 -0.0594236 0.953893
9.49128 -3.00886 24.6055 0.260865 -0.119567 0.957913
10.0697 -3.37889 24.3957 0.272137 -0.123993 0.954237
10.6628 -2.82358 24.2987 0.276795 -0.0889301 0.956149
10.0741 -2.20328 24.5066 0.287828 -0.0566456 0.955978
9.65073 -2.21657 24.6363 0.294207 -0.0594238 0.953893
8.23319 -8.51612 23.952 0.238772 -0.224264 0.944783
7.30567 -8.63552 24.1357 0.208939 -0.24104 0.947757
6.63814 -9.11719 24.1542 0.206451 -0.256131 0.944339
6.49589 -9.91339 23.96 0.203555 -0.274551 0.939781
6.67424 -10.8151 23.658 0.179008 -0.286025 0.941353
7.20984 -11.4918 23.3508 0.18339 -0.286854 0.940243
8.32918 -11.7796 23.0255 0.206323 -0.277006 0.938455
9.0404 -11.5046 22.9422 0.22539 -0.273884 0.93498
9.78941 -10.631 23.0118 0.242626 -0.267054 0.932638
9.81263 -9.66946 23.2722 0.24452 -0.251832 0.936371
9.26603 -8.84951 23.6148 0.235442 -0.209037 0.949142
8.66047 -8.59464 23.8211 0.241357 -0.216965 0.945814
3.04219 -12.0002 23.7859 0.0715449 -0.303621 0.950103
1.69434 -11.5393 24.0103 0.0471275 -0.282753 0.958034
1.15526 -12.1266 23.8468 0.0276516 -0.287129 0.957442
1.11594 -12.9076 23.6221 0.0393219 -0.290055 0.956056
2.12851 -13.5075 23.3796 0.0534632 -0.293287 0.954528
2.79626 -13.1707 23.4354 0.0730865 -0.2977 0.951858
3.21573 -12.5131 23.6089 0.0723761 -0.300733 0.950953
-4.95326 -11.2933 23.7234 -0.149348 -0.283111 0.947256
-4.84286 -10.509 23.9804 -0.16031 -0.285829 0.944316
-5.65271 -10.2488 23.8952 -0.184207 -0.271932 0.944514
-6.53186 -10.2213 23.7177 -0.218625 -0.256766 0.941421
-7.39045 -10.0384 23.5651 -0.226135 -0.244016 0.943033
-8.30761 -9.77566 23.4089 -0.23107 -0.244025 0.941838
-7.83478 -10.5831 23.3117 -0.231547 -0.255445 0.938685
-7.28598 -11.4664 23.2019 -0.218071 -0.261857 0.940136
-6.36561 -12.1463 23.2031 -0.177812 -0.283069 0.942473
-5.58525 -12.4828 23.2493 -0.168827 -0.279651 0.944904
-5.0298 -11.6853 23.5893 -0.162452 -0.290792 0.942894
-5.79607 -8.89874 24.2437 -0.218278 -0.251262 0.942986
-5.00307 -8.5469 24.4943 -0.164155 -0.251039 0.953955
-4.48584 -7.66711 24.8164 -0.180102 -0.231033 0.955769
-4.55815 -6.46298 25.0563 -0.198964 -0.187709 0.961724
-5.0477 -5.43859 25.1357 -0.194135 -0.165424 0.966815
-5.6149 -4.65459 25.1392 -0.220922 -0.161059 0.961901
-6.31395 -4.19671 25.0551 -0.222479 -0.160442 0.961645
-7.3916 -4.32786 24.7842 -0.225102 -0.163282 0.960548
-8.14761 -4.83317 24.5242 -0.226216 -0.154231 0.96179
-8.56212 -5.52827 24.3066 -0.246875 -0.16115 0.955392
-8.73217 -6.56818 24.0692 -0.250964 -0.186917 0.949691
-8.49448 -7.68155 23.8712 -0.237224 -0.214598 0.947442
-7.54339 -8.47081 23.9324 -0.237244 -0.23603 0.942273
-6.84401 -8.8169 24.0163 -0.236628 -0.245483 0.940077
-6.11357 -8.9128 24.1665 -0.218277 -0.251261 0.942986
-10.1961 -6.56795 23.6435 -0.301161 -0.205389 0.931191
-10.0381 -5.47569 23.904 -0.304593 -0.167623 0.937617
-10.3703 -6.0919 23.6859 -0.299618 -0.179279 0.936978
-10.2029 -6.56113 23.6428 -0.301161 -0.205389 0.931191
-6.04434 -1.00201 25.4517 -0.202122 -0.0447853 0.978336
-5.88361 -0.196641 25.5205 -0.196453 -0.0233763 0.980049
-6.05682 0.386825 25.4731 -0.234911 0.0288435 0.971589
-6.34926 -0.196805 25.4159 -0.250564 0.00419129 0.967953
-6.03323 -0.728028 25.4665 -0.202122 -0.0447854 0.978336
-8.43423 8.33648 23.6497 -0.238289 0.238373 0.941486
-9.32011 8.37235 23.4102 -0.252455 0.236251 0.938324
-9.99238 8.60064 23.1706 -0.256249 0.224283 0.94022
-10.6283 9.34036 22.8236 -0.251813 0.225328 0.941179
-10.9008 10.2888 22.5148 -0.248251 0.245943 0.936954
-10.7667 11.0678 22.3464 -0.242779 0.246036 0.938356
-10.332 11.7531 22.276 -0.242455 0.250107 0.93737
-9.30963 12.4594 22.3372 -0.222837 0.263287 0.938629
-8.55316 12.4774 22.5118 -0.219543 0.262264 0.939684
-7.86632 12.2399 22.7356 -0.216246 0.261245 0.940738
-7.27984 11.7735 22.9983 -0.208498 0.269759 0.940083
-6.94744 11.1358 23.2446 -0.189897 0.265972 0.945056
-6.77757 10.339 23.5 -0.197547 0.265491 0.943646
-6.99761 9.57946 23.6712 -0.19866 0.269884 0.942177
-7.43196 8.93431 23.7444 -0.227206 0.243699 0.942862
-8.32076 8.39468 23.6636 -0.238289 0.238373 0.941486
-8.60717 9.87173 23.2124 -0.234603 0.245119 0.94068
-9.30567 9.92884 23.0221 -0.238571 0.244674 0.939797
-9.08067 10.8982 22.8268 -0.236587 0.244894 0.940239
