18.6714 23.5945 22.5967 0.209469 0.210232 0.954947
19.1138 22.6733 22.7022 0.205972 0.207892 0.95622
19.1138 22.6733 22.7022 0.205972 0.207892 0.95622
19.7942 22.1787 22.6633 0.204491 0.207929 0.95653
20.6354 21.5191 22.625 0.209802 0.209726 0.954986
21.3539 20.7256 22.643 0.208013 0.212546 0.954754
21.8432 20.0126 22.6931 0.211236 0.21001 0.954607
22.546 19.2393 22.713 0.20359 0.20798 0.956711
23.5121 18.7052 22.6196 0.20919 0.206114 0.955903
24.4459 18.8133 22.3931 0.2071 0.201481 0.957346
23.6838 19.608 22.3914 0.20375 0.200962 0.958173
22.8786 20.4812 22.3757 0.200408 0.204291 0.958176
22.4132 21.1178 22.3358 0.197171 0.204341 0.958837
21.869 21.7256 22.3193 0.195169 0.200598 0.960036
21.2084 22.3783 22.3202 0.203223 0.201796 0.958112
20.553 22.9954 22.3295 0.199436 0.199718 0.959342
19.8524 23.6399 22.3396 0.197587 0.201644 0.959322
19.1901 24.1654 22.3662 0.200158 0.204592 0.958164
18.6717 23.6225 22.5905 0.205446 0.206428 0.956642
18.6714 23.6089 22.5935 0.208429 0.210012 0.955223
17.4131 23.7438 22.8394 0.212756 0.213164 0.953564
17.4716 24.5024 22.6592 0.207074 0.211435 0.955204
17.465 25.4136 22.4622 0.203481 0.206399 0.957071
17.4284 26.3021 22.2824 0.200311 0.202012 0.95868
18.1767 26.3544 22.118 0.195795 0.195666 0.960926
18.8841 25.9661 22.0536 0.195603 0.197773 0.960534
19.5121 25.4646 22.0293 0.190802 0.196456 0.961769
20.3696 24.7866 21.997 0.191324 0.195773 0.961805
21.0055 24.2243 21.985 0.190535 0.192782 0.962565
21.6454 23.6118 21.9795 0.191394 0.194407 0.962068
22.1668 23.064 21.9857 0.192004 0.192448 0.96234
22.7859 22.5529 21.9649 0.191193 0.195446 0.961897
23.3434 21.9265 21.9822 0.193078 0.196697 0.96126
23.7973 21.2798 22.021 0.195392 0.196474 0.960842
24.3707 20.6973 22.0225 0.198879 0.19664 0.960094
24.9417 20.097 22.0257 0.199349 0.194103 0.960512
25.6951 19.2123 22.0498 0.192992 0.19216 0.9622
26.2449 18.4527 22.0908 0.198957 0.194115 0.960591
26.5451 17.6635 22.1881 0.19898 0.194017 0.960606
25.6608 17.4865 22.4101 0.204477 0.197889 0.95866
24.8309 17.4241 22.6038 0.21111 0.199866 0.95681
23.9503 17.4177 22.8007 0.2162 0.205838 0.954405
23.0571 17.4984 22.9837 0.218165 0.213935 0.952174
22.295 17.8275 23.0831 0.213422 0.21592 0.952794
21.6692 18.4461 23.0818 0.218536 0.215694 0.951692
21.1363 19.0125 23.0746 0.217659 0.217735 0.951429
20.6211 19.613 23.0571 0.217858 0.213367 0.952372
20.1646 20.2969 23.0032 0.213705 0.22028 0.951739
19.5012 20.904 23.0151 0.218111 0.217849 0.951299
18.876 21.3262 23.0617 0.217166 0.218973 0.951256
18.2601 21.8445 23.0822 0.217842 0.220947 0.950645
17.6813 22.4056 23.0843 0.216175 0.219617 0.951334
17.4036 23.4653 22.9045 0.215505 0.21516 0.952504
16.1219 23.4642 23.1902 0.214321 0.224424 0.950624
16.162 22.6362 23.3792 0.220815 0.228073 0.948261
16.3835 21.9244 23.5005 0.224563 0.227456 0.947542
16.926 21.3879 23.4992 0.227998 0.225731 0.947134
17.5804 20.916 23.4558 0.224455 0.224908 0.948175
18.2208 20.2581 23.461 0.219996 0.223043 0.94966
18.9019 19.857 23.3968 0.221075 0.221866 0.949685
19.4855 19.118 23.4332 0.222435 0.221887 0.949362
19.9774 18.464 23.4709 0.223482 0.2223 0.94902
20.6128 17.8932 23.4552 0.2217 0.221516 0.949621
21.171 17.2397 23.4771 0.216701 0.22393 0.950191
21.7065 16.6297 23.4979 0.224584 0.223642 0.94844
22.3782 16.1982 23.4382 0.23019 0.215901 0.948894
23.1269 16.1772 23.2634 0.225 0.216155 0.95008
23.8639 16.1615 23.0943 0.222105 0.210059 0.952126
24.6015 16.1565 22.9248 0.218581 0.201511 0.954786
25.4441 16.2263 22.7199 0.212749 0.201096 0.956189
26.3407 16.2176 22.5251 0.208092 0.195623 0.958347
27.1754 16.258 22.3379 0.204051 0.191204 0.960107
28.0136 16.1885 22.1752 0.201384 0.184456 0.961988
28.8528 16.272 21.9877 0.194952 0.184448 0.963313
28.5935 17.0909 21.8832 0.195083 0.185036 0.963174
28.1158 17.8009 21.8415 0.194247 0.186876 0.962987
27.6572 18.593 21.7782 0.192703 0.189151 0.962854
27.1597 19.2397 21.751 0.193195 0.18837 0.962908
26.653 19.9756 21.7075 0.189726 0.187675 0.963734
26.1479 20.5896 21.6846 0.190056 0.188985 0.963412
25.604 21.2352 21.6667 0.193306 0.187937 0.96297
25.0087 21.8384 21.6687 0.192954 0.186233 0.963372
24.4328 22.5453 21.6434 0.188272 0.190605 0.963443
23.8537 23.2123 21.6266 0.186051 0.184684 0.965027
23.2835 23.7288 21.6374 0.184531 0.185476 0.965163
22.7267 24.2645 21.6409 0.185002 0.186773 0.964825
22.0998 24.8765 21.6427 0.185392 0.186728 0.964759
21.4743 25.4588 21.6468 0.183444 0.191824 0.964133
20.8298 25.9694 21.6681 0.186595 0.193411 0.96321
20.1437 26.4798 21.6989 0.190112 0.193669 0.962471
19.3969 27.0995 21.7229 0.192891 0.191416 0.962369
18.689 27.4333 21.7983 0.193324 0.190345 0.962489
17.8571 28.0628 21.8379 0.192334 0.192918 0.96218
16.868 28.6653 21.9116 0.190682 0.194171 0.962256
16.2858 28.7273 22.0128 0.188055 0.195552 0.962491
16.1778 27.9903 22.1854 0.189319 0.19695 0.96196
16.2093 27.2349 22.336 0.191683 0.199583 0.96095
16.1577 26.4497 22.514 0.19675 0.20603 0.958562
16.1494 25.389 22.7475 0.200968 0.211348 0.956527
16.2155 24.5563 22.9181 0.203981 0.214363 0.955217
16.1341 23.8323 23.1019 0.212713 0.221171 0.951754
-16.0825 23.5903 23.1735 -0.206499 0.220031 0.953386
-16.1176 22.6656 23.3814 -0.214935 0.22082 0.951329
-16.2925 21.947 23.5077 -0.222348 0.221776 0.949405
-16.9252 21.3972 23.4864 -0.221607 0.215796 0.950954
-17.6274 20.8392 23.4481 -0.220343 0.216504 0.951091
-18.3808 20.1114 23.4401 -0.219021 0.21787 0.951085
-19.0306 19.5611 23.417 -0.218362 0.218912 0.950997
-19.6507 18.8967 23.4277 -0.220727 0.221421 0.94987
-20.2632 18.2587 23.4346 -0.219783 0.222223 0.949901
-20.8922 17.5233 23.4615 -0.222491 0.224485 0.948738
-21.4342 16.9289 23.4738 -0.225314 0.222276 0.948592
-21.9576 16.2804 23.499 -0.228233 0.220533 0.948301
-22.7119 16.1507 23.3467 -0.22773 0.214483 0.949808
-23.5274 16.1381 23.1554 -0.222102 0.210593 0.952002
-24.4703 16.2049 22.9246 -0.216779 0.206933 0.954037
-25.516 16.2217 22.6865 -0.208506 0.192474 0.958895
-26.3816 16.1843 22.5068 -0.201545 0.190063 0.960862
-27.1664 16.1977 22.3402 -0.199982 0.190192 0.961163
-28.1743 16.172 22.1385 -0.195084 0.188985 0.962406
-28.8755 16.407 21.9509 -0.194972 0.187451 0.962729
-28.4699 17.1147 21.8941 -0.194074 0.190239 0.962364
-28.0809 17.8361 21.8289 -0.192299 0.191968 0.962377
-27.4387 18.5404 21.8187 -0.196292 0.190985 0.961766
-27.0635 19.2732 21.752 -0.195186 0.18437 0.963276
-26.5404 19.9305 21.7297 -0.192179 0.186993 0.963379
-26.0387 20.5897 21.7026 -0.193238 0.18598 0.963364
-25.5083 21.2803 21.6763 -0.193555 0.185525 0.963388
-24.9961 21.8716 21.6638 -0.191332 0.18397 0.964129
-24.4675 22.4472 21.6588 -0.191259 0.180956 0.964711
-23.9107 23.0592 21.6521 -0.185819 0.183027 0.965386
-23.3703 23.6625 21.6399 -0.183213 0.186111 0.965295
-22.7642 24.2311 21.6456 -0.18282 0.18559 0.96547
-22.1522 24.704 21.672 -0.18817 0.188591 0.96386
-21.5 25.3912 21.6653 -0.186898 0.186001 0.96461
-20.8612 25.9104 21.688 -0.185046 0.187062 0.964762
-20.2104 26.3328 21.7311 -0.187279 0.190523 0.963653
-19.5058 26.8382 21.7676 -0.193219 0.19446 0.961692
-18.8753 27.2693 21.8058 -0.189079 0.197662 0.961859
-18.1968 27.7965 21.8356 -0.192986 0.188445 0.962929
-17.5578 28.189 21.8841 -0.189879 0.190506 0.963148
-16.7423 28.6993 21.9423 -0.188901 0.192173 0.963009
-16.1709 28.2148 22.15 -0.184156 0.194822 0.963396
-16.1927 27.1919 22.3554 -0.189208 0.201618 0.961007
-16.1547 26.4224 22.5272 -0.192049 0.205828 0.959555
-16.1539 25.3712 22.7561 -0.197823 0.210646 0.957331
-16.1027 24.5778 22.9443 -0.19992 0.212426 0.956505
-16.089 23.7679 23.1311 -0.206499 0.220034 0.953385
-17.3798 23.8239 22.8408 -0.208995 0.21021 0.955038
-17.3698 24.7376 22.6429 -0.200712 0.207874 0.957342
-17.4744 25.6041 22.4348 -0.197645 0.203379 0.958944
-17.5524 26.4838 22.2335 -0.194222 0.201678 0.960002
-18.1162 26.2817 22.1609 -0.195899 0.200318 0.959946
-18.74 25.7963 22.1331 -0.198651 0.196249 0.960208
-19.5148 25.3115 22.0735 -0.194778 0.193366 0.961598
-20.2187 24.8501 22.0247 -0.191934 0.193198 0.962202
-20.9263 24.1681 22.0199 -0.194208 0.192054 0.961976
-21.6237 23.5568 22.0011 -0.194533 0.189716 0.962375
-22.2194 23.0722 21.9777 -0.190086 0.190914 0.963026
-22.8896 22.3383 21.9893 -0.188964 0.189877 0.963451
-23.4694 21.6691 22.0058 -0.193612 0.187511 0.962992
-24.1495 20.9276 22.0157 -0.193836 0.19086 0.962289
-24.6799 20.35 22.0233 -0.195605 0.190563 0.961989
-25.1689 19.6666 22.0588 -0.196578 0.190599 0.961784
-25.7971 18.9172 22.0796 -0.196909 0.191986 0.961441
-26.2243 18.1797 22.139 -0.1973 0.191337 0.96149
-26.0787 17.5448 22.296 -0.199875 0.192875 0.960649
-25.337 17.464 22.4675 -0.200651 0.1955 0.959956
-24.4621 17.4423 22.6597 -0.209081 0.200402 0.957138
-23.715 17.3807 22.8393 -0.217187 0.207653 0.953786
-22.9085 17.4451 23.0107 -0.222333 0.210522 0.951971
-22.2467 17.8666 23.0677 -0.217406 0.213748 0.952385
-21.5761 18.5721 23.0611 -0.213633 0.214679 0.953034
-20.9461 19.2788 23.0435 -0.214631 0.213781 0.953012
-20.3113 19.9194 23.0414 -0.212846 0.218594 0.95232
-19.7321 20.5099 23.0393 -0.216555 0.215036 0.952293
-19.1602 21.0231 23.053 -0.219203 0.214449 0.951818
-18.5425 21.5885 23.0696 -0.219026 0.212588 0.952277
-17.7792 22.326 23.0792 -0.211118 0.212124 0.954155
-17.4167 22.9713 23.0177 -0.213845 0.210438 0.953932
-17.3785 23.5169 22.9078 -0.214162 0.207142 0.954582
-18.65 23.5866 22.6136 -0.210996 0.203929 0.955978
-19.0951 24.1591 22.3972 -0.204524 0.198067 0.958599
-19.8873 23.5195 22.3639 -0.199977 0.196985 0.959795
-20.3882 22.9559 22.3729 -0.199062 0.194392 0.960508
-21.229 22.2721 22.3364 -0.197624 0.191368 0.961417
-21.8058 21.7299 22.3302 -0.197658 0.194287 0.960818
-22.3044 21.1422 22.3445 -0.19444 0.190421 0.962254
-22.8521 20.5395 22.3565 -0.195447 0.202732 0.959531
-23.4775 19.8411 22.3706 -0.201516 0.198471 0.959166
-24.0282 19.1225 22.4049 -0.200977 0.197935 0.959388
-23.5341 18.6558 22.6077 -0.210127 0.204087 0.956135
-22.8335 19.0211 22.6804 -0.205761 0.211099 0.955562
-22.1766 19.7271 22.671 -0.211884 0.206985 0.955124
-21.6099 20.3168 22.6641 -0.205995 0.207839 0.956226
-21.0436 20.8868 22.6653 -0.212147 0.206039 0.95527
-20.4682 21.468 22.6666 -0.206077 0.206158 0.956572
-19.6893 22.1785 22.6852 -0.205883 0.201084 0.957693
-19.0533 22.8064 22.6917 -0.210019 0.201665 0.956673
-18.7513 23.2131 22.6709 -0.210993 0.203931 0.955978
-22.4831 -16.1346 23.3868 -0.231082 -0.21546 0.948777
-21.5405 -16.6282 23.496 -0.225087 -0.223148 0.948435
-20.9651 -17.3579 23.4591 -0.215067 -0.221062 0.951246
-20.4146 -18.0824 23.4173 -0.21391 -0.215861 0.952704
-19.7085 -18.8079 23.415 -0.219759 -0.212115 0.952207
-19.0354 -19.5226 23.4106 -0.220738 -0.214366 0.951482
-18.3578 -20.0972 23.4378 -0.219209 -0.214214 0.951872
-17.8072 -20.6378 23.4445 -0.223596 -0.21509 0.950653
-17.2246 -21.1289 23.4696 -0.222795 -0.21771 0.950245
-16.6047 -21.7164 23.4782 -0.22206 -0.22518 0.948675
-16.1489 -22.5185 23.3942 -0.211204 -0.224697 0.951264
-16.0668 -23.4445 23.1947 -0.210184 -0.221502 0.952239
-16.1488 -24.3645 22.9643 -0.207573 -0.219955 0.95317
-16.0883 -25.2277 22.783 -0.200254 -0.213175 0.956271
-16.1543 -26.0981 22.5784 -0.194341 -0.208236 0.958577
-16.1523 -26.9348 22.3989 -0.18958 -0.205013 0.960224
-16.2139 -27.6875 22.2298 -0.188037 -0.196972 0.962208
-16.2171 -28.465 22.0696 -0.185739 -0.19715 0.962618
-16.7563 -28.658 21.926 -0.186129 -0.197678 0.962434
-17.5424 -28.1997 21.869 -0.185242 -0.196739 0.962797
-18.1866 -27.7332 21.8399 -0.182645 -0.192668 0.964116
-18.789 -27.283 21.8099 -0.193893 -0.184408 0.963535
-19.48 -26.9175 21.7416 -0.190586 -0.188854 0.963332
-20.2037 -26.3357 21.713 -0.190014 -0.190315 0.963159
-20.9714 -25.7568 21.6786 -0.186108 -0.187606 0.96445
-21.6306 -25.1336 21.6732 -0.186984 -0.190084 0.963797
-22.291 -24.5527 21.6609 -0.185389 -0.186301 0.964837
-22.9353 -23.9107 21.6615 -0.187721 -0.189191 0.963829
-23.683 -23.2888 21.6389 -0.184178 -0.186191 0.965091
-24.2191 -22.7144 21.6458 -0.188966 -0.185384 0.964324
-24.7385 -22.0246 21.6764 -0.188432 -0.188083 0.963908
-25.3609 -21.3931 21.6766 -0.191968 -0.185723 0.963665
-25.9939 -20.5774 21.7073 -0.190836 -0.187884 0.96347
-26.5103 -19.9803 21.7194 -0.193586 -0.185264 0.963432
-26.9745 -19.3113 21.756 -0.193364 -0.185053 0.963515
-27.4289 -18.6242 21.8001 -0.194279 -0.190404 0.96229
-27.9501 -17.9746 21.8234 -0.192721 -0.188151 0.963044
-28.2977 -17.2342 21.8986 -0.195963 -0.188706 0.962282
-28.6181 -16.5217 21.9726 -0.194668 -0.187787 0.962726
-28.3432 -16.1449 22.1013 -0.195915 -0.184445 0.963107
-27.384 -16.1491 22.2988 -0.200448 -0.189412 0.96122
-26.5971 -16.1048 22.4711 -0.200217 -0.193156 0.960523
-25.8534 -16.1126 22.625 -0.204589 -0.194594 0.959304
-25.0119 -16.1933 22.7915 -0.211838 -0.19815 0.957006
-24.2515 -16.1122 22.9783 -0.218019 -0.202069 0.954796
-23.4881 -16.0935 23.1578 -0.221779 -0.20546 0.953205
-22.6005 -16.1393 23.3571 -0.227539 -0.214582 0.949824
-22.6804 -17.4461 23.0466 -0.220428 -0.212691 0.951931
-23.7448 -17.4081 22.8159 -0.209559 -0.202447 0.956599
-24.7209 -17.4639 22.5939 -0.206704 -0.199783 0.957789
-25.5949 -17.4198 22.4156 -0.203353 -0.193772 0.959739
-26.3574 -17.5434 22.2321 -0.196348 -0.191922 0.961568
-26.3482 -18.0251 22.1381 -0.196809 -0.192699 0.961317
-25.8609 -18.7704 22.0874 -0.197228 -0.193364 0.961099
-25.4169 -19.4217 22.0481 -0.197783 -0.191799 0.961298
-24.8862 -20.0409 22.0345 -0.197219 -0.191248 0.961524
-24.2399 -20.763 22.0233 -0.196973 -0.190698 0.961684
-23.7103 -21.3887 22.0055 -0.194635 -0.191613 0.961978
-23.1975 -21.988 21.9887 -0.191472 -0.19202 0.962531
-22.4238 -22.6805 22.0043 -0.19052 -0.19227 0.962671
-21.8117 -23.2593 22.009 -0.188103 -0.193079 0.962984
-21.2793 -23.8079 22.0029 -0.187162 -0.193342 0.963114
-20.607 -24.436 22.0104 -0.189662 -0.190002 0.96329
-19.9911 -24.9752 22.0258 -0.194551 -0.194127 0.961484
-19.3982 -25.4545 22.0469 -0.190066 -0.192117 0.96279
-18.7037 -25.927 22.0906 -0.193733 -0.194434 0.961592
-17.7936 -26.3412 22.1935 -0.192872 -0.189994 0.962649
-17.4588 -25.7586 22.3829 -0.200056 -0.199932 0.959169
-17.4092 -24.792 22.5993 -0.205805 -0.208132 0.9562
-17.371 -23.7574 22.8338 -0.208562 -0.213292 0.954468
-17.3907 -22.9652 23.0074 -0.221551 -0.216043 0.950916
-17.8766 -22.2207 23.0662 -0.215256 -0.220877 0.951241
-18.5201 -21.6587 23.0479 -0.217791 -0.216262 0.951734
-19.2311 -20.9419 23.0468 -0.21877 -0.213963 0.952029
-19.9618 -20.2871 23.0273 -0.210595 -0.210837 0.954567
-20.6582 -19.5646 23.0304 -0.210298 -0.207672 0.955325
-21.3236 -18.8283 23.0457 -0.213969 -0.213426 0.95324
-21.7928 -18.1998 23.0814 -0.211928 -0.213067 0.953776
-22.3549 -17.6075 23.0857 -0.219777 -0.209256 0.952843
-22.4818 -17.5417 23.0709 -0.219422 -0.21122 0.952489
-23.1371 -18.7423 22.669 -0.207791 -0.204833 0.956481
-22.4663 -19.3614 22.6793 -0.204718 -0.20443 0.957227
-21.9365 -19.9799 22.6619 -0.205721 -0.202845 0.957357
-21.2947 -20.6059 22.6649 -0.206757 -0.206538 0.956341
-20.7573 -21.2148 22.649 -0.202439 -0.205859 0.957412
-20.1817 -21.8068 22.6426 -0.211182 -0.210243 0.954567
-19.5426 -22.4454 22.6446 -0.212162 -0.209096 0.954603
-18.8327 -23.057 22.6671 -0.206923 -0.209694 0.955616
-18.6487 -23.7982 22.5444 -0.205598 -0.206741 0.956547
-18.9735 -24.0976 22.4127 -0.197831 -0.198535 0.95992
-19.6741 -23.6676 22.3569 -0.20037 -0.197897 0.959525
-20.2111 -23.1329 22.3557 -0.203611 -0.203461 0.957677
-20.7889 -22.5314 22.3619 -0.199062 -0.197214 0.959938
-21.4336 -21.8969 22.3621 -0.192555 -0.199953 0.960698
-22.1752 -21.2333 22.3477 -0.19681 -0.197834 0.960275
-22.9013 -20.4879 22.3502 -0.201458 -0.200959 0.958661
-23.5152 -19.8379 22.3576 -0.200935 -0.200868 0.958789
-24.0472 -19.105 22.3976 -0.205047 -0.198013 0.958513
-23.6258 -18.6892 22.5738 -0.205419 -0.199566 0.95811
-23.2925 -18.6753 22.6492 -0.210521 -0.201158 0.956668
16.215 -22.1829 23.6017 0.215322 -0.226633 0.94988
16.1691 -23.2077 23.3686 0.209964 -0.222931 0.951954
16.1696 -23.9567 23.1942 0.205447 -0.220975 0.953395
16.1593 -24.9315 22.9747 0.200856 -0.216748 0.955333
16.1359 -25.7683 22.794 0.199503 -0.210188 0.957087
16.1439 -26.62 22.6055 0.191775 -0.211106 0.958466
16.3496 -27.4827 22.3831 0.187691 -0.201033 0.961435
16.3207 -28.7059 22.139 0.18661 -0.196715 0.962538
17.2544 -28.3192 22.037 0.186336 -0.1969 0.962553
18.2013 -27.7997 21.9598 0.185318 -0.193954 0.963348
18.9291 -27.2106 21.9383 0.187699 -0.1956 0.962553
19.6263 -26.7543 21.8969 0.184478 -0.194552 0.963388
20.2336 -26.2993 21.8713 0.186116 -0.192603 0.963465
20.9046 -25.8797 21.8259 0.182573 -0.188436 0.964965
21.6197 -25.2244 21.8177 0.186766 -0.189574 0.963938
22.2968 -24.5513 21.8197 0.184799 -0.190385 0.964159
23.1078 -23.964 21.7802 0.182347 -0.187875 0.965118
23.7475 -23.2689 21.7914 0.187167 -0.187869 0.964195
24.2646 -22.6251 21.8162 0.187941 -0.188814 0.963861
24.9135 -22.0676 21.7993 0.185476 -0.187231 0.964647
25.4905 -21.3217 21.8302 0.187824 -0.186928 0.964251
25.9596 -20.6352 21.873 0.190445 -0.188944 0.963342
26.4952 -20.0899 21.876 0.185918 -0.191033 0.963811
26.9988 -19.4337 21.9069 0.189632 -0.189168 0.963459
27.4788 -18.6303 21.9694 0.189828 -0.1898 0.963297
27.9698 -17.9175 22.0131 0.189757 -0.189858 0.9633
28.4291 -17.176 22.067 0.19335 -0.186365 0.963267
28.837 -16.535 22.1091 0.193249 -0.185757 0.963405
28.207 -16.1236 22.3149 0.195312 -0.187184 0.962713
27.4313 -16.1509 22.4685 0.198428 -0.187416 0.96203
26.6507 -16.1138 22.638 0.202139 -0.190663 0.960613
25.694 -16.1303 22.8384 0.207486 -0.198237 0.957942
24.9387 -16.1255 23.0049 0.211834 -0.198291 0.956978
24.1447 -16.1156 23.1864 0.217743 -0.208166 0.953544
23.1994 -16.1133 23.4041 0.221089 -0.21167 0.952006
22.3195 -16.1504 23.6015 0.223982 -0.217979 0.949904
21.609 -16.6411 23.655 0.220463 -0.218512 0.950604
21.0223 -17.3541 23.626 0.219349 -0.218487 0.950867
20.5174 -18.0251 23.5869 0.219007 -0.220662 0.950444
19.9293 -18.5512 23.5992 0.214085 -0.223429 0.950919
19.2379 -19.3061 23.5781 0.213736 -0.221145 0.951531
18.7307 -19.8589 23.5653 0.214975 -0.217692 0.952047
18.0031 -20.484 23.5889 0.219011 -0.219773 0.950649
17.3034 -21.0917 23.609 0.217498 -0.221568 0.950579
16.5238 -21.7466 23.635 0.217173 -0.224185 0.950039
16.2841 -21.9508 23.641 0.215745 -0.225179 0.950131
17.4827 -22.7415 23.1867 0.210613 -0.220795 0.952308
18.2236 -21.8969 23.2148 0.211433 -0.217224 0.952948
18.9721 -21.2554 23.1947 0.212446 -0.215715 0.953065
19.7529 -20.5384 23.1815 0.213636 -0.214711 0.953026
20.2644 -19.9572 23.1993 0.213223 -0.216789 0.952648
20.8898 -19.377 23.1918 0.214219 -0.218261 0.952088
21.5715 -18.7008 23.1931 0.213907 -0.21607 0.952658
22.0878 -18.0235 23.2292 0.216819 -0.213572 0.952563
22.7718 -17.4769 23.1968 0.217742 -0.216175 0.951765
23.5031 -17.3477 23.0615 0.214912 -0.209783 0.953836
24.3686 -17.3779 22.8628 0.204236 -0.204757 0.957267
25.2082 -17.4042 22.6778 0.201527 -0.201713 0.958488
26.0047 -17.4348 22.5046 0.200464 -0.202053 0.958639
26.4846 -17.7749 22.3371 0.193579 -0.194352 0.961641
26.1077 -18.4738 22.2718 0.190533 -0.190158 0.963087
25.7028 -19.1121 22.2254 0.189872 -0.191304 0.962991
25.1586 -19.7097 22.2157 0.193947 -0.192424 0.961955
24.5665 -20.4217 22.1916 0.19365 -0.195588 0.961376
24.1238 -21.0936 22.1434 0.194146 -0.192905 0.961813
23.2786 -21.8431 22.1645 0.193134 -0.192087 0.962186
22.7251 -22.5323 22.1375 0.192798 -0.192639 0.962143
22.1236 -23.1618 22.128 0.186688 -0.192179 0.963439
21.5324 -23.6284 22.1531 0.192251 -0.195718 0.961624
20.9413 -24.1969 22.1531 0.189759 -0.193072 0.96266
20.3977 -24.7428 22.1506 0.188174 -0.193148 0.962956
19.6976 -25.216 22.1926 0.188285 -0.193136 0.962937
19.0583 -25.6499 22.2289 0.18574 -0.194948 0.963066
18.38 -26.1193 22.2665 0.194506 -0.198689 0.960568
17.6983 -26.4412 22.3365 0.189863 -0.200305 0.96116
17.4019 -25.8742 22.5128 0.192295 -0.201063 0.960515
17.3906 -25.1261 22.6752 0.195318 -0.208599 0.958299
17.4794 -24.0709 22.8888 0.201282 -0.215472 0.955539
17.4531 -23.066 23.1192 0.207038 -0.211607 0.955174
17.4709 -22.7647 23.184 0.21061 -0.220802 0.952308
18.8326 -23.3338 22.7646 0.197984 -0.207969 0.957889
18.7568 -24.0659 22.6213 0.198098 -0.207526 0.957961
19.5567 -23.8307 22.507 0.197979 -0.207972 0.957889
20.2579 -23.1484 22.508 0.197475 -0.202271 0.959205
21.0983 -22.3974 22.493 0.197726 -0.197944 0.960064
21.6365 -21.869 22.4916 0.197479 -0.198961 0.959904
22.1882 -21.2928 22.4983 0.197427 -0.20358 0.958946
22.7294 -20.6831 22.5145 0.198292 -0.201842 0.959135
23.3768 -19.9932 22.5229 0.200552 -0.199186 0.95922
23.9943 -19.2873 22.5411 0.198541 -0.199631 0.959545
24.0432 -18.76 22.6403 0.206718 -0.198203 0.958114
23.1059 -18.8633 22.8174 0.205613 -0.204991 0.956914
22.4341 -19.5737 22.8102 0.207104 -0.208357 0.955874
21.8548 -20.2113 22.7981 0.200988 -0.205254 0.957849
21.16 -20.8556 22.8063 0.201492 -0.205392 0.957713
20.5871 -21.4427 22.8023 0.206725 -0.206625 0.956332
19.9233 -22.0179 22.82 0.200678 -0.206583 0.957628
