-20.615 20.0867 1.64278 0.0542103 -0.0522229 -0.997133
-20.9014 20.2181 1.6244 0.0340507 -0.03865 -0.998667
-20.9014 20.2181 1.6244 0.0340507 -0.03865 -0.998667
-20.5233 20.9187 1.61249 0.0368891 -0.0368893 -0.998638
-20.3089 20.828 1.62603 0.0532544 -0.0445255 -0.997588
-20.3571 20.6622 1.63086 0.0532545 -0.0445255 -0.997588
-18.9687 20.3234 1.72627 0.0793546 -0.0603124 -0.995003
-18.7112 21.0937 1.70418 0.0780894 -0.0546471 -0.995448
-18.3641 21.8846 1.6867 0.0720524 -0.0499189 -0.996117
-18.0295 22.6815 1.67675 0.0702595 -0.0419382 -0.996647
-17.8977 23.4254 1.65337 0.0589365 -0.0442114 -0.997268
-18.6103 23.6763 1.60496 0.0547816 -0.0357003 -0.99786
-19.3751 23.2917 1.57673 0.0446267 -0.0330999 -0.9984
-20.1046 22.8946 1.55641 0.0442888 -0.0234678 -0.998743
-21.1762 22.1746 1.53787 0.0291741 -0.0369887 -0.998839
-21.7458 21.6214 1.54279 0.0254104 -0.0291413 -0.999242
-22.3582 20.8556 1.55359 0.0299388 -0.0399066 -0.998755
-22.8959 20.1163 1.56701 0.0339889 -0.0343648 -0.998808
-23.6016 19.3883 1.56448 0.0379946 -0.0491091 -0.998065
-24.0746 18.7874 1.57882 0.0238164 -0.0458988 -0.998662
-24.6866 18.2639 1.58829 0.0269609 -0.0427549 -0.998712
-25.3997 17.4226 1.60016 0.0328137 -0.0444858 -0.998455
-24.5751 17.2496 1.63806 0.035522 -0.0493606 -0.998149
-23.7705 17.1198 1.67391 0.0367644 -0.0493713 -0.998104
-22.7589 17.3024 1.70482 0.0468955 -0.0517904 -0.997556
-22.1037 17.7425 1.71128 0.0411172 -0.0570411 -0.997525
-21.3946 18.155 1.72066 0.0623617 -0.0681288 -0.995696
-20.7073 18.4868 1.73547 0.0552892 -0.0672806 -0.99618
-19.8568 18.7522 1.76497 0.0543913 -0.0604819 -0.996686
-19.1977 19.5106 1.76322 0.0770145 -0.0683025 -0.994688
-19.0544 19.971 1.7427 0.0788171 -0.06714 -0.994623
-17.6901 19.8305 1.86329 0.0831065 -0.0668075 -0.994299
-17.4228 20.675 1.82458 0.0673828 -0.0662383 -0.995455
-16.9524 21.4931 1.81032 0.0648482 -0.0546448 -0.996398
-16.5281 22.3008 1.79422 0.065366 -0.0527155 -0.996467
-16.4227 23.4651 1.74105 0.0690933 -0.0482611 -0.996429
-16.4848 24.4006 1.69889 0.0605748 -0.0373909 -0.997463
-16.4919 25.7147 1.64639 0.0619735 -0.0420862 -0.99719
-17.3646 25.9055 1.59084 0.0505229 -0.0358996 -0.998077
-18.1238 25.5007 1.56698 0.0519006 -0.0342089 -0.998064
-18.9898 25.0322 1.53832 0.0362869 -0.016664 -0.9992
-19.8835 24.7045 1.51802 0.0306811 -0.0234096 -0.999255
-20.6034 24.3009 1.50628 0.0283922 -0.0211998 -0.999368
-21.3669 23.8137 1.49302 0.0264924 -0.0199293 -0.999446
-22.1998 23.3939 1.48215 0.0238389 -0.0212817 -0.999489
-23.0247 22.5313 1.48002 0.0247408 -0.0209171 -0.999475
-23.6891 21.5173 1.49176 0.0275568 -0.0349283 -0.99901
-24.1024 20.8902 1.50204 0.0314143 -0.0283331 -0.999105
-24.9785 19.8934 1.51254 0.0224141 -0.0333335 -0.999193
-25.6145 19.3377 1.51681 0.0231152 -0.0396162 -0.998928
-26.529 18.7836 1.51833 0.0157382 -0.0302261 -0.999419
-26.9677 17.9669 1.54011 0.0209003 -0.0438446 -0.998809
-27.1808 17.1951 1.57314 0.0185707 -0.0479033 -0.998679
-27.1347 16.2635 1.61868 0.0163609 -0.0569244 -0.998201
-26.3628 15.8724 1.65835 0.0187365 -0.0695592 -0.997402
-25.5761 15.7865 1.68071 0.0286573 -0.0538879 -0.99813
-24.5187 15.6954 1.73015 0.0434524 -0.0740327 -0.996308
-23.6906 15.5946 1.7747 0.0456924 -0.0729915 -0.996284
-22.6697 15.6299 1.82604 0.056855 -0.0727123 -0.995731
-21.9897 15.9864 1.83883 0.0543487 -0.0760622 -0.995612
-21.3406 16.4925 1.84263 0.0722046 -0.082022 -0.994012
-20.4983 17.0846 1.85319 0.0684368 -0.0838506 -0.994123
-19.6314 17.3553 1.89238 0.0704794 -0.0769664 -0.99454
-18.7458 17.4373 1.94879 0.083759 -0.0814943 -0.993048
-17.9072 17.7497 2.00217 0.0952979 -0.0879913 -0.991552
-17.8151 18.4782 1.95263 0.0913519 -0.0811145 -0.992504
-17.7591 19.4179 1.88525 0.0831066 -0.0668076 -0.994299
-16.343 19.5355 1.99675 0.0912074 -0.0845223 -0.992238
-16.0807 20.3002 1.95572 0.0912075 -0.0845227 -0.992238
-15.583 20.9351 1.95255 0.0992853 -0.0786163 -0.991949
-15.0624 21.6734 1.95169 0.0968202 -0.0632496 -0.993288
-15.0038 22.442 1.90949 0.0984563 -0.0620279 -0.993206
-15.0068 23.3348 1.8597 0.0955231 -0.0523247 -0.994051
-15.0163 24.0992 1.81934 0.0917299 -0.0445815 -0.994755
-15.1326 25.0236 1.77298 0.0862051 -0.0390826 -0.995511
-14.8548 26.0597 1.75481 0.0858495 -0.0408599 -0.99547
-14.3602 26.6292 1.77308 0.0846656 -0.0416956 -0.995537
-13.766 27.264 1.80377 0.0856671 -0.0314413 -0.995828
-13.4673 27.9478 1.80788 0.0855463 -0.0263875 -0.995972
-14.2241 29.0842 1.71864 0.0765737 -0.02035 -0.996816
-15.3167 28.7304 1.65133 0.0677007 -0.0193915 -0.997517
-15.9699 28.1896 1.61754 0.058506 -0.0160242 -0.99811
-17.0994 27.5008 1.57428 0.0456928 -0.0173166 -0.998805
-18.1877 27.1719 1.53019 0.0446819 -0.0165294 -0.998864
-18.8928 26.6778 1.51245 0.0357237 -0.0188708 -0.999184
-19.6639 26.237 1.49363 0.0341835 -0.019426 -0.999227
-20.5746 26.0182 1.46808 0.0258354 -0.0166844 -0.999525
-21.2363 25.4939 1.46205 0.0236227 -0.019126 -0.999538
-21.9171 25.0444 1.45456 0.0235842 -0.01914 -0.999539
-22.81 24.7002 1.44012 0.0235457 -0.0191538 -0.999539
-23.4271 24.2619 1.43427 0.0243455 -0.0209222 -0.999484
-23.9348 23.6963 1.43331 0.0247685 -0.0205361 -0.999482
-24.3874 23.0187 1.43608 0.031597 -0.0164363 -0.999332
-24.823 22.2797 1.43587 0.0103253 -0.03061 -0.999478
-25.4685 21.5526 1.45316 0.0141779 -0.0321911 -0.999381
-26.4159 20.6947 1.46497 0.0152636 -0.0285221 -0.999476
-27.1191 20.2436 1.46635 0.0160746 -0.0281263 -0.999475
-27.7482 19.731 1.47051 0.0169694 -0.0293746 -0.999424
-28.2005 18.8144 1.49466 0.0108124 -0.0316316 -0.999441
-28.525 18.0101 1.5166 0.0114632 -0.0378802 -0.999197
-28.7376 17.2396 1.54801 0.0127051 -0.0437733 -0.998961
-28.8749 16.421 1.58321 0.0128141 -0.054418 -0.998436
-28.8479 15.2844 1.64551 0.0151028 -0.0522625 -0.998514
-28.1804 14.8686 1.68873 0.0265265 -0.0679864 -0.997334
-27.1871 14.6054 1.732 0.0239582 -0.0676769 -0.99742
-26.1904 14.3728 1.7705 0.0265102 -0.0765176 -0.996687
-25.2479 14.3528 1.80362 0.0345422 -0.088818 -0.995406
-24.3747 14.2209 1.85722 0.0575038 -0.103146 -0.992997
-23.3642 14.0731 1.93226 0.0597513 -0.100303 -0.993161
-22.2627 14.1511 1.99139 0.0619795 -0.104147 -0.99262
-21.6095 14.5495 2.0049 0.0805406 -0.0953569 -0.99218
-20.7971 15.0989 2.01258 0.075516 -0.103342 -0.991764
-20.1278 15.7001 2.00237 0.0781149 -0.107673 -0.991109
-19.1821 16.0324 2.03861 0.0849991 -0.111545 -0.99008
-18.3902 15.9206 2.12619 0.0962272 -0.109148 -0.989344
-17.539 15.9696 2.20976 0.104422 -0.11096 -0.988324
-16.788 16.4249 2.24191 0.10953 -0.111913 -0.987663
-16.2779 17.0451 2.2282 0.10551 -0.100815 -0.989223
-16.3116 18.2399 2.11618 0.101162 -0.0902094 -0.990772
-16.3413 19.1277 2.03549 0.0963508 -0.0907712 -0.991185
-16.3356 19.4875 2.00152 0.0920437 -0.0897685 -0.991686
-4.08599 4.76188 4.59449 0.0396765 -0.0480817 -0.998045
-4.60763 4.22025 4.59136 0.0532311 -0.0421943 -0.99769
-5.04408 3.4844 4.5995 0.0539822 -0.0432634 -0.997603
-5.26522 2.73689 4.61903 0.0555846 -0.0425136 -0.997548
-5.42402 1.79365 4.63375 0.0672697 -0.0208812 -0.997516
-5.48906 0.974364 4.63992 0.0711037 -0.00179652 -0.997467
-5.56201 -0.151095 4.62908 0.0564976 0.00394044 -0.998373
-5.40103 -0.909215 4.63909 0.0533611 -0.00185455 -0.998574
-5.01582 -1.91446 4.65209 0.0542724 0.0171219 -0.998339
-4.67647 -2.75766 4.64899 0.057753 0.0369743 -0.997646
-4.32371 -3.75469 4.62969 0.0469489 0.0439434 -0.997921
-3.78119 -4.68146 4.60968 0.0447032 0.0474725 -0.997872
-3.28056 -5.26044 4.60356 0.0415694 0.0470358 -0.998028
-2.63094 -5.84142 4.5989 0.0269574 0.0594645 -0.997862
-1.81999 -6.29627 4.5916 0.0241486 0.0590549 -0.997963
-1.09411 -6.49723 4.59718 0.013051 0.0577209 -0.998195
-0.276144 -6.35965 4.60835 0.00537438 0.0520802 -0.998628
0.432293 -6.10598 4.62413 0.00058857 0.0505468 -0.998722
1.26919 -5.62996 4.65107 0.00146031 0.054164 -0.998531
2.04764 -5.2668 4.66471 -0.0252348 0.0548586 -0.998174
2.93222 -4.80554 4.66654 -0.0259354 0.0537147 -0.998219
3.5767 -4.35692 4.67374 -0.0345002 0.0414858 -0.998543
4.50024 -3.61307 4.66964 -0.0263464 0.0216274 -0.999418
5.00805 -2.96016 4.66112 -0.0467272 0.0191128 -0.998725
5.63299 -2.17444 4.64937 -0.0431228 0.0216465 -0.998835
5.73711 -1.12668 4.66083 -0.0426747 0.00453134 -0.999078
5.57207 -0.280409 4.67184 -0.0443715 -0.00650749 -0.998927
5.18341 0.407687 4.68518 -0.0633131 -0.0110651 -0.997932
4.64375 1.15841 4.701 -0.042156 -0.0253912 -0.998788
4.07089 1.91348 4.70396 -0.0401287 -0.0347773 -0.998565
3.67655 2.63067 4.69101 -0.0427056 -0.0394843 -0.998307
3.37498 3.39271 4.67377 -0.0425738 -0.0387913 -0.99834
3.05424 4.10154 4.65796 -0.0252212 -0.0411021 -0.998837
2.60955 4.89377 4.63397 -0.0237312 -0.0553426 -0.998185
1.99784 5.35624 4.62287 -0.0219072 -0.0558068 -0.998199
1.32087 5.74934 4.61433 -0.0200833 -0.0562709 -0.998214
0.47188 6.00723 4.6127 -0.00250775 -0.0720898 -0.997387
-0.665475 6.05439 4.60867 0.00865063 -0.073722 -0.997205
-1.71869 5.86759 4.61482 0.00334065 -0.0589684 -0.998254
-2.51769 5.63268 4.60862 0.0350695 -0.0556791 -0.997833
-3.44544 5.21702 4.59527 0.0380189 -0.0516955 -0.997939
-3.93958 4.85413 4.59525 0.0380488 -0.0519814 -0.997923
-3.07949 3.63146 4.68563 0.0403944 -0.0425358 -0.998278
-2.31802 4.11115 4.69325 0.0246574 -0.0422177 -0.998803
-1.60974 4.37144 4.69913 0.0243039 -0.043572 -0.998755
-0.80666 4.58322 4.69822 2.39014e-05 -0.0453844 -0.99897
0.480536 4.46723 4.70353 -0.00348366 -0.0512601 -0.998656
1.40787 3.92174 4.70754 -0.0239477 -0.0426831 -0.998802
2.19433 2.66784 4.73174 -0.0275625 -0.0309142 -0.9991
2.50885 1.95335 4.75233 -0.0250475 -0.0399957 -0.998886
2.94482 1.13507 4.75964 -0.0382646 -0.0161153 -0.999138
3.57619 0.205653 4.75457 -0.0305612 -0.00357218 -0.999527
4.22029 -0.807673 4.72912 -0.0339375 0.00947432 -0.999379
3.84428 -1.97937 4.72266 -0.0328701 0.0250241 -0.999146
3.30923 -2.67368 4.72287 -0.0312508 0.0257938 -0.999177
2.76343 -3.21569 4.7214 -0.0251362 0.0275011 -0.999292
1.97044 -3.71058 4.7283 -0.0201458 0.0297224 -0.999327
1.19892 -4.06454 4.72052 -0.00278383 0.0341041 -0.999414
0.416547 -4.45724 4.71013 -0.00405071 0.0407821 -0.999119
-0.25481 -4.80626 4.69288 -0.00092898 0.0528474 -0.998602
-1.10235 -4.94884 4.68566 0.0103708 0.0488602 -0.998701
-1.83198 -4.64063 4.6855 0.0242152 0.0548347 -0.998202
-2.4242 -4.0727 4.70041 0.0320296 0.0373642 -0.99877
-2.96487 -3.25263 4.71075 0.0380945 0.0377017 -0.998563
-3.27119 -2.55802 4.7126 0.0301316 0.0236191 -0.999267
-3.53302 -1.73533 4.71967 0.0393381 0.00926433 -0.999183
-3.94128 -0.666572 4.71314 0.0397667 0.00623397 -0.999187
-4.03971 0.0988207 4.71237 0.0406109 0.0042614 -0.999166
-4.01565 1.09495 4.71783 0.0408019 0.00485542 -0.999155
-3.96719 1.91826 4.71656 0.049632 -0.0183051 -0.9986
-3.80049 2.67509 4.69962 0.044889 -0.0454765 -0.997938
-3.27531 3.44798 4.68552 0.0403944 -0.0425358 -0.998278
-2.15425 2.31333 4.75584 0.0169903 -0.0221274 -0.999611
-1.30128 2.95074 4.75422 0.0109267 -0.0257432 -0.999598
-0.543348 3.10725 4.75501 0.00081713 -0.0303316 -0.999512
0.386818 2.77201 4.76258 -0.00853268 -0.0289716 -0.999515
0.903082 2.10289 4.77124 -0.0105065 -0.0184398 -0.999764
1.27451 1.40059 4.77965 -0.00537225 -0.0167343 -0.999845
1.68707 0.624093 4.78833 -0.00969011 -0.00773289 -0.999923
2.11867 -0.0757617 4.78909 -0.0134083 -0.00209675 -0.999888
2.48258 -1.2746 4.77947 -0.0164765 0.00443122 -0.999853
1.63912 -2.21857 4.78449 -0.0285234 0.0294331 -0.999155
0.992427 -2.61112 4.77314 -0.00117463 0.0377225 -0.999288
0.261187 -2.95957 4.76084 -0.00197924 0.0359133 -0.999351
-0.442696 -3.2587 4.7567 -0.00256603 0.0200601 -0.999795
-1.41135 -3.00841 4.75989 0.0177699 0.0222985 -0.999593
-1.98918 -1.93459 4.76559 0.0223822 0.00604224 -0.999722
-2.23105 -1.20058 4.76225 0.019948 0.00369361 -0.999794
-2.60181 0.0285264 4.7597 0.0234009 -0.00125591 -0.999705
-2.56693 0.864798 4.75925 0.0269046 0.0134052 -0.999548
-2.38183 2.00695 4.75875 0.014416 -0.0164922 -0.999741
-2.35136 2.09107 4.75741 0.0169902 -0.0221274 -0.999611
-0.967757 1.11238 4.78316 0.00802268 -0.0104259 -0.999913
-1.05697 0.271078 4.79037 0.012293 -0.00229749 -0.99989
-0.957001 -0.529599 4.78874 0.0170321 0.00416733 -0.999846
-0.0623422 -1.56921 4.78532 0.000311826 0.00814419 -0.999921
0.619736 -1.11234 4.7933 0.00361938 0.0127721 -0.999912
0.667217 -0.393005 4.79991 -0.00166263 -0.00710091 -0.999973
0.225429 0.606908 4.79449 -0.00264209 -0.00540624 -0.999982
-0.654719 1.37622 4.78292 0.00802268 -0.0104259 -0.999913
15.096 20.757 2.01548 -0.0986834 -0.079489 -0.991936
15.9942 20.2306 1.97075 -0.0938734 -0.0807998 -0.992295
16.8503 20.1681 1.89914 -0.0876316 -0.0844145 -0.99257
17.8656 19.7948 1.84539 -0.0823225 -0.0845371 -0.993014
18.4386 19.2597 1.83972 -0.0807538 -0.0787583 -0.993604
19.0706 18.7471 1.83275 -0.0796599 -0.0755384 -0.993939
19.8039 17.9972 1.82877 -0.07456 -0.0679465 -0.994899
20.5215 17.1409 1.84629 -0.0679212 -0.0833691 -0.994201
21.1749 16.6279 1.84685 -0.0600337 -0.0754531 -0.995301
21.9392 16.0631 1.83867 -0.0617923 -0.0798539 -0.994877
22.7541 15.5891 1.8309 -0.0521131 -0.078117 -0.995557
23.8774 15.2144 1.80738 -0.0449521 -0.0790973 -0.995853
24.7029 15.1069 1.77865 -0.0444591 -0.0790489 -0.995879
25.8884 15.1477 1.73021 -0.0308355 -0.0877361 -0.995661
26.6921 15.0952 1.7123 -0.0278384 -0.086629 -0.995852
27.7985 15.1205 1.67935 -0.0191178 -0.0755882 -0.996956
28.6883 15.4889 1.64216 -0.0151247 -0.0668808 -0.997645
29.2535 16.0782 1.59307 -0.016077 -0.0661491 -0.99768
29.46 17.0473 1.53615 -0.0120938 -0.0491599 -0.998718
29.2754 18.2304 1.49011 -0.0167891 -0.0397298 -0.999069
28.8133 19.0972 1.46078 -0.0116032 -0.0402933 -0.999121
28.0483 19.7997 1.44652 -0.0115536 -0.0269449 -0.99957
27.0411 20.2074 1.44493 -0.00860084 -0.0253865 -0.999641
26.2444 20.8757 1.4347 -0.00850814 -0.0254693 -0.999639
25.477 21.3244 1.4298 -0.0147093 -0.0296168 -0.999425
24.8902 21.8276 1.42676 -0.0180959 -0.0269025 -0.999474
24.3244 22.3263 1.42357 -0.018198 -0.0268852 -0.999473
23.5169 23.3044 1.42325 -0.0277133 -0.0196917 -0.999418
22.9625 23.9439 1.42508 -0.0206261 -0.0145379 -0.999682
22.5105 24.5504 1.42559 -0.0203357 -0.0157387 -0.999669
21.9165 25.169 1.42834 -0.0225855 -0.0164858 -0.999609
21.3514 25.8114 1.43052 -0.0229235 -0.0140489 -0.999635
20.7569 26.3268 1.44005 -0.0295834 -0.0110099 -0.999502
19.9507 26.7138 1.45965 -0.0295834 -0.0110099 -0.999502
19.1708 27.0864 1.47884 -0.0321661 -0.0107491 -0.999425
18.1704 27.9084 1.50785 -0.0416124 -0.0149642 -0.999022
17.527 28.4189 1.52647 -0.0430634 -0.0159459 -0.998945
16.9043 28.8429 1.54655 -0.0431515 -0.0158315 -0.998943
16.0419 29.1235 1.58534 -0.0613911 -0.0177737 -0.997956
15.1132 28.9254 1.64865 -0.0672195 -0.0224475 -0.997483
14.792 28.248 1.68619 -0.0694736 -0.0223413 -0.997334
14.6665 27.4415 1.71226 -0.0676132 -0.027985 -0.997291
14.6641 26.4727 1.74095 -0.0821161 -0.0261547 -0.996276
14.8416 25.225 1.76231 -0.0762913 -0.0317938 -0.996557
14.7214 24.3704 1.81809 -0.0904769 -0.0529497 -0.99449
14.3697 23.0015 1.93013 -0.102091 -0.0601085 -0.992957
14.32 22.1147 1.98893 -0.0994835 -0.0640053 -0.992967
14.6336 21.3832 2.0132 -0.100362 -0.0777277 -0.99191
14.6986 21.2935 2.01364 -0.100362 -0.0777277 -0.99191
16.1674 22.0576 1.81683 -0.0850484 -0.0680436 -0.994051
15.9098 23.0636 1.77 -0.0783267 -0.0573753 -0.995195
16.0494 24.037 1.72016 -0.0815834 -0.0378772 -0.995947
16.154 24.851 1.68186 -0.0774899 -0.0401207 -0.99617
16.1811 25.7998 1.64755 -0.0663858 -0.0280305 -0.997383
16.2052 26.6976 1.62441 -0.0615039 -0.0194542 -0.997905
16.7649 26.972 1.58815 -0.0464952 -0.0197102 -0.998724
17.6283 26.5044 1.55646 -0.0453584 -0.019144 -0.998786
18.2642 26.0854 1.52941 -0.048486 -0.00417754 -0.998815
19.0785 25.6527 1.502 -0.0358029 -0.0142099 -0.999258
19.8153 25.2979 1.48215 -0.0291831 -0.0182965 -0.999393
20.4992 24.7615 1.47594 -0.027238 -0.0231671 -0.99936
21.0655 24.1582 1.47425 -0.0286583 -0.0233795 -0.999316
21.5395 23.5722 1.47457 -0.0285827 -0.0236525 -0.999312
22.064 22.9209 1.4745 -0.0237896 -0.024218 -0.999413
22.5799 22.263 1.47453 -0.0380033 -0.0274657 -0.9989
23.1258 21.6086 1.47176 -0.0368545 -0.0323165 -0.998786
23.7765 20.9526 1.47517 -0.0288332 -0.0374379 -0.998883
24.5325 20.3188 1.48173 -0.0240916 -0.0409814 -0.998869
25.1345 19.8525 1.48671 -0.0186505 -0.0342557 -0.999236
25.971 19.2458 1.48859 -0.0182701 -0.0342525 -0.99924
26.9824 18.674 1.49379 -0.0131658 -0.0356652 -0.999273
27.7344 17.9796 1.51911 -0.0115252 -0.0482544 -0.998759
27.7924 17.1174 1.55687 -0.0155044 -0.0467763 -0.998782
27.2889 16.5368 1.59372 -0.0162575 -0.0564376 -0.998245
26.4457 16.5473 1.61507 -0.0273623 -0.0620881 -0.997696
25.6779 16.5893 1.63362 -0.031848 -0.062053 -0.997565
24.697 16.592 1.66476 -0.0318896 -0.0620058 -0.997566
23.941 16.731 1.68827 -0.0495519 -0.073859 -0.996037
23.1162 17.0788 1.70357 -0.049752 -0.0736824 -0.99604
22.3915 17.5425 1.70729 -0.0484313 -0.0660154 -0.996638
21.7752 18.1001 1.69799 -0.0457074 -0.0671384 -0.996696
21.2693 18.6576 1.69128 -0.0485061 -0.0505545 -0.99754
20.6976 19.2553 1.68687 -0.0464825 -0.0518246 -0.997574
20.0862 19.8182 1.68556 -0.0446557 -0.0608556 -0.997144
19.3259 20.3938 1.69133 -0.0662037 -0.0749413 -0.994988
18.524 21.0459 1.70853 -0.080312 -0.0642431 -0.994697
17.7585 21.4004 1.74086 -0.0664829 -0.0648754 -0.995671
16.8528 21.6716 1.78493 -0.0846188 -0.0685835 -0.99405
16.3054 21.8338 1.82034 -0.0848338 -0.0683136 -0.99405
17.8382 22.8513 1.65091 -0.059818 -0.0478613 -0.997055
17.3914 23.5375 1.64775 -0.0615929 -0.0446861 -0.997101
17.5962 24.3128 1.60398 -0.0599042 -0.0369166 -0.997515
18.2354 24.6139 1.55612 -0.0458171 -0.0237513 -0.998643
19.0876 24.1592 1.53736 -0.0363208 -0.0281498 -0.998944
19.7032 23.6765 1.52947 -0.0326446 -0.0235736 -0.999177
20.2077 23.1121 1.52293 -0.0342878 -0.0190666 -0.99923
20.7598 22.3872 1.52238 -0.0357851 -0.0429386 -0.998436
21.3587 21.5964 1.53448 -0.0363895 -0.0428427 -0.998419
21.9871 20.8024 1.54969 -0.0408977 -0.0496815 -0.997912
22.6684 20.1472 1.55028 -0.0463702 -0.0491064 -0.997717
23.229 19.6443 1.54768 -0.039575 -0.0490782 -0.997975
23.8179 19.0502 1.55997 -0.0317479 -0.052102 -0.998137
24.2804 18.3379 1.58073 -0.0316801 -0.0479587 -0.998347
24.2359 18.0839 1.59438 -0.0313711 -0.0481394 -0.998348
23.5306 18.4387 1.59993 -0.0319892 -0.047778 -0.998346
23.0003 19.0503 1.58597 -0.039575 -0.0490783 -0.997975
22.3611 19.7739 1.58294 -0.0468862 -0.0475805 -0.997765
21.6499 20.4411 1.57986 -0.0354251 -0.0502566 -0.998108
20.8523 21.2006 1.56992 -0.0359072 -0.0465495 -0.998263
20.0637 21.7173 1.57578 -0.0351808 -0.0430348 -0.998454
19.2845 22.1927 1.59031 -0.0680209 -0.0500707 -0.996426
18.5 22.5602 1.62488 -0.0677708 -0.050919 -0.996401
18.2564 22.6647 1.63612 -0.062907 -0.0509778 -0.996705
21.197 -14.7354 2.13527 -0.0770571 0.092075 -0.992766
20.305 -14.9356 2.18847 -0.0922547 0.0955077 -0.991144
19.5753 -15.6095 2.18894 -0.0891535 0.0995947 -0.991026
19.0356 -16.2902 2.17249 -0.0849714 0.0954142 -0.991804
18.3538 -17.0608 2.15815 -0.0912827 0.0984812 -0.990942
17.7627 -18.1081 2.11158 -0.0857613 0.0909643 -0.992154
17.2473 -18.7886 2.10727 -0.0948337 0.079402 -0.992319
16.8001 -19.6737 2.07879 -0.096242 0.0795596 -0.992173
16.4268 -20.5152 2.04685 -0.0961792 0.0753753 -0.992482
16.1897 -21.2835 2.01652 -0.0914869 0.0645506 -0.993712
15.9265 -22.1669 1.98305 -0.0912032 0.0658283 -0.993654
15.4813 -22.8924 1.97584 -0.0829265 0.0527139 -0.995039
15.1326 -23.7682 1.96649 -0.074277 0.0406496 -0.996409
14.7612 -24.6351 1.96076 -0.081804 0.0438028 -0.99567
14.4191 -25.5764 1.95115 -0.0791794 0.0389502 -0.996099
14.2064 -26.3478 1.93811 -0.0796479 0.0381277 -0.996094
13.9855 -27.1769 1.92412 -0.0795873 0.0380224 -0.996102
14.0629 -28.1894 1.88445 -0.074757 0.0257151 -0.99687
14.2542 -29.1567 1.84515 -0.0761814 0.0239379 -0.996804
14.8769 -29.5962 1.79719 -0.065375 0.0161067 -0.997731
15.7076 -29.6664 1.74809 -0.0477066 0.0142526 -0.99876
16.4969 -29.6215 1.71099 -0.0483128 0.0157973 -0.998707
17.3318 -29.356 1.67594 -0.0471507 0.0165459 -0.998751
18.0652 -28.9229 1.65074 -0.0317767 0.011708 -0.999426
19.1735 -28.2778 1.62289 -0.0316808 0.0109712 -0.999438
19.9155 -27.8198 1.60426 -0.0310911 0.0134473 -0.999423
20.6456 -27.3327 1.592 -0.0234243 0.0186338 -0.999552
21.3728 -26.4606 1.58917 -0.0243207 0.0142831 -0.999602
21.6612 -25.5901 1.59499 -0.023632 0.0141812 -0.99962
22.2074 -24.9046 1.59154 -0.0212358 0.0147474 -0.999662
22.8654 -24.3402 1.58821 -0.0184687 0.0162616 -0.999697
23.6027 -23.8489 1.58258 -0.0178271 0.016419 -0.999706
24.259 -23.3229 1.58132 -0.0163201 0.0194202 -0.999678
24.8309 -22.4747 1.58853 -0.0159717 0.0193875 -0.999684
25.3084 -21.6737 1.59674 -0.0151456 0.0199127 -0.999687
25.9138 -21.0352 1.599 -0.0155129 0.0176213 -0.999724
26.4457 -20.3845 1.60398 -0.0136106 0.0264596 -0.999535
26.7822 -19.6117 1.6245 -0.0149424 0.033033 -0.999343
27.4681 -18.8091 1.64409 -0.0164886 0.0438761 -0.998901
28.2952 -18.0114 1.6629 -0.0180665 0.041108 -0.998991
28.8559 -17.3448 1.68179 -0.0130266 0.0425079 -0.99901
28.9673 -16.2974 1.73444 -0.017141 0.0552103 -0.998328
29.0187 -15.4012 1.78289 -0.0191446 0.0560842 -0.99824
28.6179 -14.7097 1.83104 -0.0207854 0.0574536 -0.998132
27.6325 -14.5151 1.86526 -0.0306645 0.0690833 -0.997134
26.769 -14.4387 1.89851 -0.0287384 0.0711821 -0.997043
25.8462 -14.3761 1.92649 -0.0254639 0.0703024 -0.997201
25.0349 -14.5532 1.93735 -0.0414188 0.0876846 -0.995277
24.0913 -14.7023 1.96537 -0.0433457 0.0909047 -0.994916
23.1266 -14.8277 1.99593 -0.0506 0.0933111 -0.994321
21.8653 -14.8208 2.07568 -0.0685134 0.0940049 -0.993194
21.5599 -14.7787 2.10309 -0.0766215 0.0936754 -0.992649
21.8451 -16.2455 1.96411 -0.0519691 0.0609216 -0.996789
20.7999 -16.5247 2.0083 -0.0692235 0.0615618 -0.9957
20.2167 -17.1573 2.00454 -0.0595966 0.0764602 -0.99529
19.6033 -17.9024 1.9862 -0.0768463 0.0844085 -0.993451
19.072 -18.6568 1.96629 -0.0692703 0.0730925 -0.994917
18.6388 -19.3236 1.94642 -0.0668394 0.0712457 -0.99521
18.0581 -20.3835 1.91275 -0.0658363 0.0674322 -0.995549
17.6615 -21.2672 1.88366 -0.088943 0.0667103 -0.993798
17.3089 -22.5391 1.85552 -0.0722442 0.0370057 -0.9967
16.8233 -23.391 1.85726 -0.0691709 0.032406 -0.997058
16.4524 -24.1558 1.85123 -0.0671405 0.0442242 -0.996727
16.0109 -25.1998 1.83914 -0.0742791 0.0452604 -0.99621
15.6635 -26.2314 1.82725 -0.0690647 0.0317432 -0.997107
15.533 -26.9698 1.81304 -0.0779759 0.034244 -0.996357
15.9021 -27.9422 1.76699 -0.0544996 0.025856 -0.998179
16.7876 -27.9887 1.72102 -0.0467859 0.0144535 -0.9988
17.6551 -27.5571 1.68874 -0.0443012 0.0158245 -0.998893
18.446 -27.0385 1.6641 -0.0370001 0.022256 -0.999065
19.1948 -26.478 1.65064 -0.034789 0.0224615 -0.999142
19.9574 -25.7245 1.63372 -0.0313057 0.0117085 -0.999409
20.4562 -24.8386 1.63424 -0.0213659 0.0171212 -0.999625
21.2067 -23.9772 1.63105 -0.0255065 0.0187541 -0.999495
21.832 -23.468 1.62664 -0.024488 0.0214128 -0.999471
22.452 -23.0169 1.6229 -0.0205783 0.0222526 -0.99954
23.1958 -22.2354 1.62581 -0.0215871 0.0262386 -0.999416
23.9607 -21.2168 1.63366 -0.0231106 0.0247461 -0.999427
24.5044 -20.4595 1.64146 -0.0143312 0.0288603 -0.999481
25.302 -19.4241 1.66159 -0.0244311 0.0398569 -0.998907
25.8725 -18.4144 1.69094 -0.0206227 0.0453553 -0.998758
26.4215 -17.6287 1.71731 -0.022418 0.0485305 -0.998569
26.9629 -16.9735 1.73599 -0.0233708 0.0477928 -0.998584
27.2277 -16.1163 1.77082 -0.0254451 0.0575131 -0.997971
26.1404 -15.8257 1.82041 -0.0275195 0.0672333 -0.997358
25.3387 -15.8428 1.84044 -0.0282286 0.0655474 -0.997448
24.0487 -16.0346 1.86975 -0.0398774 0.0599295 -0.997386
22.7613 -16.1689 1.92109 -0.0451304 0.0611966 -0.997104
21.9751 -16.2184 1.95899 -0.051969 0.0609215 -0.996789
22.4312 -17.6398 1.84421 -0.0493867 0.063141 -0.996768
23.1939 -17.5341 1.81698 -0.0441984 0.0620363 -0.997095
23.946 -17.4981 1.78609 -0.0347148 0.0498689 -0.998133
24.5318 -17.962 1.74599 -0.0283748 0.0504613 -0.998323
24.0524 -18.6289 1.72713 -0.0262984 0.0450228 -0.998637
23.5883 -19.3203 1.7067 -0.0242377 0.0457823 -0.998657
23.0125 -20.0269 1.69416 -0.0276103 0.0338907 -0.999043
22.4317 -20.8777 1.68019 -0.0265191 0.0291019 -0.999212
21.7155 -21.7299 1.67474 -0.0281816 0.0283601 -0.999186
21.1457 -22.2266 1.68026 -0.0334081 0.0272131 -0.999071
20.3975 -22.8559 1.68681 -0.0358935 0.028877 -0.998938
19.6944 -23.4769 1.69413 -0.0359009 0.0288535 -0.998939
18.9092 -24.396 1.70623 -0.0486147 0.0240901 -0.998527
18.0537 -24.2886 1.75047 -0.0480087 0.0258717 -0.99851
18.7386 -24.7294 1.70575 -0.0474027 0.0276533 -0.998493
18.2534 -25.3437 1.71177 -0.048354 0.027471 -0.998452
17.5316 -25.6359 1.7369 -0.0451339 0.0367994 -0.998303
17.8513 -24.8556 1.74496 -0.0493054 0.0272887 -0.998411
18.3286 -23.7543 1.7515 -0.0518209 0.0285949 -0.998247
18.7843 -22.6552 1.75776 -0.0523396 0.0259994 -0.998291
18.9759 -21.8682 1.77322 -0.0491157 0.0484089 -0.997603
19.2881 -21.1702 1.7929 -0.0435167 0.0476005 -0.997918
19.7043 -20.3939 1.81102 -0.0478091 0.0565028 -0.997194
20.0854 -19.7369 1.8357 -0.0550409 0.0621382 -0.996529
20.5936 -19.0079 1.84748 -0.0591981 0.0631347 -0.996229
21.1065 -18.3251 1.8659 -0.0547166 0.0715095 -0.995933
21.7556 -17.8018 1.86973 -0.0516583 0.0713685 -0.996111
21.956 -17.7387 1.86385 -0.0531166 0.0678071 -0.996276
-13.4767 -27.9621 1.83134 0.0897114 0.0323845 -0.995441
-14.0508 -26.9614 1.8107 0.0847707 0.0311449 -0.995895
-14.5807 -26.4129 1.78687 0.0808354 0.0286945 -0.996303
-15.1323 -25.8798 1.75413 0.0742531 0.0286295 -0.996784
-15.3285 -24.9009 1.77624 0.0649924 0.038087 -0.997159
-15.2349 -24.1028 1.82624 0.0845485 0.0553783 -0.994879
-15.096 -23.1191 1.8928 0.0835727 0.0558822 -0.994933
-15.1561 -22.273 1.93787 0.0993449 0.0611037 -0.993175
-15.2381 -21.3291 1.99216 0.0987541 0.0669761 -0.992855
-15.4287 -20.5951 2.02321 0.113393 0.088062 -0.989634
-15.9385 -19.8791 2.02829 0.0902823 0.0722 -0.993296
-16.4575 -19.2026 2.03029 0.0920159 0.0710755 -0.993216
-17.0819 -18.5916 2.01629 0.0928379 0.0726837 -0.993025
-17.7083 -18.0909 1.99671 0.105678 0.0963781 -0.989717
-18.3976 -17.6391 1.97912 0.0901464 0.101846 -0.990707
-19.0428 -17.2199 1.9636 0.0828583 0.0945901 -0.99194
-19.6863 -16.8307 1.94855 0.073191 0.0825662 -0.993894
-20.5518 -16.3985 1.92391 0.0642056 0.0857274 -0.994246
-21.3033 -16.1486 1.89626 0.0645662 0.0841649 -0.994358
-22.1361 -15.6591 1.88393 0.0641718 0.0843306 -0.994369
-23.2592 -15.2181 1.85125 0.0589031 0.0792699 -0.995111
-24.0204 -14.9658 1.82758 0.0520044 0.0824051 -0.995241
-24.8771 -14.6363 1.81619 0.0318148 0.0796391 -0.996308
-25.6792 -14.659 1.78842 0.0404028 0.0837937 -0.995664
-26.4196 -14.4827 1.77344 0.0339721 0.084311 -0.995849
-27.2259 -14.3888 1.76071 0.0218579 0.0678172 -0.997458
-28.37 -14.748 1.71193 0.0204541 0.0673314 -0.997521
-28.9198 -15.1705 1.67474 0.0182081 0.0556822 -0.998283
-28.8661 -16.0425 1.62709 0.0148385 0.0601759 -0.998062
-28.1018 -17.0247 1.57786 0.00839656 0.0448973 -0.998956
-27.3691 -18.0383 1.53995 0.00951953 0.0423334 -0.999056
-26.9081 -18.7046 1.52166 0.0156162 0.0371257 -0.999189
-26.5321 -19.4839 1.49923 0.0127995 0.0329448 -0.999368
-26.1279 -20.2161 1.47775 0.00943283 0.0345239 -0.999359
-25.7304 -20.875 1.4605 0.0130361 0.0202547 -0.99971
-25.2651 -21.5082 1.45374 0.0130356 0.0202548 -0.99971
-24.837 -22.1239 1.44773 0.0159323 0.0145783 -0.999765
-24.2024 -22.8728 1.44849 0.0176891 0.0139732 -0.999746
-23.5658 -23.6518 1.44553 0.0159937 0.0181122 -0.999708
-23.0075 -24.6368 1.43695 0.0163423 0.016558 -0.999725
-22.6615 -25.3889 1.43222 0.0150501 0.012798 -0.999804
-21.9784 -25.9258 1.43826 0.0180064 0.0103473 -0.999784
-21.444 -26.4591 1.44488 0.02337 0.0066599 -0.999705
-20.9006 -26.9882 1.45406 0.0230636 0.00990333 -0.99968
-20.1187 -27.4766 1.46793 0.0281011 0.0164827 -0.999469
-19.2768 -27.8485 1.48745 0.0328399 0.0150946 -0.999346
-18.4258 -27.965 1.51395 0.0402805 0.0136266 -0.999069
-17.5136 -28.5205 1.55016 0.048015 0.0114558 -0.99878
-16.9333 -29.0555 1.57431 0.0613336 0.0141597 -0.998017
-16.1137 -29.5555 1.61685 0.0593015 0.0163389 -0.998106
-15.3496 -29.7212 1.65953 0.0637787 0.0172605 -0.997804
-14.4797 -29.5966 1.72133 0.0661703 0.0206496 -0.997589
-13.7579 -29.0079 1.78526 0.0738102 0.0211523 -0.997046
-13.4761 -28.3056 1.82021 0.0824321 0.0259243 -0.996212
-15.3886 -27.8663 1.68981 0.0718157 0.0164044 -0.997283
-16.0683 -26.9388 1.66323 0.055233 0.020109 -0.998262
-16.6071 -25.8603 1.66015 0.0558885 0.0239418 -0.998149
-16.7689 -24.9599 1.67698 0.0697612 0.0350249 -0.996949
-16.6253 -23.7937 1.73454 0.0700823 0.0478164 -0.996395
-16.541 -22.68 1.79353 0.0773146 0.0485581 -0.99582
-16.6707 -21.6708 1.83283 0.0858715 0.0590376 -0.994486
-16.9493 -20.9246 1.86126 0.0864227 0.0707746 -0.993741
-17.6491 -20.0194 1.86085 0.0921267 0.0649498 -0.993627
-18.2381 -19.4764 1.84344 0.0833987 0.0757806 -0.993581
-18.8569 -19.0494 1.83128 0.0697711 0.0752659 -0.994704
-19.5109 -18.6447 1.81803 0.0654308 0.0668365 -0.995597
-20.1645 -18.2491 1.7973 0.0743514 0.0793768 -0.994068
-20.9494 -17.8647 1.76963 0.068518 0.0849281 -0.994015
-21.9347 -17.4056 1.75328 0.0524955 0.0808089 -0.995346
-22.9594 -16.9287 1.72596 0.0626793 0.0803423 -0.994791
-23.8852 -16.5657 1.70971 0.0315911 0.0667361 -0.99727
-24.6248 -16.3205 1.70269 0.0311 0.0671019 -0.997261
-25.3641 -16.1282 1.69045 0.0390959 0.0703146 -0.996758
-26.2712 -15.9718 1.6659 0.0370981 0.0725363 -0.996671
-26.316 -16.9983 1.60876 0.0152441 0.0513667 -0.998564
-25.8257 -17.9048 1.56962 0.0158714 0.0444994 -0.998859
-25.4032 -18.6621 1.5503 0.0196606 0.035983 -0.999159
-25.0363 -19.3379 1.53212 0.0183512 0.0399579 -0.999033
-24.5469 -20.1392 1.50863 0.0198347 0.0407845 -0.998969
-23.9277 -21.0131 1.49187 0.0276598 0.0320701 -0.999103
-23.1755 -21.9501 1.48702 0.023875 0.0202614 -0.99951
-22.4639 -22.8449 1.48276 0.0209718 0.0250436 -0.999466
-21.7219 -24.0092 1.47412 0.0290288 0.0232969 -0.999307
-21.2462 -24.6845 1.47219 0.0292772 0.0226903 -0.999314
-20.454 -25.4852 1.47791 0.0336087 0.0211961 -0.999202
-19.7017 -26.0678 1.49938 0.0406841 0.0142235 -0.999071
-18.9773 -26.3663 1.52631 0.0405327 0.0182528 -0.998994
-18.0486 -26.6 1.56068 0.0559291 0.0220205 -0.998192
-16.9837 -27.0694 1.60999 0.0566358 0.0227813 -0.998134
-16.2709 -27.3889 1.6447 0.0560316 0.0158764 -0.998303
-15.5874 -27.9043 1.67487 0.0639237 0.0161404 -0.997793
-18.3721 -24.7715 1.58533 0.0540835 0.0241557 -0.998244
-18.1646 -23.9679 1.61928 0.0569542 0.0381023 -0.997602
-18.0279 -23.1991 1.66289 0.0635381 0.045252 -0.996953
-18.0827 -22.048 1.70671 0.0756729 0.0463763 -0.996054
-18.453 -21.356 1.7108 0.0734572 0.0498308 -0.996044
-19.007 -20.7451 1.70386 0.0727276 0.057472 -0.995685
-19.7872 -20.1976 1.68897 0.0564465 0.0666176 -0.996153
-20.5973 -19.7283 1.67628 0.0471288 0.0622169 -0.996941
-21.3548 -19.2688 1.65881 0.0563879 0.0449633 -0.997396
-22.0582 -18.9488 1.6353 0.0561676 0.0624493 -0.996454
-22.7139 -18.5713 1.61705 0.0508458 0.046259 -0.997287
-23.4249 -18.2955 1.60705 0.0212446 0.053361 -0.998228
-23.7573 -18.5985 1.58893 0.0199466 0.0378702 -0.999084
-23.3563 -19.3722 1.56729 0.0294799 0.0418116 -0.998676
-22.6872 -20.2613 1.55258 0.0344151 0.0363869 -0.998727
-22.0011 -21.1134 1.54382 0.0272289 0.0389133 -0.998872
-21.2379 -22.1266 1.52968 0.0303219 0.030678 -0.999036
-20.3566 -23.4023 1.52551 0.0398867 0.0226173 -0.998869
-19.6632 -24.2136 1.53835 0.0459593 0.0312295 -0.998455
