-20.7782 20.0888 2.20725 0.0531201 -0.049274 -0.997342
-21.6042 19.893 2.19032 0.031594 -0.0513915 -0.998179
-21.6042 19.893 2.19032 0.031594 -0.0513915 -0.998179
-20.8462 20.1286 2.20289 0.0319021 -0.0357309 -0.998844
-20.7015 20.3254 2.20137 0.0436166 -0.0376411 -0.998296
-19.2123 20.2305 2.28655 0.0788301 -0.0656504 -0.994723
-19.4419 19.3146 2.32984 0.0774453 -0.0664383 -0.99478
-20.6655 18.477 2.30956 0.0553903 -0.0725423 -0.995826
-21.4221 18.1439 2.29174 0.0608895 -0.0671404 -0.995854
-22.2027 17.7424 2.2793 0.0390398 -0.055388 -0.997701
-22.8953 17.395 2.26716 0.0444283 -0.0504931 -0.997736
-23.674 17.2661 2.24502 0.0337273 -0.0490157 -0.998228
-24.4369 17.3194 2.21624 0.0338466 -0.0483925 -0.998255
-25.5541 17.3123 2.17919 0.0307441 -0.0434968 -0.998565
-25.0794 18.0172 2.16528 0.0280698 -0.0386104 -0.99886
-24.5034 18.6597 2.15285 0.022307 -0.0444349 -0.998763
-23.8289 19.4746 2.13166 0.0215758 -0.0380837 -0.999021
-23.2783 20.1079 2.13198 0.0356501 -0.027405 -0.998989
-22.5366 20.9585 2.12335 0.0282948 -0.0377186 -0.998888
-21.9389 21.5486 2.11881 0.0269484 -0.0292574 -0.999201
-21.3256 22.1009 2.11726 0.0202985 -0.0284654 -0.999389
-20.6909 22.5241 2.12117 0.0410208 -0.0369166 -0.998456
-20.0712 22.9758 2.13601 0.0427732 -0.0213229 -0.998857
-19.337 23.4354 2.1543 0.0434916 -0.0305478 -0.998533
-18.5414 23.9664 2.17936 0.0534804 -0.0330349 -0.998022
-17.9638 23.503 2.22574 0.0579877 -0.0411742 -0.997455
-18.1501 22.7393 2.24314 0.068726 -0.0390082 -0.996873
-18.5962 21.9061 2.24499 0.0708276 -0.0472347 -0.996333
-18.95 21.1335 2.25873 0.0517982 -0.0417387 -0.997785
-19.1854 20.3433 2.28136 0.078628 -0.05852 -0.995163
-17.8222 19.8825 2.42164 0.0817362 -0.0654692 -0.994501
-17.6081 20.6555 2.38835 0.0756022 -0.0711015 -0.994565
-17.2444 21.3144 2.37479 0.0632323 -0.0520005 -0.996643
-16.4579 22.4544 2.36629 0.0642506 -0.0495085 -0.996704
-16.4163 23.6194 2.31277 0.0680572 -0.0447414 -0.996663
-16.5063 24.501 2.27438 0.059948 -0.034232 -0.997614
-16.5294 25.2557 2.2468 0.0617355 -0.0400583 -0.997288
-16.5202 26.3407 2.20379 0.0650018 -0.0368107 -0.997195
-17.3852 26.0731 2.16993 0.0433313 -0.0181476 -0.998896
-18.2201 25.7693 2.13923 0.039852 -0.0185032 -0.999028
-18.956 25.4408 2.11671 0.0376501 -0.0144225 -0.999187
-19.6743 25.0609 2.10035 0.0299096 -0.0216065 -0.999319
-20.3409 24.6472 2.08934 0.0281872 -0.0218338 -0.999363
-21.171 24.0389 2.07823 0.0280815 -0.0167735 -0.999465
-21.9263 23.6372 2.06755 0.0224224 -0.0195434 -0.999558
-22.7211 23.0479 2.06084 0.0233656 -0.0194511 -0.999538
-23.5257 22.0852 2.061 0.0255725 -0.022581 -0.999411
-24.0376 21.4863 2.06613 0.0258425 -0.0330552 -0.999119
-25.0759 20.2411 2.08131 0.0208446 -0.0317327 -0.999279
-25.8593 19.4627 2.09126 0.0146171 -0.0273433 -0.999519
-26.5875 18.8435 2.09802 0.0150487 -0.0293782 -0.999455
-27.1813 18.0086 2.11529 0.0197014 -0.0430426 -0.998867
-27.5245 17.2283 2.14633 0.0173354 -0.0473704 -0.998727
-27.6387 16.3521 2.18591 0.0151153 -0.0567269 -0.998229
-27.0506 15.8633 2.22589 0.0150247 -0.0678451 -0.997579
-25.8717 15.7803 2.25196 0.0203696 -0.0616506 -0.997853
-25.0738 15.8011 2.276 0.0395395 -0.0735111 -0.99651
-24.0022 15.7117 2.32599 0.041073 -0.0738161 -0.996426
-22.8433 15.7363 2.37974 0.0538804 -0.0716047 -0.995977
-22.1191 16.0577 2.3958 0.0518062 -0.0744553 -0.995872
-21.3606 16.5211 2.40948 0.0707293 -0.0806676 -0.994228
-20.5735 16.987 2.42648 0.0678972 -0.0819815 -0.994317
-19.7905 17.2533 2.45766 0.06764 -0.0797706 -0.994516
-18.912 17.4681 2.50019 0.0778883 -0.0826725 -0.993471
-18.1111 17.7545 2.54662 0.0901414 -0.0778583 -0.992849
-17.9448 19.0462 2.46662 0.083599 -0.0701145 -0.994017
-17.8666 19.5844 2.43762 0.0817362 -0.0654691 -0.994501
-16.4101 19.4282 2.57447 0.0976174 -0.0867771 -0.991413
-16.0722 20.4474 2.51878 0.0917995 -0.0827909 -0.99233
-15.3413 21.1873 2.532 0.0996753 -0.0769425 -0.992041
-14.8468 22.2581 2.51103 0.0980295 -0.0586127 -0.993456
-14.8225 23.5556 2.4429 0.0948373 -0.0489831 -0.994287
-14.8957 24.3368 2.39877 0.0915409 -0.0409695 -0.994929
-15.0614 25.192 2.35381 0.0862378 -0.0356297 -0.995637
-14.8957 26.1827 2.33 0.0856814 -0.0388424 -0.995565
-14.5257 26.9735 2.33217 0.0856921 -0.0304335 -0.995857
-13.7272 28.0325 2.36851 0.0854327 -0.0252717 -0.99601
-14.2381 29.2042 2.30117 0.0763619 -0.0193172 -0.996853
-15.0823 29.3293 2.24208 0.0669075 -0.0155841 -0.997637
-15.7774 28.7842 2.20482 0.0582033 -0.0153234 -0.998139
-16.3477 28.2124 2.18371 0.0489762 -0.0119844 -0.998728
-17.6046 27.6228 2.13457 0.0453515 -0.0167404 -0.998831
-18.5022 27.3919 2.09861 0.0389484 -0.0168734 -0.999088
-19.2684 26.9184 2.08052 0.0349618 -0.0176729 -0.999232
-19.978 26.5824 2.06249 0.0331895 -0.0183328 -0.999281
-21.0527 25.9174 2.04488 0.0227879 -0.0170442 -0.999595
-21.711 25.3506 2.04002 0.022686 -0.0177883 -0.999584
-22.7976 24.917 2.02324 0.0225076 -0.0178522 -0.999587
-23.4993 24.3626 2.01735 0.0226909 -0.0187673 -0.999566
-24.0144 23.7608 2.01698 0.0165832 -0.0137953 -0.999767
-24.5165 23.1968 2.01643 0.0148233 -0.0144149 -0.999784
-25.0559 22.4796 2.01713 0.0106857 -0.00841044 -0.999908
-25.7015 21.8161 2.02666 0.0135471 -0.0305051 -0.999443
-26.5523 20.8914 2.04204 0.0146171 -0.0273433 -0.999519
-27.2336 20.4156 2.04434 0.0154438 -0.0269423 -0.999518
-27.8456 19.8344 2.05008 0.016466 -0.0282832 -0.999464
-28.397 18.7858 2.07684 0.0125097 -0.0327967 -0.999379
-28.8773 17.9286 2.09837 0.0107329 -0.0372301 -0.999228
-29.2085 17.1993 2.12637 0.0116375 -0.0435328 -0.998984
-29.4765 15.8569 2.1889 0.0139849 -0.0525915 -0.998513
-28.9485 14.8107 2.2546 0.0229519 -0.0639395 -0.997672
-27.7198 14.4237 2.31323 0.023321 -0.0683305 -0.997389
-26.3457 14.2552 2.35485 0.0242242 -0.0759693 -0.996782
-25.591 14.3734 2.36843 0.0303894 -0.0795216 -0.99637
-24.7831 14.3322 2.40116 0.0528098 -0.107503 -0.992801
-23.474 14.1257 2.4953 0.0559502 -0.101001 -0.993312
-22.6835 14.1782 2.53438 0.0580074 -0.105928 -0.992665
-21.9917 14.4663 2.55211 0.0792236 -0.0973968 -0.992081
-21.3038 14.9038 2.56467 0.0740655 -0.0967189 -0.992541
-20.3302 15.5069 2.57697 0.0787628 -0.104414 -0.99141
-19.4478 15.8786 2.60494 0.0757212 -0.108642 -0.991193
-18.3458 15.9813 2.69484 0.093278 -0.111591 -0.989367
-17.5852 16.2303 2.74051 0.107659 -0.113116 -0.9877
-16.7511 16.6177 2.79443 0.11692 -0.111382 -0.986874
-16.4159 17.2972 2.76219 0.110092 -0.0991674 -0.988962
-16.3648 18.064 2.69139 0.108946 -0.0872642 -0.99021
-16.4175 18.9333 2.61442 0.101398 -0.0815527 -0.991498
-4.20066 4.86614 5.22676 0.0425596 -0.0487758 -0.997869
-4.73241 4.25151 5.22461 0.0520536 -0.0406931 -0.997815
-5.12019 3.46566 5.23617 0.0531742 -0.0395959 -0.9978
-5.34433 2.53156 5.26107 0.0536824 -0.0394763 -0.997777
-5.59045 1.7341 5.27141 0.0560992 -0.022271 -0.998135
-5.63729 0.983445 5.27964 0.0522275 -0.0145578 -0.998529
-5.65406 0.206421 5.29009 0.0483258 -0.00698911 -0.998771
-5.49733 -0.762689 5.29228 0.0491333 0.0072203 -0.998766
-5.19464 -1.66331 5.30066 0.0475504 0.00945479 -0.99882
-4.9432 -3.02655 5.28533 0.0473372 0.0244761 -0.998579
-4.4886 -3.90183 5.28427 0.0453626 0.0283967 -0.998567
-4.04996 -4.72583 5.26549 0.0283156 0.0540484 -0.998137
-3.47697 -5.54277 5.24533 0.0403928 0.0500807 -0.997928
-2.79587 -6.20474 5.23163 0.0288309 0.0657815 -0.997415
-2.01779 -6.7823 5.21548 0.0290378 0.0630658 -0.997587
-1.11974 -6.81893 5.23765 0.0214109 0.0600079 -0.997968
-0.304304 -6.69205 5.26104 0.0162655 0.0537167 -0.998423
0.760134 -6.21467 5.30217 0.000982109 0.0636908 -0.997942
1.41896 -5.75202 5.31489 -0.0129025 0.0371091 -0.999228
2.38608 -5.17349 5.32027 -0.0234425 0.0297665 -0.999265
3.22923 -4.74866 5.30854 -0.0292406 0.0304462 -0.999109
3.99975 -4.22733 5.30192 -0.0302857 0.030485 -0.999076
4.72331 -3.78521 5.29267 -0.0313732 0.0304388 -0.999044
5.39025 -3.14875 5.29196 -0.042714 0.0313651 -0.998523
5.76069 -2.47887 5.29072 -0.054291 0.0281746 -0.998128
6.00375 -1.67318 5.28984 -0.0599989 0.0146614 -0.998091
5.99676 -0.829326 5.30277 -0.0565108 0.00465395 -0.998382
5.63427 0.208738 5.32103 -0.0479314 -0.00354329 -0.998838
5.09543 0.936438 5.34141 -0.0507451 -0.0120777 -0.998619
4.56213 1.58013 5.35118 -0.0436869 -0.027797 -0.998658
3.86493 2.47052 5.3541 -0.0365517 -0.0302525 -0.998874
3.44712 3.24155 5.34711 -0.0366961 -0.0271478 -0.998957
3.22146 4.04051 5.32669 -0.0337016 -0.0470773 -0.998322
2.61114 5.0642 5.29918 -0.0340724 -0.0471429 -0.998307
1.82415 5.63675 5.28663 -0.0195095 -0.0596208 -0.998027
0.568426 6.11274 5.25617 0.00341664 -0.0721162 -0.997383
-0.34522 6.19577 5.24795 0.00481225 -0.0691102 -0.997595
-1.19618 6.12269 5.24647 0.00968901 -0.0622765 -0.998012
-1.95635 5.98704 5.24756 0.0223846 -0.0624217 -0.997718
-2.72707 5.70963 5.23785 0.0382441 -0.0590595 -0.99751
-3.45431 5.392 5.22644 0.03922 -0.0562722 -0.997645
-3.66264 5.26795 5.22525 0.03922 -0.0562721 -0.997645
-2.55659 4.00253 5.33805 0.0392806 -0.0404446 -0.998388
-3.35732 3.34319 5.32846 0.0457162 -0.0409984 -0.998113
-3.74569 2.65719 5.33817 0.0461088 -0.0391449 -0.998169
-4.00299 1.56669 5.35733 0.0529472 -0.0135992 -0.998505
-4.02773 0.816267 5.36145 0.03935 0.00392082 -0.999209
-4.01263 0.0275219 5.3613 0.0365623 0.000889233 -0.999331
-3.77362 -0.895063 5.36923 0.0363424 0.00188417 -0.999337
-3.6434 -1.64108 5.37255 0.0335661 0.00175247 -0.999433
-3.46998 -2.38371 5.37179 0.0477108 0.0210624 -0.998634
-3.16255 -3.10822 5.3708 0.0613655 0.0212967 -0.997888
-2.55868 -3.91225 5.3642 0.0211772 0.0465564 -0.99861
-2.01702 -4.63586 5.3395 0.0255048 0.0537327 -0.99823
-1.07493 -5.13863 5.33306 0.0160472 0.056122 -0.998295
-0.241829 -5.0049 5.35089 0.00305834 0.050835 -0.998673
0.467556 -4.63277 5.36683 -0.00892193 0.0388021 -0.999117
1.2085 -4.17197 5.36864 -0.0161016 0.0262729 -0.999525
1.94141 -3.75722 5.36774 -0.0154568 0.0277764 -0.999493
2.59322 -3.35585 5.36983 -0.0220792 0.0300509 -0.999278
3.32498 -2.86249 5.36356 -0.0293464 0.0308219 -0.999094
3.94627 -2.33525 5.35984 -0.0280829 0.0289933 -0.999181
4.38371 -1.51295 5.37271 -0.030892 0.0216135 -0.999245
4.30594 -0.630838 5.38044 -0.0306067 -0.0043718 -0.999512
3.91294 0.0897265 5.38601 -0.0269369 -0.00697056 -0.999613
3.4482 0.714726 5.39409 -0.0251578 -0.00350753 -0.999671
2.8889 1.45332 5.40205 -0.0314917 -0.0134315 -0.999414
2.35325 2.27509 5.40788 -0.0362002 -0.0115665 -0.999265
1.99696 2.97673 5.39286 -0.0140471 -0.0333626 -0.99932
1.47859 3.86793 5.37123 -0.0178243 -0.0284255 -0.999435
0.743807 4.43408 5.36292 -0.00640478 -0.0447331 -0.998978
-0.0545665 4.69696 5.34384 0.00320408 -0.0621304 -0.99801
-0.881151 4.72411 5.34754 0.00488959 -0.0693156 -0.997508
-1.6251 4.45802 5.34469 0.0228436 -0.051737 -0.998399
-2.41445 4.08885 5.33928 0.0314601 -0.0440842 -0.998523
-1.4356 2.88296 5.40938 0.014748 -0.0262156 -0.999508
-0.67518 3.08787 5.40866 0.00433089 -0.0269803 -0.999624
0.276848 2.74631 5.4149 -0.00699983 -0.0250438 -0.999662
0.889458 2.01599 5.42643 -0.00824706 -0.0117165 -0.999874
1.3824 1.17439 5.43406 0.00334218 -0.0111838 -0.999932
1.87147 0.427916 5.43384 -0.00685161 0.00269478 -0.999973
2.40213 -0.372427 5.42423 -0.0251578 -0.00350753 -0.999671
2.58761 -1.27409 5.41468 -0.0161221 0.0114771 -0.999804
2.0851 -1.85278 5.41373 -0.0116191 0.0127495 -0.999851
1.07639 -2.58046 5.41008 -0.0158211 0.0232338 -0.99959
0.304886 -2.99393 5.41695 -0.0191429 0.0270185 -0.999441
-0.518263 -3.26629 5.41345 0.00713278 0.0300992 -0.999521
-1.38668 -2.95345 5.41667 0.00830371 0.0216694 -0.999694
-2.11265 -1.80695 5.4147 0.0208078 0.00813448 -0.999749
-2.28294 -0.670474 5.42013 0.0191035 0.00722202 -0.999791
-2.44083 0.208664 5.41974 0.0257981 0.00234407 -0.999664
-2.51034 1.06256 5.41994 0.0228539 -0.00647498 -0.999675
-2.33062 1.89622 5.41015 0.0249578 -0.0212365 -0.999463
-1.83648 2.60706 5.40738 0.0242847 -0.0241506 -0.999409
-0.845529 1.1425 5.44212 0.00532172 -0.0148305 -0.999876
-0.973175 0.372508 5.45193 0.0113648 -0.00300733 -0.999857
-0.922999 -0.640347 5.44606 0.0184218 0.00641886 -0.99981
-0.495844 -1.26293 5.44425 -0.0102939 0.00614317 -0.999928
0.780838 -0.912366 5.43317 -0.0103398 0.00604864 -0.999928
0.454105 0.094453 5.44264 -0.0110577 0.00670283 -0.999916
0.0060055 0.699419 5.44543 -0.0116035 -0.00579679 -0.999916
-0.594849 1.07183 5.4445 0.00502292 -0.0140047 -0.999889
15.2362 20.7626 2.57493 -0.100704 -0.0793082 -0.991749
16.1411 20.2307 2.52754 -0.0956629 -0.0800142 -0.992185
16.9636 20.169 2.4571 -0.0901718 -0.0815881 -0.992579
17.9541 19.857 2.4004 -0.0794551 -0.0813597 -0.993513
18.4728 19.3213 2.40069 -0.0770662 -0.0782108 -0.993941
19.0776 18.7422 2.40312 -0.0753425 -0.0756387 -0.994272
19.6754 17.9958 2.41162 -0.0722697 -0.0694044 -0.994967
20.2375 17.2551 2.42954 -0.0658731 -0.082552 -0.994407
20.8879 16.6247 2.43878 -0.0599338 -0.0827492 -0.994749
21.7528 16.0571 2.42628 -0.0645542 -0.0752439 -0.995073
22.4332 15.6379 2.42105 -0.0556192 -0.0804043 -0.995209
23.8399 15.1378 2.39316 -0.043008 -0.0789238 -0.995952
24.6706 14.9695 2.37063 -0.043023 -0.0789249 -0.995952
25.6861 15.0312 2.32902 -0.0323953 -0.0898321 -0.99543
26.6953 14.997 2.30324 -0.0273009 -0.0879984 -0.995746
27.7786 14.9979 2.27158 -0.0186731 -0.0763387 -0.996907
28.7156 15.2217 2.24242 -0.0145651 -0.0671198 -0.997637
29.3831 15.7672 2.19478 -0.0162657 -0.0672251 -0.997605
29.7753 16.4325 2.14488 -0.0132496 -0.0570915 -0.998245
29.5619 17.2628 2.10686 -0.0146631 -0.0443055 -0.998896
29.3332 18.207 2.07321 -0.0167097 -0.0389159 -0.999102
28.8673 19.0749 2.04466 -0.0116611 -0.0395808 -0.999148
28.2152 19.7685 2.02995 -0.0116001 -0.0260101 -0.999594
27.3795 20.2312 2.02626 -0.0085843 -0.0244204 -0.999665
26.3607 20.9167 2.01792 -0.00829904 -0.0246781 -0.999661
25.6202 21.3745 2.01289 -0.00901771 -0.0209802 -0.999736
24.9847 21.9 2.00917 -0.00978149 -0.0189735 -0.999772
24.3944 22.4652 2.00425 -0.0168299 -0.025799 -0.999525
23.6954 23.3298 2.00521 -0.016608 -0.0134532 -0.999771
23.138 23.921 2.00725 -0.0193348 -0.014032 -0.999715
22.6179 24.5122 2.00901 -0.0190804 -0.0150785 -0.999704
22.024 25.1233 2.01141 -0.0214177 -0.015688 -0.999648
21.5307 25.7795 2.01168 -0.0217232 -0.0134642 -0.999671
21.0101 26.4569 2.01553 -0.0252811 -0.0109739 -0.999615
19.9521 26.9221 2.04075 -0.0285338 -0.0107075 -0.999535
18.8728 27.6245 2.06565 -0.0315333 -0.00991534 -0.999454
18.3557 28.2766 2.07744 -0.0403555 -0.0144244 -0.999081
17.7291 28.8623 2.0938 -0.0412244 -0.0147903 -0.99904
17.0413 29.4004 2.11541 -0.0430078 -0.0140736 -0.998976
16.2764 29.6559 2.14474 -0.0520988 -0.0151979 -0.998484
15.1557 29.4557 2.21673 -0.0629384 -0.0186062 -0.99784
14.8635 28.7373 2.25198 -0.0695145 -0.0207748 -0.997365
14.6072 27.9843 2.28553 -0.0682459 -0.0196288 -0.997474
14.4865 26.9776 2.31957 -0.0673533 -0.0335678 -0.997164
14.7036 26.0162 2.32896 -0.0821355 -0.0272224 -0.996249
14.8078 25.2652 2.34132 -0.0913036 -0.0382439 -0.995044
14.7687 24.4557 2.38627 -0.0909918 -0.0515189 -0.994518
14.5153 23.0489 2.48885 -0.1033 -0.0588684 -0.992907
14.4834 22.1555 2.54513 -0.100638 -0.0628111 -0.992927
14.7699 21.3991 2.57289 -0.102045 -0.0779333 -0.991722
14.8579 21.273 2.57375 -0.102045 -0.0779333 -0.991722
16.4841 21.8942 2.37247 -0.0857204 -0.0665877 -0.994092
17.2442 21.6536 2.32592 -0.062816 -0.0644491 -0.995942
18.4003 21.2575 2.27613 -0.0724815 -0.0617861 -0.995436
19.2234 20.6653 2.24855 -0.0706483 -0.0685529 -0.995095
19.9584 19.9746 2.25378 -0.0508956 -0.067935 -0.996298
20.6838 19.1918 2.26606 -0.0437357 -0.0525885 -0.997658
21.2091 18.5513 2.2768 -0.0463205 -0.0509047 -0.997624
21.7048 17.9671 2.2877 -0.04418 -0.0667304 -0.996792
22.323 17.4619 2.29412 -0.0470069 -0.0654628 -0.996742
23.0047 17.0666 2.28847 -0.0485875 -0.0723315 -0.996196
23.8865 16.6942 2.27274 -0.048318 -0.0725824 -0.996191
24.6249 16.5388 2.25027 -0.0308278 -0.0612145 -0.997648
25.6821 16.5584 2.21666 -0.0305657 -0.0615215 -0.997638
26.4501 16.5525 2.19619 -0.0269924 -0.0616201 -0.997735
27.2064 16.4777 2.18055 -0.0202909 -0.0643679 -0.997708
27.8951 16.9894 2.14348 -0.0165511 -0.0482052 -0.9987
27.752 17.9655 2.10222 -0.0112857 -0.0474734 -0.998799
27.263 18.5544 2.07808 -0.00793692 -0.0369856 -0.999275
26.2486 19.2103 2.06939 -0.0153999 -0.035671 -0.999245
25.3593 19.7807 2.06824 -0.0200434 -0.0319142 -0.999289
24.6155 20.3433 2.06214 -0.0227155 -0.039927 -0.998944
24.0164 20.8416 2.05585 -0.0249675 -0.0382054 -0.998954
23.2817 21.5899 2.04995 -0.0345362 -0.0314182 -0.998897
22.7267 22.2388 2.05247 -0.0356601 -0.0266229 -0.999009
22.1822 22.8623 2.05529 -0.0280617 -0.0271828 -0.999207
21.5846 23.4822 2.05714 -0.0267605 -0.0225947 -0.999386
21.0182 24.083 2.05873 -0.0268747 -0.022179 -0.999393
20.4565 24.6864 2.06023 -0.0258677 -0.021793 -0.999428
19.8784 25.2687 2.0625 -0.0277572 -0.0171035 -0.999456
19.153 25.7194 2.07954 -0.0342804 -0.0132142 -0.999325
18.4796 26.1228 2.09956 -0.0472515 -0.00323664 -0.998878
17.64 26.8383 2.12984 -0.0443365 -0.0177049 -0.998858
17.0927 27.3739 2.1454 -0.0451975 -0.0186927 -0.998803
16.373 27.6841 2.17423 -0.0653693 -0.0200163 -0.99766
16.0878 26.6517 2.21122 -0.0606989 -0.0178057 -0.997984
16.1791 25.8203 2.22466 -0.0645949 -0.0279913 -0.99749
16.1989 24.8947 2.25306 -0.0718531 -0.0371963 -0.996707
16.146 24.1103 2.28522 -0.0813333 -0.0348667 -0.996077
16.06 23.3061 2.32149 -0.0765304 -0.0405464 -0.996222
16.1405 22.4594 2.36424 -0.0857203 -0.0665878 -0.994092
17.576 23.5548 2.21036 -0.0581107 -0.03836 -0.997573
17.7735 24.3099 2.16982 -0.0589394 -0.0351488 -0.997637
18.2387 24.6263 2.1336 -0.0445257 -0.0224244 -0.99873
18.8909 24.1459 2.12269 -0.034943 -0.0265302 -0.999037
19.512 23.578 2.11605 -0.0387578 -0.032209 -0.998706
20.0551 23.0043 2.10949 -0.037003 -0.0233565 -0.999042
20.7634 22.2262 2.10654 -0.0330475 -0.0416133 -0.998587
21.3859 21.5643 2.11309 -0.0336453 -0.0415234 -0.998571
22.0153 20.8259 2.12656 -0.0384297 -0.0491997 -0.998032
22.6985 20.175 2.12791 -0.0442681 -0.0485406 -0.99784
23.2649 19.6548 2.12692 -0.0379521 -0.0484999 -0.99807
23.8456 19.0538 2.14012 -0.0306247 -0.05151 -0.998203
24.2969 18.3317 2.16189 -0.0307039 -0.0472988 -0.998409
24.224 18.0897 2.17561 -0.0305468 -0.0473953 -0.998409
23.5257 18.4077 2.18214 -0.0308613 -0.0472027 -0.998408
22.9836 18.9682 2.17099 -0.0379522 -0.0484999 -0.99807
22.3205 19.724 2.16662 -0.0447737 -0.0470152 -0.997889
21.6394 20.4006 2.16007 -0.0325914 -0.0498591 -0.998224
20.954 21.1676 2.14414 -0.0331184 -0.0456913 -0.998398
20.3168 21.7232 2.14206 -0.0324494 -0.0417034 -0.998603
19.6502 22.2281 2.14264 -0.0347261 -0.0325299 -0.998823
18.9082 22.5943 2.16942 -0.0662203 -0.0492059 -0.996591
18.0771 22.9155 2.20676 -0.0587196 -0.0457421 -0.997219
17.722 23.3866 2.20833 -0.0593537 -0.0403669 -0.997418
21.0867 -14.7747 2.71884 -0.0792446 0.0942396 -0.992391
20.1721 -15.0957 2.76346 -0.0930028 0.0981042 -0.990821
19.5308 -15.8996 2.7392 -0.0879844 0.104439 -0.990632
18.9606 -16.6818 2.71157 -0.0825968 0.0966313 -0.991887
18.4708 -17.2635 2.69819 -0.0935402 0.103325 -0.99024
17.8947 -17.9581 2.68381 -0.0862939 0.0893879 -0.992252
17.4144 -18.7394 2.66492 -0.0935621 0.0746598 -0.99281
16.8992 -19.7869 2.63223 -0.096127 0.0778837 -0.992317
16.5479 -20.6353 2.60058 -0.102469 0.0745294 -0.99194
16.2322 -21.739 2.55879 -0.0933691 0.0624036 -0.993674
15.6947 -22.4768 2.5616 -0.0928143 0.064154 -0.993614
15.3321 -23.1483 2.55602 -0.0757675 0.0386767 -0.996374
14.9621 -24.4057 2.53582 -0.0867997 0.0449766 -0.995198
14.6616 -25.2719 2.52468 -0.0782945 0.037733 -0.996216
14.4088 -26.2324 2.50817 -0.0787036 0.037149 -0.996205
14.3794 -26.9896 2.48266 -0.0791562 0.0366388 -0.996189
14.2404 -27.7517 2.46598 -0.0772924 0.0299348 -0.99654
14.1883 -28.5115 2.45111 -0.0742868 0.0246062 -0.996933
14.7894 -29.6196 2.38789 -0.0650177 0.0156058 -0.997762
15.7692 -29.7532 2.32948 -0.0473722 0.0139353 -0.99878
16.5387 -29.6625 2.29418 -0.0473451 0.0160913 -0.998749
17.3313 -29.4098 2.26128 -0.0467335 0.0165452 -0.99877
18.0242 -28.9879 2.23738 -0.0313421 0.0113574 -0.999444
18.6941 -28.6246 2.22039 -0.03105 0.0105043 -0.999463
19.6151 -28.1827 2.19638 -0.0311267 0.0104413 -0.999461
20.4862 -27.7098 2.17555 -0.0263526 0.0164168 -0.999511
21.4437 -26.9471 2.16725 -0.0236603 0.015513 -0.999597
21.9392 -26.1044 2.16743 -0.0227469 0.0136868 -0.999648
22.3603 -25.392 2.16733 -0.0204869 0.0140005 -0.999689
22.8428 -24.6232 2.17009 -0.0180097 0.0148983 -0.999727
23.5989 -23.9325 2.16743 -0.0171673 0.01574 -0.999729
24.2383 -23.5355 2.16371 -0.0157987 0.0186633 -0.999701
24.7799 -22.9564 2.16599 -0.0156746 0.0187059 -0.999702
25.347 -22.3413 2.16858 -0.0152677 0.0189182 -0.999704
26.0602 -21.5854 2.17248 -0.0150122 0.0182374 -0.999721
26.5249 -20.8391 2.17929 -0.0126777 0.0187746 -0.999743
27.1773 -19.9137 2.19269 -0.0146464 0.0319312 -0.999383
27.9943 -19.0043 2.20991 -0.0153405 0.037358 -0.99917
28.4961 -18.1263 2.2378 -0.0131814 0.0401615 -0.999106
28.8272 -17.3478 2.26472 -0.0123755 0.0420928 -0.999035
29.2753 -16.4339 2.30413 -0.0163758 0.055107 -0.998346
29.1066 -15.2633 2.37143 -0.0180248 0.056296 -0.998249
28.311 -14.6452 2.42271 -0.0169073 0.0587456 -0.998126
27.5173 -14.5848 2.44441 -0.0293093 0.0696578 -0.997134
26.7317 -14.5422 2.47184 -0.0268168 0.0718129 -0.997049
25.8277 -14.4935 2.49595 -0.0227891 0.0706725 -0.997239
25.0005 -14.6959 2.50255 -0.0387384 0.0886327 -0.995304
24.0702 -14.8517 2.52826 -0.0424442 0.08908 -0.99512
23.131 -14.9626 2.55839 -0.0502119 0.0918318 -0.994473
21.892 -14.9445 2.63858 -0.0694622 0.092957 -0.993225
21.2226 -14.7799 2.70749 -0.0792445 0.0942394 -0.992391
21.3587 -16.4722 2.54536 -0.0512589 0.0614799 -0.99679
22.1121 -16.4534 2.50896 -0.049721 0.0625065 -0.996805
22.9078 -16.4312 2.47215 -0.043584 0.0597527 -0.99726
23.7505 -16.342 2.43955 -0.0447898 0.0586444 -0.997274
24.6113 -16.1985 2.41678 -0.0322656 0.0576387 -0.997816
25.3576 -16.081 2.40137 -0.0262677 0.0639318 -0.997604
26.2046 -16.02 2.38429 -0.0266173 0.0670899 -0.997392
27.0558 -16.1545 2.35252 -0.024309 0.0569223 -0.998028
27.2876 -16.9335 2.31138 -0.0202602 0.0462414 -0.998725
26.7026 -18.0624 2.27098 -0.0188037 0.0433615 -0.998877
26.1671 -18.7273 2.2523 -0.0199166 0.0440999 -0.998829
25.5777 -19.5842 2.23071 -0.0226183 0.0361797 -0.999086
24.7985 -20.6389 2.21547 -0.0239321 0.0283856 -0.999311
24.2773 -21.2661 2.20873 -0.022029 0.0234393 -0.999483
23.5838 -21.9963 2.20682 -0.0208 0.0212885 -0.999554
22.9799 -22.6421 2.20489 -0.0192838 0.0218406 -0.999575
21.9209 -23.4936 2.20782 -0.0217545 0.020232 -0.999557
21.4164 -24.0701 2.20805 -0.0244542 0.0175779 -0.999543
20.9624 -24.7575 2.20928 -0.0229938 0.015523 -0.999612
20.5166 -25.499 2.20822 -0.0224593 0.0110432 -0.999687
19.9681 -26.1425 2.21343 -0.0304993 0.0105541 -0.999447
19.2106 -26.6652 2.23115 -0.0340513 0.0210062 -0.999199
18.4535 -27.0912 2.248 -0.03644 0.0207729 -0.999117
17.6715 -27.5174 2.27391 -0.0435975 0.0135976 -0.998957
17.0022 -27.856 2.29818 -0.0446843 0.0145255 -0.998895
16.1662 -28.0904 2.33406 -0.0504102 0.0193685 -0.998522
15.878 -27.1689 2.37228 -0.0564947 0.0189998 -0.998202
15.9466 -26.1011 2.39427 -0.0682083 0.0301447 -0.997216
16.1259 -25.3652 2.40529 -0.0674363 0.0317937 -0.997217
16.5215 -24.3055 2.41947 -0.0669329 0.0422254 -0.996825
16.9567 -23.3507 2.42709 -0.0690435 0.0297446 -0.997152
17.4304 -22.6179 2.41956 -0.0713436 0.0349188 -0.99684
17.8347 -21.4239 2.43152 -0.0809873 0.0485321 -0.995389
18.1484 -20.634 2.46075 -0.0635727 0.0651549 -0.995848
18.6523 -19.6675 2.4919 -0.0634138 0.0653401 -0.995846
19.0264 -19.0018 2.51375 -0.0669003 0.0716765 -0.995181
19.7359 -18.131 2.52729 -0.0623395 0.0682971 -0.995699
20.4216 -17.2499 2.55453 -0.0562383 0.0750918 -0.99559
21.2101 -16.5205 2.5503 -0.0587264 0.0607027 -0.996409
21.7339 -18.1635 2.41899 -0.049361 0.0696176 -0.996352
22.5087 -18.0193 2.39341 -0.0371977 0.0525371 -0.997915
23.5736 -17.8895 2.35838 -0.0386895 0.0480261 -0.998096
24.3746 -17.893 2.33227 -0.0270908 0.0488257 -0.99844
24.5198 -18.4609 2.3007 -0.0271904 0.0456005 -0.998585
23.9722 -19.3505 2.27634 -0.0228052 0.0424806 -0.998836
23.1849 -20.3543 2.25877 -0.0277643 0.0321194 -0.999098
22.5436 -21.0681 2.25355 -0.0255331 0.0228974 -0.999412
21.7672 -21.7288 2.25471 -0.0218418 0.027837 -0.999374
21.1095 -22.2502 2.26121 -0.0317637 0.0256716 -0.999166
20.5551 -22.8197 2.26268 -0.0325723 0.0274048 -0.999092
20.0141 -23.458 2.26405 -0.0344155 0.0270231 -0.999042
19.4053 -24.0762 2.27071 -0.0476463 0.0220844 -0.99862
19.0377 -24.9494 2.26783 -0.0464236 0.025584 -0.998594
18.2645 -25.4215 2.29168 -0.0475637 0.0253714 -0.998545
17.9213 -24.8902 2.32181 -0.0487036 0.0251587 -0.998496
18.299 -24.1101 2.32275 -0.0491171 0.0241061 -0.998499
18.6336 -23.3935 2.32455 -0.0505879 0.0261278 -0.998378
19.005 -22.6955 2.32248 -0.0511202 0.0236169 -0.998413
19.2981 -21.8398 2.33639 -0.0387406 0.0412878 -0.998386
19.719 -20.8921 2.36175 -0.0412682 0.0450294 -0.998133
20.3072 -19.9371 2.38458 -0.0525426 0.059561 -0.996822
20.9564 -19.0356 2.39747 -0.0566097 0.0603506 -0.996555
21.4302 -18.393 2.418 -0.049361 0.0696178 -0.996352
-13.6895 -28.0325 2.39333 0.0913896 0.0317725 -0.995308
-13.8326 -28.9139 2.36496 0.0761918 0.0187154 -0.996918
-14.6985 -29.7661 2.2864 0.0666256 0.0203136 -0.997565
-15.8487 -29.8795 2.21005 0.0591498 0.0158099 -0.998124
-16.5448 -29.6152 2.17299 0.0602468 0.0146224 -0.998075
-17.2912 -29.2346 2.13661 0.0477945 0.00928809 -0.998814
-18.0327 -28.722 2.10589 0.0472264 0.0107602 -0.998825
-18.7274 -28.3203 2.08266 0.0317412 0.0139791 -0.999398
-19.519 -27.9413 2.06282 0.0315401 0.0145364 -0.999397
-20.22 -27.4944 2.05002 0.0271107 0.0157718 -0.999508
-20.8778 -27.0396 2.03949 0.0238631 0.0120937 -0.999642
-21.4809 -26.4748 2.02969 0.0224756 0.0062161 -0.999728
-22.1469 -25.8778 2.0218 0.0171858 0.00986109 -0.999804
-22.8894 -25.219 2.01724 0.0143085 0.0121429 -0.999824
-23.4099 -24.4426 2.02027 0.0164096 0.0174809 -0.999712
-23.8502 -23.5583 2.02841 0.0147086 0.0168981 -0.999749
-24.5705 -22.5863 2.03151 0.0163816 0.013099 -0.99978
-25.3209 -21.6281 2.03612 0.0117914 0.0188703 -0.999752
-25.7723 -20.9834 2.04296 0.0117918 0.0188702 -0.999752
-26.1685 -20.3261 2.05828 0.00821512 0.0325468 -0.999436
-26.5435 -19.6485 2.07726 0.00821381 0.0325472 -0.999436
-26.9082 -18.9214 2.09643 0.0146461 0.0355153 -0.999262
-27.329 -18.2384 2.11454 0.011602 0.0372182 -0.999234
-27.8415 -17.4049 2.14537 0.00836152 0.0431706 -0.999033
-28.6152 -16.6038 2.17561 0.00800829 0.0549155 -0.998406
-29.3344 -15.6616 2.22258 0.0167219 0.0557503 -0.998305
-29.0424 -14.9296 2.26835 0.0180123 0.0621363 -0.997884
-27.9677 -14.5564 2.31479 0.0193027 0.0685224 -0.997463
-27.1452 -14.4335 2.33944 0.0197018 0.068651 -0.997446
-26.3713 -14.4804 2.35404 0.0319578 0.0856107 -0.995806
-25.5418 -14.6358 2.37253 0.0386521 0.084371 -0.995684
-24.7077 -14.5488 2.40329 0.0297012 0.0798019 -0.996358
-23.8667 -14.9377 2.41103 0.0498483 0.0822746 -0.995362
-22.8651 -15.2668 2.44115 0.0686634 0.0871761 -0.993716
-22.171 -15.6858 2.44863 0.0604294 0.0826308 -0.994746
-21.5004 -16.0949 2.45543 0.0606787 0.0825328 -0.994739
-20.4633 -16.4228 2.49148 0.0604851 0.0834149 -0.994677
-19.8171 -16.8548 2.50253 0.0913274 0.105519 -0.990215
-19.1686 -17.3165 2.51297 0.0892939 0.103593 -0.990601
-18.0409 -18.16 2.52887 0.0897064 0.101261 -0.990807
-17.3597 -18.6665 2.56096 0.0985217 0.0683398 -0.992786
-16.6839 -19.0358 2.60199 0.0940039 0.0732821 -0.992867
-16.0384 -19.6762 2.61329 0.10362 0.082551 -0.991074
-15.5236 -20.598 2.59149 0.0908148 0.073047 -0.993184
-15.3233 -21.3801 2.5574 0.0985408 0.0670594 -0.992871
-15.2076 -22.1218 2.5188 0.098812 0.0637547 -0.993056
-15.1211 -23.0204 2.47273 0.0914229 0.0535697 -0.994316
-15.1963 -23.8711 2.42045 0.084966 0.0541967 -0.994909
-15.3175 -24.808 2.35947 0.0751047 0.0452187 -0.996066
-15.1444 -25.9827 2.32971 0.0749752 0.0276424 -0.99675
-14.7624 -26.6425 2.3456 0.0802409 0.0320711 -0.996259
-14.1631 -27.297 2.3728 0.0802416 0.0320709 -0.996259
-13.7216 -27.9756 2.3922 0.0913896 0.0317725 -0.995308
-15.8914 -27.8431 2.24014 0.0556829 0.0148865 -0.998338
-16.37 -27.0112 2.22585 0.0548914 0.0191975 -0.998298
-16.6908 -26.3008 2.22519 0.0554061 0.0231394 -0.998195
-16.8829 -25.2568 2.23775 0.063181 0.0281079 -0.997567
-16.8535 -24.3231 2.27185 0.069742 0.0406482 -0.996716
-16.6783 -23.5147 2.32235 0.0712648 0.0451439 -0.996433
-16.6717 -22.6163 2.3642 0.0747506 0.0474531 -0.996073
-16.7991 -21.7382 2.39647 0.0758484 0.0465259 -0.996032
-17.034 -20.9743 2.42742 0.0870461 0.0707972 -0.993685
-17.689 -20.2485 2.41881 0.0944755 0.0638972 -0.993474
-18.4087 -19.7051 2.38532 0.0956023 0.0679916 -0.993086
-19.0937 -19.2404 2.37219 0.0647827 0.0685646 -0.995541
-19.7522 -18.7454 2.36485 0.0631439 0.0637808 -0.995946
-20.5408 -18.2178 2.34319 0.0694366 0.0675162 -0.99526
-21.2658 -17.8139 2.32493 0.0548916 0.0811692 -0.995168
-22.0237 -17.4553 2.31536 0.0494917 0.0780416 -0.995721
-23.0536 -16.9646 2.29034 0.0599474 0.0785175 -0.995103
-23.8845 -16.5679 2.28297 0.0295917 0.0657397 -0.997398
-24.6062 -16.3275 2.27741 0.028994 0.0661865 -0.997386
-25.3783 -16.1891 2.26142 0.0378116 0.0697388 -0.996848
-26.2555 -16.0213 2.23989 0.0354847 0.0723837 -0.996739
-26.3349 -17.0048 2.18735 0.0138624 0.0502877 -0.998639
-25.8647 -17.9029 2.14865 0.0145121 0.0430432 -0.998941
-25.424 -18.7169 2.12814 0.0179822 0.034318 -0.999249
-25.0617 -19.3829 2.1108 0.0167527 0.0376351 -0.999151
-24.5391 -20.2395 2.08679 0.0179776 0.0384037 -0.999099
-23.9646 -21.0481 2.07264 0.0255207 0.0297367 -0.999232
-23.2146 -21.9698 2.06855 0.0220627 0.0187426 -0.999581
-22.7474 -22.5884 2.06628 0.0193697 0.0230848 -0.999546
-22.3655 -23.2943 2.05738 0.0181756 0.0199726 -0.99963
-21.8322 -24.0635 2.05403 0.0274149 0.0217776 -0.999387
-21.2737 -24.7106 2.05525 0.0276279 0.0212515 -0.999392
-20.4352 -25.4501 2.06327 0.0320856 0.0198113 -0.999279
-19.6775 -26.0772 2.08353 0.0390583 0.0132085 -0.99915
-18.9091 -26.5441 2.10768 0.0356151 0.02231 -0.999117
-17.7841 -27.1738 2.14447 0.0553115 0.0212607 -0.998243
-17.0392 -27.6273 2.1754 0.0587727 0.0217589 -0.998026
-16.2852 -28.1043 2.21277 0.0626368 0.0208455 -0.997819
-16.003 -28.1828 2.22885 0.0591599 0.017866 -0.998078
-18.4375 -24.7019 2.16351 0.0529412 0.0231263 -0.99833
-18.3057 -23.8394 2.19522 0.0560759 0.037051 -0.997689
-18.2008 -23.0518 2.23693 0.0627458 0.0444447 -0.997039
-18.2469 -22.1617 2.26608 0.0751872 0.0450802 -0.99615
-18.6454 -21.4655 2.26751 0.0730901 0.0483051 -0.996147
-19.4238 -20.7824 2.24737 0.06152 0.0501805 -0.996797
-20.0914 -20.3527 2.2378 0.0495212 0.0584338 -0.997062
-21.0475 -19.7614 2.22824 0.0471397 0.051123 -0.997519
-22.0465 -19.1107 2.20206 0.0553369 0.049004 -0.997241
-22.7709 -18.6897 2.18692 0.0308063 0.0255673 -0.999198
-23.5595 -18.3907 2.17665 0.0180264 0.0361471 -0.999184
-23.4256 -19.2661 2.14733 0.027118 0.0393017 -0.998846
-22.9792 -19.9454 2.13385 0.0329741 0.0401824 -0.998647
-22.3281 -20.6985 2.12951 0.0277181 0.0322728 -0.999084
-21.5954 -21.5969 2.11681 0.0314743 0.0359428 -0.998857
-20.8977 -22.7467 2.10426 0.0250917 0.020095 -0.999481
-20.3703 -23.4236 2.10548 0.0258785 0.0183638 -0.999496
-19.6476 -24.1376 2.12255 0.0444861 0.0298936 -0.998563
