-23.8929 18.7851 28.8729 -0.294795 0.28256 0.912819
-23.8336 19.4661 28.6836 -0.286481 0.2767 0.91726
-23.8336 19.4661 28.6836 -0.286481 0.2767 0.91726
-23.2406 20.1121 28.675 -0.289569 0.285325 0.913611
-22.6654 20.6641 28.6839 -0.283285 0.27892 0.91758
-22.1418 21.2283 28.6662 -0.285669 0.284192 0.915216
-21.6093 21.7991 28.6622 -0.282453 0.275667 0.918808
-21.0044 22.3875 28.6675 -0.279146 0.276259 0.919647
-20.2331 23.1371 28.6784 -0.278809 0.274975 0.920138
-19.3688 23.827 28.731 -0.276371 0.27755 0.9201
-18.6622 23.8499 28.9378 -0.278293 0.292377 0.914915
-18.9013 23.0581 29.1147 -0.291238 0.282762 0.913907
-19.4544 22.2764 29.1876 -0.289017 0.29385 0.91111
-20.054 21.6939 29.1805 -0.293407 0.28746 0.911745
-20.6173 21.1805 29.1615 -0.294882 0.289211 0.910671
-21.1785 20.6016 29.1655 -0.292455 0.291893 0.910642
-21.6819 19.995 29.1983 -0.281679 0.297004 0.912385
-22.4568 19.2819 29.1861 -0.296136 0.295876 0.908111
-23.2758 18.7777 29.0774 -0.296937 0.284983 0.911377
-23.7721 18.7462 28.9246 -0.298634 0.283326 0.911342
-24.0898 17.3864 29.2442 -0.302721 0.284128 0.909726
-24.8233 17.397 29.0014 -0.297993 0.283116 0.911617
-25.5356 17.4337 28.7624 -0.288813 0.276887 0.916463
-26.3662 17.4643 28.496 -0.285126 0.271293 0.919295
-26.4533 18.004 28.3111 -0.277409 0.265454 0.923352
-25.8971 18.7458 28.2645 -0.275578 0.265628 0.92385
-25.3776 19.374 28.2374 -0.27345 0.270263 0.923138
-24.9334 20.027 28.1765 -0.277529 0.2699 0.921988
-24.4179 20.6677 28.1464 -0.275893 0.272098 0.921871
-23.9112 21.259 28.1247 -0.277449 0.269624 0.922126
-23.3415 21.82 28.1308 -0.274859 0.267022 0.923662
-22.6842 22.5282 28.1221 -0.27403 0.269977 0.923041
-22.0528 23.1412 28.128 -0.275493 0.271585 0.922142
-21.5152 23.6653 28.1346 -0.275993 0.272566 0.921703
-20.8137 24.2657 28.1672 -0.274315 0.275034 0.921465
-20.2208 24.7259 28.2045 -0.2717 0.274068 0.922532
-19.633 25.2287 28.2255 -0.267165 0.274966 0.923589
-19.0184 25.7086 28.2596 -0.272785 0.276839 0.921384
-18.3741 26.2236 28.2973 -0.26858 0.269104 0.924904
-17.5602 26.4907 28.4566 -0.268668 0.27511 0.92311
-17.3612 25.5814 28.7898 -0.274286 0.283444 0.918927
-17.3052 24.828 29.0411 -0.281233 0.292254 0.914055
-17.3444 23.7937 29.3658 -0.284382 0.296385 0.911739
-17.365 22.9844 29.6311 -0.296188 0.310475 0.90326
-17.8473 22.2281 29.7291 -0.30168 0.303943 0.903664
-18.3909 21.5546 29.7724 -0.307728 0.30547 0.901106
-19.0269 20.8744 29.7859 -0.299034 0.301107 0.905491
-19.6789 20.4038 29.7285 -0.300757 0.303736 0.90403
-20.2715 19.8359 29.7177 -0.305416 0.303299 0.902622
-20.7564 19.2122 29.7653 -0.300497 0.304937 0.903721
-21.4032 18.5079 29.7884 -0.307045 0.303158 0.902093
-22.2078 17.7633 29.7585 -0.305925 0.296605 0.904669
-23.2128 17.3927 29.5409 -0.310482 0.297726 0.902735
-23.7207 17.3738 29.3733 -0.307876 0.283738 0.908133
-23.8142 16.0207 29.7773 -0.317146 0.292793 0.902048
-23.0497 16.0262 30.0444 -0.319507 0.300101 0.898807
-21.9245 16.1036 30.419 -0.318434 0.302166 0.898496
-21.3825 16.7571 30.3872 -0.315896 0.309317 0.896958
-20.7093 17.4872 30.3722 -0.315129 0.308151 0.897628
-20.0809 18.0837 30.3864 -0.31171 0.311749 0.89758
-19.6293 18.7027 30.3267 -0.314495 0.31388 0.895864
-19.0921 19.2978 30.3068 -0.315003 0.313617 0.895778
-18.2883 19.9179 30.3734 -0.315428 0.313534 0.895656
-17.6038 20.5457 30.3918 -0.31303 0.314051 0.896316
-17.1233 21.1519 30.3467 -0.310854 0.314874 0.896785
-16.3476 21.6686 30.4308 -0.306899 0.317497 0.897223
-16.0068 22.4061 30.2794 -0.298853 0.322839 0.898003
-15.9838 23.1274 30.0354 -0.296712 0.31121 0.902832
-15.9673 23.8953 29.7772 -0.291527 0.309644 0.905051
-15.9497 24.6834 29.5146 -0.287681 0.309427 0.906364
-15.9679 25.5372 29.2247 -0.278543 0.296441 0.913521
-16.0341 26.262 28.973 -0.272879 0.289627 0.917411
-16.0004 27.0028 28.7514 -0.263841 0.2842 0.921737
-16.0157 27.8213 28.5007 -0.261397 0.276464 0.924791
-16.0433 28.611 28.2595 -0.257278 0.271487 0.927418
-16.6322 28.793 28.0428 -0.256771 0.269725 0.92807
-17.2993 28.2953 28.0019 -0.259077 0.270113 0.927317
-18.0304 28.0335 27.8718 -0.257744 0.262543 0.92986
-18.6578 27.6144 27.814 -0.261116 0.259095 0.929886
-19.3075 27.0419 27.792 -0.263575 0.265758 0.927308
-19.9846 26.5951 27.7284 -0.262186 0.265536 0.927766
-20.773 25.9506 27.6893 -0.264297 0.263956 0.927617
-21.3571 25.4627 27.6613 -0.265497 0.261795 0.927887
-21.9852 24.999 27.6123 -0.269371 0.263822 0.926195
-22.5926 24.4076 27.6051 -0.266078 0.263205 0.927322
-23.2247 23.7465 27.6106 -0.269847 0.265579 0.925554
-23.7818 23.2427 27.5937 -0.269437 0.265476 0.925703
-24.3219 22.6417 27.6081 -0.26928 0.261932 0.926755
-24.9825 21.9233 27.6193 -0.266582 0.26457 0.926788
-25.5295 21.2821 27.6449 -0.268161 0.261633 0.927167
-26.0495 20.589 27.6894 -0.271728 0.262962 0.925751
-26.587 19.9342 27.7188 -0.272397 0.265575 0.924808
-27.0881 19.2426 27.7688 -0.272813 0.263291 0.925338
-27.6486 18.5039 27.8125 -0.274119 0.260897 0.92563
-28.0829 17.772 27.8911 -0.272099 0.262468 0.925782
-28.6655 16.9377 27.9573 -0.267162 0.259189 0.928141
-28.7489 16.2337 28.1269 -0.273398 0.258491 0.926518
-28.0252 16.0912 28.3814 -0.282837 0.251191 0.925692
-27.2745 16.088 28.6122 -0.287672 0.26558 0.92017
-26.377 16.1061 28.8908 -0.294887 0.26824 0.917109
-25.6452 16.0664 29.1401 -0.301968 0.275919 0.912515
-24.733 16.0589 29.4461 -0.305561 0.283472 0.908998
-24.0145 16.0134 29.7093 -0.313666 0.290954 0.903848
-24.3163 -15.9562 29.5908 -0.305538 -0.279308 0.910292
-23.5896 -16.0139 29.8201 -0.309304 -0.287285 0.906522
-22.8815 -15.9903 30.0707 -0.311788 -0.297478 0.902359
-22.1476 -16.0528 30.3081 -0.319715 -0.303909 0.897431
-21.3674 -16.5923 30.4022 -0.319875 -0.311406 0.894822
-20.8909 -17.2278 30.3499 -0.310954 -0.309395 0.898656
-20.2276 -17.9478 30.3307 -0.305549 -0.300623 0.903474
-19.7393 -18.5387 30.2997 -0.31618 -0.29628 0.901242
-19.2314 -19.1419 30.2744 -0.315787 -0.305399 0.898337
-18.4311 -19.7985 30.3287 -0.309617 -0.306624 0.900066
-17.8216 -20.3603 30.347 -0.308561 -0.306553 0.900452
-17.0836 -21.0323 30.3706 -0.316778 -0.307965 0.897099
-16.2381 -21.7007 30.4262 -0.308405 -0.319902 0.895851
-16.0707 -22.5825 30.1714 -0.301615 -0.317246 0.899101
-15.9953 -23.3411 29.9329 -0.295551 -0.311871 0.902987
-16.0109 -24.2416 29.6197 -0.284157 -0.308785 0.907693
-15.9936 -25.0905 29.3401 -0.282264 -0.300667 0.911003
-16.009 -26.001 29.0399 -0.270841 -0.295427 0.91617
-16.0427 -26.8274 28.7721 -0.26544 -0.283898 0.921367
-16.0335 -27.721 28.5039 -0.263131 -0.279753 0.923309
-16.0712 -28.5451 28.2472 -0.262754 -0.273579 0.925262
-16.5958 -28.7705 28.0325 -0.263733 -0.271471 0.925606
-17.429 -28.2743 27.9404 -0.265001 -0.274038 0.924487
-18.1046 -27.8908 27.861 -0.264106 -0.271676 0.925439
-18.769 -27.3888 27.8174 -0.265033 -0.270842 0.92542
-19.5086 -26.8789 27.7563 -0.263876 -0.268616 0.926397
-20.0982 -26.3884 27.7307 -0.262496 -0.263983 0.928121
-20.7243 -25.9797 27.6703 -0.264187 -0.26617 0.927015
-21.3468 -25.4552 27.6423 -0.264812 -0.266929 0.926619
-22.0556 -24.8495 27.6144 -0.265642 -0.26623 0.926582
-22.7347 -24.2262 27.5995 -0.260525 -0.263873 0.928707
-23.3852 -23.6906 27.5694 -0.264745 -0.26657 0.926742
-23.8748 -23.1051 27.598 -0.260419 -0.264261 0.928627
-24.5976 -22.3626 27.6018 -0.263762 -0.261762 0.928391
-25.0924 -21.7899 27.6222 -0.266895 -0.260866 0.927748
-25.605 -21.1118 27.6659 -0.263397 -0.260851 0.928751
-26.1055 -20.5103 27.6916 -0.26518 -0.258308 0.928955
-26.6314 -19.784 27.7439 -0.269581 -0.259698 0.927299
-27.1605 -19.1336 27.7713 -0.270848 -0.257603 0.927514
-27.7361 -18.4968 27.7823 -0.26848 -0.261117 0.92722
-28.1128 -17.5775 27.9329 -0.272775 -0.262462 0.925581
-28.5914 -16.88 27.9871 -0.272207 -0.259679 0.926534
-29.0425 -16.2314 28.0343 -0.270537 -0.255719 0.928126
-28.04 -16.0229 28.3884 -0.275362 -0.256447 0.926505
-27.1989 -16.0556 28.6358 -0.282925 -0.26154 0.922794
-26.4519 -16.0252 28.8758 -0.285836 -0.266252 0.920547
-25.4406 -15.9769 29.2117 -0.295894 -0.273445 0.915227
-24.6582 -15.9717 29.471 -0.303728 -0.277263 0.911517
-24.3725 -15.9624 29.57 -0.306426 -0.278756 0.910164
-24.3244 -17.3027 29.1702 -0.293208 -0.285292 0.91247
-25.3932 -17.3381 28.8194 -0.285877 -0.277072 0.917307
-26.2643 -17.4435 28.5212 -0.280881 -0.26903 0.921262
-26.355 -18.1347 28.2917 -0.275003 -0.270422 0.92263
-25.8463 -18.7167 28.2739 -0.270612 -0.263632 0.925887
-25.3665 -19.3426 28.2334 -0.265369 -0.267591 0.926269
-24.9093 -19.975 28.1836 -0.271915 -0.262099 0.925941
-24.3806 -20.62 28.1572 -0.272749 -0.260458 0.926158
-23.7889 -21.3118 28.1327 -0.267459 -0.266881 0.925873
-23.1839 -21.936 28.1297 -0.272151 -0.265916 0.924779
-22.5719 -22.5714 28.1265 -0.272097 -0.267347 0.924386
-22.0129 -23.1826 28.1105 -0.267215 -0.275018 0.923559
-21.3997 -23.7747 28.1175 -0.271905 -0.271631 0.923186
-20.6739 -24.2678 28.1841 -0.274654 -0.276692 0.920873
-20.0943 -24.8252 28.1892 -0.272 -0.272656 0.922862
-19.2685 -25.4957 28.2297 -0.271982 -0.27665 0.921676
-18.5469 -25.9922 28.2931 -0.267592 -0.276862 0.922899
-17.854 -26.4541 28.3575 -0.269938 -0.274006 0.923068
-17.3583 -26.2186 28.5737 -0.273131 -0.275816 0.921588
-17.2682 -25.4722 28.829 -0.276693 -0.288348 0.916677
-17.302 -24.5459 29.1179 -0.280782 -0.299605 0.91181
-17.3828 -23.5097 29.4279 -0.2887 -0.297799 0.909911
-17.4822 -22.6762 29.6742 -0.294946 -0.307576 0.904657
-17.9557 -21.9026 29.7774 -0.302235 -0.302294 0.904031
-18.6432 -21.2344 29.7686 -0.305813 -0.293243 0.905807
-19.3454 -20.6567 29.7228 -0.307483 -0.307362 0.900546
-20.0038 -20.1098 29.6824 -0.307786 -0.301293 0.902491
-20.5893 -19.3976 29.7217 -0.301244 -0.301389 0.904655
-21.2257 -18.6771 29.7475 -0.304593 -0.298283 0.904572
-21.9063 -17.8644 29.7861 -0.305191 -0.298421 0.904325
-22.5469 -17.4652 29.7031 -0.300201 -0.295453 0.906966
-23.3747 -17.3815 29.4559 -0.298233 -0.288788 0.909758
-24.2023 -17.3109 29.2075 -0.297163 -0.289056 0.910023
-23.92 -18.7182 28.8579 -0.290479 -0.28143 0.91455
-23.6565 -19.4817 28.7103 -0.283865 -0.281972 0.916429
-23.1061 -20.1552 28.6717 -0.279555 -0.275323 0.919804
-22.5127 -20.8457 28.6477 -0.275394 -0.274673 0.921256
-21.8038 -21.5243 28.6599 -0.280181 -0.271617 0.920719
-21.0725 -22.2233 28.6773 -0.281972 -0.270957 0.920366
-20.5145 -22.7657 28.6833 -0.282049 -0.276672 0.918634
-19.87 -23.3574 28.7001 -0.280357 -0.284758 0.916686
-19.2731 -23.9148 28.7097 -0.279371 -0.280715 0.918232
-18.717 -23.8599 28.8971 -0.283167 -0.28694 0.91514
-18.9338 -22.9814 29.1061 -0.292906 -0.289964 0.911113
-19.4365 -22.2566 29.1749 -0.294983 -0.289832 0.910467
-20.0779 -21.6312 29.1689 -0.293435 -0.28431 0.912707
-20.7896 -21.0171 29.1291 -0.288826 -0.284232 0.914216
-21.4724 -20.2807 29.1478 -0.283665 -0.292297 0.913289
-22.0152 -19.5885 29.1888 -0.299367 -0.290276 0.908908
-22.7285 -18.883 29.1824 -0.288695 -0.29591 0.910545
-23.615 -18.6681 28.9705 -0.290074 -0.285478 0.913433
-23.6608 -18.6648 28.957 -0.290074 -0.285479 0.913432
16.0648 -22.143 30.4636 0.304241 -0.318523 0.897744
16.0945 -22.9637 30.1645 0.292208 -0.318735 0.901669
16.0282 -23.8925 29.8632 0.289391 -0.310086 0.905594
16.046 -24.7043 29.5852 0.28413 -0.302477 0.909823
16.0204 -25.5321 29.323 0.276375 -0.293922 0.915001
16.0722 -26.3036 29.0608 0.27228 -0.290394 0.917352
16.1046 -27.0424 28.8203 0.266203 -0.284894 0.920854
16.0902 -27.8956 28.5636 0.259897 -0.279975 0.924158
16.0682 -28.7162 28.3242 0.251826 -0.274218 0.928099
16.7961 -28.6265 28.1495 0.256153 -0.273681 0.927084
17.8305 -28.0486 28.0305 0.259349 -0.273405 0.926276
18.768 -27.4032 27.9561 0.261387 -0.27345 0.92569
19.3603 -26.9256 27.9283 0.263582 -0.272401 0.925377
20.2003 -26.3986 27.8497 0.252586 -0.272103 0.928507
20.9872 -25.7357 27.8251 0.254319 -0.266479 0.929683
21.7379 -25.1427 27.7852 0.258216 -0.265007 0.929029
22.5887 -24.4684 27.7409 0.259069 -0.263374 0.929256
23.1547 -23.7603 27.783 0.260691 -0.261992 0.929193
23.8879 -23.131 27.753 0.263571 -0.260754 0.928729
24.6363 -22.2934 27.7767 0.263073 -0.26225 0.928449
25.048 -21.6286 27.848 0.261447 -0.263546 0.928535
25.8761 -20.8967 27.8188 0.264318 -0.263233 0.927817
26.4626 -20.0985 27.8759 0.267468 -0.262819 0.927031
26.8964 -19.4873 27.9238 0.269706 -0.264488 0.925907
27.4 -18.8901 27.9483 0.261784 -0.265407 0.927898
27.8998 -18.0903 28.0317 0.264697 -0.261631 0.928162
28.3667 -17.2702 28.1279 0.266411 -0.258927 0.928429
28.8718 -16.6287 28.1618 0.264836 -0.25802 0.929133
28.7844 -16.0299 28.3538 0.267009 -0.259683 0.928047
28.0681 -15.9845 28.5748 0.272785 -0.261601 0.925826
27.2992 -16.0321 28.7893 0.277135 -0.264327 0.923757
26.5386 -16.0011 29.0335 0.288012 -0.269517 0.918913
25.7196 -15.9595 29.3048 0.291494 -0.27568 0.915987
24.9256 -15.9477 29.5659 0.298066 -0.27925 0.912785
24.0811 -15.9419 29.8431 0.300826 -0.292292 0.907783
23.3424 -15.9368 30.0915 0.308661 -0.297084 0.903575
22.4908 -16.0161 30.3623 0.316721 -0.298746 0.900244
21.7852 -16.1875 30.5542 0.315971 -0.306313 0.897961
21.1761 -16.9715 30.4986 0.309652 -0.307265 0.899829
20.463 -17.6808 30.4982 0.308615 -0.312998 0.898214
20.0135 -18.3673 30.4147 0.30041 -0.306233 0.903313
19.3871 -18.9978 30.413 0.30713 -0.302504 0.90231
18.7959 -19.5026 30.4446 0.307804 -0.303376 0.901786
18.1495 -20.0827 30.4676 0.306734 -0.304087 0.901911
17.6268 -20.6343 30.4581 0.30151 -0.310516 0.901481
17.0062 -21.1311 30.4959 0.303269 -0.308747 0.9015
16.3274 -21.6869 30.5331 0.303845 -0.314118 0.899434
16.0855 -22.0071 30.5041 0.308626 -0.314478 0.897693
17.5331 -22.452 29.8696 0.298251 -0.309281 0.902988
17.3791 -23.203 29.6669 0.292804 -0.30148 0.9074
17.3435 -23.9592 29.4253 0.284181 -0.298941 0.910975
17.3559 -24.8475 29.1368 0.277895 -0.286961 0.916748
17.3621 -25.5988 28.8995 0.270326 -0.284558 0.919743
17.4462 -26.3363 28.6493 0.264275 -0.281343 0.92249
18.0045 -26.3473 28.4867 0.265224 -0.275656 0.923939
18.7499 -25.8548 28.4181 0.264851 -0.274456 0.924407
19.39 -25.4428 28.3569 0.265967 -0.274567 0.924053
20.0652 -24.8769 28.3289 0.262801 -0.265619 0.927563
20.8319 -24.2798 28.2872 0.262594 -0.269697 0.926446
21.6319 -23.5533 28.2719 0.264967 -0.269128 0.925939
22.3747 -22.7619 28.285 0.268927 -0.261228 0.927059
23.0701 -22.15 28.2622 0.261793 -0.265083 0.928006
23.6117 -21.4859 28.2976 0.264476 -0.2665 0.926839
24.0783 -20.8439 28.345 0.271078 -0.267374 0.924677
24.7088 -20.2286 28.3446 0.269533 -0.27171 0.923862
25.3272 -19.5189 28.3705 0.271298 -0.269225 0.924075
25.8328 -18.8732 28.411 0.271037 -0.270204 0.923866
26.3576 -18.1808 28.4552 0.275927 -0.265557 0.923766
26.3755 -17.4353 28.6659 0.276932 -0.268739 0.922544
25.3383 -17.3855 28.9963 0.283567 -0.270998 0.919864
24.3879 -17.265 29.3273 0.286914 -0.283058 0.915182
23.6401 -17.2526 29.57 0.29833 -0.284224 0.911162
22.8738 -17.334 29.7996 0.307184 -0.289027 0.906698
22.0022 -17.9177 29.9031 0.30089 -0.296827 0.906274
21.3502 -18.5749 29.901 0.29514 -0.296063 0.908425
20.7613 -19.2628 29.8654 0.292763 -0.301401 0.907424
20.2575 -19.8346 29.8441 0.303779 -0.292228 0.906819
19.5073 -20.5736 29.852 0.295454 -0.295478 0.908508
18.8589 -21.1379 29.876 0.297447 -0.30016 0.906309
18.3061 -21.6821 29.8768 0.297769 -0.301304 0.905842
17.7332 -22.1895 29.8927 0.299455 -0.307698 0.903133
18.857 -22.9839 29.2713 0.282238 -0.293765 0.91326
18.674 -23.7693 29.0771 0.277762 -0.287124 0.916733
18.9929 -24.0844 28.8822 0.274212 -0.292225 0.916194
19.6804 -23.6318 28.8167 0.275436 -0.284123 0.918373
20.6026 -22.7804 28.8023 0.27615 -0.280915 0.919145
21.1584 -22.163 28.822 0.279659 -0.276102 0.919527
21.7675 -21.6528 28.7898 0.286625 -0.276603 0.917244
22.3086 -21.0818 28.7997 0.281749 -0.285609 0.915994
22.8464 -20.3382 28.8664 0.275593 -0.285065 0.918034
23.4115 -19.7959 28.8591 0.281628 -0.282717 0.916927
23.9489 -19.1747 28.8847 0.282908 -0.28093 0.917082
23.9736 -18.5823 29.0567 0.287369 -0.277517 0.916735
22.9674 -18.8331 29.2928 0.2942 -0.28601 0.911918
22.1618 -19.5674 29.3199 0.292754 -0.287959 0.911797
21.4973 -20.3652 29.2763 0.28861 -0.286993 0.913422
20.9398 -20.9255 29.2769 0.285568 -0.289327 0.913631
20.3758 -21.5173 29.2677 0.294557 -0.28461 0.912268
19.7989 -22.0625 29.2732 0.282917 -0.291527 0.913766
19.2002 -22.6204 29.2821 0.284222 -0.290127 0.913807
18.9351 -22.8771 29.2816 0.28183 -0.293895 0.913344
22.2855 16.0582 30.3152 0.322339 0.308895 0.894808
23.0872 16.0671 30.0273 0.315678 0.298467 0.900702
23.9056 16.0245 29.7576 0.309759 0.291088 0.905162
24.7613 16.0499 29.4598 0.300173 0.287218 0.909588
25.6346 16.0534 29.1758 0.297016 0.279327 0.913096
26.5202 16.0822 28.8856 0.289881 0.271631 0.917707
27.2877 16.0625 28.6484 0.285953 0.264906 0.920895
28.0839 16.0706 28.4028 0.282444 0.259165 0.923595
29.0343 16.2924 28.0543 0.276715 0.261729 0.924623
28.5716 17.1081 27.9607 0.276245 0.263353 0.924302
28.1206 17.8751 27.8774 0.275555 0.262757 0.924677
27.6675 18.5618 27.8175 0.269221 0.261713 0.926837
27.0691 19.3723 27.7611 0.268249 0.263455 0.926625
26.6179 20.0061 27.7122 0.265045 0.259987 0.928523
26.1503 20.6212 27.672 0.265868 0.262218 0.927657
25.4831 21.3741 27.6524 0.268983 0.263939 0.926274
24.9124 22.0403 27.6272 0.265209 0.26472 0.927139
24.4275 22.6404 27.593 0.263027 0.268098 0.92679
23.895 23.2251 27.5762 0.265633 0.2674 0.926248
23.1915 23.8941 27.587 0.267635 0.261064 0.927474
22.4833 24.545 27.6047 0.262361 0.261469 0.928865
21.8483 25.2105 27.5918 0.256609 0.267328 0.928806
21.1493 25.7276 27.6373 0.260782 0.270734 0.926658
20.422 26.2331 27.6954 0.264957 0.272488 0.924956
19.6611 26.8994 27.7188 0.266425 0.270273 0.925186
18.969 27.3472 27.7861 0.266101 0.272769 0.924547
18.3489 27.8043 27.8297 0.263859 0.271069 0.925688
17.6528 28.2205 27.9068 0.266775 0.27515 0.923647
16.7446 28.712 28.022 0.265927 0.276335 0.923538
16.1231 28.7286 28.1945 0.260002 0.278988 0.924427
16.1299 27.8422 28.4614 0.265313 0.281525 0.922146
16.1009 27.0055 28.7301 0.269422 0.28811 0.918908
16.1105 26.2262 28.9746 0.276671 0.293328 0.915102
16.0444 25.5192 29.2239 0.282529 0.299431 0.911328
16.0652 24.7905 29.4612 0.282884 0.305713 0.909129
16.0378 24.054 29.7163 0.295426 0.302998 0.906044
16.024 23.2256 30.0022 0.297366 0.314935 0.901326
16.1236 22.4818 30.2288 0.304714 0.316723 0.89824
16.4347 21.643 30.4209 0.316777 0.323521 0.891609
17.1916 21.0679 30.3619 0.311637 0.318246 0.895322
18.0763 20.3204 30.3165 0.311296 0.310026 0.898315
18.659 19.7202 30.321 0.310921 0.309495 0.898633
19.3371 19.1049 30.2988 0.310486 0.311649 0.898037
19.8993 18.5558 30.295 0.309411 0.310694 0.89874
20.3721 17.954 30.3398 0.311396 0.307862 0.899025
20.9335 17.2169 30.398 0.316896 0.313949 0.894992
21.4982 16.5222 30.4396 0.322895 0.318043 0.891396
22.2494 16.0654 30.3257 0.32234 0.308895 0.894808
22.7085 17.4563 29.6983 0.304587 0.293887 0.906012
22.0263 17.8561 29.8005 0.309394 0.299709 0.902465
21.5747 18.4584 29.7568 0.306723 0.300897 0.90298
20.9654 19.1997 29.7129 0.30222 0.304794 0.903196
20.2643 19.8891 29.7167 0.304225 0.304908 0.90248
19.609 20.485 29.7345 0.304842 0.306947 0.901585
18.8885 21.1932 29.7407 0.306383 0.302818 0.902458
18.2316 21.7753 29.7651 0.299592 0.306022 0.903657
17.5823 22.4597 29.7473 0.297215 0.30721 0.904038
17.4199 23.3742 29.4948 0.296276 0.298747 0.907177
17.3976 24.3232 29.1933 0.291019 0.292289 0.910975
17.4329 25.2024 28.8983 0.285582 0.291121 0.913067
17.483 26.0396 28.6179 0.279052 0.284958 0.917022
17.7228 26.6603 28.3549 0.272141 0.280279 0.920534
18.3713 26.2705 28.2813 0.274216 0.277375 0.920798
18.9698 25.7973 28.2465 0.273563 0.279512 0.920346
19.7176 25.1813 28.2114 0.271991 0.279073 0.920923
20.4274 24.665 28.1586 0.271081 0.273187 0.922976
21.2558 24.0633 28.0908 0.269767 0.270182 0.924229
21.9591 23.3268 28.1051 0.270367 0.274563 0.922773
22.629 22.7112 28.09 0.272638 0.274776 0.922045
23.1884 22.1539 28.0919 0.268631 0.270785 0.924399
23.7455 21.4693 28.1295 0.269523 0.268767 0.924728
24.2326 20.834 28.172 0.271165 0.26587 0.925084
24.9682 20.0813 28.1741 0.273646 0.266211 0.924252
25.5139 19.4097 28.2044 0.271499 0.269699 0.923875
25.9832 18.7738 28.2515 0.276238 0.26659 0.923375
26.4244 18.1529 28.3006 0.27404 0.270606 0.922862
26.3673 17.4776 28.5165 0.275223 0.275419 0.921076
25.6332 17.4147 28.7581 0.280568 0.27784 0.918742
24.7363 17.3391 29.0647 0.293047 0.286947 0.91202
23.853 17.3237 29.3564 0.296917 0.287158 0.910704
23.1046 17.3818 29.5892 0.305977 0.293631 0.905625
22.7977 17.4357 29.675 0.304586 0.293888 0.906012
23.209 18.7742 29.1104 0.294528 0.286352 0.911732
22.5814 19.2374 29.168 0.29121 0.286255 0.912814
22.003 19.9287 29.1306 0.286852 0.289563 0.913164
21.4069 20.5125 29.1331 0.291599 0.290083 0.911494
20.743 21.1003 29.1568 0.28594 0.292885 0.91239
20.0236 21.7408 29.1806 0.29821 0.291732 0.908825
19.5006 22.2961 29.1732 0.298763 0.293778 0.907983
18.8976 23.0797 29.1144 0.292641 0.295636 0.909374
18.7629 23.9835 28.8706 0.281454 0.284247 0.916508
19.2415 23.9819 28.7242 0.281192 0.284374 0.916549
19.8995 23.5334 28.6579 0.287164 0.277757 0.916698
20.6661 22.8601 28.6262 0.27624 0.278468 0.919863
21.2692 22.2678 28.6256 0.272326 0.278389 0.921053
21.8591 21.7132 28.6167 0.277125 0.27984 0.91917
22.4714 21.0837 28.6241 0.281625 0.281182 0.917401
23.0199 20.386 28.6684 0.283082 0.279114 0.917584
23.5669 19.7861 28.684 0.279066 0.281122 0.918201
24.3603 18.8821 28.713 0.282291 0.274482 0.919223
