-22.9867 28.5354 5.31805 0.362188 -0.920635 -0.14577
-22.1413 28.9248 4.95155 0.364861 -0.920607 -0.139117
-21.2366 29.3522 4.50341 0.36449 -0.921809 -0.131965
-20.2374 29.8124 4.05659 0.369218 -0.920633 -0.126938
-19.2976 30.2435 3.61843 0.36537 -0.923293 -0.118472
-18.4182 30.6426 3.20759 0.365728 -0.923633 -0.114649
-17.4739 31.0433 2.94279 0.367594 -0.924708 -0.0989421
-16.5391 31.4383 2.71874 0.36677 -0.925076 -0.0985604
-15.614 31.823 2.47981 0.358196 -0.929713 -0.0856067
-14.654 32.2201 2.19336 0.359757 -0.930694 -0.0662117
-13.6074 32.6382 1.94314 0.352816 -0.9339 -0.0578849
-12.453 33.0786 1.83216 0.353223 -0.934606 -0.041764
-11.4837 33.4414 1.79643 0.342813 -0.938496 -0.0412978
-10.5239 33.7843 1.75292 0.336143 -0.941694 -0.0148206
-9.58039 34.1208 1.69463 0.33253 -0.943 -0.0128175
-8.31194 34.5449 1.71692 0.310112 -0.950659 -0.00812008
-7.29173 34.8624 1.7375 0.285721 -0.958293 0.00619801
-5.84409 35.2731 1.78003 0.247665 -0.968453 0.0202361
-4.74824 35.5386 1.85681 0.218116 -0.975221 0.0320752
-3.60918 35.7744 2.09146 0.179732 -0.982936 0.0391646
-2.44547 35.9882 2.36796 0.159565 -0.985979 0.048827
-1.15301 36.1836 2.78225 0.130037 -0.990535 0.0439351
-0.167904 36.3113 3.21214 0.0959202 -0.993599 0.0596738
0.792111 36.4117 3.51079 0.0705121 -0.994493 0.077532
1.97225 36.5084 3.79444 0.0575154 -0.9948 0.0840535
3.01839 36.5921 4.17919 0.0445748 -0.995303 0.0859032
4.14585 36.6697 4.55782 0.0295726 -0.995554 0.0894352
5.24159 36.7222 4.80488 0.0272396 -0.994686 0.0992834
6.53762 36.7642 5.05405 0.0116296 -0.99254 0.12133
7.8368 36.7484 4.95382 -0.00907884 -0.99008 0.140208
8.81158 36.6499 4.50066 -0.0265332 -0.98496 0.170733
9.63279 36.4945 3.82704 -0.0689871 -0.980665 0.183131
10.4681 36.2478 2.95372 -0.100238 -0.975543 0.195625
11.2122 35.9364 1.9764 -0.157923 -0.96168 0.222785
11.8117 35.6337 1.15467 -0.208546 -0.953008 0.218044
12.3668 35.3057 0.362857 -0.243057 -0.940793 0.235888
12.8691 34.9635 -0.453439 -0.272997 -0.92964 0.246412
13.3938 34.5573 -1.35048 -0.302777 -0.918319 0.254367
14.0574 34.0853 -2.24126 -0.335112 -0.905897 0.257802
14.7224 33.6258 -2.97373 -0.383646 -0.887857 0.254021
15.3463 33.1281 -3.80915 -0.421213 -0.876762 0.231913
15.9612 32.6249 -4.66763 -0.433465 -0.880499 0.19191
16.5047 32.194 -5.49613 -0.457066 -0.875383 0.157466
17.0296 31.7892 -6.4069 -0.448887 -0.884765 0.125263
17.5323 31.4252 -7.26477 -0.445924 -0.889006 0.104015
18.1398 31.0284 -7.96883 -0.462022 -0.882295 0.0899507
18.7392 30.6332 -8.67789 -0.486043 -0.869672 0.0862172
19.3682 30.2002 -9.66413 -0.490722 -0.869676 0.0534389
20.0121 29.7807 -10.6625 -0.500591 -0.86495 0.0356252
20.6353 29.3919 -11.4538 -0.526632 -0.850016 -0.0111935
21.1592 29.0949 -12.2633 -0.514979 -0.855998 -0.0454329
21.6915 28.8205 -13.1341 -0.527714 -0.847795 -0.0501836
22.2165 28.5913 -14.1755 -0.532771 -0.84099 -0.0940802
22.7349 28.4114 -15.2259 -0.524435 -0.842015 -0.126249
23.1839 28.3007 -16.241 -0.512514 -0.845447 -0.150163
23.7322 28.1537 -17.233 -0.511679 -0.844041 -0.16056
24.2009 28.0747 -18.2513 -0.514227 -0.839267 -0.176566
24.6426 28.0577 -19.4084 -0.517755 -0.834345 -0.189202
25.0118 28.0301 -20.2565 -0.515584 -0.833271 -0.199563
25.3829 27.9548 -20.8961 -0.526674 -0.824345 -0.20753
25.4211 28.1192 -21.6378 -0.525539 -0.824194 -0.210979
24.6404 28.3098 -20.4578 -0.513554 -0.831735 -0.210902
23.9552 28.5407 -19.6663 -0.507712 -0.838644 -0.197197
23.2495 28.7783 -18.8446 -0.502596 -0.845013 -0.182532
22.498 29.0447 -17.9819 -0.504532 -0.845458 -0.175066
21.8422 29.2839 -17.2268 -0.502612 -0.850086 -0.157275
20.932 29.6555 -16.3079 -0.495299 -0.857228 -0.140731
20.2137 29.9671 -15.6786 -0.483865 -0.864698 -0.134725
19.3934 30.3362 -15.0661 -0.482137 -0.866439 -0.129605
18.6016 30.6976 -14.4996 -0.473584 -0.876999 -0.0811836
17.804 31.0623 -13.9201 -0.460078 -0.884563 -0.0766584
17.0091 31.4213 -13.3682 -0.437286 -0.898048 -0.0478687
16.022 31.8574 -12.7008 -0.408257 -0.911723 -0.0452302
14.7601 32.3941 -12.1318 -0.391444 -0.920131 -0.0114562
13.7165 32.8093 -11.7654 -0.350825 -0.936291 0.00178772
12.7115 33.1583 -11.4701 -0.323753 -0.945635 0.0309701
11.6131 33.5187 -11.1966 -0.305762 -0.95091 0.0409846
10.3486 33.8683 -10.9444 -0.238442 -0.968728 0.0684269
9.28877 34.1241 -10.9222 -0.212153 -0.973259 0.0880321
8.28123 34.3435 -10.8424 -0.19494 -0.975664 0.100387
7.0335 34.6213 -10.5232 -0.182136 -0.976687 0.113554
5.9627 34.7969 -10.6823 -0.166666 -0.980019 0.10856
4.86036 34.9871 -10.5587 -0.152916 -0.982717 0.104206
3.64894 35.1759 -10.3786 -0.133555 -0.984913 0.11004
2.50034 35.332 -9.99675 -0.0907398 -0.992274 0.0846072
1.34985 35.4682 -9.47373 -0.0631109 -0.993305 0.0967564
0.415379 35.563 -8.77676 -0.0383868 -0.996605 0.072834
-0.311831 35.6156 -8.0469 0.0027734 -0.998724 0.050419
-1.11673 35.6526 -7.06528 0.0402746 -0.99829 0.0413443
-1.90128 35.6377 -6.44664 0.0625689 -0.997191 0.0373319
-2.99067 35.5654 -5.90734 0.107517 -0.992776 0.0499852
-4.19444 35.3981 -5.79209 0.153743 -0.987834 0.0234022
-5.16541 35.2274 -5.95907 0.183403 -0.982345 0.0363931
-6.22666 35.0044 -6.25046 0.197371 -0.97996 0.0268776
-7.29541 34.7636 -6.60672 0.220132 -0.975188 0.0211598
-8.32551 34.5176 -6.92584 0.22832 -0.973471 0.0149478
-9.50807 34.2254 -7.05892 0.243346 -0.969939 -0.000329724
-10.7365 33.9084 -7.30675 0.254865 -0.96696 -0.00575367
-11.8552 33.6109 -7.43464 0.263401 -0.964491 -0.019417
-13.0511 33.2783 -7.42636 0.271333 -0.961981 -0.0311657
-14.0414 32.9925 -7.41355 0.280786 -0.958882 -0.0412278
-15.0678 32.6857 -7.36119 0.285405 -0.956926 -0.0532478
-16.0852 32.3746 -7.25191 0.287943 -0.955806 -0.0593605
-17.3405 31.9774 -7.08193 0.295652 -0.953023 -0.0658495
-18.5007 31.5929 -6.81038 0.303388 -0.949627 -0.0782085
-19.4295 31.269 -6.51735 0.305988 -0.948095 -0.0864434
-20.5618 30.8784 -6.26108 0.307983 -0.946697 -0.0941899
-21.4738 30.5465 -5.95359 0.310637 -0.945046 -0.101865
-22.3685 30.2154 -5.63949 0.313608 -0.943377 -0.108009
-23.3562 29.8463 -5.33368 0.317472 -0.941112 -0.116275
-24.2672 29.4961 -5.00084 0.317744 -0.940786 -0.118129
-25.3977 29.0406 -4.49513 0.323156 -0.937834 -0.12664
-26.3295 28.6497 -3.99403 0.325107 -0.93661 -0.130643
-27.3173 28.2156 -3.3646 0.327839 -0.934842 -0.136301
-28.1447 27.8508 -2.87713 0.330074 -0.933391 -0.140816
-29.0178 27.4805 -2.48909 0.33169 -0.932339 -0.14395
-30.0043 27.014 -1.76058 0.334292 -0.930946 -0.146932
-30.7631 26.6333 -1.08378 0.335983 -0.929722 -0.150764
-31.5141 26.2555 -0.438807 0.336901 -0.929026 -0.152996
-32.2989 25.8501 0.283092 0.338386 -0.927815 -0.157017
-32.9605 25.4843 1.01493 0.339508 -0.927369 -0.157228
-33.6153 25.1245 1.71545 0.340526 -0.926614 -0.159461
-34.3398 24.7286 2.46363 0.340912 -0.926209 -0.160982
-34.9953 24.3691 3.14218 0.341865 -0.925753 -0.161583
-35.5968 24.013 3.90867 0.342297 -0.925446 -0.162429
-36.3642 23.5752 4.78381 0.343339 -0.925066 -0.162392
-37.0748 23.1247 5.84501 0.343709 -0.924859 -0.162789
-37.7037 22.7533 6.62759 0.343962 -0.924755 -0.162843
-38.2796 22.3878 7.48606 0.344419 -0.924597 -0.162774
-38.7118 22.0702 8.37683 0.344853 -0.924604 -0.161814
-39.3265 21.6498 9.46993 0.345029 -0.924572 -0.161623
-39.7481 21.3267 10.4204 0.345119 -0.924668 -0.160881
-40.1047 21.0313 11.3542 0.345035 -0.924792 -0.160346
-40.4817 20.7213 12.331 0.345066 -0.924819 -0.160121
-40.7377 20.4182 13.5321 0.345084 -0.924914 -0.159535
-40.775 20.1953 14.7453 0.345126 -0.924948 -0.159244
-39.6114 20.5348 15.2942 0.344953 -0.924989 -0.159382
-38.7034 20.8074 15.6777 0.344854 -0.925077 -0.159084
-37.5356 21.1531 16.1984 0.344859 -0.925055 -0.159201
-36.5627 21.4407 16.6349 0.344775 -0.925053 -0.159395
-35.4055 21.7968 17.0709 0.344696 -0.925123 -0.159163
-34.5773 22.173 16.6792 0.344809 -0.925042 -0.159384
-34.0165 22.5383 15.7736 0.344886 -0.924969 -0.159642
-33.4228 22.896 14.985 0.34507 -0.924853 -0.159918
-32.8238 23.2916 13.992 0.345292 -0.92469 -0.160383
-32.2279 23.6603 13.1514 0.34568 -0.924497 -0.160657
-31.5473 24.057 12.336 0.34662 -0.924032 -0.161308
-30.9018 24.4213 11.6355 0.346793 -0.924024 -0.160979
-29.9495 24.9503 10.6568 0.34787 -0.923518 -0.161559
-29.2386 25.3436 9.94089 0.348406 -0.923263 -0.161863
-28.5836 25.7174 9.21983 0.349826 -0.922867 -0.161052
-27.6608 26.206 8.42831 0.351084 -0.922535 -0.160218
-26.8972 26.593 7.87557 0.353852 -0.92168 -0.159043
-26.0219 27.0271 7.30514 0.354317 -0.921955 -0.156394
-25.1076 27.4904 6.64995 0.357685 -0.921126 -0.153584
-24.2488 27.9212 6.06991 0.358377 -0.921379 -0.150423
-23.317 28.3835 5.45981 0.361202 -0.921067 -0.145492
-23.1962 28.4395 5.40517 0.3612 -0.921068 -0.145492
-22.7087 28.495 6.25363 0.364937 -0.91882 -0.150295
-23.494 28.0965 6.78472 0.36145 -0.919447 -0.154804
-24.4752 27.6017 7.44415 0.359625 -0.91986 -0.156612
-25.3768 27.1455 8.06349 0.355716 -0.920972 -0.15899
-26.1543 26.752 8.60447 0.353701 -0.921348 -0.161286
-26.9883 26.3337 9.1685 0.351797 -0.922019 -0.161612
-27.7643 25.9182 9.84926 0.350911 -0.922205 -0.16248
-28.4436 25.54 10.5335 0.349203 -0.922881 -0.162317
-29.2146 25.104 11.3599 0.34808 -0.923418 -0.161679
-29.9271 24.7111 12.0711 0.346822 -0.92381 -0.162139
-30.621 24.3154 12.8443 0.346242 -0.924088 -0.161794
-31.3569 23.8885 13.7116 0.345761 -0.9244 -0.161038
-32.1514 23.4099 14.7569 0.345072 -0.924766 -0.160413
-32.6719 23.0695 15.6012 0.344813 -0.924925 -0.160055
-33.357 22.6459 16.5747 0.344866 -0.924963 -0.159723
-33.8993 22.2831 17.5069 0.344724 -0.925085 -0.159319
-34.6726 21.8578 18.304 0.344756 -0.925112 -0.159096
-35.671 21.5303 18.0448 0.344652 -0.92514 -0.159157
-36.8251 21.1798 17.5825 0.344786 -0.925092 -0.159144
-37.9908 20.8407 17.0285 0.344749 -0.925121 -0.159055
-38.9321 20.5539 16.6559 0.344796 -0.925126 -0.158924
-39.8541 20.2812 16.2431 0.344866 -0.925083 -0.159022
-40.7449 20.014 15.8651 0.345023 -0.925054 -0.15885
-41.768 19.7094 15.4172 0.344968 -0.925083 -0.158804
-42.0964 19.7473 14.4832 0.345376 -0.924893 -0.159025
-41.7468 20.0399 13.5419 0.345464 -0.924805 -0.159345
-41.5005 20.3522 12.2658 0.345424 -0.924727 -0.15988
-41.0947 20.6756 11.2743 0.345261 -0.924711 -0.160326
-40.7603 20.9669 10.3166 0.345123 -0.924683 -0.160786
-40.3201 21.293 9.39007 0.344977 -0.924598 -0.161584
-39.8446 21.6401 8.42033 0.345205 -0.924435 -0.162026
-39.2839 22.0573 7.23721 0.344748 -0.92444 -0.16297
-38.7605 22.3989 6.4061 0.344405 -0.924581 -0.162897
-37.9587 22.8698 5.42779 0.343518 -0.924805 -0.163494
-37.4864 23.2014 4.54151 0.342989 -0.925049 -0.163225
-36.7279 23.6284 3.71452 0.342504 -0.925303 -0.162805
-35.9902 24.0701 2.75331 0.341184 -0.925795 -0.162779
-35.2741 24.4797 1.92078 0.340355 -0.926233 -0.162022
-34.5095 24.8932 1.15819 0.339444 -0.92676 -0.160915
-33.7517 25.3137 0.326281 0.338189 -0.927526 -0.159134
-33.0706 25.6871 -0.40947 0.336638 -0.9283 -0.157903
-32.3684 26.0443 -1.02422 0.333442 -0.929882 -0.155358
-31.5038 26.4876 -1.82369 0.334236 -0.930124 -0.152173
-30.7273 26.8694 -2.46873 0.331099 -0.931638 -0.149747
-29.8727 27.2682 -3.06794 0.330157 -0.93258 -0.145915
-28.8446 27.7111 -3.58363 0.327632 -0.933828 -0.143606
-27.9811 28.1036 -4.18555 0.323819 -0.935953 -0.138324
-26.9945 28.535 -4.80889 0.320769 -0.937669 -0.133732
-25.9484 28.969 -5.35603 0.320372 -0.938585 -0.128139
-25.0884 29.3174 -5.77003 0.318273 -0.939781 -0.124542
-24.1693 29.6715 -6.12734 0.315817 -0.941349 -0.118837
-23.111 30.0656 -6.47839 0.309529 -0.944374 -0.111031
-22.1315 30.4209 -6.79537 0.306169 -0.946428 -0.102623
-21.1713 30.7697 -7.15016 0.299936 -0.949143 -0.0956853
-20 31.1705 -7.44026 0.299829 -0.949719 -0.0901114
-19.0475 31.4942 -7.68391 0.298239 -0.951031 -0.080992
-18.0288 31.8379 -8.05617 0.292654 -0.953477 -0.0723283
-16.8191 32.2156 -8.19394 0.288823 -0.955294 -0.063198
-15.6254 32.5752 -8.31084 0.282623 -0.957413 -0.0590245
-14.4823 32.912 -8.44889 0.276309 -0.960017 -0.0449395
-13.2207 33.2605 -8.4072 0.266676 -0.963095 -0.0364863
-12.2169 33.5371 -8.45933 0.256039 -0.966418 -0.0219176
-11.141 33.8149 -8.42411 0.248872 -0.968374 -0.0177471
-10.1133 34.0747 -8.2348 0.242707 -0.970092 -0.00385616
-8.97041 34.3529 -8.03622 0.230418 -0.973087 0.00294788
-7.80958 34.6247 -7.86519 0.2128 -0.976965 0.0159689
-6.6829 34.874 -7.46714 0.201797 -0.979226 0.0186564
-5.47108 35.1274 -7.10009 0.189866 -0.981341 0.0303517
-4.23539 35.3683 -6.77442 0.168435 -0.985305 0.0247404
-3.2352 35.5039 -6.82291 0.103527 -0.994364 0.0228547
-2.22727 35.5775 -7.37255 0.0687693 -0.997464 0.0183472
-1.49328 35.5865 -8.20844 0.0308647 -0.998565 0.0437603
-0.650458 35.558 -9.11353 0.00733231 -0.997123 0.0742708
0.070653 35.498 -9.88763 -0.0367058 -0.997154 0.0637895
1.07042 35.4027 -10.5135 -0.0704347 -0.994414 0.0784781
2.0772 35.2872 -10.9757 -0.0972636 -0.991136 0.0900864
3.43749 35.1025 -11.4169 -0.126843 -0.987883 0.0886178
4.43025 34.9519 -11.5469 -0.142022 -0.98564 0.0910884
5.60689 34.7469 -11.7029 -0.171863 -0.979601 0.104141
6.56301 34.5526 -11.9321 -0.178147 -0.978251 0.10624
7.57866 34.3836 -11.7597 -0.181672 -0.978402 0.098041
8.65649 34.1702 -11.9713 -0.18743 -0.978928 0.0797299
9.90363 33.9186 -11.9006 -0.210363 -0.976503 0.0421955
11.0305 33.6402 -12.134 -0.232591 -0.972186 0.0274863
12.0266 33.37 -12.3447 -0.26879 -0.96316 -0.00867825
13.2789 32.9729 -12.696 -0.326951 -0.944516 -0.0261097
14.5465 32.5132 -13.1269 -0.384446 -0.922191 -0.0409691
15.5022 32.1389 -13.5577 -0.395553 -0.915778 -0.0683501
16.5026 31.7278 -14.1882 -0.422159 -0.901946 -0.0889173
17.375 31.3704 -14.7845 -0.449201 -0.88678 -0.108317
18.1926 31.0199 -15.3528 -0.454732 -0.880388 -0.134597
18.9968 30.686 -15.9404 -0.47356 -0.868591 -0.145501
19.8089 30.3385 -16.5521 -0.482675 -0.862339 -0.152851
20.5518 30.035 -17.2093 -0.491827 -0.856713 -0.155271
21.3005 29.744 -17.9665 -0.49353 -0.853247 -0.168477
22.0858 29.4725 -18.8679 -0.49903 -0.846825 -0.183924
22.8297 29.2311 -19.732 -0.501053 -0.842662 -0.197149
23.7284 28.9206 -20.6735 -0.506081 -0.837176 -0.207332
24.4163 28.7675 -21.7047 -0.512433 -0.829522 -0.222028
25.1556 28.5973 -22.7751 -0.527922 -0.818928 -0.225069
25.8647 28.3794 -23.668 -0.552222 -0.798949 -0.238185
26.3334 28.3374 -24.6108 -0.554501 -0.794195 -0.248328
26.8712 28.2635 -25.5692 -0.56272 -0.783283 -0.26389
27.3063 28.2698 -26.5115 -0.582515 -0.766079 -0.271521
27.6904 28.2995 -27.4392 -0.591388 -0.758795 -0.272884
28.0541 28.3502 -28.3692 -0.595875 -0.753544 -0.277675
29.0374 27.7468 -28.913 -0.61137 -0.743988 -0.269628
29.8008 27.0726 -28.7805 -0.615 -0.742872 -0.264376
30.1666 26.5489 -28.1481 -0.618963 -0.744426 -0.250427
29.6578 26.6101 -27.0797 -0.611002 -0.751206 -0.249731
29.184 26.7121 -26.1975 -0.601194 -0.763489 -0.235904
28.6416 26.8501 -25.2563 -0.590975 -0.774251 -0.226459
27.9816 27.0082 -24.1036 -0.57492 -0.786918 -0.224056
27.3771 27.141 -22.9501 -0.567241 -0.797808 -0.204303
26.9257 27.1793 -21.8608 -0.546095 -0.813794 -0.198793
26.3092 27.3444 -20.8618 -0.538446 -0.818352 -0.200936
25.7123 27.4405 -19.6426 -0.530735 -0.825905 -0.190266
25.1887 27.5112 -18.46 -0.523084 -0.832675 -0.181754
24.754 27.5477 -17.3354 -0.516157 -0.839675 -0.16886
24.1819 27.6869 -16.2392 -0.521715 -0.837645 -0.161754
23.7188 27.8134 -15.3301 -0.529472 -0.836219 -0.142822
23.2867 27.9355 -14.3311 -0.534399 -0.837532 -0.113408
22.7568 28.1597 -13.3542 -0.547277 -0.833666 -0.073886
22.1739 28.4535 -12.2706 -0.548597 -0.834099 -0.0552017
21.6078 28.779 -11.271 -0.535521 -0.844181 -0.0235649
21.0177 29.1574 -10.4566 -0.542451 -0.840061 0.00668416
20.3224 29.6398 -9.36975 -0.549378 -0.833656 0.0491884
19.6497 30.144 -8.3168 -0.51594 -0.852347 0.0855018
19.0516 30.5844 -7.47822 -0.497588 -0.861474 0.101335
18.3913 31.0245 -6.82083 -0.469145 -0.876496 0.107968
17.8436 31.4513 -5.82178 -0.4597 -0.880199 0.118006
17.3448 31.8326 -5.04708 -0.47203 -0.868969 0.148242
16.6914 32.4006 -4.00009 -0.483471 -0.848926 0.211207
16.1201 32.9142 -3.22265 -0.440881 -0.862534 0.247352
15.6217 33.3817 -2.44801 -0.411634 -0.874509 0.255651
14.8623 33.9322 -1.67886 -0.349959 -0.897208 0.269249
14.2577 34.4205 -0.784692 -0.316573 -0.911371 0.263029
13.6962 34.8635 0.128694 -0.295282 -0.92122 0.253302
13.0702 35.3122 1.13088 -0.260617 -0.930291 0.257334
12.287 35.7974 2.23948 -0.221677 -0.938777 0.263034
11.6572 36.1034 3.02212 -0.127267 -0.967203 0.219438
11.1016 36.371 3.86052 -0.0993766 -0.97106 0.215906
10.3752 36.5692 4.52481 -0.0894928 -0.975952 0.198459
9.26877 36.8075 5.48123 -0.0433272 -0.984301 0.170267
7.81988 36.9 6.0236 -0.00907976 -0.990081 0.140203
6.40241 36.888 6.06781 0.0238101 -0.991697 0.1257
5.26492 36.8256 5.80583 0.0276036 -0.994258 0.103375
4.09499 36.7639 5.58783 0.0371525 -0.995038 0.0923016
2.99235 36.6848 5.24963 0.0490182 -0.994561 0.0918434
1.96845 36.5962 4.84668 0.066148 -0.994164 0.0852171
0.730537 36.4856 4.55568 0.0770728 -0.994049 0.0769765
-0.34148 36.3722 4.25019 0.103157 -0.991997 0.0714823
-1.54332 36.1888 3.76531 0.133474 -0.988513 0.0708941
-2.58186 36.0228 3.40543 0.164049 -0.98455 0.0612277
-3.53936 35.8407 3.15707 0.19254 -0.979704 0.0557465
-4.65347 35.6032 2.89809 0.227141 -0.972535 0.0443684
-5.74221 35.318 2.80491 0.247306 -0.967892 0.0443073
-7.19293 34.9104 2.7344 0.285978 -0.957925 0.0166639
-8.30255 34.548 2.73805 0.323139 -0.946351 0.00128604
-9.3806 34.1755 2.70592 0.32265 -0.946421 -0.0072866
-10.4778 33.7802 2.75219 0.34757 -0.937479 -0.018091
-11.6113 33.355 2.81892 0.361825 -0.931306 -0.0418517
-12.6978 32.9352 2.86371 0.358775 -0.932269 -0.0462662
-13.711 32.5291 3.02166 0.365115 -0.928988 -0.0605912
-14.8666 32.0515 3.29868 0.371348 -0.925412 -0.075233
-15.8163 31.6368 3.62581 0.369811 -0.924796 -0.0894011
-17.0237 31.1178 3.90677 0.370503 -0.923401 -0.100223
-18.1521 30.6228 4.22869 0.372902 -0.921443 -0.109024
-19.0275 30.2325 4.55888 0.373571 -0.919252 -0.124177
-20.2382 29.6612 5.13645 0.374747 -0.918034 -0.129529
-21.2904 29.1631 5.6202 0.369587 -0.918297 -0.1419
-22.3171 28.6698 6.13991 0.366243 -0.918243 -0.15065
-21.8499 28.709 7.04368 0.368652 -0.916816 -0.153439
-22.7832 28.2538 7.53146 0.364476 -0.917889 -0.156913
-23.5157 27.8654 8.08839 0.364124 -0.917352 -0.160872
-24.4137 27.4346 8.5514 0.357247 -0.920237 -0.159807
-25.2637 26.9871 9.22348 0.35656 -0.920267 -0.161164
-26.2536 26.4882 9.88805 0.353319 -0.921307 -0.162352
-27.0135 26.0808 10.5436 0.351449 -0.921625 -0.164584
-27.8476 25.6223 11.3478 0.349077 -0.922779 -0.163168
-28.5931 25.1919 12.1871 0.346903 -0.923512 -0.163656
-29.2614 24.8227 12.8569 0.346573 -0.923817 -0.162633
-30.1035 24.3326 13.8503 0.345627 -0.924165 -0.162665
-30.7643 23.9563 14.5917 0.345389 -0.924486 -0.161344
-31.4671 23.526 15.5584 0.344837 -0.924824 -0.160589
-32.029 23.1772 16.3627 0.344198 -0.925134 -0.160174
-32.631 22.7953 17.2767 0.344559 -0.925101 -0.159587
-33.1773 22.4148 18.3046 0.344511 -0.925201 -0.159108
-33.7159 22.0711 19.137 0.344825 -0.925097 -0.159033
-34.5242 21.7047 19.5155 0.344725 -0.925132 -0.159044
-35.5213 21.4003 19.1251 0.344742 -0.925105 -0.159164
-36.56 21.0817 18.7273 0.344693 -0.925137 -0.159082
-37.4672 20.8044 18.3744 0.344668 -0.925151 -0.159056
-38.5667 20.4819 17.8676 0.344697 -0.925147 -0.15902
-39.6973 20.1446 17.3785 0.344774 -0.925144 -0.158866
-40.6774 19.8534 16.9471 0.34493 -0.925102 -0.158774
-41.5703 19.584 16.5769 0.344893 -0.925134 -0.158669
-42.5933 19.2797 16.126 0.345242 -0.92502 -0.158573
-43.4629 19.0614 15.5068 0.345294 -0.925028 -0.158415
-43.1036 19.4218 14.1881 0.340895 -0.926824 -0.157349
-42.7263 19.7359 13.1812 0.345765 -0.924687 -0.159373
-42.3943 20.0693 11.9713 0.345522 -0.924678 -0.159953
-42.0936 20.3447 11.0309 0.34549 -0.924632 -0.160287
-41.7355 20.639 10.1073 0.345601 -0.924471 -0.160977
-41.3341 20.9438 9.22086 0.345533 -0.924447 -0.161259
-40.8477 21.3225 8.09769 0.345369 -0.924284 -0.16254
-40.2804 21.7136 7.07731 0.344918 -0.924386 -0.162919
-39.7819 22.0883 6.01054 0.344479 -0.924381 -0.163874
-39.2069 22.4484 5.18724 0.344077 -0.924506 -0.164009
-38.6455 22.7882 4.44701 0.34348 -0.924757 -0.16385
-38.0543 23.1719 3.52099 0.342544 -0.924951 -0.164708
-37.2614 23.5851 2.84453 0.34207 -0.925172 -0.164452
-36.6826 23.967 1.89161 0.340481 -0.925833 -0.164031
-35.9163 24.3772 1.16151 0.339221 -0.92644 -0.16321
-35.0219 24.876 0.181 0.338033 -0.927029 -0.16233
-34.2491 25.3068 -0.685311 0.337155 -0.927716 -0.160218
-33.4981 25.722 -1.5281 0.334767 -0.929124 -0.157032
-32.618 26.1409 -2.13617 0.332152 -0.930141 -0.156567
-31.8062 26.5668 -2.95698 0.331777 -0.930638 -0.154395
-30.8906 26.9965 -3.61137 0.326197 -0.932882 -0.15273
-30.0799 27.3691 -4.17632 0.326415 -0.934092 -0.144655
-29.2552 27.723 -4.5977 0.327745 -0.933659 -0.144446
-28.4328 28.0958 -5.18616 0.321993 -0.936335 -0.13999
-27.5832 28.4521 -5.62734 0.317733 -0.938404 -0.135733
-26.5715 28.8682 -6.1627 0.318241 -0.938936 -0.130833
-25.6934 29.2316 -6.65678 0.317513 -0.939771 -0.126552
-24.6583 29.6215 -7.01611 0.305993 -0.944563 -0.119038
-23.4439 30.078 -7.53333 0.306547 -0.945773 -0.107439
-22.2785 30.4873 -7.83151 0.304556 -0.946686 -0.105029
-21.3289 30.8238 -8.18349 0.296715 -0.950248 -0.0948125
-20.2754 31.181 -8.47477 0.294531 -0.951522 -0.0886437
-19.1069 31.5703 -8.80042 0.287644 -0.954022 -0.0842843
-18.1478 31.8807 -9.05174 0.287411 -0.9545 -0.0795291
-16.9243 32.2583 -9.24579 0.283406 -0.95652 -0.068917
-15.9094 32.5537 -9.3246 0.276901 -0.959172 -0.0575725
-14.9135 32.84 -9.45087 0.268271 -0.962215 -0.0466193
-13.8826 33.1251 -9.47354 0.262631 -0.963753 -0.0469701
-12.6314 33.4541 -9.43786 0.2589 -0.965363 -0.0318343
-11.4898 33.7479 -9.4575 0.247164 -0.968619 -0.0261674
-10.2199 34.0567 -9.35171 0.233234 -0.972409 -0.00471261
-9.13546 34.3128 -9.08281 0.231433 -0.972848 -0.00217841
-8.02602 34.5615 -8.96719 0.208689 -0.97788 0.0138571
-7.00859 34.7836 -8.67305 0.208353 -0.978015 0.00867193
-5.76129 35.0381 -8.29411 0.190391 -0.981417 0.0239211
-4.539 35.282 -7.90936 0.182213 -0.982898 0.0266333
-3.57185 35.4456 -7.72297 0.170618 -0.984778 -0.00565274
-2.75896 35.53 -8.20166 0.0559057 -0.998375 0.0104104
-2.13166 35.5333 -9.08487 0.0197406 -0.999148 0.0362393
-1.35338 35.5013 -9.8467 0.0158893 -0.998466 0.052465
-0.727729 35.4729 -10.6752 -0.0281913 -0.998429 0.0484249
0.142501 35.4071 -11.2728 -0.0479865 -0.996901 0.062085
1.06142 35.3212 -11.7186 -0.0948325 -0.993165 0.0680505
2.11876 35.1858 -12.1582 -0.0999714 -0.992317 0.0728867
3.1805 35.0468 -12.3908 -0.107014 -0.991944 0.0643482
4.19678 34.8992 -12.58 -0.168262 -0.984865 0.0415847
5.41932 34.672 -12.7969 -0.172162 -0.980463 0.0945121
6.41165 34.4667 -12.9744 -0.18446 -0.977179 0.105337
7.39717 34.3049 -12.8505 -0.165285 -0.980804 0.103464
8.55081 34.1344 -12.9717 -0.149972 -0.988558 0.0161858
9.69549 33.9286 -12.9403 -0.187229 -0.982233 0.0127856
10.8983 33.6723 -13.2175 -0.21378 -0.976708 -0.0184418
11.9203 33.4188 -13.3727 -0.279085 -0.95997 -0.0238546
12.9572 33.1237 -13.7176 -0.299289 -0.95182 -0.0668218
14.1958 32.7167 -14.0333 -0.351026 -0.932997 -0.0741942
15.2593 32.3399 -14.6278 -0.393238 -0.913212 -0.106808
16.1918 31.9933 -15.1474 -0.416154 -0.898468 -0.139895
17.1406 31.6221 -15.7813 -0.443127 -0.887006 -0.12984
18.0507 31.2569 -16.3748 -0.460163 -0.873731 -0.157623
18.8862 30.9238 -16.9939 -0.467252 -0.869205 -0.161664
19.6319 30.6254 -17.5909 -0.480986 -0.860707 -0.16681
20.4157 30.3382 -18.3982 -0.486348 -0.857233 -0.169164
21.2182 30.0679 -19.2849 -0.491212 -0.850728 -0.187002
21.9272 29.8168 -19.9883 -0.49117 -0.848928 -0.195118
22.6665 29.597 -20.8605 -0.48937 -0.847328 -0.206262
23.4544 29.3735 -21.7988 -0.490502 -0.841743 -0.225312
24.0638 29.2784 -22.7633 -0.50561 -0.830803 -0.232647
24.6994 29.1603 -23.696 -0.526441 -0.812618 -0.250024
25.3081 28.9868 -24.4533 -0.534854 -0.804953 -0.25687
25.8712 28.9375 -25.4134 -0.558415 -0.77665 -0.290956
26.3905 28.8771 -26.3097 -0.568804 -0.773359 -0.27996
26.9126 28.9288 -27.5044 -0.575431 -0.762026 -0.296676
27.3418 29.0106 -28.5991 -0.598763 -0.745834 -0.291822
27.7338 29.0625 -29.5826 -0.612081 -0.742064 -0.273306
28.4629 28.6132 -29.9955 -0.612039 -0.742245 -0.272909
29.4451 27.7419 -29.8281 -0.613771 -0.742008 -0.269647
30.378 26.9067 -29.6566 -0.614223 -0.739312 -0.275949
31.1748 26.1599 -29.4687 -0.626605 -0.733231 -0.264071
31.1365 25.8754 -28.5803 -0.627548 -0.73611 -0.253482
30.7703 25.8251 -27.4926 -0.625687 -0.740503 -0.245297
30.2679 25.9532 -26.5711 -0.612997 -0.755286 -0.231901
29.7541 26.1183 -25.7275 -0.609508 -0.760296 -0.224611
29.309 26.2082 -24.8115 -0.591616 -0.776513 -0.216837
28.827 26.2981 -23.8134 -0.592883 -0.780893 -0.196714
28.3164 26.4754 -22.9498 -0.572991 -0.797666 -0.188004
27.8049 26.5579 -21.781 -0.55407 -0.811354 -0.186307
27.3112 26.6767 -20.8408 -0.540552 -0.819523 -0.190226
26.8715 26.7344 -19.8613 -0.539253 -0.820459 -0.18978
26.3195 26.8592 -18.772 -0.539885 -0.8233 -0.175219
25.8634 26.9502 -17.7911 -0.522571 -0.836697 -0.163883
25.4682 27.0157 -16.8682 -0.51396 -0.84238 -0.161989
24.9897 27.118 -15.8841 -0.517053 -0.840016 -0.164407
24.492 27.2505 -14.9005 -0.542576 -0.828809 -0.136698
23.9952 27.414 -13.8442 -0.552722 -0.825536 -0.11397
23.4389 27.6602 -12.8143 -0.561523 -0.822804 -0.0876643
22.9555 27.9195 -11.8961 -0.568655 -0.82076 -0.0546348
22.4623 28.2161 -11.0298 -0.558042 -0.829533 -0.0215537
21.9921 28.5194 -10.1847 -0.555979 -0.831137 -0.0062125
21.3914 28.9338 -9.33426 -0.581015 -0.812314 0.0354792
20.8093 29.3949 -8.47527 -0.566785 -0.819956 0.074331
20.238 29.8843 -7.3921 -0.535459 -0.839553 0.0918354
19.6302 30.3639 -6.55747 -0.501609 -0.856729 0.120016
18.9945 30.8115 -5.90196 -0.480273 -0.86951 0.115191
18.4698 31.2577 -4.93955 -0.471418 -0.869135 0.148379
17.9983 31.6507 -4.08048 -0.485518 -0.85632 0.176036
17.3987 32.2037 -3.25611 -0.477409 -0.840249 0.257024
16.7876 32.7668 -2.49964 -0.463191 -0.830466 0.303659
16.2934 33.2759 -1.7832 -0.410943 -0.856579 0.311287
15.6967 33.7863 -1.07503 -0.359177 -0.887054 0.289342
15.2309 34.226 -0.2572 -0.340154 -0.898627 0.277038
14.6339 34.658 0.499096 -0.311854 -0.908002 0.279011
14.18 35.0607 1.30404 -0.26764 -0.915543 0.298665
13.5414 35.5153 2.26228 -0.238817 -0.931814 0.273291
13.0166 35.8892 3.13365 -0.193825 -0.939435 0.282656
12.2863 36.2314 3.89464 -0.125197 -0.960477 0.248616
11.5082 36.5823 4.90579 -0.0727651 -0.963228 0.255231
10.6657 36.8044 5.64856 -0.0533728 -0.969077 0.239434
9.83032 36.9754 6.35823 -0.00411122 -0.979006 0.20379
8.81615 37.0445 6.79275 0.0163879 -0.983195 0.180775
7.72649 37.0704 7.13419 0.0499134 -0.985171 0.161574
6.72272 37.0395 7.18639 0.0383956 -0.989634 0.138386
5.48525 36.9574 6.91666 0.0367523 -0.993091 0.111443
4.40149 36.8903 6.73696 0.0513011 -0.992852 0.107486
3.40171 36.8128 6.43765 0.0483513 -0.994961 0.0878392
2.40487 36.7396 6.18709 0.0528076 -0.994471 0.0907675
1.40695 36.6279 5.68746 0.0699214 -0.994091 0.0830043
0.210267 36.5214 5.5373 0.0811309 -0.992817 0.08787
-0.734096 36.3934 5.1281 0.11047 -0.990608 0.0805713
-1.98243 36.2057 4.72375 0.132059 -0.987143 0.0900548
-3.2942 35.9734 4.35351 0.154284 -0.98512 0.0757245
-4.39298 35.7247 4.01358 0.212265 -0.974947 0.0663079
-5.40862 35.4623 3.82497 0.270427 -0.959184 0.0778237
-6.65043 35.0947 3.74466 0.28944 -0.956355 0.0373025
-7.67397 34.77 3.7226 0.305737 -0.951655 0.0273901
-8.91711 34.3439 3.79313 0.335459 -0.941971 0.0118844
-10.1005 33.9102 3.73111 0.34679 -0.937942 0.00105516
-11.129 33.5099 3.7896 0.369554 -0.928998 -0.0171587
-12.1004 33.1189 3.88035 0.366239 -0.929716 -0.0386769
-13.1519 32.6874 3.98007 0.371429 -0.926275 -0.0636736
-14.0885 32.2996 4.13896 0.37788 -0.923347 -0.0677903
-14.9881 31.9033 4.44471 0.385165 -0.919308 -0.0807478
-16.0672 31.4222 4.73451 0.38745 -0.917409 -0.0907952
-17.3331 30.8496 5.12373 0.38163 -0.917196 -0.114499
-18.2118 30.4489 5.44186 0.373964 -0.919849 -0.118407
-19.1626 29.9994 5.85291 0.380209 -0.915762 -0.129689
-20.253 29.4966 6.19789 0.376191 -0.915668 -0.141537
-21.0836 29.0924 6.59852 0.37127 -0.916311 -0.150111
-21.543 28.8575 6.89406 0.37041 -0.91629 -0.152332
27.7568 27.6567 -25.7041 -0.58341 -0.771896 -0.252606
28.2144 27.6117 -26.6276 -0.599453 -0.760302 -0.250194
28.5325 27.6952 -27.6102 -0.604401 -0.7529 -0.260462
29.0216 27.2839 -27.5483 -0.601342 -0.756566 -0.256897
28.5447 27.3346 -26.5749 -0.598493 -0.762066 -0.247094
28.1519 27.4343 -25.9322 -0.586654 -0.773722 -0.238875
-35.5282 21.855 16.4677 0.344731 -0.92508 -0.159335
-35.277 21.9513 16.4519 0.34479 -0.925061 -0.159317
-34.5505 22.3914 15.471 0.34485 -0.924988 -0.159611
-36.2107 21.7546 15.5743 0.344944 -0.925014 -0.159254
-37.2584 21.3527 15.6393 0.344917 -0.925027 -0.159238
-39.2415 20.7533 14.8266 0.344854 -0.925027 -0.159376
-37.816 21.3001 14.7372 0.344877 -0.925037 -0.15927
-36.2682 21.894 14.6411 0.345037 -0.924931 -0.159537
-34.8994 22.4192 14.557 0.344935 -0.924935 -0.159734
-33.905 22.8007 14.4957 0.345139 -0.92483 -0.1599
-33.2741 23.2049 13.5218 0.345398 -0.924669 -0.160271
-34.6608 22.6726 13.6059 0.34494 -0.92489 -0.159984
-36.0354 22.1451 13.6899 0.345084 -0.92487 -0.15979
-37.4042 21.6199 13.7746 0.344942 -0.924904 -0.159896
-38.9234 21.0368 13.8698 0.344994 -0.924942 -0.159563
-40.1785 20.555 13.9491 0.345213 -0.924887 -0.159412
-39.6919 20.9037 12.9812 0.345065 -0.92484 -0.160004
-38.2398 21.4611 12.8897 0.345049 -0.924872 -0.159851
-36.7208 22.0442 12.7952 0.345104 -0.924799 -0.160155
-35.31 22.5857 12.7086 0.345188 -0.924753 -0.160244
-33.9115 23.1225 12.6241 0.345699 -0.924504 -0.160575
-32.5585 23.6425 12.5425 0.345794 -0.924431 -0.160795
-31.8435 24.0803 11.5654 0.346531 -0.924137 -0.160894
-33.3769 23.4906 11.6555 0.345848 -0.924412 -0.160781
-34.9691 22.879 11.7508 0.345243 -0.924687 -0.160501
-36.4126 22.3249 11.8391 0.345155 -0.924736 -0.16041
-38.0384 21.7008 11.9397 0.345043 -0.924824 -0.160142
-39.4044 21.1763 12.0255 0.345306 -0.924723 -0.160159
-39.7303 21.051 12.0462 0.345237 -0.924765 -0.160065
-39.4014 21.34 11.088 0.34531 -0.924641 -0.160626
-37.9271 21.9063 10.9954 0.344967 -0.924743 -0.160775
-36.3257 22.5211 10.8963 0.345119 -0.924711 -0.160631
-34.8459 23.0891 10.8058 0.345388 -0.924613 -0.160619
-33.2751 23.6926 10.7131 0.345817 -0.92442 -0.160806
-31.5598 24.3523 10.6141 0.346533 -0.924136 -0.160895
-30.6245 24.7124 10.5631 0.34752 -0.923751 -0.160979
-29.7593 25.2093 9.58394 0.348745 -0.923345 -0.16066
-31.3959 24.5782 9.66958 0.346973 -0.923988 -0.160798
-33.1012 23.9221 9.76618 0.345968 -0.924415 -0.160509
-34.6331 23.3339 9.85519 0.345688 -0.924485 -0.16071
-36.3066 22.6915 9.95701 0.345041 -0.924696 -0.160886
-37.749 22.1378 10.0464 0.344854 -0.924739 -0.161037
-39.0987 21.6193 10.1316 0.344985 -0.924634 -0.161361
-38.5013 22.0126 9.15536 0.344942 -0.924603 -0.161632
-37.1083 22.5475 9.06744 0.344867 -0.924671 -0.161403
-35.7145 23.0822 8.9818 0.34493 -0.924696 -0.161126
-34.3099 23.6212 8.89762 0.345273 -0.924561 -0.161162
-32.735 24.2256 8.80834 0.346163 -0.92433 -0.160579
-31.3682 24.7514 8.73187 0.346738 -0.924188 -0.160152
-29.943 25.3011 8.65655 0.348954 -0.923386 -0.159967
-28.7594 25.7585 8.60142 0.349749 -0.923149 -0.159599
-27.4398 26.4318 7.61085 0.351772 -0.922446 -0.159215
-29.0246 25.8177 7.67723 0.349605 -0.92337 -0.158632
-30.398 25.2874 7.74263 0.347825 -0.923934 -0.159261
-31.9011 24.7089 7.82311 0.346347 -0.924354 -0.160046
-33.6499 24.038 7.91932 0.345624 -0.924484 -0.160851
-35.2074 23.4406 8.01137 0.344904 -0.924705 -0.161128
-36.6124 22.9017 8.09741 0.344685 -0.924727 -0.161471
-38.0129 22.3645 8.1856 0.344737 -0.924611 -0.162022
-38.0173 22.3628 8.18588 0.34493 -0.924529 -0.162077
-37.4084 22.7611 7.20847 0.344288 -0.924733 -0.162277
-35.883 23.3455 7.11346 0.344444 -0.924729 -0.161968
-34.481 23.8825 7.02974 0.344967 -0.924625 -0.161454
-32.703 24.564 6.92644 0.345294 -0.924674 -0.16047
-31.2968 25.1034 6.85073 0.346476 -0.924482 -0.159023
-29.7831 25.6861 6.77462 0.348109 -0.924023 -0.15812
-28.1809 26.3048 6.70279 0.350513 -0.923349 -0.156738
-26.4815 26.9636 6.63954 0.353863 -0.922169 -0.15616
-25.9615 27.1658 6.62232 0.354039 -0.922301 -0.154976
-24.64 27.8364 5.65656 0.358571 -0.9214 -0.14983
-26.3792 27.1589 5.70238 0.352944 -0.922964 -0.153517
-27.8374 26.5957 5.75227 0.350642 -0.923585 -0.155052
-29.3008 26.0319 5.81213 0.348134 -0.924346 -0.156165
-30.6822 25.5012 5.87713 0.346903 -0.924471 -0.158151
-32.2083 24.916 5.9597 0.345321 -0.924829 -0.159513
-33.8409 24.2914 6.05146 0.344396 -0.924946 -0.160829
-35.3387 23.7187 6.13835 0.343892 -0.925017 -0.161497
-36.5185 23.2668 6.21291 0.344063 -0.924886 -0.161885
-35.8896 23.6731 5.22911 0.34309 -0.925169 -0.16233
-34.5146 24.1982 5.14533 0.343342 -0.925236 -0.161413
-33.0074 24.7737 5.0589 0.34432 -0.925104 -0.160084
-31.5937 25.313 4.98459 0.344857 -0.925147 -0.158675
-29.9804 25.9303 4.90235 0.346715 -0.924822 -0.156505
-28.4104 26.5323 4.83312 0.349546 -0.924185 -0.153948
-26.8447 27.1338 4.77962 0.350514 -0.924456 -0.150073
-25.3971 27.6926 4.74101 0.353074 -0.92385 -0.147787
-23.9057 28.2714 4.71658 0.358658 -0.921949 -0.146203
-22.8262 28.693 4.70314 0.360874 -0.921975 -0.140471
-20.8542 29.6115 3.74415 0.364919 -0.923058 -0.121643
-22.2472 29.0604 3.76528 0.360256 -0.922773 -0.13677
-23.6652 28.5087 3.78422 0.356604 -0.923317 -0.142548
-25.2075 27.9124 3.80743 0.352217 -0.924945 -0.142901
-26.7397 27.326 3.83637 0.350083 -0.924915 -0.148238
-28.3308 26.7178 3.88683 0.3474 -0.925318 -0.151989
-29.9893 26.0865 3.95472 0.345542 -0.925498 -0.155096
-31.4966 25.5116 4.0313 0.344594 -0.925467 -0.15737
-32.8914 24.9813 4.10433 0.343427 -0.925607 -0.159087
-34.6053 24.3284 4.20496 0.342723 -0.925636 -0.160432
-35.0675 24.1522 4.2328 0.343376 -0.925222 -0.16142
-34.3571 24.5877 3.242 0.341817 -0.925922 -0.160713
-32.5695 25.2663 3.13659 0.341999 -0.926167 -0.158904
-30.9658 25.8745 3.05172 0.343817 -0.925893 -0.156562
-29.3468 26.4875 2.98006 0.345339 -0.926007 -0.152487
-27.6911 27.1148 2.92081 0.345691 -0.926189 -0.15057
-26.0759 27.7266 2.88438 0.348894 -0.926155 -0.143215
-24.4305 28.3536 2.86181 0.351507 -0.925763 -0.139307
-22.8313 28.9695 2.84183 0.354628 -0.925462 -0.133263
-21.0323 29.6666 2.81771 0.360291 -0.924812 -0.122122
-19.6402 30.211 2.80213 0.360067 -0.925618 -0.11655
-19.1973 30.3851 2.79655 0.364925 -0.923979 -0.114421
-15.3748 31.9666 1.89537 0.353546 -0.932219 -0.0772827
-17.7309 31.0627 1.85461 0.355323 -0.929711 -0.0968628
-19.9712 30.1981 1.87831 0.356847 -0.927463 -0.111684
-22.2128 29.3355 1.90531 0.351491 -0.927138 -0.129884
-24.6881 28.3953 1.93083 0.349896 -0.927321 -0.132849
-26.9118 27.5582 1.96013 0.345695 -0.926874 -0.146287
-29.2239 26.6902 2.02526 0.344196 -0.926451 -0.152374
-31.4557 25.8499 2.12041 0.341057 -0.927133 -0.155255
-32.9356 25.2909 2.2022 0.341395 -0.926591 -0.157731
-32.0553 25.7849 1.19672 0.33955 -0.927354 -0.157229
-29.5965 26.7047 1.0888 0.339291 -0.928624 -0.150133
-27.3733 27.5328 1.02762 0.344103 -0.927699 -0.144804
-25.1839 28.3469 0.999139 0.346575 -0.928075 -0.136247
-22.9041 29.2009 0.982551 0.348184 -0.928665 -0.127866
-20.483 30.1129 0.956813 0.349069 -0.930071 -0.114542
-18.2298 30.971 0.927346 0.350672 -0.931376 -0.09782
-16.0135 31.8044 0.93868 0.35103 -0.933313 -0.0755259
-13.7235 32.6493 1.09055 0.347048 -0.935677 -0.0637637
-12.3342 33.1507 1.30613 0.347966 -0.935983 -0.0534426
-9.4269 34.1804 1.14891 0.327377 -0.944754 -0.0162292
-11.5889 33.458 0.488611 0.328539 -0.943744 -0.0375457
-13.6953 32.7199 0.146998 0.342239 -0.937597 -0.0615231
-15.9259 31.917 0.00735605 0.342164 -0.936562 -0.0759972
-18.4447 30.9873 -0.000253504 0.345847 -0.933446 -0.0952323
-20.7998 30.1094 0.0327166 0.345561 -0.931507 -0.113505
-22.9412 29.3109 0.0524464 0.344693 -0.930532 -0.123682
-25.1069 28.5112 0.0629817 0.338807 -0.930919 -0.13638
-27.5791 27.6017 0.0898655 0.33941 -0.929702 -0.143021
-29.7488 26.8019 0.144472 0.337674 -0.92922 -0.15009
-31.3138 26.2207 0.211839 0.338013 -0.928766 -0.152121
-30.3077 26.7492 -0.783849 0.335982 -0.929724 -0.150765
-28.0593 27.5705 -0.842424 0.3368 -0.93057 -0.143548
-25.6211 28.4583 -0.871931 0.336047 -0.932331 -0.133536
-23.0642 29.3896 -0.878946 0.342507 -0.931428 -0.123011
-20.9759 30.1532 -0.896187 0.342387 -0.933076 -0.110182
-18.8164 30.9454 -0.923724 0.338628 -0.935916 -0.0969115
-16.7092 31.7116 -0.937649 0.333454 -0.939523 -0.0781368
-14.1883 32.6041 -0.848467 0.338537 -0.93919 -0.0575705
-12.0876 33.3268 -0.593776 0.32524 -0.944531 -0.0456154
-9.97423 34.0227 -0.0461212 0.313773 -0.949156 -0.0254852
-7.98883 34.6494 0.771252 0.28986 -0.957061 -0.00380435
-7.16188 34.8956 1.177 0.276276 -0.960906 0.0181775
-5.24797 35.4001 1.15748 0.228887 -0.973187 0.0227377
-7.21165 34.8747 0.134029 0.26142 -0.965224 0.00148173
-9.30243 34.2534 -0.791263 0.304961 -0.952227 -0.0162232
-11.3981 33.5945 -1.42391 0.305781 -0.951619 -0.0303045
-13.6913 32.8304 -1.75247 0.328188 -0.942903 -0.0568027
-15.9948 32.0387 -1.86652 0.330846 -0.941001 -0.0711127
-18.1233 31.2867 -1.85994 0.331247 -0.93928 -0.0895967
-20.2437 30.525 -1.83397 0.33441 -0.93692 -0.101739
-22.4717 29.7223 -1.81571 0.33507 -0.935043 -0.115855
-24.6365 28.9454 -1.80986 0.333901 -0.934016 -0.126981
-26.8872 28.1387 -1.80448 0.334426 -0.932424 -0.136915
-28.6777 27.4916 -1.76984 0.334266 -0.931344 -0.144446
-27.2089 28.1619 -2.74484 0.330784 -0.933733 -0.136841
-25.0575 28.9225 -2.74795 0.330641 -0.935061 -0.127818
-22.5431 29.811 -2.74805 0.333277 -0.935867 -0.114366
-20.4447 30.5559 -2.76354 0.331647 -0.937978 -0.101034
-18.007 31.4129 -2.79171 0.329118 -0.940327 -0.0864076
-15.8044 32.1721 -2.79715 0.321475 -0.944635 -0.0657226
-13.6036 32.9098 -2.68643 0.320737 -0.945884 -0.0493006
-11.4489 33.6121 -2.40196 0.309358 -0.950393 -0.0324043
-9.39489 34.2377 -1.81103 0.288447 -0.957298 -0.0194581
-7.1603 34.8827 -0.869386 0.252176 -0.967518 0.0177562
-5.06645 35.4202 0.192252 0.230178 -0.972846 0.0242552
-3.09204 35.839 1.28271 0.165656 -0.985409 0.0390734
-2.3929 35.9625 1.70802 0.137381 -0.989342 0.0482666
1.33795 36.4161 3.07002 0.0607207 -0.995213 0.0765751
-0.617214 36.1809 1.67174 0.100367 -0.993569 0.0524127
-2.70699 35.8681 0.399425 0.140946 -0.989394 0.0351358
-4.74633 35.4679 -0.700209 0.204732 -0.978449 0.0268714
-6.84276 34.9547 -1.74389 0.244777 -0.969549 0.00773421
-8.97518 34.3722 -2.64778 0.27287 -0.962033 -0.00588135
-11.0374 33.7645 -3.27796 0.291703 -0.956317 -0.0191355
-13.253 33.0686 -3.59528 0.306053 -0.951065 -0.042514
-15.3776 32.3778 -3.71699 0.313992 -0.947478 -0.0607784
-17.9448 31.5157 -3.72212 0.320282 -0.943716 -0.0825833
-20.1098 30.7702 -3.69819 0.324255 -0.941174 -0.0951309
-22.5687 29.9158 -3.68056 0.329495 -0.937514 -0.111805
-24.9895 29.0742 -3.68647 0.32472 -0.93756 -0.124651
-25.4023 28.931 -3.691 0.328467 -0.93551 -0.130116
-23.6367 29.6625 -4.61537 0.320719 -0.93968 -0.118917
-21.3746 30.4348 -4.61583 0.324383 -0.939993 -0.105778
-19.2096 31.1699 -4.64014 0.319676 -0.943652 -0.0856079
-17.0302 31.8998 -4.6542 0.312685 -0.947205 -0.0709235
-14.7635 32.6321 -4.61819 0.302944 -0.951519 -0.0532617
-12.6226 33.3019 -4.47347 0.296329 -0.954545 -0.0321374
-10.3636 33.9784 -4.07173 0.278222 -0.960463 -0.010183
-8.26623 34.5648 -3.37017 0.263205 -0.964586 0.0172588
-6.18315 35.105 -2.45349 0.219979 -0.975414 0.0133177
-4.02702 35.5772 -1.39104 0.166359 -0.98533 0.0380632
-2.0682 35.9143 -0.350417 0.133429 -0.98972 0.0514906
-0.0289992 36.1848 0.887921 0.0740363 -0.995545 0.0583804
1.8051 36.3703 2.18827 0.0461889 -0.995963 0.0769675
3.58569 36.5777 3.75975 0.034164 -0.994851 0.0954191
5.19772 36.6547 4.13996 0.0258505 -0.994839 0.0981184
3.51648 36.4406 2.36036 0.026854 -0.994562 0.100621
1.45869 36.2434 0.692278 0.0386445 -0.996259 0.0773001
-0.476237 36.0547 -0.561098 0.0710241 -0.995769 0.0583113
-2.53913 35.7849 -1.7099 0.129829 -0.990505 0.0452149
-4.72654 35.3956 -2.79348 0.166791 -0.985569 0.0288893
-6.87249 34.9228 -3.8059 0.22856 -0.973492 0.00862291
-8.91128 34.3904 -4.59497 0.255052 -0.966892 0.00823486
-11.0472 33.7926 -5.17597 0.277451 -0.960679 -0.0108378
-13.4347 33.0927 -5.4651 0.292442 -0.955439 -0.0401879
-15.5972 32.4222 -5.56962 0.301544 -0.951713 -0.0575699
-17.9473 31.6673 -5.57943 0.312492 -0.946763 -0.0773897
-20.2043 30.9241 -5.56139 0.315872 -0.943988 -0.095454
-20.7147 30.7549 -5.55718 0.312473 -0.945029 -0.0963352
-17.6016 31.851 -6.50855 0.301665 -0.950644 -0.0726269
-15.2776 32.5734 -6.48502 0.288848 -0.955882 -0.0534527
-12.9842 33.2605 -6.36129 0.285682 -0.957732 -0.0336892
-10.7816 33.8823 -6.05841 0.264898 -0.964149 -0.015655
-8.59981 34.4655 -5.46644 0.251629 -0.967787 0.00845754
-6.38167 35.0227 -4.60349 0.213688 -0.976533 0.0268387
-4.36925 35.4367 -3.68054 0.164758 -0.985911 0.0288937
-2.26401 35.7739 -2.6786 0.119905 -0.992135 0.0359352
-0.258155 36.0074 -1.61871 0.0554743 -0.99653 0.0620463
1.63729 36.1689 -0.437855 0.0412191 -0.996893 0.067129
3.55674 36.3238 1.07511 0.00372789 -0.995159 0.0982111
5.24366 36.5032 2.73909 0.00136324 -0.993189 0.116503
6.4801 36.6809 4.32904 -0.00763016 -0.993657 0.112196
7.59693 36.6779 4.40489 -0.0235602 -0.990444 0.135886
6.29927 36.4566 2.45104 -0.0287553 -0.991135 0.129706
4.64054 36.2921 0.758982 -0.00773583 -0.99404 0.10874
2.71071 36.1557 -0.919516 0.00392418 -0.996778 0.0801146
0.847134 36.0178 -2.1587 0.0236893 -0.997889 0.0604676
-1.38562 35.8387 -3.33117 0.0606931 -0.997427 0.0381616
-3.5584 35.5491 -4.35038 0.157222 -0.987154 0.0284409
-5.72455 35.1413 -5.33642 0.196149 -0.979875 0.0370243
-7.80901 34.6508 -6.17712 0.228502 -0.973318 0.0209717
-8.57774 34.4625 -6.43514 0.247762 -0.968801 0.00615326
8.3848 36.5884 4.01548 -0.0395634 -0.988353 0.146948
7.67412 36.4548 2.8193 -0.057445 -0.988348 0.140954
7.00262 36.3541 1.84767 -0.0491396 -0.987707 0.148393
6.20241 36.2811 0.967515 -0.058888 -0.990087 0.127512
5.3136 36.1984 0.0388785 -0.0488674 -0.991175 0.123227
4.5072 36.1337 -0.744023 -0.0364211 -0.993348 0.109242
3.59999 36.09 -1.52548 -0.0257979 -0.995131 0.0951256
2.61826 36.0458 -2.24103 -0.0056656 -0.996081 0.0882598
1.66913 35.9859 -2.85277 0.0145443 -0.997055 0.0752975
0.554589 35.9197 -3.47875 0.0242722 -0.996364 0.0816712
-0.48954 35.8469 -3.99337 0.0380122 -0.997817 0.0539983
-1.63545 35.7625 -4.53575 0.0520057 -0.996591 0.0640488
-2.76615 35.6295 -5.04156 0.120465 -0.99138 0.0515152
-3.25104 35.5567 -5.25778 0.147031 -0.988315 0.0401995
-2.02134 35.6616 -5.76465 0.0707624 -0.996225 0.0502786
-0.951156 35.7501 -5.29829 0.0560098 -0.996959 0.0541797
0.310981 35.8308 -4.72526 0.0273552 -0.997896 0.0587738
1.30962 35.8749 -4.24489 -0.0071068 -0.997631 0.0684305
2.64003 35.9292 -3.46937 -0.0183679 -0.995517 0.0927772
3.55869 35.9712 -2.85126 -0.0286756 -0.99533 0.092172
4.57942 36.0005 -2.04886 -0.04374 -0.9947 0.0930568
5.6114 36.0488 -1.07576 -0.0562512 -0.991258 0.119344
6.60469 36.1327 -0.0196819 -0.0602744 -0.989422 0.131951
7.44084 36.1956 0.897558 -0.0667145 -0.990356 0.121429
8.09043 36.273 1.7945 -0.0910994 -0.983237 0.157944
8.82329 36.4109 2.99482 -0.0736678 -0.98462 0.15842
9.11476 36.483 3.53773 -0.0640639 -0.983705 0.167989
9.63585 36.2803 2.6739 -0.105032 -0.976283 0.189315
8.9704 36.145 1.53278 -0.0962642 -0.981421 0.165969
8.35185 36.0621 0.598711 -0.108396 -0.985339 0.131751
7.61933 36.0101 -0.331044 -0.103812 -0.984669 0.140181
6.7452 35.9452 -1.2933 -0.0699217 -0.988292 0.135608
5.69104 35.8878 -2.43368 -0.0958373 -0.988231 0.119226
4.87096 35.8625 -3.19421 -0.0679397 -0.992962 0.0970129
3.61319 35.8416 -4.10158 -0.0680637 -0.991206 0.113484
2.64593 35.8213 -4.68653 -0.0339295 -0.994611 0.0979703
1.43319 35.8022 -5.29611 -0.020562 -0.997077 0.0735786
0.397516 35.7768 -5.77325 0.0101664 -0.998121 0.0604288
-0.687593 35.7091 -6.24657 0.0425547 -0.997849 0.0498553
-1.0234 35.6865 -6.3906 0.055814 -0.996953 0.0544923
-0.170658 35.6673 -7.0812 0.00850143 -0.9985 0.0540873
0.881674 35.7063 -6.63452 -0.0124449 -0.996514 0.082497
2.17468 35.7139 -6.07125 -0.0458156 -0.995211 0.0863516
3.18262 35.7086 -5.56065 -0.0825751 -0.990677 0.108349
4.37803 35.699 -4.83978 -0.0784004 -0.989168 0.124093
5.51856 35.6995 -4.0196 -0.115243 -0.982956 0.143236
6.44701 35.7063 -3.12229 -0.119485 -0.985867 0.117432
7.19745 35.7396 -2.27223 -0.103382 -0.982976 0.151891
7.9476 35.8008 -1.37659 -0.137351 -0.974645 0.17664
8.78039 35.8568 -0.328344 -0.157561 -0.973167 0.167694
9.43927 35.9287 0.646299 -0.142018 -0.97216 0.186378
10.0625 36.0346 1.67471 -0.115999 -0.976363 0.182372
10.3246 36.1043 2.16238 -0.1233 -0.971371 0.203064
10.8807 35.8714 1.42044 -0.135692 -0.971877 0.192464
10.34 35.7592 0.464738 -0.154125 -0.966679 0.204394
9.69487 35.6696 -0.545522 -0.165701 -0.971406 0.170039
9.0251 35.6106 -1.50105 -0.159022 -0.971438 0.176125
8.29564 35.5545 -2.46493 -0.149472 -0.975379 0.162152
7.56337 35.5198 -3.36808 -0.141296 -0.980345 0.137689
6.80527 35.5091 -4.21404 -0.140065 -0.980338 0.138991
5.94705 35.506 -5.028 -0.128929 -0.982416 0.135045
5.03792 35.5234 -5.70738 -0.120137 -0.985244 0.121908
4.0122 35.5529 -6.34065 -0.0968834 -0.989318 0.10892
2.84138 35.6053 -6.89073 -0.0871506 -0.991895 0.0924652
1.56627 35.6323 -7.42799 -0.0444253 -0.99571 0.0811654
0.482773 35.6269 -7.85638 -0.0168753 -0.99806 0.0599249
0.309234 35.6258 -7.92264 -0.00418867 -0.998365 0.0570113
1.30826 35.546 -8.58562 -0.0396004 -0.995556 0.0854445
2.44643 35.5207 -8.15221 -0.0811942 -0.991706 0.0996295
3.76213 35.4525 -7.6205 -0.105889 -0.988957 0.103694
4.83944 35.3893 -7.07751 -0.117522 -0.985977 0.11848
5.89775 35.3278 -6.41656 -0.135083 -0.983327 0.121743
6.801 35.2922 -5.6829 -0.165093 -0.977703 0.129771
7.62853 35.29 -4.79992 -0.166514 -0.973338 0.157754
8.55707 35.3013 -3.68887 -0.188341 -0.969178 0.158815
9.45058 35.3526 -2.45412 -0.184788 -0.965349 0.184266
10.1266 35.4079 -1.46388 -0.196708 -0.965015 0.173353
10.867 35.4872 -0.328765 -0.202312 -0.9558 0.213346
11.2741 35.5726 0.392239 -0.184663 -0.96067 0.207396
11.9507 35.305 -0.08169 -0.233505 -0.947798 0.21715
11.3389 35.2018 -1.15639 -0.237726 -0.943361 0.231423
10.7447 35.1425 -2.13651 -0.228405 -0.953365 0.197296
10.1469 35.0843 -3.06232 -0.203631 -0.957571 0.203942
9.49129 35.0434 -4.00131 -0.224673 -0.959712 0.168744
8.72921 35.0315 -5.04362 -0.204486 -0.964911 0.164721
8.02338 35.0436 -5.90081 -0.210831 -0.965943 0.150013
7.09775 35.0926 -6.809 -0.165091 -0.977704 0.129766
6.20006 35.1522 -7.47429 -0.152424 -0.980788 0.121749
5.04472 35.2389 -8.15093 -0.130126 -0.984226 0.119858
3.64533 35.3434 -8.76353 -0.121033 -0.987059 0.10519
2.32835 35.4201 -9.25106 -0.0779107 -0.992706 0.0920089
3.65809 35.2323 -9.81601 -0.105812 -0.989419 0.0992644
4.72203 35.1378 -9.40874 -0.146883 -0.982377 0.11559
5.84223 35.0336 -8.86888 -0.159357 -0.979609 0.122359
6.88367 34.9329 -8.24084 -0.180367 -0.975829 0.123393
7.78315 34.8568 -7.53227 -0.195598 -0.97168 0.132587
8.58901 34.7983 -6.72345 -0.217948 -0.965018 0.145734
9.43287 34.7573 -5.71649 -0.232847 -0.959431 0.158979
10.1095 34.7588 -4.76282 -0.229804 -0.958453 0.168993
10.7234 34.784 -3.80795 -0.229261 -0.952453 0.200679
11.4537 34.8418 -2.6371 -0.26997 -0.936664 0.223106
12.0442 34.9111 -1.64985 -0.255897 -0.944204 0.207354
12.3738 34.9559 -1.04967 -0.262707 -0.94097 0.213448
12.9358 34.6087 -1.74956 -0.299899 -0.928554 0.218742
12.3409 34.5359 -2.81676 -0.292989 -0.925316 0.240723
11.6758 34.482 -3.93271 -0.282832 -0.938704 0.19708
11.1052 34.4696 -4.88696 -0.281527 -0.9434 0.175324
10.404 34.475 -5.97795 -0.238307 -0.958266 0.157909
9.61498 34.5123 -7.00837 -0.23605 -0.961315 0.141961
8.68669 34.5897 -8.03183 -0.230777 -0.964064 0.131612
7.64816 34.6976 -8.92063 -0.20164 -0.971216 0.126811
6.41051 34.8385 -9.6945 -0.184457 -0.975444 0.12035
5.56486 34.9257 -10.1274 -0.164626 -0.979666 0.114686
7.85657 34.5267 -9.96947 -0.199959 -0.973135 0.114124
8.80914 34.4052 -9.2531 -0.225981 -0.967826 0.110664
9.69979 34.305 -8.37637 -0.23957 -0.963468 0.119735
10.4163 34.2294 -7.5044 -0.261701 -0.954913 0.140193
11.1019 34.1816 -6.58648 -0.282998 -0.946726 0.153692
11.8264 34.1527 -5.40745 -0.294921 -0.940133 0.170799
12.6349 34.167 -4.02006 -0.297572 -0.935985 0.188106
13.2743 34.213 -2.85061 -0.327143 -0.917518 0.226137
13.4241 34.2301 -2.5647 -0.327143 -0.917519 0.226134
13.912 33.8329 -3.41009 -0.340679 -0.913717 0.221493
13.2851 33.8006 -4.60739 -0.335118 -0.92332 0.187555
12.736 33.8064 -5.58242 -0.333307 -0.926714 0.173518
12.1601 33.8437 -6.5599 -0.318432 -0.933942 0.162338
11.5236 33.8956 -7.57401 -0.299358 -0.943689 0.140841
10.782 33.9906 -8.55902 -0.260941 -0.959144 0.109324
9.84541 34.1225 -9.60461 -0.247229 -0.964246 0.095437
8.94984 34.2482 -10.3882 -0.21063 -0.971521 0.108543
8.93105 34.2506 -10.4032 -0.212732 -0.972106 0.0987673
10.4301 33.8951 -10.3872 -0.247226 -0.964246 0.0954397
11.1733 33.7619 -9.5537 -0.28712 -0.95402 0.0860721
12.0235 33.6218 -8.45279 -0.293475 -0.948122 0.122221
12.6969 33.5247 -7.39097 -0.328351 -0.936395 0.123894
13.3746 33.4633 -6.22189 -0.342119 -0.928501 0.144362
13.9055 33.423 -5.24318 -0.368361 -0.916432 0.156402
14.4208 33.4312 -4.24707 -0.371248 -0.907457 0.196712
14.6578 33.4462 -3.77232 -0.375455 -0.900032 0.221306
15.1863 33.0229 -4.54234 -0.423403 -0.880496 0.213204
14.6402 33.0434 -5.67897 -0.397279 -0.902885 0.164222
14.0133 33.111 -6.85874 -0.369652 -0.917343 0.147779
13.3768 33.203 -7.95508 -0.354718 -0.926146 0.128177
12.7089 33.3255 -9.03708 -0.32592 -0.940172 0.0992619
12.0481 33.4631 -9.96387 -0.315467 -0.947072 0.0594525
11.7159 33.5402 -10.3682 -0.279293 -0.958404 0.0588036
12.5665 33.2374 -10.8094 -0.315464 -0.947074 0.0594486
13.4215 33.024 -9.54941 -0.340835 -0.936999 0.0765777
14.0705 32.8764 -8.49361 -0.365243 -0.925536 0.0999052
14.6245 32.758 -7.52712 -0.383808 -0.916142 0.115647
15.3124 32.6464 -6.24192 -0.417065 -0.899043 0.133335
15.6153 32.6101 -5.57207 -0.422428 -0.893692 0.151226
16.1982 32.2177 -6.31477 -0.431175 -0.892643 0.131438
15.7133 32.3088 -7.31949 -0.404248 -0.907481 0.114284
15.0455 32.4611 -8.52253 -0.403708 -0.908729 0.10598
14.4472 32.6185 -9.56549 -0.375776 -0.923437 0.077825
13.84 32.7935 -10.5281 -0.373802 -0.925079 0.0670911
13.4426 32.9201 -11.1535 -0.321402 -0.946226 0.0368478
14.4632 32.5268 -11.1871 -0.376743 -0.926166 0.0167624
15.113 32.3029 -10.1374 -0.405546 -0.912454 0.0544
15.7112 32.1152 -9.08978 -0.405275 -0.91114 0.0746668
16.2414 31.9628 -8.12748 -0.42905 -0.89862 0.0916439
16.6717 31.8539 -7.29589 -0.439357 -0.89052 0.118062
17.2185 31.4956 -8.052 -0.446893 -0.889886 0.0915927
16.5694 31.697 -9.30671 -0.42486 -0.901821 0.0788196
15.9903 31.8961 -10.3329 -0.413855 -0.908486 0.0581141
15.4501 32.1102 -11.262 -0.40105 -0.915809 0.021272
15.9549 31.8757 -12.1078 -0.411042 -0.911615 -0.00151199
16.6058 31.5803 -10.976 -0.428843 -0.903124 0.0214885
17.2099 31.3452 -9.87552 -0.44206 -0.89522 0.0562446
17.7178 31.1562 -8.9109 -0.463552 -0.88201 0.084718
17.7956 31.1305 -8.75438 -0.465654 -0.880683 0.0869745
18.436 30.7451 -9.32796 -0.479106 -0.875874 0.0574665
17.9235 30.9539 -10.3168 -0.468125 -0.882367 0.0478384
17.4128 31.1815 -11.2727 -0.446004 -0.894735 0.0230229
16.7778 31.4869 -12.3998 -0.433895 -0.900963 0.000764064
16.7194 31.5149 -12.5008 -0.435246 -0.899986 -0.0242225
17.5582 31.1217 -12.764 -0.448922 -0.892356 -0.0465841
18.1955 30.7797 -11.5896 -0.463231 -0.886194 0.00878004
18.7998 30.4843 -10.4352 -0.46632 -0.883422 0.0459526
18.8384 30.4678 -10.3613 -0.48162 -0.875517 0.0388779
19.5284 30.0537 -10.8329 -0.50059 -0.864951 0.0356243
18.8818 30.4074 -12.0879 -0.474814 -0.880083 0.00246243
18.3672 30.7152 -13.06 -0.476884 -0.878353 -0.0328178
18.135 30.8626 -13.49 -0.454228 -0.889092 -0.0565051
18.9275 30.4636 -13.8303 -0.47443 -0.877954 -0.0641271
19.4354 30.1308 -12.8661 -0.487046 -0.872613 -0.0365154
20.0233 29.7619 -11.7132 -0.501343 -0.865199 -0.00925136
20.5001 29.5123 -12.6597 -0.502923 -0.863256 -0.0431102
20.0004 29.855 -13.6475 -0.497503 -0.864561 -0.0708853
19.5615 30.1768 -14.4949 -0.484069 -0.86961 -0.097236
20.2964 29.8253 -14.972 -0.480456 -0.870835 -0.10396
20.9036 29.3438 -13.782 -0.508324 -0.857884 -0.0751159
21.1608 29.1471 -13.2681 -0.515284 -0.855825 -0.0452432
21.6978 28.9033 -14.1438 -0.513326 -0.85391 -0.0856444
21.1961 29.3219 -15.1283 -0.503713 -0.856786 -0.110412
21.0237 29.4672 -15.4556 -0.498078 -0.856408 -0.135956
21.5963 29.2506 -16.2114 -0.503393 -0.853679 -0.133519
22.1235 28.7877 -15.2332 -0.510513 -0.850987 -0.123282
22.6054 28.6447 -16.2025 -0.512873 -0.84526 -0.149989
22.2836 28.9372 -16.7743 -0.507166 -0.847118 -0.15866
22.9055 28.6973 -17.4527 -0.506262 -0.846309 -0.16571
23.0838 28.5309 -17.1582 -0.509498 -0.844638 -0.164312
23.5998 28.396 -18.0275 -0.507795 -0.843937 -0.172957
23.4396 28.545 -18.2825 -0.507665 -0.842525 -0.18008
