6.55709 47.3362 -3.67058 0.0943037 -0.993208 0.0681421
7.52676 47.4814 -3.11765 0.121418 -0.990176 0.069289
8.60926 47.6815 -2.36104 0.134849 -0.987297 0.0840308
9.45418 47.8768 -1.63702 0.165576 -0.982679 0.0832325
10.397 48.1105 -0.88195 0.181715 -0.979835 0.0830672
11.2926 48.3521 -0.22282 0.202165 -0.975446 0.0873283
12.3239 48.6759 0.685207 0.2438 -0.965786 0.0883107
13.1952 48.963 1.41104 0.247956 -0.965441 0.0797507
14.0306 49.2615 2.23544 0.269778 -0.959621 0.0796119
14.9152 49.5983 3.20299 0.292377 -0.953442 0.07364
15.686 49.8895 3.94827 0.298756 -0.952202 0.0635174
16.5 50.2114 4.88761 0.31109 -0.948162 0.0644774
17.2554 50.5244 5.82089 0.314185 -0.947689 0.0559499
17.9379 50.8102 6.70937 0.328524 -0.943124 0.050884
18.699 51.1308 7.76578 0.335512 -0.941014 0.0438641
19.2748 51.3811 8.79389 0.33889 -0.94013 0.0361698
19.8638 51.6313 9.71976 0.344158 -0.938329 0.0330576
20.4707 51.8835 10.6133 0.34643 -0.937645 0.0284464
21.0525 52.1344 11.8185 0.351039 -0.935969 0.0270563
21.8135 52.4494 12.9916 0.352049 -0.935764 0.0201491
22.3843 52.6927 14.3173 0.355228 -0.934638 0.0162829
22.7713 52.8586 15.3459 0.35887 -0.933232 0.0170319
23.2521 53.0601 16.3983 0.360064 -0.932844 0.012442
23.6829 53.2421 17.5917 0.363675 -0.93147 0.0102069
23.9918 53.374 18.7448 0.365075 -0.930953 0.00690989
24.3368 53.5191 20.0167 0.366701 -0.930321 0.00584541
24.7541 53.6904 21.2393 0.367916 -0.929849 0.00426667
25.0647 53.8194 22.4883 0.369067 -0.929394 0.00405443
25.3298 53.9291 23.6338 0.37019 -0.928951 0.00302533
25.5214 54.0096 24.9303 0.371224 -0.928539 0.00288759
25.7589 54.1082 26.464 0.372612 -0.927985 0.00188169
25.9229 54.1772 27.6727 0.373435 -0.927655 0.00154366
25.994 54.2075 28.7736 0.37472 -0.927137 0.00120661
26.0421 54.2291 30.1639 0.375284 -0.926909 0.00105942
26.1021 54.2548 31.3052 0.37699 -0.926216 0.00105611
26.1145 54.262 32.7578 0.377555 -0.925987 0.00105643
26.1053 54.2604 34.2943 0.378926 -0.925425 0.0017275
25.9968 54.2176 35.6207 0.379436 -0.925217 0.00109369
25.9147 54.1855 36.8202 0.380192 -0.924906 0.00139785
25.7469 54.1183 38.0271 0.380648 -0.924719 0.00101682
25.4426 53.9952 39.7294 0.381078 -0.924542 0.0010033
25.1535 53.8771 40.9068 0.381831 -0.924231 0.0010305
24.9077 53.7769 42.1776 0.382254 -0.924057 0.000912023
24.622 53.6597 43.3139 0.382614 -0.923908 0.000602002
24.1044 53.4461 44.3169 0.382841 -0.923814 0.000544816
22.776 52.8957 43.9106 0.382379 -0.924005 4.71269e-05
21.8202 52.5005 43.5251 0.382048 -0.924142 -0.000300964
20.6305 52.009 43.0598 0.381718 -0.924279 -0.000604742
19.6166 51.5908 42.5675 0.381565 -0.924341 -0.00111824
18.4967 51.1296 42.1133 0.380991 -0.924577 -0.00155883
17.4174 50.6856 41.6066 0.380966 -0.924587 -0.0021566
16.2438 50.2035 41.081 0.380906 -0.92461 -0.00261783
15.2584 49.7984 40.6544 0.381408 -0.924402 -0.00291148
14.9318 49.6684 39.3122 0.381533 -0.924349 -0.00341059
15.15 49.7639 38.202 0.381331 -0.924427 -0.00464083
15.4092 49.8805 36.5363 0.379945 -0.924988 -0.00624691
15.6055 49.9713 35.1703 0.379341 -0.925222 -0.00806128
15.7772 50.0521 33.952 0.377475 -0.925983 -0.00828387
15.8255 50.0855 32.6337 0.376113 -0.926514 -0.0105507
15.7135 50.0538 31.5111 0.374379 -0.927188 -0.0127313
15.6545 50.0482 30.1728 0.372426 -0.927974 -0.0127894
15.5687 50.0377 28.676 0.370169 -0.928849 -0.0145171
15.4488 50.0074 27.5644 0.367488 -0.929886 -0.0161607
15.237 49.9474 26.3196 0.36345 -0.931452 -0.0173668
14.905 49.8457 24.9247 0.360038 -0.932712 -0.0204618
14.4939 49.7181 23.5015 0.354216 -0.934927 -0.0207976
14.0284 49.5753 22.1638 0.350355 -0.936387 -0.0205794
13.5678 49.4376 20.84 0.344218 -0.938601 -0.0233036
13.2152 49.3378 19.777 0.338325 -0.94071 -0.0245037
12.7322 49.1928 18.777 0.326589 -0.944911 -0.0219818
12.2115 49.0367 17.8154 0.322339 -0.946282 -0.0252354
11.5731 48.8535 16.7481 0.30999 -0.950333 -0.0277484
10.991 48.6917 15.8068 0.303828 -0.952368 -0.0261405
10.3629 48.5231 14.8746 0.292822 -0.955776 -0.0273396
9.55022 48.3125 13.8272 0.276479 -0.960599 -0.0284426
8.82559 48.1366 12.9136 0.263388 -0.964218 -0.0301639
7.86561 47.9145 11.8886 0.247063 -0.968742 -0.022157
6.91595 47.7103 10.8477 0.230302 -0.972751 -0.0267763
5.83934 47.4934 9.90314 0.210897 -0.977351 -0.017515
4.69295 47.279 9.10016 0.192796 -0.980892 -0.0251591
3.61696 47.1029 8.27481 0.170905 -0.985019 -0.022996
2.55516 46.9388 7.55954 0.163562 -0.986231 -0.0244126
1.35889 46.7611 6.96341 0.157704 -0.987143 -0.0259687
0.368964 46.6234 6.3501 0.151135 -0.988146 -0.0269578
-0.682046 46.4783 5.78644 0.150111 -0.988293 -0.0272614
-1.81853 46.3198 5.31375 0.148647 -0.988505 -0.0275927
-2.99388 46.1503 4.9178 0.153304 -0.987775 -0.0282404
-4.2341 45.9645 4.43393 0.163501 -0.98613 -0.0285625
-5.53789 45.7536 4.03003 0.17749 -0.983746 -0.0272128
-6.8299 45.5185 3.75838 0.189025 -0.981456 -0.0318227
-8.34564 45.2147 3.41158 0.212527 -0.976656 -0.0295816
-9.54069 44.9452 3.20411 0.23608 -0.971088 -0.0336136
-10.6197 44.6739 3.11473 0.257228 -0.965291 -0.0441546
-12.0039 44.297 3.04446 0.26587 -0.96275 -0.0492419
-13.0557 43.9915 2.98719 0.284457 -0.957018 -0.05647
-14.223 43.6259 3.05377 0.297889 -0.952752 -0.0593272
-15.3719 43.2375 3.14315 0.321011 -0.944783 -0.0655366
-16.4519 42.86 3.23833 0.328544 -0.941577 -0.0738369
-17.7169 42.3983 3.37955 0.339507 -0.93681 -0.0843919
-18.76 41.9929 3.62352 0.346953 -0.933336 -0.0922405
-19.9949 41.4903 4.00128 0.351746 -0.930692 -0.100432
-21.3545 40.9216 4.44556 0.356154 -0.927874 -0.110397
-22.5578 40.4156 4.79133 0.357511 -0.926329 -0.118743
-23.5997 39.9538 5.25225 0.355795 -0.92534 -0.130984
-24.8026 39.4093 5.79803 0.357532 -0.923685 -0.137738
-25.7376 38.9674 6.33709 0.3579 -0.922686 -0.143376
-26.774 38.4692 6.95673 0.355349 -0.923025 -0.147484
-27.7799 37.9734 7.63057 0.353762 -0.922867 -0.152214
-28.6445 37.5309 8.30104 0.352 -0.92306 -0.155101
-29.436 37.1143 8.97876 0.350956 -0.923086 -0.157297
-30.2865 36.6594 9.75164 0.349452 -0.92339 -0.158853
-31.026 36.2464 10.5208 0.348698 -0.923523 -0.159733
-31.8344 35.8061 11.304 0.347341 -0.923913 -0.160436
-32.583 35.3726 12.1782 0.346796 -0.923984 -0.1612
-33.5601 34.8086 13.3175 0.345406 -0.924557 -0.160901
-34.1569 34.4114 14.3206 0.344791 -0.924887 -0.160323
-34.746 34.0409 15.1914 0.344888 -0.924917 -0.159939
-35.4149 33.6244 16.1596 0.344716 -0.925072 -0.159412
-35.957 33.2332 17.258 0.344416 -0.925171 -0.159491
-36.4408 32.8782 18.274 0.344407 -0.925259 -0.158994
-37.4266 32.5114 18.2722 0.344661 -0.925187 -0.158866
-38.5528 32.1777 17.7727 0.34434 -0.925333 -0.158712
-39.6357 31.8554 17.3021 0.344488 -0.925268 -0.158769
-40.6815 31.5447 16.8439 0.344564 -0.925254 -0.158683
-42.035 31.1294 16.3257 0.344613 -0.925221 -0.158769
-43.0435 30.8209 15.9345 0.344683 -0.925192 -0.158784
-44.0819 30.5202 15.4316 0.344741 -0.925198 -0.158624
-45.1329 30.2098 14.9576 0.344813 -0.925163 -0.158674
-46.415 29.8721 14.137 0.345231 -0.925026 -0.158567
-45.8541 30.2921 12.9126 0.34552 -0.924757 -0.1595
-45.3071 30.7139 11.6548 0.345186 -0.924782 -0.160078
-44.7272 31.1149 10.5913 0.345108 -0.924646 -0.161028
-44.1574 31.5003 9.60008 0.345129 -0.924539 -0.161594
-43.6692 31.8531 8.62544 0.344503 -0.924667 -0.162196
-43.132 32.2164 7.69717 0.344026 -0.924741 -0.162788
-42.4328 32.6311 6.81928 0.34352 -0.924932 -0.162771
-41.7693 33.04 5.89659 0.342978 -0.925141 -0.162725
-41.1306 33.4193 5.08768 0.342367 -0.925299 -0.163116
-40.2766 33.8873 4.22135 0.341478 -0.925637 -0.163058
-39.534 34.3089 3.3781 0.339972 -0.926267 -0.162629
-38.8682 34.7017 2.52771 0.33959 -0.926661 -0.16118
-38.0107 35.168 1.64857 0.337856 -0.927309 -0.161093
-37.1745 35.5983 0.912947 0.335733 -0.928447 -0.158963
-36.3886 36.0029 0.204636 0.333611 -0.929629 -0.156505
-35.5632 36.4163 -0.494964 0.334113 -0.929702 -0.154991
-34.5894 36.8862 -1.24059 0.329752 -0.931757 -0.151962
-33.739 37.2884 -1.86894 0.327392 -0.93314 -0.148541
-32.8201 37.7022 -2.4489 0.328258 -0.933371 -0.145137
-31.7101 38.1898 -3.10003 0.325716 -0.9349 -0.140963
-30.7673 38.5875 -3.57602 0.322288 -0.936725 -0.136663
-29.7496 39.0227 -4.16984 0.319799 -0.938052 -0.133367
-28.7171 39.451 -4.73701 0.317132 -0.939492 -0.129548
-27.6424 39.8789 -5.2398 0.313012 -0.941874 -0.122027
-26.6441 40.2563 -5.60209 0.315564 -0.941628 -0.117287
-25.6144 40.6429 -6.01049 0.306501 -0.945507 -0.109876
-24.3872 41.0816 -6.36647 0.305001 -0.946918 -0.101586
-23.1266 41.5229 -6.72254 0.300871 -0.948921 -0.0950048
-22.0618 41.897 -7.10393 0.30072 -0.949533 -0.0891864
-20.9533 42.2618 -7.29002 0.294088 -0.952165 -0.0830333
-19.8758 42.6153 -7.54248 0.29064 -0.953642 -0.0780676
-18.8145 42.9521 -7.72204 0.287916 -0.954914 -0.0724153
-17.6841 43.3024 -7.85242 0.286408 -0.955684 -0.0681022
-16.4281 43.6731 -7.97053 0.275326 -0.959523 -0.0592362
-15.191 44.0262 -8.11391 0.265718 -0.962854 -0.0480294
-13.9136 44.3694 -8.15624 0.253337 -0.966237 -0.0469722
-12.6488 44.6946 -8.08908 0.24969 -0.967144 -0.0478204
-11.4374 44.9924 -8.06784 0.229999 -0.972241 -0.0429983
-10.2864 45.2573 -8.04908 0.21645 -0.975507 -0.0391771
-8.71719 45.5896 -7.90062 0.208093 -0.977684 -0.0287779
-7.18575 45.8555 -7.75652 0.164523 -0.986022 -0.0263063
-5.86552 46.0552 -7.56228 0.14554 -0.989064 -0.0238922
-4.63211 46.2206 -7.39276 0.120127 -0.992482 -0.0232892
-3.49714 46.3557 -7.22221 0.112822 -0.993421 -0.0172501
-2.10431 46.4987 -6.94765 0.0969796 -0.995207 -0.00910823
-0.794754 46.6212 -6.42894 0.0934662 -0.995612 0.00437308
0.289015 46.7194 -5.94669 0.0858586 -0.996275 0.00760579
1.94177 46.8637 -5.482 0.0794057 -0.996621 0.0210115
3.11956 46.9684 -5.1436 0.0804649 -0.996233 0.0323325
4.53709 47.0998 -4.59224 0.0808756 -0.995497 0.0487122
5.7594 47.2327 -4.0832 0.0882535 -0.994133 0.0619937
6.15739 47.2851 -3.867 0.0936684 -0.993274 0.068064
6.70425 47.2718 -4.81403 0.0943037 -0.993208 0.068142
7.95817 47.447 -4.14508 0.110933 -0.990364 0.0829068
8.91308 47.6172 -3.50525 0.131117 -0.986418 0.0983303
9.98734 47.875 -2.59709 0.16046 -0.981358 0.105356
11.0877 48.1717 -1.65603 0.184716 -0.975995 0.115388
12.0527 48.4482 -0.987261 0.215923 -0.971365 0.0991308
12.8666 48.7221 -0.262223 0.243625 -0.96525 0.0945537
13.6776 49.0043 0.440344 0.257854 -0.9615 0.0944652
14.743 49.4009 1.46898 0.283457 -0.954804 0.0894499
15.7605 49.8004 2.50872 0.299982 -0.950726 0.0783011
16.5321 50.1082 3.2879 0.306932 -0.948804 0.0745872
17.274 50.4198 4.14636 0.314353 -0.94663 0.0712231
17.9124 50.6965 4.99842 0.328459 -0.942288 0.0648695
18.654 51.0181 5.94994 0.335443 -0.940156 0.0598251
19.294 51.2981 6.84318 0.338173 -0.939804 0.0490569
19.9024 51.5635 7.77153 0.340742 -0.93908 0.0449611
20.4321 51.8019 8.77012 0.344021 -0.938093 0.0403716
21.2024 52.1257 9.76384 0.34676 -0.937259 0.036107
21.6812 52.3439 10.904 0.350616 -0.936088 0.0283653
22.2884 52.5982 11.7812 0.354862 -0.934519 0.0273234
22.8076 52.8217 12.7901 0.356091 -0.934193 0.0219595
23.2218 53.0028 13.8167 0.358592 -0.933298 0.0191309
23.7639 53.2359 15.0402 0.362088 -0.932002 0.016278
24.273 53.4535 16.1867 0.363904 -0.931339 0.0134534
24.6568 53.6182 17.2637 0.365428 -0.930769 0.0114584
25.0703 53.7954 18.5629 0.366257 -0.930451 0.0107956
25.3336 53.9106 19.7845 0.366542 -0.930372 0.00723812
25.7582 54.086 20.8676 0.367587 -0.929971 0.00560954
25.9673 54.1758 22.0233 0.369124 -0.929367 0.00482098
26.2457 54.292 23.0946 0.371018 -0.928616 0.00420589
26.4024 54.3598 24.2853 0.371496 -0.928426 0.00395083
26.6069 54.446 25.4952 0.372478 -0.928036 0.00286405
26.8373 54.5436 26.9355 0.3734 -0.927666 0.00278911
26.9337 54.586 28.1271 0.37491 -0.927056 0.00312613
26.9968 54.6148 29.3781 0.376302 -0.926494 0.00249628
27.0396 54.6349 30.504 0.376722 -0.926323 0.00230339
27.0827 54.6554 31.8619 0.37761 -0.925962 0.00203388
27.0818 54.6575 33.0136 0.378087 -0.925768 0.00184605
27.0586 54.6505 34.1783 0.379117 -0.925346 0.00212644
26.9826 54.6223 35.6041 0.379931 -0.925013 0.0019049
26.9026 54.5916 36.7367 0.38041 -0.924816 0.0017144
26.7832 54.5447 37.8925 0.380542 -0.924762 0.00178505
26.5507 54.4513 39.2041 0.38127 -0.924462 0.00191891
26.326 54.3606 40.2882 0.381765 -0.924258 0.00173586
26.0524 54.2492 41.3554 0.382111 -0.924115 0.0013267
25.8564 54.1701 42.6154 0.382707 -0.923869 0.00144323
25.5132 54.0295 43.8511 0.38299 -0.923752 0.0010231
25.1175 53.8664 44.8857 0.38348 -0.923549 0.000654659
24.5227 53.6201 45.7659 0.38334 -0.923607 0.000402238
23.5348 53.2102 45.4629 0.383085 -0.923713 -9.22258e-05
22.6033 52.8242 44.9778 0.382815 -0.923825 -0.000435384
21.6024 52.4099 44.5228 0.382328 -0.924027 -0.000516665
20.472 51.9427 44.1974 0.382019 -0.924154 -0.000780473
19.5527 51.5633 43.6507 0.381808 -0.924241 -0.000843885
18.3683 51.0746 43.1835 0.38171 -0.924281 -0.00120368
17.4181 50.6834 42.7766 0.381139 -0.924515 -0.00197556
16.4119 50.2697 42.2668 0.381101 -0.924531 -0.00231835
15.3643 49.8389 41.8183 0.381274 -0.924459 -0.00230352
14.3113 49.4055 41.3745 0.381622 -0.924316 -0.00239273
13.6146 49.1204 40.4375 0.38227 -0.924046 -0.0029133
13.9524 49.2652 39.111 0.381822 -0.924228 -0.00376102
14.168 49.3595 38.0336 0.382105 -0.924103 -0.0052986
14.3965 49.4623 36.7589 0.381029 -0.924537 -0.00695295
14.5234 49.5234 35.6495 0.380045 -0.924935 -0.00775601
14.7428 49.6271 34.1729 0.379363 -0.925193 -0.0100239
14.8539 49.6864 32.9469 0.377826 -0.925813 -0.010818
14.725 49.6518 31.6368 0.376147 -0.926457 -0.0138206
14.7047 49.6608 30.5298 0.374631 -0.927058 -0.014678
14.6451 49.6566 29.3951 0.372508 -0.927878 -0.0167203
14.5104 49.6277 28.0619 0.370274 -0.928751 -0.017849
14.3384 49.588 26.6787 0.365373 -0.930678 -0.0184684
14.0004 49.485 25.4375 0.361528 -0.93206 -0.0236709
13.6582 49.3819 24.2836 0.355802 -0.934188 -0.026407
13.3978 49.3133 23.2004 0.351177 -0.935899 -0.0276873
13.008 49.1968 22.1813 0.344554 -0.938393 -0.0263685
12.5227 49.0564 20.9572 0.342314 -0.939146 -0.0287469
12.1684 48.9617 19.902 0.33135 -0.943043 -0.0296124
11.5807 48.7906 18.8419 0.324747 -0.94526 -0.0319916
11.0598 48.6475 17.8626 0.314607 -0.948725 -0.0303
10.3466 48.4581 16.6676 0.304086 -0.951959 -0.0361363
9.57909 48.2601 15.5727 0.290711 -0.95593 -0.040306
8.85129 48.0839 14.5982 0.279387 -0.959322 -0.0401233
8.12086 47.9199 13.6676 0.258353 -0.965144 -0.0417606
7.33891 47.7502 12.8252 0.253125 -0.96664 -0.0386218
6.52918 47.5864 11.9225 0.228785 -0.972692 -0.0384333
5.59788 47.4074 11.0516 0.215681 -0.97563 -0.039511
4.49176 47.2073 10.2084 0.197304 -0.979601 -0.0374204
3.53633 47.0518 9.47616 0.182089 -0.982607 -0.0364096
2.48251 46.8932 8.7548 0.169673 -0.984936 -0.0327866
1.19648 46.7052 8.02317 0.157957 -0.986901 -0.0326673
0.104049 46.5532 7.39645 0.152012 -0.987895 -0.0309144
-1.23244 46.3705 6.67327 0.150149 -0.98826 -0.0282237
-2.33209 46.2148 6.25305 0.151632 -0.988094 -0.0260338
-3.43572 46.0527 5.90353 0.156609 -0.987358 -0.0244607
-4.43896 45.9014 5.49306 0.160905 -0.986676 -0.0240941
-5.68391 45.6981 5.09328 0.175259 -0.984222 -0.02362
-6.76289 45.5003 4.85557 0.18821 -0.981707 -0.0286852
-7.97795 45.2592 4.60837 0.20586 -0.978308 -0.0226862
-9.12173 45.0085 4.34623 0.228337 -0.973299 -0.0211935
-10.3278 44.706 4.2179 0.246397 -0.968454 -0.0372328
-11.5288 44.3788 4.18254 0.273254 -0.961284 -0.0343064
-12.6958 44.0412 4.04894 0.295469 -0.954433 -0.0418449
-14.1558 43.5755 4.14127 0.314061 -0.948115 -0.0494274
-15.3495 43.168 4.21619 0.325395 -0.943564 -0.0616907
-16.431 42.7798 4.31142 0.338134 -0.938243 -0.0730006
-17.6842 42.3168 4.41884 0.343782 -0.93547 -0.0818519
-18.9609 41.7982 4.79983 0.356425 -0.929608 -0.0937597
-20.0914 41.3283 5.11451 0.358116 -0.927838 -0.104254
-21.1315 40.8872 5.42613 0.359382 -0.926095 -0.114852
-22.1538 40.4398 5.79421 0.358635 -0.925071 -0.124997
-23.0984 40.0168 6.19356 0.363429 -0.922375 -0.130856
-24.1403 39.5414 6.6441 0.360335 -0.92281 -0.136309
-25.1374 39.0659 7.20362 0.358638 -0.922349 -0.143703
-26.2051 38.545 7.85717 0.36053 -0.920465 -0.150845
-27.11 38.0961 8.44704 0.35754 -0.920999 -0.15466
-28.0147 37.6316 9.13151 0.354443 -0.921602 -0.158173
-28.8788 37.1764 9.85461 0.351419 -0.922274 -0.16098
-29.625 36.7707 10.5544 0.35051 -0.922491 -0.161718
-30.4907 36.2838 11.466 0.34827 -0.923444 -0.161112
-31.2829 35.8458 12.2645 0.347146 -0.923748 -0.161799
-32.0199 35.4227 13.1012 0.346518 -0.923928 -0.162115
-32.8207 34.9544 14.0666 0.345132 -0.924533 -0.161625
-33.4013 34.5726 15.0156 0.34509 -0.92474 -0.160526
-34.1475 34.0921 16.1845 0.344593 -0.925047 -0.159827
-34.746 33.7162 17.0715 0.344403 -0.925177 -0.159482
-35.1765 33.3743 18.1259 0.34434 -0.925257 -0.159153
-35.7426 32.9612 19.3043 0.344442 -0.925274 -0.158829
-36.7752 32.5273 19.5929 0.344472 -0.925285 -0.158702
-37.9486 32.1669 19.1472 0.344459 -0.92529 -0.158699
-39.0171 31.8517 18.6664 0.34436 -0.925333 -0.158666
-40.0484 31.5386 18.2533 0.344429 -0.925321 -0.158587
-41.4194 31.1308 17.6548 0.344463 -0.925293 -0.158674
-42.4265 30.8282 17.2323 0.344486 -0.925304 -0.158565
-43.5093 30.4885 16.8611 0.344601 -0.925274 -0.158485
-44.5506 30.199 16.2869 0.344635 -0.925286 -0.158343
-45.6152 29.8755 15.8594 0.344903 -0.925198 -0.158272
-46.82 29.5072 15.3853 0.345255 -0.925071 -0.15825
-47.5873 29.3592 14.5748 0.345895 -0.924854 -0.158117
-47.1236 29.779 13.1378 0.345902 -0.924705 -0.158973
-46.616 30.1262 12.2242 0.345862 -0.924614 -0.15959
-46.1181 30.5327 10.9502 0.345774 -0.924595 -0.159891
-45.6444 30.8765 9.99319 0.345781 -0.924417 -0.160901
-45.0264 31.2576 9.1342 0.345083 -0.924475 -0.162063
-44.5989 31.5895 8.15284 0.344971 -0.924405 -0.162697
-44.0089 31.9749 7.21493 0.344647 -0.9244 -0.163412
-43.3669 32.3674 6.34613 0.343921 -0.924576 -0.163943
-42.7596 32.7439 5.49528 0.342925 -0.924946 -0.16394
-41.9799 33.215 4.46566 0.341937 -0.925249 -0.164294
-41.1615 33.6709 3.59913 0.341538 -0.925502 -0.163702
-40.4102 34.098 2.74626 0.340606 -0.925851 -0.163668
-39.7059 34.5073 1.88765 0.338815 -0.926555 -0.163399
-38.9437 34.9276 1.07778 0.337046 -0.927412 -0.16219
-37.9573 35.4453 0.151284 0.334429 -0.928499 -0.161389
-37.0664 35.8951 -0.601218 0.332482 -0.92954 -0.159409
-36.2789 36.2902 -1.27098 0.331233 -0.930391 -0.157028
-35.264 36.7805 -2.05481 0.328381 -0.931928 -0.153866
-34.3579 37.1943 -2.64123 0.32638 -0.932995 -0.151642
-33.3789 37.6488 -3.35164 0.32535 -0.934276 -0.145856
-32.4663 38.0541 -3.92935 0.323726 -0.935147 -0.143881
-31.2193 38.5714 -4.51807 0.321463 -0.936709 -0.138702
-30.2851 38.9727 -5.10252 0.319266 -0.938248 -0.133268
-29.2833 39.3883 -5.66943 0.311858 -0.941377 -0.128661
-28.2221 39.7996 -6.1178 0.311017 -0.94233 -0.123623
-27.2502 40.1732 -6.55017 0.306248 -0.94452 -0.118714
-26.2321 40.5451 -6.89418 0.306812 -0.945405 -0.109888
-25.2069 40.9217 -7.30193 0.301393 -0.947508 -0.106716
-24.1269 41.2855 -7.49104 0.300902 -0.948586 -0.0981948
-22.9066 41.7197 -7.98672 0.296207 -0.950457 -0.0942771
-21.6185 42.1426 -8.26834 0.292004 -0.952445 -0.0870738
-20.4936 42.503 -8.45854 0.289235 -0.954004 -0.0788696
-19.1679 42.927 -8.76578 0.283412 -0.956065 -0.0748194
-18.1204 43.241 -8.82391 0.274655 -0.959256 -0.0662508
-16.8939 43.6062 -9.01957 0.269339 -0.96106 -0.0618056
-15.7953 43.9162 -9.12796 0.262309 -0.963536 -0.0528332
-14.5376 44.2603 -9.26317 0.253826 -0.966077 -0.0476275
-13.4256 44.5466 -9.1976 0.248608 -0.967552 -0.0451394
-12.062 44.8893 -9.17354 0.23734 -0.970315 -0.0464599
-10.8417 45.1755 -9.11951 0.221252 -0.974137 -0.0458807
-9.71959 45.4163 -9.06273 0.205455 -0.977819 -0.0407327
-8.63908 45.6325 -8.96876 0.186108 -0.981846 -0.0366467
-7.17393 45.8881 -8.76613 0.16344 -0.985859 -0.0353231
-6.011 46.0627 -8.62929 0.139761 -0.989814 -0.0270987
-4.56178 46.2549 -8.41988 0.123264 -0.992095 -0.0208957
-3.40506 46.3805 -8.26156 0.103537 -0.994474 -0.0173376
-2.05451 46.5108 -8.03571 0.0897856 -0.995889 -0.0119976
-0.793412 46.616 -7.60664 0.0788028 -0.996836 0.0104135
0.502957 46.7196 -7.06913 0.0780736 -0.996819 0.0158662
1.82242 46.828 -6.63002 0.0717218 -0.997026 0.0282141
2.88132 46.9119 -6.32208 0.0694996 -0.996973 0.0348628
4.01796 47.0032 -5.94218 0.0672117 -0.996657 0.0464484
5.37158 47.1252 -5.41374 0.0682574 -0.996004 0.0575617
6.36892 47.2318 -5.00249 0.0812073 -0.994486 0.0656239
6.77776 47.1833 -6.022 0.0716598 -0.993801 0.0849188
8.00689 47.3345 -5.4085 0.093638 -0.991285 0.0925826
8.96487 47.4877 -4.78154 0.104998 -0.989021 0.103984
9.94903 47.6977 -4.04862 0.145924 -0.981539 0.123631
10.7444 47.9113 -3.30094 0.146628 -0.981267 0.124964
11.6496 48.1617 -2.63842 0.187929 -0.969169 0.157216
12.6159 48.4655 -1.92683 0.230445 -0.964879 0.126107
13.5836 48.8208 -1.03011 0.250878 -0.962477 0.103433
14.6034 49.1873 -0.145898 0.25606 -0.960944 0.104979
15.4323 49.5264 0.632807 0.282433 -0.954815 0.0925155
16.3965 49.9205 1.59922 0.299259 -0.949513 0.0941589
17.1669 50.2451 2.43757 0.312265 -0.946491 0.0815042
17.9008 50.5605 3.28067 0.322546 -0.942704 0.084647
18.5701 50.8605 4.11692 0.330521 -0.940806 0.0748849
19.2509 51.1753 5.03843 0.343 -0.937097 0.0643149
20.0356 51.5302 6.13772 0.344797 -0.937185 0.0526591
20.7712 51.8484 7.11133 0.344941 -0.937323 0.0492959
21.3317 52.1104 8.20761 0.345953 -0.937322 0.0417504
22.0552 52.4242 9.17688 0.356934 -0.933399 0.0369351
22.4912 52.6265 10.1645 0.354683 -0.934386 0.0335181
23.1001 52.8921 11.1806 0.361835 -0.931765 0.0295528
23.6804 53.1423 12.1535 0.359721 -0.93282 0.0211644
24.0459 53.3058 13.1728 0.359167 -0.933047 0.0205534
24.6003 53.5476 14.377 0.36295 -0.931617 0.0189004
25.0141 53.7294 15.3794 0.367274 -0.929964 0.0166346
25.4297 53.9098 16.4242 0.365806 -0.930596 0.0132847
25.8084 54.0732 17.4868 0.36581 -0.930617 0.0115894
26.1026 54.2034 18.6332 0.366797 -0.930242 0.0104611
26.483 54.3647 19.7253 0.368716 -0.929501 0.00872207
26.8189 54.5077 20.9067 0.369911 -0.92904 0.00703415
27.0178 54.5956 22.1872 0.371449 -0.928431 0.00634846
27.2476 54.6937 23.3378 0.37144 -0.928447 0.00433557
27.5156 54.8068 24.4858 0.372572 -0.927993 0.00433053
27.6142 54.8514 25.5941 0.37305 -0.927802 0.00402266
27.8598 54.9566 27.0657 0.374482 -0.927227 0.00353438
27.9355 54.9923 28.3728 0.375203 -0.926935 0.0037317
27.9964 55.0214 29.6351 0.376288 -0.926498 0.00280186
28.0013 55.027 30.7546 0.377208 -0.926124 0.00283968
28.0436 55.0486 32.1972 0.378406 -0.925634 0.00311259
28.0706 55.0629 33.3122 0.378864 -0.925449 0.00253003
28.0117 55.0417 34.4498 0.37924 -0.925295 0.00239433
27.9631 55.0255 35.7779 0.380257 -0.924876 0.00291738
27.8825 54.9951 36.8984 0.380628 -0.924726 0.00190879
27.6659 54.9088 38.2363 0.38047 -0.92479 0.00223303
27.5101 54.8475 39.3475 0.381628 -0.924313 0.00212315
27.2983 54.763 40.5742 0.382025 -0.924149 0.00229097
26.904 54.6032 42.1431 0.382596 -0.923914 0.0016552
26.7338 54.5349 43.3288 0.383185 -0.92367 0.00151378
26.3374 54.3724 44.6312 0.383144 -0.923687 0.00145018
26.0001 54.2336 45.7193 0.383613 -0.923494 0.000999425
25.6319 54.0817 46.8692 0.38418 -0.923258 0.000687862
24.5609 53.6363 46.973 0.383893 -0.923378 0.000267977
23.6086 53.2407 46.636 0.383614 -0.923494 0.000140541
22.5528 52.8028 46.1664 0.383025 -0.923738 -0.000359668
21.5677 52.3948 45.6478 0.382506 -0.923953 -0.000629101
20.2972 51.8693 45.2367 0.382408 -0.923993 -0.00108042
19.2961 51.456 44.7026 0.382074 -0.924131 -0.00104783
18.1953 51.0016 44.2534 0.381806 -0.924242 -0.00137113
17.1751 50.5808 43.935 0.381539 -0.924351 -0.00164562
16.2126 50.1849 43.3899 0.381339 -0.924433 -0.00201475
15.2418 49.7856 42.9367 0.381324 -0.924439 -0.00213037
14.2145 49.3629 42.4516 0.381563 -0.92434 -0.00214796
13.1202 48.9117 42.0257 0.3819 -0.924202 -0.00190128
12.4002 48.6152 41.3258 0.382861 -0.923804 -0.00185051
12.6744 48.7321 40.098 0.38309 -0.923705 -0.00331405
12.9353 48.8447 39.0324 0.382296 -0.92403 -0.00418028
13.2272 48.9719 37.8108 0.382616 -0.92389 -0.005728
13.4464 49.0724 36.4938 0.382135 -0.924076 -0.00750811
13.5572 49.1284 35.3462 0.381025 -0.924528 -0.00827963
13.701 49.2002 34.167 0.380117 -0.924851 -0.0127374
13.8326 49.2689 32.9929 0.378251 -0.925621 -0.0123637
13.7587 49.2615 31.4876 0.376897 -0.926128 -0.0153644
13.7089 49.2637 30.2503 0.374953 -0.926859 -0.0185051
13.6655 49.2694 29.1147 0.374038 -0.927213 -0.0192816
13.4244 49.1996 27.9158 0.368779 -0.929281 -0.0209458
13.3171 49.1857 26.7271 0.367541 -0.92971 -0.0235123
12.972 49.0927 25.2538 0.359829 -0.932698 -0.024427
12.5955 48.99 23.8937 0.354104 -0.934747 -0.0293026
12.1746 48.87 22.7452 0.348977 -0.936512 -0.0340788
11.6895 48.7332 21.6224 0.340756 -0.939604 -0.0320223
11.3235 48.6357 20.5938 0.337029 -0.940933 -0.0324495
10.5882 48.4362 19.2797 0.320535 -0.946411 -0.0395285
10.0148 48.289 18.1581 0.312474 -0.948963 -0.0425449
9.43013 48.1483 17.1113 0.299382 -0.953099 -0.0444158
8.75011 47.9838 16.1929 0.292079 -0.955039 -0.050896
8.06642 47.8258 15.3096 0.282026 -0.958168 -0.0487416
7.32968 47.6819 14.2567 0.25598 -0.965039 -0.0563206
6.40888 47.4981 13.3577 0.22971 -0.971765 -0.0530251
5.59095 47.3464 12.4894 0.226647 -0.972839 -0.0470686
4.74953 47.1951 11.8004 0.209527 -0.976826 -0.0437007
3.51576 46.9951 10.8036 0.183968 -0.981817 -0.0466085
2.63084 46.8629 10.1288 0.176489 -0.983062 -0.0494105
1.66414 46.7315 9.47902 0.158504 -0.986685 -0.0364648
0.639514 46.5875 8.92087 0.154798 -0.987352 -0.0342357
-0.443725 46.4407 8.26639 0.153233 -0.987586 -0.0345384
-1.69176 46.2743 7.59646 0.147996 -0.988523 -0.0303333
-2.82977 46.113 7.22279 0.150355 -0.988295 -0.0257704
-4.21301 45.9086 6.69719 0.160133 -0.986806 -0.0239091
-5.35804 45.7276 6.27757 0.167384 -0.98566 -0.0212231
-6.67978 45.4898 5.96835 0.187641 -0.982085 -0.0173408
-7.89772 45.2539 5.68163 0.201631 -0.979251 -0.0181044
-9.13278 44.9781 5.45278 0.238097 -0.971111 -0.0159243
-10.3863 44.6556 5.31924 0.264333 -0.964097 -0.0244259
-11.8277 44.251 5.24756 0.279914 -0.95961 -0.0282116
-12.9325 43.9234 5.11328 0.299448 -0.95369 -0.028396
-14.094 43.5362 5.24917 0.313517 -0.948084 -0.0533234
-15.1965 43.1498 5.33397 0.334913 -0.940643 -0.0549602
-16.4839 42.674 5.44052 0.346635 -0.934915 -0.07601
-17.5174 42.287 5.45732 0.349152 -0.933945 -0.076419
-18.6366 41.8205 5.8247 0.360802 -0.928047 -0.0924753
-19.7696 41.3449 6.10218 0.371129 -0.923067 -0.100722
-20.7537 40.9169 6.39633 0.370076 -0.921895 -0.114516
-21.7922 40.4558 6.75846 0.364497 -0.923437 -0.120027
-22.7648 40.0062 7.18112 0.36902 -0.919759 -0.133629
-23.7082 39.5703 7.59304 0.365236 -0.920718 -0.137385
-24.6436 39.1117 8.14464 0.370167 -0.917064 -0.148085
-25.5417 38.6603 8.72574 0.362414 -0.91897 -0.155386
-26.62 38.1175 9.44045 0.358403 -0.920353 -0.156518
-27.6259 37.6056 10.1454 0.354644 -0.921063 -0.160846
-28.4623 37.1528 10.8963 0.351357 -0.922086 -0.162191
-29.3231 36.6856 11.6892 0.349861 -0.922538 -0.162846
-30.0511 36.2723 12.4769 0.348186 -0.923295 -0.162151
-30.7681 35.8381 13.4097 0.346807 -0.923729 -0.162634
-31.536 35.4275 14.1056 0.345515 -0.924293 -0.162176
-32.1332 35.0392 15.0501 0.344877 -0.924625 -0.161641
-32.7776 34.6467 15.9249 0.344043 -0.9251 -0.160697
-33.5479 34.1292 17.2606 0.343824 -0.925323 -0.159884
-34.1209 33.7451 18.2531 0.343921 -0.925392 -0.15927
-34.5949 33.3712 19.4042 0.344246 -0.925362 -0.158743
-35.1595 32.9908 20.3987 0.344506 -0.925328 -0.158377
-35.903 32.6043 21.038 0.344724 -0.925232 -0.158463
-36.9348 32.2816 20.6791 0.344539 -0.92526 -0.158702
-37.9253 31.9856 20.2545 0.344497 -0.925267 -0.158757
-39.0076 31.6688 19.7534 0.344282 -0.925362 -0.158666
-40.0433 31.3483 19.3748 0.344452 -0.925296 -0.158681
-41.5869 30.8866 18.7161 0.344396 -0.925364 -0.158407
-42.8528 30.5111 18.1576 0.344438 -0.925386 -0.15819
-44.1233 30.1184 17.6881 0.344562 -0.925355 -0.158098
-45.0591 29.8586 17.169 0.344621 -0.925301 -0.158285
-46.2216 29.4902 16.7895 0.344883 -0.925232 -0.158116
-47.584 29.0973 16.1152 0.345292 -0.925124 -0.157856
-48.7661 28.7508 15.5565 0.345861 -0.924942 -0.157678
-48.6969 28.9949 14.2775 0.346238 -0.924729 -0.1581
-48.2238 29.3601 13.1795 0.346164 -0.924667 -0.158626
-47.7203 29.7519 11.999 0.34618 -0.924477 -0.159694
-47.1778 30.1408 10.9235 0.346112 -0.924469 -0.159883
-46.8154 30.4731 9.79208 0.346406 -0.924146 -0.161112
-46.1717 30.8659 8.9258 0.34615 -0.924057 -0.162167
-45.6865 31.2172 7.95945 0.345613 -0.924167 -0.162687
-45.109 31.597 7.03127 0.345125 -0.92425 -0.163248
-44.513 31.9711 6.17598 0.344483 -0.924274 -0.164466
-43.751 32.4453 5.10338 0.343529 -0.924618 -0.164529
-42.9666 32.9257 4.04091 0.342343 -0.925034 -0.16466
-42.3121 33.3289 3.13431 0.341785 -0.925206 -0.164855
-41.4688 33.7827 2.332 0.340111 -0.925871 -0.164584
-40.7338 34.2081 1.45434 0.339754 -0.926075 -0.164172
-39.8984 34.6748 0.539172 0.337303 -0.927062 -0.163651
-39.0099 35.1477 -0.321182 0.335108 -0.928064 -0.162477
-38.1019 35.614 -1.11948 0.333211 -0.929118 -0.160337
-37.2693 36.0355 -1.8483 0.330362 -0.93043 -0.158621
-36.3279 36.4842 -2.5299 0.329294 -0.931236 -0.156093
-35.3345 36.9663 -3.34021 0.32483 -0.933575 -0.151403
-34.4433 37.3669 -3.904 0.322706 -0.93484 -0.1481
-33.4484 37.8126 -4.5534 0.321997 -0.93551 -0.145391
-32.5926 38.1996 -5.15567 0.320133 -0.93642 -0.143641
-31.6195 38.5919 -5.56666 0.315098 -0.938495 -0.141189
-30.7329 38.972 -6.13738 0.312964 -0.940029 -0.135646
-29.7401 39.3652 -6.59504 0.308169 -0.942465 -0.12955
-28.6814 39.7705 -7.0482 0.305456 -0.943992 -0.1248
-27.6958 40.1482 -7.50239 0.301777 -0.945773 -0.120183
-26.6503 40.5286 -7.87304 0.304653 -0.945509 -0.114892
-25.4522 40.9742 -8.41681 0.29901 -0.947477 -0.11349
-24.3171 41.3395 -8.56069 0.297595 -0.949441 -0.0999942
-23.2058 41.7317 -9.04004 0.292267 -0.951455 -0.0965037
-22.1269 42.0761 -9.2056 0.284417 -0.954211 -0.092512
-20.93 42.4567 -9.46717 0.288234 -0.954003 -0.0824531
-19.7578 42.8264 -9.71237 0.280776 -0.956683 -0.0769425
-18.4819 43.2144 -9.95094 0.273874 -0.959312 -0.0686221
-17.4153 43.527 -10.0539 0.267366 -0.961573 -0.0620559
-16.3152 43.8336 -10.144 0.2642 -0.962771 -0.0571649
-15.0491 44.18 -10.2904 0.252638 -0.966015 -0.0542859
-13.9731 44.4612 -10.3343 0.250023 -0.967071 -0.0475579
-12.9096 44.7311 -10.2704 0.246669 -0.967999 -0.0461846
-11.8028 45.005 -10.2802 0.232114 -0.971535 -0.0473672
-10.6226 45.2743 -10.2134 0.214163 -0.974966 -0.059799
-9.26524 45.5526 -10.0741 0.202028 -0.978468 -0.0421954
-8.05169 45.7798 -9.93542 0.174719 -0.983286 -0.0512143
-6.87955 45.9697 -9.78577 0.156539 -0.986779 -0.0419784
-5.76213 46.1269 -9.65962 0.135021 -0.990093 -0.0385274
-4.49089 46.2867 -9.48153 0.115343 -0.992765 -0.033368
-3.25049 46.4148 -9.27233 0.102512 -0.994575 -0.017661
-2.01317 46.5282 -9.10191 0.0883751 -0.995991 -0.0138645
-0.913491 46.6133 -8.85366 0.0792274 -0.996781 -0.0122966
0.275667 46.685 -8.29705 0.0635901 -0.997895 0.0104858
1.66819 46.7868 -7.80762 0.0685935 -0.997427 0.0202641
2.941 46.8802 -7.46773 0.0638684 -0.997483 0.0308067
4.0247 46.9608 -7.02589 0.0608257 -0.997515 0.0355573
5.34548 47.0586 -6.55588 0.0521129 -0.997046 0.0553399
6.42856 47.1509 -6.1138 0.0593253 -0.995031 0.0790878
23.8501 53.3403 43.3515 0.382388 -0.924002 0.000422998
22.9357 52.9618 43.3658 0.382077 -0.924131 -0.000173001
24.1844 53.478 42.4372 0.38233 -0.924025 0.000922354
22.9602 52.9719 42.4561 0.381876 -0.924213 0.000406656
21.6373 52.4252 42.4771 0.38197 -0.924175 -0.000180971
20.8133 52.085 42.4895 0.381663 -0.924301 -0.000973159
19.2454 51.439 41.6041 0.381206 -0.924489 -0.00146336
20.6054 51.9999 41.583 0.381161 -0.924508 -0.00110976
21.7042 52.4532 41.5664 0.381339 -0.924435 -0.000347863
22.8177 52.9128 41.549 0.381722 -0.924277 -2.13607e-06
23.8657 53.3455 41.533 0.381877 -0.924213 0.000567143
24.3565 53.5483 41.5256 0.382062 -0.924136 0.000688488
24.4349 53.5802 40.6157 0.381548 -0.924349 0.000629351
23.2733 53.1007 40.6328 0.381267 -0.924465 5.50778e-05
22.097 52.6155 40.6508 0.381134 -0.92452 -0.000247556
20.5347 51.9716 40.6744 0.380914 -0.92461 -0.000922396
19.1745 51.4114 40.695 0.38094 -0.924598 -0.00165323
18.0796 50.9605 40.7113 0.380662 -0.924712 -0.00213594
16.9042 50.4765 40.7293 0.380757 -0.924671 -0.00265523
15.6994 49.983 39.8375 0.380915 -0.924605 -0.00308538
16.839 50.4523 39.8197 0.380764 -0.924668 -0.00265563
18.0033 50.9313 39.8021 0.380323 -0.92485 -0.00242151
19.2181 51.4312 39.784 0.380299 -0.924862 -0.00195502
20.2887 51.8714 39.7684 0.380532 -0.924767 -0.00132448
21.431 52.3417 39.7511 0.380605 -0.924737 -0.00108481
22.5468 52.8013 39.7346 0.380836 -0.924642 -0.000403866
23.7222 53.2857 39.7177 0.3813 -0.924451 0.000129967
24.7727 53.7189 39.7023 0.381365 -0.924424 0.000732587
24.8975 53.7704 39.7005 0.381363 -0.924425 0.000732195
25.0901 53.8488 38.7898 0.380796 -0.924658 0.0012786
23.9817 53.3921 38.8056 0.380577 -0.924749 -4.82834e-05
22.8475 52.9253 38.8216 0.380646 -0.924721 -4.48678e-05
21.6108 52.4166 38.8391 0.380447 -0.924802 -0.00076881
20.4757 51.9498 38.8557 0.380217 -0.924896 -0.00144925
19.0948 51.3825 38.8759 0.380039 -0.924968 -0.00231624
17.7307 50.8219 38.8959 0.379945 -0.925003 -0.0033317
16.3511 50.2548 38.9167 0.380525 -0.924764 -0.003585
15.6009 49.9457 38.9283 0.380745 -0.92467 -0.00420493
15.7056 49.9935 38.0153 0.380447 -0.92479 -0.00483174
16.8434 50.461 37.9984 0.380166 -0.92491 -0.0040059
17.9993 50.9356 37.9812 0.37921 -0.925305 -0.0031082
19.0526 51.3678 37.9661 0.379427 -0.925218 -0.00267208
20.2434 51.8564 37.949 0.379746 -0.925089 -0.00203182
21.534 52.3861 37.931 0.380024 -0.924975 -0.00140689
22.6168 52.8308 37.9158 0.379697 -0.92511 -0.000969547
23.728 53.2876 37.901 0.380157 -0.924922 0.000227131
25.1234 53.8614 37.8816 0.3807 -0.924698 0.000915225
25.3615 53.9584 36.9698 0.380026 -0.924975 0.00110961
24.1784 53.4723 36.9866 0.379696 -0.925111 0.000427063
22.8353 52.9213 37.0041 0.37944 -0.925216 -0.000976559
21.7402 52.472 37.0189 0.379691 -0.925113 -0.00115957
20.5409 51.9803 37.0349 0.37918 -0.92532 -0.00214396
19.2819 51.4646 37.0522 0.378876 -0.925441 -0.00356162
18.1103 50.9848 37.0689 0.379374 -0.925234 -0.0040693
16.8667 50.4752 37.0863 0.379012 -0.925381 -0.00439502
15.8808 50.0702 37.1009 0.380031 -0.924958 -0.00531482
15.971 50.1134 36.1875 0.379407 -0.925208 -0.00637445
17.5597 50.7641 36.1646 0.378698 -0.925507 -0.00493176
18.7282 51.2418 36.1491 0.378481 -0.925598 -0.00446799
19.9952 51.7597 36.1319 0.378665 -0.925529 -0.00299809
21.3908 52.3304 36.114 0.378645 -0.925539 -0.00243378
22.5093 52.7885 36.0988 0.379164 -0.925329 -0.00070227
23.5814 53.2277 36.0853 0.379117 -0.925349 -1.91369e-05
24.7766 53.7175 36.07 0.379576 -0.92516 0.000385469
25.0834 53.8433 36.0656 0.379549 -0.925171 0.000846242
25.2238 53.9001 35.157 0.379205 -0.925312 0.000952105
23.8618 53.3424 35.1734 0.378514 -0.925595 -8.11772e-06
22.8045 52.9101 35.1858 0.378669 -0.925531 -0.00113546
21.5141 52.3829 35.2025 0.378092 -0.925766 -0.00187347
20.2604 51.8711 35.2178 0.377838 -0.925866 -0.0032367
19.0023 51.3577 35.2343 0.377645 -0.92594 -0.00445636
17.9046 50.9101 35.2486 0.378164 -0.925721 -0.00578411
16.6792 50.4096 35.2655 0.378202 -0.925702 -0.00621985
16.1065 50.1752 35.2738 0.378217 -0.925683 -0.00790911
16.2604 50.2457 34.3595 0.378049 -0.925755 -0.00752799
17.392 50.7069 34.3438 0.376876 -0.926238 -0.00693862
18.8056 51.2824 34.3252 0.377179 -0.926128 -0.00473491
20.0954 51.8075 34.3088 0.377179 -0.926133 -0.00375887
21.1837 52.2506 34.2961 0.377635 -0.925951 -0.00247106
22.5228 52.7964 34.2801 0.377097 -0.926171 -0.00208357
23.6093 53.2398 34.2679 0.378133 -0.925751 -0.000466621
24.7219 53.6941 34.2563 0.378267 -0.925696 0.000292752
25.5173 54.0196 34.2472 0.378966 -0.92541 0.000629938
25.2867 53.9245 33.343 0.37777 -0.925899 0.000644282
24.0393 53.4154 33.3556 0.377906 -0.925844 1.41918e-05
22.8816 52.944 33.3678 0.376673 -0.926345 -0.00117906
21.6744 52.4531 33.3798 0.376655 -0.92635 -0.00260718
20.5744 52.0057 33.3926 0.376325 -0.926479 -0.00400716
19.4182 51.5363 33.4061 0.376564 -0.926377 -0.004939
18.2855 51.0764 33.4204 0.376294 -0.926481 -0.00590825
17.0532 50.5765 33.4365 0.376375 -0.926433 -0.00800316
16.423 50.3199 33.4449 0.377492 -0.925975 -0.00837785
16.5702 50.3887 32.5301 0.375182 -0.9269 -0.00977239
17.8036 50.8884 32.5139 0.374998 -0.926997 -0.00733567
18.9016 51.3324 32.5005 0.375933 -0.926628 -0.00591592
20.29 51.8946 32.485 0.37532 -0.926884 -0.00460761
21.5538 52.4068 32.4713 0.375365 -0.92687 -0.00359856
22.7841 52.9061 32.4597 0.376226 -0.926526 -0.00170531
23.9102 53.3636 32.4487 0.376593 -0.926379 -0.000882852
24.9845 53.8007 32.4399 0.377461 -0.926025 0.000613194
25.3684 53.9572 32.4366 0.377773 -0.925898 0.000643601
25.3971 53.9683 31.5305 0.376599 -0.926376 0.000564373
24.1495 53.4614 31.5394 0.37607 -0.926591 -0.000864391
22.9678 52.9821 31.5491 0.375554 -0.926799 -0.00161331
21.5366 52.4032 31.5619 0.374774 -0.927107 -0.00413517
20.4072 51.9468 31.5724 0.374546 -0.927199 -0.00416895
19.3432 51.5173 31.5833 0.374142 -0.927343 -0.00720206
18.2504 51.0768 31.5955 0.373404 -0.927641 -0.00713844
17.139 50.628 31.6092 0.374084 -0.927355 -0.0086394
16.5311 50.3824 31.6171 0.374987 -0.926962 -0.0112308
16.2177 50.2675 30.707 0.372967 -0.92778 -0.0109398
17.3466 50.7214 30.6931 0.371973 -0.928196 -0.00938446
18.512 51.1896 30.6799 0.373392 -0.927638 -0.00819043
20.0147 51.7936 30.6643 0.373668 -0.927546 -0.00563354
21.5633 52.4173 30.652 0.373905 -0.927459 -0.00374072
22.6623 52.8611 30.6431 0.374147 -0.927366 -0.00230912
24.2032 53.4837 30.632 0.374714 -0.927139 -0.00147065
25.5681 54.0371 30.6233 0.376058 -0.926596 0.000760214
25.1935 53.8848 29.7202 0.37572 -0.926733 0.000669901
23.8291 53.3333 29.7279 0.374746 -0.927128 -0.000395943
22.6576 52.8614 29.7347 0.37385 -0.927487 -0.00189022
21.4781 52.3872 29.7425 0.372816 -0.927901 -0.00294982
20.1977 51.8728 29.7515 0.372038 -0.928199 -0.00592333
18.9268 51.3633 29.7633 0.371313 -0.928478 -0.00742528
17.8175 50.9198 29.7743 0.370496 -0.928798 -0.00825141
16.6173 50.4395 29.7878 0.37099 -0.928577 -0.0104928
16.3103 50.3168 29.7914 0.371885 -0.928207 -0.0115321
16.1899 50.2812 28.878 0.36874 -0.929434 -0.0135281
17.2475 50.7019 28.8663 0.369068 -0.929343 -0.0105245
18.5368 51.2151 28.8543 0.369595 -0.92915 -0.00888965
19.6441 51.6572 28.8449 0.370824 -0.928675 -0.00726332
21.0256 52.2091 28.8356 0.371718 -0.928335 -0.00439337
22.2271 52.6908 28.829 0.372621 -0.92798 -0.00266596
23.2798 53.1132 28.8239 0.372906 -0.927868 -0.00107008
24.3763 53.5548 28.8189 0.374075 -0.927398 0.000399196
25.246 53.9054 28.815 0.374216 -0.927341 0.00101169
25.1329 53.8588 27.9104 0.373435 -0.927656 0.00080949
24.0294 53.4152 27.9137 0.373191 -0.927755 1.98087e-05
22.5057 52.8046 27.9195 0.371695 -0.928354 -0.00147038
21.369 52.3506 27.9241 0.370495 -0.928824 -0.00446483
20.2285 51.8956 27.9299 0.369016 -0.929407 -0.00555108
19.1111 51.4516 27.9371 0.368912 -0.929437 -0.0071317
17.7786 50.923 27.9474 0.368759 -0.929467 -0.0103843
16.4335 50.391 27.9603 0.368298 -0.929613 -0.013251
15.986 50.2276 27.0512 0.366267 -0.930379 -0.0155917
17.1328 50.6793 27.0403 0.365696 -0.93065 -0.0125249
18.3029 51.1398 27.03 0.36728 -0.93007 -0.00863999
19.4222 51.5822 27.0225 0.367096 -0.930158 -0.00677827
20.6178 52.0553 27.0175 0.36828 -0.929703 -0.00479369
21.8615 52.5499 27.0132 0.370069 -0.929002 -0.00226127
22.9827 52.9967 27.0108 0.370728 -0.928741 -0.00111407
24.1134 53.449 27.0083 0.372156 -0.92817 -0.000375802
25.0633 53.83 27.0062 0.373435 -0.927655 0.00154366
25.1714 53.872 26.1043 0.372328 -0.9281 0.00141215
23.9824 53.3962 26.1034 0.370681 -0.92876 0.000713633
22.9225 52.9737 26.1038 0.369426 -0.92926 -0.00083741
21.8048 52.53 26.1046 0.368274 -0.929714 -0.00257693
20.5351 52.0274 26.1083 0.367116 -0.930163 -0.00465182
19.3126 51.5452 26.1116 0.365313 -0.93086 -0.00682995
18.2553 51.1308 26.1181 0.364642 -0.931091 -0.0102916
16.9534 50.6211 26.1276 0.365005 -0.930936 -0.011348
15.7946 50.1686 26.1383 0.364111 -0.931223 -0.015707
15.6023 50.1098 25.2256 0.36149 -0.932187 -0.0187954
17.0263 50.6619 25.2132 0.361189 -0.932399 -0.0132517
18.2411 51.1352 25.205 0.363623 -0.931484 -0.0107874
19.392 51.5835 25.201 0.363809 -0.931441 -0.00783898
20.6322 52.0702 25.1984 0.366294 -0.930484 -0.00522186
21.7312 52.5027 25.1972 0.366944 -0.930239 -0.00259083
23.1942 53.0822 25.1965 0.368695 -0.92955 0.000416405
24.3133 53.5274 25.1986 0.370542 -0.928815 0.0012751
25.0365 53.8161 25.2008 0.371248 -0.928531 0.00222027
24.6527 53.6611 24.2942 0.370222 -0.92894 0.00259525
23.3696 53.1514 24.2901 0.369336 -0.929296 0.000708443
22.0785 52.6411 24.2894 0.366011 -0.93061 -0.000862923
20.9853 52.2119 24.2893 0.365232 -0.930912 -0.00292156
19.7372 51.7243 24.2891 0.362376 -0.932015 -0.00561589
18.6204 51.2907 24.2898 0.361485 -0.932333 -0.00919828
17.438 50.8334 24.2958 0.35941 -0.933111 -0.0113641
15.9841 50.2728 24.3069 0.358713 -0.93329 -0.0172019
15.3335 50.0227 24.3118 0.357833 -0.933621 -0.0175201
15.1269 49.9619 23.3968 0.356647 -0.93404 -0.0193043
16.6026 50.5235 23.3884 0.357825 -0.933699 -0.0129351
17.6893 50.9407 23.3815 0.357746 -0.933763 -0.01019
18.7458 51.3467 23.3786 0.359964 -0.932941 -0.00691277
19.8731 51.7821 23.3789 0.361543 -0.932347 -0.00388496
21.0469 52.2386 23.3804 0.363474 -0.931603 -0.00148449
22.2184 52.697 23.3822 0.364581 -0.931172 -0.000674277
23.3473 53.1417 23.3835 0.366859 -0.930276 0.000845464
24.5209 53.6065 23.3885 0.369323 -0.929299 0.00222465
24.568 53.6252 23.3888 0.369181 -0.929354 0.00233938
24.4904 53.5914 22.4836 0.367522 -0.93001 0.00292154
23.377 53.1519 22.4762 0.365674 -0.93074 0.00221884
22.1302 52.6627 22.4738 0.364733 -0.931112 0.00053355
20.8818 52.1764 22.4714 0.362047 -0.932159 -0.000648051
19.817 51.765 22.4694 0.358982 -0.933338 -0.00343579
18.5038 51.2609 22.468 0.358207 -0.933612 -0.00747245
17.3932 50.8368 22.4712 0.356526 -0.934233 -0.00994615
16.2055 50.3863 22.4768 0.352805 -0.935607 -0.0129557
14.8774 49.8853 22.4828 0.350254 -0.936473 -0.0184782
14.5274 49.7738 21.5705 0.348147 -0.937203 -0.0210898
15.5917 50.1693 21.566 0.34985 -0.936697 -0.0142976
16.7805 50.6156 21.5612 0.351142 -0.936276 -0.00932976
17.9333 51.0503 21.5583 0.35606 -0.934437 -0.00692565
19.0084 51.4588 21.5592 0.356865 -0.934146 -0.00434214
20.1817 51.9079 21.5615 0.357152 -0.934043 -0.00260377
21.3243 52.349 21.5646 0.361745 -0.932277 0.000250022
22.5231 52.815 21.5681 0.363637 -0.931538 0.00231852
23.9985 53.3937 21.5734 0.365815 -0.930681 0.00352514
24.1001 53.4337 21.5742 0.366487 -0.930415 0.00394519
23.7958 53.3106 20.6707 0.365961 -0.930617 0.00493494
22.4615 52.7885 20.6627 0.362694 -0.931901 0.00379825
21.3845 52.3714 20.6578 0.35774 -0.933821 0.00117311
20.2015 51.917 20.6537 0.357231 -0.934016 -8.84295e-05
18.8245 51.3928 20.6493 0.355003 -0.934852 -0.0048562
17.431 50.8689 20.6476 0.350627 -0.936484 -0.0076034
16.2729 50.4356 20.6504 0.348475 -0.937253 -0.0110542
14.9256 49.9381 20.6553 0.34426 -0.938685 -0.0188487
14.1759 49.664 20.6586 0.340931 -0.939873 -0.0201387
13.7831 49.54 19.746 0.333568 -0.942479 -0.0215941
14.8669 49.9327 19.7428 0.34031 -0.940153 -0.0173822
16.1483 50.3989 19.7388 0.343208 -0.939209 -0.00969651
17.4493 50.8813 19.7378 0.349624 -0.936874 -0.00556479
18.6546 51.3321 19.7403 0.351345 -0.936245 -0.00112645
19.943 51.8182 19.7456 0.354157 -0.935186 0.000757633
21.0835 52.2536 19.7512 0.357885 -0.933763 0.00243988
22.3095 52.7264 19.757 0.361277 -0.932447 0.00461973
23.3711 53.1391 19.7638 0.363167 -0.931711 0.00493055
23.1305 53.0396 18.8596 0.361987 -0.932154 0.00741059
22.0587 52.6243 18.8517 0.358668 -0.933454 0.00464034
20.8382 52.1568 18.8439 0.356408 -0.934324 0.00343015
19.7034 51.7268 18.8373 0.354158 -0.935185 0.000757437
18.5975 51.3114 18.8324 0.349089 -0.937089 0.000736929
17.4984 50.9044 18.8286 0.347654 -0.93762 -0.00233598
16.1195 50.3979 18.827 0.338706 -0.940866 -0.00706727
14.9854 49.9884 18.8289 0.339901 -0.940372 -0.0129422
13.6795 49.5245 18.8302 0.331228 -0.943342 -0.0198301
13.5176 49.4671 18.8304 0.333564 -0.942473 -0.0219029
12.9441 49.2864 17.9143 0.323187 -0.94608 -0.0219638
14.0368 49.6658 17.9164 0.329001 -0.944205 -0.0153177
15.2771 50.1031 17.9161 0.336296 -0.941694 -0.0108388
16.606 50.5801 17.9168 0.337013 -0.941495 -0.0028762
17.8254 51.0253 17.9213 0.344981 -0.938606 0.0024471
19.1768 51.5267 17.9285 0.350091 -0.936705 0.00455521
20.335 51.9613 17.9352 0.353145 -0.935553 0.00540337
21.6656 52.4671 17.9441 0.35701 -0.934077 0.00654215
23.2112 53.0632 17.9577 0.361892 -0.932169 0.00977111
23.2623 53.083 17.9582 0.361402 -0.932348 0.010777
22.8212 52.9023 17.0503 0.360464 -0.932723 0.00966793
21.5853 52.4284 17.0397 0.356802 -0.93412 0.0105957
20.4977 52.0166 17.0312 0.352768 -0.935675 0.00822662
19.3545 51.5878 17.0233 0.34827 -0.93737 0.00670224
18.0317 51.099 17.0144 0.343163 -0.939271 0.00286497
16.7277 50.626 17.0081 0.337729 -0.941242 0.00165403
15.5751 50.2136 17.0052 0.335973 -0.941859 -0.00489589
14.1101 49.7049 17.0029 0.32659 -0.945124 -0.00888719
13.0376 49.3371 17.0006 0.321551 -0.946688 -0.0196839
12.4999 49.1548 16.9987 0.318675 -0.947632 -0.0209908
11.9994 49.0091 16.0855 0.309921 -0.950525 -0.0212344
13.2129 49.4117 16.0887 0.317252 -0.948216 -0.0154253
14.2961 49.7775 16.0919 0.320419 -0.947243 -0.00791859
15.4789 50.185 16.0949 0.328359 -0.944538 -0.00526425
16.6598 50.6003 16.0991 0.333022 -0.942914 0.00305293
17.7959 51.0083 16.1054 0.341072 -0.940014 0.00653419
18.9141 51.4179 16.1131 0.346853 -0.937872 0.00940258
20.2324 51.908 16.1235 0.351328 -0.936211 0.00883674
21.4747 52.3761 16.1338 0.353316 -0.935432 0.0115589
22.4812 52.7593 16.1439 0.357965 -0.933654 0.0123228
22.1789 52.6307 15.2365 0.355714 -0.934458 0.0159739
21.0265 52.1944 15.2242 0.35251 -0.935722 0.0127054
19.6371 51.6752 15.2127 0.347084 -0.937759 0.0118407
18.2398 51.1626 15.202 0.343156 -0.939213 0.0110756
17.1346 50.7644 15.1937 0.337994 -0.941116 0.00783712
16.059 50.386 15.188 0.329519 -0.944143 0.00328339
14.7009 49.9191 15.183 0.320334 -0.947304 -0.000893122
13.4293 49.4954 15.1782 0.312969 -0.949712 -0.00984289
12.1911 49.0898 15.1724 0.309648 -0.950676 -0.0182794
11.4328 48.8481 15.1669 0.30258 -0.952961 -0.0176087
10.9257 48.7087 14.2462 0.294428 -0.955401 -0.0228255
12.1332 49.0833 14.2584 0.300501 -0.953731 -0.00983354
13.2187 49.4323 14.266 0.311164 -0.950356 -0.000891773
14.6023 49.8889 14.2728 0.317099 -0.948388 -0.00289486
16.0394 50.3758 14.2796 0.326089 -0.945316 0.00657743
17.1096 50.7495 14.2863 0.332559 -0.943039 0.00903324
18.2646 51.161 14.2958 0.339782 -0.940421 0.0125243
19.475 51.6023 14.3054 0.342888 -0.939282 0.0133272
20.5591 52.0049 14.3152 0.349354 -0.936874 0.0147945
21.7763 52.4619 14.328 0.354102 -0.935062 0.0164778
21.2915 52.262 13.4182 0.351854 -0.935855 0.0193382
20.1039 51.8194 13.4064 0.348337 -0.937168 0.0194419
18.8119 51.3452 13.3956 0.342654 -0.939287 0.0180995
17.7355 50.9583 13.3851 0.338261 -0.940903 0.0167777
15.9493 50.3376 13.3718 0.32415 -0.945908 0.013608
14.8431 49.9663 13.3652 0.317507 -0.948252 0.00282512
13.6695 49.5781 13.3585 0.306765 -0.951785 -0.000784454
12.4006 49.1755 13.3476 0.298891 -0.954284 -0.00256006
11.0197 48.7541 13.3337 0.284242 -0.958597 -0.0172647
9.87353 48.4189 13.3182 0.273887 -0.961402 -0.0263092
9.09103 48.2224 12.3929 0.261558 -0.964988 -0.0196226
10.1852 48.5236 12.4104 0.271664 -0.962279 -0.0147738
11.3741 48.8681 12.4263 0.281342 -0.959581 -0.00715389
12.8603 49.3205 12.4421 0.296134 -0.955139 0.00376124
14.0128 49.6856 12.4519 0.304778 -0.952415 0.00407347
15.4434 50.157 12.4624 0.31558 -0.948844 0.0102331
16.6931 50.5795 12.4718 0.32415 -0.945908 0.0136078
17.8193 50.9731 12.4812 0.333766 -0.942467 0.0188724
18.9359 51.3721 12.4918 0.336822 -0.941322 0.0215366
20.0381 51.7756 12.5014 0.344858 -0.938386 0.0224734
20.6301 51.9948 12.5074 0.347172 -0.937532 0.0224554
20.0374 51.7532 11.5966 0.345764 -0.93792 0.0274446
18.9076 51.3397 11.5867 0.338832 -0.940517 0.0249311
17.5322 50.8525 11.5734 0.331451 -0.94326 0.020041
16.4539 50.4813 11.5645 0.320251 -0.947085 0.0216444
14.9649 49.9834 11.5526 0.310893 -0.950305 0.016298
13.7171 49.5831 11.5426 0.300932 -0.953526 0.0150999
12.6255 49.245 11.5315 0.293546 -0.95592 0.00688812
11.3758 48.8713 11.5163 0.278791 -0.960352 -3.03989e-05
10.0063 48.484 11.4965 0.269419 -0.962987 -0.00839677
8.80687 48.163 11.4758 0.248799 -0.9685 -0.0103359
8.29263 48.0324 11.4653 0.247944 -0.968577 -0.0195481
7.82234 47.9311 10.5432 0.228801 -0.973422 -0.00994352
8.92914 48.2041 10.567 0.248799 -0.9685 -0.0103359
10.2611 48.5589 10.5916 0.263473 -0.964667 -0.000230028
11.4634 48.894 10.6102 0.279193 -0.960223 0.00486296
12.5987 49.2262 10.6256 0.286981 -0.957899 0.00849536
13.7545 49.5811 10.6381 0.29498 -0.955224 0.0230937
15.083 50.0025 10.6496 0.306079 -0.951679 0.0249423
16.2236 50.3809 10.6585 0.316589 -0.948239 0.0247887
17.345 50.7632 10.6694 0.328661 -0.944107 0.0253772
18.8366 51.2904 10.6832 0.334003 -0.942246 0.0247821
19.5018 51.5318 10.689 0.341178 -0.939608 0.0270938
19.1576 51.3752 9.78386 0.339698 -0.939968 0.0326563
18.0296 50.9745 9.77322 0.331153 -0.943018 0.0324603
16.7495 50.5311 9.75961 0.321863 -0.946339 0.029085
15.5556 50.1347 9.74945 0.31323 -0.949181 0.0306872
14.4086 49.7634 9.74076 0.302634 -0.952595 0.0312188
13.1525 49.3742 9.72936 0.287903 -0.957421 0.0213888
11.9625 49.0244 9.71316 0.27449 -0.961375 0.0203163
10.5291 48.6262 9.69061 0.259212 -0.96579 0.00765255
9.30946 48.3089 9.66732 0.249828 -0.96829 8.50422e-05
7.95856 47.9731 9.63407 0.23273 -0.972539 -0.00218072
6.79451 47.7048 9.61228 0.216346 -0.976182 -0.0162154
6.48509 47.6381 9.59993 0.2109 -0.977351 -0.0175083
5.18357 47.3864 8.62942 0.19423 -0.980798 -0.0176237
6.34173 47.6214 8.6834 0.203866 -0.978947 -0.0100384
7.49068 47.8669 8.72086 0.218574 -0.975816 -0.00293803
8.62691 48.1363 8.74688 0.231293 -0.972857 0.00727909
10.1117 48.5045 8.78037 0.251778 -0.967711 0.0119576
11.2332 48.8042 8.79951 0.264946 -0.963957 0.0242832
12.6527 49.205 8.82065 0.280221 -0.9595 0.0289158
13.9824 49.6049 8.83411 0.293686 -0.955484 0.0282734
15.1372 49.9677 8.8436 0.308797 -0.950557 0.0329584
16.2284 50.3251 8.85162 0.314166 -0.948779 0.0334495
17.3442 50.7031 8.86315 0.320715 -0.946566 0.0339709
18.6155 51.1483 8.87589 0.335133 -0.941459 0.036623
18.6444 51.1586 8.87618 0.33628 -0.941024 0.0372718
18.0102 50.8962 7.96715 0.331134 -0.942602 0.0430248
16.7728 50.4729 7.95434 0.320235 -0.946397 0.0422161
15.6568 50.1047 7.94599 0.309303 -0.95012 0.0400523
14.5108 49.7353 7.93752 0.293131 -0.955361 0.0368817
13.2506 49.3533 7.92639 0.286592 -0.957477 0.0331921
12.0755 49.0142 7.91361 0.274987 -0.960993 0.0295694
10.6726 48.6358 7.89166 0.252246 -0.967406 0.0223241
9.43276 48.321 7.86666 0.244206 -0.96959 0.0160741
8.20112 48.0298 7.83333 0.221983 -0.975031 0.00618319
7.00834 47.7675 7.80441 0.209629 -0.977771 -0.00434905
5.81912 47.5219 7.75073 0.199386 -0.979872 -0.00975356
4.40031 47.2578 7.68365 0.179377 -0.983481 -0.024251
3.61779 47.1177 7.64508 0.170734 -0.985041 -0.0233317
2.11124 46.8885 6.6363 0.15984 -0.986831 -0.0248093
3.4731 47.111 6.72656 0.16641 -0.985906 -0.0172533
4.76574 47.3361 6.7922 0.177046 -0.984103 -0.0139697
5.89812 47.5437 6.84653 0.19085 -0.981619 -0.000259045
7.0671 47.7774 6.90582 0.198165 -0.980127 0.00901241
8.34282 48.0511 6.9423 0.21675 -0.976142 0.0128817
9.63306 48.3525 6.97521 0.24028 -0.970337 0.026671
10.7436 48.6314 6.99852 0.244347 -0.969195 0.0309283
11.8578 48.9247 7.01194 0.264107 -0.963988 0.031222
13.1677 49.2964 7.02844 0.284543 -0.95788 0.0387517
14.3752 49.658 7.03694 0.287689 -0.956722 0.043794
15.5459 50.0279 7.04357 0.306554 -0.950893 0.0427458
16.9309 50.4835 7.05349 0.318622 -0.946615 0.0489845
17.3402 50.6207 7.05625 0.322617 -0.945119 0.0516656
16.4742 50.2833 6.15243 0.31363 -0.948258 0.0494378
15.3774 49.9285 6.14829 0.304448 -0.951247 0.0494092
14.2925 49.5908 6.14268 0.289364 -0.956053 0.0472354
12.8871 49.1746 6.13472 0.279481 -0.959008 0.0468358
11.5486 48.8098 6.114 0.254451 -0.966391 0.0366513
10.3985 48.5172 6.09757 0.236231 -0.970954 0.0379864
9.03995 48.194 6.06965 0.220676 -0.975009 0.0256752
7.72261 47.9034 6.0323 0.209335 -0.977777 0.011434
6.46517 47.6533 5.97158 0.187495 -0.982243 0.00658842
5.10595 47.404 5.90245 0.174539 -0.98465 -0.000173542
3.96104 47.2057 5.84405 0.165129 -0.98621 -0.0110894
2.75702 47.01 5.77234 0.159966 -0.986967 -0.0175215
1.48962 46.8122 5.68897 0.152807 -0.988103 -0.017365
0.294466 46.6314 5.60109 0.151544 -0.988162 -0.023896
0.242765 46.6236 5.59729 0.149198 -0.988485 -0.0252581
-2.66734 46.2162 4.42077 0.153973 -0.987608 -0.0303789
-1.34649 46.4126 4.54391 0.148463 -0.988522 -0.0279926
0.251001 46.6461 4.67303 0.1465 -0.988972 -0.0217112
1.56639 46.8394 4.7709 0.146185 -0.989078 -0.0188111
2.72284 47.0164 4.85335 0.154298 -0.987929 -0.0137193
3.88854 47.2012 4.93061 0.158744 -0.98731 -0.00437258
5.08089 47.3998 5.00516 0.175037 -0.984562 -0.00043523
6.31344 47.6212 5.06814 0.182112 -0.983246 0.0078448
7.4999 47.845 5.12841 0.187625 -0.982026 0.0205392
8.8162 48.1198 5.1735 0.207389 -0.97791 0.0261337
10.1392 48.4218 5.19981 0.230883 -0.972163 0.0399025
11.243 48.6929 5.21756 0.256697 -0.965614 0.0411805
12.5947 49.0548 5.24162 0.259907 -0.96462 0.0442406
13.6959 49.3641 5.25036 0.28208 -0.957712 0.0567273
14.9234 49.7371 5.25346 0.287724 -0.955856 0.0596179
15.913 50.0491 5.25613 0.300403 -0.952105 0.0570544
15.216 49.7721 4.36488 0.296332 -0.953217 0.0597011
14.1297 49.4399 4.36377 0.28526 -0.956251 0.0648875
13.0262 49.1236 4.35724 0.264209 -0.962715 0.0580752
11.6218 48.7496 4.33832 0.249882 -0.966822 0.0530476
10.2855 48.4199 4.31225 0.230547 -0.972163 0.0418029
8.96878 48.127 4.28476 0.20713 -0.977807 0.0314842
7.76193 47.8772 4.24619 0.194086 -0.980621 0.0267142
6.48094 47.6397 4.18109 0.177366 -0.983894 0.0222361
5.34778 47.4435 4.11756 0.168866 -0.985637 0.00210091
4.07229 47.2362 4.03357 0.159988 -0.987118 -0.00115117
2.86307 47.0478 3.94882 0.149667 -0.988707 -0.0076563
1.64045 46.867 3.85284 0.14585 -0.989212 -0.0136696
0.106194 46.6458 3.73022 0.14337 -0.989485 -0.0190781
-1.069 46.4765 3.63095 0.143688 -0.989301 -0.0252381
-2.24557 46.3057 3.52265 0.149276 -0.988465 -0.0255646
-3.56596 46.1047 3.41031 0.155858 -0.98736 -0.0287841
-4.69815 45.9232 3.30322 0.164588 -0.985819 -0.0327517
-5.84606 45.7218 3.20867 0.181632 -0.982984 -0.0274164
-7.00422 45.5067 3.11025 0.187965 -0.981634 -0.03261
-7.1741 45.4747 3.09533 0.198852 -0.979404 -0.0349973
-37.1131 32.7344 17.6536 0.344612 -0.925194 -0.158931
-38.2419 32.3629 17.3687 0.344659 -0.925182 -0.1589
-36.5182 33.0872 16.8913 0.344745 -0.925089 -0.159251
-37.8244 32.6569 16.5631 0.344761 -0.925085 -0.15924
-39.1124 32.233 16.2384 0.34444 -0.925226 -0.159114
-40.3522 31.8246 15.928 0.344594 -0.925209 -0.158885
-41.6056 31.4115 15.6141 0.344644 -0.925165 -0.159028
-42.8456 31.0031 15.3021 0.344704 -0.925189 -0.158756
-43.4246 30.8124 15.1562 0.34484 -0.925138 -0.158763
-45.4385 30.3054 13.7376 0.345122 -0.924998 -0.158965
-44.1925 30.7158 14.0522 0.344921 -0.925029 -0.159216
-42.8961 31.1428 14.3793 0.344745 -0.925142 -0.158946
-41.3687 31.646 14.7634 0.344723 -0.925107 -0.159194
-39.9926 32.0995 15.108 0.344723 -0.925088 -0.159304
-38.7848 32.4976 15.4101 0.34464 -0.925119 -0.159306
-37.5426 32.9066 15.7228 0.344822 -0.92506 -0.159256
-36.0673 33.393 16.0921 0.344718 -0.925071 -0.159416
-35.6448 33.6895 15.2861 0.344717 -0.925006 -0.159794
-36.8403 33.2954 14.9868 0.344886 -0.924979 -0.159584
-38.3165 32.8088 14.6171 0.344915 -0.924972 -0.159563
-39.6949 32.3544 14.2723 0.344686 -0.92508 -0.159435
-40.9549 31.939 13.9575 0.344964 -0.924969 -0.159473
-42.1626 31.5411 13.6536 0.344862 -0.924991 -0.159571
-43.3988 31.1339 13.3428 0.344752 -0.925054 -0.15944
-44.7289 30.6958 13.0072 0.345033 -0.924906 -0.159693
-45.237 30.5283 12.8789 0.345068 -0.924872 -0.159813
-44.8847 30.8016 12.0587 0.344898 -0.924927 -0.159862
-43.5309 31.2474 12.4005 0.344662 -0.924967 -0.160134
-42.2019 31.6851 12.7342 0.344997 -0.924884 -0.159893
-40.9555 32.0958 13.0475 0.344848 -0.924957 -0.159791
-39.5965 32.5437 13.387 0.344751 -0.925026 -0.159606
-38.359 32.9519 13.6957 0.344998 -0.924931 -0.159622
-36.9134 33.4286 14.0571 0.344924 -0.924928 -0.159798
-35.5235 33.8872 14.4043 0.345009 -0.924868 -0.159965
-35.2438 33.9794 14.4741 0.344883 -0.924901 -0.160042
-34.6072 34.3473 13.7208 0.345201 -0.924747 -0.160249
-36.0456 33.8725 13.3622 0.345164 -0.924824 -0.159884
-37.3678 33.4361 13.0325 0.345022 -0.924888 -0.159817
-38.7261 32.988 12.6936 0.34492 -0.924898 -0.159984
-40.1942 32.5038 12.3285 0.34483 -0.924943 -0.159916
-41.6252 32.0323 11.9701 0.344838 -0.924945 -0.159884
-43.0307 31.5693 11.6181 0.344866 -0.924861 -0.160311
-44.2267 31.1757 11.3172 0.344804 -0.924827 -0.160639
-44.3478 31.1358 11.2866 0.345281 -0.924688 -0.160417
-43.6325 31.5289 10.5594 0.344898 -0.924738 -0.160947
-42.3587 31.9482 10.8788 0.344623 -0.924871 -0.160776
-41.0846 32.3678 11.1972 0.344632 -0.924939 -0.160365
-39.8007 32.7908 11.5175 0.344964 -0.924893 -0.159916
-38.3364 33.274 11.8804 0.344924 -0.924896 -0.159982
-36.881 33.7543 12.2422 0.345024 -0.924878 -0.159872
-35.6438 34.1627 12.5509 0.345161 -0.924825 -0.159883
-34.0818 34.6792 12.9394 0.345767 -0.924491 -0.160506
-33.3768 35.0712 12.2013 0.346214 -0.924252 -0.160919
-35.0201 34.5268 11.7945 0.345649 -0.924599 -0.16014
-36.4876 34.0418 11.4293 0.345199 -0.924767 -0.160135
-37.7164 33.636 11.1247 0.344954 -0.924876 -0.160033
-39.2399 33.1331 10.7482 0.344707 -0.924909 -0.160375
-40.725 32.6439 10.3783 0.344497 -0.924913 -0.160801
-42.0147 32.2192 10.0573 0.344562 -0.924835 -0.161111
-43.3581 31.7774 9.72127 0.344902 -0.924688 -0.161228
-43.5549 31.7126 9.67194 0.344903 -0.924688 -0.161229
-43.122 32.0136 8.87344 0.344548 -0.924734 -0.161721
-41.7759 32.4561 9.20979 0.344451 -0.924812 -0.16148
-40.168 32.9851 9.6089 0.344443 -0.924942 -0.160754
-38.9563 33.384 9.91033 0.344706 -0.92491 -0.160373
-37.6341 33.8204 10.2359 0.344919 -0.924896 -0.159996
-36.4042 34.2266 10.5403 0.345266 -0.924778 -0.159929
-35.1895 34.6283 10.8416 0.345735 -0.924638 -0.159725
-33.9897 35.0261 11.138 0.34611 -0.924408 -0.160243
-32.7089 35.4515 11.4543 0.346878 -0.924002 -0.160919
-32.2445 35.7644 10.6563 0.347324 -0.923916 -0.16045
-33.505 35.3448 10.3458 0.346798 -0.924313 -0.159302
-34.7589 34.9282 10.0376 0.345794 -0.924659 -0.159473
-36.1089 34.4814 9.70392 0.345191 -0.92485 -0.159671
-37.3994 34.055 9.38536 0.344787 -0.924957 -0.159928
-38.6852 33.6309 9.06905 0.344366 -0.925038 -0.160363
-40.067 33.1761 8.72688 0.343993 -0.925036 -0.161172
-41.2622 32.7831 8.43144 0.343885 -0.925021 -0.16149
-42.4796 32.3834 8.12764 0.344116 -0.924794 -0.162295
-42.637 32.3318 8.0883 0.343998 -0.924817 -0.162413
-42.1035 32.666 7.31625 0.343569 -0.924917 -0.162754
-40.7104 33.1228 7.66148 0.343549 -0.925104 -0.16173
-39.3313 33.576 8.00164 0.343879 -0.9251 -0.161049
-38.0329 34.0034 8.32168 0.344417 -0.924992 -0.160519
-36.8157 34.4048 8.62083 0.344465 -0.925093 -0.159833
-35.6172 34.8009 8.91578 0.345338 -0.924813 -0.159568
-34.2568 35.2519 9.24928 0.346104 -0.924568 -0.159332
-33.0151 35.6651 9.55426 0.346946 -0.924271 -0.159218
-31.6555 36.1188 9.88692 0.347841 -0.923895 -0.159454
-31.5272 36.1618 9.91814 0.347817 -0.923901 -0.159467
-30.5434 36.6494 9.24476 0.349528 -0.923683 -0.156968
-31.7873 36.2314 8.94231 0.347614 -0.924247 -0.157898
-33.326 35.7177 8.5672 0.346394 -0.924769 -0.157524
-34.6854 35.2659 8.23462 0.345374 -0.924929 -0.158821
-36.0268 34.822 7.90629 0.34474 -0.9251 -0.159199
-37.2245 34.4267 7.61297 0.344148 -0.925186 -0.15998
-38.6064 33.972 7.27379 0.343673 -0.925274 -0.160486
-39.8462 33.5648 6.9684 0.343616 -0.925107 -0.161574
-41.2589 33.102 6.61979 0.342978 -0.925142 -0.162723
-41.4222 33.0485 6.5796 0.343227 -0.925016 -0.16291
-40.7947 33.4127 5.82979 0.34271 -0.925206 -0.162924
-39.5152 33.8314 6.14446 0.342501 -0.925509 -0.161635
-38.0253 34.3202 6.51054 0.343475 -0.925354 -0.160452
-36.3953 34.8567 6.90804 0.343995 -0.925289 -0.15971
-35.1209 35.2776 7.21937 0.344741 -0.925328 -0.157865
-33.7922 35.718 7.54305 0.345847 -0.924993 -0.15741
-32.1666 36.2593 7.93916 0.346834 -0.924818 -0.156264
-30.6525 36.7676 8.30614 0.34946 -0.92402 -0.155126
-29.7459 37.0736 8.52718 0.35068 -0.923171 -0.157416
-28.9897 37.4841 7.79528 0.352111 -0.923049 -0.154915
-30.6623 36.9171 7.39364 0.34964 -0.923935 -0.15523
-31.939 36.4891 7.08413 0.347586 -0.924581 -0.155993
-33.2213 36.0617 6.7726 0.345235 -0.925538 -0.155541
-34.448 35.6552 6.47432 0.34469 -0.925429 -0.157382
-35.7745 35.2172 6.15192 0.34343 -0.925719 -0.158433
-37.0552 34.7954 5.8404 0.342714 -0.925783 -0.1596
-38.3614 34.367 5.5221 0.341861 -0.925825 -0.161179
-39.787 33.9008 5.17393 0.342439 -0.925469 -0.161997
-39.8886 33.8676 5.14893 0.342405 -0.9254 -0.162464
-39.5726 34.1296 4.32064 0.341111 -0.925907 -0.162294
-38.2944 34.546 4.63328 0.341406 -0.926054 -0.16083
-37.087 34.9406 4.92632 0.34201 -0.92605 -0.159564
-35.4881 35.4661 5.31316 0.342574 -0.926291 -0.156936
-34.2497 35.8743 5.61344 0.3441 -0.925823 -0.156358
-32.8795 36.3281 5.94619 0.345278 -0.925652 -0.154761
-31.4322 36.81 6.29739 0.34658 -0.925289 -0.154018
-29.9902 37.295 6.64431 0.349161 -0.924662 -0.151946
-28.6338 37.7564 6.96596 0.351404 -0.923824 -0.151869
-27.9749 37.9825 7.12161 0.353844 -0.922859 -0.152069
-27.3773 38.3355 6.34804 0.353447 -0.923557 -0.148722
-28.8299 37.8365 6.00959 0.349726 -0.925144 -0.14765
-30.1119 37.4024 5.70471 0.348098 -0.925315 -0.150399
-31.4393 36.9571 5.38673 0.345911 -0.925852 -0.152132
-32.7065 36.5363 5.07892 0.343641 -0.926451 -0.15362
-34.1405 36.0629 4.73197 0.342774 -0.926528 -0.155089
-35.4753 35.624 4.41086 0.342015 -0.926505 -0.156887
-36.835 35.1789 4.08285 0.340783 -0.926616 -0.1589
-38.1767 34.7417 3.75732 0.340974 -0.926208 -0.160857
-38.9864 34.4785 3.56035 0.340312 -0.92627 -0.161896
-38.1452 34.9087 2.86085 0.339366 -0.926748 -0.161149
-36.6519 35.3937 3.22279 0.339412 -0.9272 -0.158429
-35.4486 35.7853 3.51341 0.340064 -0.927314 -0.156351
-33.8334 36.3146 3.90123 0.341005 -0.927474 -0.153324
-32.318 36.814 4.26561 0.342579 -0.927115 -0.15198
-30.954 37.2673 4.59395 0.34567 -0.926407 -0.149271
-29.6065 37.719 4.91479 0.347373 -0.926207 -0.146536
-28.2444 38.1804 5.23701 0.348815 -0.925885 -0.145136
-27.0384 38.5952 5.5134 0.353211 -0.924394 -0.144003
-26.1793 38.8943 5.70955 0.353544 -0.925077 -0.138702
-24.6782 39.5558 5.13208 0.355955 -0.924636 -0.135442
-25.954 39.1101 4.84583 0.352122 -0.925816 -0.137385
-27.1484 38.6959 4.57826 0.350195 -0.926302 -0.139022
-28.5896 38.2052 4.24565 0.346278 -0.927217 -0.14269
-29.9125 37.7591 3.93426 0.345529 -0.926929 -0.146327
-31.1269 37.3548 3.64537 0.343408 -0.92737 -0.148512
-32.4025 36.9338 3.33907 0.341749 -0.92771 -0.150203
-33.7378 36.4959 3.01966 0.340006 -0.927895 -0.152991
-35.1476 36.0361 2.68034 0.338595 -0.927948 -0.155776
-36.5505 35.5812 2.34242 0.338727 -0.927638 -0.157326
-37.4742 35.2823 2.11905 0.338237 -0.927356 -0.160019
-36.7093 35.6836 1.39988 0.336539 -0.928246 -0.158434
-35.3374 36.1262 1.72991 0.336781 -0.928699 -0.155228
-34.0484 36.5431 2.04053 0.338488 -0.928393 -0.153335
-32.6046 37.0132 2.38573 0.338746 -0.928915 -0.149559
-31.1403 37.494 2.73606 0.340952 -0.928401 -0.147725
-29.8791 37.9115 3.03516 0.342707 -0.92847 -0.143165
-28.5306 38.364 3.35134 0.344382 -0.928385 -0.13965
-27.301 38.7795 3.63387 0.348383 -0.926949 -0.139269
-26.0891 39.1963 3.90445 0.350952 -0.926675 -0.134556
-24.647 39.6975 4.22264 0.353873 -0.926259 -0.129681
-23.3447 40.1533 4.50261 0.355942 -0.92622 -0.124182
-21.9964 40.7483 3.86302 0.352585 -0.928976 -0.112636
-23.3531 40.2716 3.58262 0.349562 -0.929151 -0.12035
-24.7311 39.7935 3.28853 0.347575 -0.929055 -0.126679
-25.9292 39.3802 3.02833 0.347688 -0.928562 -0.129948
-27.3527 38.8952 2.71325 0.343984 -0.929343 -0.134154
-28.8731 38.3855 2.36474 0.343314 -0.928727 -0.140005
-30.3075 37.9103 2.02748 0.340079 -0.929445 -0.143103
-31.7095 37.45 1.69503 0.337872 -0.929691 -0.146689
-32.9586 37.0439 1.39616 0.336746 -0.929844 -0.148298
-34.2448 36.6286 1.08967 0.335006 -0.929777 -0.152596
-35.8349 36.1176 0.707595 0.335405 -0.928814 -0.157505
-36.0608 36.0452 0.653408 0.335405 -0.928814 -0.157505
-35.0058 36.5331 0.00518615 0.333868 -0.929795 -0.154961
-33.7784 36.9255 0.297744 0.333461 -0.930656 -0.150609
-32.5299 37.3267 0.596009 0.337017 -0.92975 -0.148273
-31.257 37.739 0.898835 0.337384 -0.930141 -0.144946
-29.891 38.1853 1.22182 0.337355 -0.930711 -0.141311
-28.6856 38.5819 1.50406 0.340923 -0.930099 -0.1367
-27.416 39.0045 1.79253 0.341536 -0.930427 -0.132883
-26.1474 39.4327 2.07403 0.344276 -0.929631 -0.131376
-24.8432 39.8782 2.35275 0.345784 -0.930057 -0.124211
-23.6105 40.3017 2.61207 0.347631 -0.929693 -0.121748
-22.3567 40.7372 2.87257 0.348813 -0.929785 -0.117603
-20.8213 41.2705 3.18876 0.346433 -0.932154 -0.105228
-19.9946 41.5607 3.35324 0.349813 -0.93128 -0.101726
-17.9014 42.3834 2.82361 0.333804 -0.938586 -0.0873516
-19.2201 41.9278 2.57938 0.342266 -0.934877 -0.0941266
-20.4586 41.4995 2.34031 0.341886 -0.934608 -0.0980863
-21.6807 41.0777 2.09602 0.340438 -0.934057 -0.107889
-23.1902 40.5616 1.78682 0.343274 -0.932414 -0.112993
-24.7672 40.0217 1.46149 0.343775 -0.931387 -0.119741
-25.9728 39.6145 1.20685 0.341974 -0.931352 -0.125053
-27.3806 39.1464 0.897014 0.33898 -0.9316 -0.131201
-28.6408 38.729 0.611538 0.338484 -0.931257 -0.134869
-29.9253 38.3099 0.310757 0.335542 -0.931565 -0.139994
-31.1591 37.9102 0.0190242 0.335193 -0.931439 -0.141659
-32.4646 37.4908 -0.29415 0.333414 -0.931274 -0.146846
-33.7283 37.0882 -0.594871 0.331585 -0.931565 -0.149122
-34.1999 36.9382 -0.706992 0.331264 -0.931437 -0.150629
-33.3406 37.3547 -1.40708 0.328501 -0.932803 -0.148209
-31.8421 37.8307 -1.04892 0.332274 -0.931893 -0.145495
-30.2516 38.3395 -0.671365 0.33146 -0.933344 -0.137853
-29.0474 38.7282 -0.388486 0.334052 -0.93274 -0.13567
-27.8453 39.1203 -0.113602 0.335279 -0.93295 -0.131117
-26.5864 39.5334 0.170102 0.333377 -0.934248 -0.126651
-25.2619 39.9732 0.452551 0.338599 -0.9327 -0.124186
-23.778 40.4709 0.758458 0.337375 -0.934646 -0.112317
-22.5253 40.8948 1.01116 0.336843 -0.935242 -0.108903
-21.0058 41.4107 1.31478 0.338186 -0.935293 -0.1042
-19.5641 41.9018 1.59681 0.338959 -0.935941 -0.0955011
-18.3523 42.3144 1.82379 0.331105 -0.939808 -0.0844455
-17.0688 42.7443 2.04173 0.326009 -0.941934 -0.0804869
-15.8456 43.1474 2.22413 0.318029 -0.945323 -0.072262
-14.499 43.5788 2.39847 0.299749 -0.952272 -0.0576967
-13.77 43.8032 2.48146 0.297892 -0.952754 -0.0593256
14.4409 49.4708 3.47717 0.288415 -0.955079 0.0681255
12.5095 48.9316 3.46696 0.252652 -0.965383 0.0648243
10.392 48.4086 3.43202 0.224178 -0.972904 0.0565849
8.49038 47.9961 3.38391 0.203846 -0.978135 0.041225
6.46955 47.6212 3.28769 0.1689 -0.985373 0.0226401
4.52948 47.3032 3.16494 0.153724 -0.988069 0.00944407
2.65706 47.0228 3.02222 0.142317 -0.989815 -0.00346981
0.766658 46.756 2.86033 0.13939 -0.990117 -0.0154304
-1.28074 46.4681 2.68215 0.142518 -0.989517 -0.0233565
-3.19533 46.1887 2.50514 0.15548 -0.98746 -0.0273515
-5.16284 45.8737 2.32612 0.170152 -0.98499 -0.0290237
-7.11551 45.5182 2.15439 0.187933 -0.981558 -0.0349973
-9.08066 45.0973 1.9807 0.233053 -0.971568 -0.0417268
-10.9263 44.6511 1.81516 0.247615 -0.967217 -0.0563845
-12.8575 44.1286 1.63555 0.277327 -0.959491 -0.0496599
-14.8248 43.538 1.42639 0.29551 -0.953177 -0.0642462
-16.7597 42.9233 1.16763 0.318276 -0.944938 -0.0761034
-18.5931 42.3164 0.859555 0.329125 -0.940607 -0.0832743
-20.3909 41.7156 0.519532 0.333808 -0.937685 -0.0965376
-22.3111 41.0723 0.14408 0.331952 -0.937581 -0.103685
-24.4374 40.3618 -0.280292 0.334117 -0.935177 -0.117512
-26.2402 39.7676 -0.660033 0.333326 -0.934749 -0.123034
-28.0148 39.1912 -1.05589 0.331781 -0.934451 -0.129316
-29.8144 38.6127 -1.46942 0.331569 -0.933308 -0.137832
-31.8397 37.9687 -1.94954 0.329824 -0.93347 -0.140891
-31.8708 37.9588 -1.95698 0.328556 -0.933607 -0.142929
-30.8962 38.4014 -2.62632 0.326246 -0.935059 -0.138664
-28.8113 39.0612 -2.1416 0.328001 -0.935491 -0.131425
-27.0387 39.6284 -1.73954 0.330269 -0.935793 -0.123347
-25.0263 40.28 -1.30702 0.330125 -0.936788 -0.115956
-23.1939 40.8818 -0.937237 0.330194 -0.937417 -0.11055
-21.3902 41.4779 -0.584832 0.328175 -0.939356 -0.0995605
-19.5748 42.0763 -0.242264 0.325613 -0.941295 -0.0891013
-17.7032 42.6921 0.0909291 0.320126 -0.943925 -0.0807811
-15.7151 43.3293 0.388014 0.30481 -0.950118 -0.066084
-13.821 43.9005 0.60222 0.292206 -0.954293 -0.0627721
-11.8957 44.4463 0.785312 0.268813 -0.962217 -0.0433422
-9.98617 44.9292 0.949417 0.235318 -0.97075 -0.0476505
-8.0266 45.3717 1.11941 0.208212 -0.976996 -0.0461181
-6.07845 45.7463 1.29633 0.182003 -0.982672 -0.0350757
-4.15382 46.0707 1.46833 0.160968 -0.986447 -0.0318086
-2.02216 46.3855 1.67736 0.146797 -0.988827 -0.0259187
-0.0747181 46.6541 1.85912 0.134644 -0.99075 -0.0168814
2.05089 46.9418 2.05691 0.135032 -0.990804 -0.00853913
3.91769 47.2038 2.21884 0.143571 -0.989623 0.00581935
5.81912 47.4935 2.35832 0.154399 -0.987853 0.0175055
7.89525 47.8487 2.47418 0.179842 -0.982803 0.0419046
9.83746 48.2385 2.53706 0.206234 -0.977158 0.0512842
11.6855 48.6662 2.57933 0.235222 -0.969608 0.0673102
13.5725 49.1612 2.58712 0.265858 -0.961543 0.0689533
12.4767 48.8023 1.71226 0.245594 -0.966751 0.0712408
10.3329 48.2971 1.67574 0.209921 -0.975079 0.0717888
8.28907 47.8841 1.61407 0.18416 -0.982043 0.0409471
6.28672 47.5438 1.50124 0.158164 -0.986985 0.0290736
4.43385 47.2687 1.35979 0.141669 -0.989812 0.014195
2.44024 46.9952 1.17838 0.133257 -0.991081 0.00114444
0.490474 46.7414 0.98855 0.133116 -0.991013 -0.0132006
-1.36836 46.4991 0.808303 0.133468 -0.990818 -0.0215826
-3.52592 46.1989 0.584557 0.146529 -0.988581 -0.0351613
-5.493 45.8873 0.390219 0.173987 -0.983856 -0.0419063
-7.51058 45.5155 0.196151 0.19856 -0.979372 -0.0374771
-9.74005 45.0354 0.0222013 0.234397 -0.970921 -0.0486785
-11.6644 44.5583 -0.139296 0.259904 -0.964117 -0.0541153
-13.5672 44.037 -0.310756 0.279843 -0.95813 -0.0606171
-15.6746 43.4055 -0.541419 0.301535 -0.951254 -0.0647463
-17.7637 42.7484 -0.847181 0.3122 -0.947284 -0.0720014
-19.5863 42.1591 -1.16377 0.324407 -0.941693 -0.089305
-21.5127 41.5318 -1.5178 0.323189 -0.941649 -0.0940536
-23.6368 40.8425 -1.93293 0.325062 -0.939973 -0.10385
-25.3907 40.2749 -2.28743 0.328121 -0.937068 -0.119336
-27.2637 39.6754 -2.69074 0.322661 -0.938521 -0.122754
-29.1361 39.0853 -3.11593 0.325608 -0.936546 -0.129851
-30.0673 38.7934 -3.33297 0.324389 -0.936123 -0.135815
-28.8539 39.298 -3.95409 0.320293 -0.938221 -0.130976
-26.9269 39.8991 -3.51597 0.322414 -0.938537 -0.123275
-25.1167 40.4708 -3.13183 0.319624 -0.940977 -0.111365
-23.3094 41.047 -2.77189 0.323714 -0.940559 -0.102753
-21.3133 41.6874 -2.38979 0.323189 -0.941649 -0.0940588
-19.2321 42.3554 -2.02102 0.315103 -0.945453 -0.0826376
-17.4044 42.9342 -1.71825 0.311631 -0.947232 -0.0750781
-15.3187 43.582 -1.43347 0.295825 -0.95267 -0.0700524
-13.2624 44.1837 -1.22474 0.280277 -0.958135 -0.0585024
-10.9385 44.7977 -1.03155 0.25258 -0.966074 -0.0538912
-9.02057 45.2481 -0.867213 0.219969 -0.974467 -0.0450359
-7.11519 45.6407 -0.714107 0.183989 -0.981793 -0.04722
-5.14054 45.9859 -0.526213 0.16366 -0.985792 -0.0377986
-3.23965 46.2695 -0.324992 0.139104 -0.98999 -0.0238855
-1.16273 46.5428 -0.100337 0.130645 -0.991263 -0.0181353
0.968671 46.8096 0.114025 0.124899 -0.992159 -0.0046564
2.86351 47.0499 0.306009 0.128959 -0.99165 0.00010102
4.92955 47.3217 0.501844 0.134321 -0.990764 0.0185543
6.94389 47.6171 0.658354 0.150166 -0.987772 0.0419061
8.81994 47.9396 0.749756 0.173695 -0.983257 0.0550941
10.8872 48.3537 0.824931 0.209921 -0.975079 0.0717883
11.5507 48.5048 0.834485 0.222417 -0.972225 0.0728611
10.506 48.202 -0.0563921 0.193554 -0.977408 0.0849199
8.33351 47.7977 -0.141064 0.16195 -0.985206 0.0560404
6.18981 47.4706 -0.290237 0.141088 -0.989123 0.041589
4.18115 47.2029 -0.466159 0.12376 -0.992153 0.0177957
2.27458 46.9696 -0.66644 0.120364 -0.992709 0.00644204
0.402622 46.7444 -0.86352 0.120499 -0.992694 -0.00621116
-1.48833 46.5186 -1.06619 0.12314 -0.992231 -0.0177351
-3.36614 46.2756 -1.2714 0.147742 -0.988769 -0.0225549
-5.30563 45.9881 -1.48747 0.160277 -0.98672 -0.026349
-7.47285 45.61 -1.68631 0.191748 -0.980625 -0.040078
-9.33273 45.2229 -1.85367 0.219927 -0.974496 -0.0446011
-11.5701 44.686 -2.02299 0.250722 -0.966724 -0.0508175
-13.4756 44.1796 -2.18413 0.279815 -0.958392 -0.0564698
-15.2862 43.6581 -2.37643 0.281617 -0.957461 -0.0629263
-17.4562 42.9905 -2.65994 0.303397 -0.95021 -0.0710752
-19.6652 42.2982 -3.01001 0.313281 -0.946186 -0.0811598
-21.4673 41.729 -3.32687 0.31369 -0.945025 -0.0923408
-23.3141 41.145 -3.67367 0.315154 -0.943615 -0.101331
-25.2877 40.5239 -4.06645 0.318353 -0.941374 -0.111656
-27.1457 39.9466 -4.47002 0.317999 -0.940501 -0.11973
-27.5637 39.8175 -4.56271 0.315068 -0.941389 -0.120492
-25.8142 40.4676 -5.08103 0.312693 -0.943348 -0.110985
-23.9711 41.0374 -4.70438 0.311269 -0.944836 -0.101967
-21.9552 41.6646 -4.32455 0.315149 -0.944371 -0.0940495
-20.138 42.2309 -4.00311 0.309199 -0.947023 -0.0868573
-18.3633 42.7831 -3.71983 0.301772 -0.950301 -0.0765626
-16.4319 43.3767 -3.44374 0.301206 -0.95087 -0.0715609
-14.5381 43.9345 -3.22765 0.277955 -0.958689 -0.0604697
-12.6977 44.4459 -3.05845 0.262599 -0.963269 -0.0561686
-10.5757 44.9773 -2.89732 0.234401 -0.970993 -0.0472107
-8.55637 45.4324 -2.74425 0.199792 -0.978807 -0.0449542
-6.45444 45.825 -2.5448 0.170455 -0.984695 -0.0363493
-4.24228 46.1717 -2.31781 0.149814 -0.988381 -0.0256546
-2.145 46.4532 -2.07416 0.123299 -0.992283 -0.0131241
-0.161379 46.687 -1.85039 0.114584 -0.993389 -0.00700726
1.82001 46.9115 -1.63141 0.114191 -0.993445 0.0052073
3.6765 47.1257 -1.42171 0.111354 -0.993562 0.0208479
5.85074 47.3897 -1.21231 0.127658 -0.991046 0.0391269
7.79522 47.6605 -1.05213 0.146815 -0.987219 0.0620067
9.39546 47.9218 -0.965509 0.170521 -0.982072 0.0803618
8.26879 47.6727 -1.89646 0.139701 -0.987797 0.0688487
6.23065 47.3945 -2.06833 0.119007 -0.991638 0.0499105
4.36557 47.1807 -2.24521 0.103235 -0.994196 0.0302766
2.35683 46.9621 -2.48284 0.102703 -0.994615 0.0138909
0.394763 46.7526 -2.71193 0.105226 -0.994445 -0.00259731
-1.72053 46.5177 -2.96386 0.119083 -0.992825 -0.0108275
-3.57375 46.2865 -3.18282 0.133774 -0.990928 -0.0128892
-5.49696 46.0174 -3.40002 0.151904 -0.987782 -0.0348118
-7.47987 45.6832 -3.59831 0.17039 -0.984762 -0.034808
-9.42656 45.2901 -3.76027 0.222251 -0.974097 -0.041697
-11.3951 44.8269 -3.90782 0.240326 -0.969688 -0.0441461
-13.3486 44.321 -4.05373 0.271487 -0.961015 -0.052399
-15.2257 43.7957 -4.23044 0.280554 -0.958027 -0.0589388
-17.0847 43.2447 -4.45851 0.300953 -0.950959 -0.0714425
-19.0481 42.6483 -4.74077 0.298949 -0.951365 -0.0743926
-20.8814 42.0826 -5.03718 0.307785 -0.94754 -0.0862408
-22.8589 41.4744 -5.3934 0.312315 -0.944984 -0.0972828
-24.5254 40.9659 -5.71998 0.309018 -0.945075 -0.106496
-22.7776 41.5894 -6.28147 0.302648 -0.948406 -0.0945011
-20.7645 42.2009 -5.92093 0.301568 -0.949691 -0.0845171
-18.8305 42.786 -5.6196 0.296099 -0.952132 -0.0759609
-17.0233 43.3304 -5.36841 0.29377 -0.95353 -0.0669239
-14.8873 43.9451 -5.12903 0.271145 -0.96118 -0.0511213
-12.9419 44.4785 -4.95756 0.260082 -0.964621 -0.0431678
-11.0618 44.9459 -4.82802 0.238523 -0.970433 -0.0369577
-9.1732 45.3805 -4.6906 0.215233 -0.976033 -0.0321546
-7.10233 45.7781 -4.50805 0.173003 -0.984627 -0.0240808
-5.08735 46.1083 -4.30135 0.142127 -0.989638 -0.0204075
-3.18461 46.3507 -4.07758 0.128669 -0.991523 -0.0180542
-0.963504 46.6125 -3.81367 0.114938 -0.99334 -0.00802165
0.979105 46.8102 -3.5621 0.101116 -0.994867 0.00391283
2.90373 47.0022 -3.33299 0.0961208 -0.995094 0.023441
4.84791 47.1995 -3.08473 0.0982758 -0.994422 0.0382856
6.76957 47.408 -2.90316 0.111571 -0.991847 0.0615667
4.25711 47.1039 -4.04423 0.0903698 -0.994968 0.0432587
2.04787 46.8988 -4.3511 0.0933924 -0.99538 0.0222736
0.121821 46.7186 -4.59105 0.0918865 -0.995674 0.0138141
-2.1592 46.4811 -4.89209 0.11075 -0.99384 -0.00410065
-4.11975 46.2507 -5.12283 0.126241 -0.991954 -0.00951096
-6.2812 45.935 -5.37645 0.157805 -0.987349 -0.0155027
-8.16619 45.6083 -5.56015 0.189977 -0.98132 -0.0303372
-10.196 45.1885 -5.72099 0.229557 -0.972618 -0.03631
-12.1091 44.7275 -5.84343 0.241945 -0.969298 -0.0438556
-14.0417 44.2275 -5.98104 0.261466 -0.963997 -0.0484332
-16.0463 43.6728 -6.17826 0.278711 -0.958428 -0.0611219
-17.9309 43.1229 -6.40764 0.290878 -0.954214 -0.0697576
-19.9436 42.5255 -6.69813 0.292342 -0.953171 -0.0774682
-20.5264 42.3515 -6.78818 0.297754 -0.951277 -0.0800847
-17.5313 43.3069 -7.27087 0.285791 -0.955887 -0.067851
-15.538 43.8705 -7.04686 0.274585 -0.959949 -0.0556876
-13.6676 44.3742 -6.88791 0.255996 -0.965631 -0.044968
-11.6509 44.8834 -6.76121 0.241942 -0.969299 -0.0438508
-9.62319 45.3529 -6.63022 0.21756 -0.975458 -0.0339069
-7.63638 45.74 -6.466 0.175381 -0.983758 -0.038241
-5.79291 46.0359 -6.27461 0.149771 -0.988458 -0.0227938
-3.55348 46.3285 -5.99029 0.12274 -0.992335 -0.0143251
-1.57196 46.5501 -5.74797 0.11075 -0.99384 -0.00410064
-0.17959 46.6827 -5.5624 0.0872918 -0.996141 0.00913836
