11.2382 50.6312 37.5824 0.345838 -0.938186 -0.0142073
11.2644 50.6365 37.8602 0.345627 -0.938255 -0.0148099
11.1994 50.6166 37.6035 0.345189 -0.938414 -0.0149509
11.2067 50.6197 37.5802 0.342946 -0.939199 -0.0171228
11.0527 50.5635 37.5771 0.342946 -0.939199 -0.0171228
10.9911 50.5377 37.7524 0.343136 -0.93912 -0.0176338
11.0731 50.5609 38.1911 0.345348 -0.938359 -0.014767
10.8324 50.4697 38.3536 0.345349 -0.938358 -0.0147694
10.6379 50.394 38.6194 0.345422 -0.938329 -0.0148987
10.5657 50.3646 38.7983 0.345367 -0.938352 -0.0147105
10.5004 50.3356 39.1062 0.34547 -0.938309 -0.0150479
10.5426 50.3438 39.5613 0.345247 -0.938382 -0.0156022
10.5104 50.3247 39.9851 0.344622 -0.938609 -0.0157742
10.5142 50.3229 40.1761 0.344222 -0.938762 -0.0153992
10.6957 50.3845 40.4836 0.344222 -0.938762 -0.0153989
10.7874 50.4208 40.3196 0.344622 -0.938609 -0.0157737
10.8649 50.4539 40.0501 0.345021 -0.938456 -0.0161487
11.0656 50.5343 39.6644 0.345021 -0.938456 -0.0161491
11.1799 50.5832 39.2664 0.345248 -0.938382 -0.0155984
11.1745 50.5848 39.0433 0.345424 -0.938329 -0.0148773
11.3822 50.6672 38.6628 0.34563 -0.938254 -0.01481
11.4459 50.6953 38.3741 0.345908 -0.938151 -0.0148549
11.4139 50.6891 38.0159 0.345908 -0.938151 -0.0148551
11.3745 50.6812 37.5997 0.345838 -0.938186 -0.0142073
11.5961 50.7712 37.0646 0.345792 -0.938198 -0.0145701
11.714 50.8185 36.815 0.345787 -0.9382 -0.0145711
11.7489 50.8346 36.6083 0.344363 -0.938708 -0.0154502
11.7455 50.8411 36.1603 0.343068 -0.939175 -0.0159453
11.7564 50.8502 35.8552 0.342875 -0.939261 -0.0149808
11.7778 50.8612 35.6469 0.342552 -0.939389 -0.0144001
11.7259 50.8481 35.2624 0.342552 -0.939389 -0.0144
11.7412 50.8567 35.0717 0.342237 -0.939485 -0.0155193
11.8385 50.8958 34.8544 0.342098 -0.939522 -0.016357
11.9338 50.9345 34.6153 0.340422 -0.940162 -0.0144528
11.9448 50.9418 34.3946 0.340426 -0.94016 -0.0144577
11.9586 50.9497 34.205 0.3404 -0.940177 -0.0139891
11.9961 50.9671 33.9499 0.340227 -0.940233 -0.0143807
11.9493 50.9543 33.6853 0.340061 -0.940287 -0.0148051
11.9095 50.9432 33.4847 0.340883 -0.93997 -0.0159414
11.9308 50.9609 32.8968 0.340917 -0.939958 -0.015979
11.9495 50.9707 32.7085 0.341524 -0.939775 -0.0135623
11.9729 50.9861 32.2299 0.341519 -0.939777 -0.0135493
11.8916 50.9652 31.7423 0.33793 -0.940998 -0.0180416
11.8404 50.9505 31.5604 0.337812 -0.941026 -0.0187841
11.7858 50.9273 31.7391 0.337847 -0.941007 -0.0191002
11.6816 50.8804 32.2626 0.338014 -0.940988 -0.0169846
11.7068 50.8821 32.7428 0.341517 -0.939778 -0.0135641
11.6901 50.8674 33.2647 0.340883 -0.939971 -0.0159408
11.6383 50.845 33.4851 0.340065 -0.940285 -0.0148318
11.6352 50.8407 33.6909 0.340043 -0.940294 -0.014778
11.6354 50.8368 33.9399 0.340043 -0.940294 -0.014778
11.5799 50.8133 34.1569 0.340219 -0.940236 -0.0143801
11.5786 50.8092 34.3969 0.341277 -0.939835 -0.0154381
11.5525 50.7949 34.6714 0.34212 -0.939513 -0.0164193
11.5483 50.7886 34.9482 0.342076 -0.939531 -0.0162848
11.5465 50.7847 35.1377 0.342389 -0.939442 -0.0148119
11.381 50.7169 35.6171 0.342875 -0.939261 -0.0149808
11.34 50.6985 35.8224 0.343198 -0.939134 -0.0155615
11.2306 50.6536 36.1198 0.343198 -0.939134 -0.0155612
11.1798 50.6309 36.3736 0.343067 -0.939176 -0.0159479
11.2281 50.6428 36.7008 0.342939 -0.939216 -0.0163329
11.4386 50.7164 36.8877 0.342943 -0.939214 -0.0163308
11.1262 50.5955 37.2795 0.342431 -0.939404 -0.0161464
11.0883 50.5793 37.415 0.343013 -0.939187 -0.0164011
10.9117 50.5131 37.515 0.342936 -0.939217 -0.01633
10.8296 50.4778 37.7994 0.342953 -0.939182 -0.0179072
10.6857 50.4219 37.9783 0.343127 -0.939123 -0.0176362
10.403 50.3099 38.4691 0.345422 -0.938329 -0.0148987
10.3553 50.2887 38.6955 0.345366 -0.938353 -0.0147079
10.2774 50.2543 39.052 0.343437 -0.939052 -0.0151019
10.2591 50.2435 39.3101 0.341383 -0.939802 -0.0151607
10.3317 50.2646 39.659 0.345247 -0.938382 -0.0156022
10.3317 50.2565 40.1455 0.344122 -0.938799 -0.0153837
10.5134 50.3139 40.7102 0.344181 -0.938773 -0.0156369
10.8396 50.4314 40.8289 0.34414 -0.938784 -0.0158747
10.9321 50.4687 40.6304 0.344181 -0.938773 -0.0156367
11.1602 50.5648 39.9134 0.345021 -0.938456 -0.0161487
11.3939 50.6636 39.1673 0.345248 -0.938382 -0.0155984
11.58 50.7444 38.3912 0.345908 -0.938151 -0.0148549
11.5238 50.7337 37.764 0.345908 -0.938151 -0.0148551
11.5608 50.7515 37.4918 0.345787 -0.9382 -0.0145714
11.8777 50.8788 36.8211 0.345787 -0.9382 -0.0145711
11.9886 50.9298 36.1649 0.344363 -0.938708 -0.0154502
12.0382 50.9578 35.5358 0.342552 -0.939389 -0.0144001
12.0729 50.9786 35.0062 0.342473 -0.939414 -0.0146052
12.1389 51.0085 34.6331 0.340422 -0.940162 -0.0144528
12.1672 51.0238 34.3039 0.340413 -0.940168 -0.0142296
12.177 51.0304 34.0964 0.3404 -0.940177 -0.0139891
12.1941 51.0402 33.8514 0.340227 -0.940233 -0.0143807
12.1976 51.0514 33.2632 0.340917 -0.939958 -0.0159792
12.2229 51.0705 32.6808 0.341219 -0.939867 -0.0147813
12.2225 51.0763 32.2704 0.341523 -0.939776 -0.0135452
12.2246 51.084 31.789 0.339766 -0.940383 -0.015267
12.1864 51.0757 31.4512 0.335326 -0.942008 -0.0133234
12.202 51.0849 31.194 0.33533 -0.941962 -0.0159749
12.21 51.0957 30.6651 0.329752 -0.943975 -0.0132281
12.1228 51.0692 30.38 0.329755 -0.943974 -0.0132318
12.1059 51.0671 30.1043 0.329848 -0.94394 -0.0133262
11.9315 51.0109 29.7726 0.329939 -0.943907 -0.0134075
11.902 51.0044 29.5149 0.32973 -0.94394 -0.0159473
12.0422 51.0667 28.7682 0.329403 -0.944037 -0.0169508
11.9692 51.0514 28.2028 0.328423 -0.944373 -0.0172039
11.8867 51.0295 27.8196 0.327686 -0.944651 -0.0160121
11.8224 51.0124 27.51 0.325907 -0.945222 -0.0181981
11.7367 50.9919 27.0478 0.323391 -0.946105 -0.0174134
11.6459 50.9696 26.5743 0.323401 -0.946102 -0.0174056
11.5196 50.9358 26.0358 0.320446 -0.94715 -0.0149133
11.3937 50.9008 25.5527 0.320039 -0.947265 -0.0162013
11.3255 50.8826 25.2867 0.319689 -0.947368 -0.0171011
11.2398 50.8598 24.9436 0.316835 -0.948279 -0.0192116
11.0421 50.8067 24.2831 0.313028 -0.9496 -0.0165471
10.826 50.7482 23.5546 0.312955 -0.949623 -0.0165756
10.7201 50.7171 23.3752 0.30935 -0.950759 -0.0189833
10.5602 50.6692 23.1695 0.309412 -0.950736 -0.0190996
10.4193 50.6252 23.077 0.309417 -0.950733 -0.0191681
10.2605 50.5714 23.1825 0.309344 -0.950763 -0.0188828
10.3472 50.5933 23.4944 0.309487 -0.950705 -0.0194408
10.4411 50.6139 23.9806 0.311175 -0.950179 -0.0180155
10.5019 50.6304 24.1822 0.312871 -0.949651 -0.0165962
10.5813 50.6521 24.4387 0.312949 -0.949625 -0.0165782
10.6522 50.6719 24.6455 0.312835 -0.949674 -0.0159339
10.7224 50.6885 24.9512 0.313947 -0.9492 -0.0213648
10.8017 50.7071 25.2922 0.313981 -0.949189 -0.0213367
10.8599 50.7213 25.5172 0.316835 -0.948279 -0.0192105
10.9135 50.7357 25.7151 0.320037 -0.947265 -0.0162045
10.9456 50.7437 25.902 0.320049 -0.947292 -0.014395
10.9921 50.7555 26.1221 0.322771 -0.946288 -0.0189145
11.0601 50.7708 26.5204 0.322745 -0.946299 -0.0188136
11.1067 50.7809 26.809 0.323065 -0.946203 -0.0181085
11.1609 50.7933 27.1412 0.3234 -0.946102 -0.0174052
11.2009 50.8018 27.3978 0.324143 -0.945789 -0.0203554
11.2333 50.8087 27.5924 0.32414 -0.94579 -0.0203706
11.2605 50.8132 27.8175 0.324137 -0.945791 -0.0203855
11.2836 50.8162 28.06 0.327696 -0.944646 -0.0160943
11.451 50.859 28.8968 0.327448 -0.944708 -0.0174557
11.4838 50.8654 29.1655 0.327764 -0.944597 -0.0175239
11.542 50.8772 29.5927 0.330765 -0.94354 -0.0180255
11.5362 50.868 30.0311 0.33313 -0.942765 -0.0147714
11.4289 50.8202 30.6613 0.334267 -0.942328 -0.0166982
11.4336 50.817 30.9073 0.335334 -0.941915 -0.0186341
11.467 50.8233 31.1883 0.335338 -0.941959 -0.0159826
11.4852 50.8259 31.4117 0.3379 -0.940989 -0.0190455
11.4788 50.8184 31.6746 0.337846 -0.941007 -0.0190986
11.4582 50.8015 32.1856 0.338014 -0.940988 -0.0169849
11.4243 50.7798 32.7127 0.339767 -0.940382 -0.015267
11.4296 50.779 32.903 0.341212 -0.939869 -0.0148086
11.4177 50.7707 33.141 0.340453 -0.940136 -0.0153564
11.402 50.7604 33.4303 0.340054 -0.940289 -0.0148049
11.3982 50.7531 33.8088 0.340043 -0.940294 -0.014778
11.3573 50.7317 34.2325 0.339126 -0.940598 -0.0163304
11.3288 50.7174 34.4433 0.342125 -0.939511 -0.0164251
11.2788 50.6954 34.661 0.342095 -0.939523 -0.0163498
11.2673 50.688 34.8511 0.342076 -0.939531 -0.0162848
11.2331 50.6712 35.0973 0.342079 -0.939531 -0.0162279
11.1999 50.656 35.2855 0.342389 -0.939442 -0.0148119
11.1472 50.634 35.4689 0.342875 -0.939261 -0.0149808
11.0551 50.5927 35.9299 0.343198 -0.939134 -0.0155615
10.9375 50.5408 36.465 0.343067 -0.939176 -0.0159479
10.9999 50.5562 36.8883 0.342422 -0.939407 -0.0161498
10.9249 50.5245 37.1404 0.343081 -0.939161 -0.0164752
10.8835 50.5069 37.2807 0.342936 -0.939217 -0.0163356
10.9279 50.4865 39.4981 0.345021 -0.938456 -0.0161491
10.9563 50.5057 38.9671 0.345424 -0.938329 -0.0148773
11.0423 50.5424 38.6436 0.34535 -0.938358 -0.0147673
10.89 50.4848 38.7464 0.345349 -0.938358 -0.0147694
10.7806 50.4421 38.8964 0.345367 -0.938352 -0.0147105
10.7354 50.4178 39.3717 0.345471 -0.938309 -0.0150516
10.7207 50.4035 39.8963 0.345021 -0.938456 -0.016149
11.5031 50.751 36.2517 0.343068 -0.939175 -0.0159453
11.5113 50.7578 36.0237 0.343198 -0.939134 -0.0155614
11.4295 50.7242 36.2459 0.343198 -0.939134 -0.0155612
11.5042 50.7489 36.3956 0.342941 -0.939215 -0.01633
11.9581 51.014 30.2112 0.329761 -0.943972 -0.0132325
11.7721 50.9533 29.9029 0.331482 -0.943356 -0.0139916
11.8498 50.9742 30.3251 0.333198 -0.942741 -0.0147531
11.6873 50.9132 30.5538 0.3332 -0.942741 -0.0147558
11.6357 50.8913 30.7901 0.334267 -0.942328 -0.0166982
11.7731 50.933 31.1529 0.335338 -0.941914 -0.0186346
11.8373 50.9525 31.3738 0.33533 -0.942007 -0.0133235
11.8952 50.9757 31.1916 0.33533 -0.941962 -0.0159749
12.0226 51.0242 31.0308 0.33427 -0.942327 -0.0166908
12.0465 51.0396 30.5931 0.331477 -0.943357 -0.013989
12.0394 51.0387 30.4768 0.329752 -0.943975 -0.0132281
11.6947 50.9439 28.8742 0.327444 -0.944709 -0.0174567
11.7062 50.9387 29.3708 0.328423 -0.944373 -0.0172036
11.8541 50.9955 29.0792 0.329402 -0.944037 -0.0169507
11.9015 51.0167 28.8191 0.329403 -0.944037 -0.0169508
11.8756 51.0113 28.6186 0.328423 -0.944373 -0.0172039
11.7271 50.9686 28.1454 0.327567 -0.944678 -0.0168156
11.584 50.9256 27.7549 0.327686 -0.944651 -0.0160121
11.5297 50.9117 27.5279 0.324131 -0.945793 -0.020369
11.505 50.9073 27.3387 0.323761 -0.945949 -0.0188852
11.4215 50.8858 26.956 0.323395 -0.946104 -0.0174102
11.4775 50.8981 27.3307 0.323769 -0.945947 -0.0188828
11.5145 50.9065 27.5272 0.324143 -0.945789 -0.0203561
11.526 50.9055 27.7598 0.324137 -0.945791 -0.0203855
11.5171 50.897 28.0696 0.327696 -0.944646 -0.0160943
11.5579 50.9048 28.4221 0.327448 -0.944708 -0.0174557
3.91845 49.1429 12.9317 0.220329 -0.974446 -0.0431412
4.15179 49.1865 13.1825 0.227002 -0.972984 -0.0421014
4.30057 49.2149 13.3287 0.226915 -0.973004 -0.042115
4.37551 49.2339 13.2925 0.227002 -0.972984 -0.0421018
4.26779 49.2132 13.1899 0.227162 -0.972931 -0.0424497
5.14039 49.3703 14.2138 0.229003 -0.972675 -0.0380045
5.34199 49.4103 14.4362 0.232477 -0.97193 -0.0361347
5.51091 49.4442 14.61 0.232374 -0.971962 -0.0359441
5.67027 49.4752 14.8018 0.232494 -0.971917 -0.0363823
5.80168 49.5001 15.0143 0.235209 -0.971495 -0.0295831
5.97042 49.5337 15.2257 0.228771 -0.973005 -0.0304013
6.24768 49.5929 15.4169 0.228764 -0.97301 -0.0303099
6.14262 49.5768 15.1403 0.228806 -0.972994 -0.0304971
5.8957 49.5274 14.8653 0.232017 -0.972242 -0.0300477
5.74411 49.496 14.7185 0.232437 -0.971939 -0.0361602
5.53117 49.4541 14.4736 0.232612 -0.97189 -0.0363659
5.32872 49.414 14.251 0.232612 -0.97189 -0.036366
5.19011 49.3866 14.0983 0.229021 -0.97267 -0.0380216
4.98652 49.3473 13.9188 0.224954 -0.973352 -0.044526
4.82671 49.3156 13.8051 0.224953 -0.973352 -0.0445187
4.9538 49.3371 13.976 0.224966 -0.973341 -0.0446914
5.03708 49.353 14.053 0.225422 -0.973454 -0.0396548
2.62616 48.9279 11.7704 0.209575 -0.976323 -0.0535811
2.7901 48.9543 11.9301 0.209555 -0.976331 -0.053522
2.9253 48.9798 11.9939 0.209547 -0.976334 -0.0535043
2.86399 48.9694 11.9432 0.209568 -0.976326 -0.0535639
6.97645 49.7629 16.6071 0.256659 -0.966046 -0.0296984
7.11419 49.7933 16.8094 0.256853 -0.966009 -0.029215
7.2527 49.8259 16.9516 0.257019 -0.965979 -0.0287291
7.4066 49.8652 17.06 0.268423 -0.963026 -0.0230073
7.39015 49.8663 16.8238 0.262722 -0.964503 -0.0258633
7.2545 49.8376 16.5798 0.256712 -0.966032 -0.0296994
7.0713 49.7961 16.3468 0.256686 -0.966039 -0.0296897
6.93546 49.765 16.191 0.253513 -0.967075 -0.0183572
6.73557 49.7145 15.9635 0.251532 -0.967829 -0.00626206
6.62361 49.6852 15.9975 0.25144 -0.967854 -0.00608035
6.74859 49.7143 16.2311 0.255637 -0.966283 -0.030776
6.85981 49.7371 16.437 0.256135 -0.966168 -0.0302381
9.58719 50.3956 21.4242 0.295205 -0.955189 -0.0204444
9.64662 50.4083 21.6183 0.293978 -0.955389 -0.0284428
9.77369 50.4398 21.9516 0.30184 -0.953126 -0.0210687
9.88917 50.4694 22.2657 0.305917 -0.951832 -0.020272
10.2849 50.5873 22.7945 0.309496 -0.950696 -0.0197229
10.3419 50.6062 22.7773 0.309423 -0.950722 -0.0196165
10.3159 50.6084 22.2627 0.309423 -0.950722 -0.0196167
10.1145 50.5533 21.7576 0.309605 -0.950664 -0.0195587
10.0255 50.5292 21.5162 0.309888 -0.950573 -0.0194915
9.9417 50.5072 21.3386 0.297138 -0.954738 -0.0136078
9.80251 50.4688 21.1772 0.291363 -0.956313 -0.0232734
9.66859 50.4314 21.0182 0.289501 -0.956987 -0.0190779
9.46036 50.3816 20.3456 0.289344 -0.957041 -0.0187448
9.26098 50.3297 19.9216 0.289435 -0.957014 -0.0187364
9.1384 50.299 19.6519 0.283204 -0.958786 -0.0229288
8.89899 50.2374 19.2698 0.283114 -0.958819 -0.0226515
8.58061 50.1528 18.8677 0.28311 -0.95882 -0.0226517
8.48006 50.1297 18.5893 0.283051 -0.958836 -0.0226861
8.36654 50.0922 18.7652 0.281562 -0.959268 -0.0229672
8.46352 50.1174 18.9049 0.283267 -0.958774 -0.022653
8.71873 50.1807 19.4159 0.283145 -0.958808 -0.02271
8.85056 50.2114 19.7575 0.283242 -0.95877 -0.0230972
8.99091 50.2436 20.1421 0.286377 -0.957881 -0.0209035
9.07964 50.2667 20.3349 0.289515 -0.95699 -0.0187217
9.21182 50.3027 20.5366 0.289423 -0.957018 -0.0187369
9.50661 50.3841 20.9339 0.289503 -0.956987 -0.0190814
9.49555 50.3768 21.0992 0.293614 -0.955502 -0.0283923
9.55097 50.3872 21.3298 0.293284 -0.955636 -0.0272998
7.93508 49.9957 17.7545 0.268062 -0.963127 -0.0230143
7.51266 49.892 17.1747 0.26807 -0.963124 -0.0230208
7.79672 49.9593 17.6682 0.268075 -0.963123 -0.0230228
7.89886 49.9853 17.7688 0.268067 -0.963125 -0.0230166
8.23768 50.0681 18.1933 0.273199 -0.961562 -0.0275743
8.02842 50.0156 17.9938 0.268589 -0.962774 -0.0304248
7.98439 49.9984 18.1495 0.268854 -0.962715 -0.02996
8.12669 50.0324 18.34 0.271519 -0.96201 -0.0284088
8.2824 50.0772 18.332 0.283864 -0.958673 -0.0191451
8.26072 50.0717 18.2962 0.273179 -0.961568 -0.0275817
