11.0591 58.6629 4.56152 0.316288 -0.94819 0.0299435
10.2162 58.3551 3.62834 0.313942 -0.949026 0.0280423
9.42774 58.0798 2.77427 0.300843 -0.953357 0.0244297
8.35944 57.725 1.86244 0.291244 -0.956501 0.016798
7.42575 57.439 1.09231 0.261728 -0.964807 0.0254265
6.4912 57.1875 0.171899 0.214537 -0.976538 0.0066019
5.5664 57.0054 -0.825743 0.187495 -0.982222 -0.00926826
4.89432 56.8968 -1.71775 0.152379 -0.988203 -0.0146664
4.31921 56.8204 -2.77956 0.134803 -0.990581 -0.0167706
3.54543 56.7696 -3.96821 0.0903731 -0.995166 -0.0384433
2.67692 56.723 -4.62733 0.0790582 -0.995329 -0.0554071
1.66061 56.6826 -5.18274 0.0572327 -0.995997 -0.0686614
0.434684 56.6674 -5.76685 0.0393191 -0.995209 -0.0894771
-0.66054 56.691 -6.38752 0.0196334 -0.994087 -0.106794
-1.65687 56.7306 -6.92616 0.0175522 -0.993796 -0.109773
-2.6725 56.7899 -7.4589 -0.000896089 -0.990905 -0.134213
-3.96657 56.9145 -8.22399 -0.0167255 -0.987888 -0.154266
-4.95604 57.0293 -8.7611 -0.0353113 -0.983894 -0.175233
-6.21841 57.1862 -9.28986 -0.0453971 -0.980346 -0.191991
-7.67136 57.3355 -9.59814 -0.0563323 -0.975778 -0.211385
-8.58825 57.1671 -8.65009 -0.0336567 -0.973452 -0.226403
-9.08535 56.9208 -7.53021 -0.0274966 -0.97279 -0.23005
-9.5075 56.657 -6.37063 -0.0171222 -0.974597 -0.223309
-9.90381 56.3953 -5.20073 0.00945431 -0.979526 -0.201094
-10.2853 56.1341 -4.02878 0.0348675 -0.975846 -0.215596
-10.5849 55.8909 -2.96052 0.0461752 -0.975285 -0.216066
-10.9171 55.6171 -1.72064 0.0730122 -0.975497 -0.207464
-10.9807 55.3484 -0.416249 0.0882782 -0.976471 -0.196724
-10.6677 55.1562 0.780629 0.106414 -0.978226 -0.178126
-9.48032 55.0662 2.0836 0.110997 -0.980983 -0.159222
-8.11376 55.1089 2.78342 0.108235 -0.984523 -0.137842
-6.79117 55.1516 3.53267 0.106348 -0.985041 -0.135501
-5.76042 55.2055 4.01161 0.111714 -0.986259 -0.121713
-4.68313 55.2708 4.53195 0.12072 -0.986096 -0.114197
-3.54361 55.367 4.98677 0.126749 -0.987543 -0.0932349
-2.49093 55.4693 5.401 0.136915 -0.986416 -0.0907667
-1.43481 55.5843 5.81265 0.148399 -0.98495 -0.0886042
-0.234104 55.7399 6.35373 0.162384 -0.984215 -0.0700592
0.853114 55.9158 6.69885 0.189027 -0.980439 -0.0537482
1.95848 56.1231 7.156 0.212454 -0.976389 -0.039077
3.00258 56.3379 7.97756 0.237862 -0.970984 -0.0240166
3.89298 56.5534 8.86619 0.261057 -0.965297 -0.00716545
4.72988 56.7758 9.62745 0.274196 -0.961602 -0.00680883
5.62742 57.0338 10.6766 0.288583 -0.95743 -0.00687714
6.38292 57.2593 11.7063 0.297035 -0.954841 -0.00693031
7.18049 57.5046 12.8042 0.306513 -0.951802 -0.0110699
7.88222 57.7247 13.6841 0.318613 -0.947844 -0.00876114
8.50492 57.9245 14.6606 0.32172 -0.946785 -0.00968071
9.14669 58.1302 15.8164 0.330232 -0.943822 -0.0120363
9.85496 58.3628 17.1084 0.336629 -0.941515 -0.0151545
10.5067 58.583 18.2978 0.343831 -0.938951 -0.0122754
11.0493 58.7647 19.5739 0.349545 -0.936818 -0.0137848
11.4295 58.8906 20.6885 0.352114 -0.935858 -0.0135773
11.8403 59.0287 21.9098 0.356768 -0.934084 -0.0142885
12.1883 59.1473 22.9832 0.359944 -0.932877 -0.0134341
12.5512 59.2716 24.1373 0.363184 -0.931628 -0.0129128
12.9519 59.4111 25.4996 0.36605 -0.930532 -0.0108664
13.2515 59.5112 26.9897 0.369461 -0.92918 -0.0111017
13.447 59.5742 28.2921 0.372185 -0.928107 -0.00970663
13.5926 59.6187 29.6035 0.373475 -0.927588 -0.00987257
13.6777 59.6404 30.9864 0.375332 -0.926857 -0.00788695
13.7661 59.6665 32.1401 0.37713 -0.926127 -0.00789682
13.8174 59.6793 33.2682 0.377998 -0.925781 -0.00679601
13.7985 59.6631 34.5256 0.379069 -0.925348 -0.00615959
13.72 59.6233 35.8996 0.380079 -0.92494 -0.00505607
13.5707 59.5558 37.1356 0.381047 -0.924547 -0.00412526
13.4507 59.5018 38.3291 0.381417 -0.924398 -0.00304411
13.2539 59.4166 39.519 0.382137 -0.924101 -0.00298618
12.9449 59.2852 40.8257 0.38239 -0.923998 -0.00232381
13.4326 59.4849 41.7511 0.382612 -0.923907 -0.00207885
14.4816 59.9182 42.2105 0.38256 -0.923929 -0.00162061
15.6254 60.3912 42.7313 0.382707 -0.923869 -0.00126175
16.6481 60.8145 43.168 0.383157 -0.923683 -0.000866062
17.8337 61.3058 43.6547 0.383478 -0.92355 -0.000698256
18.6691 61.6527 43.3523 0.383323 -0.923614 -0.000220615
19.0063 61.7928 42.0915 0.383069 -0.92372 -0.00019169
19.4449 61.9745 40.8287 0.382669 -0.923885 0.000238323
19.7444 62.098 39.7057 0.382119 -0.924113 0.000269604
20.1464 62.264 38.1549 0.381776 -0.924255 0.000269114
20.2915 62.3237 36.9 0.380935 -0.924602 -9.39545e-05
20.4855 62.4036 35.6008 0.380623 -0.92473 -0.000214853
20.6957 62.4901 34.4587 0.379614 -0.925145 7.27473e-05
20.7807 62.5251 33.1156 0.379169 -0.925327 -4.643e-05
20.8551 62.5558 31.7132 0.378331 -0.92567 -0.000428855
20.8671 62.5611 30.536 0.377652 -0.925947 -0.000372436
20.8455 62.5529 29.3003 0.376159 -0.926555 -0.00015051
20.7919 62.531 28.1723 0.375518 -0.926815 -0.000227092
20.6838 62.4877 27.001 0.374483 -0.927234 -0.000524134
20.5268 62.4245 25.5837 0.373687 -0.927555 -6.73801e-05
20.2919 62.3303 24.2033 0.372568 -0.928005 0.000253765
20.0408 62.2295 22.9788 0.371476 -0.928442 0.000577159
19.8813 62.1649 21.8154 0.369774 -0.92912 0.001402
19.5429 62.0282 20.6541 0.368699 -0.929547 0.00183072
19.0678 61.837 19.2459 0.365551 -0.930787 0.00276623
18.7291 61.6988 17.9366 0.365613 -0.930756 0.00449727
18.3246 61.5329 16.5539 0.362508 -0.931965 0.00536938
17.868 61.3474 15.4584 0.361795 -0.932224 0.00791056
17.3003 61.1174 14.1509 0.357572 -0.933825 0.010588
16.6557 60.8576 12.9106 0.355632 -0.934551 0.0118205
16.0823 60.6255 11.8019 0.350653 -0.936409 0.0134355
15.5301 60.4016 10.7663 0.349092 -0.936932 0.0170341
14.8726 60.138 9.63816 0.346173 -0.938037 0.0158726
14.216 59.8769 8.62347 0.340013 -0.940195 0.0205752
13.509 59.5949 7.47006 0.339066 -0.940513 0.0216759
12.6929 59.2784 6.3833 0.330918 -0.943319 0.0252321
11.899 58.9763 5.44616 0.326565 -0.944774 0.027372
11.1495 58.6964 4.66688 0.31514 -0.948617 0.0284206
11.8719 58.9147 3.82681 0.326311 -0.944723 0.0319033
11.0795 58.6217 3.01753 0.315485 -0.948474 0.029415
10.197 58.3035 2.05123 0.302945 -0.952526 0.0302351
9.27762 57.9861 1.23258 0.29809 -0.953989 0.0323727
8.35565 57.6896 0.491152 0.280185 -0.959592 0.0260838
7.51945 57.4367 -0.216441 0.248758 -0.968019 0.0260603
6.60282 57.1935 -1.25427 0.200361 -0.978919 0.0251641
5.77873 57.0327 -2.34282 0.164909 -0.986272 0.00848699
5.14803 56.9437 -3.51523 0.129171 -0.991304 -0.021894
4.51187 56.8933 -4.53291 0.112108 -0.992889 -0.0373118
3.56183 56.8362 -5.38626 0.0777009 -0.995929 -0.0450178
2.25371 56.7735 -6.02168 0.0587056 -0.996243 -0.0616603
1.17568 56.7711 -6.64227 0.0349664 -0.99572 -0.0855405
0.130968 56.7889 -7.17611 0.0177893 -0.994948 -0.0988067
-0.948501 56.831 -7.73517 0.0064868 -0.994432 -0.105184
-2.0565 56.9017 -8.31289 -0.017173 -0.991857 -0.126169
-3.19363 57.0169 -9.00897 -0.0314948 -0.98804 -0.150949
-4.3197 57.1566 -9.6243 -0.0419266 -0.984729 -0.168971
-5.57881 57.3186 -10.1471 -0.056556 -0.981068 -0.185223
-6.66047 57.4884 -10.6257 -0.0775549 -0.974689 -0.209086
-7.89979 57.6306 -10.7514 -0.0842 -0.969752 -0.229108
-9.02245 57.5342 -9.9939 -0.0822551 -0.960638 -0.265345
-9.63748 57.3229 -9.03112 -0.0403061 -0.967267 -0.250539
-10.0908 57.0331 -7.85167 -0.0330498 -0.966612 -0.254103
-10.4536 56.7758 -6.81681 -0.0113832 -0.972955 -0.230524
-10.8601 56.4845 -5.62263 0.00853094 -0.970315 -0.241527
-11.2821 56.1794 -4.37443 0.0221006 -0.97304 -0.229536
-11.5985 55.9181 -3.28891 0.0360395 -0.971895 -0.232282
-11.9714 55.6013 -2.00681 0.0613394 -0.971288 -0.22969
-12.0821 55.3101 -0.722923 0.0811489 -0.975683 -0.203262
-11.9716 55.0764 0.470543 0.10788 -0.973415 -0.202016
-11.5024 54.9331 1.48858 0.118638 -0.975202 -0.18676
-10.7307 54.8589 2.44978 0.122514 -0.978727 -0.16457
-9.71232 54.8656 3.18846 0.124163 -0.979985 -0.155605
-8.56396 54.9197 3.73826 0.117259 -0.982714 -0.143261
-7.51272 54.9566 4.35442 0.120516 -0.983412 -0.135473
-6.32963 55.0292 4.88577 0.118268 -0.985164 -0.124328
-5.19559 55.1046 5.40675 0.124647 -0.985289 -0.116856
-3.97237 55.2089 5.93592 0.138172 -0.984606 -0.10696
-2.79786 55.3256 6.43462 0.147039 -0.984108 -0.0995521
-1.51621 55.4769 6.9932 0.166666 -0.982043 -0.0884012
-0.219856 55.6632 7.49259 0.18491 -0.979303 -0.0822988
0.910442 55.8731 7.88194 0.207792 -0.976935 -0.048223
1.95884 56.0783 8.4553 0.226298 -0.973535 -0.0319281
2.84359 56.266 9.31075 0.24895 -0.968222 -0.0199275
3.68185 56.478 10.1256 0.263687 -0.964391 -0.0197032
4.6815 56.745 11.2101 0.279925 -0.959927 -0.0123683
5.34201 56.9326 12.1006 0.293922 -0.955733 -0.0135574
6.03292 57.1361 12.9908 0.301697 -0.95331 -0.0134113
6.91122 57.4002 14.1538 0.311756 -0.949969 -0.0191758
7.55358 57.5955 15.0733 0.320579 -0.947084 -0.0161796
8.10184 57.763 16.0662 0.326683 -0.94495 -0.0186548
8.76895 57.9741 17.2433 0.335793 -0.941774 -0.0174251
9.47648 58.2031 18.5598 0.341933 -0.939569 -0.0170784
9.99212 58.3703 19.7331 0.348179 -0.937226 -0.0194762
10.4611 58.521 21.0554 0.350875 -0.936244 -0.0181035
10.8745 58.6531 22.2835 0.357106 -0.933879 -0.0184799
11.2677 58.7855 23.3414 0.359856 -0.932877 -0.0156471
11.6021 58.8965 24.445 0.364267 -0.931161 -0.0157843
11.9677 59.0198 25.7285 0.367095 -0.930068 -0.0145657
12.2162 59.1014 26.8261 0.370362 -0.928797 -0.0129654
12.4179 59.1649 28.0662 0.371385 -0.928401 -0.0120815
12.5596 59.2069 29.2143 0.372775 -0.92786 -0.0107208
12.6496 59.2296 30.3793 0.375788 -0.926645 -0.0106262
12.7395 59.2527 31.6717 0.376783 -0.926252 -0.00956627
12.822 59.2755 32.8613 0.378231 -0.925679 -0.00765968
12.8392 59.2736 33.9944 0.379147 -0.925309 -0.0070266
12.7914 59.2447 35.3181 0.380341 -0.924826 -0.00614982
12.6459 59.1773 36.6371 0.381033 -0.924549 -0.00480486
12.5175 59.1183 37.8433 0.381596 -0.92432 -0.00409042
12.3662 59.0512 38.9989 0.382408 -0.923987 -0.00334688
12.0432 58.9136 40.1783 0.382484 -0.923958 -0.00276975
11.8022 58.8106 41.298 0.38293 -0.923774 -0.00232924
12.2459 58.9919 42.3627 0.382851 -0.923808 -0.00194897
13.2242 59.3962 42.82 0.382798 -0.92383 -0.00169949
14.4433 59.9005 43.3409 0.382837 -0.923815 -0.00133881
15.6111 60.3837 43.8626 0.383014 -0.923741 -0.00138267
16.5775 60.784 44.2719 0.383275 -0.923634 -0.00108922
17.7093 61.2534 44.7647 0.383773 -0.923427 -0.000740047
18.6828 61.6579 45.1458 0.384088 -0.923296 -0.000599295
19.3953 61.9544 44.2805 0.383961 -0.923349 9.57329e-05
19.7623 62.1066 43.0005 0.383606 -0.923497 0.0003053
20.099 62.2459 41.935 0.382931 -0.923777 0.000405325
20.592 62.4494 40.4933 0.382738 -0.923857 0.000747375
20.8971 62.5748 39.2271 0.382237 -0.924064 0.000666353
21.1741 62.6885 38.0308 0.381886 -0.924209 0.000448141
21.2949 62.7372 36.7396 0.3811 -0.924534 0.000428851
21.5908 62.8583 35.35 0.380506 -0.924778 0.000373301
21.7327 62.9158 33.9973 0.380058 -0.924962 0.000694599
21.7914 62.9392 32.6336 0.379485 -0.925198 0.0003506
21.8597 62.9664 31.2605 0.378497 -0.925602 0.000886069
21.8436 62.9591 30.0493 0.377616 -0.925962 0.000859751
21.8176 62.9476 28.8233 0.376265 -0.926512 0.00087087
21.7351 62.9132 27.63 0.375538 -0.926806 0.000766103
21.5849 62.8515 26.0905 0.374552 -0.927206 0.00082568
21.4352 62.7901 24.9221 0.374097 -0.927389 0.00113178
21.2591 62.7184 23.8054 0.372751 -0.92793 0.0011116
21.0035 62.6144 22.6576 0.37225 -0.928131 0.00148928
20.7631 62.5147 21.2123 0.371035 -0.928614 0.00293477
20.3531 62.3466 19.7832 0.369174 -0.929352 0.00392684
19.8949 62.1595 18.446 0.367613 -0.929967 0.00474315
19.5644 62.0216 17.021 0.366185 -0.930519 0.0064737
19.1285 61.8405 15.8259 0.36401 -0.931359 0.00803444
18.6011 61.6247 14.6564 0.361876 -0.932173 0.00999751
18.0451 61.3941 13.3586 0.359788 -0.932953 0.0122775
17.4523 61.1516 12.2599 0.35521 -0.934663 0.0151917
16.9149 60.929 11.1372 0.35398 -0.935102 0.016834
16.2359 60.6488 9.88589 0.350834 -0.936253 0.0185925
15.4954 60.3467 8.66725 0.347514 -0.937401 0.0226828
14.8454 60.0844 7.66539 0.343923 -0.938751 0.0215289
14.206 59.8267 6.6937 0.34086 -0.939757 0.0258075
13.3489 59.4861 5.55825 0.334303 -0.942083 0.026793
12.3984 59.1163 4.43092 0.32965 -0.943543 0.0325107
12.1208 59.0097 4.10411 0.326722 -0.944628 0.0305119
13.0219 59.3019 3.52334 0.328666 -0.943851 0.0334921
12.1859 58.9807 2.63625 0.320768 -0.946475 0.0359651
11.4066 58.6882 1.81293 0.316016 -0.947851 0.0409195
10.6294 58.4038 1.04345 0.298605 -0.953569 0.0392544
9.80983 58.1207 0.295905 0.299556 -0.953532 0.0322515
8.90197 57.8237 -0.458385 0.282949 -0.958577 0.0327237
7.97951 57.5328 -1.26724 0.269629 -0.960486 0.0612155
7.17293 57.2767 -2.10572 0.180757 -0.980085 0.0822163
6.53212 57.1273 -3.21963 0.128426 -0.991185 0.0325312
6.02803 57.0597 -4.33989 0.113517 -0.993436 -0.0116547
5.25145 56.994 -5.29953 0.094261 -0.995222 -0.0244267
4.31689 56.937 -6.16462 0.0728147 -0.996424 -0.0405983
3.26015 56.8757 -6.69032 0.0572908 -0.997128 -0.0495258
2.2797 56.8664 -7.2838 0.0448162 -0.996711 -0.067515
1.24694 56.8747 -7.78245 0.0249683 -0.995409 -0.092396
0.139811 56.9034 -8.35095 0.0104612 -0.995928 -0.0895394
-1.09621 56.9697 -9.00281 -0.0119733 -0.993479 -0.111834
-2.28212 57.09 -9.72196 -0.0255812 -0.990367 -0.135965
-3.264 57.205 -10.2526 -0.0506443 -0.988163 -0.144742
-4.27856 57.335 -10.7259 -0.0808522 -0.985903 -0.142379
-5.34535 57.5016 -11.2065 -0.0625174 -0.982212 -0.176468
-6.36523 57.6977 -11.6967 -0.106749 -0.972381 -0.207559
-7.4923 57.8739 -11.9196 -0.106881 -0.968141 -0.226441
-8.85848 57.9589 -11.6232 -0.1114 -0.953979 -0.278412
-9.76831 57.8113 -10.7591 -0.0879547 -0.958141 -0.272371
-10.5541 57.5715 -9.71182 -0.0650852 -0.956498 -0.28424
-10.9034 57.2709 -8.59292 -0.048732 -0.962407 -0.267198
-11.441 56.9757 -7.46453 -0.0401704 -0.961128 -0.273164
-11.7984 56.6158 -6.20822 0.0144442 -0.963157 -0.2672
-12.1931 56.3477 -5.15529 0.0116409 -0.971102 -0.238377
-12.5233 56.0191 -3.87838 0.039333 -0.969409 -0.242279
-12.883 55.7295 -2.78 0.0576318 -0.970058 -0.235935
-13.1353 55.4337 -1.64391 0.0801778 -0.964416 -0.25112
-13.177 55.164 -0.525831 0.0953292 -0.971162 -0.218451
-13.0352 54.9199 0.660787 0.111575 -0.974261 -0.195824
-12.5947 54.7414 1.77454 0.132045 -0.972432 -0.192199
-11.8492 54.6578 2.76536 0.138701 -0.975346 -0.171647
-11.0865 54.6246 3.59145 0.12988 -0.978875 -0.157905
-9.95816 54.6636 4.29722 0.125093 -0.98137 -0.145784
-8.86457 54.7335 4.78011 0.117969 -0.983036 -0.140431
-7.89896 54.7747 5.36262 0.122685 -0.984162 -0.127957
-6.75253 54.8583 5.8103 0.122575 -0.983953 -0.129624
-5.5386 54.9472 6.38195 0.127786 -0.984926 -0.116585
-4.42283 55.0388 6.87224 0.143549 -0.983169 -0.112643
-3.31402 55.1486 7.35784 0.14654 -0.983694 -0.104253
-2.2624 55.2682 7.86423 0.172235 -0.980689 -0.0926234
-1.19828 55.421 8.2606 0.179648 -0.980078 -0.0845768
-0.16145 55.5933 8.68034 0.200976 -0.977156 -0.0685516
0.923004 55.8042 9.04727 0.218973 -0.973288 -0.0688439
1.84074 55.9926 9.8469 0.252208 -0.966854 -0.0398087
2.78563 56.2215 10.7723 0.257235 -0.966091 -0.0223286
3.67662 56.4447 11.6978 0.271149 -0.961885 -0.0345567
4.50014 56.6655 12.6401 0.291334 -0.956378 -0.0215927
5.18319 56.8567 13.6217 0.299617 -0.953871 -0.0189583
5.90672 57.0643 14.5443 0.310779 -0.950185 -0.0237788
6.61603 57.2724 15.5399 0.311074 -0.949979 -0.0274025
7.29798 57.4726 16.6953 0.324799 -0.945492 -0.0234715
7.8652 57.644 17.6787 0.334861 -0.941932 -0.025122
8.42291 57.817 18.7598 0.339031 -0.940445 -0.0248241
8.97819 57.9891 20.0129 0.349578 -0.936569 -0.0251623
9.3672 58.1055 21.175 0.351572 -0.935908 -0.0217502
9.86399 58.2648 22.4272 0.355896 -0.934303 -0.020402
10.3539 58.4269 23.6091 0.360359 -0.93256 -0.0217427
10.6724 58.5244 24.8911 0.36413 -0.931152 -0.0190939
11.0134 58.6358 26.0898 0.370297 -0.928748 -0.017528
11.2184 58.6986 27.1863 0.370225 -0.928826 -0.014664
11.4752 58.7826 28.3978 0.373462 -0.927533 -0.0144506
11.6357 58.8301 29.5419 0.374812 -0.927017 -0.0124858
11.6803 58.8306 30.9041 0.375555 -0.926735 -0.0109413
11.7532 58.8465 32.0735 0.378259 -0.925645 -0.0100787
11.822 58.8636 33.2147 0.378844 -0.925429 -0.00768953
11.8881 58.8794 34.4932 0.381268 -0.924438 -0.00703244
11.7734 58.821 35.973 0.381954 -0.92416 -0.00620716
11.5661 58.7291 37.0935 0.38215 -0.924086 -0.00515934
11.4453 58.6727 38.3289 0.382444 -0.923969 -0.00423068
11.1296 58.5371 39.5895 0.38262 -0.923899 -0.00345878
10.9047 58.4399 40.7537 0.38324 -0.923645 -0.0026449
10.5662 58.2959 42.1647 0.383234 -0.923649 -0.00195052
11.2574 58.5805 43.1528 0.382954 -0.923766 -0.00178692
12.3395 59.0283 43.5776 0.382751 -0.92385 -0.00178024
13.2989 59.425 44.0004 0.382962 -0.923762 -0.00182422
14.3583 59.8633 44.4558 0.383007 -0.923744 -0.0017034
15.5247 60.3463 44.9628 0.383237 -0.923649 -0.00134662
16.562 60.7762 45.4123 0.383533 -0.923526 -0.00109576
17.5535 61.1877 45.8462 0.384028 -0.923321 -0.00111614
18.5602 61.6062 46.2853 0.384398 -0.923167 -0.000692406
19.6201 62.0476 46.5581 0.384625 -0.923073 -0.000465078
20.0759 62.2377 45.5942 0.384434 -0.923152 0.000306335
20.3249 62.3411 44.4708 0.384222 -0.923241 0.000403091
20.7074 62.4995 43.4232 0.383988 -0.923338 0.000812742
21.1312 62.6743 42.0798 0.383271 -0.923635 0.00100189
21.5346 62.8405 40.9406 0.382888 -0.923794 0.00129587
21.8074 62.9518 39.652 0.382431 -0.923983 0.00128146
22.1563 63.0947 38.4992 0.382191 -0.924083 0.000589538
22.2304 63.1229 37.0045 0.381254 -0.92447 0.000986739
22.5764 63.2642 35.7756 0.380632 -0.924726 0.000865124
22.6362 63.2875 34.5226 0.380151 -0.924924 0.00112684
22.8001 63.3538 33.3411 0.380122 -0.924936 0.000854685
22.8016 63.3528 31.999 0.379865 -0.925041 0.0014933
22.8775 63.3816 30.8251 0.377967 -0.925818 0.0013069
22.7681 63.3353 29.6888 0.377436 -0.926034 0.00171867
22.7863 63.3409 28.4002 0.376333 -0.926483 0.00141194
22.7263 63.3148 27.2374 0.375736 -0.926726 0.00124024
22.5609 63.2455 25.8211 0.374461 -0.927242 0.00132778
22.4039 63.1806 24.7032 0.374251 -0.927327 0.00123799
22.2552 63.1186 23.4933 0.373917 -0.927461 0.00164839
21.9361 62.9881 22.3822 0.372745 -0.92793 0.0024069
21.7985 62.9288 21.1616 0.372465 -0.92804 0.0033136
21.4069 62.7668 19.9596 0.371167 -0.928557 0.00412554
21.0202 62.605 18.5397 0.3682 -0.929732 0.00520496
20.8232 62.5203 17.4357 0.367827 -0.929871 0.00659813
20.4022 62.3453 16.2805 0.366205 -0.930492 0.00878876
19.8258 62.1057 15.0537 0.363311 -0.931606 0.0106962
19.4083 61.9309 13.9528 0.36482 -0.931029 0.00951711
18.9264 61.7301 12.9172 0.363563 -0.931456 0.0143082
18.4405 61.5241 11.8963 0.359385 -0.933054 0.0159111
17.9407 61.313 10.7837 0.356388 -0.93416 0.0182496
17.2756 61.0374 9.71088 0.35649 -0.934077 0.0203376
16.5835 60.7468 8.48756 0.34884 -0.936883 0.023666
15.9687 60.4932 7.50913 0.346134 -0.937856 0.0248411
15.17 60.1666 6.37424 0.342475 -0.939036 0.0302362
14.5307 59.9079 5.4587 0.341895 -0.939385 0.0257781
13.8782 59.6419 4.53876 0.3372 -0.940903 0.0316016
13.2387 59.3887 3.82691 0.329655 -0.943478 0.0343133
18.0465 61.3945 42.8713 0.383003 -0.923747 -0.000661631
17.5259 61.1787 42.902 0.383012 -0.923743 -0.000667328
18.5127 61.5882 41.9247 0.38291 -0.923786 -0.000333151
17.4808 61.1605 41.9854 0.382769 -0.923844 -0.000521487
16.3806 60.7049 42.0503 0.382682 -0.923879 -0.00112208
15.5432 60.358 42.0997 0.382708 -0.923868 -0.0012685
13.9481 59.6993 41.2752 0.382207 -0.924074 -0.00200794
14.9971 60.1334 41.213 0.382387 -0.924001 -0.00159815
16.0314 60.5614 41.1517 0.382435 -0.923981 -0.00133879
17.3012 61.0869 41.0767 0.38225 -0.924058 -0.00100579
18.5028 61.5843 41.0059 0.382455 -0.923974 -0.000399847
18.7076 61.6691 40.9939 0.38262 -0.923906 -0.000214349
19.0616 61.8158 40.0536 0.382179 -0.924088 -0.000182088
17.8266 61.305 40.1264 0.382019 -0.924154 -0.000613853
16.6888 60.8345 40.1936 0.381929 -0.924191 -0.00123743
15.605 60.3864 40.2579 0.381901 -0.924201 -0.00176308
14.4255 59.8988 40.3281 0.382138 -0.924103 -0.00199731
13.6566 59.5809 40.3738 0.382168 -0.92409 -0.0023572
13.892 59.6804 39.441 0.381789 -0.924246 -0.00242576
14.9326 60.1105 39.3789 0.381746 -0.924264 -0.00229556
16.1156 60.5991 39.3084 0.381506 -0.924365 -0.00164395
17.4065 61.1322 39.2317 0.381752 -0.924264 -0.000973658
18.658 61.6491 39.1578 0.38161 -0.924323 -0.000656001
19.2807 61.9065 39.1212 0.381997 -0.924163 -1.51086e-05
19.5556 62.0201 38.1853 0.381358 -0.924427 -0.000362359
18.1917 61.4574 38.2657 0.381349 -0.924431 -0.000904256
17.0574 60.9894 38.3328 0.381101 -0.924532 -0.0014493
15.8785 60.5031 38.4031 0.381202 -0.924489 -0.0020268
14.7318 60.03 38.4719 0.38135 -0.924427 -0.00265121
14.0268 59.7389 38.5141 0.381438 -0.924389 -0.00298721
14.0401 59.7473 37.5944 0.380988 -0.924572 -0.00379519
15.2045 60.2277 37.5241 0.381244 -0.92447 -0.00279694
16.2955 60.6773 37.4586 0.380838 -0.924639 -0.0021179
17.5083 61.1767 37.3865 0.381008 -0.92457 -0.0014946
18.7822 61.7016 37.3111 0.381078 -0.924543 -0.000659707
19.6368 62.0538 37.2609 0.381165 -0.924507 -0.000370863
19.5353 62.0123 36.3473 0.380582 -0.924747 -0.000532644
18.4612 61.5702 36.4104 0.380412 -0.924817 -0.00106351
17.3383 61.1086 36.4769 0.380245 -0.924884 -0.00189352
15.8976 60.516 36.5629 0.380277 -0.924868 -0.00284208
14.7234 60.0327 36.6339 0.380663 -0.924705 -0.00393049
14.2653 59.844 36.6616 0.38061 -0.924727 -0.00393576
14.4205 59.9119 35.7331 0.379932 -0.925003 -0.00465225
15.5928 60.3937 35.6619 0.379307 -0.925263 -0.00378208
16.7174 60.8554 35.5941 0.379159 -0.925328 -0.00259476
17.7518 61.2801 35.5328 0.379788 -0.925072 -0.00182975
18.8368 61.7258 35.4687 0.380388 -0.924826 -0.000888123
19.6826 62.0734 35.419 0.380185 -0.924911 -0.000323679
20.0059 62.2068 34.48 0.379966 -0.925 -0.000472254
18.8514 61.7331 34.5481 0.379207 -0.925311 -0.00151297
17.7206 61.2694 34.6151 0.378993 -0.925396 -0.00245942
16.559 60.7932 34.6841 0.378991 -0.925395 -0.00308396
15.1759 60.2265 34.768 0.379228 -0.925292 -0.0045119
14.3953 59.9063 34.8158 0.379343 -0.925245 -0.00448756
14.3997 59.9133 33.8969 0.378872 -0.92543 -0.0059226
15.525 60.3736 33.8276 0.378197 -0.925714 -0.00448226
16.675 60.8437 33.7577 0.378262 -0.925693 -0.00311135
18.1191 61.4348 33.6715 0.378739 -0.925501 -0.00205919
19.2364 61.8921 33.6053 0.379116 -0.925348 -0.00127822
20.2596 62.3113 33.5452 0.379514 -0.925186 -0.000503502
20.2463 62.3064 32.6261 0.37904 -0.92538 -0.000797061
19.1014 61.8382 32.6933 0.378303 -0.925681 -0.0011975
17.8625 61.3321 32.767 0.377766 -0.925897 -0.00259665
16.7204 60.8659 32.8356 0.377448 -0.926023 -0.0039352
15.511 60.3724 32.9092 0.377753 -0.925891 -0.00541331
14.5326 59.9732 32.9699 0.377802 -0.925864 -0.00636224
14.554 59.9878 32.0497 0.377005 -0.926188 -0.00659863
15.7055 60.4565 31.9779 0.376726 -0.92631 -0.0051803
16.8051 60.9041 31.9108 0.376647 -0.926347 -0.00413446
18.0195 61.3987 31.8377 0.377437 -0.926031 -0.00271228
19.1909 61.8762 31.7682 0.377844 -0.925868 -0.00148644
20.1009 62.2477 31.7146 0.377892 -0.925849 -0.000917018
20.3332 62.3433 30.7812 0.377179 -0.92614 -0.000668948
19.2185 61.8894 30.8469 0.37698 -0.92622 -0.00158888
18.0796 61.426 30.9142 0.376622 -0.926363 -0.00279962
16.9317 60.9595 30.9832 0.376259 -0.926504 -0.00432867
15.7523 60.4806 31.0554 0.376086 -0.926567 -0.00573404
14.6451 60.0314 31.1246 0.375211 -0.926915 -0.00668048
14.2367 59.8657 31.1508 0.375958 -0.926605 -0.00760123
14.1994 59.8579 30.2341 0.374308 -0.927273 -0.00762151
15.3108 60.3076 30.1635 0.37488 -0.927055 -0.00584801
16.4294 60.7603 30.094 0.375111 -0.926969 -0.00450717
17.6538 61.2565 30.0199 0.375531 -0.926802 -0.0037217
18.7223 61.6895 29.9565 0.375761 -0.926714 -0.00211668
19.7562 62.1096 29.8955 0.37628 -0.926504 -0.00162859
20.0846 62.2431 29.8762 0.376775 -0.926304 -0.000980528
20.2334 62.3045 28.9479 0.375768 -0.926713 -0.00114056
18.8086 61.7271 29.0318 0.375152 -0.92696 -0.00238778
17.4516 61.178 29.112 0.37475 -0.927118 -0.0037443
16.3825 60.7466 29.1771 0.373864 -0.927467 -0.00558326
15.2397 60.2855 29.2486 0.373743 -0.927505 -0.00713638
14.2108 59.8705 29.3144 0.373589 -0.927548 -0.00924778
14.1262 59.8451 28.4004 0.372156 -0.928129 -0.00879761
15.2156 60.2827 28.3305 0.372203 -0.928123 -0.0071739
16.3121 60.7235 28.2616 0.373583 -0.92758 -0.00560369
17.6421 61.2584 28.1811 0.373358 -0.92768 -0.00375688
18.7461 61.704 28.1159 0.374141 -0.927369 -0.00217626
19.8499 62.1503 28.0511 0.374251 -0.927327 -0.00124646
19.9313 62.1831 28.0463 0.374316 -0.927301 -0.000592152
19.9907 62.2077 27.1233 0.373887 -0.927474 -0.000861006
18.6991 61.6875 27.1996 0.373567 -0.9276 -0.00225151
17.4158 61.1718 27.2754 0.372519 -0.928015 -0.00421727
16.3599 60.748 27.3391 0.371742 -0.928319 -0.00565381
15.0053 60.206 27.4243 0.370686 -0.928729 -0.00740118
13.849 59.7434 27.4992 0.371486 -0.928384 -0.0100894
13.9257 59.7834 26.574 0.368765 -0.929473 -0.0095765
15.2785 60.3226 26.487 0.370153 -0.928943 -0.00723666
16.3418 60.7468 26.4209 0.370181 -0.928941 -0.00587905
17.4067 61.1725 26.3566 0.37105 -0.928605 -0.00385243
18.5258 61.6202 26.2911 0.371206 -0.928547 -0.00250906
19.5719 62.0403 26.229 0.372991 -0.927833 -0.00178687
20.0142 62.218 26.203 0.372693 -0.927955 -0.000561205
19.8309 62.145 25.2958 0.372692 -0.927955 -0.000568211
18.5205 61.6204 25.3725 0.370793 -0.928713 -0.00212702
17.4023 61.174 25.4382 0.370324 -0.928897 -0.00333523
16.2956 60.7336 25.5046 0.369619 -0.92917 -0.00499633
14.8645 60.1656 25.593 0.367436 -0.930018 -0.0075743
13.8071 59.7465 25.6611 0.367547 -0.929948 -0.0102774
13.5333 59.6381 25.6792 0.367548 -0.929948 -0.0102818
13.3381 59.572 24.7704 0.365041 -0.930921 -0.0114368
14.6385 60.0834 24.6868 0.365992 -0.930586 -0.0076616
15.6978 60.5016 24.622 0.366188 -0.93052 -0.00618692
16.9552 61 24.5462 0.368418 -0.929652 -0.00399438
18.1901 61.4906 24.4734 0.369079 -0.929396 -0.00212226
19.3076 61.9363 24.4086 0.371441 -0.928457 -0.000489458
19.703 62.0944 24.3857 0.371399 -0.928473 -0.000723822
19.5583 62.0368 23.4771 0.370576 -0.928802 0.000171098
18.423 61.5847 23.5423 0.369333 -0.929296 -0.00102629
17.3698 61.1671 23.6037 0.367212 -0.930133 -0.00285836
16.1153 60.6717 23.678 0.367368 -0.930067 -0.00404395
14.9782 60.2244 23.7455 0.364821 -0.931051 -0.00705631
13.882 59.7951 23.8128 0.363462 -0.931566 -0.00893516
13.1629 59.514 23.8597 0.364161 -0.931274 -0.0107521
12.9661 59.4487 22.9507 0.360676 -0.932624 -0.0112105
14.1757 59.9182 22.8732 0.362356 -0.932008 -0.00764278
15.3957 60.3943 22.801 0.36372 -0.931492 -0.00552294
16.4494 60.8069 22.7405 0.365176 -0.930933 -0.00329369
17.5803 61.2526 22.6744 0.367026 -0.930209 -0.00169609
18.7889 61.731 22.6046 0.368591 -0.929592 -2.24342e-06
19.2423 61.9111 22.5788 0.369924 -0.929062 0.000924651
19.2564 61.9162 21.6617 0.369783 -0.929118 0.000272779
18.123 61.4677 21.7263 0.367181 -0.930149 -0.000314092
17.069 61.0528 21.7877 0.365865 -0.930667 -0.00129225
15.947 60.6142 21.8508 0.364041 -0.931377 -0.00322937
14.8454 60.1856 21.9136 0.362708 -0.931887 -0.00541227
13.7517 59.7618 21.9789 0.361374 -0.932389 -0.00772194
12.4769 59.2709 22.0604 0.357901 -0.933698 -0.0107239
12.2748 59.2042 21.1497 0.356134 -0.934361 -0.0117697
13.6744 59.7406 21.0628 0.358273 -0.933586 -0.00760545
14.8534 60.1945 20.9941 0.359716 -0.933051 -0.00461915
15.8926 60.5968 20.9366 0.361301 -0.932446 -0.00263726
17.2913 61.1412 20.8586 0.363795 -0.931479 -0.000523525
18.6055 61.658 20.7831 0.366867 -0.930273 0.00100384
18.9777 61.8046 20.7632 0.366576 -0.930387 0.00129768
18.6788 61.6854 19.8676 0.36675 -0.930318 0.00168522
17.5586 61.2459 19.9282 0.363722 -0.931508 -1.07698e-06
16.3508 60.7764 19.9959 0.360966 -0.932578 -0.00140574
15.1617 60.3174 20.0604 0.359413 -0.933173 -0.00341047
13.9204 59.8418 20.1279 0.357348 -0.933951 -0.00615454
12.8494 59.433 20.1908 0.354865 -0.934865 -0.00985682
12.0084 59.1146 20.2427 0.353243 -0.935447 -0.0126025
11.7921 59.0443 19.3318 0.349885 -0.936719 -0.0117718
12.9459 59.4788 19.2639 0.351546 -0.936128 -0.00891168
14.0705 59.9045 19.2027 0.354924 -0.934876 -0.00592411
15.1744 60.325 19.1453 0.35546 -0.934684 -0.0036512
16.6126 60.8783 19.0672 0.360057 -0.93293 0.000182606
17.8657 61.3648 18.9999 0.362716 -0.931899 0.0011854
18.4524 61.5945 18.9692 0.365009 -0.930999 0.00307762
18.1941 61.4899 18.0748 0.362257 -0.932071 0.00374281
16.9269 60.9981 18.1392 0.359859 -0.933003 0.0025967
15.7627 60.5504 18.2007 0.357479 -0.933921 0.000264175
14.6922 60.1433 18.2562 0.353452 -0.935451 -0.00187069
13.6027 59.7318 18.3113 0.350271 -0.936631 -0.00576901
12.4465 59.2992 18.3723 0.349292 -0.936981 -0.00781838
11.2146 58.8411 18.4384 0.347563 -0.937589 -0.0112913
10.7569 58.6837 17.535 0.342175 -0.93958 -0.0102814
12.0853 59.1715 17.4715 0.34495 -0.938592 -0.00741419
13.3811 59.6522 17.4077 0.349392 -0.936971 -0.00338948
14.6123 60.114 17.3473 0.353352 -0.93549 0.000427335
15.8525 60.5837 17.2845 0.354679 -0.934986 0.00208769
16.986 61.018 17.2278 0.360208 -0.932861 0.00448113
17.7343 61.3069 17.1907 0.362465 -0.931982 0.0053994
17.3545 61.1552 16.301 0.359886 -0.932973 0.00663897
16.0099 60.6406 16.367 0.354672 -0.93498 0.00448907
14.8945 60.2185 16.4218 0.353347 -0.935489 0.00233896
13.6897 59.7677 16.4781 0.349028 -0.937112 0.00029951
12.6368 59.3783 16.5289 0.344977 -0.938606 -0.00311647
11.262 58.8759 16.5883 0.341062 -0.940016 -0.00689721
10.3191 58.5364 16.6281 0.337768 -0.941124 -0.0140841
9.72956 58.3356 15.7165 0.335071 -0.942151 -0.00894996
10.8922 58.7488 15.6825 0.337418 -0.941333 -0.00640907
12.0853 59.1793 15.6384 0.342473 -0.939525 -0.00217932
13.3068 59.6252 15.583 0.34589 -0.938275 -8.00073e-05
14.378 60.0227 15.5338 0.349889 -0.936782 0.0040216
15.473 60.4331 15.4824 0.353153 -0.93555 0.00541707
16.6283 60.8712 15.427 0.356222 -0.934388 0.00495886
17.2471 61.108 15.3975 0.358759 -0.933408 0.0064115
16.7981 60.9296 14.5129 0.355904 -0.934485 0.00832971
15.6777 60.5044 14.5669 0.350803 -0.936423 0.00698851
14.4833 60.0581 14.6206 0.349645 -0.936869 0.00488878
13.2366 59.5975 14.6751 0.343359 -0.939201 0.00257838
12.1608 59.2058 14.7236 0.339585 -0.940575 0.000176545
10.7923 58.7178 14.7665 0.332404 -0.943127 -0.00426435
9.60048 58.2992 14.7974 0.329361 -0.944175 -0.00749351
9.42582 58.2382 14.8016 0.329363 -0.944174 -0.00749631
8.88631 58.0619 13.8831 0.320905 -0.947087 -0.00672954
9.99646 58.442 13.8689 0.328065 -0.944655 -0.000305409
11.2399 58.8761 13.8431 0.333751 -0.942661 0.000507265
12.5628 59.3499 13.796 0.3407 -0.94017 0.00173527
13.7211 59.7707 13.7502 0.344369 -0.938806 0.00724556
14.8577 60.1907 13.7037 0.348826 -0.937147 0.00867897
16.0353 60.6313 13.6501 0.352923 -0.935612 0.00866828
16.3605 60.754 13.6355 0.355 -0.93482 0.00934711
15.9038 60.5713 12.76 0.351923 -0.935955 0.0117215
14.754 60.1426 12.8132 0.348567 -0.937207 0.0120072
13.5929 59.7165 12.8609 0.343013 -0.939273 0.0103647
12.4673 59.3097 12.9017 0.337016 -0.941481 0.00581842
11.3118 58.8992 12.9342 0.329886 -0.944016 0.00281275
9.99064 58.4393 12.9574 0.324018 -0.946048 0.00226593
8.89658 58.0697 12.961 0.316627 -0.948546 -0.00257724
8.0845 57.7976 12.9629 0.313863 -0.949449 -0.00605471
7.29746 57.5482 12.0041 0.303966 -0.952663 -0.0061028
8.46819 57.9276 12.0442 0.312555 -0.9499 0.00014176
9.58809 58.3017 12.0495 0.320312 -0.947307 0.00299901
10.6952 58.68 12.0446 0.32641 -0.945218 0.00437914
11.7743 59.0552 12.0287 0.332044 -0.943229 0.00807725
12.8791 59.4486 11.998 0.337606 -0.941234 0.0100022
14.0487 59.873 11.9542 0.34301 -0.939275 0.0103698
15.2236 60.3057 11.9 0.349867 -0.936712 0.0128238
15.5135 60.4138 11.8868 0.349239 -0.93693 0.0139207
14.9644 60.1955 11.0207 0.348906 -0.937029 0.0155174
13.9061 59.8084 11.0687 0.340243 -0.94023 0.0142091
12.7403 59.3884 11.1132 0.337271 -0.941336 0.0116227
11.6869 59.0167 11.139 0.329329 -0.944157 0.0104905
10.3215 58.5439 11.152 0.322823 -0.946436 0.00662015
9.23936 58.1815 11.1376 0.315181 -0.949017 0.00534997
8.06294 57.7956 11.1067 0.30958 -0.950873 0.00126706
6.90394 57.4262 11.0447 0.301903 -0.953337 0.0018384
6.79061 57.3909 11.0365 0.295946 -0.955201 -0.00275396
5.79002 57.0871 10.009 0.282771 -0.959182 -0.00323535
7.04561 57.4695 10.1277 0.294747 -0.955574 0.00119236
8.39467 57.8983 10.2014 0.308082 -0.951329 0.00772695
9.45492 58.2467 10.2377 0.315787 -0.948761 0.0114275
10.7328 58.6756 10.2515 0.323913 -0.946014 0.0117592
11.9887 59.1104 10.2391 0.33035 -0.943741 0.0148933
13.0627 59.4904 10.2091 0.337933 -0.941051 0.0149817
14.115 59.8691 10.1695 0.341849 -0.939618 0.0160511
14.5344 60.0224 10.1515 0.343785 -0.938893 0.0170887
13.9906 59.8089 9.28586 0.340772 -0.939976 0.0178624
12.9281 59.4267 9.31834 0.338285 -0.940889 0.017076
11.8556 59.0498 9.33902 0.326083 -0.945203 0.0161888
10.7769 58.6779 9.35079 0.321903 -0.946665 0.0142819
9.70816 58.3193 9.34062 0.313959 -0.949369 0.0113501
8.30621 57.861 9.28648 0.309222 -0.950936 0.010109
6.97274 57.4424 9.18937 0.294352 -0.955654 0.00905379
5.72759 57.0697 9.05279 0.281771 -0.959482 -0.000530305
4.95039 56.8436 8.94058 0.264342 -0.964409 -0.00613645
3.56285 56.486 7.53869 0.237871 -0.971 -0.0240217
4.75591 56.7955 7.90568 0.262341 -0.964966 -0.00414905
5.92228 57.1243 8.11935 0.275661 -0.961244 0.00451741
7.10516 57.4746 8.27342 0.295185 -0.955375 0.0111603
8.20113 57.8174 8.37061 0.301418 -0.953429 0.0109759
9.37325 58.1972 8.42992 0.311917 -0.950003 0.0142151
10.5996 58.6035 8.45915 0.320206 -0.947202 0.0166072
11.7076 58.9822 8.44932 0.326976 -0.944876 0.0172092
13.0182 59.4401 8.4274 0.335344 -0.941893 0.0195623
13.3678 59.5659 8.41948 0.338782 -0.940636 0.0207444
12.8122 59.3481 7.5437 0.333896 -0.942385 0.0206055
11.6056 58.9274 7.56201 0.323477 -0.946016 0.0204193
10.5467 58.5687 7.56472 0.318582 -0.947719 0.0182836
9.44493 58.2038 7.53585 0.311191 -0.950039 0.0241858
8.29505 57.8351 7.46629 0.302032 -0.953193 0.014115
7.16581 57.4805 7.35722 0.296029 -0.955088 0.0132067
5.96893 57.13 7.1553 0.276597 -0.960914 0.0117453
4.64686 56.7695 6.87031 0.253039 -0.967449 0.00360945
3.59695 56.5131 6.50038 0.226222 -0.973806 -0.0229231
2.50207 56.2853 5.9308 0.199208 -0.97939 -0.0333292
1.45337 56.1062 5.20892 0.180754 -0.982492 -0.0451298
0.497134 55.9784 4.5265 0.161639 -0.984765 -0.0641064
-0.510651 55.8744 3.78959 0.142679 -0.987279 -0.0701555
-1.79476 55.7778 2.856 0.119259 -0.989224 -0.0849294
-2.92861 55.7363 2.00374 0.100399 -0.98979 -0.101177
-3.87513 55.7219 1.24277 0.0893446 -0.990579 -0.103782
-4.88347 55.739 0.336337 0.0824877 -0.989405 -0.119475
-5.91478 55.8047 -0.769433 0.0680338 -0.988993 -0.131391
-6.62083 55.8848 -1.68028 0.0651385 -0.987595 -0.142871
-7.30094 56.0086 -2.73751 0.0477104 -0.987739 -0.148647
-7.95295 56.2084 -4.06341 0.0321966 -0.984037 -0.175027
-8.46212 56.4469 -5.4083 0.0111113 -0.9826 -0.185401
-8.79148 56.6927 -6.5823 -0.0282628 -0.976907 -0.211787
-8.81218 56.7106 -6.66213 -0.0234312 -0.975378 -0.21929
-8.24916 56.9801 -7.88994 -0.0337043 -0.975403 -0.217839
-7.91526 56.712 -6.74132 -0.0260342 -0.974351 -0.223522
-7.46579 56.4372 -5.28961 0.0124923 -0.983041 -0.182958
-6.95037 56.2273 -4.02918 0.0218949 -0.985554 -0.167937
-6.28962 56.0677 -2.84574 0.0456588 -0.988906 -0.141353
-5.66052 55.9732 -1.92304 0.0485454 -0.989513 -0.136044
-4.79358 55.8956 -0.88437 0.0641239 -0.990879 -0.118523
-3.86818 55.856 0.0263951 0.0780737 -0.990537 -0.112877
-2.99259 55.8478 0.776124 0.0867649 -0.991344 -0.0985318
-2.08467 55.8695 1.46139 0.0942833 -0.991214 -0.0927688
-1.12805 55.9166 2.1568 0.111613 -0.991296 -0.0698173
-0.0911141 55.992 2.89567 0.132732 -0.988916 -0.0665423
0.864182 56.0849 3.58215 0.142336 -0.988532 -0.0504541
2.158 56.265 4.47529 0.17742 -0.983782 -0.0263458
3.18692 56.4449 5.17204 0.204251 -0.978735 -0.0189749
4.30643 56.6905 5.71902 0.227895 -0.973681 -0.00297977
5.53998 56.9961 6.09218 0.248111 -0.968657 0.0120295
6.59559 57.2989 6.31202 0.275565 -0.96119 0.0133335
7.87029 57.6839 6.51265 0.297359 -0.954505 0.0222936
9.02857 58.0497 6.61088 0.301019 -0.953491 0.0155833
10.1124 58.4033 6.65961 0.314525 -0.949012 0.0212279
11.2594 58.7892 6.66622 0.322358 -0.946364 0.0218956
12.0125 59.0469 6.66112 0.326861 -0.94481 0.0222754
11.4559 58.8324 5.76899 0.322883 -0.946088 0.0257469
10.0716 58.369 5.74998 0.313911 -0.949189 0.0223803
8.98856 58.0163 5.70053 0.303951 -0.95243 0.0221624
7.85391 57.6566 5.59671 0.297911 -0.954236 0.0261162
6.70887 57.317 5.38852 0.269646 -0.962739 0.0205991
5.52464 56.9894 5.0995 0.248467 -0.96864 -0.000660671
4.33482 56.7056 4.63372 0.221216 -0.975145 -0.0124513
3.36653 56.5018 4.10083 0.199182 -0.979876 -0.0129838
2.24656 56.3103 3.36427 0.176639 -0.983941 -0.025669
1.32455 56.1963 2.72974 0.142385 -0.988394 -0.0529528
0.375778 56.1051 2.06315 0.128827 -0.990038 -0.056817
-0.621254 56.0302 1.35496 0.111619 -0.991296 -0.0698137
-1.55736 55.9891 0.688392 0.0956012 -0.991693 -0.0860542
-2.63002 55.9685 -0.122495 0.0819666 -0.991927 -0.0967562
-3.47089 55.9812 -0.859128 0.0680196 -0.992261 -0.103883
-4.38584 56.0307 -1.81289 0.0615702 -0.991365 -0.115779
-5.08133 56.104 -2.69912 0.0493168 -0.990157 -0.130982
-5.83997 56.2384 -3.89012 0.0314263 -0.988155 -0.150206
-6.40349 56.4023 -5.0195 0.0179503 -0.985993 -0.16582
-6.91575 56.6488 -6.42429 0.00399558 -0.983277 -0.182074
-7.25417 56.8702 -7.51069 -0.0101928 -0.977457 -0.210887
-7.55905 57.1171 -8.61853 -0.0563809 -0.975869 -0.210952
-6.67187 57.0732 -8.61386 -0.0351336 -0.979954 -0.1961
-6.26941 56.7997 -7.29024 -0.0223244 -0.984089 -0.176271
-5.91271 56.6083 -6.22661 -0.00119987 -0.985432 -0.170064
-5.47074 56.4311 -5.12718 0.0154945 -0.987996 -0.153703
-4.79938 56.2765 -3.93287 0.0313603 -0.990671 -0.132618
-4.03566 56.1696 -2.83081 0.0444212 -0.991565 -0.12176
-3.19031 56.1039 -1.85349 0.0584977 -0.992544 -0.106929
-2.28488 56.0822 -1.02107 0.076554 -0.992283 -0.0975359
-1.26578 56.0953 -0.238385 0.0852526 -0.992975 -0.0820503
-0.303408 56.1298 0.445312 0.0975428 -0.992509 -0.0735643
0.939273 56.2215 1.31877 0.129993 -0.989979 -0.0551699
1.94063 56.3192 2.00629 0.138289 -0.989086 -0.0508395
3.011 56.4645 2.71359 0.174057 -0.984095 -0.0355132
4.08855 56.6559 3.36832 0.192854 -0.981156 -0.0118313
5.157 56.8949 3.90592 0.216623 -0.976234 0.00637808
6.44692 57.2193 4.34513 0.255643 -0.96667 0.0139861
7.56749 57.5412 4.6148 0.290404 -0.95653 0.0267739
8.85275 57.949 4.77944 0.301244 -0.953185 0.0262876
9.92712 58.2961 4.83585 0.314115 -0.948972 0.0279969
10.4286 58.4621 4.85081 0.313802 -0.948996 0.0305756
9.5887 58.1598 3.8989 0.306701 -0.951455 0.0258506
8.28917 57.7438 3.80395 0.297602 -0.954439 0.0218801
7.07303 57.3747 3.51914 0.277298 -0.96076 0.00681361
5.89506 57.0632 3.14744 0.234676 -0.972068 0.00343107
4.89932 56.8321 2.70281 0.202207 -0.979197 -0.0168847
3.77699 56.6252 2.06545 0.171196 -0.984955 -0.0235886
2.72395 56.4658 1.40624 0.159062 -0.986402 -0.041353
1.68347 56.3466 0.710911 0.129081 -0.990711 -0.0427647
0.699773 56.2605 0.0357637 0.10667 -0.99261 -0.0578514
-0.256025 56.2177 -0.642097 0.0867977 -0.993414 -0.0748042
-1.28814 56.1903 -1.39313 0.0787022 -0.993806 -0.0784522
-2.30363 56.2036 -2.26435 0.0605725 -0.99326 -0.098817
-3.20128 56.2569 -3.24547 0.052032 -0.99272 -0.108624
-3.96633 56.3542 -4.32252 0.0380612 -0.991506 -0.124366
-4.6284 56.4989 -5.49411 0.0125325 -0.988547 -0.150392
-5.17653 56.7113 -6.8449 -0.00742006 -0.987487 -0.157526
-5.5545 56.9074 -7.95782 -0.0319655 -0.982636 -0.182771
-5.74297 57.0192 -8.54798 -0.0399089 -0.982228 -0.1834
-4.52577 56.8459 -7.72521 -0.0149497 -0.987899 -0.154379
-4.05555 56.6417 -6.41875 0.00190505 -0.988317 -0.152398
-3.54052 56.4942 -5.33914 0.0217798 -0.991293 -0.129864
-2.66285 56.3609 -4.00169 0.0385007 -0.993677 -0.105473
-1.8418 56.3125 -3.10265 0.0571838 -0.993337 -0.100058
-1.01301 56.2923 -2.33761 0.0689997 -0.993848 -0.0866357
0.0618751 56.3121 -1.52864 0.0815473 -0.993899 -0.0742591
1.16137 56.3563 -0.756615 0.101381 -0.992644 -0.0661831
2.1823 56.4476 -0.0700768 0.135914 -0.989979 -0.0383329
3.18905 56.5742 0.594463 0.162017 -0.986312 -0.030654
4.17527 56.7178 1.21432 0.175787 -0.983786 -0.0355431
5.20855 56.9096 1.79171 0.198571 -0.979981 -0.0143502
6.34988 57.1735 2.28428 0.238877 -0.971049 0.00114684
7.66259 57.5305 2.6877 0.27689 -0.960742 0.0175106
8.57239 57.8115 2.86344 0.301161 -0.953321 0.0219449
6.95435 57.3194 1.47051 0.255467 -0.966579 0.0214633
5.86436 57.0528 1.03751 0.211454 -0.977377 -0.0045976
4.78601 56.8516 0.473853 0.173681 -0.984621 -0.0188859
3.47609 56.6455 -0.33152 0.156555 -0.987396 -0.0232135
2.23572 56.4979 -1.13302 0.136437 -0.989399 -0.0497355
0.975155 56.4204 -1.99511 0.0877268 -0.993576 -0.0714915
0.063214 56.3949 -2.66124 0.077761 -0.994094 -0.0757026
-0.89594 56.3948 -3.44552 0.0629156 -0.994348 -0.0855251
-1.77751 56.4314 -4.34007 0.0436463 -0.993595 -0.104227
-2.49257 56.5172 -5.31902 0.0324698 -0.9923 -0.119525
-3.04871 56.6409 -6.34758 0.0166167 -0.990079 -0.139529
-3.24763 56.6994 -6.78537 -0.00501318 -0.990032 -0.140754
-2.22212 56.6817 -6.60674 0.0157152 -0.992034 -0.124984
-1.55895 56.5719 -5.53294 0.0284904 -0.993448 -0.110676
-0.827313 56.5086 -4.64993 0.0485668 -0.994206 -0.0958972
0.232675 56.4817 -3.69021 0.0647405 -0.995026 -0.0757057
1.32313 56.5123 -2.87098 0.0913133 -0.993815 -0.0631983
2.34206 56.569 -2.1616 0.110425 -0.991994 -0.0612635
3.41691 56.6693 -1.47381 0.135401 -0.990442 -0.0262851
4.82096 56.8757 -0.608052 0.166399 -0.986055 -0.0027217
5.21764 56.942 -0.373087 0.168954 -0.985571 -0.0101904
4.07615 56.7768 -2.16012 0.134826 -0.990727 -0.0167791
3.03729 56.6716 -2.80588 0.102131 -0.993663 -0.0469302
1.94079 56.6032 -3.55231 0.082142 -0.994725 -0.0614473
0.996496 56.575 -4.25858 0.0750098 -0.994866 -0.0679407
0.0809716 56.5852 -5.0264 0.0454064 -0.99522 -0.0864548
-0.557711 56.6173 -5.67694 0.0453025 -0.994775 -0.091486
-8.43984 55.2044 1.90603 0.100565 -0.983444 -0.150744
-10.0155 55.3827 -0.123359 0.0930834 -0.980067 -0.17551
-10.4016 55.4739 -0.806308 0.0843361 -0.97836 -0.18894
-10.1014 55.7651 -2.2154 0.0535327 -0.97908 -0.196305
-8.97647 55.4921 -0.224875 0.0855232 -0.982633 -0.164674
-7.49073 55.3448 1.59896 0.093803 -0.98528 -0.142912
-5.90713 55.3006 3.14299 0.110672 -0.985314 -0.130027
-5.84482 55.3002 3.1995 0.110675 -0.985314 -0.130026
-2.38396 55.5373 4.82501 0.136789 -0.986394 -0.0911932
-4.23496 55.453 3.38099 0.106603 -0.98873 -0.10511
-6.46272 55.4752 1.35207 0.0894248 -0.988043 -0.125596
-7.99055 55.6022 -0.424923 0.0792262 -0.984852 -0.154242
-9.18489 55.8524 -2.37645 0.0651048 -0.981822 -0.178291
-9.7786 56.1047 -3.82066 0.0239348 -0.979146 -0.201745
-9.26043 56.3615 -5.00943 0.0057156 -0.980067 -0.198586
-8.39599 55.9789 -2.85248 0.0470997 -0.982374 -0.180897
-7.20069 55.7346 -0.911418 0.069576 -0.986979 -0.145026
-5.71405 55.616 0.797193 0.0881607 -0.987389 -0.131495
-3.82693 55.5924 2.49523 0.102806 -0.989223 -0.104256
-2.03921 55.663 3.873 0.127252 -0.988448 -0.0823203
-0.213063 55.8198 5.22115 0.156728 -0.985196 -0.0694699
1.03256 55.9842 6.13237 0.18164 -0.981604 -0.0588342
