9.74261 58.8001 3.8731 0.309151 -0.950609 0.0277258
10.5106 59.084 4.75599 0.317963 -0.94766 0.0288566
11.2333 59.3519 5.58499 0.323333 -0.945945 0.0253688
11.9158 59.6103 6.44369 0.328311 -0.944291 0.0226494
12.7157 59.9144 7.37409 0.334806 -0.94205 0.0211172
13.49 60.2161 8.42214 0.339555 -0.940345 0.021321
13.9982 60.4206 9.37698 0.34227 -0.939427 0.018104
14.6133 60.6652 10.5272 0.344743 -0.938577 0.0149967
15.2208 60.9074 11.5621 0.348948 -0.937015 0.0154193
15.8151 61.1463 12.733 0.352722 -0.935649 0.0121297
16.3327 61.3546 13.7662 0.355934 -0.934461 0.00960043
16.7824 61.5361 14.7912 0.356349 -0.934323 0.0074361
17.247 61.7219 15.9485 0.359076 -0.933294 0.00511924
17.646 61.8827 17.0844 0.360862 -0.932609 0.00428991
18.1436 62.0826 18.5466 0.364103 -0.931348 0.00412957
18.4636 62.2116 19.693 0.366155 -0.930552 0.00160291
18.7522 62.3274 20.8066 0.366832 -0.930286 0.0012895
19.1121 62.4711 22.1615 0.368883 -0.929476 0.00032523
19.3219 62.5549 23.3083 0.370063 -0.929007 -0.000323279
19.5039 62.6271 24.4989 0.371704 -0.928351 -0.000621039
19.6512 62.6853 25.605 0.372853 -0.92789 -0.000421401
19.7098 62.7079 26.8284 0.373584 -0.927596 -0.000584139
19.8247 62.7533 28.0546 0.374388 -0.927271 -0.00119558
19.9135 62.7879 29.4032 0.375855 -0.926678 -0.000857238
19.8973 62.7801 30.6576 0.377001 -0.926213 -0.000773921
19.9261 62.7904 31.824 0.377887 -0.925851 -0.00108971
19.872 62.7675 32.9322 0.378636 -0.925545 -0.000854538
19.639 62.6707 34.2928 0.379702 -0.925108 -0.000796919
19.4409 62.5887 35.4011 0.380074 -0.924956 -0.000728566
19.1943 62.4866 36.6639 0.380508 -0.924778 -0.000474877
19.0029 62.4071 37.7526 0.381299 -0.924452 -0.000178784
18.7721 62.3115 38.855 0.38158 -0.924336 -0.000478292
18.4417 62.1746 39.88 0.382305 -0.924036 -0.000235859
18.1393 62.0491 40.943 0.382472 -0.923967 -0.000345891
17.7376 61.8823 41.9698 0.382944 -0.923772 -0.000254844
17.1749 61.6482 43.1914 0.383033 -0.923734 -0.000716225
15.9681 61.148 43.0201 0.382907 -0.923786 -0.00117367
14.8094 60.6686 42.5017 0.382649 -0.923893 -0.00143719
13.828 60.263 42.0312 0.382427 -0.923984 -0.00174279
13.6114 60.1754 41.0392 0.382458 -0.923971 -0.00197514
13.7865 60.2507 39.8938 0.38204 -0.924143 -0.00233829
13.9819 60.3343 38.7952 0.381684 -0.924288 -0.00290108
14.2328 60.4418 37.5544 0.381154 -0.924505 -0.00334117
14.3147 60.4797 36.4296 0.380742 -0.924673 -0.00380783
14.3821 60.5133 35.1397 0.379835 -0.925044 -0.00428362
14.3777 60.5172 34.0332 0.378596 -0.925544 -0.00564066
14.3139 60.4988 32.7933 0.377905 -0.925822 -0.00651146
14.2578 60.4852 31.4246 0.37651 -0.926387 -0.00681734
14.1951 60.468 30.3365 0.374829 -0.927066 -0.00719991
14.0936 60.4375 29.1173 0.373354 -0.927649 -0.00857204
13.9142 60.3763 27.9371 0.371813 -0.928259 -0.0095245
13.6739 60.2929 26.6851 0.368867 -0.929432 -0.00958334
13.4162 60.2036 25.5335 0.367658 -0.929904 -0.0102859
13.0918 60.0913 24.2157 0.364344 -0.931204 -0.0105956
12.7307 59.9646 23.0667 0.361806 -0.932173 -0.0122665
12.3073 59.8171 21.7497 0.358372 -0.933515 -0.0109649
11.9062 59.6788 20.5526 0.355083 -0.934756 -0.0121145
11.4324 59.5138 19.4512 0.350294 -0.936555 -0.0123877
11.0335 59.3789 18.3831 0.347387 -0.937664 -0.0104052
10.4454 59.1789 17.0939 0.340221 -0.940284 -0.0100676
9.76404 58.9447 15.923 0.334644 -0.942302 -0.00894488
8.98189 58.6814 14.6914 0.330314 -0.943831 -0.00871332
8.28788 58.4553 13.6918 0.318916 -0.947761 -0.00620638
7.56801 58.2234 12.7151 0.310532 -0.950526 -0.00835932
6.95131 58.0286 11.8054 0.305502 -0.952187 -0.00290837
6.2717 57.8158 10.8179 0.296618 -0.954996 0.000928445
5.63203 57.6188 9.90994 0.287757 -0.957703 -0.000915493
4.89127 57.3978 9.02478 0.284826 -0.958579 0.000441441
4.11499 57.1815 8.28987 0.267589 -0.963524 -0.00418533
3.35903 56.9892 7.54391 0.238918 -0.970816 -0.0194538
2.34198 56.7651 6.83732 0.215996 -0.975739 -0.0346807
0.982413 56.4973 6.45481 0.186658 -0.980859 -0.0542066
-0.308577 56.2783 6.18809 0.16627 -0.984019 -0.0621155
-1.42677 56.1309 5.74992 0.151048 -0.984857 -0.0846342
-2.56231 56.0114 5.30742 0.132329 -0.986589 -0.0955605
-3.55157 55.9296 4.8351 0.122158 -0.98778 -0.0967863
-4.60606 55.8515 4.41115 0.113316 -0.986645 -0.117013
-5.79391 55.7834 3.88652 0.106736 -0.98563 -0.130707
-7.23213 55.7186 3.26606 0.0992876 -0.985242 -0.139309
-8.51596 55.6831 2.61914 0.0965398 -0.983655 -0.151758
-9.8594 55.7025 1.70586 0.097726 -0.981831 -0.162581
-10.6112 55.7926 0.832972 0.0968886 -0.977737 -0.186124
-11.0885 55.9939 -0.392896 0.0724209 -0.976812 -0.201476
-11.1795 56.2499 -1.64381 0.0574063 -0.976222 -0.209036
-10.8852 56.5419 -2.90791 0.0338619 -0.975338 -0.218067
-10.5552 56.7923 -3.97085 0.0261408 -0.973532 -0.227053
-10.2019 57.0709 -5.18233 -0.00543891 -0.974439 -0.223807
-9.72932 57.3944 -6.54236 -0.0192902 -0.972715 -0.231201
-9.36967 57.6619 -7.68756 -0.0576844 -0.966438 -0.250339
-8.99323 57.9021 -8.69733 -0.0705315 -0.966825 -0.245039
-8.4004 58.0881 -9.62884 -0.0801788 -0.964156 -0.252931
-7.20808 58.0566 -9.99049 -0.085329 -0.969073 -0.230476
-6.15678 57.8822 -9.57314 -0.0688466 -0.976484 -0.203948
-5.19847 57.705 -9.0051 -0.0590507 -0.981255 -0.182942
-4.0865 57.55 -8.38655 -0.0270255 -0.987366 -0.156133
-3.08459 57.432 -7.7605 -0.0159483 -0.989237 -0.145448
-2.06853 57.3494 -7.23181 -0.00152088 -0.991469 -0.130334
-0.838536 57.2753 -6.53705 0.0132737 -0.993608 -0.112098
0.550882 57.2411 -5.89721 0.0324387 -0.996431 -0.0779284
1.64398 57.2376 -5.31949 0.0509304 -0.995998 -0.0728344
2.71284 57.2587 -4.51373 0.0772409 -0.995866 -0.0478058
3.63716 57.3004 -3.7183 0.099552 -0.994095 -0.0431807
4.30623 57.3337 -2.57375 0.126712 -0.991639 -0.0152718
4.70253 57.3794 -1.2747 0.155991 -0.987644 -0.00881611
5.43514 57.5029 -0.275861 0.188541 -0.981875 0.0101454
6.42063 57.7297 0.67043 0.234323 -0.971751 0.028169
7.22907 57.9651 1.53616 0.266845 -0.963461 0.0211991
8.111 58.2382 2.41763 0.290382 -0.956621 0.0235578
9.14786 58.5904 3.32396 0.306564 -0.951445 0.0275552
9.46661 58.703 3.6196 0.309151 -0.950609 0.0277258
10.1847 58.9139 2.83792 0.311692 -0.949768 0.0280792
11.1111 59.2564 3.82392 0.322267 -0.946171 0.0300756
11.9163 59.5637 4.77352 0.326835 -0.944623 0.0293827
12.6707 59.8561 5.72712 0.332667 -0.94262 0.0282925
13.4803 60.17 6.6681 0.336862 -0.941254 0.0237634
14.154 60.435 7.53008 0.340555 -0.939944 0.0229423
14.6996 60.6578 8.47815 0.345765 -0.93806 0.0220299
15.2442 60.8813 9.51149 0.34685 -0.937743 0.0180638
15.8654 61.132 10.6162 0.350403 -0.936441 0.0172022
16.4649 61.3772 11.7305 0.355549 -0.934543 0.0146662
17.022 61.6064 12.8263 0.356318 -0.93425 0.0145849
17.447 61.7819 13.8801 0.358665 -0.933402 0.010973
18.0321 62.0188 15.1028 0.360826 -0.932604 0.00717444
18.4935 62.2082 16.378 0.363182 -0.931693 0.0068992
18.8576 62.3577 17.5113 0.365098 -0.930956 0.00492569
19.2144 62.5033 18.6044 0.365801 -0.930685 0.00386645
19.5584 62.6444 19.9372 0.368231 -0.929728 0.00346428
19.8745 62.7732 21.1827 0.370191 -0.928954 0.00198405
20.1889 62.9008 22.4307 0.371326 -0.928501 0.00137913
20.3999 62.9859 23.5034 0.372094 -0.928195 0.000420968
20.6185 63.0744 24.9335 0.373027 -0.92782 0.000474001
20.6774 63.0984 26.4587 0.373951 -0.927448 0.000285049
20.8223 63.1568 28.0175 0.374926 -0.927055 9.23964e-05
20.905 63.1908 29.309 0.376183 -0.926545 0.000217619
20.8733 63.1777 30.7837 0.377731 -0.925915 -0.000183236
20.9804 63.2212 32.0949 0.378385 -0.925648 0.00016734
20.8592 63.1716 33.1884 0.379095 -0.925358 0.000292193
20.5991 63.0649 34.5063 0.379741 -0.925093 3.31925e-05
20.3129 62.9471 36.0469 0.380541 -0.924764 -0.000249509
20.0817 62.852 37.1837 0.381075 -0.924544 0.000179772
19.8364 62.751 38.6401 0.381858 -0.924221 0.000196458
19.5674 62.64 39.7072 0.381949 -0.924183 2.13082e-05
19.1556 62.4699 40.958 0.382664 -0.923888 0.000236705
18.6952 62.2791 42.3365 0.382856 -0.923808 -0.000222331
18.2424 62.091 43.4443 0.383339 -0.923608 -0.00025754
17.7773 61.8972 44.5757 0.383632 -0.923486 -0.000461623
16.673 61.4388 44.4668 0.383363 -0.923597 -0.00113943
15.5734 60.9832 43.9576 0.383185 -0.923671 -0.00121077
14.3215 60.4651 43.4031 0.382987 -0.923753 -0.0015823
13.1245 59.9699 42.8981 0.382868 -0.923802 -0.00169166
12.4407 59.688 42.1672 0.382786 -0.923835 -0.00202328
12.6379 59.7728 40.8806 0.382811 -0.923824 -0.0023152
12.8755 59.8744 39.6979 0.382246 -0.924057 -0.00273291
13.0367 59.9452 38.4853 0.381857 -0.924215 -0.00331557
13.3276 60.0706 37.0591 0.380873 -0.924619 -0.00380521
13.3712 60.0933 35.9725 0.380364 -0.924823 -0.00508644
13.4023 60.1131 34.6787 0.379975 -0.924978 -0.00580214
13.327 60.0939 33.0886 0.378526 -0.925561 -0.00745228
13.3134 60.097 31.9903 0.377159 -0.926115 -0.00783096
13.2463 60.0803 30.7608 0.375581 -0.926757 -0.00776196
13.1815 60.065 29.6099 0.374245 -0.927279 -0.00974494
12.995 60.002 28.4874 0.3734 -0.927613 -0.0103656
12.7551 59.923 27.1056 0.369655 -0.929103 -0.0110786
12.4512 59.8185 25.8417 0.368139 -0.929684 -0.0126924
12.1852 59.7307 24.6591 0.36373 -0.931419 -0.012582
11.7994 59.5975 23.4661 0.361918 -0.932098 -0.0144487
11.4501 59.4791 22.3857 0.358051 -0.933596 -0.0140345
11.077 59.3538 21.2955 0.355584 -0.934491 -0.0167571
10.5454 59.174 20.056 0.349966 -0.936602 -0.0173107
10.1524 59.0456 19.0312 0.345686 -0.938227 -0.015025
9.72375 58.9029 18.0136 0.341567 -0.939739 -0.0146357
9.1142 58.7 17.0101 0.3368 -0.94143 -0.016593
8.59716 58.5307 16.0773 0.331339 -0.943414 -0.0135377
7.99299 58.3383 15.0542 0.32424 -0.945862 -0.014637
7.37351 58.1429 14.1652 0.315287 -0.948925 -0.0107941
6.68543 57.9306 13.2645 0.307447 -0.95148 -0.0127193
6.07535 57.7457 12.3506 0.299386 -0.954088 -0.00914921
5.3535 57.5292 11.308 0.294244 -0.955703 -0.00716608
4.70144 57.3366 10.4232 0.287488 -0.957771 -0.0049518
3.9659 57.1266 9.60821 0.277788 -0.960594 -0.00914297
3.18812 56.9145 8.87691 0.272134 -0.962196 -0.0110111
2.25139 56.7022 8.07055 0.232797 -0.971993 -0.032177
1.21722 56.4895 7.60988 0.201264 -0.978576 -0.043389
0.0687179 56.2716 7.39191 0.187811 -0.980764 -0.0531859
-1.13319 56.0806 6.99029 0.170202 -0.982861 -0.0705136
-2.16632 55.9362 6.66521 0.163262 -0.982275 -0.092017
-3.24373 55.8252 6.19005 0.136077 -0.985083 -0.105186
-4.19765 55.7544 5.67469 0.125671 -0.98603 -0.109243
-5.39253 55.6664 5.19434 0.117434 -0.98503 -0.126196
-6.60788 55.5852 4.72816 0.113415 -0.984814 -0.131451
-7.61084 55.5465 4.19208 0.11027 -0.983757 -0.141641
-8.76664 55.4982 3.66016 0.108348 -0.982573 -0.151031
-9.88171 55.4776 3.0239 0.110793 -0.980644 -0.161425
-10.7972 55.5076 2.27644 0.101883 -0.978631 -0.178483
-11.7077 55.6167 1.19908 0.105512 -0.974005 -0.200452
-12.0943 55.8293 0.0111898 0.0814384 -0.973919 -0.211733
-12.2736 56.063 -1.10804 0.0550505 -0.973202 -0.223263
-12.1327 56.3534 -2.31459 0.0363161 -0.971744 -0.233005
-11.8209 56.6521 -3.49155 0.0289312 -0.971601 -0.23485
-11.4027 56.9727 -4.78633 0.0122653 -0.972089 -0.234253
-11.1292 57.2345 -5.80467 0.00120889 -0.965147 -0.261411
-10.73 57.5174 -6.903 -0.0265373 -0.967347 -0.252062
-10.3754 57.8124 -8.05352 -0.0582672 -0.962353 -0.265484
-9.90687 58.1195 -9.26061 -0.0867177 -0.958505 -0.271471
-9.12503 58.4122 -10.5467 -0.0997546 -0.955073 -0.279079
-7.95027 58.4082 -11.0703 -0.113954 -0.960611 -0.253458
-6.69518 58.2357 -10.9823 -0.0957361 -0.969544 -0.22543
-5.66665 58.0411 -10.5289 -0.0934978 -0.975942 -0.196751
-4.68608 57.841 -9.91711 -0.0822339 -0.978713 -0.188037
-3.63445 57.6881 -9.37189 -0.044406 -0.987964 -0.147994
-2.57114 57.5497 -8.69449 -0.0194883 -0.990532 -0.135887
-1.60869 57.4656 -8.21074 -0.0157822 -0.992372 -0.122205
-0.605467 57.3858 -7.58752 0.00517392 -0.994377 -0.105769
0.533171 57.3434 -7.07583 0.0156516 -0.99491 -0.0994304
1.60846 57.3312 -6.56383 0.0347723 -0.995906 -0.0834439
2.52382 57.3293 -5.99077 0.0540443 -0.996551 -0.0615052
3.73483 57.3681 -5.09247 0.0840071 -0.995325 -0.0476485
4.57094 57.4162 -4.3658 0.0962478 -0.994917 -0.0295952
5.19186 57.457 -3.2108 0.112887 -0.993533 -0.00921434
5.557 57.5095 -2.11328 0.156236 -0.987664 0.0104726
6.34098 57.6704 -0.833408 0.191003 -0.980509 0.0352797
7.21459 57.9111 0.0218096 0.25384 -0.966816 0.0263567
8.11314 58.2009 0.979903 0.287315 -0.957439 0.0275837
9.05821 58.5149 1.74155 0.299182 -0.953824 0.0258964
10.041 58.8628 2.70248 0.31143 -0.94977 0.0306863
10.0869 58.8792 2.74951 0.311695 -0.949767 0.0280821
10.7261 59.0559 1.90248 0.31396 -0.948688 0.0371822
10.0149 58.7943 1.04535 0.303888 -0.952 0.0366696
9.13643 58.4968 0.466607 0.299151 -0.953356 0.0397361
8.22398 58.1889 -0.306519 0.304833 -0.950522 0.0564565
7.35673 57.8796 -1.28421 0.250633 -0.962911 0.0986061
6.62012 57.6635 -2.15658 0.138244 -0.989364 0.0401129
6.27849 57.5898 -3.27861 0.118918 -0.992373 0.0321479
5.85472 57.5509 -4.4343 0.100814 -0.994795 -0.0148275
5.11955 57.4983 -5.39379 0.0834834 -0.996256 -0.0224652
4.07735 57.4464 -6.23643 0.0651571 -0.997129 -0.0385788
2.96806 57.4133 -6.91096 0.0420151 -0.997077 -0.063821
1.79541 57.4205 -7.69548 0.0276004 -0.997547 -0.0643216
0.767727 57.4421 -8.08565 0.0146999 -0.995752 -0.0908263
-0.415802 57.5055 -8.70056 0.00297025 -0.993925 -0.109918
-1.48361 57.6071 -9.36853 -0.034782 -0.992215 -0.118665
-2.49817 57.719 -9.92026 -0.0453161 -0.989279 -0.138801
-3.54044 57.8668 -10.5233 -0.0668877 -0.987161 -0.145046
-4.78005 58.1 -11.2901 -0.104691 -0.980337 -0.167258
-5.79901 58.3089 -11.771 -0.112086 -0.971794 -0.207436
-6.77714 58.5173 -12.221 -0.138782 -0.966682 -0.215094
-7.91056 58.6646 -12.1625 -0.138431 -0.964271 -0.225874
-9.41873 58.7633 -11.6675 -0.130538 -0.951266 -0.27938
-10.3512 58.6207 -10.7877 -0.122286 -0.943146 -0.309065
-10.7585 58.3659 -9.8163 -0.0979107 -0.949729 -0.297239
-11.2998 58.1182 -8.87295 -0.0771516 -0.952737 -0.293837
-11.5208 57.8041 -7.80329 -0.0315522 -0.959589 -0.279629
-12.0085 57.4001 -6.34205 -0.0224953 -0.959602 -0.280459
-12.2861 57.0828 -5.2435 0.00568263 -0.968307 -0.249696
-12.7269 56.8348 -4.28476 0.00267092 -0.968555 -0.248785
-13.0833 56.4785 -2.9408 0.0182099 -0.967057 -0.253666
-13.2635 56.1983 -1.88862 0.0618433 -0.963427 -0.260148
-13.3463 55.8772 -0.653691 0.085237 -0.967994 -0.236055
-13.1056 55.6551 0.377763 0.0934026 -0.970803 -0.220938
-12.7723 55.3889 1.72974 0.0994763 -0.971823 -0.213692
-11.9167 55.2969 2.72582 0.116315 -0.977292 -0.177118
-10.8725 55.259 3.66291 0.121884 -0.979367 -0.16086
-9.81937 55.2815 4.25718 0.118393 -0.979534 -0.162779
-8.59601 55.3388 4.85306 0.110917 -0.983042 -0.146032
-7.52344 55.384 5.40499 0.125601 -0.983079 -0.133255
-6.55093 55.4372 5.89407 0.121703 -0.983439 -0.134299
-5.4155 55.5135 6.41223 0.123364 -0.984841 -0.121943
-4.29424 55.608 6.8234 0.137673 -0.983243 -0.119495
-3.22635 55.7019 7.34336 0.141983 -0.9838 -0.109449
-1.96828 55.8543 7.87539 0.172517 -0.980345 -0.0956027
-0.759709 56.0474 8.24694 0.197092 -0.977743 -0.0719192
0.560642 56.2934 8.63924 0.209566 -0.975694 -0.063947
1.72356 56.543 8.95169 0.263685 -0.962474 -0.0556007
2.58476 56.7306 9.72667 0.259804 -0.965206 -0.025619
3.32377 56.9278 10.5369 0.291748 -0.956344 -0.0128086
4.09278 57.1459 11.4291 0.286777 -0.95795 -0.00935614
4.81443 57.3531 12.3329 0.295509 -0.955273 -0.0113335
5.41222 57.5245 13.2222 0.301288 -0.953334 -0.0192429
6.10307 57.7261 14.1951 0.311711 -0.949948 -0.0208728
6.82254 57.9401 15.1857 0.311731 -0.949932 -0.0212697
7.29664 58.0791 16.147 0.322231 -0.946454 -0.0197893
7.9905 58.2982 17.1557 0.333782 -0.942515 -0.0159633
8.61608 58.4995 18.1476 0.340905 -0.939794 -0.0231896
9.0929 58.6487 19.3421 0.345059 -0.938416 -0.0175943
9.7367 58.8612 20.6365 0.34961 -0.936736 -0.0173052
10.2649 59.0332 21.9374 0.357335 -0.933765 -0.019878
10.6057 59.1418 23.063 0.362073 -0.931995 -0.0170024
10.928 59.2478 24.0946 0.363043 -0.931615 -0.017097
11.2906 59.3716 25.1595 0.367078 -0.930052 -0.0160657
11.5421 59.4509 26.3513 0.367826 -0.929768 -0.0152942
11.8731 59.5641 27.5926 0.372089 -0.928105 -0.0131107
12.0714 59.6238 29.0464 0.37297 -0.92777 -0.0116036
12.2266 59.6724 30.2009 0.376159 -0.926497 -0.0104029
12.3282 59.7015 31.387 0.376901 -0.926208 -0.00915732
12.3317 59.6915 32.5574 0.378609 -0.925519 -0.00829066
12.4048 59.7107 33.7672 0.379341 -0.925224 -0.0077664
12.3688 59.6865 35.009 0.380338 -0.92482 -0.00712398
12.2991 59.6508 36.1334 0.38097 -0.924578 -0.00425169
12.2493 59.6236 37.5511 0.381728 -0.924266 -0.00402864
11.9678 59.5016 38.8119 0.382623 -0.923897 -0.00371492
11.8761 59.4599 39.8983 0.383002 -0.923743 -0.00291823
11.4969 59.2984 41.4492 0.382966 -0.92376 -0.00233582
11.2606 59.1977 42.6869 0.383041 -0.92373 -0.00181844
11.7425 59.396 43.448 0.382951 -0.923767 -0.00165288
12.8247 59.8438 43.9224 0.382921 -0.923779 -0.00169649
13.8855 60.2828 44.3228 0.382978 -0.923756 -0.00167497
14.8675 60.6892 44.8045 0.383214 -0.923659 -0.00145143
15.9436 61.1351 45.2675 0.3833 -0.923623 -0.00138362
16.8816 61.5241 45.6508 0.383721 -0.923449 -0.0011623
18.0579 62.0129 46.0818 0.384274 -0.923219 -0.000619721
18.7025 62.2815 45.2327 0.384168 -0.923263 -0.000477117
19.0594 62.4302 44.2124 0.383867 -0.923389 -0.000347927
19.5057 62.6155 43.0609 0.38358 -0.923508 0.000456646
19.9455 62.7975 41.8818 0.382912 -0.923785 0.000342384
20.2842 62.9373 40.7241 0.382914 -0.923784 0.000567377
20.579 63.0585 39.6863 0.382185 -0.924086 0.000561244
20.852 63.1706 38.6499 0.381902 -0.924203 0.000638233
20.9972 63.2294 37.4297 0.38076 -0.924674 0.000363472
21.3814 63.387 36.1379 0.380735 -0.924684 0.000422793
21.5772 63.4669 34.8203 0.380143 -0.924927 0.000439954
21.8782 63.5898 33.5792 0.379995 -0.924988 0.000641136
22.063 63.6645 32.5037 0.378913 -0.925431 0.00134405
21.9574 63.6202 31.3454 0.378099 -0.925765 5.0873e-05
21.9375 63.6114 30.2614 0.377377 -0.926059 0.0012285
21.8705 63.5828 28.8991 0.376238 -0.926522 0.00110742
21.7938 63.5502 27.4931 0.376051 -0.926598 0.00132108
21.7185 63.5187 26.397 0.374676 -0.927156 0.00042463
21.7319 63.5231 25.2663 0.374325 -0.927297 0.000969225
21.4782 63.4199 24.216 0.373591 -0.927593 0.000654955
21.3202 63.3545 22.8732 0.372429 -0.928059 0.00158427
21.0701 63.2518 21.8103 0.371072 -0.928602 0.00215518
20.8393 63.1565 20.7118 0.37101 -0.928618 0.0044173
20.4538 62.9976 19.4911 0.369291 -0.929304 0.00429249
20.1435 62.868 18.2453 0.367713 -0.929926 0.00494228
19.8289 62.7377 17.2119 0.366421 -0.930434 0.00535719
19.4872 62.5959 16.1792 0.366251 -0.930467 0.00923621
19.1335 62.4468 15.118 0.361406 -0.932379 0.00729889
18.7333 62.2809 14.027 0.362072 -0.932099 0.00978455
18.0917 62.0162 12.7946 0.36147 -0.93229 0.0132224
17.5064 61.7698 11.5384 0.35692 -0.933999 0.0159292
17.0208 61.5672 10.5913 0.353506 -0.935233 0.0192179
16.4365 61.3224 9.40322 0.349128 -0.9369 0.0181285
15.8518 61.0812 8.4168 0.347908 -0.937212 0.0243405
15.0451 60.7479 7.05968 0.342468 -0.939148 0.0267603
14.3594 60.4701 6.03855 0.339872 -0.940105 0.0262549
13.5546 60.1538 5.12388 0.339964 -0.940055 0.0268691
12.779 59.8407 4.09778 0.330918 -0.942931 0.0370741
12.0043 59.5434 3.27276 0.327506 -0.944222 0.0344218
11.1299 59.2064 2.2673 0.313415 -0.948601 0.0439106
10.8177 59.0902 1.9854 0.316572 -0.947677 0.0408738
16.81 61.4978 42.1434 0.382653 -0.923892 -0.000838047
15.8481 61.0993 42.2005 0.382645 -0.923895 -0.00131764
15.4286 60.9255 42.2254 0.382707 -0.923869 -0.0013283
14.4225 60.5104 41.334 0.382287 -0.924042 -0.00200414
15.3907 60.9112 41.2766 0.38222 -0.92407 -0.00147652
16.5019 61.3711 41.2106 0.38233 -0.924025 -0.00101912
17.2559 61.6832 41.1659 0.382673 -0.923884 -0.000502088
17.6917 61.8644 40.1889 0.382075 -0.924131 -0.000663801
16.5387 61.3875 40.2574 0.382006 -0.924159 -0.00128289
15.5561 60.9811 40.3157 0.382076 -0.924129 -0.00156117
14.2741 60.451 40.3917 0.382231 -0.924064 -0.00205286
14.3832 60.4983 39.4341 0.381853 -0.92422 -0.00237636
15.4568 60.942 39.3704 0.38182 -0.924235 -0.00175855
16.51 61.3769 39.308 0.381447 -0.924389 -0.00156952
17.7433 61.8863 39.2348 0.381801 -0.924244 -0.000776991
17.7566 61.8918 39.2341 0.381914 -0.924198 -0.000678675
17.995 61.9912 38.2689 0.381388 -0.924415 -0.000880959
16.8961 61.5378 38.334 0.381181 -0.924499 -0.00140916
15.8712 61.1149 38.3948 0.381248 -0.924471 -0.00199042
14.9224 60.7234 38.451 0.381193 -0.924492 -0.00256985
14.6767 60.6221 38.4656 0.381192 -0.924492 -0.00257016
14.8753 60.7067 37.5026 0.381263 -0.924462 -0.00276174
16.0399 61.1868 37.4337 0.380895 -0.924616 -0.00207401
17.2749 61.6954 37.3605 0.381095 -0.924535 -0.00142525
18.1545 62.0577 37.3084 0.381086 -0.92454 -0.000613849
18.6528 62.2639 36.3279 0.380686 -0.924704 -0.00101096
17.4586 61.7726 36.3985 0.379983 -0.924992 -0.00160898
16.243 61.2725 36.4705 0.38024 -0.924885 -0.00241428
15.1593 60.8267 36.5346 0.38078 -0.924661 -0.00303082
15.0355 60.7757 36.542 0.380508 -0.924772 -0.00316337
14.9773 60.7556 35.5942 0.379838 -0.925043 -0.00427927
16.1371 61.2318 35.5256 0.379996 -0.924984 -0.00284847
17.16 61.6517 35.4651 0.379777 -0.925076 -0.00179016
18.1195 62.0458 35.4084 0.379729 -0.925096 -0.00160787
18.9001 62.3665 35.3622 0.380437 -0.924806 -0.000820804
18.9703 62.3963 34.4071 0.379221 -0.925305 -0.00125358
17.9423 61.9747 34.4678 0.379173 -0.925324 -0.00193812
16.7742 61.496 34.5368 0.379049 -0.925372 -0.00271844
15.8219 61.1057 34.5931 0.379051 -0.925371 -0.00309813
14.9429 60.7456 34.645 0.379334 -0.925249 -0.00442122
14.9045 60.7344 33.696 0.37862 -0.925539 -0.00500772
15.9805 61.1745 33.6325 0.378625 -0.925541 -0.00405264
16.9674 61.578 33.5743 0.378627 -0.925545 -0.00274867
17.983 61.9936 33.5144 0.378515 -0.925593 -0.00175236
19.1153 62.4571 33.4476 0.378623 -0.92555 -0.00147805
19.219 62.4995 33.4415 0.378926 -0.925427 -0.000912198
19.3695 62.5623 32.4817 0.378641 -0.925543 -0.000859832
18.235 62.0987 32.5486 0.377659 -0.925942 -0.00223778
17.2621 61.7013 32.6059 0.377965 -0.925815 -0.00310164
16.3092 61.3127 32.662 0.377269 -0.926097 -0.00355595
15.3123 60.9061 32.7207 0.3773 -0.926078 -0.00497182
14.8249 60.7071 32.7494 0.376955 -0.926215 -0.00562121
14.9259 60.754 31.7921 0.375689 -0.926729 -0.00556135
15.9715 61.1791 31.7306 0.376192 -0.92653 -0.00468628
16.9422 61.5743 31.6736 0.377133 -0.926153 -0.00340734
18.0689 62.0331 31.6074 0.377104 -0.926167 -0.00248401
19.104 62.4552 31.5465 0.377579 -0.925975 -0.00209691
19.275 62.525 31.5364 0.377784 -0.925892 -0.0016997
19.4058 62.5799 30.578 0.377324 -0.92608 -0.00154537
18.2813 62.1224 30.6439 0.376685 -0.926339 -0.0020855
17.2189 61.6906 30.7063 0.376144 -0.926552 -0.0041105
16.2207 61.2853 30.7648 0.37538 -0.926857 -0.00512457
15.0814 60.8232 30.8315 0.375088 -0.926969 -0.00621704
14.8943 60.7474 30.8425 0.375698 -0.926719 -0.00657793
14.9553 60.7784 29.8875 0.374411 -0.92724 -0.00654579
16.1049 61.2434 29.8203 0.37452 -0.927203 -0.00539021
17.198 61.6861 29.7563 0.375517 -0.92681 -0.00327929
18.2718 62.1212 29.6937 0.375621 -0.926769 -0.00269629
19.3024 62.5395 29.6335 0.376488 -0.92642 -0.00150617
18.9539 62.4 28.7034 0.375059 -0.926999 -0.0020061
17.7615 61.9176 28.7727 0.374423 -0.927254 -0.00282159
16.7616 61.5137 28.8308 0.373479 -0.927629 -0.00413799
15.8137 61.1316 28.886 0.37402 -0.927404 -0.00555863
14.6503 60.6627 28.9538 0.373347 -0.927661 -0.00755165
14.5481 60.6297 28.008 0.371771 -0.928296 -0.00725126
15.5699 61.0396 27.9488 0.37197 -0.928224 -0.00627537
16.7656 61.5201 27.8797 0.373035 -0.927805 -0.00483183
18.1915 62.0943 27.7973 0.374033 -0.927412 -0.00271872
19.1883 62.4966 27.7396 0.374799 -0.927104 -0.001754
19.1287 62.4738 26.7929 0.373345 -0.927692 -0.00134118
18.1311 62.0726 26.8507 0.371675 -0.928357 -0.00338776
16.998 61.6182 26.9156 0.371917 -0.928255 -0.00459641
15.86 61.1622 26.9809 0.371023 -0.928604 -0.00601156
14.9152 60.7845 27.0351 0.370982 -0.92861 -0.0075123
14.4481 60.5977 27.062 0.370921 -0.928627 -0.008382
14.3846 60.5811 26.1137 0.369163 -0.929326 -0.00844031
15.3588 60.9689 26.0583 0.369815 -0.92908 -0.00691739
16.4272 61.3945 25.9976 0.369589 -0.92918 -0.005369
17.5941 61.8605 25.9312 0.370673 -0.928758 -0.00320295
18.6176 62.2701 25.8725 0.371019 -0.928622 -0.00221305
19.0269 62.4345 25.8487 0.372744 -0.927934 -0.00100363
18.9773 62.4156 24.902 0.371328 -0.928501 -0.00137971
17.9918 62.0221 24.9585 0.371012 -0.928626 -0.00208271
16.8598 61.5712 25.0227 0.368645 -0.929561 -0.00410296
15.8889 61.1856 25.0774 0.368956 -0.929431 -0.00539143
14.8658 60.7802 25.1348 0.367629 -0.929945 -0.00712544
13.8808 60.3906 25.1902 0.366817 -0.930242 -0.00969979
13.6889 60.3249 24.2484 0.365841 -0.930634 -0.00904339
14.6765 60.7126 24.1937 0.367034 -0.930184 -0.00666082
15.6503 61.0965 24.14 0.367681 -0.929933 -0.00586048
16.7184 61.5192 24.0805 0.368099 -0.92978 -0.00348686
17.7072 61.9114 24.025 0.369336 -0.929293 -0.00214904
18.6673 62.2935 23.9703 0.370146 -0.928973 -0.00102077
18.6285 62.2787 23.0238 0.369566 -0.929204 -0.000976024
17.5986 61.8699 23.0819 0.367959 -0.92984 -0.00199664
16.6102 61.4797 23.1367 0.366508 -0.930409 -0.00337174
15.5708 61.0707 23.1935 0.365125 -0.930944 -0.00526503
14.5079 60.6543 23.2512 0.363662 -0.9315 -0.00759923
13.4911 60.257 23.3068 0.362535 -0.931925 -0.0092259
13.3912 60.2181 23.3123 0.362532 -0.931926 -0.00922354
13.1563 60.1367 22.3726 0.359389 -0.933132 -0.0102614
14.3555 60.6019 22.3078 0.361095 -0.932498 -0.0075652
15.4441 61.0263 22.2496 0.362522 -0.931961 -0.00521607
16.6252 61.4883 22.1865 0.365435 -0.930831 -0.00334564
17.6793 61.9035 22.1281 0.366654 -0.930357 -0.00112654
18.3484 62.1679 22.0904 0.368164 -0.929761 0.000130698
18.0208 62.0389 21.1601 0.366951 -0.93024 0.000448892
17.0717 61.6655 21.2127 0.363546 -0.931576 -0.00111219
16.0446 61.2642 21.2679 0.362762 -0.931879 -0.00217468
14.9775 60.8495 21.324 0.361056 -0.932536 -0.00396236
13.9108 60.4368 21.3799 0.359366 -0.933175 -0.00641992
12.8653 60.0347 21.4355 0.357763 -0.93377 -0.00885387
12.9393 60.0724 20.4781 0.356846 -0.934123 -0.00870327
13.9422 60.4561 20.4264 0.357474 -0.933902 -0.00627807
14.9886 60.8583 20.3734 0.360061 -0.932921 -0.00387789
16.0096 61.2532 20.3207 0.36169 -0.932296 -0.00198529
17.0964 61.6759 20.2627 0.363247 -0.931693 -0.000584317
18.0126 62.0354 20.2121 0.365863 -0.930668 0.000817407
17.8193 61.9577 19.2762 0.364283 -0.931286 0.00200831
16.8409 61.5762 19.3287 0.362006 -0.932176 0.000382814
15.8599 61.1968 19.3803 0.359707 -0.933064 -0.00169559
14.5343 60.688 19.4469 0.356472 -0.934296 -0.00435669
13.4914 60.2901 19.4982 0.355169 -0.934782 -0.00608611
12.5417 59.9304 19.5452 0.351829 -0.936021 -0.00900684
12.0926 59.7606 19.5677 0.35266 -0.935693 -0.0104952
11.9083 59.7016 18.6232 0.350818 -0.936401 -0.00896886
12.9151 60.0787 18.5754 0.351246 -0.936262 -0.00634719
13.9 60.4501 18.5287 0.355549 -0.934653 -0.00304205
14.9553 60.851 18.4784 0.356089 -0.934452 -0.000801018
15.9893 61.2474 18.4258 0.35907 -0.93331 0.00135755
17.0841 61.6694 18.3702 0.361814 -0.932246 0.00286478
17.3529 61.7741 18.356 0.362881 -0.931829 0.00346389
17.0665 61.6602 17.427 0.360511 -0.932744 0.00449709
16.0338 61.2625 17.4786 0.358628 -0.933477 0.00262352
14.964 60.8546 17.5307 0.355936 -0.93451 0.0011778
13.9587 60.4736 17.5784 0.354273 -0.935142 -0.000230577
12.897 60.0764 17.6267 0.348531 -0.937288 -0.00419253
11.8262 59.6783 17.6745 0.345229 -0.938486 -0.00775559
11.4161 59.5273 17.6913 0.345226 -0.938487 -0.00775668
10.891 59.342 16.7584 0.341452 -0.93987 -0.00739581
12.155 59.8042 16.7096 0.34542 -0.938442 -0.00340705
13.3253 60.2374 16.6588 0.348307 -0.93738 -0.00020632
14.29 60.5984 16.6163 0.350776 -0.936459 0.00017939
15.4906 61.053 16.5604 0.35543 -0.9347 0.00249542
16.469 61.4262 16.5134 0.358192 -0.933629 0.00585161
16.7564 61.5364 16.4993 0.358009 -0.933707 0.00463284
16.4286 61.4055 15.5715 0.35678 -0.934177 0.00459146
15.3403 60.992 15.6227 0.353942 -0.935253 0.00512313
14.0556 60.5091 15.6798 0.350613 -0.936514 0.00364476
13.0257 60.1259 15.7244 0.346279 -0.938132 -0.000306964
11.9281 59.7245 15.7692 0.341942 -0.939721 -0.000561778
10.6353 59.2566 15.8138 0.337661 -0.941241 -0.00702841
10.29 59.1324 15.826 0.336488 -0.941653 -0.00810399
9.96064 59.0229 14.8782 0.333323 -0.942801 -0.00474285
11.0909 59.4236 14.8488 0.337398 -0.94136 -0.00201495
12.054 59.7699 14.818 0.342364 -0.939566 0.00139024
13.0262 60.1248 14.7784 0.344078 -0.938939 0.00204118
14.1111 60.5262 14.7338 0.350452 -0.936569 0.00455102
15.1925 60.9314 14.6869 0.351816 -0.936045 0.00672762
16.0087 61.2399 14.6493 0.356282 -0.934349 0.00742508
15.591 61.0733 13.7312 0.352728 -0.935679 0.00934842
14.533 60.6775 13.7773 0.349611 -0.936856 0.00856614
13.4881 60.2906 13.8188 0.345214 -0.938499 0.00681054
12.4414 59.9092 13.8572 0.340084 -0.940388 0.00354686
11.4671 59.5586 13.891 0.335744 -0.941952 0.00180664
10.4492 59.1981 13.9173 0.331448 -0.943473 0.000429568
9.45935 58.8527 13.9367 0.328764 -0.944411 -0.00121054
9.23852 58.7758 13.941 0.325806 -0.94543 -0.00350025
8.60824 58.5674 12.9942 0.317049 -0.948404 -0.00315813
9.73111 58.9473 12.984 0.324765 -0.945793 0.00158848
10.8603 59.3411 12.9637 0.330296 -0.943875 0.0020795
12.0015 59.7457 12.9346 0.336575 -0.941647 0.0043517
13.1069 60.145 12.8985 0.340847 -0.940088 0.00762205
14.2559 60.5656 12.8558 0.345681 -0.938293 0.010543
15.1214 60.887 12.818 0.349624 -0.936813 0.0119849
14.7698 60.7436 11.902 0.347752 -0.937497 0.0129419
13.4181 60.2487 11.9577 0.342542 -0.939457 0.00920045
12.4306 59.8914 11.9903 0.33645 -0.941663 0.00847883
11.138 59.4335 12.0195 0.32931 -0.944201 0.00632116
10.1034 59.0739 12.0345 0.327656 -0.944781 0.00558868
9.07363 58.7235 12.0421 0.318515 -0.947916 0.00197521
7.84536 58.3168 12.0416 0.309978 -0.950743 -0.00114659
7.7931 58.2998 12.0411 0.310848 -0.950458 -0.00183778
7.32413 58.1481 11.0691 0.302952 -0.953005 0.00156184
8.44513 58.5113 11.0872 0.308942 -0.951076 0.0029034
9.54352 58.8781 11.0936 0.319269 -0.947647 0.00570591
10.5597 59.2248 11.0901 0.326802 -0.945057 0.00824669
11.9595 59.7128 11.0723 0.331318 -0.943472 0.0094237
13.0743 60.1115 11.0403 0.33998 -0.940359 0.0117535
14.0618 60.4702 11.002 0.344739 -0.938579 0.0150003
13.6103 60.2918 10.0876 0.340147 -0.940241 0.0157011
12.5675 59.9163 10.1219 0.337059 -0.941378 0.0140921
11.5923 59.5716 10.1427 0.329821 -0.943942 0.0138193
10.5233 59.201 10.1497 0.325233 -0.945562 0.0116366
9.47174 58.8457 10.1441 0.316512 -0.948515 0.0117917
8.40765 58.4936 10.1252 0.310421 -0.950573 0.00702258
7.43147 58.1793 10.103 0.303175 -0.952928 0.00364684
6.44964 57.8696 10.0699 0.297491 -0.954718 0.00363353
5.84067 57.681 9.04108 0.286225 -0.958158 0.00290064
6.99412 58.0327 9.10696 0.297228 -0.954757 0.0097234
8.06849 58.373 9.15251 0.306598 -0.95178 0.0106332
9.13903 58.7237 9.18413 0.314345 -0.949252 0.0104136
10.1786 59.0713 9.20255 0.320418 -0.947195 0.0123839
11.215 59.4266 9.20201 0.328047 -0.94456 0.0138559
12.2338 59.7825 9.19205 0.333207 -0.942673 0.0184824
13.0926 60.0885 9.17502 0.33879 -0.940685 0.0182326
12.5153 59.8635 8.2527 0.333401 -0.942571 0.0200979
11.5459 59.5238 8.25971 0.327425 -0.944636 0.0213358
10.5729 59.1891 8.26161 0.322779 -0.946342 0.0158496
9.5164 58.8345 8.24087 0.31351 -0.949421 0.0176218
8.43619 58.4788 8.20085 0.306457 -0.951788 0.0135545
7.12845 58.0637 8.12165 0.298573 -0.95428 0.0142674
5.85407 57.6783 8.01176 0.282228 -0.959328 0.00613396
4.59752 57.3174 7.8793 0.267445 -0.963562 -0.00453037
-8.79419 55.7863 1.8198 0.0933336 -0.982841 -0.159098
-9.91074 55.9575 0.263791 0.0804456 -0.980459 -0.179522
-10.4933 56.0806 -0.624433 0.0690008 -0.978242 -0.195657
-10.3873 56.4015 -2.15858 0.0480034 -0.978818 -0.199027
-9.02141 56.1023 -0.146497 0.0783219 -0.98131 -0.175775
-7.90211 55.9394 1.35625 0.0888672 -0.984621 -0.150411
-6.62096 55.8517 2.76029 0.0992892 -0.985258 -0.139311
-4.20049 55.9564 3.8919 0.105045 -0.988035 -0.112928
-5.90711 56.0225 2.01501 0.0828299 -0.988624 -0.125546
-7.40278 56.1208 0.442124 0.0720025 -0.986114 -0.149647
-8.58559 56.2986 -1.12033 0.0645098 -0.98336 -0.169829
-9.72011 56.5388 -2.69118 0.0381537 -0.979996 -0.195326
-10.1025 56.6626 -3.33563 0.0209308 -0.976377 -0.21506
-9.80918 56.917 -4.4737 0.00824825 -0.976273 -0.216387
-8.79577 56.6077 -2.87563 0.0319391 -0.982495 -0.183528
-7.65543 56.3931 -1.3761 0.0485356 -0.985165 -0.1646
-6.21013 56.2289 0.313756 0.0720649 -0.986709 -0.14564
-4.83555 56.1503 1.70804 0.0811492 -0.988782 -0.125396
-3.56236 56.1195 3.01873 0.106517 -0.988626 -0.106171
-1.81265 56.1855 4.47679 0.1228 -0.988854 -0.0841944
-0.503566 56.2983 5.44973 0.152967 -0.985856 -0.068472
11.589 59.5175 7.31998 0.328882 -0.944144 0.0206953
9.69207 58.8733 7.29694 0.314024 -0.94916 0.0220121
7.73037 58.2383 7.17415 0.301568 -0.953336 0.0144206
5.80046 57.6514 6.94043 0.280096 -0.959886 0.0128735
3.90411 57.143 6.57312 0.237588 -0.971366 0.000307273
1.89665 56.7145 5.70334 0.202095 -0.978707 -0.0359221
0.239917 56.4769 4.50166 0.148582 -0.986906 -0.0627742
-1.42813 56.3341 3.303 0.123516 -0.988679 -0.0851907
-3.00272 56.2803 2.04477 0.0943223 -0.989967 -0.105206
-4.5116 56.3025 0.687944 0.0699251 -0.990637 -0.117255
-5.96416 56.4012 -0.795774 0.0581825 -0.988499 -0.13959
-7.32094 56.5761 -2.40826 0.0375003 -0.987075 -0.155809
-8.51533 56.827 -3.99024 0.0189957 -0.983487 -0.179979
-9.46817 57.1442 -5.51137 -0.015234 -0.97159 -0.236178
-8.95093 57.2675 -6.10083 -0.0321855 -0.972671 -0.229944
-7.81075 56.9218 -4.44366 0.00413863 -0.983659 -0.179994
-6.39544 56.656 -2.69629 0.0357332 -0.988574 -0.14644
-5.02075 56.4987 -1.14146 0.0487361 -0.99101 -0.124594
-3.58492 56.4205 0.26017 0.0771303 -0.990916 -0.110167
-2.03868 56.4213 1.49201 0.095381 -0.991487 -0.0886392
-0.21004 56.5177 2.83104 0.126746 -0.98967 -0.0669972
1.51119 56.6993 4.08526 0.178089 -0.983206 -0.0398872
3.27367 57.0178 5.08953 0.20581 -0.978482 -0.0146594
5.19405 57.4647 5.74433 0.249373 -0.968383 0.00685618
7.49031 58.1416 6.15056 0.287833 -0.95756 0.0151913
9.57271 58.8128 6.32437 0.313464 -0.949383 0.0203204
11.0441 59.3082 6.36479 0.324887 -0.945394 0.026053
10.2105 59.0016 5.37318 0.31609 -0.948329 0.0275369
8.1744 58.3351 5.20678 0.302752 -0.952763 0.024183
6.12033 57.7138 4.86264 0.273229 -0.961837 0.014662
4.18551 57.2159 4.20557 0.233095 -0.972347 0.0144432
2.2655 56.862 3.16018 0.169959 -0.985368 -0.0127766
0.478182 56.6589 1.96873 0.122182 -0.99052 -0.0627806
-1.53894 56.5494 0.600897 0.0912975 -0.991687 -0.0906771
-3.29037 56.5482 -0.766401 0.0633664 -0.992465 -0.104876
-4.73376 56.6479 -2.18555 0.0435811 -0.990333 -0.131688
-6.15923 56.8241 -3.74929 0.0126482 -0.987256 -0.158637
-7.4415 57.1043 -5.39705 0.00143184 -0.982174 -0.18797
-8.63971 57.468 -7.00773 -0.0375624 -0.973754 -0.224484
-8.50251 57.7382 -8.20414 -0.0670225 -0.970218 -0.232777
-7.3255 57.336 -6.6109 -0.0326919 -0.976833 -0.21149
-6.10386 57.0336 -5.01525 0.00137965 -0.98613 -0.16597
-4.65538 56.8152 -3.44337 0.0216992 -0.990782 -0.13372
-3.19159 56.6872 -1.93651 0.0490552 -0.992303 -0.113707
-1.56806 56.6626 -0.68656 0.076006 -0.993177 -0.0884498
0.11703 56.7125 0.525629 0.103192 -0.992259 -0.0690847
1.85985 56.8526 1.56856 0.120807 -0.991853 -0.0404268
3.80148 57.1447 2.72754 0.193592 -0.981081 -0.00166688
5.5759 57.5483 3.57529 0.249959 -0.968106 0.017084
7.77223 58.1791 4.10912 0.284396 -0.958361 0.0257393
9.35526 58.6884 4.33279 0.306817 -0.951339 0.0285896
8.03663 58.2327 3.10583 0.29555 -0.954976 0.0259151
6.12925 57.6812 2.55593 0.244931 -0.969521 0.00611989
4.28437 57.2537 1.71133 0.206448 -0.978382 -0.0121803
2.50689 56.9829 0.65922 0.143824 -0.988793 -0.0400464
0.731944 56.8312 -0.28868 0.100594 -0.99267 -0.0669809
-1.09031 56.7698 -1.54213 0.0663141 -0.99435 -0.0828854
-2.79164 56.8128 -2.87776 0.0411951 -0.993089 -0.1099
-4.17152 56.9378 -4.27171 0.012642 -0.990695 -0.135509
-5.58525 57.1526 -5.74521 -0.00484893 -0.986311 -0.164823
-6.99537 57.5086 -7.47286 -0.0499176 -0.979609 -0.194616
-8.09665 57.9173 -9.06807 -0.0704191 -0.974343 -0.213768
-7.24141 57.8866 -9.20884 -0.0702976 -0.97412 -0.214821
-5.88785 57.4531 -7.46062 -0.0441433 -0.980218 -0.192933
-4.58813 57.1819 -5.9809 -0.00977408 -0.987955 -0.154432
-3.15937 56.9924 -4.55893 0.0161913 -0.99194 -0.125671
-1.48853 56.8877 -3.04484 0.0451353 -0.993949 -0.100138
0.282721 56.8908 -1.79828 0.0748801 -0.994715 -0.0702535
2.02049 56.9868 -0.762081 0.112273 -0.992397 -0.0504195
3.79633 57.206 0.217257 0.165455 -0.985894 -0.025242
5.85608 57.6008 1.25171 0.232331 -0.97256 0.0121785
6.35124 57.7256 1.45832 0.252107 -0.967294 0.0280173
4.10877 57.282 -0.876287 0.156003 -0.987717 -0.00881676
2.16783 57.0595 -1.85882 0.104609 -0.992553 -0.0624086
0.337317 56.9784 -2.95507 0.0534447 -0.995675 -0.0759886
-1.4805 57.0177 -4.30494 0.0410433 -0.993803 -0.103305
-2.97469 57.1454 -5.70584 0.00888127 -0.990812 -0.134952
-4.3805 57.3539 -7.09548 -0.0208418 -0.988339 -0.150838
-5.83913 57.6978 -8.75057 -0.0601787 -0.979008 -0.194737
-3.11384 57.3409 -7.13796 -0.010719 -0.990384 -0.137933
-1.30046 57.1388 -5.38406 0.0205352 -0.992612 -0.119585
0.570912 57.078 -3.96221 0.0476669 -0.994726 -0.0908206
2.28147 57.1339 -2.99037 0.094396 -0.994072 -0.0539472
3.80868 57.2689 -2.21862 0.11761 -0.992617 -0.0296426
1.66514 57.1868 -4.54942 0.0616257 -0.995437 -0.0728564
0.5839 57.1836 -5.20921 0.0424101 -0.995098 -0.0893347
