-2.58989 68.8086 -20.2544 0.507265 0.852731 0.123152
-3.10109 69.3022 -21.4391 0.534075 0.835451 0.127868
-3.41481 69.6689 -22.372 0.548416 0.82404 0.142122
-3.6167 69.9747 -23.3334 0.5584 0.816362 0.147454
-3.27282 69.8682 -24.0463 0.552743 0.820334 0.146558
-2.86435 69.4492 -23.209 0.547082 0.824306 0.145672
-2.82705 69.2752 -22.3575 0.548165 0.824446 0.140718
-2.42322 68.8551 -21.2193 0.520228 0.846055 0.11642
-2.37366 68.7672 -20.8021 0.51755 0.845965 0.127854
-1.66771 68.3441 -20.7794 0.478179 0.875114 0.0742872
-1.92504 68.6568 -22.0563 0.531735 0.839576 0.111223
-2.2039 68.9775 -23.0227 0.52455 0.840281 0.133582
-2.39893 69.2647 -23.9164 0.547553 0.824055 0.145321
-2.78345 69.6461 -24.698 0.563781 0.812531 0.145788
-2.99027 69.9706 -25.5498 0.577108 0.799914 0.164575
-3.31463 70.3415 -26.24 0.598068 0.780096 0.179305
-3.52727 70.7676 -27.1587 0.615491 0.759551 0.210366
-3.75755 71.1841 -27.9887 0.625608 0.746995 0.223981
-3.87238 71.6055 -28.9913 0.63616 0.735027 0.234596
-3.98846 71.9726 -29.8543 0.649609 0.728043 0.219002
-4.16409 72.3969 -30.7598 0.675915 0.704221 0.213965
-4.71889 73.1897 -31.405 0.725148 0.643758 0.241209
-5.18629 73.4814 -30.7408 0.726538 0.623179 0.286934
-5.27801 73.2318 -29.944 0.69688 0.66299 0.273499
-5.24092 72.8224 -28.9366 0.675164 0.699781 0.233365
-5.20475 72.441 -27.9413 0.671562 0.696411 0.253014
-5.08602 72.0734 -27.1588 0.642222 0.733178 0.223354
-5.02674 71.7437 -26.1993 0.639012 0.73799 0.216783
-4.78579 71.289 -25.252 0.607204 0.769731 0.197021
-4.59446 70.9375 -24.4775 0.596568 0.775004 0.205993
-4.2196 70.374 -23.2613 0.571002 0.803315 0.167111
-3.83992 69.8913 -22.0197 0.554996 0.818276 0.149593
-3.55624 69.5311 -21.0284 0.534444 0.830524 0.156636
-3.02895 69.0266 -19.9551 0.507265 0.852731 0.123152
-2.52689 68.6107 -18.9973 0.480657 0.866946 0.131812
-1.71658 68.0542 -17.8893 0.447529 0.88921 0.0931697
-1.06773 67.6284 -16.8921 0.423925 0.901018 0.0903762
-0.780553 67.4229 -16.0524 0.40096 0.91264 0.0785734
-0.251594 67.1788 -15.7227 0.383894 0.921364 0.0609367
-0.102301 67.1961 -16.8928 0.383942 0.921166 0.0635669
-0.410457 67.401 -17.664 0.433257 0.896346 0.0934716
-0.587675 67.5633 -18.4926 0.4343 0.896953 0.0828121
-0.907143 67.7968 -19.3007 0.460383 0.882129 0.0993889
-1.31261 68.0968 -20.1637 0.478434 0.874867 0.0755505
-0.768968 67.85 -20.748 0.478428 0.874869 0.0755671
-0.467329 67.6241 -19.9926 0.452445 0.889299 0.0666349
-0.137369 67.3965 -19.151 0.450301 0.890828 0.0604533
0.102694 67.2036 -18.2889 0.445083 0.892185 0.0768598
0.395359 67.015 -17.3029 0.388713 0.91932 0.0612622
0.671199 66.8385 -16.4054 0.388816 0.919261 0.0614912
0.89597 66.7067 -15.308 0.353372 0.934505 0.0427612
1.19607 66.5632 -14.2379 0.340267 0.939921 0.0276864
1.34304 66.4888 -13.3542 0.294485 0.955003 0.0353156
1.16464 66.5535 -13.5873 0.325878 0.944681 0.0364403
0.376258 66.8409 -13.8131 0.332839 0.942331 0.0349369
-0.32088 67.1426 -14.7002 0.371513 0.926686 0.0547139
-1.03421 67.4904 -15.478 0.391285 0.918038 0.0636397
-1.45007 67.7348 -16.1926 0.405107 0.909869 0.0895941
-2.02486 68.1042 -17.1284 0.413407 0.903083 0.116347
-2.49956 68.4466 -17.8202 0.448479 0.883798 0.133297
-3.09695 68.8757 -18.6613 0.480583 0.867044 0.13143
-3.47072 69.2443 -19.6636 0.509025 0.848502 0.144589
-3.95309 69.6587 -20.3844 0.523826 0.837955 0.15202
-4.2799 70.0615 -21.3903 0.546014 0.822295 0.159323
-4.55212 70.406 -22.2122 0.551437 0.820117 0.152722
-4.69601 70.6529 -23.0174 0.549679 0.801843 0.232999
-5.04869 71.1094 -23.8087 0.596568 0.775004 0.205993
-5.18828 71.4463 -24.6201 0.610837 0.77072 0.181297
-5.4778 71.9329 -25.5359 0.634637 0.740935 0.219662
-5.57742 72.2699 -26.3817 0.634687 0.740614 0.220598
-5.57695 72.523 -27.2012 0.628799 0.72062 0.292078
-5.79752 73.1942 -28.441 0.67336 0.698098 0.243192
-5.69439 73.398 -29.2997 0.691875 0.670912 0.266471
-5.68392 73.8482 -30.3432 0.724522 0.621822 0.296735
-5.56981 74.1295 -31.1771 0.726533 0.623184 0.286934
-5.4009 74.2938 -32.017 0.746392 0.604176 0.279054
-5.12235 74.0613 -32.2587 0.745322 0.606379 0.277108
-4.43168 73.1736 -32.1683 0.746558 0.606606 0.273277
-3.8929 72.412 -31.6952 0.710535 0.669377 0.216962
-3.59424 71.9453 -30.9522 0.654535 0.734639 0.178575
-3.39144 71.5273 -30.1451 0.649612 0.728037 0.219012
-3.31716 71.1859 -29.2305 0.649614 0.72804 0.218996
-3.19435 70.8355 -28.378 0.619151 0.758882 0.201866
-2.83295 70.227 -27.2315 0.614121 0.760613 0.210529
-2.57544 69.8179 -26.3184 0.582049 0.799531 0.148216
-2.21508 69.3587 -25.2942 0.563775 0.812535 0.145789
-1.77445 68.8876 -24.143 0.550838 0.82491 0.126889
-1.52628 68.601 -23.1649 0.501552 0.856506 0.121831
-1.25392 68.2931 -22.312 0.50768 0.845635 0.164812
-1.00247 68.0418 -21.5104 0.477899 0.875388 0.0728672
-0.854558 67.9124 -20.9294 0.478434 0.874862 0.0756098
-4.57114 71.5118 -26.7748 0.631952 0.746228 0.208599
-4.23182 71.4125 -27.4257 0.625608 0.746995 0.223981
-4.75136 72.1252 -28.2386 0.638419 0.732711 0.235672
-4.60716 71.6647 -27.1939 0.642221 0.733177 0.223358
-4.45045 71.1898 -25.9479 0.620987 0.758755 0.196478
-3.98748 70.9825 -26.5865 0.620577 0.757085 0.20422
-3.82377 70.5955 -25.6168 0.606426 0.775431 0.174035
-3.43977 70.1586 -24.8744 0.591399 0.790482 0.159328
-3.84429 70.2089 -23.7352 0.583605 0.790266 0.186775
-4.08612 70.5578 -24.456 0.587515 0.790367 0.173036
-4.23612 70.852 -25.2926 0.6214 0.760421 0.188736
-4.38078 71.0762 -25.7195 0.6214 0.760421 0.188737
-4.75603 72.8628 -30.287 0.68342 0.687194 0.243417
-4.68476 72.5454 -29.6545 0.663071 0.701769 0.260026
-4.40397 72.0378 -28.9043 0.63616 0.735027 0.234597
-4.69292 72.3463 -29.0587 0.662726 0.707484 0.245481
-4.76646 72.8305 -30.1798 0.663404 0.696062 0.274577
