-0.167741 66.1036 1.35168 -0.0559329 -0.992688 -0.106957
-0.788387 66.0302 2.30057 -0.0468038 -0.991308 -0.122932
-1.71928 65.9729 3.0931 -0.0426639 -0.990329 -0.131771
-3.00522 66.0388 3.13777 -0.0632366 -0.984273 -0.164941
-4.09395 66.2189 2.59373 -0.0821285 -0.978709 -0.187936
-5.05251 66.4221 2.0357 -0.105047 -0.973481 -0.203138
-5.93211 66.6358 1.52643 -0.120941 -0.96964 -0.212537
-6.99537 66.9588 0.783663 -0.136813 -0.962251 -0.235275
-7.85475 67.2674 0.117143 -0.150334 -0.953483 -0.260824
-8.67684 67.579 -0.482014 -0.168359 -0.946743 -0.274378
-9.47212 67.9678 -1.2907 -0.183699 -0.940273 -0.286434
-10.2741 68.3647 -2.00142 -0.205637 -0.930247 -0.303818
-11.2558 68.8928 -2.89066 -0.232068 -0.921446 -0.31158
-11.9031 69.3232 -3.64536 -0.252751 -0.911154 -0.325418
-12.4558 69.8229 -4.55513 -0.272975 -0.894786 -0.353331
-12.8986 70.2849 -5.36006 -0.289701 -0.884679 -0.365255
-13.2613 70.862 -6.38175 -0.307576 -0.85962 -0.407983
-13.5068 71.4924 -7.42245 -0.349633 -0.821432 -0.450562
-13.6692 72.112 -8.41146 -0.38466 -0.795823 -0.466422
-13.883 72.9585 -9.57875 -0.428522 -0.763433 -0.483069
-13.8735 73.7257 -10.6166 -0.461452 -0.70146 -0.543153
-13.9398 74.6101 -11.69 -0.524509 -0.65705 -0.541359
-13.9118 75.2438 -12.5074 -0.551786 -0.654082 -0.517406
-13.9218 76.093 -13.5803 -0.568087 -0.653439 -0.499797
-13.8814 76.7362 -14.5153 -0.61201 -0.656874 -0.440015
-13.7904 77.3385 -15.5787 -0.622267 -0.652941 -0.431799
-13.6843 77.9033 -16.5999 -0.633309 -0.643098 -0.430516
-13.686 78.5667 -17.5986 -0.657697 -0.622828 -0.423698
-13.6392 79.2085 -18.5451 -0.694521 -0.569628 -0.439505
-13.3943 79.9898 -19.919 -0.714891 -0.533899 -0.45077
-13.2472 80.7077 -20.9613 -0.733703 -0.500657 -0.459095
-13.0762 81.3903 -21.9648 -0.746798 -0.489354 -0.450361
-12.8437 81.9789 -22.9557 -0.770589 -0.457695 -0.443517
-12.6788 82.5784 -23.8233 -0.787573 -0.425267 -0.445955
-12.4714 83.1102 -24.6825 -0.796341 -0.406688 -0.447713
-12.2308 83.7183 -25.6763 -0.810937 -0.38923 -0.436889
-11.92 84.1277 -26.6454 -0.823822 -0.382917 -0.417962
-11.6009 84.5885 -27.6981 -0.841239 -0.356645 -0.406352
-11.3114 84.9887 -28.651 -0.844613 -0.353368 -0.402194
-10.9931 85.3657 -29.6826 -0.850573 -0.350808 -0.391647
-10.4898 85.4523 -30.9165 -0.863156 -0.349325 -0.3646
-9.93843 84.4329 -31.2196 -0.858102 -0.366668 -0.359455
-9.35612 83.1615 -31.2934 -0.855299 -0.379153 -0.353139
-8.8778 82.1061 -31.2683 -0.850396 -0.397136 -0.345121
-8.24582 80.8235 -31.3186 -0.84771 -0.411645 -0.334526
-7.65793 79.6872 -31.4099 -0.846348 -0.420104 -0.327389
-7.18361 78.6243 -31.2655 -0.84564 -0.427931 -0.319012
-6.7236 77.6533 -31.2058 -0.851233 -0.426111 -0.30632
-6.43698 76.7635 -30.7645 -0.853126 -0.42692 -0.299781
-6.62411 76.4448 -29.7339 -0.847077 -0.447013 -0.287033
-6.77096 76.0371 -28.6053 -0.837655 -0.473564 -0.271638
-6.85852 75.6652 -27.6397 -0.832438 -0.486418 -0.265414
-6.95247 75.2352 -26.5118 -0.809354 -0.520469 -0.272138
-6.95802 74.7528 -25.425 -0.794292 -0.546233 -0.265952
-6.88785 74.2218 -24.3438 -0.775628 -0.590612 -0.22266
-6.74148 73.7179 -23.4293 -0.759733 -0.616399 -0.207022
-6.57607 73.145 -22.2353 -0.728363 -0.659707 -0.183301
-6.34315 72.5555 -21.0146 -0.694309 -0.69069 -0.202192
-6.15332 72.1035 -19.9744 -0.648131 -0.734535 -0.200958
-5.68832 71.3801 -18.6729 -0.610307 -0.769049 -0.188532
-5.35882 70.9061 -17.7433 -0.572832 -0.79801 -0.183643
-4.87715 70.3755 -16.7535 -0.538305 -0.825569 -0.168016
-4.33137 69.8203 -15.6876 -0.517305 -0.83972 -0.165125
-3.84833 69.4122 -14.86 -0.47924 -0.865494 -0.145771
-3.24614 68.952 -13.8355 -0.439586 -0.886835 -0.140985
-2.48792 68.4702 -12.9367 -0.402199 -0.908016 -0.116193
-1.7571 68.0728 -12.1409 -0.366272 -0.925266 -0.0964747
-0.886266 67.653 -11.1725 -0.336986 -0.937781 -0.0837078
-0.134178 67.3382 -10.37 -0.294338 -0.953592 -0.0634669
0.607625 67.0701 -9.63066 -0.274552 -0.959541 -0.0624672
1.34108 66.8246 -8.68048 -0.230574 -0.971332 -0.0565276
1.97462 66.6201 -7.73139 -0.206073 -0.976799 -0.0582916
2.36996 66.4732 -6.5782 -0.183943 -0.981052 -0.0608503
2.41072 66.3946 -5.34128 -0.167042 -0.983076 -0.0752211
2.14869 66.3501 -4.09834 -0.148467 -0.986443 -0.0697527
1.7134 66.3402 -3.11008 -0.145316 -0.986652 -0.0734904
1.17078 66.3284 -2.02122 -0.119747 -0.989151 -0.0849515
0.728082 66.2796 -0.928394 -0.0965995 -0.9902 -0.100855
0.357246 66.2106 0.0903976 -0.0837566 -0.990967 -0.104718
-0.0484835 66.1284 1.08118 -0.0760819 -0.989099 -0.126072
0.879286 66.0273 1.51698 -0.0434713 -0.994428 -0.0958843
1.32596 66.1078 0.428826 -0.0580684 -0.993827 -0.0945288
1.68924 66.1716 -0.601726 -0.0794154 -0.993791 -0.0770273
2.19942 66.2042 -1.84592 -0.107186 -0.992515 -0.0585268
2.80289 66.1906 -2.899 -0.124578 -0.990905 -0.0508674
3.16844 66.2016 -3.91632 -0.118873 -0.991353 -0.055579
3.36697 66.2244 -4.946 -0.143029 -0.988217 -0.0543532
3.47557 66.2617 -6.0993 -0.159375 -0.986289 -0.0428259
3.26038 66.3406 -7.16661 -0.177962 -0.9834 -0.0343025
2.82126 66.4636 -8.1688 -0.187121 -0.981875 -0.0274878
2.28196 66.6185 -9.12778 -0.225384 -0.973929 -0.0246756
1.53895 66.8378 -10.102 -0.258669 -0.965501 -0.0299356
0.726894 67.1148 -10.9497 -0.282344 -0.957967 -0.0494074
0.0188081 67.3887 -11.6456 -0.310721 -0.9481 -0.0653875
-0.771869 67.7383 -12.5501 -0.357382 -0.931158 -0.0722654
-1.46612 68.0763 -13.3066 -0.399908 -0.912761 -0.0804126
-2.16899 68.4624 -13.9799 -0.402203 -0.908013 -0.116204
-2.72015 68.817 -14.7827 -0.439947 -0.893533 -0.0896903
-3.28229 69.2364 -15.7533 -0.490774 -0.863479 -0.114647
-3.88117 69.7424 -16.8091 -0.53574 -0.834687 -0.126401
-4.32292 70.1693 -17.6605 -0.564089 -0.814598 -0.133626
-4.71238 70.6033 -18.5427 -0.578836 -0.803379 -0.139751
-5.10335 71.1262 -19.602 -0.611638 -0.773548 -0.165899
-5.47537 71.6615 -20.6353 -0.663207 -0.731025 -0.160496
-5.66816 72.0638 -21.6464 -0.698114 -0.699636 -0.15214
-5.89227 72.5421 -22.7131 -0.715703 -0.677566 -0.169332
-6.04867 72.968 -23.6663 -0.754605 -0.635183 -0.164665
-6.26894 73.4984 -24.5788 -0.780526 -0.600299 -0.173683
-6.33566 73.9335 -25.5952 -0.79509 -0.567387 -0.214251
-6.34989 74.3747 -26.6369 -0.821121 -0.532735 -0.204314
-6.31098 74.8164 -27.7952 -0.840834 -0.489893 -0.23022
-6.24071 75.2225 -28.8499 -0.850961 -0.465577 -0.243109
-6.12083 75.6141 -29.9424 -0.855074 -0.448477 -0.260226
-5.91606 75.8917 -31.0342 -0.863339 -0.419847 -0.279829
-5.83942 76.4354 -32.0413 -0.861925 -0.413002 -0.294134
-6.24185 77.4459 -32.2727 -0.857568 -0.412598 -0.307099
-6.75 78.4473 -32.2046 -0.853367 -0.414211 -0.316534
-7.28832 79.6216 -32.2911 -0.85218 -0.412437 -0.321976
-7.82926 80.7274 -32.2701 -0.850704 -0.408985 -0.330203
-8.52931 82.1641 -32.2162 -0.854936 -0.399631 -0.330725
-8.94055 83.1332 -32.2876 -0.862017 -0.378337 -0.337325
-9.4173 84.1378 -32.1871 -0.861409 -0.368515 -0.349529
-9.88757 85.1747 -32.1021 -0.866241 -0.355666 -0.350875
-10.3299 86.1505 -31.968 -0.869692 -0.342092 -0.355822
-10.814 86.6316 -31.2437 -0.871367 -0.333086 -0.360237
-11.2673 86.3841 -29.976 -0.861224 -0.330814 -0.385818
-11.7013 86.0048 -28.7133 -0.847032 -0.347168 -0.402461
-12.0586 85.4845 -27.5404 -0.842349 -0.344655 -0.414319
-12.3575 85.0687 -26.6117 -0.827339 -0.365659 -0.426383
-12.6646 84.669 -25.7059 -0.811871 -0.374062 -0.448067
-12.9654 84.0578 -24.6428 -0.80088 -0.384422 -0.459125
-13.1991 83.5174 -23.7792 -0.78932 -0.406165 -0.460439
-13.4331 82.803 -22.749 -0.770384 -0.431582 -0.469302
-13.731 82.1587 -21.6635 -0.750503 -0.458289 -0.47592
-13.9414 81.4533 -20.6534 -0.729334 -0.490481 -0.47691
-14.0673 80.7357 -19.7086 -0.706906 -0.523262 -0.47572
-14.2822 80.2344 -18.8363 -0.6851 -0.544909 -0.483438
-14.4125 79.4924 -17.7676 -0.666352 -0.568652 -0.481919
-14.4909 78.8526 -16.8225 -0.632321 -0.63396 -0.445214
-14.4803 78.2264 -15.9298 -0.620504 -0.654734 -0.431623
-14.6617 77.5976 -14.7169 -0.6133 -0.659386 -0.434803
-14.7284 76.9898 -13.7556 -0.613879 -0.644785 -0.455409
-14.73 76.2835 -12.8862 -0.588627 -0.624633 -0.513168
-14.7733 75.3651 -11.7749 -0.549081 -0.635115 -0.543266
-14.8221 74.4051 -10.6465 -0.485912 -0.669471 -0.561676
-14.7419 73.5868 -9.70586 -0.454457 -0.699034 -0.552105
-14.7296 72.9575 -8.85024 -0.431629 -0.753775 -0.4955
-14.5758 72.2744 -7.93069 -0.381033 -0.775369 -0.503457
-14.4304 71.6555 -7.01872 -0.325474 -0.822236 -0.46682
-14.2184 71.0691 -6.10512 -0.300622 -0.848513 -0.433426
-13.9063 70.5447 -5.19006 -0.289708 -0.884676 -0.365256
-13.5085 70.0097 -4.22873 -0.262306 -0.888552 -0.376164
-12.9691 69.5316 -3.40356 -0.247209 -0.901637 -0.354876
-12.4337 69.1026 -2.64178 -0.234026 -0.910729 -0.340302
-11.6616 68.6202 -1.81282 -0.213981 -0.920983 -0.325579
-10.6378 68.1137 -0.989384 -0.192882 -0.927611 -0.319896
-9.82969 67.6903 -0.155606 -0.163934 -0.941957 -0.292983
-8.84322 67.2656 0.714392 -0.148673 -0.949812 -0.275234
-7.77029 66.8985 1.46197 -0.136438 -0.95614 -0.259192
-6.94536 66.6284 2.07177 -0.130555 -0.961117 -0.24333
-6.03139 66.3818 2.68757 -0.101632 -0.967834 -0.230148
-4.99192 66.1667 3.24365 -0.0741061 -0.97494 -0.209393
-3.89107 65.9558 3.91701 -0.0513699 -0.981746 -0.1831
-2.91439 65.8375 4.29467 -0.0371951 -0.983273 -0.177528
-1.42552 65.8012 4.20117 -0.0263457 -0.987963 -0.152087
-0.472067 65.8603 3.52631 -0.0354564 -0.990666 -0.131235
0.339338 65.9495 2.50267 -0.0508167 -0.991946 -0.115851
0.638191 65.9859 2.01872 -0.0420423 -0.99385 -0.102448
1.51827 65.8943 2.54012 -0.0438937 -0.993477 -0.105202
0.921828 65.8168 3.52833 -0.0275061 -0.99419 -0.104065
0.129483 65.7364 4.4261 -0.0185948 -0.993613 -0.111296
-1.04921 65.6419 5.24379 0.00180592 -0.990527 -0.136768
-2.1433 65.6238 5.45894 -0.0213301 -0.985744 -0.166868
-3.24749 65.6682 5.33805 -0.0232028 -0.984624 -0.173049
-4.22226 65.7802 4.94488 -0.0511395 -0.980621 -0.189124
-5.23146 65.9666 4.28647 -0.0607624 -0.975392 -0.211939
-6.36162 66.1878 3.63148 -0.0615622 -0.969797 -0.236018
-7.24238 66.4309 3.00177 -0.0910991 -0.966509 -0.239849
-8.4037 66.7905 2.16612 -0.1251 -0.955007 -0.26884
-9.47033 67.1087 1.57384 -0.133007 -0.949213 -0.285137
-10.1774 67.4173 0.898491 -0.145748 -0.94556 -0.290988
-10.99 67.7888 0.17608 -0.162372 -0.932931 -0.321366
-11.9246 68.2525 -0.615476 -0.197651 -0.920911 -0.335934
-12.6228 68.6866 -1.37088 -0.21118 -0.917667 -0.336586
-13.3296 69.1542 -2.16525 -0.230131 -0.909571 -0.346007
-13.9624 69.6557 -3.03775 -0.232187 -0.902597 -0.362501
-14.5361 70.2136 -4.00718 -0.24237 -0.889917 -0.385897
-14.8859 70.696 -4.85971 -0.265651 -0.87527 -0.403692
-15.156 71.2322 -5.78404 -0.266514 -0.841853 -0.469163
-15.3653 71.8411 -6.73323 -0.263 -0.837249 -0.479422
-15.5376 72.5996 -7.72554 -0.359055 -0.775124 -0.519868
-15.6926 73.2706 -8.53778 -0.433096 -0.705354 -0.561163
-15.6552 73.9258 -9.38521 -0.446272 -0.694738 -0.564044
-15.7647 74.7517 -10.2587 -0.478238 -0.64996 -0.590602
-15.7107 75.4604 -11.0744 -0.490679 -0.633175 -0.598321
-15.5878 76.3015 -12.0357 -0.523238 -0.599472 -0.605686
-15.609 77.1965 -12.9117 -0.61562 -0.577012 -0.536722
-15.5377 77.8073 -13.8275 -0.60222 -0.654845 -0.456628
-15.4517 78.425 -14.8651 -0.608079 -0.66094 -0.439767
-15.2792 78.8925 -15.8032 -0.610388 -0.664599 -0.430823
-15.3023 79.5347 -16.6321 -0.627694 -0.601901 -0.493675
-15.1583 80.1913 -17.588 -0.651695 -0.572651 -0.497358
-15.0565 80.8119 -18.4004 -0.68418 -0.53444 -0.495835
-14.7929 81.4514 -19.4156 -0.708143 -0.51372 -0.484382
-14.6172 82.3378 -20.5094 -0.722357 -0.452269 -0.523119
-14.4089 82.9428 -21.346 -0.75142 -0.432694 -0.49814
-14.1124 83.4543 -22.2549 -0.759866 -0.435204 -0.482909
-13.8501 84.0812 -23.1757 -0.773632 -0.379795 -0.505893
-13.6184 84.6632 -24.0144 -0.80355 -0.371517 -0.465034
-13.3177 85.2233 -24.9759 -0.809903 -0.357152 -0.465077
-13.0118 85.7116 -25.9156 -0.816871 -0.356603 -0.453372
-12.7305 86.1663 -26.7922 -0.827974 -0.351384 -0.436918
-12.3707 86.5861 -27.8041 -0.844064 -0.326615 -0.425148
-11.9579 87.1104 -29.0867 -0.860456 -0.315493 -0.4001
-11.5379 87.4421 -30.2704 -0.861119 -0.323995 -0.391793
-11.1899 87.7154 -31.3288 -0.873687 -0.325753 -0.361324
-10.8486 87.9339 -32.3573 -0.884333 -0.314782 -0.344772
-10.4105 87.4529 -33.0312 -0.881181 -0.330236 -0.338326
-10.0339 86.4502 -33.0234 -0.877416 -0.338428 -0.340011
-9.59418 85.4463 -33.1258 -0.87032 -0.354421 -0.341949
-9.1763 84.4332 -33.1302 -0.869929 -0.37157 -0.324284
-8.64197 83.2931 -33.2386 -0.865635 -0.378919 -0.327255
-8.11869 82.1065 -33.216 -0.860972 -0.394583 -0.320986
-7.58611 80.9598 -33.1903 -0.852432 -0.407631 -0.327408
-7.10097 79.9604 -33.2088 -0.852366 -0.408218 -0.326849
-6.63273 78.9881 -33.2229 -0.85498 -0.411384 -0.315866
-6.14625 77.972 -33.2177 -0.85664 -0.407755 -0.316064
-5.64351 76.9696 -33.2983 -0.859663 -0.401484 -0.315874
-5.12031 75.6216 -33.0125 -0.862876 -0.399964 -0.308987
-5.30436 75.3129 -32.0611 -0.868028 -0.404909 -0.287359
-5.48233 74.9005 -30.8407 -0.866793 -0.427429 -0.256854
-5.67892 74.6493 -29.7537 -0.859275 -0.443077 -0.255596
-5.72883 74.1752 -28.598 -0.854741 -0.472483 -0.214781
-5.76315 73.7846 -27.5664 -0.838913 -0.513694 -0.179844
-5.74234 73.3946 -26.5488 -0.834943 -0.52154 -0.175416
-5.7007 73.0309 -25.5124 -0.797609 -0.582238 -0.157196
-5.48499 72.4802 -24.4202 -0.747331 -0.649354 -0.140841
-5.29659 72.0507 -23.4854 -0.744266 -0.651113 -0.148725
-5.07695 71.6095 -22.4297 -0.741969 -0.66293 -0.100025
-4.81353 71.2152 -21.4365 -0.663455 -0.738222 -0.12188
-4.50026 70.7813 -20.4625 -0.644819 -0.754648 -0.121304
-4.18373 70.369 -19.541 -0.620717 -0.770807 -0.143411
-3.73973 69.9148 -18.5721 -0.568589 -0.81548 -0.107441
-3.3315 69.5184 -17.7182 -0.539816 -0.836667 -0.0926678
-2.8374 69.1184 -16.8637 -0.508732 -0.854927 -0.101446
-2.31345 68.7284 -16.0066 -0.472734 -0.878262 -0.0658807
-1.78526 68.3921 -15.1363 -0.430275 -0.898411 -0.087071
-0.814103 67.8757 -14.1661 -0.395716 -0.91625 -0.0624137
-0.211352 67.5725 -13.3465 -0.379837 -0.923999 -0.0441512
0.557957 67.246 -12.5478 -0.338837 -0.939561 -0.0478629
1.26886 66.9769 -11.8143 -0.30256 -0.952997 -0.0153632
2.16371 66.6929 -10.9121 -0.269511 -0.962742 -0.0221773
3.14718 66.4252 -9.83256 -0.235235 -0.971874 -0.0111741
3.59937 66.3237 -8.79101 -0.191311 -0.981343 -0.0187514
4.13868 66.2054 -7.77451 -0.169078 -0.984947 -0.035091
4.446 66.1151 -6.53325 -0.155539 -0.987437 -0.0100839
4.41285 66.09 -5.33088 -0.136454 -0.99003 -0.0349347
4.26113 66.0663 -4.05738 -0.112272 -0.993305 -0.0231642
3.94122 66.0727 -3.04673 -0.110213 -0.993032 -0.0414941
3.50138 66.0779 -2.05844 -0.103518 -0.993604 -0.0449047
3.02826 66.0867 -1.09379 -0.100607 -0.994167 -0.0362641
2.62872 66.0669 -0.070213 -0.0671521 -0.995707 -0.061771
2.21857 66.0103 0.98601 -0.0449674 -0.996191 -0.0747112
1.78412 65.938 2.01502 -0.0373672 -0.994475 -0.0981004
1.64972 65.916 2.28897 -0.0395401 -0.993901 -0.102812
-1.29041 66.1039 1.99466 -0.0670237 -0.988139 -0.138167
-2.19247 66.0699 2.63782 -0.071538 -0.985264 -0.155364
-3.19969 66.2383 2.06045 -0.0868206 -0.982074 -0.16731
-2.25089 66.2662 1.38891 -0.0806601 -0.984977 -0.152689
-1.20481 66.2792 0.652262 -0.0931255 -0.986713 -0.133133
-0.13945 66.2749 -0.11243 -0.0855924 -0.990846 -0.104397
0.494771 66.3939 -1.8271 -0.107716 -0.990055 -0.0904866
-0.629681 66.4402 -1.02823 -0.108322 -0.986065 -0.12626
-1.64323 66.4617 -0.311801 -0.122349 -0.981725 -0.145762
-2.74774 66.4627 0.46283 -0.104192 -0.981386 -0.161324
-3.92706 66.4492 1.28063 -0.107904 -0.976028 -0.189012
-4.52016 66.4361 1.68677 -0.116652 -0.974674 -0.190795
-5.2876 66.6872 0.92669 -0.127408 -0.968873 -0.212256
-3.85202 66.6822 -0.0388808 -0.134479 -0.973726 -0.183776
-2.86293 66.6769 -0.720015 -0.128805 -0.977069 -0.169546
-1.831 66.6451 -1.44081 -0.142171 -0.978688 -0.148183
-0.882309 66.6067 -2.09734 -0.142542 -0.980449 -0.135656
0.214356 66.5336 -2.89705 -0.136845 -0.986914 -0.0852901
1.30956 66.4454 -3.70987 -0.144129 -0.986705 -0.0751054
1.41149 66.4364 -3.78718 -0.145115 -0.986557 -0.0751439
1.80794 66.4993 -5.36409 -0.170292 -0.98268 -0.0730788
0.8639 66.5988 -4.64215 -0.162579 -0.982484 -0.0910677
-0.0525345 66.6865 -3.96427 -0.162522 -0.981024 -0.105725
-1.15587 66.7791 -3.16474 -0.169079 -0.978496 -0.118146
-2.1675 66.8496 -2.46547 -0.172478 -0.973769 -0.14841
-3.19268 66.9004 -1.73788 -0.165957 -0.972156 -0.16544
-4.13176 66.9386 -1.10617 -0.148585 -0.969427 -0.195279
-5.21223 66.9577 -0.387354 -0.150988 -0.963792 -0.219789
-6.15362 66.9641 0.237039 -0.15389 -0.960648 -0.231241
-6.19507 66.9641 0.264706 -0.153884 -0.960475 -0.231966
-7.20348 67.2731 -0.334884 -0.160029 -0.959912 -0.23013
-6.24042 67.2601 -0.960687 -0.171555 -0.955822 -0.238691
-5.10636 67.2254 -1.70461 -0.174473 -0.960972 -0.214691
-4.09995 67.1816 -2.36789 -0.179434 -0.965683 -0.187774
-3.06268 67.1088 -3.07539 -0.195693 -0.967078 -0.162681
-1.88646 67.0132 -3.90725 -0.188543 -0.97198 -0.140379
-0.881132 66.9168 -4.61609 -0.181293 -0.975672 -0.123276
0.288592 66.7911 -5.46924 -0.199442 -0.974528 -0.102561
1.37327 66.649 -6.28544 -0.202482 -0.976382 -0.0753626
1.76034 66.5873 -6.57437 -0.196384 -0.978288 -0.0662253
1.43318 66.7248 -7.57192 -0.206075 -0.976798 -0.0582997
0.422698 66.8942 -6.80997 -0.221861 -0.970985 -0.0892535
-0.674203 67.0534 -6.00115 -0.213167 -0.971141 -0.106977
-1.64954 67.1685 -5.30769 -0.217009 -0.96684 -0.134642
-2.61393 67.2755 -4.63961 -0.225454 -0.960724 -0.1618
-3.75765 67.3855 -3.82879 -0.21478 -0.959744 -0.181
-4.96442 67.4867 -3.03287 -0.207944 -0.958565 -0.19471
-6.09285 67.5512 -2.29998 -0.195772 -0.952885 -0.231696
-7.16503 67.5973 -1.61642 -0.190001 -0.94835 -0.254031
-8.07891 67.6191 -1.02397 -0.182344 -0.950073 -0.253202
-8.87348 67.9862 -1.75683 -0.197341 -0.94387 -0.26489
-7.80556 67.9519 -2.44533 -0.206058 -0.943399 -0.259883
-6.65694 67.881 -3.17055 -0.221317 -0.943655 -0.246038
-5.33854 67.7835 -4.01587 -0.220642 -0.95107 -0.216295
-4.2847 67.6709 -4.70866 -0.233965 -0.952483 -0.195029
-3.22325 67.5571 -5.43109 -0.234851 -0.958715 -0.160345
-2.29927 67.4344 -6.06843 -0.227044 -0.963408 -0.142463
-1.22377 67.273 -6.81527 -0.239758 -0.963821 -0.116466
-0.196304 67.1025 -7.56824 -0.232196 -0.968515 -0.0897979
0.754887 66.9322 -8.28863 -0.237855 -0.968926 -0.0678694
0.187315 67.1443 -9.08942 -0.260313 -0.962251 -0.0794301
-0.808191 67.34 -8.33986 -0.257597 -0.960847 -0.102066
-1.81013 67.5259 -7.59995 -0.253925 -0.957473 -0.136995
-2.76476 67.6883 -6.94048 -0.24888 -0.955758 -0.156799
-3.96134 67.8718 -6.13385 -0.26224 -0.948593 -0.177204
-5.04391 68.0081 -5.41707 -0.254683 -0.94503 -0.205075
-6.04868 68.1208 -4.77334 -0.245485 -0.943474 -0.222699
-7.09111 68.2239 -4.11723 -0.23907 -0.940847 -0.240109
-8.2779 68.31 -3.36635 -0.224193 -0.936348 -0.270164
-9.30116 68.3677 -2.7252 -0.216177 -0.935084 -0.280867
-9.72824 68.3897 -2.46955 -0.216223 -0.935074 -0.280863
-10.5039 68.8171 -3.24363 -0.234135 -0.925965 -0.296259
-9.38467 68.7475 -3.91794 -0.239052 -0.92961 -0.280499
-8.40928 68.6604 -4.49821 -0.243369 -0.933317 -0.263989
-7.29052 68.5561 -5.20103 -0.25221 -0.933851 -0.253598
-6.26011 68.4359 -5.84034 -0.255518 -0.938225 -0.233332
-5.22172 68.2918 -6.49593 -0.261416 -0.94376 -0.202433
-4.14716 68.1242 -7.19024 -0.289438 -0.938884 -0.186341
-3.1519 67.9348 -7.84573 -0.296448 -0.942886 -0.151937
-2.09872 67.7354 -8.5911 -0.274173 -0.953306 -0.126634
-1.06687 67.525 -9.35077 -0.298099 -0.948474 -0.107394
-0.591379 67.4141 -9.70252 -0.270443 -0.958825 -0.0866879
-1.06213 67.6439 -10.5216 -0.313079 -0.943945 -0.104645
-1.99794 67.8771 -9.8413 -0.319315 -0.938819 -0.129064
-3.04231 68.111 -9.1077 -0.320387 -0.933805 -0.159251
-4.32948 68.3748 -8.2274 -0.29559 -0.941277 -0.163167
-5.35728 68.5674 -7.57129 -0.298332 -0.9311 -0.209882
-6.47093 68.7528 -6.89055 -0.293258 -0.928926 -0.226046
-7.46181 68.8892 -6.26936 -0.282755 -0.924501 -0.255631
-8.71942 69.0417 -5.51573 -0.263551 -0.923356 -0.279204
-9.89656 69.169 -4.84099 -0.26096 -0.916942 -0.301857
-10.9805 69.26 -4.20129 -0.254746 -0.91538 -0.311742
-11.3588 69.2903 -3.97396 -0.261657 -0.910225 -0.320976
-11.8055 69.7671 -4.93327 -0.289618 -0.89338 -0.343501
-10.5457 69.6323 -5.65329 -0.28151 -0.902774 -0.325194
-9.41914 69.4952 -6.30352 -0.292026 -0.907785 -0.301078
-8.39773 69.3486 -6.88631 -0.295781 -0.911142 -0.28694
-7.12757 69.1584 -7.63953 -0.314078 -0.912016 -0.263784
-6.00185 68.9534 -8.31018 -0.325525 -0.915811 -0.235212
-4.86236 68.721 -9.02474 -0.34094 -0.918837 -0.198742
-3.79371 68.4786 -9.72436 -0.339579 -0.924174 -0.174896
-2.61174 68.1871 -10.5505 -0.344293 -0.928869 -0.136618
-1.74492 67.956 -11.1685 -0.340633 -0.933353 -0.113235
-2.34308 68.2723 -11.8765 -0.368662 -0.921377 -0.123094
-3.27967 68.5391 -11.2097 -0.37044 -0.915052 -0.159542
-4.20211 68.7874 -10.5752 -0.35556 -0.916746 -0.182083
-5.4309 69.0953 -9.78014 -0.340945 -0.918836 -0.198737
-6.53035 69.3487 -9.10418 -0.324869 -0.913351 -0.245458
-7.7533 69.5911 -8.38427 -0.332319 -0.903377 -0.271062
-9.10837 69.8342 -7.64083 -0.317166 -0.898336 -0.303972
-10.3256 70.0234 -6.95864 -0.321494 -0.887791 -0.329345
-11.5111 70.1973 -6.30899 -0.317736 -0.884259 -0.342242
-12.3918 70.3191 -5.84227 -0.297312 -0.881359 -0.367167
-12.796 70.9015 -6.83056 -0.327816 -0.857289 -0.396978
-11.7966 70.7272 -7.33734 -0.356464 -0.850995 -0.38567
-10.7815 70.5471 -7.8671 -0.327696 -0.871026 -0.365962
-9.5344 70.3072 -8.53074 -0.353533 -0.872059 -0.33842
-8.52461 70.0979 -9.06291 -0.348947 -0.884538 -0.309562
-7.47138 69.867 -9.63869 -0.359474 -0.88953 -0.281986
-6.38462 69.6055 -10.2853 -0.383595 -0.890985 -0.242901
-5.34274 69.3399 -10.9392 -0.396057 -0.892935 -0.214022
-4.41324 69.0713 -11.5433 -0.397173 -0.898436 -0.187261
-3.41782 68.7685 -12.2039 -0.381541 -0.912224 -0.149244
-2.89178 68.6004 -12.5911 -0.392359 -0.909695 -0.136051
-3.46845 68.9557 -13.2457 -0.427808 -0.890566 -0.154507
-4.67456 69.3661 -12.4101 -0.410449 -0.894868 -0.17534
-5.80866 69.7293 -11.7015 -0.396058 -0.892932 -0.214034
-6.76037 70.0115 -11.1351 -0.398773 -0.883526 -0.245686
-7.71485 70.2748 -10.5648 -0.386842 -0.878237 -0.281163
-8.73391 70.5433 -10.0153 -0.399236 -0.854297 -0.332847
-9.96574 70.8438 -9.40396 -0.373053 -0.855828 -0.358315
-11.073 71.0915 -8.82928 -0.380073 -0.830555 -0.40709
-12.1761 71.3469 -8.28884 -0.38837 -0.821909 -0.416694
-12.7683 71.4682 -7.99396 -0.376188 -0.826426 -0.41893
-13.0623 72.1536 -8.99736 -0.402717 -0.787684 -0.466232
-11.9577 71.8676 -9.52449 -0.422783 -0.799187 -0.427264
-10.796 71.5656 -10.0801 -0.412239 -0.80753 -0.421847
-9.78196 71.2508 -10.5392 -0.423767 -0.827221 -0.368954
-8.6454 70.9082 -11.1064 -0.450423 -0.830374 -0.328021
-7.68313 70.6047 -11.6417 -0.434432 -0.854196 -0.28569
-6.29891 70.162 -12.4293 -0.434359 -0.868324 -0.239469
-5.1425 69.748 -13.15 -0.436122 -0.88067 -0.184978
-4.15205 69.3823 -13.8034 -0.443135 -0.88158 -0.162627
-4.00643 69.3304 -13.9065 -0.428186 -0.889866 -0.157464
-4.36053 69.6727 -14.7228 -0.469373 -0.868232 -0.160819
-5.32054 70.0534 -14.053 -0.475343 -0.856327 -0.201871
-6.53634 70.5254 -13.3095 -0.471919 -0.847755 -0.242081
-7.5697 70.9194 -12.7246 -0.49084 -0.82431 -0.282114
-8.57316 71.2974 -12.1731 -0.489612 -0.815738 -0.30798
-9.68591 71.7079 -11.6114 -0.470686 -0.796468 -0.379596
-10.8532 72.1004 -11.0885 -0.447079 -0.789004 -0.421419
-12.1216 72.5172 -10.5186 -0.442822 -0.780725 -0.440882
-13.1995 72.8562 -10.0107 -0.426174 -0.757263 -0.494903
-13.4096 73.6483 -10.9456 -0.500484 -0.708201 -0.497963
-12.2389 73.1891 -11.4622 -0.479096 -0.736602 -0.477373
-11.1157 72.7456 -11.9575 -0.488081 -0.749064 -0.447972
-10.0124 72.304 -12.4717 -0.504072 -0.77875 -0.373444
-8.88667 71.8283 -13.0189 -0.519736 -0.786765 -0.332981
-7.75474 71.334 -13.623 -0.528946 -0.796268 -0.293553
-6.61932 70.8539 -14.2785 -0.506734 -0.825375 -0.248953
-5.32594 70.2999 -15.0838 -0.491622 -0.848518 -0.195767
-4.89164 70.1056 -15.3833 -0.51731 -0.839716 -0.165128
-5.27314 70.4987 -16.1125 -0.523497 -0.832097 -0.183208
-6.24718 70.964 -15.4832 -0.538328 -0.813975 -0.218285
-7.14859 71.3956 -14.9561 -0.544448 -0.798028 -0.258318
-8.11926 71.8662 -14.4098 -0.534428 -0.796592 -0.28254
-9.07838 72.3483 -13.9049 -0.558684 -0.762898 -0.325359
-10.1173 72.8492 -13.3972 -0.552009 -0.751367 -0.361572
-11.1532 73.3397 -12.9101 -0.542428 -0.717604 -0.436826
-12.3045 73.8785 -12.4025 -0.548925 -0.693024 -0.467332
-13.2898 74.3222 -11.9695 -0.52097 -0.677193 -0.519616
-13.4319 74.3828 -11.906 -0.520968 -0.677191 -0.51962
-13.4663 75.1454 -12.8592 -0.568222 -0.653607 -0.499922
-12.5292 74.6447 -13.271 -0.555857 -0.687759 -0.466916
-11.3529 74.027 -13.7844 -0.556895 -0.71135 -0.428776
-10.35 73.4637 -14.2445 -0.573996 -0.720937 -0.388303
-9.42094 72.9538 -14.6968 -0.581584 -0.739289 -0.339429
-8.52359 72.4555 -15.1682 -0.584721 -0.756761 -0.292256
-7.60371 71.9448 -15.6764 -0.574795 -0.77237 -0.270289
-6.70498 71.471 -16.2079 -0.581442 -0.774273 -0.249852
-5.62896 70.9081 -16.8728 -0.540913 -0.819049 -0.191238
-5.89154 71.2834 -17.6263 -0.595242 -0.77737 -0.203426
-6.90868 71.89 -17.0322 -0.58233 -0.773967 -0.24873
-7.86072 72.4475 -16.4859 -0.610862 -0.746084 -0.264963
-9.17927 73.2341 -15.7806 -0.611642 -0.724243 -0.318381
-10.2191 73.8931 -15.2769 -0.601671 -0.716148 -0.353729
-11.1385 74.4499 -14.8347 -0.598994 -0.698975 -0.390692
-12.2002 75.1008 -14.3757 -0.590444 -0.669641 -0.450508
-13.3784 75.841 -13.8973 -0.583784 -0.655129 -0.479586
-13.4763 75.8988 -13.8575 -0.582929 -0.659959 -0.473971
-13.3617 76.5286 -14.9426 -0.607793 -0.672151 -0.422849
-12.3989 75.8745 -15.3192 -0.630295 -0.668134 -0.39538
-11.3047 75.1157 -15.7627 -0.631632 -0.677653 -0.3766
-10.2584 74.3932 -16.2237 -0.624501 -0.700961 -0.34446
-9.38608 73.8013 -16.6411 -0.629839 -0.712357 -0.309598
-8.1113 72.9396 -17.2785 -0.623193 -0.730048 -0.280465
-7.0389 72.2372 -17.8474 -0.61829 -0.749266 -0.237316
-6.13853 71.6717 -18.3686 -0.623469 -0.755567 -0.201011
-6.53569 72.1733 -19.0243 -0.622493 -0.756251 -0.201462
-7.45661 72.8317 -18.546 -0.63654 -0.728859 -0.252154
-8.31076 73.4449 -18.1168 -0.641381 -0.718972 -0.267787
-9.27196 74.1413 -17.6487 -0.647428 -0.698372 -0.305144
-10.2402 74.8522 -17.2081 -0.651365 -0.682639 -0.331252
-11.1071 75.5106 -16.8533 -0.659071 -0.668794 -0.344006
-11.988 76.1833 -16.5165 -0.645876 -0.661774 -0.380656
-12.8854 76.8662 -16.2037 -0.634729 -0.653033 -0.413119
-13.3127 77.1914 -16.0618 -0.628796 -0.657057 -0.415802
-13.2029 77.7937 -17.1922 -0.650803 -0.642656 -0.404287
-12.1198 76.8887 -17.4993 -0.667461 -0.644678 -0.372675
-11.1867 76.1205 -17.8344 -0.668281 -0.654449 -0.353692
-10.2455 75.3379 -18.1845 -0.673798 -0.662986 -0.326261
-9.39219 74.6428 -18.5322 -0.665312 -0.682027 -0.303643
-8.49375 73.9374 -18.9397 -0.664174 -0.693195 -0.279918
-7.65172 73.2928 -19.3614 -0.671164 -0.698195 -0.249124
-6.69023 72.557 -19.8585 -0.662918 -0.722532 -0.19618
-6.86513 72.9647 -20.6617 -0.68587 -0.694067 -0.218754
-7.70617 73.6556 -20.2315 -0.671167 -0.698191 -0.249128
-8.53132 74.3428 -19.8396 -0.693449 -0.666265 -0.274264
-9.47116 75.1401 -19.4494 -0.684286 -0.663779 -0.301911
-10.4058 75.9654 -19.1012 -0.692527 -0.640889 -0.331162
-11.3515 76.7979 -18.7611 -0.683035 -0.630676 -0.36839
-12.2225 77.5887 -18.4918 -0.674689 -0.629189 -0.385896
-13.1502 78.4344 -18.2484 -0.666843 -0.620199 -0.413127
-13.2528 78.5286 -18.2223 -0.675088 -0.611964 -0.412016
-13.0208 79.0141 -19.2796 -0.692765 -0.581115 -0.427063
-12.0941 78.1215 -19.5534 -0.695937 -0.611603 -0.376316
-11.2732 77.3126 -19.7769 -0.700055 -0.612396 -0.367279
-10.3949 76.4717 -20.0748 -0.71248 -0.609424 -0.347816
-9.45832 75.5744 -20.3998 -0.711949 -0.628142 -0.313953
-8.60968 74.8004 -20.7393 -0.697696 -0.659522 -0.279734
-7.6335 73.9236 -21.1805 -0.713891 -0.655262 -0.246964
-7.12329 73.4845 -21.4321 -0.707727 -0.673324 -0.213908
-7.05012 73.7227 -22.3721 -0.730851 -0.652736 -0.19948
-7.99724 74.6245 -21.9428 -0.728877 -0.633563 -0.259491
-8.86575 75.4651 -21.5756 -0.724914 -0.62518 -0.289223
-9.84124 76.4338 -21.2103 -0.729801 -0.602402 -0.323268
-10.6105 77.2357 -20.9717 -0.724879 -0.591892 -0.352441
-11.6457 78.3172 -20.668 -0.729951 -0.565047 -0.384569
-12.5649 79.3288 -20.4347 -0.72268 -0.544723 -0.425452
-12.9844 79.7919 -20.321 -0.710651 -0.549968 -0.43876
-12.8485 80.4632 -21.33 -0.741372 -0.508519 -0.437923
-12.0711 79.4936 -21.5308 -0.748656 -0.509387 -0.424311
-11.2536 78.5523 -21.7577 -0.738883 -0.554626 -0.382677
-10.5207 77.7116 -21.9546 -0.743465 -0.562687 -0.361447
-9.65057 76.7434 -22.2101 -0.73771 -0.593505 -0.321768
-8.79108 75.8335 -22.5299 -0.742067 -0.595013 -0.308701
-7.87047 74.8707 -22.9013 -0.737708 -0.621124 -0.26456
-7.13126 74.1102 -23.2361 -0.747687 -0.623221 -0.229258
-7.29471 74.6467 -24.0516 -0.776049 -0.590076 -0.222618
-8.22247 75.6552 -23.6628 -0.765621 -0.578448 -0.281464
-9.0574 76.605 -23.3411 -0.758705 -0.563536 -0.326794
-9.83464 77.5106 -23.0879 -0.756215 -0.548767 -0.356361
-10.6175 78.4536 -22.8658 -0.763536 -0.522556 -0.379405
-11.3535 79.3633 -22.6723 -0.761336 -0.498406 -0.41468
-12.1414 80.4118 -22.4876 -0.762633 -0.487519 -0.425108
-12.4894 80.8906 -22.4101 -0.763777 -0.486363 -0.424377
-12.481 81.7885 -23.3891 -0.781504 -0.442845 -0.439476
-11.8135 80.8037 -23.5381 -0.778658 -0.460502 -0.426181
-10.976 79.6337 -23.7219 -0.769777 -0.499297 -0.397676
-10.208 78.6131 -23.9226 -0.77756 -0.513898 -0.362367
-9.44263 77.6409 -24.1401 -0.776707 -0.531688 -0.33769
-8.72047 76.7362 -24.3739 -0.771617 -0.544198 -0.329325
-7.99159 75.8486 -24.6372 -0.783387 -0.560297 -0.269021
-7.41134 75.1374 -24.8622 -0.794173 -0.546153 -0.266469
-7.34841 75.4794 -25.7519 -0.794407 -0.546317 -0.265435
-8.15716 76.5255 -25.4666 -0.790438 -0.537558 -0.293664
-9.11095 77.8094 -25.1649 -0.789916 -0.509082 -0.341861
-9.82057 78.7597 -24.9536 -0.788724 -0.500978 -0.356281
-10.6474 79.9193 -24.7426 -0.784513 -0.485261 -0.386085
-11.2792 80.8546 -24.5924 -0.789057 -0.453912 -0.413947
-11.9245 81.8332 -24.441 -0.790109 -0.440623 -0.426121
-12.2667 82.3713 -24.3602 -0.788124 -0.435011 -0.43546
-11.9405 82.7845 -25.361 -0.805836 -0.410073 -0.427163
-11.2431 81.6362 -25.5237 -0.798988 -0.441316 -0.408484
-10.5476 80.5477 -25.6883 -0.80178 -0.456783 -0.385355
-9.89152 79.5565 -25.857 -0.801899 -0.463575 -0.376904
-9.25813 78.6289 -26.036 -0.803663 -0.486976 -0.342023
-8.48667 77.5355 -26.2719 -0.811107 -0.494816 -0.311869
-7.69321 76.4077 -26.5125 -0.807827 -0.509597 -0.296185
-7.26264 75.7857 -26.642 -0.815393 -0.508897 -0.275967
-7.14865 76.111 -27.5599 -0.823116 -0.497417 -0.273964
-7.83818 77.1464 -27.3656 -0.817831 -0.486488 -0.30738
-8.47046 78.1071 -27.1846 -0.812234 -0.478279 -0.333954
-9.12349 79.1131 -26.9983 -0.816147 -0.464102 -0.344257
-9.8565 80.2409 -26.7974 -0.808996 -0.452525 -0.375162
-10.4949 81.2526 -26.6301 -0.813035 -0.437403 -0.384256
-11.0887 82.2556 -26.4879 -0.814988 -0.415752 -0.403664
-11.7263 83.3935 -26.3501 -0.815216 -0.397657 -0.421062
-11.4612 83.8928 -27.344 -0.829122 -0.379155 -0.41085
-10.8874 82.811 -27.4803 -0.826558 -0.403372 -0.392546
-10.3216 81.8114 -27.6099 -0.821727 -0.427125 -0.377264
-9.60375 80.5945 -27.7964 -0.81779 -0.440862 -0.369946
-9.00356 79.6141 -27.9525 -0.827161 -0.442187 -0.346809
-8.32735 78.5007 -28.124 -0.827013 -0.457694 -0.326445
-7.55875 77.281 -28.346 -0.833432 -0.465533 -0.297775
-7.09221 76.5375 -28.4648 -0.835925 -0.467687 -0.287225
-7.03876 77.0142 -29.3842 -0.847188 -0.439947 -0.297857
-7.69352 78.1128 -29.2071 -0.833942 -0.451808 -0.316875
-8.37031 79.2506 -29.0266 -0.831959 -0.443094 -0.333933
-8.93615 80.2304 -28.9001 -0.833984 -0.436383 -0.337699
-9.58128 81.3486 -28.7252 -0.833993 -0.422066 -0.35541
-10.1495 82.355 -28.5811 -0.832288 -0.403104 -0.380531
-10.7147 83.4218 -28.4501 -0.838881 -0.388675 -0.381065
-11.1916 84.3763 -28.3502 -0.840439 -0.370543 -0.395423
-10.8077 84.5778 -29.3636 -0.849728 -0.356587 -0.38834
-10.277 83.4837 -29.4751 -0.844901 -0.386522 -0.369788
-9.63491 82.244 -29.6197 -0.837006 -0.405144 -0.367804
-9.08707 81.2543 -29.7793 -0.84081 -0.41316 -0.349767
-8.46895 80.1571 -29.9497 -0.840172 -0.421867 -0.340791
-7.67292 78.7433 -30.1176 -0.841786 -0.4352 -0.319369
-6.97187 77.5182 -30.3081 -0.842902 -0.441332 -0.307802
-6.8511 77.2977 -30.3362 -0.855018 -0.42773 -0.293242
