-2.63093 70.5678 -23.6653 0.570028 0.809443 0.140963
-2.38803 70.2826 -22.8727 0.539278 0.835677 0.104032
-1.92653 69.8575 -21.927 0.510166 0.852124 0.116686
-1.71679 69.6127 -21.0662 0.505739 0.85462 0.117545
-1.9191 69.6743 -20.6432 0.505736 0.854621 0.117554
-2.37977 70.0848 -21.6058 0.525838 0.840614 0.127901
-2.67712 70.4046 -22.3538 0.540403 0.832386 0.121569
-3.01857 70.7495 -23.1258 0.57065 0.810889 0.129681
-3.10134 70.9636 -23.9502 0.603224 0.777214 0.179053
-3.17678 71.2009 -24.7428 0.603781 0.778072 0.17336
-3.45407 71.6689 -25.758 0.606944 0.767584 0.205992
-2.97055 71.1579 -25.3376 0.633637 0.747091 0.187827
-2.6406 70.762 -24.6703 0.617434 0.770053 0.160601
-2.75014 70.6722 -23.7827 0.570027 0.809442 0.14097
-1.98374 70.1572 -23.7905 0.545293 0.824054 0.153593
-2.06703 70.373 -24.9097 0.554997 0.827453 0.0845576
-2.37612 70.8088 -25.8374 0.640127 0.724657 0.255166
-2.75546 71.4247 -26.8424 0.604699 0.761946 0.2319
-2.98339 71.899 -27.8171 0.614167 0.757967 0.219739
-2.9958 72.2076 -28.7153 0.617835 0.744738 0.252278
-3.0018 72.5245 -29.6372 0.619575 0.74097 0.258883
-3.47223 73.2494 -30.5883 0.629847 0.737511 0.243658
-3.9492 73.5531 -30.2542 0.642396 0.713401 0.279963
-3.93321 73.0817 -29.0015 0.630822 0.729583 0.263894
-3.94795 72.7902 -28.1296 0.609643 0.748745 0.260224
-4.06947 72.5043 -26.9687 0.607888 0.757254 0.238616
-3.89596 72.1334 -26.1813 0.612283 0.760025 0.217854
-3.80406 71.823 -25.3012 0.609496 0.769168 0.191509
-3.64321 71.4983 -24.4531 0.608104 0.773978 0.176416
-3.50009 71.1318 -23.3463 0.591905 0.78507 0.182385
-3.27753 70.8428 -22.5706 0.569988 0.811293 0.130068
-2.94607 70.4864 -21.7741 0.555093 0.821712 0.129078
-2.48794 70.0256 -20.7076 0.517263 0.847879 0.116359
-2.08452 69.616 -19.5195 0.486589 0.864788 0.123987
-1.69916 69.2917 -18.7482 0.47227 0.874491 0.110571
-1.22851 68.9417 -18.0078 0.452679 0.885227 0.103716
-0.712622 68.6184 -17.2695 0.433664 0.896345 0.0921685
-0.161847 68.3099 -16.4582 0.390558 0.917529 0.0748629
0.568524 67.9858 -16.2246 0.374272 0.924788 0.0681523
0.22902 68.191 -17.1119 0.39865 0.914898 0.0635553
0.0532015 68.3137 -17.7764 0.39829 0.915098 0.0629386
-0.317382 68.5525 -18.6383 0.444866 0.891154 0.0890979
-0.701438 68.8417 -19.4329 0.466069 0.880573 0.0858544
-0.910067 69.078 -20.5945 0.500746 0.858208 0.112817
-1.23011 69.4101 -21.7309 0.511779 0.852157 0.108898
-1.66362 69.8436 -23.0164 0.521454 0.845765 0.112782
-1.96542 70.1203 -23.6577 0.536032 0.833099 0.134475
-1.39347 69.82 -24.077 0.536037 0.833094 0.134485
-1.04973 69.5116 -23.3325 0.51612 0.849398 0.110199
-0.786814 69.232 -22.4083 0.51589 0.849276 0.112179
-0.532327 68.9676 -21.4784 0.480592 0.870669 0.104721
-0.34515 68.7727 -20.6374 0.461957 0.883206 0.0803967
-0.0525272 68.5119 -19.5618 0.45994 0.883474 0.0890405
0.305901 68.2876 -18.8057 0.396498 0.914021 0.0857582
0.727626 68.0237 -17.8316 0.388381 0.91942 0.0607721
0.955557 67.8744 -16.9381 0.378116 0.923941 0.0579817
1.18973 67.7203 -16.0761 0.379225 0.92307 0.0642717
1.30172 67.6205 -15.0796 0.351181 0.934839 0.051677
1.60888 67.4528 -14.1582 0.321151 0.945828 0.045676
1.95365 67.3055 -13.35 0.309219 0.95004 0.0424949
2.114 67.2273 -12.7829 0.300897 0.952657 0.0427093
1.40563 67.4923 -13.5461 0.321159 0.945825 0.0456788
0.70856 67.7871 -14.2636 0.344111 0.936371 0.0692593
0.0788171 68.0921 -15.1028 0.370279 0.925571 0.0788118
-0.462977 68.3751 -15.7502 0.402121 0.910399 0.0973307
-1.06223 68.7569 -16.972 0.427777 0.900264 0.0808129
-1.68743 69.1475 -17.6962 0.471881 0.873763 0.117755
-2.20743 69.5351 -18.5024 0.482183 0.867109 0.123678
-2.55682 69.8545 -19.2689 0.517453 0.845477 0.131952
-2.74371 70.0967 -20.0905 0.517111 0.845915 0.130476
-3.25104 70.5635 -20.9812 0.554946 0.81942 0.143479
-3.53484 70.913 -21.8926 0.574503 0.805846 0.143384
-3.80221 71.2243 -22.652 0.569743 0.811476 0.13
-4.02506 71.5785 -23.5655 0.591915 0.785064 0.18238
-4.14898 71.9051 -24.4723 0.611695 0.770125 0.180935
-4.38413 72.2953 -25.3517 0.609496 0.769169 0.191509
-4.41512 72.5971 -26.334 0.618901 0.752638 0.22452
-4.51241 72.9846 -27.3095 0.625387 0.742985 0.238461
-4.39342 73.1859 -28.2149 0.617351 0.741504 0.262771
-4.5058 73.6393 -29.1637 0.625531 0.726755 0.283792
-4.42808 73.8864 -30.0002 0.643608 0.713332 0.277356
-4.2329 74.0572 -30.8833 0.641185 0.713468 0.282569
-4.01736 74.2392 -31.7779 0.669616 0.680218 0.298192
-3.4433 73.7048 -31.8481 0.662932 0.691979 0.285193
-3.08325 73.1001 -31.1265 0.622835 0.733962 0.270158
-2.71352 72.5342 -30.3663 0.616946 0.744762 0.254375
-2.53117 72.1119 -29.5719 0.618338 0.744247 0.252497
-2.43344 71.7332 -28.6947 0.618474 0.74418 0.252361
-2.36969 71.3966 -27.7998 0.6142 0.757982 0.219596
-2.08163 70.8282 -26.6449 0.614246 0.757858 0.219894
-1.80348 70.376 -25.8678 0.557024 0.78709 0.264434
-1.5374 70.0181 -24.9677 0.560676 0.824716 0.0740717
-1.40022 69.8556 -24.2443 0.547305 0.827123 0.124312
