1.24027 74.9173 -26.5782 0.555263 0.796973 0.237625
1.12316 75.1458 -27.064 0.559963 0.793646 0.23784
1.12928 75.3266 -27.6819 0.565995 0.786244 0.247558
1.25832 75.3899 -28.1924 0.566371 0.788097 0.240262
1.33993 75.1991 -27.7422 0.550272 0.799729 0.240069
1.39934 74.9895 -27.1824 0.550238 0.79949 0.240944
1.34565 74.8807 -26.6987 0.541347 0.807562 0.233645
1.46894 74.6136 -26.0164 0.533029 0.81629 0.2226
1.46458 74.4934 -25.5651 0.537666 0.813726 0.220757
1.31432 74.7017 -25.9649 0.542302 0.811163 0.218913
1.02474 74.9117 -26.0254 0.542302 0.811163 0.218913
1.0032 74.7762 -25.4701 0.542302 0.811163 0.218913
1.14889 74.5343 -24.9079 0.536392 0.821018 0.194701
1.1613 74.388 -24.2794 0.527071 0.82827 0.19003
1.18853 74.2641 -23.77 0.522218 0.835151 0.17266
1.31872 74.0548 -23.1889 0.510611 0.839415 0.186066
1.26756 73.9947 -22.7677 0.507212 0.842426 0.181807
1.67937 73.7364 -22.7053 0.501059 0.846378 0.180509
1.72903 73.8289 -23.2768 0.500972 0.846402 0.180641
1.60041 74.0217 -23.8407 0.519522 0.836592 0.173812
1.55248 74.1388 -24.261 0.519519 0.836591 0.173825
1.59994 74.2341 -24.8368 0.520095 0.834447 0.182207
1.69278 74.2877 -25.3382 0.513992 0.835635 0.193717
1.73317 74.3657 -25.7398 0.533029 0.81629 0.2226
1.73331 74.5078 -26.2613 0.533029 0.81629 0.2226
1.65307 74.6606 -26.6288 0.532453 0.815621 0.226396
1.72574 74.7404 -27.0871 0.532456 0.815632 0.226351
1.88735 74.8453 -27.8183 0.550272 0.799729 0.240069
1.79258 75.0596 -28.3172 0.559401 0.796269 0.229875
1.59916 75.3596 -28.8965 0.567937 0.791421 0.225985
1.28727 75.6808 -29.1591 0.592071 0.761792 0.262915
1.21676 75.5899 -28.7357 0.585163 0.772511 0.246502
1.01468 75.5354 -28.0725 0.582437 0.776224 0.241335
0.908675 75.42 -27.4739 0.565995 0.786244 0.247558
0.92417 75.23 -26.8764 0.559963 0.793646 0.23784
1.01365 75.0404 -26.4615 0.555263 0.796973 0.237625
0.994878 74.993 -26.2528 0.547977 0.805567 0.225125
0.674925 75.189 -26.1647 0.553644 0.799978 0.231329
0.58383 75.0628 -25.4929 0.543966 0.811664 0.212747
0.612907 74.9291 -25.0444 0.545618 0.812173 0.20658
0.683659 74.7198 -24.4084 0.536392 0.821018 0.194701
0.700932 74.5919 -23.8808 0.518119 0.835774 0.181489
0.765193 74.4492 -23.4275 0.514007 0.836406 0.190319
0.901459 74.2104 -22.7457 0.510602 0.83942 0.186069
1.01714 74.0628 -22.3918 0.504195 0.841333 0.1948
1.0787 73.8527 -21.5767 0.490566 0.850444 0.189973
1.34587 73.5965 -21.1196 0.490566 0.850444 0.189973
1.51158 73.4546 -20.8727 0.460936 0.873824 0.154821
1.37088 73.423 -20.2754 0.461065 0.873739 0.154918
1.50185 73.2877 -19.9023 0.461055 0.87374 0.154943
1.68152 73.099 -19.3726 0.455038 0.877743 0.14976
2.06706 72.8392 -18.9514 0.450164 0.883746 0.127852
2.15298 72.7452 -18.581 0.441106 0.889715 0.117554
2.1678 72.6861 -18.177 0.440723 0.890378 0.113974
2.35571 72.5555 -17.835 0.406795 0.907545 0.10398
2.51445 72.44 -17.4798 0.409021 0.905657 0.111744
2.74127 72.2785 -17.0013 0.39434 0.912813 0.104649
2.95748 72.1344 -16.6553 0.397158 0.903454 0.16136
3.19735 71.9644 -16.1752 0.332118 0.93782 0.100684
3.57817 71.7565 -15.5398 0.331622 0.937217 0.107938
3.64831 71.6987 -15.1221 0.291177 0.955049 0.0555833
3.90017 71.6046 -14.8388 0.290912 0.954956 0.0585513
3.96439 71.6007 -15.0952 0.29119 0.955043 0.0556017
3.85518 71.6568 -15.508 0.291362 0.95517 0.052521
3.78946 71.7271 -15.9336 0.331613 0.937221 0.10793
3.70302 71.8078 -16.403 0.33264 0.938416 0.0934086
3.60943 71.8892 -16.8874 0.364899 0.920935 0.127384
3.48971 71.9996 -17.2833 0.379586 0.92001 0.0974483
3.36141 72.0894 -17.6314 0.379645 0.919975 0.0975462
3.23727 72.1919 -18.1149 0.39434 0.912813 0.104649
3.00181 72.3497 -18.6389 0.412342 0.907152 0.083964
2.82188 72.4605 -18.9524 0.430217 0.896707 0.10061
2.748 72.5474 -19.3277 0.447905 0.886361 0.117239
2.58487 72.7082 -19.8089 0.454257 0.879217 0.143625
2.38011 72.8818 -20.2409 0.462318 0.87765 0.126459
2.33725 72.9947 -20.778 0.478227 0.866021 0.145969
2.28594 73.0836 -21.1373 0.478357 0.865981 0.145781
2.19641 73.2443 -21.7745 0.476884 0.865475 0.153411
2.15626 73.4394 -22.6366 0.500734 0.847344 0.176803
2.07112 73.5678 -23.0023 0.500907 0.84642 0.180735
2.00067 73.7311 -23.6156 0.510147 0.844809 0.161391
1.96825 73.8633 -24.1774 0.519526 0.836584 0.173838
1.96443 73.9924 -24.7705 0.520122 0.834436 0.182183
1.9897 74.0958 -25.2984 0.513995 0.835628 0.19374
2.0632 74.14 -25.6839 0.514005 0.835633 0.193693
2.10202 74.2201 -26.0895 0.533042 0.816283 0.222593
2.10039 74.3511 -26.5659 0.532746 0.81596 0.22447
2.10014 74.4915 -27.071 0.532456 0.815632 0.226351
2.18716 74.5562 -27.5089 0.532443 0.815637 0.226365
2.20873 74.6437 -27.8868 0.552312 0.806086 0.212531
2.20076 74.7869 -28.3891 0.568498 0.792569 0.220555
2.11958 74.9929 -28.9201 0.567928 0.791425 0.225994
1.8661 75.262 -29.2176 0.567365 0.790277 0.231429
1.68596 75.4936 -29.5123 0.591376 0.762119 0.263532
1.3889 75.846 -29.865 0.591269 0.762214 0.2635
1.0327 76.1095 -29.828 0.592074 0.761787 0.26292
0.932147 76.0427 -29.407 0.590927 0.762035 0.26476
0.908534 75.8781 -28.8848 0.588969 0.762715 0.267172
0.807105 75.8191 -28.4788 0.587883 0.768799 0.251679
0.719666 75.7607 -28.0852 0.57724 0.777526 0.249309
0.646312 75.6285 -27.5217 0.572025 0.778844 0.257273
0.608625 75.4801 -26.9683 0.558422 0.793806 0.240885
0.686263 75.2715 -26.4665 0.556871 0.793975 0.243922
0.6783 75.2225 -26.2887 0.555252 0.79698 0.237625
1.69942 73.425 -21.2647 0.475757 0.862131 0.172395
1.51437 73.6136 -21.6311 0.496757 0.84881 0.180628
1.37144 73.786 -22.064 0.502933 0.847185 0.171278
1.30427 73.9008 -22.4349 0.501661 0.847754 0.172184
1.71987 73.6266 -22.2922 0.500393 0.848319 0.173093
1.90229 73.376 -21.5915 0.499886 0.848665 0.172862
2.02092 73.1763 -20.8186 0.469638 0.869885 0.150435
1.73119 73.2246 -20.2289 0.461065 0.873739 0.154918
1.75294 73.2126 -20.2261 0.461054 0.873745 0.154918
1.95875 73.0203 -19.7541 0.455046 0.87774 0.149752
1.89257 73.0471 -19.7079 0.46105 0.873742 0.154946
