12.5833 17.3499 -24.3298 -0.57398 -0.766192 -0.288958
12.0438 17.2392 -22.9285 -0.555359 -0.78254 -0.281421
11.5859 17.1417 -21.7086 -0.535574 -0.802004 -0.264482
11.2118 16.9897 -20.4635 -0.537145 -0.803957 -0.255164
10.8206 16.8987 -19.2749 -0.529662 -0.817697 -0.22524
10.2322 16.9088 -17.9023 -0.514688 -0.833536 -0.200729
9.7099 16.9519 -16.7352 -0.498552 -0.847179 -0.183336
9.20701 16.9745 -15.3864 -0.494524 -0.854747 -0.157307
8.64019 17.0707 -14.0491 -0.488171 -0.861187 -0.141584
8.16605 17.1593 -12.8368 -0.4668 -0.877149 -0.112397
7.78352 17.2344 -11.6506 -0.468105 -0.879813 -0.0820434
8.03489 17.0662 -11.3003 -0.475478 -0.876146 -0.0793055
8.9723 16.6109 -11.9353 -0.49585 -0.862791 -0.0986115
9.91054 16.1558 -12.7519 -0.503262 -0.857618 -0.105357
10.9531 15.6727 -13.8494 -0.519184 -0.847242 -0.112378
11.9295 15.1872 -14.772 -0.536248 -0.83268 -0.138137
12.6645 14.8689 -15.7758 -0.555632 -0.816999 -0.154166
13.513 14.4968 -16.8484 -0.562994 -0.810264 -0.162816
14.4591 14.1057 -18.1708 -0.584385 -0.790729 -0.182325
15.0974 13.859 -19.1474 -0.599149 -0.775766 -0.198008
15.6884 13.6621 -20.1865 -0.607588 -0.767381 -0.204851
16.3192 13.4738 -21.3715 -0.622046 -0.752453 -0.216501
16.9481 13.2428 -22.4167 -0.63551 -0.740752 -0.217748
17.785 12.9501 -23.8855 -0.646881 -0.726026 -0.233305
18.4071 12.8595 -25.4205 -0.665932 -0.708783 -0.232397
18.9683 12.7194 -26.5942 -0.675009 -0.700644 -0.231216
19.4702 12.6699 -27.8431 -0.684091 -0.688157 -0.241519
19.8908 12.6714 -29.0307 -0.691847 -0.677133 -0.250673
20.3909 12.7055 -30.4758 -0.700126 -0.664773 -0.260578
20.8727 12.8274 -32.0401 -0.703066 -0.658993 -0.267046
20.7753 13.3908 -33.1172 -0.700685 -0.656029 -0.280353
19.8897 14.3878 -33.2778 -0.691812 -0.662625 -0.286913
19.0604 15.2834 -33.3893 -0.6817 -0.671808 -0.289757
18.0914 16.349 -33.6152 -0.67253 -0.67922 -0.293875
17.2704 17.2219 -33.7819 -0.662281 -0.687642 -0.297542
16.1959 18.2642 -33.7923 -0.659207 -0.686732 -0.306322
15.621 18.2739 -32.5908 -0.64861 -0.69415 -0.312187
15.1267 18.2005 -31.4146 -0.639783 -0.700148 -0.316955
14.6224 18.0833 -30.1286 -0.623798 -0.714227 -0.317393
14.093 17.9667 -28.8198 -0.617325 -0.720433 -0.316048
13.6566 17.8093 -27.6045 -0.598411 -0.737596 -0.312787
13.2464 17.6662 -26.4796 -0.582546 -0.756639 -0.296881
12.8193 17.5287 -25.2785 -0.582779 -0.759122 -0.289971
12.6622 17.3933 -24.6015 -0.573981 -0.766191 -0.288959
11.8047 18.1126 -24.8426 -0.565377 -0.770454 -0.294415
11.3524 18.0199 -23.7353 -0.557721 -0.778279 -0.288322
10.9023 17.8879 -22.5316 -0.53119 -0.79546 -0.291443
10.4966 17.6976 -21.2141 -0.528687 -0.806422 -0.264904
10.0402 17.5881 -19.9754 -0.511561 -0.82308 -0.246522
9.58909 17.5267 -18.7792 -0.499128 -0.834375 -0.23386
9.05941 17.535 -17.6013 -0.490984 -0.84646 -0.206009
8.543 17.5322 -16.3014 -0.490023 -0.855217 -0.168766
7.97819 17.5666 -14.8695 -0.469104 -0.869717 -0.153411
7.44437 17.6623 -13.6834 -0.452184 -0.882176 -0.131512
6.96451 17.7421 -12.4379 -0.453437 -0.885027 -0.105466
6.45857 17.8376 -10.9613 -0.442516 -0.892097 -0.0913343
6.2905 17.8307 -9.61601 -0.444767 -0.894122 -0.0515895
7.37804 17.2711 -9.50488 -0.463512 -0.884908 -0.0436522
8.35489 16.8029 -10.2225 -0.471735 -0.879092 -0.0681179
9.45194 16.2446 -10.9608 -0.502244 -0.862202 -0.0660266
10.3487 15.7854 -11.763 -0.519099 -0.850868 -0.0808541
11.1863 15.357 -12.5861 -0.533182 -0.840221 -0.0982486
11.9937 14.9528 -13.4669 -0.540805 -0.833896 -0.110219
12.7928 14.5401 -14.3228 -0.553336 -0.823876 -0.122672
13.6386 14.1402 -15.4407 -0.568926 -0.809104 -0.147223
14.3872 13.8009 -16.4854 -0.575559 -0.802628 -0.156589
15.1691 13.458 -17.626 -0.583787 -0.795051 -0.16455
16.0211 13.0885 -18.9129 -0.608898 -0.774881 -0.169579
16.5469 12.9321 -19.9981 -0.615205 -0.763284 -0.196935
17.1697 12.6872 -21.0726 -0.633702 -0.751008 -0.185293
17.8098 12.441 -22.1966 -0.646671 -0.737551 -0.193986
18.4825 12.1756 -23.4256 -0.661277 -0.721496 -0.2052
18.9436 12.1075 -24.6305 -0.672465 -0.707473 -0.217316
19.4949 11.9454 -25.7996 -0.678107 -0.699724 -0.224673
19.9276 11.8835 -26.9087 -0.688836 -0.685778 -0.234975
20.4092 11.8429 -28.217 -0.697642 -0.674938 -0.240305
20.8327 11.8407 -29.4344 -0.706987 -0.662959 -0.246223
21.1718 11.9115 -30.5755 -0.710835 -0.654476 -0.257591
21.552 11.9862 -31.7911 -0.708292 -0.652169 -0.270108
21.9404 12.0677 -32.9991 -0.716126 -0.640495 -0.277321
21.9266 12.5505 -34.0643 -0.710103 -0.642846 -0.28718
21.0559 13.5682 -34.2108 -0.702226 -0.649419 -0.291776
19.9954 14.7584 -34.384 -0.687581 -0.663936 -0.293976
18.9996 15.8375 -34.5244 -0.679568 -0.671141 -0.296237
18.0583 16.8602 -34.715 -0.671975 -0.678207 -0.297464
16.987 17.9799 -34.8727 -0.667054 -0.682018 -0.299816
16.1716 18.8628 -35.0734 -0.66313 -0.682642 -0.307016
15.377 19.213 -34.1513 -0.657642 -0.684386 -0.314837
14.8894 19.0721 -32.8409 -0.64762 -0.692807 -0.317187
14.4307 18.9795 -31.7294 -0.63708 -0.697114 -0.32888
13.9507 18.8923 -30.6175 -0.627012 -0.704002 -0.333477
13.466 18.7793 -29.4568 -0.613935 -0.718244 -0.327406
12.961 18.5479 -28.0139 -0.590882 -0.73685 -0.328474
12.4475 18.4197 -26.7907 -0.57302 -0.75583 -0.31681
11.9409 18.2991 -25.5743 -0.571382 -0.764765 -0.297661
11.8416 18.1372 -24.974 -0.565522 -0.767389 -0.302156
10.9708 18.928 -25.3674 -0.561864 -0.77091 -0.300012
10.5434 18.7499 -24.1657 -0.530409 -0.783448 -0.323842
10.1503 18.5629 -23.0198 -0.499927 -0.809455 -0.307985
9.59488 18.3655 -21.5302 -0.505566 -0.815773 -0.280824
9.18779 18.2424 -20.4144 -0.494207 -0.828515 -0.263293
8.78165 18.1565 -19.3106 -0.497467 -0.835615 -0.232968
8.23759 18.1594 -18.2237 -0.466671 -0.850962 -0.240858
7.66368 18.1198 -16.8307 -0.453538 -0.866073 -0.210289
7.23419 18.106 -15.6623 -0.457624 -0.872348 -0.171868
6.73677 18.1484 -14.4499 -0.44121 -0.884883 -0.149388
6.26161 18.2046 -13.297 -0.435035 -0.892072 -0.12227
5.75514 18.3007 -12.118 -0.436337 -0.894323 -0.0984106
5.43411 18.3249 -10.8854 -0.411997 -0.907489 -0.0802473
5.2108 18.3451 -9.65368 -0.40857 -0.910954 -0.0568616
5.48314 18.1684 -8.44644 -0.433183 -0.900888 -0.0274473
6.61422 17.6188 -8.17172 -0.444707 -0.895413 -0.0175965
7.91664 16.9513 -8.51268 -0.465077 -0.885168 0.0134186
8.98088 16.4002 -9.2797 -0.478995 -0.876168 -0.0537944
10.1385 15.7678 -10.1345 -0.513756 -0.855812 -0.0588494
11.0835 15.2627 -11.0324 -0.526983 -0.845912 -0.0819921
11.9241 14.8109 -11.8758 -0.541742 -0.836349 -0.0838821
12.6642 14.4177 -12.733 -0.554829 -0.826735 -0.0931258
13.5441 13.9417 -13.7447 -0.574393 -0.81045 -0.115083
14.3371 13.5383 -14.8009 -0.579108 -0.80569 -0.124292
15.1105 13.1633 -15.9007 -0.581529 -0.800369 -0.145717
15.8368 12.817 -16.9612 -0.596025 -0.789518 -0.14634
16.5595 12.4951 -18.1346 -0.612889 -0.772667 -0.165369
17.2313 12.186 -19.2368 -0.627947 -0.760257 -0.165979
17.7399 12.016 -20.2942 -0.632913 -0.753583 -0.177423
18.4482 11.723 -21.6343 -0.659339 -0.728025 -0.187753
19.0372 11.4807 -22.7481 -0.661127 -0.723828 -0.197445
19.4884 11.3648 -23.8646 -0.676544 -0.708773 -0.199719
20.0353 11.1706 -24.999 -0.685572 -0.699316 -0.202356
20.4793 11.1034 -26.229 -0.700194 -0.681665 -0.212269
20.9395 11.0506 -27.5149 -0.705184 -0.672288 -0.225187
21.3393 11.0204 -28.659 -0.707008 -0.668562 -0.230564
21.7238 11.0135 -29.7875 -0.716463 -0.654272 -0.242023
22.1204 11.0946 -31.1478 -0.724801 -0.643105 -0.246749
22.4878 11.1526 -32.2975 -0.724887 -0.632657 -0.272549
22.8522 11.3122 -33.6225 -0.723194 -0.631048 -0.280657
23.0838 11.6181 -34.8807 -0.722271 -0.626986 -0.291894
22.3803 12.5232 -35.1113 -0.711369 -0.635045 -0.301118
21.3443 13.7252 -35.2516 -0.703344 -0.646199 -0.296201
20.3262 14.8861 -35.4407 -0.686028 -0.663476 -0.298606
19.4454 15.8349 -35.5398 -0.67999 -0.668821 -0.300486
18.3402 17.0443 -35.7665 -0.671251 -0.677755 -0.300118
17.4032 18.032 -35.9045 -0.666384 -0.680645 -0.304386
16.5513 18.9673 -36.1388 -0.665996 -0.682496 -0.301075
15.7012 19.8295 -36.2061 -0.669373 -0.677894 -0.303971
14.933 20.102 -35.1429 -0.67111 -0.67016 -0.317013
14.4543 19.9747 -33.8745 -0.65784 -0.676065 -0.331723
14.0373 19.8297 -32.7527 -0.644411 -0.68787 -0.334018
13.509 19.7642 -31.6194 -0.636477 -0.689901 -0.344868
12.9539 19.6052 -30.2855 -0.610685 -0.714125 -0.342182
12.4475 19.4246 -29.0163 -0.599451 -0.72123 -0.347112
11.9751 19.2401 -27.8054 -0.588063 -0.733368 -0.341106
11.4357 19.1117 -26.6092 -0.56507 -0.753546 -0.335934
11.0077 18.9553 -25.5068 -0.56203 -0.770919 -0.299678
9.00045 16.7589 -13.2966 -0.486685 -0.866217 -0.113165
9.16908 16.629 -13.0273 -0.495015 -0.861286 -0.114658
9.79084 16.3436 -13.626 -0.505646 -0.85522 -0.11367
9.38856 16.6819 -14.2821 -0.499712 -0.855215 -0.137462
9.79126 16.6052 -15.2466 -0.502139 -0.851511 -0.15095
10.3791 16.0913 -14.2763 -0.509516 -0.850421 -0.131063
10.3915 16.0808 -14.2561 -0.518896 -0.844575 -0.132057
11.0515 15.7521 -14.7811 -0.523964 -0.839055 -0.146456
10.5409 16.2247 -15.6342 -0.519044 -0.838877 -0.163947
10.1078 16.6342 -16.3675 -0.50528 -0.844692 -0.176602
10.664 16.4492 -17.0861 -0.5236 -0.831704 -0.184694
11.1474 15.9596 -16.2522 -0.533217 -0.831359 -0.156596
11.6733 15.4555 -15.3653 -0.533085 -0.831473 -0.156438
12.1184 15.3291 -16.2459 -0.555638 -0.817006 -0.154169
11.5804 15.887 -17.176 -0.537027 -0.823359 -0.183528
10.9618 16.5387 -18.2567 -0.521866 -0.829155 -0.200394
11.3891 16.5137 -19.2091 -0.53331 -0.813889 -0.230575
11.8828 15.9527 -18.3241 -0.541213 -0.817595 -0.196536
12.405 15.3897 -17.4089 -0.551001 -0.814577 -0.18128
12.7079 15.0604 -16.8796 -0.557367 -0.809494 -0.184556
13.3484 14.7388 -17.4237 -0.564763 -0.80553 -0.179345
12.8394 15.3031 -18.319 -0.556657 -0.808169 -0.192344
12.3861 15.8246 -19.1301 -0.547606 -0.808507 -0.215508
11.9407 16.3495 -19.9367 -0.542214 -0.808697 -0.228064
11.6987 16.6406 -20.3798 -0.53473 -0.806404 -0.252538
12.2206 16.5301 -21.1708 -0.550149 -0.79509 -0.255282
12.6514 15.9807 -20.3674 -0.557799 -0.793606 -0.243003
13.1018 15.4313 -19.5441 -0.566275 -0.795766 -0.214686
13.6076 14.8303 -18.631 -0.571702 -0.796365 -0.197384
13.8715 14.5332 -18.1645 -0.572547 -0.798835 -0.184535
14.3061 14.4325 -19.0637 -0.580194 -0.788612 -0.203631
13.7911 15.0607 -20.0003 -0.576692 -0.787799 -0.21633
13.344 15.6225 -20.8247 -0.567681 -0.790198 -0.230921
12.9026 16.197 -21.6525 -0.567835 -0.784942 -0.247851
12.4861 16.7561 -22.4467 -0.562535 -0.782537 -0.266815
12.3925 16.8848 -22.627 -0.563051 -0.782432 -0.266034
12.9129 16.7796 -23.4213 -0.577994 -0.768896 -0.273353
13.3481 16.1688 -22.5777 -0.582157 -0.771198 -0.257578
13.8452 15.4998 -21.6332 -0.584066 -0.775416 -0.239993
14.3856 14.7853 -20.6186 -0.590217 -0.776007 -0.22239
14.8847 14.1594 -19.7018 -0.589992 -0.782141 -0.20041
15.2719 14.1273 -20.6917 -0.608063 -0.766888 -0.205287
14.8222 14.7214 -21.5345 -0.598907 -0.768763 -0.224306
14.2677 15.4739 -22.5861 -0.59812 -0.763574 -0.243327
13.7835 16.1558 -23.5229 -0.582155 -0.7712 -0.257579
13.3714 16.7541 -24.3326 -0.588368 -0.761261 -0.272588
13.1776 17.0448 -24.7186 -0.586218 -0.761287 -0.27711
13.4973 17.2485 -25.9176 -0.59247 -0.750914 -0.291733
14.0187 16.4504 -24.8701 -0.588158 -0.758926 -0.279466
14.4672 15.7831 -23.9817 -0.592735 -0.759285 -0.268611
14.9451 15.0947 -23.0507 -0.604659 -0.757106 -0.247342
15.4247 14.4226 -22.1295 -0.615223 -0.754703 -0.227866
15.7778 13.9418 -21.4599 -0.617007 -0.757528 -0.213197
16.1726 13.9042 -22.4366 -0.616315 -0.753529 -0.228801
15.7228 14.5432 -23.3048 -0.613736 -0.750504 -0.245094
15.2393 15.2535 -24.2525 -0.610323 -0.749188 -0.257338
14.8364 15.8607 -25.0529 -0.607949 -0.747328 -0.268138
14.4196 16.5089 -25.8944 -0.606681 -0.74445 -0.278807
13.9241 17.3055 -26.9108 -0.608204 -0.737571 -0.293387
13.8769 17.3848 -27.0096 -0.607622 -0.735357 -0.300076
14.2668 17.5035 -28.0808 -0.613401 -0.730398 -0.30043
14.6344 16.881 -27.3088 -0.607646 -0.735326 -0.300104
15.0914 16.1309 -26.3632 -0.609774 -0.741046 -0.281117
15.6336 15.2787 -25.2649 -0.620365 -0.740311 -0.259012
16.0601 14.6248 -24.4134 -0.622215 -0.742375 -0.24845
16.4905 13.9814 -23.5643 -0.629613 -0.738617 -0.240899
16.7079 13.6562 -23.1353 -0.629895 -0.742525 -0.227792
17.0722 13.6694 -24.1738 -0.638644 -0.732511 -0.235713
16.6616 14.2984 -24.9925 -0.636027 -0.730504 -0.248663
16.2448 14.9552 -25.8347 -0.631697 -0.732307 -0.254333
15.8633 15.5696 -26.6148 -0.627606 -0.731656 -0.266065
15.4134 16.3203 -27.552 -0.621935 -0.726514 -0.292188
14.9979 17.0323 -28.4281 -0.613582 -0.730169 -0.300616
14.6632 17.6191 -29.1414 -0.615326 -0.723176 -0.313671
15.1409 17.5757 -30.0207 -0.635905 -0.710389 -0.301616
15.4939 16.9418 -29.2601 -0.632153 -0.716287 -0.295493
15.8706 16.2765 -28.4542 -0.638152 -0.714647 -0.286428
16.2858 15.567 -27.5802 -0.634738 -0.724196 -0.269532
16.6978 14.8817 -26.7246 -0.64701 -0.718086 -0.25638
17.0761 14.2642 -25.9474 -0.649453 -0.718914 -0.247735
17.4644 13.6395 -25.1555 -0.65078 -0.72084 -0.238485
17.6669 13.3299 -24.7522 -0.651112 -0.723718 -0.228659
18.063 13.2867 -25.7212 -0.656291 -0.715473 -0.239541
17.6735 13.9238 -26.5218 -0.655719 -0.711751 -0.251879
17.2888 14.5642 -27.3194 -0.652326 -0.710663 -0.263491
16.8502 15.3135 -28.2414 -0.650338 -0.709086 -0.272501
16.4692 15.9778 -29.0508 -0.650584 -0.703774 -0.28538
16.0945 16.6438 -29.8545 -0.644911 -0.703394 -0.298876
15.7273 17.3242 -30.658 -0.635867 -0.708777 -0.305464
15.4945 17.755 -31.1668 -0.638834 -0.703295 -0.311878
15.9144 17.8128 -32.1685 -0.646562 -0.698037 -0.307736
16.2947 17.089 -31.3257 -0.646762 -0.699507 -0.303955
16.7415 16.2563 -30.3455 -0.652635 -0.699423 -0.291333
17.1533 15.5108 -29.4547 -0.649036 -0.706193 -0.28292
17.5556 14.7965 -28.5929 -0.662529 -0.700033 -0.266476
18.0588 13.9269 -27.5301 -0.664232 -0.702191 -0.256365
18.4396 13.2807 -26.7332 -0.667822 -0.704537 -0.240087
18.486 13.2041 -26.6375 -0.672347 -0.699783 -0.241357
18.9143 13.1019 -27.5357 -0.67804 -0.691733 -0.24853
18.5464 13.7461 -28.3178 -0.673804 -0.692947 -0.256539
18.0703 14.5989 -29.3414 -0.661393 -0.697927 -0.274694
17.6945 15.2814 -30.1552 -0.662935 -0.693662 -0.281694
17.3409 15.938 -30.9297 -0.664219 -0.691011 -0.285161
16.9598 16.657 -31.771 -0.659834 -0.690875 -0.295485
16.5855 17.3689 -32.6002 -0.661026 -0.687868 -0.299804
16.3747 17.7742 -33.0697 -0.655448 -0.691449 -0.303786
17.3407 16.7443 -32.8333 -0.661963 -0.688003 -0.297419
17.7217 16.0134 -31.9851 -0.663806 -0.68744 -0.294598
18.1471 15.2077 -31.0442 -0.673788 -0.682774 -0.28254
18.5951 14.3673 -30.0582 -0.673293 -0.685306 -0.277549
19.0728 13.492 -29.0195 -0.680344 -0.685376 -0.2596
19.2668 13.146 -28.6032 -0.677766 -0.689082 -0.256513
19.6694 13.0931 -29.5579 -0.692345 -0.67425 -0.256994
19.3236 13.7429 -30.3199 -0.680442 -0.681446 -0.269497
18.9504 14.455 -31.1488 -0.683278 -0.675915 -0.276171
18.5463 15.2318 -32.0491 -0.674261 -0.680663 -0.286477
18.2035 15.8916 -32.8136 -0.672877 -0.6791 -0.29336
19.0575 15.0343 -32.8005 -0.682874 -0.673462 -0.283076
19.508 14.1534 -31.7876 -0.688138 -0.668733 -0.281535
19.8824 13.4168 -30.9426 -0.693848 -0.66856 -0.267586
19.9588 13.2713 -30.773 -0.692188 -0.671514 -0.264472
20.3405 13.2864 -31.791 -0.698865 -0.660116 -0.27538
19.9274 14.1146 -32.7326 -0.69388 -0.663131 -0.28069
19.9181 14.1334 -32.754 -0.693882 -0.66313 -0.28069
