-21.8211 19.4942 6.0356 -0.319714 0.940584 0.114384
-20.704 19.9771 5.27073 -0.328973 0.937161 0.116201
-19.7555 20.3893 4.63114 -0.327451 0.937526 0.117563
-18.6194 20.8681 3.94948 -0.327571 0.938012 0.113273
-17.2841 21.3964 3.43884 -0.327913 0.938278 0.110036
-16.2618 21.7997 3.04998 -0.328762 0.938091 0.109088
-15.1533 22.2168 2.79662 -0.328171 0.938213 0.109814
-13.8554 22.7216 2.35752 -0.328386 0.938331 0.108158
-12.6365 23.1785 2.08832 -0.326735 0.939106 0.106398
-11.4959 23.5872 1.97565 -0.326871 0.939271 0.104521
-10.2964 24.0142 1.82513 -0.317665 0.943096 0.0982809
-9.12961 24.4145 1.81831 -0.327131 0.939913 0.0977215
-7.92806 24.801 1.93223 -0.299904 0.948737 0.0997807
-6.77895 25.1374 2.13204 -0.285806 0.953317 0.0974556
-5.16077 25.5818 2.4229 -0.272304 0.957045 0.0995794
-4.04689 25.8745 2.59541 -0.237115 0.96101 0.141287
-2.8152 26.1392 2.7997 -0.235409 0.958463 0.161032
-1.69432 26.3931 2.75376 -0.185696 0.964463 0.187959
-2.63467 26.3392 1.87359 -0.239594 0.958997 0.151001
-3.54659 26.2291 0.751236 -0.284634 0.953054 0.103306
-3.99575 26.2062 -0.384282 -0.298793 0.9506 0.0841594
-4.37425 26.1929 -2.03303 -0.274317 0.961275 0.0264766
-4.47441 26.1976 -3.53627 -0.252637 0.967557 0.00282769
-4.30756 26.2552 -4.65047 -0.22377 0.974108 0.011395
-3.87509 26.3305 -5.84996 -0.203184 0.979029 0.00109625
-3.38316 26.3801 -7.13829 -0.142708 0.988573 -0.041996
-2.81614 26.4339 -8.60058 -0.102388 0.993824 -0.0293649
-2.18199 26.484 -9.66541 -0.0640512 0.997863 -0.00307767
-1.80215 26.5047 -10.9045 -0.0419875 0.999007 0.00273865
-3.00345 26.4403 -11.7512 -0.0720349 0.996797 0.0347433
-4.30481 26.3474 -12.3391 -0.0990194 0.994694 0.0279261
-5.63869 26.233 -13.0398 -0.121466 0.991237 0.0519072
-7.06705 26.1083 -13.9961 -0.145267 0.984595 0.0973133
-8.32908 26.0089 -14.9943 -0.160855 0.982691 0.0918953
-9.23587 25.9434 -15.6814 -0.174327 0.978056 0.114095
-10.5904 25.8341 -16.6763 -0.167292 0.976556 0.13544
-11.7424 25.7394 -17.4451 -0.179645 0.973573 0.140535
-12.7279 25.666 -18.1983 -0.185421 0.971391 0.148384
-13.716 25.5882 -18.8735 -0.193363 0.968604 0.156208
-14.7106 25.5055 -19.5701 -0.192564 0.967293 0.165116
-15.976 25.3867 -20.3958 -0.198483 0.965861 0.166484
-17.2085 25.2779 -21.2229 -0.197257 0.965246 0.171432
-18.3409 25.1784 -21.9487 -0.19473 0.964905 0.176176
-19.4834 25.081 -22.7101 -0.20106 0.963787 0.175181
-20.6238 25.0205 -23.692 -0.201722 0.963562 0.175662
-21.8746 24.9194 -24.5647 -0.19969 0.963945 0.175869
-22.8847 24.8647 -25.4234 -0.199995 0.964263 0.173779
-24.0047 24.8425 -26.5617 -0.19606 0.965626 0.170666
-24.8703 24.7877 -27.2634 -0.199082 0.966238 0.163554
-25.9563 24.6966 -28.0325 -0.196193 0.96659 0.16496
-27.2074 24.5782 -28.8156 -0.190979 0.968035 0.162588
-28.4183 24.4824 -29.6757 -0.191972 0.968718 0.157198
-29.4784 24.4105 -30.5344 -0.189896 0.969349 0.155882
-30.5264 24.3239 -31.2849 -0.188328 0.970024 0.153531
-31.5284 24.2429 -31.9952 -0.184158 0.971815 0.147176
-32.4432 24.1866 -32.7635 -0.178991 0.973007 0.145661
-33.4992 24.1403 -33.8225 -0.178488 0.974738 0.134265
-34.0513 24.1828 -34.8869 -0.177577 0.976367 0.123182
-34.5459 24.2397 -36.0706 -0.176894 0.976983 0.119214
-35.1062 24.2678 -37.1534 -0.174229 0.978889 0.106844
-35.5788 24.3041 -38.2485 -0.163121 0.980968 0.105326
-36.0388 24.3294 -39.2368 -0.166966 0.981238 0.0964088
-37.2382 24.2171 -40.193 -0.16472 0.982712 0.0844025
-38.231 24.0963 -40.645 -0.158783 0.983478 0.0869369
-39.2863 23.9839 -41.2016 -0.146825 0.985668 0.0827213
-40.2808 23.8736 -41.7191 -0.143029 0.986641 0.0777522
-41.5572 23.7634 -42.5504 -0.138643 0.987743 0.0711225
-42.7119 23.6419 -43.0896 -0.133759 0.98889 0.064851
-43.7332 23.5403 -43.5045 -0.123036 0.989919 0.0701617
-44.6464 23.4626 -44.0634 -0.119141 0.991249 0.0568329
-45.5448 23.3803 -44.5017 -0.11827 0.991379 0.0563895
-46.5939 23.2769 -44.7914 -0.108758 0.992201 0.0607355
-46.6947 23.2498 -44.5198 -0.104353 0.992716 0.0602118
-45.8075 23.3097 -43.8101 -0.118726 0.990751 0.0651087
-44.7321 23.4041 -43.3411 -0.12153 0.98995 0.0722635
-43.6441 23.4592 -42.2063 -0.123945 0.989095 0.0791028
-42.3662 23.5479 -41.2397 -0.132909 0.987895 0.0799549
-41.3815 23.609 -40.405 -0.136665 0.986483 0.0904067
-40.7165 23.6194 -39.5152 -0.140702 0.985926 0.0901961
-39.7527 23.6674 -38.6188 -0.144177 0.983869 0.105899
-38.8707 23.7046 -37.6629 -0.15146 0.982516 0.107989
-38.1049 23.7176 -36.7042 -0.15757 0.981218 0.111276
-36.8159 23.788 -35.5677 -0.164101 0.978821 0.122343
-35.8518 23.7965 -34.3348 -0.168042 0.977039 0.130809
-35.0925 23.7897 -33.3501 -0.169273 0.975806 0.138378
-34.3097 23.7763 -32.2919 -0.171812 0.974813 0.142199
-33.3369 23.7371 -30.9104 -0.177637 0.971905 0.154392
-32.7341 23.6906 -29.9126 -0.182352 0.970497 0.157681
-31.8141 23.5982 -28.3461 -0.183199 0.968277 0.169893
-31.1181 23.5349 -27.2469 -0.189199 0.966698 0.172333
-30.1691 23.6026 -26.5903 -0.190806 0.965526 0.177051
-29.0719 23.7453 -26.1724 -0.19326 0.96501 0.177221
-28.0319 23.8799 -25.7708 -0.193861 0.96498 0.176722
-27.0614 23.9903 -25.3046 -0.194812 0.964187 0.179934
-26.0628 24.1005 -24.8086 -0.198976 0.963561 0.178731
-24.916 24.2265 -24.2156 -0.200405 0.961916 0.185892
-23.904 24.3 -23.5141 -0.197794 0.962687 0.184691
-23.0863 24.3362 -22.7949 -0.204241 0.961944 0.181521
-21.7578 24.4237 -21.7712 -0.207735 0.960777 0.18372
-20.8168 24.4518 -20.8611 -0.207618 0.960419 0.185718
-19.9359 24.4442 -19.8316 -0.208719 0.960385 0.184653
-19.0809 24.4361 -18.8204 -0.210837 0.960016 0.184166
-18.2756 24.3958 -17.658 -0.21552 0.960556 0.175738
-17.4819 24.2842 -16.0771 -0.22261 0.958858 0.176156
-17.123 24.1411 -14.8279 -0.229124 0.958867 0.167557
-17.203 23.8373 -13.2408 -0.23841 0.956404 0.168633
-17.5182 23.4816 -11.6758 -0.250063 0.953323 0.169186
-17.9793 23.1954 -10.7246 -0.258033 0.950677 0.172138
-18.5654 22.8642 -9.75566 -0.260942 0.951251 0.164413
-19.2933 22.4922 -8.77326 -0.264064 0.950546 0.163502
-20.5828 21.9441 -7.71338 -0.271314 0.947899 0.166961
-21.8888 21.4454 -7.032 -0.271878 0.94602 0.176434
-23.0518 20.998 -6.4299 -0.272818 0.945642 0.177009
-24.2241 20.5607 -5.87344 -0.265088 0.945782 0.187681
-25.5453 20.0398 -5.09708 -0.26058 0.947245 0.186612
-26.6032 19.6044 -4.39255 -0.262036 0.945217 0.194626
-27.4475 19.2502 -3.78956 -0.257147 0.946527 0.19484
-28.4235 18.8406 -3.0839 -0.251768 0.947715 0.19601
-29.363 18.45 -2.39146 -0.248184 0.947016 0.203878
-30.2829 18.0396 -1.58226 -0.248133 0.950983 0.184434
-31.223 17.6358 -0.765628 -0.252356 0.948395 0.191984
-32.0489 17.2449 0.0657869 -0.243478 0.950213 0.194185
-33.0135 16.8057 1.20367 -0.243034 0.95453 0.172371
-33.7595 16.4739 1.975 -0.225989 0.955415 0.19003
-34.4097 16.1526 2.80944 -0.230644 0.955229 0.185176
-35.0303 15.812 3.81987 -0.234753 0.955041 0.181072
-35.6688 15.468 4.80617 -0.234421 0.954925 0.18211
-36.3394 15.0897 5.96012 -0.233419 0.956276 0.176216
-36.854 14.7781 6.97273 -0.228722 0.957879 0.173606
-37.5847 14.4028 8.05971 -0.223019 0.957437 0.183238
-38.13 14.0789 9.10128 -0.225936 0.958825 0.17207
-38.6434 13.7987 10.0823 -0.22109 0.963875 0.14852
-39.2329 13.4444 11.5032 -0.227737 0.962078 0.150009
-38.6212 13.3998 12.6724 -0.239386 0.959802 0.145753
-37.4617 13.6272 13.2137 -0.258235 0.95772 0.126278
-36.2043 13.9241 13.6581 -0.268828 0.956428 0.113896
-35.2121 14.1621 14.108 -0.278345 0.955073 0.101782
-34.2169 14.4151 14.546 -0.292844 0.950988 0.0991889
-33.1248 14.713 14.9897 -0.305897 0.94772 0.0908479
-31.6593 15.1443 15.5012 -0.314775 0.945016 0.0886695
-30.4478 15.5115 15.9802 -0.324425 0.94242 0.0812014
-29.4506 15.854 15.9742 -0.321001 0.943309 0.0844125
-28.8802 16.1411 14.9562 -0.321415 0.943004 0.0862328
-28.4552 16.3837 13.9115 -0.322224 0.94257 0.0879442
-27.5772 16.83 12.325 -0.322437 0.942895 0.0835648
-26.694 17.2578 11.032 -0.322165 0.941659 0.0974076
-25.8884 17.6481 9.95474 -0.325598 0.939732 0.104351
-25.1164 18.014 9.06861 -0.322989 0.940048 0.109346
-24.3024 18.374 8.32905 -0.322288 0.939841 0.112895
-23.5698 18.7281 7.47137 -0.317224 0.941621 0.112775
-22.4409 19.2263 6.51313 -0.324369 0.940423 0.101929
-22.3199 19.2785 6.41664 -0.321941 0.940556 0.108011
-21.6261 19.4266 7.25832 -0.325844 0.93991 0.101941
-22.5288 19.0262 8.02169 -0.329426 0.937784 0.109728
-23.5704 18.5492 9.04211 -0.32643 0.94023 0.0969676
-24.3488 18.1919 9.88722 -0.328828 0.938652 0.10394
-25.1508 17.8174 10.732 -0.327213 0.939192 0.104147
-25.9213 17.4509 11.7571 -0.326772 0.940933 0.0886847
-26.5744 17.1374 12.7265 -0.324492 0.942173 0.0837532
-27.3312 16.7632 13.9874 -0.324403 0.941785 0.0883425
-27.9705 16.4169 15.3309 -0.323313 0.942177 0.0881446
-28.4967 16.1394 16.4561 -0.329557 0.940917 0.0778893
-29.1007 15.8628 17.3199 -0.324793 0.943199 0.0698916
-30.3451 15.443 17.2111 -0.32382 0.943156 0.0747561
-31.633 15.0532 16.6287 -0.317724 0.944672 0.0814332
-32.7591 14.7153 16.2352 -0.30948 0.947172 0.0841367
-33.761 14.4252 15.8641 -0.296268 0.950636 0.0922307
-34.8483 14.1327 15.4191 -0.289088 0.952508 0.0955026
-36.15 13.8105 14.8336 -0.278827 0.954822 0.102815
-37.5233 13.487 14.2347 -0.265252 0.957264 0.115249
-38.5281 13.2501 13.9002 -0.256452 0.958242 0.125864
-39.6512 13.0585 13.3379 -0.222786 0.96411 0.144273
-40.5651 13.0381 12.1471 -0.216388 0.964626 0.150573
-40.357 13.2562 11.0698 -0.216667 0.962991 0.160325
-39.7441 13.5662 9.97734 -0.208442 0.965746 0.154554
-39.0019 13.9995 8.45819 -0.213686 0.958935 0.186501
-38.4989 14.3135 7.41482 -0.211918 0.960908 0.178135
-37.7606 14.6886 6.27212 -0.228722 0.957879 0.173605
-37.0423 15.1206 4.9481 -0.214116 0.95639 0.198643
-36.5072 15.4176 4.07023 -0.208946 0.958815 0.192396
-35.9386 15.7193 3.18431 -0.208763 0.958302 0.195108
-35.2822 16.0676 2.20604 -0.212223 0.956607 0.199663
-34.3856 16.5085 1.0365 -0.228088 0.956716 0.180747
-33.5426 16.8845 0.0973635 -0.225972 0.957737 0.177978
-32.8295 17.2134 -0.717733 -0.228746 0.952505 0.200861
-31.9666 17.5884 -1.50308 -0.240421 0.949199 0.202811
-31.0144 18.0113 -2.34725 -0.241996 0.949362 0.200313
-30.1655 18.4037 -3.15181 -0.242721 0.948638 0.202898
-28.9884 18.882 -3.98805 -0.245802 0.948449 0.20005
-28.0517 19.2696 -4.67093 -0.249826 0.947117 0.201313
-27.0189 19.7012 -5.3934 -0.254697 0.946094 0.200087
-26.0217 20.1079 -6.04866 -0.255378 0.946051 0.199421
-25.0091 20.4967 -6.63479 -0.249129 0.949088 0.192786
-23.8095 20.9438 -7.24569 -0.259019 0.948456 0.182593
-22.4159 21.4586 -7.90171 -0.27176 0.945027 0.181855
-21.0854 21.9731 -8.66516 -0.258775 0.950099 0.174207
-19.9956 22.4394 -9.5925 -0.258178 0.950341 0.173529
-19.1305 22.8931 -10.7807 -0.250764 0.951396 0.178783
-18.4092 23.351 -12.2346 -0.24258 0.954114 0.175561
-18.1966 23.7117 -13.9049 -0.233668 0.956594 0.174149
-18.3082 23.902 -15.0764 -0.230469 0.955444 0.184423
-18.7264 24.0433 -16.3531 -0.222441 0.958164 0.180062
-19.5184 24.1171 -17.6836 -0.217536 0.957725 0.188201
-20.155 24.1508 -18.5643 -0.213298 0.958662 0.188277
-20.8774 24.1484 -19.37 -0.215499 0.957808 0.190166
-21.8267 24.1809 -20.5999 -0.212103 0.958399 0.191001
-22.8449 24.0944 -21.2825 -0.208033 0.959221 0.191353
-24.06 24.0326 -22.3006 -0.205051 0.95999 0.190688
-24.9231 23.9868 -22.9835 -0.200365 0.961917 0.18593
-25.8881 23.9046 -23.5981 -0.198621 0.962345 0.185575
-27.024 23.7889 -24.2032 -0.197388 0.9629 0.184007
-28.597 23.6001 -24.888 -0.194813 0.963538 0.18342
-29.7412 23.4539 -25.3257 -0.194502 0.96331 0.184933
-31.2389 23.2596 -25.8748 -0.191899 0.964479 0.181536
-32.3892 23.2463 -26.9901 -0.184864 0.966417 0.178503
-33.1707 23.3402 -28.3499 -0.179762 0.969394 0.167136
-33.7034 23.4359 -29.4592 -0.176524 0.970386 0.164859
-34.3253 23.4819 -30.4188 -0.17646 0.971558 0.157843
-35.0926 23.5181 -31.5279 -0.16784 0.974178 0.151019
-35.7105 23.5507 -32.4402 -0.171986 0.974635 0.143208
-36.6498 23.5519 -33.5708 -0.165387 0.97684 0.135761
-37.5057 23.572 -34.7538 -0.164855 0.97687 0.136193
-38.558 23.53 -35.7745 -0.156625 0.979928 0.123324
-39.2969 23.5142 -36.6086 -0.155526 0.981264 0.113664
-40.2677 23.4939 -37.7159 -0.151227 0.981789 0.114974
-41.347 23.458 -38.786 -0.137785 0.985173 0.102193
-42.1077 23.4343 -39.6082 -0.136377 0.985634 0.0996307
-43.0634 23.3871 -40.4982 -0.133355 0.986986 0.0898596
-44.147 23.3094 -41.2267 -0.126751 0.988221 0.0856868
-45.355 23.2473 -42.2371 -0.123946 0.989095 0.079104
-46.4727 23.1734 -43.027 -0.115029 0.990808 0.0711926
-47.379 23.1318 -43.7995 -0.106766 0.992253 0.0635286
-48.3577 23.0795 -44.5869 -0.101724 0.99261 0.066164
-49.4599 23.0192 -45.4649 -0.094027 0.994211 0.0517755
-50.1643 23.003 -46.3781 -0.0892377 0.994697 0.0511404
-49.7183 23.0721 -46.9841 -0.0886111 0.995233 0.0406113
-48.5646 23.173 -46.7607 -0.0952159 0.994702 0.0387625
-47.0643 23.3011 -46.1586 -0.107273 0.992935 0.0507267
-45.6781 23.4323 -45.7232 -0.112136 0.992532 0.0480263
-44.5724 23.535 -45.1622 -0.119754 0.991523 0.049868
-43.1381 23.6724 -44.4747 -0.126177 0.990426 0.0559352
-42.0579 23.7899 -44.0009 -0.135009 0.989055 0.0592509
-40.9374 23.908 -43.4574 -0.13982 0.988231 0.0620428
-39.8417 24.0194 -42.7633 -0.14099 0.98801 0.0628996
-38.6013 24.158 -42.1585 -0.145648 0.986658 0.0727463
-37.5986 24.2785 -41.6051 -0.157331 0.984628 0.0754428
-36.4709 24.412 -40.9937 -0.165931 0.982876 0.0801299
-35.421 24.5163 -40.1589 -0.162679 0.982753 0.0879343
-34.7791 24.541 -39.2024 -0.169943 0.981401 0.0890493
-34.2327 24.4896 -37.761 -0.174227 0.978889 0.106843
-33.7159 24.4605 -36.6779 -0.174165 0.978671 0.108942
-33.0305 24.401 -35.1356 -0.182726 0.975626 0.121508
-32.0561 24.4059 -33.8198 -0.182056 0.974007 0.134771
-30.7703 24.4913 -32.7189 -0.185613 0.972158 0.142953
-29.6789 24.5983 -31.9937 -0.190214 0.971288 0.14289
-28.7375 24.6761 -31.2902 -0.188312 0.969612 0.156174
-27.7828 24.7374 -30.4984 -0.191975 0.969445 0.152712
-26.8307 24.8184 -29.8122 -0.191103 0.9689 0.157137
-25.8431 24.9154 -29.2181 -0.196436 0.967674 0.15818
-24.8724 24.9972 -28.5119 -0.197423 0.967409 0.15857
-23.796 25.0943 -27.7736 -0.195998 0.966732 0.164339
-22.6424 25.1339 -26.6587 -0.192496 0.967556 0.163639
-21.8156 25.1783 -25.9555 -0.19304 0.966833 0.167241
-20.9354 25.2389 -25.2898 -0.196154 0.966364 0.166293
-19.6923 25.3351 -24.3669 -0.198144 0.965692 0.167861
-18.5198 25.3905 -23.3342 -0.191863 0.966382 0.171153
-17.4259 25.481 -22.6182 -0.19288 0.966205 0.171008
-16.1756 25.5889 -21.7984 -0.195483 0.966177 0.16819
-14.9283 25.6949 -20.9644 -0.193687 0.968276 0.157881
-13.9813 25.7781 -20.3804 -0.180907 0.971845 0.150965
-12.9479 25.8461 -19.6155 -0.169904 0.973386 0.153791
-11.7369 25.9399 -18.8157 -0.171884 0.974553 0.143875
-10.7881 26.0001 -18.0909 -0.169948 0.974953 0.143472
-9.73898 26.0791 -17.4321 -0.15787 0.979668 0.123806
-8.89439 26.1262 -16.7343 -0.136031 0.983076 0.122606
-7.8578 26.1915 -15.9774 -0.134818 0.986002 0.098104
-6.94519 26.2354 -15.2483 -0.121458 0.988273 0.0918309
-6.04347 26.296 -14.6196 -0.122613 0.98919 0.0804312
-4.90629 26.3661 -13.8691 -0.118377 0.990515 0.0678465
-3.45717 26.4627 -13.129 -0.0662589 0.995773 0.0586087
-2.15177 26.5081 -12.6248 -0.0508883 0.9986 0.0144653
-1.06418 26.5391 -12.2338 -0.0138031 0.99961 0.0143129
-0.11798 26.5286 -12.0911 0.0171633 0.999821 0.0079837
-0.684743 26.5348 -10.8809 -0.0203099 0.999794 -0.000460311
-1.03353 26.5469 -9.69209 -0.0162871 0.999331 -0.0327578
-1.54855 26.5409 -8.72889 -0.0865796 0.996098 -0.0171129
-2.12023 26.5341 -7.63746 -0.102387 0.993824 -0.0293657
-2.57611 26.5363 -6.20282 -0.142708 0.988573 -0.041996
-3.21162 26.4775 -4.69664 -0.205899 0.976914 -0.0449492
-3.49449 26.4592 -3.31407 -0.261673 0.965155 0.00183531
-3.3471 26.5012 -1.78286 -0.290845 0.955965 0.0370052
-2.9681 26.535 -0.449629 -0.291893 0.951626 0.0950738
-2.45971 26.5663 0.63822 -0.285361 0.950842 0.119494
-1.65955 26.6621 1.37551 -0.21225 0.956683 0.199269
-0.700977 26.6859 2.14512 -0.148029 0.973222 0.175857
0.747796 26.7475 2.63722 -0.0619822 0.984298 0.165277
1.97111 26.6802 2.88479 0.055426 0.982482 0.177926
3.30789 26.5332 3.06228 0.124931 0.983807 0.128518
4.4584 26.3503 3.23832 0.174081 0.97876 0.108276
5.89234 26.1003 3.25268 0.184648 0.980275 0.0704764
7.1977 25.8128 3.05299 0.241441 0.970349 0.0113514
8.53503 25.3934 2.76568 0.309099 0.949544 -0.0531436
9.90849 24.9237 2.52306 0.3451 0.933073 -0.101396
10.8469 24.5312 2.14288 0.38315 0.913598 -0.132985
11.8248 24.0983 1.82331 0.377958 0.911562 -0.160067
12.721 23.6489 1.41517 0.377318 0.905107 -0.195004
13.566 23.1601 0.877143 0.371795 0.899698 -0.228116
14.6313 22.5185 0.233538 0.384683 0.885642 -0.258922
15.5591 21.9359 -0.399677 0.384518 0.879167 -0.281446
16.5229 21.4363 -0.672914 0.366653 0.878907 -0.305102
16.9126 21.6761 0.505453 0.342182 0.884126 -0.317943
17.7727 21.7913 1.70179 0.304712 0.888434 -0.341158
18.7523 21.8285 2.51333 0.264255 0.89341 -0.363302
19.8929 21.8498 3.30157 0.196067 0.912407 -0.358904
21.0639 21.8238 3.89151 0.181282 0.917698 -0.353169
22.339 21.8317 4.49673 0.163961 0.918271 -0.360409
23.7267 21.8835 5.12743 0.136637 0.92003 -0.367098
25.2856 21.9616 5.81746 0.107865 0.922141 -0.371434
26.2876 22.0481 6.30342 0.101193 0.919885 -0.378893
27.3256 22.2895 7.15024 0.0898315 0.920613 -0.380002
28.2698 22.4768 7.84052 0.0888893 0.924804 -0.369913
29.1993 22.6911 8.58047 0.0824685 0.927388 -0.364789
30.0353 22.9688 9.46806 0.0701501 0.929249 -0.362733
31.1047 23.3622 10.6739 0.0604885 0.930293 -0.361796
32.1298 23.871 12.1608 0.0492484 0.934083 -0.353644
32.9606 24.3723 13.5927 0.0312847 0.935496 -0.351949
33.6104 24.8391 14.9106 0.0330484 0.938638 -0.343317
34.085 25.3209 16.2512 0.0146794 0.941279 -0.337111
34.4613 25.7555 17.5116 0.0079457 0.945205 -0.32638
34.7893 26.1656 18.6946 -0.0123016 0.947317 -0.320011
35.185 26.5273 19.7613 -0.0141018 0.951131 -0.308364
35.4088 26.9777 21.2022 -0.0322638 0.959523 -0.279777
35.4796 27.4545 22.8459 -0.0471544 0.96213 -0.26848
35.6491 27.9001 24.5236 -0.0728339 0.968152 -0.239535
35.8056 28.2585 25.9795 -0.0905828 0.973423 -0.210339
35.9134 28.5831 27.4003 -0.102618 0.973311 -0.204561
35.9401 28.8334 28.6794 -0.113259 0.974319 -0.194461
35.8491 29.0536 29.9075 -0.127483 0.976018 -0.176454
35.6138 29.3116 31.6166 -0.125166 0.980103 -0.154051
35.6237 29.4905 32.7668 -0.142967 0.980252 -0.136605
35.5295 29.6764 34.1854 -0.149647 0.980086 -0.130199
35.3751 29.7875 35.3258 -0.151721 0.981859 -0.11373
35.203 29.9124 36.886 -0.16026 0.983453 -0.084484
34.8929 29.995 38.5196 -0.173198 0.982124 -0.0736674
34.5879 30.0353 39.7875 -0.177285 0.981628 -0.0704629
34.2194 30.0645 41.2914 -0.175099 0.982707 -0.0602296
33.9296 30.0821 42.649 -0.182646 0.982109 -0.0458414
33.1453 29.9891 43.9871 -0.192277 0.980846 -0.0308788
32.087 29.7818 44.0529 -0.196383 0.979968 -0.0330555
30.5716 29.461 43.4944 -0.193638 0.980482 -0.0340624
28.839 29.0976 42.9507 -0.195875 0.980008 -0.034882
27.2581 28.7593 42.1749 -0.192436 0.980976 -0.0255812
25.9409 28.4825 41.5891 -0.196966 0.979881 -0.0317127
24.805 28.2404 41.1607 -0.194918 0.980279 -0.0323027
23.6953 28.0027 40.7174 -0.193785 0.980652 -0.027713
22.5283 27.7568 40.2723 -0.198439 0.979793 -0.0250639
21.6849 27.566 39.4918 -0.19711 0.980097 -0.0235293
21.7574 27.5434 38.2522 -0.188037 0.981631 -0.0322849
22.1281 27.5681 36.9566 -0.187149 0.981629 -0.0371512
22.5113 27.5829 35.5752 -0.175048 0.983551 -0.0445658
22.6594 27.5455 34.2491 -0.174074 0.983448 -0.0502716
22.7409 27.5002 33.1402 -0.154798 0.986098 -0.060392
22.892 27.4079 31.3605 -0.156088 0.985417 -0.0677528
22.9322 27.3 29.8598 -0.141077 0.986792 -0.0793535
22.8551 27.2003 28.6811 -0.136677 0.987797 -0.0746762
22.7168 27.0604 27.3335 -0.119017 0.988982 -0.0875193
22.4388 26.9412 26.2827 -0.110165 0.989293 -0.0957279
22.1362 26.7757 24.889 -0.0996575 0.990303 -0.0965428
21.7341 26.6066 23.6547 -0.0946895 0.990467 -0.0998893
21.2488 26.4327 22.4798 -0.0818247 0.990796 -0.1076
20.8223 26.2859 21.3974 -0.0673682 0.990043 -0.123227
20.2168 26.1058 20.2599 -0.0525686 0.990586 -0.126398
19.746 25.9453 19.27 -0.0177132 0.992381 -0.121928
19.0391 25.757 17.8901 -0.0189831 0.991217 -0.130873
18.3243 25.6279 16.9823 -0.013099 0.991842 -0.126802
17.588 25.5067 16.0838 -9.05965e-05 0.991833 -0.12754
16.7689 25.4062 15.2278 0.0104834 0.991592 -0.128532
15.7958 25.3012 14.2181 0.0316599 0.989906 -0.137639
15.086 25.2167 13.3077 0.0654586 0.989234 -0.130888
13.8188 25.1898 12.3443 0.0622369 0.993714 -0.0930558
12.6717 25.214 11.6555 0.0890202 0.993008 -0.0775313
11.61 25.2542 10.9028 0.0737648 0.996541 -0.0382853
10.5887 25.3179 10.3537 0.0986614 0.994689 -0.0232643
9.58259 25.3964 9.86227 0.0834036 0.995657 -0.0413708
8.51026 25.5059 9.17917 0.12231 0.99249 0.00172513
7.38375 25.6264 8.56376 0.1032 0.993219 0.053533
6.09037 25.7588 8.08369 0.0581413 0.997074 0.0496288
5.06623 25.8706 7.55685 0.0985975 0.992626 0.0705075
3.98211 25.9767 7.05416 0.0115498 0.992081 0.124965
2.48743 26.0523 6.73969 0.021091 0.986719 0.16102
1.29864 26.1652 5.96115 -0.0599489 0.981481 0.18129
0.0981543 26.1856 5.3669 -0.0830777 0.978914 0.186074
-1.13209 26.1362 4.78628 -0.135613 0.972655 0.188551
-2.40862 25.9977 4.17314 -0.188242 0.969298 0.158152
-3.44557 25.8221 3.87245 -0.220713 0.964497 0.145022
-4.62449 25.5521 3.76562 -0.253092 0.957427 0.138844
-5.74703 25.2823 3.46194 -0.282221 0.950291 0.131523
-6.83751 24.9847 3.22821 -0.293275 0.947806 0.125075
-8.23978 24.5744 2.99048 -0.306276 0.944144 0.121495
-9.32339 24.2274 2.87766 -0.316084 0.941985 0.11294
-10.3723 23.8681 2.91837 -0.322131 0.940643 0.106879
-11.4813 23.4709 3.04862 -0.325129 0.939766 0.105506
-12.7852 22.9969 3.21662 -0.329789 0.9381 0.105868
-13.8584 22.5931 3.46348 -0.328494 0.938272 0.108339
-15.0866 22.124 3.79983 -0.328412 0.938273 0.108579
-16.3668 21.6243 4.23568 -0.329301 0.937849 0.109544
-17.5057 21.1671 4.72396 -0.329787 0.937655 0.109726
-18.6142 20.724 5.187 -0.331494 0.937121 0.109141
-19.6503 20.2688 5.93413 -0.330036 0.937502 0.110295
-20.8179 19.778 6.61519 -0.329104 0.938336 0.105813
-21.5035 19.4828 7.13441 -0.327318 0.939398 0.101954
-20.9137 19.5956 8.01033 -0.330258 0.938799 0.0979024
-21.8141 19.1859 8.87594 -0.33337 0.937506 0.099733
-22.8627 18.7058 9.93007 -0.329143 0.939317 0.0966895
-23.6733 18.3418 10.7292 -0.333565 0.938198 0.0922976
-24.4841 17.9672 11.6147 -0.331577 0.939255 0.0886379
-25.1281 17.6588 12.4736 -0.329175 0.940094 0.0886603
-25.8395 17.3273 13.4504 -0.327657 0.941461 0.0793205
-26.3852 17.0599 14.3564 -0.33118 0.940041 0.0815062
-26.8613 16.8022 15.3942 -0.331115 0.940343 0.0781494
-27.3944 16.5327 16.4059 -0.333893 0.939401 0.077718
-27.8671 16.2823 17.4201 -0.336926 0.93922 0.065926
-28.6725 15.9228 18.5735 -0.32802 0.942404 0.065395
-29.6993 15.5577 18.663 -0.329819 0.941722 0.0661784
-30.6778 15.2442 18.2782 -0.323821 0.943155 0.0747567
-32.0454 14.8399 17.5134 -0.322256 0.943549 0.07659
-33.0554 14.5227 17.2735 -0.314813 0.945499 0.0831304
-34.1006 14.2239 16.8737 -0.297806 0.950433 0.0893827
-35.4973 13.8551 16.2499 -0.288534 0.951725 0.104721
-36.4882 13.5968 15.8672 -0.284787 0.952248 0.109901
-37.4093 13.3903 15.3275 -0.281036 0.952768 0.115117
-38.8027 13.0516 14.869 -0.267247 0.955548 0.12453
-39.9462 12.8452 14.3093 -0.229872 0.962424 0.144564
-41.118 12.6896 13.5502 -0.220755 0.962306 0.158854
-41.7432 12.7057 12.6252 -0.205344 0.965566 0.159523
-41.4292 12.9758 11.324 -0.195207 0.966704 0.164826
-40.962 13.2923 10.0739 -0.184798 0.965856 0.18146
-40.2966 13.6499 8.79125 -0.206344 0.962505 0.175783
-39.8846 13.933 7.79329 -0.198642 0.959223 0.200805
-39.139 14.353 6.44023 -0.211918 0.960908 0.178134
-38.6342 14.6526 5.44628 -0.237521 0.9469 0.216713
-37.9624 15.0769 4.15271 -0.214099 0.957135 0.195075
-37.2234 15.4197 3.28207 -0.211524 0.957974 0.193736
-36.3005 15.9216 1.82285 -0.210391 0.957204 0.198727
-35.7207 16.2327 0.935433 -0.212633 0.957342 0.195663
-34.821 16.6411 -0.123739 -0.202672 0.959038 0.197913
-34.1201 16.9577 -0.885872 -0.211366 0.955546 0.20556
-33.4105 17.2884 -1.68984 -0.217795 0.953832 0.206712
-32.5659 17.6558 -2.47744 -0.222202 0.951074 0.214522
-31.6817 18.0092 -3.08839 -0.228517 0.949247 0.216099
-30.9008 18.3716 -3.88477 -0.234065 0.949466 0.208783
-30.0869 18.7207 -4.54684 -0.240966 0.949158 0.202569
-29.2065 19.0646 -5.10678 -0.244725 0.94826 0.202267
-27.924 19.5901 -6.02062 -0.249828 0.947116 0.201316
-26.9802 19.9957 -6.72678 -0.248937 0.945094 0.211725
-26.041 20.3471 -7.22805 -0.248598 0.948842 0.194673
-25.0754 20.7285 -7.85398 -0.248095 0.949047 0.194313
-23.6286 21.2321 -8.44477 -0.25757 0.94748 0.189576
-22.662 21.5973 -8.95725 -0.257361 0.947263 0.190935
-21.7539 21.9395 -9.44626 -0.256691 0.94839 0.186189
-20.7204 22.4116 -10.4589 -0.252056 0.950731 0.180494
-20.0393 22.7419 -11.2508 -0.250594 0.951191 0.180101
-19.4172 23.133 -12.4424 -0.246503 0.95255 0.178489
-19.2788 23.3968 -13.6607 -0.241379 0.953389 0.181069
-19.4458 23.6473 -15.1763 -0.228841 0.955786 0.184675
-20.0939 23.788 -16.6704 -0.225568 0.955126 0.191975
-20.9099 23.8431 -17.8828 -0.216943 0.957077 0.192194
-21.9295 23.8417 -19.0164 -0.214706 0.957189 0.194129
-22.5933 23.8843 -19.9624 -0.209284 0.958779 0.192198
-23.9555 23.7695 -20.8611 -0.208032 0.959222 0.191353
-24.8082 23.7276 -21.5559 -0.201712 0.960663 0.190889
-25.8666 23.6632 -22.3477 -0.198609 0.961437 0.190245
-27.2107 23.5547 -23.2046 -0.197756 0.961733 0.189631
-28.4893 23.3891 -23.6867 -0.19572 0.962045 0.190164
-29.5125 23.2744 -24.1549 -0.19413 0.962277 0.19062
-30.7153 23.0943 -24.4631 -0.189262 0.964071 0.186408
-32.3724 22.9254 -25.2527 -0.182954 0.966168 0.18179
-33.3709 22.9454 -26.3775 -0.179762 0.96723 0.179231
-33.8337 23.0471 -27.3737 -0.17466 0.968044 0.179959
-34.4809 23.1426 -28.5729 -0.176341 0.969521 0.170073
-35.272 23.2368 -29.9711 -0.169932 0.97207 0.161876
-36.1039 23.2715 -31.0746 -0.171911 0.972202 0.158966
-37.1212 23.3073 -32.4478 -0.163478 0.975957 0.144138
-37.8493 23.3245 -33.3821 -0.158542 0.977476 0.139202
-38.4887 23.3651 -34.4346 -0.157883 0.978379 0.133593
-39.6886 23.313 -35.4839 -0.156689 0.979953 0.123049
-40.3615 23.3188 -36.3338 -0.150031 0.98205 0.114317
-41.3394 23.2912 -37.3174 -0.1399 0.982939 0.119408
-42.0967 23.2776 -38.1064 -0.137735 0.983907 0.113822
-42.9889 23.2291 -38.7768 -0.135398 0.985747 0.0998531
-43.8219 23.209 -39.7139 -0.130814 0.986445 0.099069
-44.6667 23.1732 -40.4515 -0.123568 0.987655 0.0962741
-45.6479 23.1162 -41.1194 -0.119177 0.989279 0.0844013
-46.7338 23.0491 -41.8077 -0.114306 0.989583 0.0875223
-47.8693 23.0052 -42.8186 -0.10462 0.99151 0.0772222
-48.9662 22.9612 -43.7419 -0.100753 0.992752 0.0655096
-49.7707 22.9278 -44.4563 -0.0900683 0.993438 0.0704848
-50.7523 22.8934 -45.337 -0.0927279 0.994116 0.0559922
-51.5399 22.8721 -46.1367 -0.0837478 0.994975 0.0546178
-52.3347 22.8532 -47.1074 -0.0777643 0.995818 0.0475662
-52.697 22.8761 -48.156 -0.0696733 0.996817 0.0376306
-51.2697 22.9923 -48.2909 -0.080205 0.996356 0.029012
-50.1382 23.0782 -48.0495 -0.0886108 0.995233 0.0406114
-48.7171 23.2017 -47.8712 -0.0934423 0.994806 0.0402883
-47.5694 23.3016 -47.4733 -0.102019 0.993903 0.0418261
-46.4621 23.4067 -47.1334 -0.108814 0.993345 0.037744
-45.2871 23.5214 -46.6835 -0.113553 0.992889 0.0357316
-43.9152 23.6548 -46.1109 -0.123155 0.991412 0.0438063
-42.6223 23.7881 -45.384 -0.128186 0.99078 0.0438586
-41.4247 23.9203 -44.8299 -0.130706 0.990409 0.0447944
-40.1057 24.0812 -44.3093 -0.142464 0.988256 0.0544817
-38.9823 24.2016 -43.6285 -0.147589 0.98715 0.0612565
-38.0261 24.3098 -43.0703 -0.149931 0.987162 0.0545392
-36.6941 24.4735 -42.3659 -0.154604 0.985932 0.0635239
-35.4233 24.6303 -41.6211 -0.161193 0.98416 0.0737593
-34.5584 24.7125 -40.7921 -0.161947 0.984166 0.0720329
-33.7535 24.7584 -39.6612 -0.169579 0.982118 0.0817708
-33.3788 24.7239 -38.5885 -0.172695 0.980375 0.0950835
-32.6506 24.6867 -36.993 -0.175475 0.978425 0.109052
-32.0874 24.6418 -35.6844 -0.174801 0.977865 0.114851
-31.4182 24.6356 -34.6516 -0.178781 0.976594 0.11959
-30.2913 24.7106 -33.6258 -0.185685 0.974524 0.125795
-29.0594 24.8393 -32.8457 -0.187838 0.973292 0.131986
-28.2305 24.8945 -32.1145 -0.185311 0.972855 0.138598
-27.2759 24.9708 -31.3634 -0.187388 0.971759 0.143427
-25.8681 25.0942 -30.3606 -0.187439 0.971738 0.143495
-24.8119 25.2133 -29.7637 -0.19315 0.969604 0.150201
-23.7883 25.2882 -28.9416 -0.195101 0.968095 0.157248
-22.7025 25.3934 -28.2609 -0.191254 0.968551 0.159155
-21.7087 25.4478 -27.4105 -0.194053 0.967371 0.162902
-20.6203 25.5037 -26.4565 -0.196154 0.966364 0.166295
-19.2663 25.6261 -25.5544 -0.188986 0.969021 0.158998
-18.4841 25.6429 -24.7577 -0.189079 0.967638 0.16711
-17.5618 25.6938 -23.9966 -0.190743 0.967629 0.165263
-16.3806 25.7914 -23.1941 -0.192487 0.96677 0.168237
-15.4887 25.8591 -22.5904 -0.184433 0.969326 0.162454
-14.5625 25.9257 -21.9506 -0.170041 0.972765 0.157377
-13.1409 26.0541 -21.1471 -0.173698 0.973014 0.151901
-12.0721 26.1007 -20.2957 -0.159903 0.976057 0.147457
-11.1733 26.1642 -19.6793 -0.167829 0.975877 0.139634
-9.96301 26.2268 -18.8114 -0.147871 0.980076 0.132612
-8.74053 26.3196 -18.1422 -0.140162 0.982866 0.119703
-7.87355 26.3478 -17.3971 -0.131898 0.983286 0.125509
-7.02812 26.3735 -16.6662 -0.127562 0.986679 0.100667
-6.07628 26.4131 -15.9357 -0.110852 0.989265 0.0943125
-4.96546 26.4584 -15.1193 -0.0955556 0.993356 0.0641352
-3.9522 26.5096 -14.5613 -0.0833572 0.99324 0.0807811
-2.51499 26.5505 -13.918 -0.0451014 0.996805 0.0659264
-1.48421 26.5604 -13.487 0.00699455 0.998556 0.053261
-0.0652164 26.5548 -13.4115 0.0191746 0.998579 0.0459981
1.15724 26.5071 -13.3884 0.0386147 0.998182 0.0462777
1.42362 26.4825 -12.8027 0.0831547 0.995707 0.00636637
1.14201 26.4821 -11.7528 0.0504486 0.998592 -0.00261481
0.275672 26.5408 -10.5385 0.010967 0.999791 -0.0172663
-0.0127856 26.565 -9.4854 -0.00265299 0.99973 -0.0231052
-0.509041 26.6097 -8.47773 -0.0251825 0.99739 -0.0547996
-1.16196 26.6207 -7.331 -0.072003 0.99637 -0.0454029
-1.53031 26.683 -6.15022 -0.136842 0.988254 -0.0680341
-1.95228 26.688 -5.13589 -0.154317 0.982809 -0.0941079
-2.32328 26.73 -4.05266 -0.230199 0.969801 -0.0805906
-2.42924 26.7804 -2.76767 -0.301926 0.953006 -0.0248844
-2.36697 26.8105 -1.61619 -0.350841 0.935205 0.0479762
-1.89397 26.8696 -0.493242 -0.297198 0.946021 0.129297
-1.18134 26.9727 0.393768 -0.243184 0.953556 0.173022
-0.293619 26.9467 1.24319 -0.166628 0.961914 0.216695
0.819481 26.9411 1.70803 -0.0186489 0.972628 0.227538
2.2405 26.823 1.93096 0.0967332 0.98104 0.166809
3.69498 26.6081 2.11309 0.137608 0.980679 0.138096
4.92299 26.3704 2.16587 0.195409 0.976035 0.094292
6.02889 26.1693 2.04476 0.231572 0.969625 0.0571336
7.18232 25.8204 1.93472 0.302837 0.953034 0.00389914
8.3884 25.4176 1.73177 0.327295 0.944828 -0.00931976
9.61269 24.9324 1.55892 0.370358 0.925378 -0.0728863
10.7184 24.4528 1.09664 0.406837 0.905866 -0.117858
11.9937 23.814 0.702189 0.400545 0.902584 -0.157813
12.8274 23.3136 0.1535 0.391891 0.896828 -0.205236
13.7883 22.7382 -0.376815 0.41925 0.875282 -0.241014
14.8292 22.031 -1.10008 0.416482 0.867365 -0.271972
15.7182 21.4177 -1.74665 0.39687 0.873463 -0.282059
16.4787 20.7381 -2.76587 0.371797 0.879745 -0.296336
17.3472 20.462 -2.49482 0.35397 0.884684 -0.302727
17.4358 20.814 -1.3988 0.332474 0.888842 -0.315311
17.7667 21.1114 -0.177058 0.336674 0.892592 -0.299882
18.4806 21.2924 0.975357 0.269371 0.896015 -0.352982
19.6929 21.3277 1.88925 0.212994 0.908321 -0.35998
20.953 21.3623 2.68141 0.186906 0.90974 -0.370524
21.9131 21.3872 3.19847 0.167444 0.911445 -0.375807
23.0463 21.4053 3.72711 0.144893 0.915092 -0.376314
24.2199 21.418 4.17797 0.120525 0.915464 -0.383925
25.5331 21.4825 4.74389 0.111999 0.915803 -0.385601
26.5559 21.6146 5.33031 0.105117 0.915602 -0.388098
27.4997 21.7959 5.99857 0.0949771 0.917187 -0.386972
28.4982 22.0058 6.74213 0.0923222 0.919831 -0.381298
29.3957 22.1878 7.39185 0.0884712 0.919433 -0.383167
30.3271 22.449 8.23723 0.0824706 0.921669 -0.379111
31.0594 22.6952 9.0087 0.0771837 0.923911 -0.37466
31.8568 23.0178 9.9458 0.0700401 0.925359 -0.372527
32.7669 23.3908 11.0332 0.0580827 0.926038 -0.372935
33.3274 23.7421 12.0168 0.0512757 0.93046 -0.362702
34.0738 24.2623 13.4328 0.0407521 0.930697 -0.363491
34.7264 24.7452 14.7354 0.0373397 0.931031 -0.363024
35.1489 25.1935 15.9732 0.0138039 0.937574 -0.347404
35.4984 25.6155 17.1108 0.00558964 0.937079 -0.349072
35.7745 25.981 18.129 -0.00987801 0.944856 -0.327319
36.2165 26.4579 19.5022 -0.0215598 0.943962 -0.329323
36.3494 26.8242 20.6113 -0.0287632 0.951099 -0.307512
36.5326 27.1537 21.6428 -0.0426592 0.955197 -0.292881
36.6005 27.4641 22.6834 -0.0573224 0.959434 -0.275748
36.715 27.7893 23.7719 -0.0651054 0.963444 -0.259878
36.871 28.2226 25.422 -0.079166 0.969934 -0.230134
36.9137 28.4729 26.4754 -0.101267 0.97024 -0.219909
36.9577 28.7667 27.7503 -0.102617 0.973311 -0.204561
36.9786 29.1205 29.4615 -0.122802 0.974317 -0.188311
36.7603 29.3157 30.6997 -0.127338 0.97607 -0.176272
36.7241 29.5478 32.1289 -0.13926 0.977941 -0.155678
36.6976 29.7324 33.3026 -0.146359 0.978183 -0.146962
36.4679 29.9043 34.8115 -0.150406 0.979702 -0.132523
36.3494 30.0127 35.9182 -0.157614 0.982595 -0.0983109
36.2354 30.1407 37.4743 -0.166787 0.982407 -0.0839456
35.9325 30.1785 38.5599 -0.168264 0.982708 -0.0771782
35.6259 30.2341 39.9685 -0.174664 0.98147 -0.0787964
35.2188 30.2596 41.5406 -0.178173 0.982121 -0.0607628
34.9897 30.2773 42.6016 -0.182742 0.982075 -0.0461881
34.7292 30.2829 43.7755 -0.181953 0.982501 -0.0398228
33.7923 30.1454 45.0538 -0.193742 0.980662 -0.0276839
32.5249 29.9042 45.3107 -0.191807 0.981073 -0.0265768
31.0372 29.6005 44.9293 -0.193136 0.980647 -0.0320899
29.998 29.3765 44.4125 -0.207516 0.977926 -0.0244696
28.7218 29.1053 44.0312 -0.196009 0.980364 -0.0216044
27.6347 28.8742 43.6181 -0.195025 0.980362 -0.029263
26.5845 28.6489 43.0085 -0.194731 0.980527 -0.0253357
25.5403 28.4281 42.5813 -0.197541 0.979959 -0.0256388
24.3297 28.1715 42.1399 -0.198364 0.979776 -0.0262931
23.3293 27.9541 41.6718 -0.20174 0.979184 -0.0222351
22.1827 27.7111 41.2436 -0.199685 0.979632 -0.0211424
21.1613 27.4925 40.7875 -0.201829 0.979286 -0.0162228
20.4524 27.3237 39.6657 -0.195857 0.980386 -0.0219901
20.5834 27.3154 38.344 -0.191726 0.981038 -0.0282267
21.0325 27.3542 36.7407 -0.18826 0.981565 -0.0329725
21.4183 27.3797 35.5167 -0.182631 0.982296 -0.0417245
21.6421 27.3693 34.2719 -0.177612 0.98317 -0.0427837
21.7686 27.3406 33.1898 -0.166836 0.984476 -0.0545106
21.8408 27.2918 32.1012 -0.161971 0.98498 -0.0594365
21.9055 27.2206 30.8572 -0.145939 0.987275 -0.0631689
21.8723 27.1447 29.7261 -0.134155 0.988112 -0.0750811
21.7997 27.0435 28.5234 -0.131538 0.988626 -0.0728305
21.6697 26.9482 27.4509 -0.124208 0.989221 -0.077551
21.3808 26.8244 26.3134 -0.115001 0.990853 -0.070605
21.0528 26.6568 24.7873 -0.0996596 0.990303 -0.0965445
20.608 26.5167 23.7866 -0.0904238 0.991226 -0.0964097
20.0034 26.3193 22.3233 -0.0756931 0.992039 -0.100644
19.4146 26.1401 21.018 -0.0762615 0.991734 -0.103188
18.9409 26.0109 19.9956 -0.0469861 0.994036 -0.0973682
18.4798 25.8826 19.0247 -0.0426106 0.992914 -0.110934
17.8061 25.761 18.064 -0.0238495 0.992935 -0.114795
17.0199 25.6254 17.0404 -0.000862229 0.992607 -0.121374
16.0913 25.5016 15.9896 0.00645073 0.993068 -0.117363
15.2504 25.4204 15.2002 0.0189461 0.994238 -0.105289
14.4155 25.326 14.0862 0.0257667 0.994392 -0.102574
13.1644 25.3075 13.21 0.0617635 0.994605 -0.083348
11.9885 25.3186 12.5118 0.0474938 0.997269 -0.0549177
11.008 25.3328 11.7904 0.0735163 0.996559 -0.0382754
9.83618 25.3959 11.1905 0.085231 0.995914 -0.0218653
8.7071 25.4788 10.6074 0.0450237 0.998708 0.0235836
7.72603 25.5525 10.1103 0.0649899 0.997535 0.0254907
6.66196 25.651 9.49782 0.0809616 0.995048 0.0531636
5.20462 25.7498 8.89655 0.0109346 0.995065 0.0986222
3.48527 25.8388 8.19508 0.0115499 0.992081 0.124965
2.11027 25.8766 7.77805 -0.0422093 0.986172 0.160258
0.984911 25.9226 7.14903 -0.0472287 0.983729 0.172616
-0.113332 25.9429 6.54121 -0.099787 0.977383 0.186456
-1.17521 25.8976 6.03724 -0.135813 0.976628 0.166589
-2.44369 25.7457 5.65984 -0.191884 0.968648 0.15779
-3.42908 25.6242 5.21351 -0.206195 0.966442 0.152331
-4.59269 25.3799 4.95442 -0.255661 0.955477 0.146769
-5.72889 25.1141 4.59321 -0.275746 0.95024 0.144838
-6.88355 24.8193 4.32853 -0.290021 0.947078 0.137593
-7.96153 24.5178 4.09361 -0.299111 0.945756 0.126766
-9.05954 24.1797 3.99783 -0.305432 0.94438 0.121721
-10.1346 23.8145 4.03835 -0.317758 0.941463 0.112589
-11.4534 23.3594 4.10131 -0.321638 0.940203 0.112106
-12.9763 22.8074 4.27217 -0.330427 0.937131 0.112269
-14.4892 22.23 4.68746 -0.328281 0.938223 0.109404
-15.5008 21.8373 5.02492 -0.329668 0.937922 0.107803
-16.4331 21.4583 5.47143 -0.329678 0.937918 0.107807
-17.5286 21.0132 5.98966 -0.329857 0.937829 0.108028
-18.4667 20.6111 6.60364 -0.331961 0.937559 0.103848
-19.5842 20.1545 7.14604 -0.332452 0.937664 0.101253
-20.4138 19.8172 7.57234 -0.330259 0.938799 0.0979024
8.51614 25.4444 3.86945 0.241676 0.969763 0.00122353
7.44743 25.729 4.11374 0.252869 0.967079 0.0265641
6.34354 25.9442 4.27813 0.17693 0.981956 0.0667762
5.0503 26.1503 4.34596 0.149024 0.985374 0.0826429
4.03225 26.3025 4.32582 0.0787886 0.989046 0.123906
3.01368 26.4455 3.98514 0.0914467 0.985721 0.141391
1.80233 26.5495 3.81239 0.0274282 0.988122 0.147657
0.593078 26.5716 3.57559 -0.0688634 0.97901 0.188842
-0.54384 26.4399 3.63834 -0.13685 0.974155 0.17932
0.26451 26.4597 3.97011 -0.102315 0.976097 0.191743
1.40559 26.3924 4.7218 -0.0292629 0.986173 0.162892
2.5015 26.2761 5.33597 0.0197192 0.989036 0.146351
3.5519 26.1637 5.80844 0.0671666 0.991148 0.11452
4.61777 26.0426 5.99756 0.121475 0.986284 0.111751
6.07126 25.8408 6.57109 0.0990048 0.991616 0.082205
7.3596 25.6641 7.36381 0.137831 0.990449 0.00356123
8.74088 25.4527 7.98006 0.149742 0.988359 -0.0160095
9.70843 25.3406 8.63086 0.146408 0.988592 -0.0341443
11.1427 25.1791 9.39299 0.135755 0.987792 -0.0763999
12.3099 25.1126 10.149 0.108706 0.99022 -0.0873608
13.6706 25.0537 11.0062 0.113053 0.984608 -0.132252
14.5968 25.0374 11.5964 0.0987597 0.988422 -0.115191
15.5931 25.0603 12.3905 0.0653965 0.988796 -0.134189
16.5203 25.1686 13.491 0.0309802 0.988301 -0.149335
17.5419 25.299 14.5684 0.0318704 0.988269 -0.149359
18.2853 25.4027 15.3474 0.0158867 0.986189 -0.16486
19.1439 25.5394 16.3293 0.00607987 0.990326 -0.138626
20.07 25.7219 17.5747 -0.00145796 0.988247 -0.15286
20.8612 25.9727 19.0984 -0.020952 0.987213 -0.158026
21.5158 26.2026 20.4203 -0.0507673 0.987728 -0.146049
22.0177 26.38 21.5191 -0.0674336 0.991155 -0.114295
22.5194 26.5634 22.7908 -0.0776495 0.98887 -0.12628
22.9366 26.758 24.005 -0.0970201 0.989376 -0.108167
23.3555 26.9739 25.6163 -0.100222 0.989718 -0.102053
23.7113 27.1581 27.0215 -0.12482 0.987777 -0.0933681
23.8949 27.2875 28.1333 -0.125234 0.987499 -0.0957152
23.9894 27.4433 29.7105 -0.145478 0.985787 -0.0840287
23.9542 27.5677 31.3538 -0.14794 0.986405 -0.0715472
23.7906 27.6528 32.8281 -0.161486 0.9846 -0.0668109
23.7202 27.711 33.9392 -0.165814 0.984666 -0.0542042
23.6428 27.7613 35.0428 -0.180074 0.98191 -0.0582849
23.454 27.7888 36.2251 -0.183499 0.98166 -0.0516853
23.0213 27.7722 37.848 -0.188242 0.981308 -0.0398484
22.8556 27.781 38.968 -0.193075 0.980515 -0.0362278
23.6614 27.9622 39.6123 -0.194221 0.980405 -0.0329338
24.9057 28.2209 40.0344 -0.191453 0.980886 -0.0347487
26.0258 28.457 40.4715 -0.194213 0.980227 -0.037851
27.1837 28.7028 40.9412 -0.192553 0.980532 -0.038467
28.1682 28.9111 41.453 -0.195278 0.980163 -0.0338732
29.6346 29.2246 42.051 -0.195091 0.980165 -0.0348689
30.7955 29.4688 42.4482 -0.193973 0.980401 -0.0344599
31.8088 29.6837 42.8473 -0.194694 0.980282 -0.0337943
32.7356 29.8506 42.4464 -0.183171 0.981885 -0.0484085
33.2873 29.8726 40.8805 -0.185344 0.981307 -0.0517734
33.537 29.8409 39.7431 -0.178722 0.981588 -0.067408
33.7922 29.7991 38.5361 -0.173926 0.982224 -0.0705194
34.1186 29.7398 36.9606 -0.168984 0.982418 -0.0793673
34.3111 29.6491 35.6385 -0.162647 0.981267 -0.103251
34.5229 29.5357 34.3174 -0.142924 0.982507 -0.119388
34.6054 29.3557 32.8534 -0.141068 0.980921 -0.133762
34.5999 29.1542 31.4391 -0.12521 0.980086 -0.154126
34.7142 28.9796 30.2367 -0.119329 0.978768 -0.166119
34.8701 28.7297 28.781 -0.116146 0.976448 -0.181823
34.8494 28.5092 27.6434 -0.10986 0.976703 -0.184258
34.7595 28.2692 26.4753 -0.0890975 0.973606 -0.210125
34.6249 27.96 25.1131 -0.0907675 0.972439 -0.214763
34.4901 27.6992 24.0539 -0.0698289 0.969447 -0.23515
34.3691 27.3889 22.8785 -0.0578126 0.965012 -0.255586
34.3649 27.0439 21.5565 -0.0507113 0.965357 -0.255956
34.2328 26.7402 20.5101 -0.0274354 0.958509 -0.283739
33.8555 26.3879 19.404 -0.0125205 0.948931 -0.315234
33.4436 25.9473 18.0691 -0.00916154 0.951876 -0.306347
33.1768 25.5914 17.008 0.00999713 0.944542 -0.328227
32.8316 25.2315 15.9568 0.01368 0.94559 -0.32506
32.3711 24.8738 14.8863 0.0238038 0.942548 -0.332908
31.7681 24.4617 13.6968 0.0493182 0.937828 -0.34358
31.1074 24.0576 12.5111 0.0547557 0.934849 -0.350741
30.3282 23.686 11.3767 0.0603765 0.932954 -0.354817
29.4948 23.3816 10.4311 0.0700552 0.931486 -0.356969
28.4281 23.0286 9.28518 0.0775085 0.93208 -0.353863
27.5502 22.8241 8.54491 0.0834183 0.930059 -0.357698
26.4151 22.5864 7.66647 0.0940716 0.927016 -0.363031
25.2473 22.4039 6.89793 0.102568 0.924556 -0.366981
23.9554 22.3459 6.36414 0.118126 0.921989 -0.368758
22.9409 22.3014 5.90655 0.137207 0.923906 -0.357171
21.8269 22.2537 5.35284 0.153226 0.924236 -0.349357
20.448 22.2627 4.71602 0.181282 0.917697 -0.353171
19.2405 22.2784 4.06888 0.198243 0.916968 -0.346222
17.7867 22.2805 3.03167 0.260561 0.907003 -0.330192
16.7541 22.2436 1.96853 0.310454 0.90491 -0.291128
16.0854 22.1843 1.03028 0.358565 0.885568 -0.295298
14.9824 22.6592 1.18522 0.361799 0.893494 -0.266026
14.1167 23.1423 1.70467 0.371795 0.899698 -0.228116
13.2725 23.6101 2.24272 0.342769 0.913339 -0.218915
12.3809 24.0451 2.67219 0.340792 0.922225 -0.180674
11.4133 24.457 3.03126 0.334327 0.932435 -0.132955
10.1069 24.9597 3.52961 0.315962 0.944531 -0.0815894
8.9581 25.3205 3.77934 0.286382 0.956517 -0.0548962
8.67789 25.407 3.83522 0.253156 0.966075 -0.0363168
-41.9808 23.6578 -41.9566 -0.13291 0.987898 0.079955
-42.1044 23.6312 -41.8316 -0.130686 0.988095 0.0811804
-40.64 23.7449 -40.7668 -0.140702 0.985935 0.0901989
-40.4827 23.7826 -40.9262 -0.146829 0.985697 0.0827237
-39.8018 23.8294 -40.3422 -0.145057 0.985309 0.0901404
-40.0174 23.7777 -40.1237 -0.144817 0.985367 0.0898891
-39.5214 23.7802 -39.3525 -0.144501 0.98465 0.0978971
-38.6816 23.9845 -40.2044 -0.158784 0.983478 0.0869367
-37.9782 24.0469 -39.644 -0.155354 0.983351 0.0942653
-38.9065 23.8051 -38.702 -0.155009 0.982704 0.101316
-38.1989 23.8621 -38.1457 -0.159509 0.981878 0.102334
-37.2091 24.121 -39.1499 -0.161722 0.982251 0.0950168
-37.1608 24.1341 -39.1991 -0.168083 0.98111 0.0957638
-36.5453 24.1757 -38.5496 -0.165044 0.981115 0.100867
-37.3717 23.9477 -37.7103 -0.15547 0.981748 0.109547
-37.8208 23.8257 -37.2552 -0.157095 0.981432 0.11006
-37.0159 23.9022 -36.7967 -0.160956 0.98084 0.109758
-36.2074 24.1315 -37.6168 -0.166436 0.979902 0.109964
-36.1336 24.152 -37.6918 -0.16312 0.980968 0.105327
-35.7082 24.1301 -36.849 -0.164992 0.979745 0.113479
-36.2479 23.9746 -36.3013 -0.163544 0.979574 0.116993
-35.7556 23.9642 -35.526 -0.165459 0.978887 0.120014
-35.3622 24.0788 -35.9251 -0.168788 0.978855 0.115555
-34.9544 24.043 -35.064 -0.168636 0.97763 0.125707
-35.3154 23.9337 -34.6979 -0.167309 0.977939 0.125072
-34.1652 23.9499 -33.315 -0.171814 0.975774 0.135445
-34.3326 23.8968 -33.1458 -0.171608 0.974803 0.142515
-33.7707 23.893 -32.4411 -0.175949 0.973907 0.143345
-33.7727 23.8924 -32.4391 -0.171812 0.974813 0.142199
-32.9283 23.9858 -32.0205 -0.177897 0.973033 0.146832
-32.7386 24.0494 -32.2125 -0.177898 0.973033 0.146832
-32.2304 24.0277 -31.4528 -0.181028 0.972429 0.147005
-32.738 23.8532 -30.94 -0.180588 0.971249 0.155121
-31.9623 23.9215 -30.4512 -0.18342 0.970998 0.153365
-31.2611 24.1652 -31.1602 -0.182585 0.97126 0.152697
-30.7355 24.1489 -30.4185 -0.185174 0.970962 0.151472
-31.5938 23.8435 -29.5516 -0.181285 0.969996 0.161997
-31.2694 23.747 -28.6078 -0.18629 0.968923 0.162742
-30.4717 24.0355 -29.4131 -0.186908 0.968942 0.161917
-29.9582 24.2211 -29.9314 -0.186044 0.969966 0.156698
-29.2383 24.271 -29.3865 -0.192774 0.967792 0.161913
-30.428 23.8369 -28.1849 -0.187194 0.967883 0.16781
-30.7079 23.7321 -27.9031 -0.18871 0.966844 0.172051
-30.1499 23.7154 -27.1945 -0.190846 0.966656 0.170748
-29.2859 24.0403 -28.0659 -0.192381 0.967213 0.165795
-28.4216 24.3588 -28.9396 -0.192534 0.967869 0.16174
-27.6566 24.4264 -28.4397 -0.190979 0.968035 0.162588
-28.5909 24.0783 -27.4955 -0.192889 0.966572 0.168916
-29.2475 23.8315 -26.8328 -0.192794 0.965728 0.173782
-28.1301 24.0287 -26.6881 -0.193264 0.965008 0.177223
-27.362 24.3167 -27.4639 -0.190537 0.967324 0.16727
-27.1177 24.4076 -27.711 -0.190536 0.967324 0.16727
-26.2774 24.5043 -27.287 -0.196064 0.966633 0.164865
-27.0554 24.2103 -26.5003 -0.1954 0.964975 0.175052
-27.2192 24.1467 -26.3351 -0.19548 0.964713 0.176398
-26.5504 24.1736 -25.7379 -0.196503 0.964473 0.176575
-25.7678 24.4746 -26.5288 -0.197195 0.96505 0.172603
-25.5082 24.5751 -26.7913 -0.199162 0.964947 0.170917
-24.6724 24.6714 -26.3637 -0.198233 0.965272 0.170155
-25.4437 24.3729 -25.5831 -0.200025 0.963863 0.175949
-25.6971 24.2734 -25.3271 -0.202566 0.962891 0.178346
-24.7529 24.4087 -25.0084 -0.196353 0.963763 0.18057
-24.3312 24.5752 -25.4345 -0.196209 0.964309 0.177791
-23.6806 24.5941 -24.8191 -0.196209 0.964309 0.177791
-24.0354 24.454 -24.4605 -0.198374 0.963436 0.180107
-23.0671 24.5991 -24.1661 -0.201815 0.96279 0.179739
-22.7725 24.7152 -24.4649 -0.199693 0.963947 0.175869
-22.2635 24.6805 -23.7065 -0.199386 0.963627 0.177958
-22.5264 24.5768 -23.4399 -0.201815 0.96279 0.17974
-21.9863 24.5544 -22.7128 -0.205062 0.961721 0.181778
-21.4665 24.761 -23.2404 -0.202716 0.963308 0.175909
-20.5461 24.8925 -22.8999 -0.203852 0.962913 0.176758
-21.2066 24.6278 -22.2285 -0.202386 0.962653 0.179831
-20.3878 24.7192 -21.7851 -0.204848 0.962059 0.180223
-19.8728 24.9266 -22.3091 -0.203851 0.962913 0.17676
-19.1567 24.9764 -21.762 -0.200102 0.964009 0.17506
-19.8738 24.6874 -21.0314 -0.204797 0.962067 0.180237
-19.9889 24.641 -20.9143 -0.206233 0.961243 0.182973
-19.4627 24.6125 -20.1722 -0.206469 0.961137 0.183264
-18.787 24.8864 -20.8616 -0.20431 0.961868 0.181846
-18.5326 24.9895 -21.1216 -0.200738 0.963589 0.176639
-17.8046 25.0434 -20.5879 -0.200739 0.963588 0.176638
-18.8675 24.6135 -19.5014 -0.208596 0.961186 0.180582
-18.3244 24.5937 -18.7768 -0.210591 0.960072 0.184156
-17.5969 24.8901 -19.5222 -0.206595 0.962283 0.177001
-17.0418 25.1137 -20.0911 -0.202987 0.964007 0.171717
-16.1316 25.2426 -19.7454 -0.199223 0.965718 0.16643
-16.8485 24.9572 -19.0113 -0.209446 0.962715 0.171208
-17.556 24.6717 -18.2839 -0.213645 0.96097 0.175761
-17.8097 24.5671 -18.023 -0.215519 0.960556 0.175738
-17.0073 24.6615 -17.567 -0.21177 0.961381 0.175784
-16.0998 25.0294 -18.5014 -0.206421 0.963369 0.171206
-15.4111 25.2997 -19.2084 -0.199624 0.965982 0.164405
-14.6682 25.3661 -18.6942 -0.198686 0.967265 0.157865
-15.3684 25.0941 -17.9755 -0.209064 0.964207 0.163088
-16.1735 24.774 -17.1455 -0.216945 0.961624 0.167972
-16.7169 24.5533 -16.5844 -0.220656 0.959313 0.17615
-16.6258 24.3567 -15.3879 -0.228754 0.959179 0.166276
-15.8975 24.6622 -16.1481 -0.223043 0.960746 0.16498
-15.2111 24.9355 -16.8573 -0.210707 0.963078 0.167579
-14.2775 25.3008 -17.8177 -0.2006 0.966283 0.16142
-13.8638 25.456 -18.2408 -0.191709 0.968066 0.161542
-13.1494 25.5087 -17.6963 -0.192751 0.969672 0.150275
-13.9405 25.2192 -16.8883 -0.203121 0.966658 0.155931
-14.9612 24.8203 -15.8344 -0.216781 0.962676 0.162054
-15.6362 24.5485 -15.133 -0.223043 0.960746 0.164981
-16.3345 24.2551 -14.4033 -0.229495 0.958554 0.168837
-16.3777 24.0151 -13.0651 -0.241079 0.957198 0.160164
-15.422 24.4168 -14.0682 -0.236364 0.958926 0.156823
-14.562 24.7652 -14.9639 -0.22459 0.961477 0.158497
-13.6938 25.1015 -15.8624 -0.210197 0.966212 0.149171
-12.9731 25.3745 -16.6038 -0.192749 0.969673 0.150274
-12.4017 25.5734 -17.1877 -0.185626 0.97121 0.149315
-12.0215 25.5135 -16.3072 -0.189221 0.970965 0.146366
-13.0775 25.1371 -15.2203 -0.213651 0.965675 0.147731
-13.969 24.7939 -14.2975 -0.2249 0.962203 0.153572
-14.73 24.4935 -13.5044 -0.229738 0.961176 0.152843
-15.5042 24.1715 -12.6918 -0.236363 0.958926 0.156825
-16.27 23.8428 -11.8845 -0.247961 0.956558 0.153337
-17.099 23.4766 -11.0055 -0.256897 0.952522 0.163417
-17.187 23.4368 -10.9117 -0.254142 0.953135 0.164153
-29.846 18.0938 -1.25437 -0.254021 0.950034 0.181408
-30.6668 17.7096 -0.390334 -0.254246 0.950402 0.179151
-31.5596 17.289 0.550888 -0.261462 0.948814 0.177171
-32.8041 16.733 1.86426 -0.241937 0.953174 0.181457
-33.6351 16.3571 2.73875 -0.240572 0.953899 0.179447
-36.1027 15.0227 6.63695 -0.233419 0.956276 0.176216
-34.0562 15.9242 4.48939 -0.24341 0.953179 0.179445
-32.3959 16.6702 2.73826 -0.241936 0.953174 0.181456
-30.5539 17.518 0.787605 -0.254065 0.950486 0.178964
-28.6977 18.3915 -1.1755 -0.265786 0.946868 0.181103
-26.8703 19.2704 -3.12541 -0.26043 0.947491 0.185572
-25.7485 19.8312 -4.32201 -0.263569 0.945688 0.190277
-23.2605 20.8007 -5.69157 -0.277093 0.944424 0.176868
-25.1167 19.8886 -3.69615 -0.282118 0.942421 0.179591
-27.0801 18.9271 -1.5974 -0.26173 0.948692 0.17743
-28.7086 18.1451 0.134506 -0.263956 0.948933 0.172783
-30.6348 17.2546 2.17392 -0.265753 0.949843 0.164842
-32.3217 16.4657 3.96393 -0.245524 0.954276 0.170515
-34.01 15.7049 5.74305 -0.253714 0.951827 0.172204
-36.2069 14.7483 8.05414 -0.235645 0.957785 0.164682
-37.8336 14.0389 9.76468 -0.243756 0.958496 0.147883
-38.3586 13.6328 11.6222 -0.227742 0.962097 0.150012
-36.5961 14.3587 9.77119 -0.251936 0.956636 0.146204
-34.9513 15.0693 8.03614 -0.259372 0.953906 0.150965
-33.2769 15.8074 6.2714 -0.25387 0.952416 0.168685
-31.6309 16.5496 4.53504 -0.282078 0.949248 0.139139
-29.6979 17.4659 2.48234 -0.274115 0.948114 0.161058
-27.9595 18.2691 0.637746 -0.281167 0.946612 0.157706
-26.2276 19.1006 -1.20621 -0.270126 0.948739 0.16409
-24.5542 19.9238 -2.99707 -0.282116 0.942421 0.179593
-22.6664 20.8506 -5.02714 -0.277093 0.944424 0.176868
-21.1277 21.6077 -6.68372 -0.276647 0.946311 0.167218
-37.843 13.6425 12.3942 -0.252164 0.958233 0.134916
-36.9296 14.0206 11.4342 -0.253638 0.957316 0.138614
-36.2382 14.31 10.7064 -0.25129 0.956976 0.145085
-35.3422 14.704 9.75751 -0.271697 0.951886 0.141756
-34.5361 15.0483 8.9055 -0.263534 0.955374 0.133457
-33.4551 15.5167 7.76384 -0.265974 0.952812 0.146312
-32.5825 15.9093 6.83813 -0.274702 0.950687 0.143988
-31.7934 16.2676 6.00561 -0.278065 0.948172 0.153784
-31.1025 16.5939 5.27255 -0.282429 0.946658 0.155155
-30.2278 17.0059 4.34405 -0.292109 0.944028 0.153241
-29.4155 17.3937 3.48188 -0.285544 0.94693 0.147607
-28.5778 17.776 2.59406 -0.281383 0.949074 0.141711
-27.5972 18.2313 1.55299 -0.2826 0.947311 0.150793
-26.8566 18.5783 0.763661 -0.287077 0.946337 0.148434
-26.0498 18.9593 -0.096254 -0.279975 0.946459 0.160716
-25.1404 19.3995 -1.0674 -0.288677 0.944038 0.159556
-24.4216 19.7551 -1.83719 -0.297735 0.940262 0.16511
-23.7113 20.1066 -2.60058 -0.286074 0.94547 0.155715
-23.0184 20.44 -3.34583 -0.282252 0.944531 0.167913
-22.3308 20.7818 -4.08529 -0.293869 0.941805 0.163231
-21.6208 21.1324 -4.84992 -0.291208 0.943479 0.158257
-20.9175 21.4783 -5.60761 -0.28282 0.943929 0.170327
-20.2112 21.8148 -6.36903 -0.271207 0.948129 0.165828
-19.4726 22.1653 -7.16515 -0.271261 0.948014 0.166394
-18.5419 22.6026 -8.1691 -0.27726 0.947988 0.156352
-17.8543 22.9166 -8.90626 -0.264886 0.952133 0.152572
-16.9621 23.3215 -9.85305 -0.262955 0.95255 0.153306
-15.9875 23.7565 -10.8896 -0.252435 0.954564 0.15838
-15.2335 24.079 -11.6855 -0.24647 0.956918 0.153493
-14.5193 24.3759 -12.4364 -0.240445 0.959913 0.144062
-13.7268 24.6945 -13.266 -0.232762 0.961736 0.144517
-12.7355 25.0718 -14.2988 -0.213789 0.966612 0.141263
-11.9035 25.3751 -15.1578 -0.188068 0.97306 0.133358
-11.1497 25.6267 -15.9312 -0.188647 0.972034 0.139865
-10.94 25.6999 -16.1457 -0.179658 0.973638 0.140542
-10.2758 25.7435 -15.5571 -0.176535 0.977245 0.117594
-11.1978 25.4417 -14.6118 -0.199139 0.97188 0.12567
-12.1277 25.1158 -13.6501 -0.2179 0.966883 0.132881
-12.853 24.8504 -12.8961 -0.223353 0.96468 0.139662
-13.6588 24.5292 -12.0519 -0.232549 0.96191 0.1437
-14.3511 24.2484 -11.3245 -0.251713 0.956932 0.144641
-15.2638 23.8667 -10.3617 -0.258777 0.955801 0.139566
-16.1068 23.4943 -9.46624 -0.264824 0.952899 0.147823
-16.9033 23.1382 -8.61944 -0.274266 0.95096 0.143012
-17.725 22.7712 -7.74253 -0.270773 0.950504 0.152393
-18.6538 22.3383 -6.74242 -0.278561 0.948627 0.150036
-19.3106 22.0274 -6.03517 -0.282661 0.946555 0.155359
-19.9673 21.7154 -5.32755 -0.282342 0.946927 0.153664
-20.8037 21.3134 -4.42734 -0.289405 0.943975 0.15861
-21.5604 20.9408 -3.61205 -0.295624 0.941978 0.159011
-22.3253 20.565 -2.78817 -0.296377 0.942525 0.154295
-23.1243 20.1737 -1.92939 -0.291123 0.94407 0.154855
-23.8232 19.8296 -1.17893 -0.301706 0.941535 0.149952
-24.5022 19.493 -0.449735 -0.300481 0.941208 0.154398
-25.212 19.1444 0.312011 -0.291663 0.945145 0.147083
-26.205 18.6847 1.37098 -0.283747 0.948091 0.143569
-26.9167 18.3487 2.12915 -0.292242 0.944736 0.148553
-27.5956 18.0274 2.85091 -0.281593 0.948475 0.145261
-28.503 17.6163 3.81268 -0.281383 0.949074 0.141711
-29.2283 17.2744 4.58175 -0.297032 0.944673 0.139158
-30.1427 16.8402 5.55203 -0.29575 0.94403 0.146077
-30.8381 16.5124 6.2897 -0.291536 0.945442 0.145418
-31.6333 16.1405 7.1344 -0.278706 0.94991 0.141398
-32.2996 15.8418 7.8408 -0.279818 0.950981 0.131668
-32.9867 15.5359 8.57022 -0.282286 0.950889 0.126982
-33.7814 15.1898 9.41384 -0.284556 0.950624 0.123861
-34.5656 14.8533 10.2435 -0.267619 0.953648 0.137609
-35.2843 14.5311 11.0051 -0.269698 0.9511 0.150571
-36.096 14.1791 11.8651 -0.257672 0.956251 0.138524
-36.8601 13.8631 12.6666 -0.252547 0.958118 0.135021
-35.8572 14.1103 12.92 -0.271038 0.955838 0.113627
-35.175 14.3956 12.1948 -0.275395 0.95355 0.122064
-34.4245 14.7258 11.3997 -0.284733 0.948879 0.136222
-33.5055 15.139 10.4243 -0.282431 0.950322 0.130849
-32.7401 15.4756 9.61231 -0.283262 0.951148 0.122799
-31.9447 15.8205 8.76612 -0.285845 0.950786 0.119579
-31.2464 16.123 8.02404 -0.281288 0.95144 0.12506
-30.548 16.4491 7.28065 -0.291653 0.945323 0.145958
-29.5603 16.92 6.22999 -0.299958 0.942599 0.146736
-28.5914 17.3835 5.20084 -0.297031 0.944673 0.139159
-27.6075 17.8395 4.15947 -0.289678 0.947617 0.13457
-26.8467 18.1859 3.35289 -0.297632 0.944817 0.136879
-26.029 18.5693 2.48449 -0.303572 0.943165 0.135218
-25.2147 18.9508 1.61589 -0.303348 0.944092 0.129112
-24.3341 19.3714 0.670531 -0.308077 0.941257 0.138286
-23.497 19.783 -0.230185 -0.303441 0.940618 0.152186
-22.5164 20.2681 -1.28239 -0.305952 0.940239 0.149481
-21.5559 20.7353 -2.31401 -0.306101 0.940897 0.144963
-20.8665 21.0755 -3.05706 -0.302025 0.942229 0.144866
-20.1049 21.4412 -3.87726 -0.297902 0.943505 0.145093
-19.3193 21.8129 -4.72178 -0.288794 0.945912 0.147813
-18.6239 22.1414 -5.4702 -0.289056 0.946417 0.144022
-17.922 22.4715 -6.22601 -0.28185 0.947833 0.148906
-17.2046 22.8079 -6.99755 -0.280261 0.949066 0.14397
-16.2015 23.258 -8.06995 -0.274267 0.95096 0.143013
-15.2482 23.6785 -9.08367 -0.268804 0.952476 0.143295
-14.4555 24.0218 -9.92481 -0.258779 0.955801 0.139564
-13.4972 24.4179 -10.9361 -0.250231 0.958602 0.13589
-12.6544 24.7493 -11.82 -0.240831 0.962301 0.126405
-11.9511 25.008 -12.5555 -0.223022 0.967203 0.121571
-11.1904 25.29 -13.3478 -0.210328 0.969882 0.122843
-10.3726 25.5563 -14.1902 -0.196882 0.97364 0.115165
-9.51991 25.8205 -15.0618 -0.176536 0.977244 0.117595
-8.83093 25.8803 -14.4979 -0.168216 0.980714 0.0995113
-9.69473 25.6237 -13.6147 -0.190968 0.975327 0.110759
-10.528 25.355 -12.7572 -0.200034 0.974232 0.104206
-11.3574 25.0689 -11.8944 -0.224139 0.968082 0.112158
-12.1719 24.7658 -11.0419 -0.237158 0.963186 0.126606
-13.1858 24.3673 -9.97564 -0.258807 0.958428 0.120142
-14.1921 23.9524 -8.91186 -0.267192 0.95482 0.130108
-14.9021 23.6451 -8.15803 -0.276425 0.951201 0.137134
-15.6889 23.299 -7.31898 -0.287118 0.949061 0.129792
-16.5805 22.8952 -6.36421 -0.282717 0.949634 0.135151
-17.3015 22.5639 -5.58949 -0.287333 0.947697 0.138961
-18.0393 22.2173 -4.79545 -0.290213 0.946077 0.143924
-18.9671 21.7797 -3.7968 -0.293653 0.945759 0.138951
-19.6244 21.4734 -3.09112 -0.299289 0.944522 0.13529
-20.5627 21.023 -2.08248 -0.302026 0.942229 0.144863
-21.2318 20.6953 -1.36305 -0.305621 0.941242 0.143732
-21.8867 20.3753 -0.65927 -0.310906 0.93962 0.143008
-22.5683 20.0393 0.0721696 -0.309845 0.939961 0.143071
-23.4774 19.5954 1.05058 -0.306625 0.941482 0.139972
-24.18 19.2596 1.807 -0.306476 0.942667 0.1321
-24.8717 18.9349 2.54803 -0.303897 0.944333 0.126021
-25.8893 18.4525 3.63167 -0.3095 0.941474 0.133553
-26.5846 18.1222 4.37085 -0.289676 0.947617 0.13457
-27.2857 17.7992 5.11257 -0.290202 0.946966 0.137982
-28.0933 17.4272 5.96705 -0.293618 0.945826 0.138572
-29.1422 16.9258 7.08241 -0.304947 0.942509 0.136691
-30.2627 16.3941 8.27756 -0.296407 0.946515 0.127487
-31.0365 16.0511 9.10227 -0.289471 0.949748 0.119102
-31.7787 15.7294 9.89196 -0.287771 0.950656 0.115932
-32.458 15.4274 10.6152 -0.295639 0.946827 0.126953
-33.4745 14.9694 11.6953 -0.288917 0.948684 0.128555
-34.3485 14.5886 12.6243 -0.288172 0.951555 0.107237
-35.1275 14.2562 13.4564 -0.284525 0.953088 0.103289
-34.0306 14.5766 13.5932 -0.289969 0.951549 0.102335
-33.2674 14.8948 12.7803 -0.2887 0.950634 0.113791
-32.5034 15.2369 11.9662 -0.298029 0.946986 0.119988
-31.7678 15.5669 11.1819 -0.29659 0.947031 0.123152
-31.0639 15.8798 10.4324 -0.293209 0.949044 0.115514
-30.362 16.192 9.68375 -0.29806 0.947737 0.113817
-29.6899 16.4879 8.96785 -0.302145 0.946576 0.112704
-28.9573 16.8284 8.18459 -0.311558 0.941909 0.125454
-28.0647 17.256 7.23306 -0.313665 0.940074 0.133698
-27.1624 17.6842 6.27494 -0.303645 0.944352 0.126488
-26.3017 18.0803 5.36424 -0.306941 0.943574 0.124321
-25.4867 18.4651 4.49747 -0.311871 0.941578 0.127149
-24.5521 18.91 3.5049 -0.306702 0.942915 0.129788
-23.4721 19.4139 2.34862 -0.305979 0.94324 0.129135
-22.7185 19.775 1.53575 -0.315075 0.940535 0.126969
-21.984 20.1296 0.744411 -0.309137 0.940398 0.141722
-21.2388 20.4987 -0.0562147 -0.311965 0.939278 0.142949
-20.5366 20.842 -0.810759 -0.309871 0.940651 0.138405
-19.7567 21.2194 -1.64794 -0.305653 0.942787 0.133149
-18.8079 21.6679 -2.66599 -0.29398 0.946725 0.131485
-17.9548 22.0712 -3.58366 -0.307171 0.942658 0.130547
-17.0353 22.5006 -4.57281 -0.301194 0.944563 0.130702
-16.2179 22.8829 -5.45327 -0.294941 0.946535 0.130696
-15.5614 23.1786 -6.15739 -0.289991 0.94829 0.129041
-14.8093 23.5133 -6.96063 -0.282078 0.951004 0.126585
-13.992 23.8682 -7.83345 -0.278742 0.953227 0.116879
-12.9711 24.2923 -8.91485 -0.262213 0.956848 0.125246
-11.9526 24.697 -9.98811 -0.25292 0.959953 0.120505
-11.2474 24.9606 -10.7277 -0.240275 0.964567 0.108989
-10.3561 25.2745 -11.6568 -0.219857 0.969377 0.109413
-9.43781 25.5699 -12.6053 -0.204999 0.974357 0.0927539
-8.6987 25.7827 -13.3642 -0.183244 0.979478 0.0839361
-8.19899 25.9255 -13.8753 -0.168218 0.980714 0.0995098
-7.64059 25.9566 -13.1756 -0.143993 0.987103 0.0699478
-8.66243 25.6784 -12.1286 -0.194982 0.977043 0.0858432
-9.49718 25.4255 -11.2673 -0.21788 0.971356 0.0948515
-10.1924 25.1969 -10.5462 -0.232443 0.967003 0.104287
-11.1295 24.8583 -9.56723 -0.240398 0.965348 0.101548
-11.985 24.5322 -8.66822 -0.262935 0.959582 0.100337
-12.7117 24.243 -7.90007 -0.270574 0.956252 0.111228
-13.6884 23.8329 -6.86172 -0.283258 0.951118 0.123043
-14.6126 23.432 -5.87454 -0.292871 0.948759 0.118674
-15.3568 23.1001 -5.07818 -0.296457 0.946851 0.124842
-16.1821 22.722 -4.19011 -0.308457 0.943092 0.124228
-17.0261 22.3273 -3.28113 -0.310647 0.942753 0.121303
-17.7014 22.0117 -2.55494 -0.306538 0.943278 0.127518
-18.5472 21.6147 -1.6477 -0.309437 0.942127 0.129019
-19.4273 21.1927 -0.702913 -0.308181 0.941595 0.135734
-20.3506 20.7447 0.289165 -0.315067 0.940225 0.129267
-21.2768 20.2939 1.28466 -0.319119 0.938861 0.129244
-22.0217 19.9341 2.08655 -0.316311 0.940119 0.126979
-22.8612 19.5327 2.9906 -0.315142 0.940823 0.124649
-23.9263 19.0311 4.13233 -0.311151 0.94188 0.12668
-25.0641 18.4913 5.34008 -0.311154 0.941976 0.125956
-25.7902 18.1497 6.11318 -0.312482 0.942289 0.120192
-26.58 17.7807 6.95246 -0.303644 0.944352 0.126487
-27.4244 17.3821 7.84876 -0.313368 0.940732 0.129707
-28.3235 16.9552 8.80614 -0.312312 0.941642 0.125585
-29.038 16.6276 9.57032 -0.306803 0.945059 0.112856
-30.0374 16.1813 10.6387 -0.304593 0.946628 0.105447
-30.8672 15.8173 11.5224 -0.310002 0.944906 0.105126
-31.6722 15.4489 12.3823 -0.315446 0.943313 0.103223
-32.3841 15.1379 13.1418 -0.307362 0.946529 0.0980419
-33.2461 14.7643 14.065 -0.297371 0.949657 0.0985987
-33.403 14.6991 14.2321 -0.289968 0.95155 0.102333
-32.299 15.0424 14.3555 -0.307637 0.947011 0.0923556
-31.251 15.5005 13.2334 -0.314758 0.944042 0.0985491
-30.4785 15.8464 12.4069 -0.310003 0.944906 0.105125
-29.5853 16.2354 11.4593 -0.304228 0.946916 0.103898
-28.909 16.5403 10.7273 -0.312628 0.943897 0.106402
-27.6963 17.0887 9.43443 -0.319921 0.941091 0.109539
-26.7635 17.529 8.4417 -0.321155 0.940097 0.114353
-25.9528 17.9103 7.57789 -0.318068 0.940446 0.119976
-25.1488 18.289 6.72257 -0.314521 0.942182 0.115623
-24.3461 18.6624 5.86927 -0.315859 0.941802 0.115071
-23.3204 19.1441 4.7802 -0.311151 0.941879 0.126682
-22.4202 19.5718 3.81483 -0.319245 0.93945 0.124566
-21.6141 19.9608 2.94619 -0.320855 0.939228 0.122079
-20.6663 20.414 1.92844 -0.320301 0.939607 0.120609
-19.985 20.7422 1.19679 -0.315303 0.940102 0.129587
-19.2948 21.0754 0.455012 -0.314673 0.940399 0.128963
-18.384 21.5129 -0.525275 -0.313059 0.941149 0.127411
-17.4714 21.9484 -1.50503 -0.316281 0.940483 0.124332
-16.6067 22.3569 -2.4328 -0.310832 0.942958 0.119224
-15.8842 22.6929 -3.21043 -0.307794 0.943863 0.119936
-15.1209 23.0435 -4.03265 -0.301812 0.946288 0.115966
-14.0913 23.5035 -5.13856 -0.297183 0.94805 0.113502
-13.2044 23.8891 -6.08615 -0.286088 0.951982 0.109014
-12.0882 24.3469 -7.27224 -0.278145 0.956144 0.0917823
-11.2472 24.6813 -8.16108 -0.25612 0.961389 0.100666
-10.5059 24.9549 -8.94056 -0.249292 0.963148 0.100989
-9.79306 25.2101 -9.68473 -0.231915 0.96849 0.090784
-9.06297 25.4435 -10.4417 -0.219253 0.971126 0.0940327
-8.26552 25.6833 -11.2637 -0.194304 0.977633 0.0805001
-7.49778 25.8918 -12.0507 -0.165351 0.983492 0.0735042
-6.60722 26.0945 -12.9582 -0.150004 0.986643 0.0635124
-5.90489 26.1576 -12.4049 -0.130579 0.989428 0.0630948
-6.7973 25.9676 -11.4976 -0.165138 0.984818 0.0535064
-7.52433 25.7886 -10.7546 -0.194158 0.977655 0.080578
-8.30521 25.5703 -9.95247 -0.212176 0.974841 0.0683067
-9.54194 25.1752 -8.67035 -0.231913 0.968491 0.0907854
-10.2222 24.9306 -7.95633 -0.262494 0.962025 0.0748631
-11.3311 24.5207 -6.78807 -0.276212 0.956682 0.0920188
-12.0223 24.2494 -6.05663 -0.285469 0.953212 0.0994699
-12.7249 23.9484 -5.30689 -0.293437 0.950465 0.102524
-13.5855 23.5762 -4.38543 -0.306042 0.94616 0.10545
-14.354 23.2355 -3.56068 -0.306738 0.944991 0.113593
-15.4163 22.7492 -2.41306 -0.312433 0.942913 0.115331
-16.3041 22.3337 -1.46022 -0.312269 0.942522 0.118913
-17.215 21.9033 -0.483812 -0.31803 0.940703 0.118048
-18.146 21.4522 0.517663 -0.324696 0.938096 0.120619
-18.9302 21.0787 1.36176 -0.321186 0.939583 0.118422
-19.6347 20.7416 2.12007 -0.320385 0.939741 0.11933
-20.401 20.3748 2.94093 -0.321119 0.93934 0.120508
-21.3922 19.8974 4.00571 -0.320698 0.938798 0.125743
-22.2388 19.4885 4.91652 -0.318857 0.940299 0.119033
-23.1097 19.0793 5.8479 -0.317564 0.941309 0.11441
-23.995 18.6676 6.78821 -0.316108 0.941677 0.115411
-24.7248 18.328 7.56302 -0.320268 0.940029 0.117365
-25.4802 17.9741 8.37366 -0.31974 0.940727 0.113131
-26.2707 17.6031 9.21387 -0.320378 0.940364 0.11434
-27.3764 17.0908 10.387 -0.320175 0.941953 0.101055
-28.0361 16.7924 11.0881 -0.320793 0.942501 0.0937173
-28.6965 16.4958 11.8028 -0.321864 0.942896 0.0857358
-29.4703 16.1608 12.6291 -0.318438 0.943794 0.0886026
-30.1471 15.8627 13.3488 -0.319526 0.943115 0.0918597
-30.8478 15.5512 14.0985 -0.320472 0.942803 0.0917569
-31.4339 15.2915 14.7325 -0.314774 0.945016 0.0886693
-30.4083 15.6199 14.9308 -0.3204 0.942871 0.0913198
-29.7052 15.9321 14.1719 -0.320366 0.943034 0.0897344
-29.1198 16.1903 13.5491 -0.322224 0.94257 0.0879442
-5.02644 26.2544 -12.0301 -0.129116 0.99024 0.0524843
-6.2732 26.0158 -10.7676 -0.150886 0.987108 0.0534034
-7.76664 25.6333 -9.23747 -0.193197 0.979375 0.0591512
-9.02457 25.2513 -7.93368 -0.242882 0.967871 0.0650689
-10.5731 24.6913 -6.30481 -0.274276 0.957216 0.0922545
-12.0269 24.108 -4.76013 -0.294107 0.950745 0.0979012
-13.1308 23.6334 -3.57861 -0.306278 0.946394 0.10263
-14.5313 23.0006 -2.06509 -0.315917 0.942793 0.106476
-15.665 22.4752 -0.85104 -0.317017 0.941816 0.111724
-16.9042 21.8876 0.478702 -0.321455 0.939214 0.120602
-18.0354 21.3421 1.69667 -0.322617 0.939171 0.117795
-19.2298 20.7716 2.98334 -0.326375 0.938452 0.113078
-20.6174 20.1087 4.46837 -0.328581 0.937103 0.117779
-20.6464 20.0945 4.49969 -0.32971 0.93668 0.117994
-17.9491 21.2277 2.90168 -0.327122 0.93841 0.111254
-16.7815 21.7866 1.645 -0.328592 0.937617 0.113582
-15.6988 22.3009 0.480192 -0.32435 0.939453 0.110567
-14.1416 23.0339 -1.1925 -0.323365 0.939826 0.110285
-13.0377 23.5363 -2.3722 -0.311209 0.944644 0.103903
-11.8693 24.0474 -3.63722 -0.305914 0.947714 0.090855
-10.5542 24.596 -5.04216 -0.293274 0.951995 0.087728
-9.36682 25.0347 -6.29504 -0.259615 0.963238 0.0690856
-8.08793 25.4564 -7.63261 -0.231545 0.971367 0.0532181
-6.88806 25.7908 -8.87177 -0.213104 0.976151 0.0414108
-5.49757 26.1018 -10.2892 -0.146815 0.988217 0.0432797
-4.47153 26.2853 -11.3266 -0.122613 0.991025 0.0532412
-3.50516 26.3914 -11.0389 -0.0923677 0.995541 0.0191616
-4.89543 26.1742 -9.63693 -0.14736 0.98904 0.00920449
-6.11089 25.9406 -8.40321 -0.193034 0.980394 0.0395653
-7.56723 25.5418 -6.898 -0.235111 0.970134 0.0596951
-8.98774 25.0729 -5.4122 -0.260082 0.963046 0.0699967
-10.206 24.6201 -4.12354 -0.304821 0.949741 0.0712443
-11.6033 24.0372 -2.62554 -0.308453 0.946924 0.0905018
-13.0028 23.4085 -1.1178 -0.322129 0.941225 0.101632
-14.0953 22.9045 0.0520393 -0.323983 0.939924 0.107606
-15.3313 22.3216 1.38293 -0.325268 0.939162 0.110341
-16.0083 21.9992 2.11141 -0.32576 0.938647 0.113237
-14.4189 22.6013 1.70043 -0.32618 0.938866 0.110166
-13.341 23.1088 0.538089 -0.323934 0.93994 0.107612
-12.1094 23.6776 -0.78508 -0.319082 0.942378 0.10055
-11.0248 24.1598 -1.94848 -0.308865 0.946594 0.0925275
-9.88967 24.6479 -3.17006 -0.309957 0.946516 0.0896346
-8.67854 25.106 -4.45652 -0.275949 0.959424 0.0579436
-7.23107 25.5716 -5.96999 -0.253664 0.966431 0.0407986
-5.74801 25.9803 -7.50624 -0.213185 0.976023 0.0439454
-4.24576 26.2592 -9.03271 -0.125074 0.992026 0.0155373
-2.89944 26.4351 -10.3866 -0.0923681 0.995541 0.0191587
-2.59801 26.4593 -10.6882 -0.0650011 0.997856 0.00765535
-3.429 26.3554 -8.59428 -0.126188 0.992004 0.00228763
-5.02897 26.1122 -6.97529 -0.160243 0.987068 -0.00424843
-6.51851 25.7315 -5.43456 -0.243873 0.968907 0.0417833
-7.74299 25.3505 -4.15576 -0.260239 0.964408 0.0468206
-8.93444 24.9184 -2.89583 -0.286417 0.95518 0.07481
-10.1503 24.4135 -1.59406 -0.309335 0.946784 0.0889457
-11.265 23.9211 -0.400106 -0.316903 0.943035 0.101281
-12.5609 23.3267 0.993233 -0.325699 0.939661 0.104677
-12.8607 23.1866 1.31784 -0.325699 0.939661 0.104678
-11.4639 23.6955 1.10303 -0.326871 0.939271 0.104521
-10.332 24.2048 -0.108898 -0.318058 0.942837 0.0994912
-9.12857 24.7286 -1.39702 -0.308913 0.946879 0.0893996
-7.48519 25.369 -3.14189 -0.288054 0.955116 0.0691329
-6.34119 25.7337 -4.33791 -0.255694 0.965556 0.0481937
-4.8565 26.131 -5.88073 -0.1996 0.979757 0.0153527
-4.31717 26.2446 -6.43527 -0.163237 0.986228 -0.0265938
-5.1096 26.0447 -4.34075 -0.24077 0.969916 0.0359507
-6.6134 25.5925 -2.76793 -0.260202 0.964904 0.0354352
-7.82887 25.1549 -1.49153 -0.297802 0.951603 0.0759306
-9.02437 24.648 -0.217638 -0.313329 0.944886 0.0949472
-10.3861 24.0451 1.2385 -0.317769 0.943074 0.0981503
-8.75063 24.6418 0.777793 -0.316609 0.94424 0.0903899
-7.63178 25.1221 -0.413984 -0.306913 0.948136 0.0827156
-6.46869 25.5624 -1.63301 -0.275686 0.959107 0.064121
-5.37691 25.9306 -2.77644 -0.270915 0.961995 0.0342084
-5.01525 26.0055 -1.86904 -0.274318 0.961275 0.0264766
-6.22261 25.5644 -0.604622 -0.280998 0.956798 0.0746872
-7.48028 25.0691 0.711483 -0.285738 0.953873 0.092091
-7.98351 24.8557 1.24523 -0.308429 0.946608 0.0938323
-6.65207 25.2768 1.12622 -0.28696 0.953138 0.0958272
-5.38913 25.775 -0.189534 -0.28212 0.955507 0.0861033
-4.84349 25.9858 -0.762145 -0.281245 0.955962 0.0838917
-4.52731 25.9946 0.196839 -0.282119 0.955508 0.0861043
-5.69277 25.5365 1.40314 -0.273216 0.956613 0.101212
-5.75712 25.5112 1.47033 -0.278483 0.95529 0.0993354
-4.89531 25.7167 1.85372 -0.274129 0.956178 0.102842
-4.12495 26.0233 1.05701 -0.279386 0.95463 0.103075
3.49268 26.2855 4.81771 0.0904105 0.986944 0.133292
3.32852 26.2786 4.97969 0.0904104 0.986944 0.133292
4.57689 26.1623 4.98603 0.121475 0.986284 0.111751
4.65386 26.1595 4.90975 0.148154 0.984951 0.0890095
5.53775 26.0002 5.27316 0.123559 0.989999 0.068086
5.6527 25.9937 5.15938 0.123558 0.989999 0.0680852
6.11863 25.8824 5.93087 0.149403 0.986699 0.0640683
7.25004 25.7495 4.80579 0.174943 0.982691 0.0609427
7.35107 25.7373 4.70338 0.213307 0.976191 0.0393966
8.86652 25.3783 4.38621 0.253319 0.9667 -0.0363403
7.65006 25.6599 5.64056 0.1732 0.98467 0.0206623
6.98898 25.7292 6.29815 0.135923 0.990193 0.032303
7.83636 25.6002 6.68773 0.137027 0.990403 0.0180583
9.12116 25.3459 5.38489 0.215323 0.976512 -0.00781767
10.4046 24.9119 4.04953 0.251773 0.962896 -0.0971698
10.4821 24.8813 3.96891 0.280787 0.950817 -0.130787
12.3888 24.1436 3.2397 0.319249 0.931759 -0.172931
11.6217 24.5416 4.04621 0.292708 0.943304 -0.156522
10.7817 24.9016 4.9245 0.269513 0.957271 -0.104854
9.41342 25.3168 6.33437 0.197641 0.979703 -0.033475
8.5966 25.4777 7.16412 0.16219 0.986758 0.00157999
9.62779 25.3088 7.36377 0.146414 0.988634 -0.0341458
10.4073 25.0998 6.56842 0.221762 0.974336 -0.0386272
11.2988 24.8358 5.65372 0.260376 0.959483 -0.107692
12.1219 24.5122 4.7988 0.292472 0.942893 -0.159417
12.989 24.0737 3.89086 0.300289 0.935539 -0.185994
13.8007 23.6037 3.04296 0.342838 0.913521 -0.218958
14.5294 23.1428 2.28616 0.330879 0.909348 -0.252202
15.0002 22.8253 1.80269 0.34272 0.903864 -0.256072
15.9022 22.6101 2.16642 0.327284 0.899378 -0.289835
15.0821 23.1398 3.00197 0.324823 0.90758 -0.266061
14.2869 23.6336 3.82029 0.320439 0.91625 -0.240424
13.3934 24.1193 4.74953 0.295991 0.935223 -0.194287
12.5497 24.5174 5.62804 0.248751 0.959269 -0.133886
11.3164 24.9544 6.88899 0.18984 0.978032 -0.0861096
10.5302 25.1706 7.69132 0.182251 0.979533 -0.085436
10.233 25.2356 7.99284 0.155522 0.987223 -0.03469
11.2344 25.0858 8.221 0.168955 0.98379 -0.0600889
12.0552 24.8495 7.3892 0.197416 0.976472 -0.0867777
13.0387 24.5061 6.38789 0.226498 0.960786 -0.159966
14.1407 24.0036 5.25238 0.250969 0.93943 -0.233422
14.9934 23.5415 4.37297 0.280606 0.92254 -0.264916
15.8805 23.0074 3.46946 0.308383 0.912779 -0.267833
16.478 22.6274 2.86696 0.295545 0.903448 -0.310539
17.2361 22.5825 3.38904 0.270655 0.910702 -0.312039
16.4574 23.0523 4.16327 0.261996 0.921985 -0.285135
15.6624 23.5204 4.96112 0.264684 0.92961 -0.256454
14.6275 24.064 6.01873 0.2445 0.946924 -0.208695
13.5259 24.5354 7.14472 0.205186 0.966445 -0.154538
12.3602 24.905 8.32551 0.159986 0.979694 -0.120848
11.8248 25.058 8.86709 0.134648 0.985733 -0.100998
12.6492 24.9732 9.2774 0.159778 0.980033 -0.118346
13.8446 24.6085 8.06836 0.15225 0.973086 -0.172983
14.8217 24.2377 7.07789 0.196374 0.955255 -0.221189
15.8285 23.765 6.05771 0.225721 0.937711 -0.264099
16.6178 23.3486 5.26579 0.23373 0.931185 -0.279759
17.5766 22.7897 4.31802 0.253352 0.917323 -0.307134
18.0095 22.535 3.89598 0.231831 0.918242 -0.321071
18.7016 22.5659 4.48421 0.23183 0.918241 -0.321073
17.7475 23.1067 5.40568 0.238259 0.920682 -0.309155
16.6846 23.6713 6.45641 0.22927 0.936507 -0.265312
15.6604 24.1597 7.48546 0.206173 0.952454 -0.224332
14.6965 24.5451 8.46168 0.169304 0.969057 -0.179626
13.8732 24.8051 9.2934 0.138698 0.980056 -0.142316
13.1321 25.0016 10.0383 0.126773 0.98353 -0.128828
14.0229 24.9314 10.3966 0.113069 0.984744 -0.132271
14.8888 24.6873 9.52104 0.141839 0.977765 -0.15446
15.8081 24.3685 8.59236 0.173549 0.964046 -0.201237
16.9594 23.879 7.43471 0.185567 0.949011 -0.254839
17.8861 23.4259 6.52543 0.200041 0.935504 -0.291231
18.6512 23.0331 5.78094 0.204209 0.928702 -0.309535
19.4095 22.6072 5.05768 0.196673 0.924979 -0.325168
20.1908 22.6276 5.55971 0.17385 0.923214 -0.342714
19.4284 23.0301 6.27741 0.169413 0.935017 -0.311516
18.4033 23.5508 7.27157 0.167586 0.941268 -0.293137
17.4498 23.9869 8.19367 0.187165 0.948529 -0.255464
16.1472 24.4977 9.50384 0.173337 0.964092 -0.201199
15.0876 24.8359 10.5662 0.139019 0.975691 -0.169415
14.9092 24.8923 10.745 0.118909 0.98072 -0.155076
15.4209 24.9472 11.4733 0.0819965 0.986174 -0.144008
16.4059 24.6619 10.4883 0.0996129 0.976851 -0.189313
17.2182 24.3865 9.68195 0.135069 0.961979 -0.237386
18.2587 23.9675 8.65022 0.164355 0.953833 -0.251377
19.1839 23.557 7.75795 0.163182 0.94777 -0.274052
20.0121 23.1539 6.9633 0.16691 0.935662 -0.31093
20.8641 22.7232 6.15875 0.170163 0.924347 -0.341507
21.2838 22.5061 5.77369 0.166475 0.925465 -0.340294
21.8587 22.6808 6.46503 0.139977 0.923007 -0.358419
20.9815 23.1023 7.27929 0.146487 0.932699 -0.329567
19.8978 23.6042 8.30724 0.142088 0.946882 -0.288488
18.8265 24.063 9.34022 0.133642 0.956539 -0.259176
17.6644 24.4978 10.4787 0.131616 0.969584 -0.206357
16.7604 24.7977 11.3759 0.0991024 0.980175 -0.171571
16.0566 24.9778 12.0761 0.0985623 0.983179 -0.153771
16.8882 24.9758 12.4863 0.0594314 0.981976 -0.17942
17.8695 24.7158 11.5162 0.0977935 0.972179 -0.21285
18.9318 24.3523 10.4724 0.112391 0.965782 -0.233739
19.9466 23.9515 9.49441 0.11764 0.955576 -0.270252
20.7411 23.6189 8.73954 0.131186 0.948554 -0.288158
21.5449 23.26 7.97607 0.142178 0.933805 -0.32832
22.6744 22.7291 6.93455 0.124809 0.93366 -0.335712
22.9442 22.6046 6.68695 0.118513 0.925933 -0.358611
23.9419 22.5926 6.99549 0.118886 0.929768 -0.348423
22.6864 23.1723 8.13856 0.111723 0.932198 -0.344273
21.5055 23.6724 9.23963 0.112355 0.947537 -0.299249
20.6167 24.0439 10.0836 0.106587 0.956602 -0.271206
19.4866 24.4586 11.1697 0.0869558 0.963211 -0.254291
18.3943 24.8089 12.236 0.0949953 0.976096 -0.19548
17.3254 25.0906 13.2887 0.0582468 0.984468 -0.165623
18.147 25.1285 13.7139 0.0388688 0.982952 -0.179705
19.2932 24.8149 12.5905 0.0776238 0.973898 -0.213302
20.4541 24.4489 11.4641 0.097411 0.960473 -0.260774
21.5499 24.0416 10.4207 0.0927215 0.954399 -0.283769
22.5813 23.6286 9.45105 0.105215 0.945695 -0.307556
23.738 23.1359 8.38113 0.112086 0.937796 -0.328595
24.8981 22.6126 7.33694 0.0926807 0.929139 -0.357925
25.7453 22.6954 7.7714 0.088135 0.930344 -0.355939
24.9124 23.0609 8.51645 0.0963132 0.931943 -0.349581
24.0313 23.426 9.32153 0.0973436 0.940765 -0.324785
22.7929 23.9247 10.471 0.0929044 0.951281 -0.293996
21.89 24.2696 11.322 0.0841465 0.95802 -0.274076
21.0333 24.5769 12.1352 0.0743853 0.963929 -0.255553
20.2389 24.8128 12.9049 0.0553433 0.969692 -0.23798
19.179 25.104 13.9378 0.0516859 0.977041 -0.206688
18.4833 25.2777 14.6182 0.0158315 0.986216 -0.164704
19.1273 25.3576 15.225 0.0418374 0.984361 -0.171125
20.1538 25.1142 14.2189 0.0449325 0.977751 -0.2049
21.0723 24.868 13.3238 0.0595419 0.969265 -0.238706
22.2491 24.4876 12.2005 0.0849988 0.958655 -0.271582
23.601 23.9964 10.9341 0.0778865 0.949259 -0.304698
24.4047 23.686 10.1867 0.0905977 0.941841 -0.323617
25.6062 23.2022 9.08434 0.0900919 0.937525 -0.33605
26.2986 22.9068 8.46753 0.0821911 0.933581 -0.348814
26.9971 23.0549 9.02895 0.0831318 0.933461 -0.348911
26.0452 23.4435 9.88432 0.0769531 0.941008 -0.329519
24.8453 23.9167 10.9859 0.0702758 0.948505 -0.308867
23.9876 24.2363 11.7803 0.0746192 0.952963 -0.293758
22.8578 24.6293 12.8404 0.0644887 0.957961 -0.279558
21.8673 24.9374 13.785 0.0526546 0.966687 -0.250488
20.7646 25.2236 14.8551 0.0389633 0.976733 -0.210888
19.9854 25.3991 15.6171 0.0322173 0.982252 -0.18478
20.2859 25.5646 16.5556 -0.00133583 0.988247 -0.152862
21.4329 25.322 15.4343 0.0338252 0.979701 -0.197588
22.7341 24.9914 14.1758 0.0481669 0.971646 -0.231484
23.731 24.685 13.2297 0.0474881 0.961089 -0.272126
24.6261 24.3842 12.3921 0.0604111 0.952423 -0.298731
25.8091 23.9465 11.302 0.064252 0.94532 -0.319754
26.8381 23.549 10.3612 0.0649544 0.938739 -0.338451
27.6296 23.2324 9.64711 0.0766511 0.934213 -0.348384
28.3153 23.3879 10.2233 0.0757914 0.936311 -0.342895
27.4281 23.7452 11.0187 0.0626748 0.942341 -0.328732
26.5241 24.081 11.8434 0.0623186 0.94558 -0.319366
25.703 24.3821 12.5999 0.055729 0.950147 -0.30678
24.7202 24.7115 13.5135 0.0450359 0.95889 -0.28018
23.7008 25.0252 14.4755 0.0412854 0.9692 -0.242788
22.6233 25.3084 15.5092 0.0177353 0.973002 -0.230112
21.778 25.4898 16.3276 0.00491034 0.980486 -0.196526
21.0464 25.6409 17.0429 -0.00121102 0.988246 -0.152866
21.1612 25.8236 18.1649 -0.0174887 0.984772 -0.172971
22.0598 25.6821 17.2834 -0.0059264 0.983236 -0.182241
23.1526 25.4613 16.2237 0.024532 0.976933 -0.212131
24.1845 25.201 15.2344 0.0230794 0.967875 -0.250369
25.205 24.9081 14.2704 0.0454698 0.962965 -0.265766
26.1943 24.5812 13.3501 0.0598059 0.95512 -0.290118
27.0319 24.3003 12.5765 0.0475875 0.947724 -0.315523
28.173 23.8777 11.5351 0.0547427 0.94253 -0.329605
28.7696 23.6462 11.0008 0.0613969 0.933899 -0.352227
29.1963 23.9082 11.8047 0.0592278 0.941607 -0.331463
28.095 24.3216 12.8009 0.0475891 0.947724 -0.315522
27.213 24.6211 13.6105 0.0409377 0.952567 -0.301563
26.3277 24.9074 14.4294 0.0340451 0.959862 -0.2784
25.4046 25.1848 15.2919 0.031353 0.964998 -0.260378
24.4633 25.4369 16.1853 0.02462 0.968925 -0.246127
23.5477 25.635 17.0697 0.0149208 0.97699 -0.212763
22.4853 25.831 18.1013 -0.00724888 0.984466 -0.175425
21.5109 25.9795 19.0541 -0.0209511 0.987213 -0.158025
22.2313 26.0873 19.581 -0.0329184 0.985405 -0.167014
23.4464 25.8979 18.3973 -0.0154163 0.982793 -0.184065
24.4109 25.7187 17.4614 0.00145388 0.975373 -0.220558
25.2105 25.5432 16.6904 0.00338092 0.976173 -0.216968
26.3434 25.2454 15.6193 0.0132915 0.963776 -0.26638
27.3891 24.935 14.6478 0.0283346 0.95595 -0.29216
28.4581 24.5834 13.665 0.0379686 0.949553 -0.3113
29.6503 24.1615 12.5829 0.0456271 0.939566 -0.339315
30.1552 23.9728 12.1283 0.0456271 0.939566 -0.339315
30.6279 24.2241 12.8878 0.0458877 0.94101 -0.335252
29.7133 24.5574 13.7086 0.036648 0.946228 -0.321419
28.8297 24.8475 14.5159 0.0325534 0.949706 -0.311447
27.7096 25.2012 15.5481 0.0179605 0.958637 -0.284064
26.7883 25.4578 16.41 0.0132917 0.963777 -0.266377
25.9277 25.6728 17.2243 -0.00329219 0.972819 -0.231545
24.8796 25.8922 18.2318 -0.00805011 0.979295 -0.202279
23.8555 26.0607 19.2296 -0.0212338 0.981417 -0.190706
23.0295 26.1871 20.0345 -0.0267615 0.983522 -0.178799
22.3273 26.2784 20.7203 -0.0384957 0.986221 -0.160891
22.675 26.4354 21.6162 -0.0632355 0.990904 -0.118788
23.9046 26.284 20.4117 -0.0370806 0.982905 -0.18034
24.8557 26.1373 19.484 -0.0249148 0.979988 -0.19749
25.984 25.9424 18.3916 -0.0221715 0.97459 -0.222894
27.0527 25.7108 17.3711 -0.00579624 0.967661 -0.252186
27.9605 25.4758 16.5173 0.00928579 0.964031 -0.265627
28.8846 25.2031 15.6598 0.0175657 0.955559 -0.294275
29.9715 24.8631 14.6633 0.0272131 0.949875 -0.311442
30.7932 24.5838 13.9188 0.0361313 0.940974 -0.336546
31.0733 24.8903 14.85 0.0299147 0.94974 -0.311606
29.778 25.3041 16.0315 0.0105017 0.95239 -0.3047
28.8901 25.5662 16.8495 -0.00422088 0.960929 -0.276762
27.3987 25.9432 18.2546 -0.0121691 0.964997 -0.26198
26.1529 26.1825 19.4501 -0.0321911 0.97727 -0.209541
25.1905 26.3315 20.3859 -0.0448461 0.980716 -0.190225
24.3365 26.4497 21.2205 -0.037716 0.982637 -0.181662
23.3553 26.5442 22.1879 -0.064483 0.986672 -0.149399
23.1196 26.5646 22.4207 -0.0724037 0.986905 -0.144137
23.4321 26.7171 23.3502 -0.0792702 0.98762 -0.135365
24.3258 26.6519 22.4667 -0.0655292 0.986068 -0.15289
25.2453 26.5547 21.5632 -0.0477857 0.98244 -0.180356
26.3245 26.4035 20.5104 -0.0402758 0.979652 -0.196621
27.385 26.2279 19.486 -0.0340915 0.973669 -0.225405
28.6242 25.97 18.3046 -0.0109496 0.967773 -0.251585
29.6363 25.7105 17.3553 0.00495056 0.959652 -0.281147
30.7005 25.4028 16.3745 0.0126352 0.952354 -0.304733
31.6968 25.0833 15.4678 0.0231462 0.946556 -0.321707
31.8124 25.0449 15.363 0.018852 0.946516 -0.322106
32.2767 25.2974 16.125 0.0136803 0.945594 -0.325061
31.3866 25.5753 16.9338 0.0108918 0.950978 -0.309067
30.5092 25.8319 17.7402 -0.0101786 0.956861 -0.290367
29.4444 26.0985 18.7368 -0.0336828 0.964584 -0.261618
28.5291 26.2989 19.6057 -0.036119 0.974191 -0.222819
27.7008 26.4486 20.4012 -0.0449142 0.975744 -0.214257
26.6006 26.612 21.4681 -0.0642817 0.979021 -0.193355
25.4724 26.7471 22.5727 -0.0571706 0.984608 -0.165162
24.5022 26.83 23.5293 -0.0799209 0.986209 -0.144932
23.6129 26.8727 24.4127 -0.0892041 0.98872 -0.120314
24.2252 27.0051 25.0478 -0.0959395 0.988993 -0.112644
25.1348 26.9713 24.1417 -0.0799229 0.986208 -0.144934
26.0811 26.8973 23.2081 -0.0795947 0.982583 -0.167914
27.129 26.7872 22.1797 -0.0642794 0.979021 -0.193354
28.1957 26.6358 21.144 -0.0587265 0.974849 -0.21499
29.2037 26.462 20.1745 -0.0489823 0.972929 -0.225856
30.0559 26.2899 19.3638 -0.032166 0.96755 -0.250623
30.9008 26.0803 18.5725 -0.0145167 0.959074 -0.282783
31.8641 25.8196 17.6814 -1.12115e-05 0.951415 -0.307913
32.6029 25.5986 17.0063 0.00584237 0.947426 -0.319923
32.6749 25.9601 18.1252 0.00109556 0.95279 -0.303628
31.6126 26.2539 19.1052 -0.0200722 0.958208 -0.285367
30.6764 26.4722 19.9829 -0.0494419 0.967328 -0.248661
29.8381 26.6347 20.7817 -0.0481567 0.970299 -0.237065
28.9887 26.7789 21.5984 -0.0484751 0.973789 -0.222227
28.1868 26.8972 22.3752 -0.0689717 0.975753 -0.207724
27.3231 26.9919 23.2207 -0.076283 0.981479 -0.175727
26.5021 27.0694 24.0277 -0.0848614 0.984705 -0.152164
25.3278 27.1233 25.194 -0.100503 0.987149 -0.124245
24.3363 27.1376 26.1851 -0.109428 0.987156 -0.116402
24.1869 27.1386 26.3347 -0.109428 0.987156 -0.116401
24.5606 27.283 27.2076 -0.117136 0.987561 -0.104895
25.4252 27.2795 26.3416 -0.1157 0.986409 -0.116663
26.2601 27.262 25.5084 -0.097737 0.985804 -0.13652
27.1251 27.2163 24.651 -0.0818259 0.985355 -0.149599
28.1576 27.1307 23.6339 -0.0710451 0.981222 -0.179319
29.2471 27.0077 22.5684 -0.0602575 0.978835 -0.195581
30.0558 26.877 21.7893 -0.0501594 0.97353 -0.222985
31.2828 26.6653 20.6137 -0.0481562 0.970299 -0.237065
32.613 26.3522 19.3687 -0.0320408 0.960147 -0.277652
32.9902 26.2497 19.0222 -0.0108412 0.950415 -0.310795
33.0933 26.5844 20.1162 -0.0320944 0.960149 -0.27764
31.9596 26.8298 21.1819 -0.0368254 0.971332 -0.234856
30.8978 27.0152 22.1965 -0.0596465 0.973203 -0.222078
29.783 27.1816 23.2737 -0.0602588 0.978834 -0.195583
28.6196 27.3058 24.4127 -0.0830953 0.981664 -0.171554
27.7743 27.3654 25.2475 -0.0952047 0.983061 -0.156612
26.4872 27.4253 26.5244 -0.0998967 0.984862 -0.14166
25.6185 27.4306 27.3942 -0.122094 0.984313 -0.127364
24.8106 27.414 28.2078 -0.132892 0.985977 -0.100942
24.6015 27.4074 28.4188 -0.132892 0.985977 -0.100942
25.0386 27.5464 29.2298 -0.134484 0.986994 -0.0880781
25.8795 27.5739 28.3811 -0.127844 0.986314 -0.104117
26.69 27.582 27.5669 -0.113424 0.985555 -0.12576
27.8553 27.5471 26.4062 -0.0998967 0.984862 -0.14166
28.9073 27.4936 25.3635 -0.0952026 0.983061 -0.156613
29.8292 27.406 24.4586 -0.0869615 0.978931 -0.184746
30.8648 27.2868 23.4487 -0.0668838 0.976032 -0.207093
31.8308 27.1406 22.5172 -0.051176 0.971615 -0.230967
32.6786 26.9948 21.7079 -0.0546849 0.966763 -0.249756
33.5242 26.8315 20.9077 -0.0413585 0.962446 -0.268303
33.5669 26.8213 20.8681 -0.0364367 0.958099 -0.28411
33.6164 27.1286 22.024 -0.0507583 0.966166 -0.252878
32.7784 27.273 22.8227 -0.0696541 0.967705 -0.24227
31.6756 27.4311 23.8855 -0.0797198 0.97494 -0.207694
30.8674 27.538 24.6692 -0.0763136 0.978246 -0.192902
30.01 27.6199 25.5103 -0.0865311 0.979385 -0.18253
29.1892 27.6727 26.3215 -0.115687 0.981146 -0.154822
28.3159 27.7078 27.1895 -0.108478 0.984336 -0.138976
26.9375 27.7233 28.5678 -0.127592 0.984837 -0.117546
26.0381 27.7087 29.4723 -0.139934 0.985245 -0.0985478
24.8247 27.6515 30.7 -0.146516 0.985123 -0.0898067
24.6697 27.6414 30.8576 -0.152556 0.985016 -0.0804389
24.406 27.7202 32.3843 -0.157737 0.985047 -0.0692912
25.2177 27.7822 31.5578 -0.148182 0.985529 -0.0823115
26.2793 27.8438 30.4804 -0.139934 0.985244 -0.0985499
27.1556 27.8742 29.5955 -0.131314 0.985366 -0.108678
28.1946 27.8822 28.5525 -0.123272 0.985272 -0.118505
29.0812 27.8669 27.6672 -0.114405 0.982387 -0.147743
29.9788 27.8371 26.7734 -0.115073 0.981771 -0.151273
30.8394 27.7722 25.9253 -0.102606 0.976655 -0.188723
31.9071 27.6725 24.8792 -0.0927061 0.974171 -0.205902
32.8087 27.5591 24.0048 -0.0713346 0.971264 -0.227061
33.7959 27.4053 23.0587 -0.0602333 0.967384 -0.246048
33.5759 27.7301 24.4804 -0.0782748 0.969568 -0.231974
32.583 27.85 25.4432 -0.0918945 0.97597 -0.197582
31.5633 27.948 26.4413 -0.100806 0.978505 -0.179908
30.5507 28.0078 27.4426 -0.121662 0.981041 -0.150852
29.6944 28.0328 28.2955 -0.118058 0.981721 -0.149288
28.8049 28.0349 29.1868 -0.123272 0.985272 -0.118504
27.9988 28.0311 29.9957 -0.143233 0.982714 -0.11729
27.1533 28.0067 30.8486 -0.147173 0.982065 -0.117852
26.2597 27.9619 31.7543 -0.161479 0.982391 -0.0939823
25.4123 27.9013 32.6174 -0.166273 0.982994 -0.0779512
24.398 27.8082 33.6544 -0.163202 0.983886 -0.0730234
24.3409 27.8031 33.7127 -0.165528 0.984422 -0.0592683
24.216 27.8701 35.1045 -0.180076 0.981924 -0.0582857
25.2952 27.9875 33.9972 -0.169498 0.983111 -0.0690181
26.0958 28.0604 33.1785 -0.163882 0.983299 -0.0791548
27.2215 28.1436 32.0311 -0.155876 0.98311 -0.0959025
28.1416 28.1824 31.1002 -0.139293 0.983347 -0.116728
28.9934 28.201 30.2421 -0.138998 0.983362 -0.116953
29.8018 28.2058 29.4306 -0.132612 0.982128 -0.133558
30.8288 28.1896 28.4043 -0.12103 0.981508 -0.148301
31.7418 28.1504 27.4978 -0.101307 0.979893 -0.171891
32.556 28.0951 26.6954 -0.0966758 0.97907 -0.179098
33.6456 27.9883 25.6306 -0.0845206 0.975343 -0.203866
33.991 27.9437 25.297 -0.0768866 0.974669 -0.210021
33.8217 28.2127 26.6847 -0.107116 0.975594 -0.191682
32.8715 28.2909 27.617 -0.10333 0.979737 -0.171576
32.0628 28.3445 28.414 -0.113099 0.980675 -0.15964
31.2412 28.3656 29.2331 -0.122079 0.98134 -0.148553
30.3341 28.3733 30.141 -0.131214 0.982894 -0.129237
29.5416 28.3623 30.9382 -0.142785 0.982595 -0.118826
28.6368 28.3383 31.8508 -0.138281 0.984384 -0.108931
27.8416 28.3047 32.6556 -0.15815 0.983119 -0.0920094
26.7456 28.2192 33.7738 -0.167622 0.982453 -0.0817892
25.9505 28.1441 34.5877 -0.174736 0.981938 -0.0725546
24.6929 27.9999 35.8802 -0.185135 0.981097 -0.0563426
24.0568 27.9178 36.5358 -0.184656 0.981787 -0.0446718
23.602 27.902 38.2764 -0.192186 0.980679 -0.0365221
24.416 28.0256 37.4341 -0.190679 0.980752 -0.0420408
25.212 28.1399 36.6114 -0.185543 0.981358 -0.0500972
26.1633 28.256 35.632 -0.176166 0.982406 -0.0619955
27.085 28.3488 34.687 -0.168036 0.98284 -0.0760866
28.1705 28.4405 33.578 -0.163305 0.982507 -0.0895063
29.0725 28.4961 32.661 -0.148255 0.983178 -0.106687
30.0917 28.5259 31.6324 -0.142725 0.982704 -0.117996
31.0885 28.5414 30.6291 -0.143146 0.980756 -0.132769
31.9053 28.5381 29.8106 -0.124284 0.980462 -0.152473
32.7119 28.5159 29.0068 -0.113098 0.980675 -0.159639
33.6746 28.4581 28.0572 -0.114168 0.978169 -0.173642
33.8876 28.4434 27.8476 -0.105368 0.97778 -0.181229
34.2153 28.6469 28.7549 -0.116748 0.976376 -0.181826
33.2939 28.6983 29.6644 -0.13585 0.978676 -0.154073
32.2425 28.7213 30.7134 -0.133729 0.9807 -0.142635
31.1059 28.7071 31.8571 -0.142659 0.981405 -0.128424
30.1015 28.6755 32.8716 -0.154767 0.982067 -0.107662
29.1358 28.6258 33.8512 -0.155663 0.983283 -0.0944685
28.1568 28.5525 34.8496 -0.169267 0.981984 -0.0840016
27.1108 28.4481 35.922 -0.170216 0.982676 -0.0733129
26.1428 28.3307 36.9188 -0.185098 0.9816 -0.0469137
24.9234 28.1552 38.1793 -0.187008 0.981344 -0.0446362
24.2394 28.0494 38.8876 -0.191609 0.980831 -0.0354485
25.1831 28.2443 39.1817 -0.191467 0.98086 -0.0354042
25.9986 28.3687 38.337 -0.188063 0.981277 -0.0415563
26.8177 28.484 37.4908 -0.182121 0.982084 -0.0484027
27.6343 28.5934 36.6478 -0.176227 0.982234 -0.0644947
28.647 28.6995 35.6081 -0.172695 0.982174 -0.0742285
29.5918 28.7777 34.6428 -0.169527 0.981285 -0.0913287
30.5965 28.8358 33.622 -0.154765 0.982068 -0.107659
31.587 28.8765 32.619 -0.154663 0.980798 -0.118808
32.4216 28.8904 31.7785 -0.148277 0.980112 -0.131885
33.3657 28.8917 30.8313 -0.135526 0.978808 -0.153518
34.1832 28.8769 30.0149 -0.13039 0.979451 -0.153863
34.2039 28.8763 29.9943 -0.11934 0.978855 -0.166134
33.9226 29.076 31.5143 -0.139518 0.979751 -0.143604
33.0272 29.0676 32.4141 -0.145886 0.980351 -0.132779
32.0445 29.0439 33.4054 -0.154663 0.980798 -0.118805
31.0959 28.9929 34.3691 -0.158914 0.982429 -0.0978781
30.274 28.945 35.2042 -0.15735 0.983389 -0.0904872
29.1632 28.8456 36.3409 -0.172692 0.982175 -0.0742269
28.1168 28.7248 37.4176 -0.1761 0.982696 -0.057416
27.269 28.609 38.2932 -0.185704 0.981469 -0.047255
26.4183 28.4816 39.174 -0.192369 0.980498 -0.0402149
26.2133 28.4501 39.3864 -0.190211 0.98097 -0.0389516
26.7563 28.5857 40.0949 -0.192462 0.980516 -0.0393408
27.5667 28.7088 39.2555 -0.185515 0.981637 -0.0444086
28.596 28.8551 38.1907 -0.185704 0.981469 -0.0472548
29.4447 28.9579 37.3167 -0.178514 0.982199 -0.0584538
30.6647 29.0793 36.066 -0.161602 0.983703 -0.0788227
31.5788 29.1472 35.1336 -0.157349 0.983389 -0.0904859
32.5207 29.2099 34.1736 -0.16246 0.980864 -0.107299
33.4151 29.2397 33.2694 -0.148584 0.980418 -0.129243
33.8799 29.2441 32.8028 -0.142263 0.980943 -0.132335
33.867 29.4092 34.0615 -0.147951 0.98224 -0.115388
33.0209 29.3743 34.9184 -0.16246 0.980864 -0.107296
32.1199 29.3047 35.839 -0.169972 0.981393 -0.08932
31.2005 29.226 36.7792 -0.172453 0.982161 -0.074965
30.2514 29.1305 37.7526 -0.172141 0.983015 -0.0636234
29.3377 29.0178 38.694 -0.177867 0.982555 -0.0543003
27.9534 28.8212 40.1257 -0.186509 0.981432 -0.0447776
27.8734 28.8095 40.2085 -0.19246 0.980516 -0.0393407
28.6201 28.9754 40.7061 -0.191404 0.980715 -0.0395411
29.6599 29.1245 39.6303 -0.18751 0.981223 -0.0451799
30.8061 29.2716 38.4482 -0.180316 0.982072 -0.0549652
31.7513 29.376 37.4768 -0.172452 0.982161 -0.0749661
32.6412 29.4575 36.5655 -0.166643 0.983019 -0.0768335
33.5301 29.529 35.657 -0.166269 0.982114 -0.088354
33.5445 29.53 35.6424 -0.151743 0.98344 -0.0990922
33.1599 29.6026 37.2968 -0.166644 0.983019 -0.0768377
32.3092 29.5197 38.1688 -0.169274 0.983504 -0.0637718
31.3698 29.4132 39.1348 -0.176478 0.982826 -0.0539369
30.5479 29.309 39.9823 -0.182686 0.981937 -0.0492509
29.735 29.1938 40.8228 -0.186558 0.981409 -0.0450782
29.3503 29.1386 41.2209 -0.191405 0.980714 -0.0395431
30.488 29.359 41.3147 -0.186105 0.981441 -0.0462489
31.2835 29.4715 40.4921 -0.182686 0.981937 -0.0492513
32.2394 29.587 39.5076 -0.173185 0.98339 -0.0543163
33.0796 29.6817 38.6438 -0.168884 0.983348 -0.0671168
32.3975 29.6867 40.6108 -0.185606 0.980394 -0.0661731
31.5043 29.5644 41.5337 -0.193351 0.979907 -0.0489663
31.3254 29.5383 41.7188 -0.193351 0.979907 -0.048965
