-39.5059 18.5165 9.60364 -0.251017 0.953163 0.168735
-40.0497 18.1904 10.6722 -0.247221 0.952632 0.176983
-40.5557 17.8658 11.6744 -0.239866 0.953338 0.183329
-40.8127 17.5506 13.0228 -0.262388 0.951093 0.162866
-39.6168 17.7582 13.7848 -0.269421 0.951303 0.14964
-38.4837 18.0344 14.2127 -0.299937 0.944511 0.133925
-37.3745 18.3406 14.6006 -0.311168 0.941442 0.129852
-36.3534 18.6261 15.0719 -0.326381 0.938377 0.113687
-35.3342 18.9361 15.5005 -0.345344 0.931673 0.112797
-34.2787 19.2828 15.8999 -0.346384 0.932102 0.105854
-33.1904 19.6477 16.335 -0.357336 0.929289 0.0934498
-32.0996 20.0339 16.7434 -0.366835 0.926808 0.0803622
-31.1529 20.4442 16.4514 -0.388453 0.917435 0.0855622
-30.4842 20.8692 15.0773 -0.384548 0.918377 0.0933054
-29.8326 21.2677 13.8334 -0.378289 0.920337 0.0989965
-29.1445 21.6964 12.5445 -0.368854 0.923031 0.109359
-28.3686 22.1148 11.5827 -0.373676 0.922236 0.0992347
-27.6397 22.4984 10.7991 -0.372459 0.921848 0.107105
-26.9512 22.8608 9.97299 -0.364946 0.923831 0.115529
-26.1246 23.3019 9.07698 -0.370988 0.922364 0.107696
-25.3365 23.7175 8.29904 -0.366145 0.923141 0.117182
-24.3426 24.2152 7.46823 -0.367822 0.922471 0.117243
-23.1647 24.7903 6.64993 -0.366431 0.923283 0.115216
-21.9833 25.3536 5.88207 -0.364517 0.924013 0.115446
-21.0066 25.8172 5.29126 -0.370432 0.922713 0.106683
-20.0673 26.2674 4.65324 -0.367857 0.923587 0.108024
-19.0449 26.7372 4.11197 -0.36847 0.923705 0.104879
-17.9532 27.226 3.62359 -0.368733 0.924575 0.0959034
-16.933 27.6704 3.24616 -0.366432 0.926114 0.0896659
-15.9203 28.1035 2.91524 -0.366984 0.925892 0.0897068
-14.9102 28.5219 2.65722 -0.362728 0.928247 0.0823763
-13.7739 28.981 2.46958 -0.362193 0.929171 0.0738747
-12.6666 29.4148 2.36079 -0.355379 0.932357 0.0664304
-11.2024 29.9882 2.18896 -0.356925 0.931795 0.0660488
-9.79382 30.5317 2.18786 -0.353983 0.933912 0.050033
-8.66178 30.9617 2.11023 -0.354283 0.933243 0.0591783
-7.72254 31.3429 1.86491 -0.363138 0.930362 0.0495149
-7.84521 31.3458 0.704915 -0.355615 0.933919 0.0350415
-7.93601 31.3414 -0.402593 -0.351256 0.935836 0.0285474
-7.86893 31.3846 -1.5826 -0.343831 0.93894 0.0128065
-7.51158 31.5109 -2.9615 -0.319025 0.947726 0.00551756
-7.00091 31.6646 -4.03949 -0.304886 0.952316 -0.0108099
-6.42713 31.8064 -5.24506 -0.255942 0.966199 -0.0274436
-5.88993 31.9169 -6.44471 -0.228934 0.973129 -0.0199183
-5.40003 32.0074 -7.55406 -0.200863 0.979256 -0.0266728
-4.93967 32.0855 -8.66927 -0.170101 0.985301 -0.0157519
-4.48233 32.1576 -9.89977 -0.130439 0.991341 -0.00575347
-4.40334 32.1646 -11.1382 -0.111307 0.993027 0.0271249
-5.45495 32.0873 -11.8389 -0.109391 0.99248 0.0549246
-6.87303 31.9849 -12.8657 -0.137814 0.985206 0.101862
-8.24113 31.9 -13.928 -0.160537 0.977045 0.140036
-9.32562 31.8131 -14.6004 -0.171292 0.973556 0.150529
-10.2788 31.7651 -15.3109 -0.163683 0.971528 0.170986
-11.0719 31.7889 -16.1367 -0.169606 0.969012 0.179053
-12.1532 31.7327 -16.8729 -0.179034 0.964447 0.194392
-13.056 31.7056 -17.5091 -0.167929 0.965241 0.200276
-14.3588 31.6821 -18.4614 -0.172548 0.96036 0.218944
-15.5438 31.6616 -19.3303 -0.181562 0.958544 0.21961
-16.4241 31.6483 -19.9937 -0.178908 0.958601 0.221532
-17.5215 31.6372 -20.8318 -0.180107 0.955466 0.233739
-18.4219 31.6225 -21.4736 -0.183629 0.956257 0.227666
-19.5789 31.5675 -22.2106 -0.191647 0.95351 0.232504
-20.5474 31.5367 -22.881 -0.187062 0.956565 0.223586
-21.6535 31.4826 -23.6022 -0.191409 0.955597 0.224027
-22.4741 31.5487 -24.5687 -0.189918 0.955215 0.226926
-23.4264 31.6011 -25.6063 -0.188723 0.956403 0.222866
-24.2761 31.6291 -26.4908 -0.196093 0.956278 0.216978
-25.0212 31.6823 -27.4371 -0.203776 0.957884 0.202319
-25.6822 31.741 -28.3611 -0.196508 0.958125 0.208284
-26.4368 31.7896 -29.3381 -0.197508 0.960727 0.19492
-27.2792 31.8129 -30.3361 -0.20117 0.962789 0.180462
-28.0164 31.8241 -31.2155 -0.200432 0.962974 0.180299
-28.7021 31.8529 -32.12 -0.198464 0.963059 0.182016
-29.2399 31.9116 -33.1104 -0.199977 0.966103 0.163243
-29.6391 32.0002 -34.1445 -0.202551 0.966297 0.158878
-30.063 32.0954 -35.264 -0.200894 0.966531 0.159549
-30.4651 32.1967 -36.4675 -0.19845 0.968902 0.147806
-30.8756 32.2546 -37.5457 -0.20092 0.971756 0.123749
-32.1464 32.1047 -38.4343 -0.200594 0.972896 0.115043
-33.2773 31.9364 -39.0058 -0.205218 0.971861 0.115636
-34.5698 31.7285 -39.5517 -0.204009 0.972235 0.114625
-35.8416 31.5313 -40.174 -0.204176 0.974118 0.0969737
-36.8603 31.3745 -40.6959 -0.19776 0.975665 0.0947066
-37.9618 31.2197 -41.3015 -0.19077 0.977571 0.0886222
-39.1406 31.0281 -41.7612 -0.18885 0.978808 0.0791888
-40.3515 30.8398 -42.2466 -0.174085 0.98127 0.0824674
-41.7958 30.631 -42.8225 -0.171492 0.981517 0.0848538
-42.5736 30.4536 -42.3169 -0.16791 0.982019 0.0862889
-41.7704 30.5306 -41.5873 -0.172998 0.980365 0.0940208
-40.7294 30.6351 -40.8658 -0.170925 0.979713 0.104624
-39.7772 30.7133 -39.8564 -0.184977 0.976768 0.107649
-38.9383 30.7782 -39.0489 -0.190057 0.974927 0.11574
-38.1393 30.844 -38.2795 -0.19579 0.972619 0.125019
-37.2138 30.9177 -37.4581 -0.190542 0.971881 0.138349
-36.3783 30.9874 -36.7527 -0.202784 0.969691 0.136302
-35.6734 30.9908 -35.7629 -0.199651 0.969628 0.141282
-34.8899 30.9685 -34.5777 -0.204369 0.966292 0.156566
-34.0839 30.9853 -33.6293 -0.212335 0.963029 0.165798
-33.3451 30.9946 -32.7924 -0.20268 0.963098 0.177098
-32.5964 30.9523 -31.7185 -0.203987 0.961768 0.182734
-31.9204 30.8989 -30.6691 -0.208592 0.960042 0.186429
-31.1497 30.8202 -29.4695 -0.203543 0.958976 0.197323
-30.422 30.7497 -28.4202 -0.202766 0.957538 0.204954
-29.7581 30.6565 -27.3674 -0.200294 0.955997 0.21435
-28.7438 30.5527 -25.9484 -0.205203 0.954403 0.21681
-27.7499 30.5608 -25.0859 -0.2033 0.952416 0.227098
-26.7221 30.6061 -24.3506 -0.204149 0.951436 0.230419
-25.5889 30.6659 -23.617 -0.203027 0.948921 0.241512
-24.4356 30.7975 -23.1625 -0.201438 0.949747 0.239577
-23.164 30.8547 -22.3033 -0.204668 0.95009 0.235392
-22.0838 30.8258 -21.2843 -0.205525 0.946618 0.248284
-20.9967 30.7879 -20.2593 -0.199545 0.948235 0.247049
-20.1314 30.7677 -19.4828 -0.202538 0.94756 0.24718
-19.3623 30.6725 -18.4815 -0.205314 0.946725 0.248109
-18.6823 30.5522 -17.4553 -0.208402 0.946747 0.245437
-18.0204 30.3443 -16.0847 -0.20959 0.947123 0.242956
-17.6151 30.1391 -14.9005 -0.213409 0.949551 0.229801
-17.3229 29.9331 -13.7925 -0.226873 0.944688 0.236819
-17.5635 29.4702 -12.0709 -0.24429 0.944977 0.217579
-18.0146 29.0985 -10.9995 -0.255718 0.943904 0.208132
-18.4913 28.7547 -9.95155 -0.262768 0.945936 0.190151
-19.2981 28.2909 -8.71727 -0.259343 0.948132 0.183812
-20.185 27.8673 -7.76742 -0.283051 0.944432 0.167124
-21.1796 27.459 -7.17036 -0.286515 0.940361 0.183386
-22.2094 27.0379 -6.62121 -0.284559 0.939718 0.189624
-23.2411 26.6336 -6.17075 -0.286096 0.939209 0.189831
-24.2048 26.2607 -5.79448 -0.298582 0.936044 0.186201
-25.207 25.8629 -5.33615 -0.271271 0.941902 0.198071
-26.368 25.3852 -4.67977 -0.275184 0.94143 0.194819
-27.4469 24.9242 -4.00827 -0.272984 0.940185 0.203789
-28.3443 24.5171 -3.37753 -0.276033 0.936199 0.217567
-29.2513 24.1085 -2.76402 -0.275713 0.93754 0.212134
-30.1519 23.6999 -2.13718 -0.27588 0.936368 0.217037
-31.24 23.1877 -1.33099 -0.279404 0.934499 0.220554
-32.157 22.7732 -0.613761 -0.24769 0.946166 0.208373
-33.095 22.2888 0.333354 -0.265147 0.938886 0.219524
-33.9531 21.844 1.21302 -0.265639 0.940508 0.211852
-34.7574 21.4181 2.10166 -0.255036 0.940319 0.225291
-35.5341 20.992 2.9951 -0.256743 0.939745 0.225747
-36.1747 20.62 3.83274 -0.245702 0.941749 0.229652
-36.8153 20.2026 4.95647 -0.259197 0.946301 0.193215
-37.524 19.7907 6.04723 -0.253882 0.948387 0.190013
-38.1401 19.4217 7.0065 -0.267846 0.943151 0.196775
-38.7286 19.0324 8.08476 -0.252442 0.947803 0.194186
-39.244 18.6955 8.99449 -0.242578 0.946589 0.212419
-39.3895 18.5946 9.33514 -0.251016 0.953163 0.168737
-40.3321 18.4633 8.81712 -0.212593 0.956158 0.201409
-39.8519 18.7887 7.85721 -0.228294 0.950013 0.212554
-39.338 19.1269 6.8852 -0.223595 0.950663 0.215048
-38.6716 19.5376 5.81703 -0.246945 0.944114 0.21831
-38.0789 19.8954 4.88967 -0.233761 0.947709 0.21711
-37.4289 20.2968 3.876 -0.229953 0.946811 0.225097
-36.83 20.685 2.86981 -0.203851 0.951984 0.227295
-35.9276 21.1598 1.86349 -0.225837 0.940147 0.255187
-35.1521 21.5972 0.893819 -0.224682 0.945581 0.23536
-34.2859 22.0207 0.0649691 -0.240589 0.938347 0.248237
-33.5801 22.4053 -0.719271 -0.255262 0.937498 0.236513
-32.6126 22.903 -1.65765 -0.240787 0.940783 0.238639
-31.7072 23.3054 -2.3128 -0.248631 0.941712 0.22663
-30.8341 23.6984 -2.97356 -0.253326 0.9398 0.22935
-29.9987 24.0847 -3.59144 -0.272135 0.93467 0.228765
-29.1203 24.4766 -4.16321 -0.266114 0.936807 0.227104
-28.2589 24.8707 -4.82836 -0.259378 0.941436 0.215457
-27.3243 25.2646 -5.38824 -0.276061 0.937034 0.213908
-26.446 25.6448 -5.95025 -0.264189 0.940628 0.213126
-25.2273 26.1273 -6.569 -0.265534 0.937346 0.225203
-24.1928 26.5387 -7.02331 -0.271348 0.939051 0.210869
-22.991 26.9681 -7.44875 -0.274565 0.940666 0.19886
-21.523 27.5579 -8.21393 -0.284117 0.941 0.18382
-20.5129 28.0059 -8.95769 -0.272632 0.941478 0.198219
-19.8031 28.3695 -9.82449 -0.251102 0.947404 0.198002
-19.0665 28.8742 -11.2178 -0.246239 0.944298 0.218245
-18.614 29.2671 -12.3611 -0.236975 0.942529 0.235538
-18.4825 29.6605 -13.8158 -0.226872 0.944688 0.236819
-18.8416 29.9482 -15.2708 -0.218218 0.944035 0.247321
-19.3975 30.1894 -16.6613 -0.213016 0.945286 0.247027
-20.0321 30.3054 -17.6339 -0.204284 0.946998 0.247918
-20.9441 30.4037 -18.7547 -0.202114 0.947081 0.249376
-21.7882 30.4361 -19.5597 -0.201955 0.946941 0.250033
-22.8467 30.4857 -20.6037 -0.202379 0.946622 0.250897
-23.7907 30.4983 -21.4357 -0.206928 0.948347 0.240455
-25.2716 30.4058 -22.3275 -0.203278 0.948722 0.242084
-26.3976 30.3087 -22.8931 -0.2045 0.948557 0.241694
-27.8848 30.2452 -23.9052 -0.201313 0.949716 0.239815
-28.9566 30.2031 -24.6579 -0.201673 0.953058 0.22585
-29.896 30.2355 -25.6373 -0.202509 0.952983 0.22542
-30.6629 30.3252 -26.7448 -0.200977 0.955385 0.216442
-31.2572 30.4428 -27.8152 -0.199726 0.955712 0.216157
-31.9215 30.4973 -28.7141 -0.196788 0.959391 0.202097
-32.5246 30.5804 -29.7172 -0.197399 0.961959 0.188859
-33.2354 30.6349 -30.7444 -0.199276 0.961843 0.187477
-33.8703 30.6879 -31.726 -0.202723 0.963051 0.177303
-35.0159 30.7078 -33.1758 -0.201968 0.965158 0.16637
-35.7474 30.7005 -34.0429 -0.204141 0.966316 0.156718
-36.8994 30.7286 -35.7133 -0.19884 0.967709 0.154824
-38.178 30.649 -36.8958 -0.190075 0.972006 0.138111
-39.3501 30.5726 -38.0077 -0.18647 0.973461 0.132678
-40.3681 30.4849 -38.8991 -0.184967 0.975568 0.118552
-41.1823 30.4393 -39.7879 -0.174833 0.977413 0.118641
-42.3578 30.3266 -40.6466 -0.172351 0.97935 0.105686
-43.3634 30.2546 -41.5824 -0.168336 0.980699 0.0994608
-44.4407 30.1665 -42.5798 -0.152707 0.984791 0.0828664
-45.1892 30.1299 -43.5235 -0.152607 0.984799 0.0829633
-46.0872 30.0766 -44.6181 -0.142263 0.987426 0.0688494
-45.4945 30.1939 -45.0456 -0.145373 0.986943 0.0693524
-44.2946 30.36 -44.7734 -0.160587 0.984517 0.0702767
-43.0601 30.5371 -44.4444 -0.165505 0.983566 0.0718463
-41.4613 30.7729 -43.8659 -0.174002 0.9825 0.0661869
-40.1819 30.9654 -43.3989 -0.173101 0.981525 0.0815151
-38.9485 31.1591 -42.922 -0.188936 0.978803 0.0790444
-37.4053 31.4111 -42.3212 -0.192576 0.978142 0.0784424
-36.0808 31.6188 -41.5418 -0.203246 0.974893 0.0906853
-34.705 31.8386 -40.8537 -0.20572 0.973868 0.0962299
-33.6472 32.0051 -40.3128 -0.199623 0.975132 0.0961133
-32.2396 32.2353 -39.7407 -0.204094 0.973857 0.0997461
-31.0283 32.4204 -39.158 -0.200298 0.972894 0.115581
-30.0827 32.541 -38.477 -0.214402 0.970697 0.108531
-29.5304 32.4956 -37.2008 -0.208306 0.969209 0.131249
-29.0869 32.3811 -35.7965 -0.20353 0.968098 0.146158
-28.6992 32.293 -34.7343 -0.201422 0.966674 0.158019
-28.1965 32.1745 -33.377 -0.20594 0.963685 0.169998
-27.6144 32.1335 -32.4391 -0.206767 0.963556 0.169723
-26.408 32.114 -30.9666 -0.199719 0.962727 0.182379
-25.5763 32.0823 -29.909 -0.197518 0.961788 0.189525
-24.605 32.023 -28.6423 -0.202014 0.959017 0.198688
-23.6396 31.9478 -27.3227 -0.196978 0.957826 0.209069
-22.8852 31.9149 -26.504 -0.188837 0.957246 0.219135
-22.0415 31.8998 -25.7092 -0.189056 0.95735 0.218492
-21.1601 31.8577 -24.7726 -0.1877 0.956638 0.222738
-20.2396 31.8694 -24.0502 -0.185545 0.957892 0.219067
-19.2578 31.9007 -23.3476 -0.190219 0.955564 0.225196
-18.0968 31.9394 -22.5461 -0.187341 0.955698 0.227033
-16.8401 31.98 -21.7287 -0.178396 0.95679 0.229624
-15.6067 31.98 -20.7613 -0.171354 0.959055 0.22531
-14.4474 31.9761 -19.8716 -0.16181 0.963608 0.212784
-13.13 31.9837 -18.9082 -0.156041 0.965012 0.210722
-12.0908 32.0079 -18.165 -0.156251 0.968669 0.192667
-11.1514 32.0327 -17.5281 -0.15386 0.97167 0.179403
-10.0518 32.0441 -16.6355 -0.156111 0.971611 0.177765
-8.95228 32.0512 -15.7249 -0.137097 0.97944 0.147992
-8.05255 32.0896 -15.097 -0.152518 0.978798 0.136718
-7.14647 32.1287 -14.4819 -0.121069 0.98476 0.12474
-5.94499 32.1705 -13.6035 -0.115548 0.989216 0.0893867
-4.86744 32.2122 -12.8189 -0.0952175 0.991877 0.0832302
-3.55031 32.2764 -12.0332 -0.067983 0.99734 0.0263084
-2.40116 32.317 -11.3755 -0.0553409 0.998079 0.00734769
-3.09615 32.2932 -10.3167 -0.064771 0.997828 -0.0119676
-3.66761 32.2654 -9.20761 -0.135824 0.990321 -0.0285754
-4.2454 32.2218 -7.65178 -0.170062 0.984807 -0.031451
-4.69573 32.1751 -6.62535 -0.19694 0.980087 -0.0253849
-5.1693 32.1157 -5.62008 -0.227534 0.973181 -0.0338769
-5.69001 32.039 -4.39085 -0.257735 0.965311 -0.0417855
-6.23652 31.9225 -3.31163 -0.297018 0.954357 -0.0255207
-6.70488 31.7991 -2.27434 -0.321615 0.946438 -0.0201499
-6.98515 31.7011 -0.853284 -0.349291 0.936965 0.0059653
-6.92924 31.71 0.281584 -0.364162 0.931085 0.02039
-6.76845 31.7435 1.38459 -0.369678 0.927999 0.0461556
-6.37993 31.8389 2.42768 -0.365049 0.928622 0.0657114
-6.16146 31.8397 3.42605 -0.349565 0.93367 0.0778796
-7.21186 31.4429 3.35259 -0.365063 0.927045 0.0846662
-8.26921 31.0398 3.28637 -0.356986 0.930603 0.0808612
-9.4488 30.5883 3.26779 -0.357267 0.931365 0.0701392
-10.6521 30.1236 3.27266 -0.359562 0.930664 0.0676679
-11.8853 29.6381 3.36682 -0.36018 0.930096 0.0719962
-12.9635 29.2136 3.48995 -0.358019 0.930793 0.0737995
-14.3411 28.659 3.68363 -0.36348 0.928116 0.0804582
-15.7582 28.0609 4.0505 -0.370024 0.925149 0.0847422
-16.8402 27.5935 4.37387 -0.372067 0.923728 0.0910615
-17.8164 27.1613 4.75152 -0.371561 0.923271 0.0975103
-18.8629 26.6857 5.24916 -0.372668 0.922194 0.103331
-19.8327 26.2338 5.78856 -0.371851 0.922465 0.103856
-21.0213 25.6611 6.59407 -0.374144 0.921265 0.10624
-22.2491 25.0735 7.34931 -0.37498 0.920664 0.108482
-23.3077 24.5619 8.05986 -0.373234 0.921636 0.106226
-24.1862 24.1307 8.71478 -0.373333 0.921643 0.105817
-24.9514 23.7263 9.47684 -0.380858 0.918421 0.106874
-25.7242 23.3326 10.1914 -0.373824 0.921723 0.103191
-26.5309 22.9055 11.1424 -0.373728 0.922422 0.0972929
-27.2116 22.5456 11.9342 -0.374684 0.921941 0.0981695
-28.1736 22.0483 12.9479 -0.374202 0.92249 0.0947897
-28.8887 21.6134 14.31 -0.382911 0.919158 0.0923485
-29.5122 21.2464 15.3706 -0.384656 0.918407 0.0925611
-30.0896 20.8793 16.6236 -0.387451 0.917131 0.0934901
-30.5956 20.5779 17.7554 -0.393283 0.917073 0.065623
-31.6412 20.1143 18.0669 -0.378644 0.922941 0.0692838
-32.8804 19.6516 17.6066 -0.365189 0.927684 0.0777085
-33.9861 19.2652 17.1308 -0.355714 0.930552 0.0868357
-35.086 18.8891 16.697 -0.349658 0.931122 0.10369
-36.1868 18.5341 16.3224 -0.331811 0.936657 0.112138
-37.3425 18.2037 15.7787 -0.315637 0.941985 0.114045
-38.5755 17.8565 15.308 -0.304709 0.944708 0.120954
-39.6278 17.5842 14.9321 -0.277269 0.951726 0.131125
-40.7836 17.3353 14.4082 -0.265105 0.952926 0.146976
-41.9008 17.1498 13.7431 -0.241414 0.957082 0.160095
-42.1509 17.2748 12.6748 -0.237615 0.955768 0.173221
-41.6889 17.6272 11.4587 -0.213185 0.958167 0.190966
-41.0806 17.9996 10.3434 -0.218679 0.953264 0.208487
-40.5148 18.3381 9.23196 -0.210306 0.961122 0.178927
-40.4632 18.3695 9.12361 -0.211449 0.95864 0.190169
-41.526 18.2091 8.83116 -0.19075 0.955058 0.22689
-41.0486 18.5483 7.78259 -0.183035 0.958327 0.219335
-40.4826 18.9212 6.6662 -0.169897 0.95517 0.242457
-39.7744 19.3228 5.63225 -0.202689 0.945885 0.253227
-39.2043 19.7294 4.53838 -0.191395 0.94951 0.248592
-38.5092 20.1694 3.43752 -0.206771 0.945055 0.253212
-37.8274 20.5721 2.48788 -0.202975 0.944512 0.258172
-37.1582 20.9354 1.6643 -0.185123 0.947115 0.26211
-36.4759 21.2922 0.864624 -0.208056 0.945894 0.248212
-35.7933 21.6868 -0.0528039 -0.201224 0.941787 0.269268
-34.9284 22.0787 -0.75276 -0.204392 0.942248 0.265245
-34.2197 22.4922 -1.66855 -0.214681 0.939323 0.267553
-33.212 22.9801 -2.54408 -0.238728 0.937436 0.253422
-32.2971 23.3788 -3.20778 -0.222415 0.944385 0.242216
-31.4794 23.7438 -3.84214 -0.236367 0.937997 0.252888
-30.5557 24.1821 -4.57473 -0.249668 0.93616 0.24748
-29.4328 24.6647 -5.30583 -0.229987 0.941577 0.246046
-28.5824 25.0577 -5.98017 -0.23327 0.937863 0.256903
-27.602 25.4624 -6.53279 -0.263316 0.937224 0.228638
-26.4603 25.9345 -7.17917 -0.254396 0.936776 0.240278
-25.4076 26.3508 -7.67002 -0.254683 0.93879 0.231967
-24.4071 26.739 -8.1628 -0.240644 0.944105 0.22529
-23.2468 27.1418 -8.56063 -0.25189 0.945849 0.204747
-22.2255 27.5483 -9.13316 -0.276257 0.939423 0.202897
-21.2329 27.98 -9.79245 -0.267848 0.938231 0.219042
-20.3777 28.4236 -10.7439 -0.248199 0.945386 0.211283
-19.9677 28.7876 -11.8019 -0.239408 0.941962 0.235354
-19.5845 29.2021 -13.0718 -0.236974 0.942049 0.237461
-19.7497 29.5408 -14.5183 -0.229134 0.94053 0.250802
-20.187 29.7538 -15.6977 -0.211351 0.944298 0.252255
-20.9015 29.937 -16.9674 -0.208792 0.943482 0.257385
-21.5278 30.0509 -17.8939 -0.207526 0.944675 0.254014
-22.4256 30.0705 -18.7017 -0.208153 0.943643 0.257311
-23.1597 30.1335 -19.5265 -0.205537 0.945212 0.253585
-24.0282 30.1302 -20.2218 -0.206653 0.945036 0.253379
-24.869 30.1439 -20.963 -0.206474 0.947183 0.245334
-26.3232 30.0232 -21.7302 -0.209668 0.945646 0.248584
-27.2752 29.9695 -22.3036 -0.202807 0.947065 0.248872
-28.4371 29.8836 -22.9368 -0.201314 0.949716 0.239815
-29.7214 29.8598 -23.9093 -0.198466 0.950472 0.239193
-30.8309 29.9115 -25.1086 -0.202984 0.952804 0.225746
-31.5426 29.9994 -26.1191 -0.200683 0.954778 0.21935
-32.1382 30.0825 -27.0364 -0.198606 0.955668 0.217379
-32.8504 30.2002 -28.2084 -0.197913 0.957543 0.209483
-33.5032 30.2936 -29.2919 -0.197173 0.959443 0.201473
-34.1771 30.3575 -30.3305 -0.202976 0.960824 0.188727
-34.8231 30.4153 -31.3401 -0.203929 0.962743 0.177593
-35.7124 30.4247 -32.4286 -0.206908 0.962726 0.174208
-36.3693 30.4525 -33.3269 -0.193309 0.966154 0.170769
-37.5344 30.4187 -34.5531 -0.192657 0.969221 0.153271
-38.5413 30.4093 -35.771 -0.194318 0.969703 0.148042
-39.3002 30.3903 -36.6161 -0.189596 0.97234 0.136411
-40.2875 30.313 -37.4362 -0.1838 0.973366 0.136904
-41.1875 30.2526 -38.2213 -0.178568 0.97708 0.115878
-42.2478 30.1657 -39.0856 -0.171102 0.977745 0.121406
-43.1308 30.1142 -39.9015 -0.167047 0.978976 0.117048
-44.1608 30.0503 -40.8868 -0.158925 0.982434 0.0978112
-45.1447 29.9873 -41.8193 -0.15554 0.982671 0.100819
-46.1342 29.9341 -42.8842 -0.138443 0.987039 0.0811668
-47.0933 29.8982 -44.1412 -0.142514 0.986882 0.0758467
-47.7671 29.8952 -45.4053 -0.124612 0.990283 0.0617367
-47.1361 30.0371 -46.3031 -0.142181 0.98804 0.0596041
-45.8732 30.2171 -46.3414 -0.137175 0.988921 0.0567248
-44.8013 30.3525 -45.9684 -0.150111 0.987012 0.0572274
-43.4925 30.5418 -45.6579 -0.157226 0.986167 0.0524885
-42.3444 30.7177 -45.3164 -0.173821 0.983534 0.0494634
-41.2216 30.8924 -45.0087 -0.174002 0.982501 0.0661861
-40.1927 31.058 -44.6634 -0.176213 0.982456 0.0608192
-38.8875 31.2609 -44.0926 -0.182045 0.980975 0.0674345
-37.6513 31.4618 -43.5959 -0.198905 0.977725 0.0669306
-36.6555 31.6351 -43.1157 -0.20153 0.976563 0.0749147
-35.5568 31.813 -42.5247 -0.206106 0.974835 0.0849585
-34.3146 32.0206 -41.9452 -0.20044 0.975807 0.0873179
-33.1333 32.2087 -41.3556 -0.205824 0.974055 0.0939497
-32.0502 32.3852 -40.8129 -0.204517 0.973726 0.10015
-30.9783 32.5635 -40.3672 -0.202797 0.974046 0.100536
-29.9207 32.7303 -39.8494 -0.201771 0.974356 0.0995855
-29.1042 32.8237 -39.1101 -0.207155 0.972564 0.105859
-28.5205 32.8132 -37.9896 -0.196301 0.973443 0.117792
-28.1673 32.6809 -36.5265 -0.200364 0.969187 0.143285
-27.8122 32.5595 -35.2295 -0.197015 0.96927 0.147313
-27.3504 32.4569 -33.9528 -0.206927 0.964689 0.162794
-26.6348 32.4532 -33.057 -0.207589 0.963428 0.169448
-25.8528 32.4204 -31.9797 -0.193811 0.963528 0.184528
-25.0316 32.4128 -31.0719 -0.195389 0.963742 0.181725
-24.3882 32.3653 -30.1282 -0.193614 0.962954 0.187703
-23.7075 32.311 -29.1475 -0.194304 0.962863 0.187455
-22.9652 32.2481 -28.0951 -0.193661 0.960891 0.197948
-22.183 32.2154 -27.2159 -0.186757 0.95803 0.217486
-21.0295 32.2369 -26.3071 -0.189665 0.957869 0.215672
-19.8541 32.2326 -25.2927 -0.182619 0.957506 0.223234
-18.9484 32.2271 -24.5127 -0.184147 0.959429 0.213458
-17.7477 32.2583 -23.6214 -0.183533 0.960643 0.208518
-16.7786 32.2807 -22.9377 -0.163154 0.96213 0.218372
-15.55 32.3081 -22.1451 -0.161638 0.96302 0.215558
-14.2431 32.3003 -21.1455 -0.15575 0.963421 0.217906
-13.4249 32.2562 -20.3905 -0.13939 0.965933 0.218045
-12.4872 32.2714 -19.7923 -0.145907 0.969338 0.197727
-11.4386 32.2817 -19.0722 -0.145219 0.970298 0.193418
-10.3825 32.2907 -18.2789 -0.130953 0.97643 0.171566
-9.30781 32.2954 -17.5002 -0.128087 0.97706 0.170108
-8.24359 32.3072 -16.704 -0.120665 0.980485 0.154086
-7.44812 32.2792 -15.9597 -0.119318 0.985049 0.124267
-6.43094 32.299 -15.2789 -0.0833929 0.988253 0.128067
-5.49012 32.3195 -14.6793 -0.0767147 0.991262 0.107306
-4.38441 32.3329 -13.8805 -0.0720424 0.99424 0.0781881
-2.97981 32.3395 -12.9489 -0.0635324 0.996106 0.0541919
-1.77998 32.3393 -12.6014 -0.0117859 0.998541 0.0526988
-0.916533 32.3233 -12.1352 0.0554069 0.998424 -0.00601863
-1.31453 32.3455 -11.0865 -0.0157338 0.999655 -0.0210469
-2.20925 32.3733 -9.72298 -0.0250665 0.997731 -0.0624867
-2.72715 32.3914 -8.71053 -0.115441 0.991055 -0.0669622
-3.14919 32.3989 -7.6306 -0.146214 0.988247 -0.0446101
-3.63063 32.3751 -6.63683 -0.167335 0.983499 -0.0658183
-4.12867 32.3542 -5.46481 -0.199022 0.977739 -0.0654322
-4.60145 32.3345 -4.2015 -0.235152 0.969443 -0.0697844
-5.15683 32.2506 -3.17972 -0.287124 0.957107 -0.0388083
-5.81715 32.1218 -1.79432 -0.333029 0.941614 -0.0495478
-5.99536 32.072 -0.476006 -0.349157 0.937064 -0.00111261
-5.961 32.102 0.729409 -0.395752 0.918176 0.0182487
-5.31451 32.2937 2.17657 -0.382704 0.921975 0.0591531
-4.29967 32.5768 3.02344 -0.315446 0.938703 0.139033
-3.27659 32.751 4.00793 -0.2976 0.935409 0.190904
-2.07012 32.9207 4.79459 -0.219672 0.956594 0.189417
-0.888557 33.1139 4.97562 -0.171876 0.965223 0.196948
0.295719 33.2285 5.38078 -0.135159 0.97502 0.176183
1.48404 33.3259 5.70969 -0.106467 0.979195 0.172748
3.03568 33.3936 6.16877 -0.0814902 0.987893 0.132012
4.55024 33.4431 6.48797 -0.0342429 0.993159 0.111632
5.74545 33.4353 6.79 -1.79989e-05 0.993486 0.113958
6.86376 33.427 6.85814 0.0185059 0.994465 0.102196
8.02562 33.3515 7.1284 0.0871718 0.990322 0.107997
9.41839 33.2138 6.98254 0.132686 0.989297 0.0599615
10.6204 33.0397 6.79755 0.171735 0.98471 0.0291937
11.7059 32.7635 6.31615 0.217419 0.974905 -0.0478528
12.7829 32.3723 5.7132 0.289057 0.944357 -0.153798
13.8303 31.869 4.99008 0.260227 0.935095 -0.240583
14.6456 31.406 4.24296 0.28802 0.9074 -0.304462
15.438 30.8994 3.498 0.264025 0.900469 -0.34516
16.1194 30.4004 2.74737 0.265211 0.896668 -0.354471
16.839 29.8213 2.01451 0.271532 0.858546 -0.434651
17.6418 29.1023 1.07644 0.230154 0.86023 -0.454127
18.7699 28.5042 0.467297 0.21565 0.867028 -0.449172
19.4332 28.8657 1.45775 0.19351 0.872233 -0.449181
20.1009 29.2372 2.48046 0.183098 0.877011 -0.44404
21.1583 29.377 3.1255 0.15231 0.875282 -0.459003
22.271 29.4741 3.6815 0.127332 0.886954 -0.443959
23.3357 29.6099 4.25332 0.116199 0.889121 -0.442599
24.2397 29.8371 4.95417 0.103276 0.892763 -0.438406
25.2388 30.2006 5.90195 0.0934823 0.89283 -0.440586
26.1882 30.5393 6.80871 0.0905575 0.903675 -0.418534
27.3267 30.9625 7.91955 0.0692464 0.898066 -0.434375
28.0323 31.3319 8.82864 0.0563265 0.906805 -0.41777
28.5955 31.7504 9.83164 0.0470763 0.915659 -0.3991
29.3417 32.1934 10.909 0.0398806 0.916081 -0.398972
29.9891 32.6051 11.9188 0.0347234 0.916895 -0.397616
30.6468 33.1997 13.3682 0.0109371 0.921419 -0.38841
31.1222 33.7332 14.6775 0.0180001 0.927775 -0.372705
31.6815 34.3033 16.1853 -0.0510267 0.941848 -0.332143
32.0275 34.7064 17.2689 -0.0531412 0.939847 -0.337438
32.2906 35.2109 18.6964 -0.082854 0.946764 -0.31079
32.6189 35.6629 19.9324 -0.0993998 0.948558 -0.299719
32.8117 36.1586 21.5694 -0.133256 0.951911 -0.275877
32.893 36.5085 22.8533 -0.161307 0.956561 -0.242838
32.9927 36.8085 23.9715 -0.176008 0.959551 -0.219734
33.2048 37.2148 25.5763 -0.176042 0.959559 -0.219674
33.3337 37.5985 27.3799 -0.196004 0.963669 -0.181139
33.3086 37.8209 28.7755 -0.219384 0.962814 -0.157668
33.2927 37.9925 29.9717 -0.220144 0.966713 -0.130246
33.3772 38.1866 31.3131 -0.224543 0.966274 -0.126076
33.2347 38.2995 32.5844 -0.228924 0.96752 -0.107234
33.0595 38.3846 33.9059 -0.22789 0.969773 -0.0870407
33.0104 38.4687 35.1255 -0.227078 0.971034 -0.074349
32.8392 38.5093 36.3984 -0.236364 0.970539 -0.0467613
32.6864 38.5266 37.541 -0.241946 0.96968 -0.034383
32.4303 38.502 38.6342 -0.246442 0.968513 -0.0351364
32.1508 38.4674 39.77 -0.249328 0.968213 -0.0199687
31.8946 38.4285 41.221 -0.257921 0.96607 -0.0131991
31.6466 38.375 42.3164 -0.263863 0.96445 -0.0145532
31.2853 38.2877 43.4797 -0.268151 0.963356 -0.00633858
30.749 38.1434 44.8908 -0.268128 0.963383 0.000405692
29.7514 37.8604 45.3601 -0.271285 0.962489 0.0043225
28.1842 37.4223 44.8905 -0.270249 0.962776 0.0052616
27.1555 37.1281 44.5699 -0.277132 0.960819 0.00498126
25.7457 36.7203 43.9636 -0.284159 0.958771 0.00335722
24.6058 36.3846 43.3657 -0.284602 0.958639 0.00355004
23.0692 35.9341 42.7286 -0.288603 0.957406 0.00778403
22.0143 35.6143 42.3417 -0.29443 0.955641 0.00765136
20.9016 35.2708 41.9019 -0.296716 0.954965 -0.000175271
19.3411 34.7862 41.2496 -0.295876 0.955225 0.0015772
18.3345 34.4781 40.5789 -0.290912 0.956747 0.00233716
17.8419 34.3263 39.2473 -0.287287 0.957835 -0.00432542
17.9916 34.3664 38.1089 -0.285196 0.958437 -0.00698142
18.3194 34.4495 36.8035 -0.283461 0.958929 -0.0102312
18.5665 34.5107 35.7181 -0.283767 0.958819 -0.0118388
18.7953 34.5609 34.476 -0.280657 0.959642 -0.0176381
18.9364 34.5789 33.1262 -0.274609 0.961438 -0.0150653
19.0774 34.5935 32.0094 -0.26951 0.962797 -0.0188632
18.9459 34.525 30.4455 -0.264429 0.96413 -0.0230177
18.7522 34.4253 28.6764 -0.246587 0.968752 -0.0267175
18.6437 34.3675 27.5795 -0.242715 0.969545 -0.0320637
18.4015 34.2669 26.3174 -0.217176 0.975538 -0.034076
18.2181 34.1844 25.1251 -0.217169 0.97554 -0.034062
17.8411 34.0573 23.7283 -0.186791 0.981567 -0.0404345
17.4034 33.925 22.4625 -0.185421 0.982007 -0.035805
16.8372 33.7861 21.3917 -0.168587 0.98496 -0.0364005
16.2568 33.6452 20.3707 -0.150352 0.987591 -0.043648
15.6408 33.5127 19.2142 -0.138882 0.989541 -0.0389828
14.8177 33.3704 18.1041 -0.122293 0.992075 -0.02883
14.242 33.2689 17.1204 -0.0840357 0.99594 -0.0308583
13.2853 33.1621 15.9539 -0.0736619 0.996945 -0.0255353
12.2693 33.0886 14.8806 -0.0474494 0.998801 -0.0120815
11.5859 33.055 13.9299 -0.0161518 0.999822 0.00976831
10.5486 33.0427 12.894 -0.0460627 0.998215 0.0380043
9.38069 33.0291 12.1066 -0.036019 0.997801 0.0556412
8.37567 33.0298 11.4437 -0.0431926 0.997432 0.0566825
7.38538 33.0385 10.9733 -0.021492 0.994944 0.0981006
6.36331 33.0914 10.2334 -0.0142495 0.994848 0.100372
5.37284 33.132 9.67792 -0.072415 0.987185 0.142204
4.3556 33.1511 9.07488 -0.1074 0.982054 0.155033
3.35096 33.1185 8.4961 -0.156144 0.981559 0.0801502
2.32709 33.0577 8.04565 -0.12111 0.983817 0.132048
0.876089 32.9714 7.3219 -0.151212 0.973007 0.174335
-0.465092 32.8416 6.81001 -0.177071 0.968817 0.173284
-1.61007 32.7294 6.20839 -0.198006 0.961832 0.188874
-3.16993 32.4466 5.78075 -0.246459 0.951804 0.182559
-4.23943 32.2428 5.32459 -0.255096 0.954586 0.151624
-5.29201 31.9716 4.98116 -0.333072 0.934516 0.125469
-6.3675 31.6234 4.74149 -0.34757 0.929818 0.119667
-7.68699 31.15 4.49319 -0.342321 0.933263 0.108799
-8.86999 30.7174 4.38358 -0.351628 0.932932 0.0774278
-10.1119 30.248 4.35052 -0.357826 0.93045 0.0788905
-11.8247 29.5693 4.50639 -0.361933 0.928667 0.0811363
-13.0268 29.0909 4.58515 -0.360712 0.928585 0.0872749
-14.2869 28.5796 4.76885 -0.366284 0.926555 0.085626
-15.2623 28.1571 5.11038 -0.372532 0.923428 0.0921994
-16.2639 27.7332 5.30627 -0.374154 0.922651 0.093391
-17.2545 27.2936 5.66568 -0.373427 0.922727 0.0955324
-18.2021 26.8612 6.11023 -0.374794 0.921789 0.0991658
-19.0931 26.4437 6.60907 -0.375125 0.921538 0.100242
-20.0541 25.9836 7.24664 -0.375722 0.921246 0.100685
-21.0405 25.5149 7.84411 -0.376587 0.92092 0.100442
-21.9816 25.0566 8.45382 -0.382973 0.917903 0.103854
-22.8932 24.6132 9.09197 -0.374106 0.921708 0.102466
-23.9261 24.0966 9.9665 -0.375462 0.921457 0.0997224
-24.7233 23.686 10.7556 -0.378274 0.921199 0.0911134
-25.5067 23.28 11.5724 -0.379831 0.919925 0.0972906
-26.3014 22.8603 12.4521 -0.375352 0.922151 0.0934086
-27.0191 22.4778 13.3882 -0.37598 0.922382 0.0886088
-27.7638 22.0507 14.6123 -0.379597 0.920727 0.0903818
-28.4087 21.6902 15.579 -0.384594 0.919529 0.080953
-28.8105 21.4237 16.5671 -0.394608 0.91535 0.0787946
-29.5126 21.03 17.899 -0.39131 0.917953 0.065093
-30.0242 20.7443 18.855 -0.392665 0.917359 0.0653171
-31.0645 20.2618 19.3879 -0.391309 0.91788 0.0661291
-32.5316 19.6771 18.9673 -0.37631 0.923194 0.0781122
-33.6858 19.2644 18.3989 -0.366383 0.926382 0.0870588
-34.8056 18.871 17.9157 -0.362575 0.927805 0.0878519
-35.9585 18.4799 17.5107 -0.341028 0.934103 0.105598
-36.9764 18.1614 17.1634 -0.321365 0.940018 0.114417
-38.006 17.8669 16.687 -0.32207 0.939779 0.114393
-39.2231 17.5313 16.2225 -0.299271 0.94608 0.123976
-40.3404 17.2472 15.8023 -0.289297 0.947589 0.13558
-41.4578 17.0083 15.251 -0.271332 0.950024 0.154377
-42.5948 16.8062 14.678 -0.243738 0.954194 0.173508
-43.507 16.7726 13.625 -0.228566 0.954849 0.189249
-43.247 17.0979 12.2949 -0.215244 0.956766 0.195541
-42.7338 17.4447 11.1991 -0.205126 0.955255 0.212455
-42.0782 17.8556 9.98369 -0.19122 0.956656 0.219648
-41.6248 18.1407 9.05505 -0.1847 0.961744 0.202324
17.0757 33.6041 17.4685 -0.102452 0.991977 -0.073339
16.4244 33.4507 16.4144 -0.0851191 0.990929 -0.103991
15.7753 33.3154 15.4628 -0.0750773 0.993877 -0.0810627
14.9351 33.1971 14.3963 -0.0337034 0.997511 -0.0598945
14.1075 33.1011 13.4793 -0.0318449 0.996633 -0.0755533
13.194 33.0563 12.4555 0.00948563 0.99735 -0.0682311
12.3006 33.0175 11.5291 0.0096974 0.998688 -0.0502742
11.3918 33.0167 10.6646 0.0450517 0.998578 -0.0284995
10.3418 33.0621 9.82657 0.0875024 0.995862 0.00869531
9.95053 33.0959 9.05843 0.0647289 0.997844 0.0108467
11.0361 32.9911 8.91032 0.110275 0.99388 0.00654022
12.1542 32.8205 8.3364 0.157852 0.986003 -0.0536758
13.2753 32.6096 7.85165 0.206094 0.967386 -0.136668
14.8408 32.1045 6.90852 0.168353 0.959778 -0.224647
15.7986 31.7084 6.19795 0.191662 0.938552 -0.287028
16.6679 31.1952 5.20609 0.208046 0.916374 -0.342016
17.3984 30.7303 4.43169 0.22236 0.90382 -0.365049
18.0745 30.2722 3.72228 0.229321 0.886433 -0.402055
19.0072 30.2764 4.21708 0.174469 0.895171 -0.409796
20.472 30.4034 5.04946 0.156079 0.903643 -0.39794
21.5622 30.4978 5.62148 0.122414 0.911361 -0.392983
22.4345 30.675 6.28904 0.110935 0.910857 -0.397496
23.6436 31.0168 7.34187 0.0809325 0.906559 -0.414246
24.69 31.327 8.24851 0.0705515 0.91269 -0.402516
25.4604 31.6476 9.10963 0.0675527 0.916033 -0.394862
26.1789 31.9744 10.0342 0.0644002 0.924085 -0.376723
26.7992 32.3028 10.8968 0.0450754 0.921354 -0.386102
27.4656 32.7382 12.0018 0.0313322 0.927357 -0.372224
28.2352 33.3029 13.5225 0.00667786 0.940232 -0.339292
28.8478 33.6943 14.6525 -0.0165575 0.942093 -0.334941
29.2766 34.0529 15.6715 -0.0428955 0.95254 -0.301377
29.5453 34.4148 16.7635 -0.0542427 0.953717 -0.295448
29.7943 34.7348 17.7868 -0.0687585 0.950146 -0.304128
30.1731 35.1412 18.972 -0.0765019 0.95559 -0.283709
30.4772 35.5849 20.4778 -0.0877691 0.959715 -0.266916
30.6263 35.8902 21.5937 -0.137596 0.966315 -0.216686
30.782 36.1981 22.8285 -0.155589 0.962892 -0.220526
30.9405 36.5421 24.3366 -0.173621 0.966611 -0.18846
31.1234 36.8826 25.9947 -0.179254 0.970062 -0.163851
31.1823 37.1413 27.365 -0.212474 0.963796 -0.160424
31.083 37.3105 28.6177 -0.216436 0.965626 -0.143857
31.1193 37.5177 29.9934 -0.209175 0.968864 -0.132164
31.1552 37.7068 31.6558 -0.224631 0.969535 -0.0976902
31.0694 37.8195 32.936 -0.240529 0.966926 -0.0848542
30.8869 37.8944 34.3249 -0.242157 0.967247 -0.0757688
30.7623 37.9435 35.4503 -0.243201 0.967739 -0.0657025
30.6752 37.9902 36.8003 -0.254713 0.965917 -0.04609
30.475 37.9822 38.0057 -0.249266 0.968028 -0.0273908
30.1854 37.9388 39.3674 -0.257905 0.965894 -0.022581
29.9064 37.8855 40.4752 -0.256576 0.966346 -0.0185598
29.5887 37.8131 41.6314 -0.259647 0.965674 -0.00759428
29.0852 37.683 42.5709 -0.268597 0.963252 0.00105673
27.5471 37.2549 42.3177 -0.268382 0.963309 0.00255838
25.9692 36.7971 41.6484 -0.28307 0.95908 0.0052671
24.8775 36.4743 41.1272 -0.28851 0.957454 -0.000575574
23.7218 36.1247 40.6831 -0.284158 0.958763 -0.0052107
22.6064 35.7904 40.3029 -0.291097 0.956686 -0.0035744
21.5094 35.4532 39.8432 -0.292855 0.956124 -0.00779076
20.4067 35.1076 39.1455 -0.294341 0.955625 -0.0115762
20.3159 35.0601 37.4552 -0.289412 0.957094 -0.0141826
20.6837 35.1458 36.0121 -0.286313 0.95798 -0.017163
20.998 35.207 34.5038 -0.282578 0.958922 -0.0245522
21.0476 35.186 33.2999 -0.278546 0.960061 -0.025899
21.0553 35.1472 32.0132 -0.269838 0.962356 -0.0325429
21.1108 35.1165 30.6733 -0.252689 0.966685 -0.0408428
20.9884 35.0237 29.2848 -0.253025 0.966437 -0.044477
20.7865 34.9107 27.8473 -0.24637 0.968346 -0.040096
20.6147 34.8045 26.6426 -0.229376 0.971787 -0.0549308
20.4549 34.6813 25.3681 -0.218461 0.972649 -0.0789229
20.2081 34.5618 24.2535 -0.209442 0.976242 -0.0555446
19.7846 34.3875 22.9867 -0.171352 0.982644 -0.0699543
19.4187 34.2491 21.809 -0.159739 0.984942 -0.0661204
18.6729 34.0188 20.2541 -0.14799 0.986124 -0.0750289
18.0965 33.8429 19.1611 -0.139194 0.987205 -0.0771451
17.381 33.6644 17.8832 -0.0960588 0.991991 -0.0817555
16.4797 33.5995 18.5091 -0.114604 0.992003 -0.0528828
17.1432 33.7578 19.6965 -0.145813 0.987213 -0.0609941
17.8816 33.9486 21.0695 -0.17553 0.983316 -0.0477342
18.4566 34.1054 22.2163 -0.18115 0.982291 -0.047378
18.8889 34.2616 23.783 -0.190154 0.980922 -0.0404197
19.4439 34.4711 25.5188 -0.207984 0.977012 -0.044623
19.609 34.5814 27.0358 -0.240451 0.969526 -0.0469423
19.7711 34.6782 28.4421 -0.242719 0.969544 -0.0320664
20.0121 34.7928 29.8391 -0.256207 0.966091 -0.0316477
20.0456 34.8528 31.5115 -0.266054 0.96348 -0.0302659
19.9977 34.8685 32.6315 -0.269699 0.962662 -0.0233258
19.9502 34.8847 33.8235 -0.280588 0.959612 -0.0203858
19.7727 34.8547 34.9816 -0.280731 0.959671 -0.0148904
19.5192 34.8016 36.2766 -0.28708 0.957789 -0.0149997
19.1407 34.7066 37.7052 -0.289344 0.957179 -0.0093681
18.8956 34.6444 39.2678 -0.293307 0.956012 -0.00343089
20.0422 35.0018 40.3339 -0.294874 0.955522 -0.00529469
21.0706 35.322 40.7886 -0.29514 0.955449 -0.00298878
22.2628 35.6892 41.3311 -0.29058 0.956846 -0.0030094
23.3258 36.0099 41.6748 -0.285877 0.958266 -0.000921757
24.3517 36.3134 42.0872 -0.283518 0.958961 0.0029879
25.5838 36.6774 42.6773 -0.284602 0.958639 0.00355013
26.8436 37.0461 43.2075 -0.280941 0.959719 0.00338644
28.0096 37.38 43.6919 -0.27114 0.962525 0.00541303
29.2603 37.7295 44.0147 -0.270008 0.962839 0.00602528
30.1484 37.9739 43.4269 -0.261958 0.965078 -0.00161099
30.6367 38.0994 42.0016 -0.260988 0.965301 -0.00894039
31.0357 38.1848 40.348 -0.257417 0.966161 -0.0164183
31.3404 38.2349 38.9809 -0.251878 0.967301 -0.0292474
31.5731 38.2532 37.751 -0.24628 0.968619 -0.0335278
31.741 38.2505 36.5974 -0.243437 0.968937 -0.0435803
31.8317 38.2109 35.4736 -0.236982 0.969549 -0.0617519
31.9887 38.1433 34.0658 -0.230765 0.969525 -0.0822758
32.2163 38.0432 32.4574 -0.230239 0.967295 -0.106449
32.2293 37.9205 31.3062 -0.214925 0.970162 -0.111003
32.1795 37.7626 30.1559 -0.205219 0.970789 -0.124316
32.2016 37.5485 28.5589 -0.213114 0.966939 -0.140045
32.2564 37.3566 27.2927 -0.202492 0.96394 -0.172674
32.2062 37.137 26.1414 -0.221705 0.959089 -0.176052
32.094 36.8552 24.936 -0.168489 0.963339 -0.207802
31.8962 36.4926 23.3571 -0.153403 0.965391 -0.210923
31.8033 36.1956 22.2008 -0.117812 0.963115 -0.241929
31.7054 35.8824 21.0548 -0.111456 0.956917 -0.268118
31.5186 35.5389 19.9315 -0.111444 0.95439 -0.276947
31.1209 35.0528 18.4855 -0.0742675 0.95069 -0.30112
30.8263 34.6891 17.41 -0.0637051 0.945269 -0.319277
30.5538 34.3052 16.2895 -0.0108724 0.947449 -0.319722
30.168 33.8629 15.0169 -0.0436464 0.94275 -0.330632
29.6779 33.4519 13.945 0.00372917 0.928279 -0.371383
29.1133 33.0057 12.8114 0.0288693 0.929288 -0.368225
28.4604 32.4915 11.5147 0.0395647 0.91814 -0.394277
27.5683 31.9286 10.1055 0.0539537 0.917297 -0.394532
26.58 31.4065 8.77121 0.0707053 0.907982 -0.413001
25.6862 31.0226 7.75635 0.0812397 0.908119 -0.410718
24.698 30.6811 6.8151 0.0832957 0.906049 -0.414893
23.803 30.4197 6.06641 0.0932824 0.909248 -0.405374
22.8875 30.1437 5.23517 0.110918 0.893667 -0.434807
21.7926 29.9833 4.58148 0.130069 0.89621 -0.424133
20.5881 29.873 3.95737 0.13737 0.897994 -0.418014
19.3194 29.6948 3.05198 0.18742 0.888369 -0.418531
18.578 29.4528 2.24504 0.214265 0.878649 -0.426691
17.6194 29.8877 2.60157 0.252497 0.863776 -0.436046
16.7185 30.6019 3.6555 0.240405 0.895772 -0.373895
15.9524 31.0814 4.42233 0.240508 0.914219 -0.325169
15.2767 31.5631 5.25119 0.242722 0.928889 -0.277517
14.2063 32.0465 6.04963 0.252705 0.93493 -0.24909
13.2866 32.3799 6.60279 0.230731 0.957482 -0.172572
12.1704 32.7302 7.18701 0.167372 0.980791 -0.100179
10.7342 33.0053 7.81029 0.122879 0.991945 -0.0307575
9.6328 33.1501 8.02407 0.0800977 0.995309 0.054269
8.27898 33.2622 8.07321 0.0889807 0.994372 0.0575055
7.11626 33.303 8.01868 0.0286474 0.995688 0.0882318
5.57816 33.3288 7.81612 -0.00413807 0.995077 0.099021
6.19165 33.2415 8.74341 -0.0105938 0.994976 0.0994247
7.69651 33.1495 9.72542 0.0214554 0.997674 0.0647078
9.32387 33.0505 10.7326 0.00998751 0.998846 0.0355801
10.4089 33.0485 11.3106 -0.00895544 0.999948 0.00497532
11.3219 33.0527 12.1177 -0.00958907 0.999945 0.0010071
12.3132 33.0653 13.0629 -0.0107773 0.999458 -0.0255833
13.0963 33.1194 14.0027 -0.0347052 0.998965 -0.0213148
13.9053 33.1851 14.9548 -0.0355641 0.998388 -0.0442318
14.6342 33.2654 15.8518 -0.0822372 0.99464 -0.0564379
15.5035 33.3994 17.0217 -0.115804 0.991335 -0.0619971
16.3861 33.5808 18.362 -0.114601 0.992003 -0.0528845
19.4036 30.6292 5.17287 0.150114 0.914987 -0.374518
20.6158 30.8985 6.25769 0.121087 0.911719 -0.392564
21.8694 31.21 7.37856 0.102597 0.920472 -0.3771
23.1536 31.5637 8.53193 0.0528507 0.923799 -0.379212
24.2385 31.8878 9.50045 0.0628946 0.925976 -0.372307
25.5055 32.2684 10.6446 0.0505504 0.934649 -0.35196
26.4535 32.5674 11.5067 0.00335701 0.936849 -0.349719
27.7363 33.4149 13.8644 -0.00226267 0.949399 -0.314063
26.6668 33.0729 12.8686 0.00469053 0.937727 -0.347341
25.5271 32.6968 11.8286 0.0316355 0.937955 -0.345311
24.3754 32.3623 10.7721 0.0413338 0.943673 -0.328287
23.2679 32.0543 9.76168 0.0574074 0.926689 -0.371419
21.9591 31.6824 8.58406 0.106397 0.923843 -0.367687
20.4785 31.3216 7.24139 0.123068 0.919988 -0.372123
19.009 30.9951 5.91867 0.138783 0.918553 -0.370135
17.8953 30.8046 4.9086 0.209584 0.9159 -0.342346
17.2617 31.1445 5.43138 0.208046 0.916374 -0.342016
18.4772 31.3285 6.54669 0.139801 0.926521 -0.349305
19.6793 31.558 7.64634 0.0908754 0.933443 -0.347025
20.8911 31.832 8.74865 0.0581545 0.942402 -0.329389
22.0485 32.118 9.80759 0.044527 0.951005 -0.305953
23.2831 32.4537 10.9368 0.0324111 0.946155 -0.322087
24.5417 32.81 12.0931 -0.00253778 0.949013 -0.315228
25.7918 33.1876 13.2503 -0.0133212 0.954826 -0.296867
26.913 33.5374 14.296 -0.0255995 0.950853 -0.308582
28.3234 33.9911 15.6137 -0.0404559 0.954258 -0.296234
28.7571 34.1388 16.0178 -0.0437663 0.952511 -0.301341
28.8812 34.551 17.3654 -0.0580291 0.957291 -0.283242
27.8241 34.1917 16.3603 -0.0559301 0.956685 -0.285701
26.5282 33.7825 15.1428 -0.035612 0.958164 -0.283995
25.4114 33.444 14.0907 -0.0126406 0.954766 -0.297088
24.3236 33.1237 13.0743 -0.00205975 0.957165 -0.289537
23.2498 32.8245 12.0794 0.0181989 0.954725 -0.296932
22.1548 32.5339 11.0659 0.0278337 0.948399 -0.315857
20.9706 32.2384 9.97259 0.0612016 0.953247 -0.29593
19.705 31.9581 8.80968 0.0935378 0.944062 -0.316225
18.3934 31.6998 7.60519 0.106763 0.946597 -0.30423
16.9632 31.5063 6.26628 0.176698 0.942086 -0.285046
16.7362 31.4839 6.05149 0.176698 0.942086 -0.285046
16.1486 31.7706 6.6349 0.184187 0.940348 -0.286045
17.2892 31.8806 7.72021 0.178518 0.942977 -0.280937
18.6297 32.1065 8.96805 0.108955 0.948014 -0.298997
19.9173 32.3529 10.1626 0.0638829 0.959059 -0.275909
20.9911 32.6021 11.159 0.0442442 0.96144 -0.271433
22.2304 32.9161 12.3115 0.0223201 0.955439 -0.294343
23.3413 33.2033 13.3496 -0.00423185 0.957476 -0.288481
24.6804 33.5785 14.6086 -0.0269777 0.965145 -0.260322
25.7467 33.8894 15.6163 -0.0408066 0.961388 -0.272153
26.8847 34.2413 16.693 -0.053732 0.961503 -0.26949
28.0098 34.6117 17.769 -0.0764043 0.961406 -0.264311
29.0571 34.9834 18.7781 -0.0888013 0.957794 -0.273395
29.5865 35.1775 19.2873 -0.0818314 0.960786 -0.26494
30.0073 35.6613 20.9408 -0.120199 0.964901 -0.233491
28.9477 35.2834 19.9175 -0.109587 0.964333 -0.24094
27.8499 34.885 18.856 -0.0758419 0.966047 -0.246986
26.525 34.4579 17.5803 -0.0534514 0.965917 -0.253272
25.3736 34.0996 16.483 -0.0722726 0.966757 -0.245272
24.2993 33.7897 15.4611 -0.0368853 0.966027 -0.255797
23.2463 33.5116 14.4611 -0.00864927 0.972047 -0.234627
21.9616 33.1882 13.2485 -0.00290275 0.964552 -0.263876
20.7862 32.8821 12.1489 0.00201851 0.960306 -0.278941
19.7365 32.6612 11.1639 0.0442439 0.961439 -0.271435
18.4308 32.4074 9.94199 0.0501932 0.969429 -0.240185
17.256 32.2123 8.83941 0.0763137 0.96939 -0.233365
16.1864 32.0957 7.82421 0.133775 0.957866 -0.25416
15.6442 32.0537 7.30536 0.172078 0.958846 -0.22584
14.843 32.2889 7.70323 0.16463 0.960713 -0.223446
15.9819 32.3632 8.80003 0.125636 0.971519 -0.200916
17.1482 32.4834 9.91622 0.0954432 0.967545 -0.23398
18.3156 32.6865 11.0128 0.0399106 0.973488 -0.225231
19.6106 32.9349 12.2317 -0.00579092 0.972893 -0.231182
20.7601 33.2071 13.3125 -0.0509413 0.978518 -0.199771
22.0522 33.4925 14.5438 -0.0136328 0.981149 -0.19277
23.2274 33.7873 15.6617 -0.0550565 0.97772 -0.202563
24.3426 34.0843 16.7267 -0.0558741 0.970477 -0.234631
25.4235 34.4109 17.7597 -0.0779171 0.969991 -0.230319
26.5312 34.7451 18.8254 -0.0986507 0.972054 -0.213024
27.5859 35.0974 19.847 -0.129336 0.969255 -0.209323
28.8087 35.5371 21.0338 -0.135594 0.969979 -0.201877
29.9586 35.9326 22.1622 -0.1196 0.969739 -0.212844
30.1505 36.2658 23.6417 -0.161982 0.969069 -0.186192
29.1441 35.9165 22.6323 -0.150297 0.97113 -0.185248
27.879 35.477 21.3862 -0.142473 0.968716 -0.2032
26.7704 35.098 20.3061 -0.113564 0.972594 -0.202888
25.5298 34.7155 19.1026 -0.108519 0.976462 -0.186402
24.4093 34.3815 18.0214 -0.102255 0.972551 -0.209019
23.3499 34.0818 17.0043 -0.0662852 0.979761 -0.188876
22.0807 33.7613 15.7924 -0.0444476 0.979683 -0.195566
20.9395 33.4934 14.7028 -0.0470991 0.980453 -0.191035
19.6108 33.1879 13.4337 -0.0261609 0.979315 -0.200645
18.4896 32.9614 12.3715 0.0153984 0.976053 -0.216988
17.2204 32.7477 11.1732 0.0237613 0.98552 -0.167887
15.9357 32.5963 9.94658 0.0777572 0.983154 -0.165412
14.877 32.525 8.92382 0.155518 0.973965 -0.164942
14.0472 32.5189 8.10584 0.160152 0.967784 -0.194283
13.3217 32.6894 8.60112 0.107286 0.986161 -0.126394
14.4821 32.7219 9.73688 0.0976788 0.988651 -0.114139
15.6032 32.7716 10.8319 0.0777592 0.983153 -0.165417
16.8193 32.8974 11.9953 0.0237613 0.98552 -0.167887
18.0278 33.0975 13.1399 -0.0212384 0.986395 -0.163016
19.3832 33.3757 14.4348 -0.0327253 0.984601 -0.171725
20.4825 33.6163 15.4893 -0.0502019 0.984327 -0.169055
21.6121 33.8795 16.5683 -0.071088 0.981062 -0.180178
22.7347 34.1601 17.647 -0.0973729 0.98079 -0.169025
23.9673 34.497 18.8358 -0.101713 0.977816 -0.183115
25.114 34.8295 19.9468 -0.108207 0.977461 -0.181277
26.2636 35.1821 21.0662 -0.129789 0.973165 -0.190012
27.4514 35.5764 22.2321 -0.155233 0.969756 -0.188353
28.6087 35.9764 23.3809 -0.150297 0.97113 -0.185248
29.963 36.447 24.7476 -0.161983 0.969069 -0.186192
30.4451 36.63 25.2416 -0.176743 0.968294 -0.176545
30.4941 36.8673 26.593 -0.18537 0.969366 -0.161142
29.2184 36.4116 25.2896 -0.177322 0.971953 -0.154478
27.8375 35.936 23.8937 -0.167056 0.973433 -0.156589
26.6756 35.5504 22.7388 -0.160204 0.972249 -0.170491
25.334 35.1205 21.4161 -0.145559 0.977165 -0.154796
24.1254 34.7597 20.2358 -0.125095 0.97983 -0.155838
23.0089 34.4449 19.1508 -0.114924 0.977979 -0.17421
21.7991 34.1247 17.9802 -0.084077 0.98316 -0.162259
20.7172 33.8823 16.9363 -0.0709306 0.983261 -0.16783
19.273 33.5594 15.5562 -0.0767701 0.988484 -0.130403
18.0618 33.3181 14.3887 -0.0391841 0.98412 -0.173123
17.0009 33.1288 13.3748 -0.0347875 0.990921 -0.129866
15.8103 32.9743 12.2387 0.0185775 0.990991 -0.132635
14.6712 32.8804 11.1419 0.0570038 0.99205 -0.112197
13.2507 32.8449 9.74841 0.0976844 0.988651 -0.11414
12.53 32.8396 9.0426 0.117171 0.985212 -0.12501
12.0318 32.9405 9.78119 0.0626276 0.996532 -0.0547947
13.1313 32.9419 10.8621 0.0518687 0.995601 -0.0780256
14.201 32.9921 11.9052 0.0136974 0.995741 -0.0911735
15.3992 33.0815 13.06 0.0197942 0.994256 -0.105185
16.4922 33.2065 14.1046 -0.0347875 0.990921 -0.129866
17.7452 33.4318 15.3083 -0.0659195 0.988317 -0.137421
18.7939 33.6244 16.3192 -0.0609682 0.990562 -0.122759
20.17 33.9244 17.6425 -0.0994098 0.987124 -0.125314
21.3868 34.2103 18.819 -0.122739 0.983685 -0.131525
22.5212 34.5243 19.9209 -0.13724 0.981922 -0.130362
23.7225 34.8449 21.095 -0.125099 0.979829 -0.155835
24.8444 35.1731 22.1955 -0.13539 0.979207 -0.151074
25.9386 35.5152 23.2781 -0.154076 0.976817 -0.148622
26.9644 35.8523 24.3048 -0.167059 0.973433 -0.156588
27.9837 36.1927 25.3356 -0.172544 0.972296 -0.157699
29.1157 36.5773 26.4857 -0.183997 0.970761 -0.154167
30.2609 36.984 27.6581 -0.199942 0.968979 -0.145271
30.5414 37.0891 27.9478 -0.20679 0.966709 -0.150702
30.2775 37.1923 28.9854 -0.204937 0.968895 -0.138721
29.1479 36.7863 27.8224 -0.193081 0.971169 -0.139824
27.7916 36.3165 26.4321 -0.193756 0.971207 -0.138617
26.6238 35.9312 25.2469 -0.180974 0.973298 -0.141205
25.6014 35.5982 24.215 -0.174561 0.974004 -0.144376
24.5971 35.2868 23.2123 -0.183451 0.975812 -0.118898
23.3034 34.8964 21.9383 -0.160774 0.979931 -0.117844
22.1428 34.5815 20.8 -0.142416 0.981841 -0.125323
21.0044 34.2788 19.6885 -0.122737 0.983686 -0.131524
19.88 34.0173 18.5966 -0.107969 0.986011 -0.126987
18.7605 33.7791 17.5132 -0.10736 0.988505 -0.106449
17.5424 33.5398 16.3381 -0.0880574 0.990562 -0.10504
16.306 33.3298 15.1476 -0.0750773 0.993877 -0.0810627
18.2824 33.7905 18.2875 -0.111752 0.98973 -0.0891383
19.4379 34.045 19.4073 -0.1255 0.987092 -0.0994937
20.6418 34.328 20.5784 -0.150225 0.983804 -0.0977869
21.7505 34.6259 21.6655 -0.170056 0.981156 -0.0917257
22.8739 34.9261 22.7714 -0.160776 0.979931 -0.11784
23.9736 35.2496 23.8561 -0.17411 0.978318 -0.11216
25.0847 35.606 24.9705 -0.200288 0.973226 -0.112765
26.2235 35.9843 26.1259 -0.177319 0.974111 -0.140237
27.2301 36.3037 27.1494 -0.193895 0.973278 -0.123026
28.4399 36.7216 28.3927 -0.202119 0.969598 -0.13794
29.7108 37.1687 29.7109 -0.224095 0.967999 -0.112959
30.3352 37.3889 30.3594 -0.221031 0.969651 -0.104511
30.3561 37.5259 31.6976 -0.221291 0.970384 -0.0968719
29.3416 37.191 30.635 -0.224175 0.967981 -0.11295
28.3005 36.8234 29.5469 -0.223308 0.968253 -0.112334
27.2018 36.4527 28.4118 -0.205641 0.973741 -0.0976744
26.129 36.1072 27.3146 -0.201882 0.972663 -0.114766
25.0668 35.7531 26.2302 -0.206552 0.971374 -0.117338
23.6539 35.3025 24.8025 -0.195601 0.974676 -0.108383
22.3904 34.9191 23.5448 -0.185905 0.977999 -0.0946478
21.3549 34.638 22.5279 -0.170057 0.981156 -0.0917253
20.2921 34.3644 21.4817 -0.150226 0.983804 -0.097787
19.6935 34.2264 20.8978 -0.160148 0.984304 -0.0741472
20.4924 34.5151 22.9272 -0.182965 0.980346 -0.0737889
21.8807 34.8942 24.2892 -0.185905 0.977998 -0.0946519
22.8897 35.2034 25.2989 -0.194989 0.975015 -0.106421
24.0362 35.5558 26.46 -0.209484 0.973309 -0.0937314
25.061 35.9026 27.5077 -0.220735 0.970287 -0.0990942
26.4756 36.3525 28.9586 -0.212439 0.972445 -0.0960193
27.575 36.7197 30.0952 -0.223308 0.968253 -0.112333
28.7121 37.097 31.2804 -0.230931 0.969861 -0.0777158
29.8586 37.4777 32.4854 -0.240323 0.967247 -0.0817225
30.388 37.6598 33.048 -0.240528 0.966926 -0.0848542
30.2306 37.7174 34.1946 -0.250784 0.965744 -0.0666857
29.1965 37.3648 33.0958 -0.240324 0.967247 -0.081722
28.2197 37.0394 32.0667 -0.239073 0.968355 -0.0716474
27.1842 36.7065 30.9856 -0.244296 0.965867 -0.0861467
25.9593 36.3007 29.7155 -0.227615 0.971338 -0.0685078
24.6628 35.8961 28.3842 -0.239724 0.968531 -0.0669315
23.6584 35.5675 27.3534 -0.215753 0.970899 -0.103953
22.5403 35.2145 26.2119 -0.220311 0.972375 -0.0771391
21.3939 34.8669 25.0567 -0.216454 0.973186 -0.077826
21.2489 34.8224 24.9104 -0.213966 0.974524 -0.0672418
21.303 34.9389 26.2254 -0.214452 0.973717 -0.0767226
22.3575 35.2562 27.2973 -0.222945 0.972421 -0.0685092
23.6987 35.6774 28.6712 -0.239384 0.968621 -0.066855
24.7481 36.0154 29.7542 -0.241143 0.967865 -0.0713254
25.8504 36.3619 30.8913 -0.229127 0.970653 -0.0730347
27.0841 36.7713 32.1786 -0.247954 0.966394 -0.0678269
28.1946 37.136 33.3466 -0.244955 0.96684 -0.0722331
29.3457 37.5139 34.5642 -0.249467 0.966186 -0.0651989
29.9995 37.7324 35.2604 -0.252099 0.965297 -0.0681719
30.1457 37.8468 36.722 -0.254928 0.965886 -0.0455691
29.0161 37.4901 35.5211 -0.250326 0.966844 -0.0504899
27.8783 37.1222 34.3151 -0.246254 0.966933 -0.0663272
26.83 36.7758 33.2098 -0.254564 0.965118 -0.0611872
25.7345 36.4145 32.0606 -0.249811 0.966212 -0.0634726
24.6942 36.0837 30.9818 -0.251555 0.966032 -0.0591877
23.5793 35.7195 29.8246 -0.251466 0.966336 -0.0543976
22.5231 35.3846 28.7361 -0.243917 0.968158 -0.056336
21.5139 35.0756 27.7033 -0.234262 0.970585 -0.0555495
21.4397 35.0539 27.6277 -0.229091 0.971925 -0.0536534
21.6155 35.1782 29.0754 -0.253025 0.966437 -0.044477
22.7231 35.5218 30.2157 -0.247681 0.967386 -0.0530892
23.8079 35.8707 31.3411 -0.256663 0.964565 -0.0611374
24.8537 36.2129 32.4323 -0.247716 0.966812 -0.0625354
25.8558 36.5392 33.482 -0.251048 0.966197 -0.0586432
26.9725 36.9098 34.6599 -0.259994 0.964029 -0.0552316
28.1748 37.2947 35.931 -0.249781 0.966946 -0.0512378
29.219 37.6195 37.0405 -0.250248 0.967143 -0.0448396
29.9498 37.8417 37.8182 -0.249267 0.968047 -0.0273871
29.5762 37.765 38.7241 -0.250763 0.967806 -0.0216561
28.4835 37.4465 37.5614 -0.257169 0.965755 -0.0343634
27.2182 37.0549 36.2158 -0.264747 0.963478 -0.0402485
26.1851 36.7182 35.1219 -0.261892 0.963965 -0.0467334
25.1528 36.3788 34.0344 -0.269253 0.962008 -0.0451986
24.0115 36.01 32.838 -0.266579 0.962396 -0.0522486
22.988 35.6657 31.7644 -0.269326 0.961843 -0.0481839
21.8496 35.3061 30.5813 -0.258388 0.965066 -0.0434073
21.6807 35.2543 30.4074 -0.252689 0.966685 -0.040843
21.8612 35.3677 31.8651 -0.26391 0.963775 -0.0386011
23.0879 35.7644 33.1509 -0.281248 0.958764 -0.0408834
24.0946 36.0972 34.2106 -0.260871 0.964505 -0.0409437
25.1959 36.4543 35.3692 -0.269599 0.961864 -0.0461922
26.4742 36.8662 36.7218 -0.268474 0.962851 -0.0289766
27.6104 37.2219 37.9323 -0.266725 0.963169 -0.0340916
28.9569 37.6163 39.3678 -0.25278 0.967417 -0.0143914
29.4901 37.7646 39.9349 -0.256579 0.966345 -0.0185591
28.7994 37.5919 40.5013 -0.261678 0.965128 -0.00719911
27.8018 37.3083 39.4368 -0.262784 0.964744 -0.0146152
26.7076 36.9818 38.2677 -0.272298 0.961741 -0.0301347
25.7077 36.6645 37.2005 -0.276894 0.960435 -0.0299055
24.5816 36.3009 36.0089 -0.277888 0.960095 -0.0315674
23.4564 35.936 34.8214 -0.277988 0.960063 -0.0316527
22.4444 35.6014 33.7555 -0.276065 0.960316 -0.0397683
21.6612 35.3478 32.933 -0.269969 0.962213 -0.0355361
21.928 35.4807 34.4912 -0.282577 0.95893 -0.0245547
23.0074 35.8302 35.6301 -0.2787 0.959939 -0.0290484
24.413 36.2885 37.1177 -0.279259 0.959699 -0.0315
25.527 36.6377 38.2998 -0.28823 0.957386 -0.0183436
26.6542 36.9938 39.5096 -0.269444 0.962969 -0.00946401
27.9896 37.3737 40.9354 -0.263531 0.964629 -0.00654085
28.6724 37.5654 41.6665 -0.263708 0.964579 -0.00679915
27.4511 37.2299 41.6583 -0.274742 0.961513 0.00313669
26.2936 36.8938 40.4181 -0.273741 0.961795 -0.00398603
25.2103 36.5634 39.2568 -0.292204 0.956253 -0.0140448
23.9574 36.1678 37.9219 -0.282696 0.959103 -0.0143015
22.7495 35.7844 36.6406 -0.289069 0.957136 -0.0181633
21.6995 35.4377 35.5266 -0.289005 0.956961 -0.0265003
21.4627 35.3606 35.2759 -0.282557 0.959026 -0.0207425
21.5158 35.4078 36.6104 -0.291326 0.956482 -0.0164873
22.5394 35.7397 37.7009 -0.292403 0.956131 -0.0177012
23.6362 36.0864 38.8693 -0.285644 0.958296 -0.00867141
24.8397 36.4561 40.1544 -0.291133 0.95666 -0.00652172
25.1759 36.5609 40.5154 -0.291133 0.95666 -0.00652171
23.3563 36.0119 39.8606 -0.284901 0.958532 -0.00694302
22.3599 35.7027 38.7947 -0.289734 0.957064 -0.00908811
21.3566 35.3787 37.7203 -0.289414 0.957099 -0.0141805
20.8218 35.2248 38.4299 -0.290137 0.956921 -0.0111106
21.4464 35.4273 39.1004 -0.294343 0.95563 -0.0115737
-4.9579 32.1018 -10.5936 -0.113079 0.993586 -0.000604044
-5.46744 32.046 -11.1181 -0.109463 0.992474 0.0548929
-5.33058 32.0339 -9.69845 -0.168291 0.985575 0.0178985
-6.63425 31.8638 -11.0549 -0.152231 0.987515 0.0404947
-7.87348 31.7757 -12.3339 -0.176311 0.979108 0.101301
-9.13319 31.7102 -13.6266 -0.165948 0.976359 0.138508
-9.22995 31.7071 -13.7252 -0.171352 0.975641 0.136976
-31.6256 32.0712 -37.3098 -0.198419 0.972161 0.124631
-31.7256 32.064 -37.4123 -0.198421 0.972161 0.124632
-30.752 31.9389 -35.1763 -0.200078 0.967438 0.155024
-32.5414 31.8384 -37.001 -0.200841 0.970903 0.130426
-34.3228 31.6952 -38.8308 -0.203811 0.97226 0.114768
-36.6105 31.3508 -39.9297 -0.196455 0.97473 0.106333
-34.5277 31.5177 -37.7931 -0.20728 0.969747 0.128943
-32.4373 31.6639 -35.652 -0.201014 0.967749 0.151841
-30.608 31.7397 -33.7954 -0.200895 0.966533 0.15955
-29.7846 31.7723 -32.9598 -0.202187 0.965827 0.162167
-15.0132 31.5226 -18.2951 -0.184729 0.957391 0.221986
-14.1272 31.4833 -17.4242 -0.187114 0.957966 0.217461
-12.9207 31.4621 -16.2221 -0.181821 0.961342 0.20679
-12.0023 31.4551 -15.3018 -0.193742 0.961294 0.195904
-11.1357 31.4548 -14.4306 -0.202944 0.963627 0.173886
-10.1139 31.4941 -13.3874 -0.201527 0.965728 0.163577
-9.32036 31.5343 -12.5733 -0.205214 0.971185 0.121188
-8.40206 31.5973 -11.6243 -0.19174 0.973971 0.120898
-7.55597 31.6866 -10.7425 -0.204588 0.976274 0.0709395
-6.70986 31.7889 -9.85955 -0.195412 0.979255 0.0536127
-5.70906 31.953 -8.81092 -0.183988 0.982578 0.0262399
-5.63855 31.9638 -8.73747 -0.168207 0.985751 0.00143103
-5.9696 31.8911 -7.79741 -0.198989 0.979981 0.00640738
-6.80099 31.7278 -8.67593 -0.198409 0.979898 0.020825
-7.67091 31.5806 -9.59451 -0.224576 0.972881 0.0553916
-8.66373 31.4418 -10.6379 -0.203464 0.975464 0.0840981
-9.60135 31.3506 -11.6147 -0.218649 0.968216 0.121455
-10.379 31.2872 -12.422 -0.200457 0.969385 0.141812
-11.3519 31.236 -13.42 -0.211987 0.963547 0.163213
-12.1452 31.2126 -14.2264 -0.193859 0.963519 0.184524
-13.1603 31.2022 -15.2504 -0.207512 0.957627 0.199724
-14.0026 31.2119 -16.0915 -0.195481 0.95786 0.210455
-14.998 31.2409 -17.0773 -0.178547 0.95864 0.221655
-15.948 31.2721 -18.0158 -0.19433 0.952714 0.233608
-17.0558 31.3129 -19.108 -0.192288 0.953305 0.232882
-17.8618 31.342 -19.9025 -0.186233 0.954577 0.232593
-18.84 31.393 -20.8587 -0.193516 0.951606 0.238742
-19.318 31.409 -21.3296 -0.196518 0.953229 0.229641
-22.2456 31.2221 -23.0123 -0.20175 0.951906 0.23059
-21.1932 31.1925 -21.9731 -0.194176 0.952952 0.232762
-20.3889 31.1558 -21.1852 -0.187043 0.953706 0.2355
-19.3284 31.1142 -20.1432 -0.193516 0.951606 0.238743
-18.2788 31.0638 -19.1162 -0.201766 0.949365 0.240824
-17.2351 31.0258 -18.0881 -0.202423 0.949131 0.241198
-16.1914 30.9861 -17.0606 -0.19791 0.952235 0.232552
-15.1577 30.9556 -16.0376 -0.206822 0.951192 0.229039
-14.2895 30.9493 -15.169 -0.214846 0.951752 0.21911
-13.0564 30.9571 -13.9284 -0.212014 0.958305 0.191576
-11.9456 30.9998 -12.7963 -0.222446 0.960776 0.165612
-11.102 31.047 -11.9301 -0.22416 0.964181 0.1418
-10.0573 31.1432 -10.8415 -0.22801 0.966864 0.114827
-9.15486 31.2613 -9.89088 -0.231973 0.967712 0.0985956
-8.36094 31.3886 -9.05052 -0.245195 0.967013 0.0690257
-7.55016 31.5415 -8.18865 -0.226557 0.973668 0.0253506
-6.70351 31.7221 -7.28679 -0.227325 0.973805 -0.00513964
-6.41792 31.7904 -6.98116 -0.227325 0.973805 -0.00514136
-6.99995 31.6422 -6.31148 -0.252623 0.967483 -0.0125804
-7.86507 31.4308 -7.24191 -0.248581 0.968506 0.0142448
-8.70232 31.2489 -8.13995 -0.247309 0.9681 0.0402636
-9.5224 31.0982 -9.01437 -0.251698 0.963867 0.0872312
-10.3677 30.9666 -9.91147 -0.251207 0.961012 0.115549
-11.2688 30.854 -10.8609 -0.241578 0.959315 0.146132
-12.0855 30.7784 -11.7117 -0.235505 0.959675 0.153495
-13.0779 30.7138 -12.7354 -0.222494 0.958201 0.179855
-13.9381 30.6899 -13.6075 -0.230263 0.953603 0.193958
-14.7254 30.6764 -14.4024 -0.214773 0.954162 0.208441
-15.5703 30.6809 -15.2479 -0.209224 0.952345 0.221957
-16.4706 30.6991 -16.1421 -0.20419 0.950018 0.23616
-17.5352 30.7336 -17.1922 -0.20284 0.948958 0.241525
-18.4209 30.7667 -18.0634 -0.202421 0.949131 0.241199
-18.5088 30.7699 -18.15 -0.201765 0.949365 0.240826
-17.3261 30.4247 -15.7953 -0.210723 0.947001 0.242455
-16.4322 30.4076 -14.9083 -0.215467 0.949247 0.229136
-15.3096 30.4095 -13.7831 -0.225871 0.951297 0.209802
-14.2556 30.4322 -12.7172 -0.230262 0.953604 0.193958
-13.3957 30.4769 -11.8353 -0.246868 0.954198 0.169006
-12.4856 30.551 -10.8907 -0.248097 0.956139 0.155715
-11.6638 30.6428 -10.0283 -0.258315 0.957776 0.126245
-10.7644 30.7771 -9.07294 -0.259278 0.961635 0.0896258
-9.86465 30.938 -8.11124 -0.254111 0.965468 0.0574317
-9.03783 31.1125 -7.22211 -0.266228 0.963293 0.0344924
-8.23809 31.3056 -6.35707 -0.271426 0.961911 0.0324861
-7.28074 31.5679 -5.31661 -0.27716 0.960788 0.00829493
-7.17948 31.5961 -5.20681 -0.277685 0.960668 -0.00291292
-7.56075 31.4897 -4.31908 -0.300382 0.953796 0.0066522
-8.30737 31.2631 -5.1394 -0.29291 0.955974 0.0178244
-9.27053 31.0005 -6.19194 -0.286154 0.957406 0.0385984
-10.2001 30.7832 -7.1993 -0.272417 0.960622 0.0547181
-11.0185 30.6171 -8.07995 -0.266817 0.961099 0.0713996
-11.8402 30.471 -8.96031 -0.262829 0.960284 0.0936792
-12.6162 30.3554 -9.78518 -0.257421 0.957653 0.128979
-13.4796 30.2588 -10.6917 -0.25304 0.954369 0.158588
-14.4574 30.1791 -11.7075 -0.250507 0.951084 0.180792
-15.4515 30.1395 -12.7215 -0.233694 0.949759 0.208192
-16.7043 30.1226 -13.9837 -0.220682 0.95033 0.219482
-16.7923 29.8508 -12.8689 -0.228122 0.949476 0.215534
-15.9894 29.8639 -12.0587 -0.239246 0.949962 0.200835
-15.1163 29.9043 -11.1644 -0.248389 0.951075 0.183735
-14.3138 29.972 -10.3301 -0.26729 0.950112 0.160759
-13.3377 30.0938 -9.2994 -0.277768 0.952209 0.127057
-12.308 30.2584 -8.2009 -0.274668 0.957062 0.092677
-11.3335 30.4496 -7.15105 -0.282701 0.956337 0.0741656
-10.5558 30.6252 -6.30777 -0.288053 0.955469 0.0640618
-9.65984 30.8542 -5.32879 -0.300194 0.953003 0.0408392
-8.79134 31.1031 -4.37284 -0.309789 0.950501 0.0240419
-8.00952 31.348 -3.50685 -0.319069 0.947694 0.00840103
-7.88472 31.3888 -3.36825 -0.319069 0.947694 0.00840276
-8.26491 31.256 -2.48257 -0.31898 0.947758 0.00263215
-9.12904 30.9759 -3.44678 -0.323773 0.945831 0.0239826
-9.92114 30.7367 -4.32536 -0.313374 0.948941 0.0361631
-10.7049 30.5195 -5.18862 -0.304446 0.951279 0.0487977
-11.463 30.3282 -6.01824 -0.299971 0.951991 0.0610722
-12.2522 30.1522 -6.87597 -0.288449 0.953892 0.0829895
-13.2002 29.967 -7.89916 -0.28494 0.953271 0.100416
-14.1217 29.81 -8.88695 -0.277766 0.95221 0.127055
-14.9315 29.7015 -9.74521 -0.263729 0.953273 0.147371
-15.7648 29.6284 -10.6127 -0.243253 0.951926 0.186182
-16.7697 29.5795 -11.6433 -0.258499 0.946148 0.19489
-16.9714 29.5722 -11.8489 -0.245179 0.94404 0.220623
-17.2237 29.3002 -10.8987 -0.26537 0.944715 0.192596
-16.3944 29.3538 -10.0426 -0.252844 0.951162 0.177091
-15.5426 29.4415 -9.15006 -0.262679 0.951725 0.158803
-14.7402 29.5516 -8.29912 -0.283326 0.951412 0.120589
-13.9202 29.7009 -7.41564 -0.28494 0.953271 0.100416
-13.0775 29.8685 -6.50323 -0.297217 0.95084 0.0869756
-12.2117 30.0613 -5.56015 -0.300877 0.951186 0.0686901
-11.4122 30.2662 -4.68199 -0.309096 0.949539 0.0532436
-10.6343 30.482 -3.82279 -0.30968 0.950095 0.0376464
-9.88935 30.7042 -2.99501 -0.319181 0.947337 0.0260054
-9.15758 30.9383 -2.17655 -0.328403 0.9444 0.0161116
-8.47322 31.163 -1.4092 -0.341131 0.939931 0.0126463
-8.44405 31.1404 -0.0647801 -0.353187 0.935214 0.0251776
-9.28136 30.8617 -1.01144 -0.342782 0.93879 0.0342552
-10.075 30.6061 -1.90311 -0.330581 0.943321 0.0293462
-11.0416 30.3081 -2.98312 -0.320644 0.946317 0.0408766
-11.9556 30.0524 -3.99644 -0.318539 0.946334 0.0546352
-12.698 29.8583 -4.81518 -0.308957 0.948852 0.0650025
-13.4446 29.6806 -5.63328 -0.301828 0.950181 0.0778222
-14.2458 29.5068 -6.50637 -0.30238 0.948339 0.0960185
-15.1063 29.3391 -7.43856 -0.295343 0.949104 0.109427
-16.0303 29.1914 -8.42725 -0.27705 0.950696 0.139357
-16.7955 29.097 -9.23583 -0.262387 0.950056 0.168959
-17.5649 29.03 -10.0364 -0.264339 0.945477 0.19026
-17.9343 28.7684 -9.19821 -0.272613 0.946964 0.170121
-17.0709 28.8656 -8.29027 -0.280852 0.947937 0.150124
-16.2767 28.9818 -7.44375 -0.292524 0.947422 0.129699
-15.4495 29.129 -6.55224 -0.297486 0.948409 0.109649
-14.6249 29.2988 -5.65513 -0.307446 0.947375 0.0892066
-13.7387 29.5086 -4.68188 -0.309047 0.948604 0.0681156
-12.9484 29.7082 -3.81048 -0.315263 0.946966 0.0621711
-12.2067 29.911 -2.98858 -0.325212 0.944172 0.0526965
-11.4003 30.1441 -2.09006 -0.335129 0.941118 0.044554
-10.5212 30.4157 -1.10429 -0.338035 0.940415 0.0367608
-9.66249 30.6918 -0.13507 -0.349992 0.935893 0.0401257
-8.7012 31.0052 0.954789 -0.358044 0.932624 0.0449055
-8.45347 31.0867 1.23617 -0.358044 0.932624 0.0449054
-9.27437 30.759 1.61066 -0.351781 0.934941 0.0462081
-9.99432 30.527 0.793011 -0.349581 0.935923 0.0429174
-10.838 30.2576 -0.162276 -0.343773 0.938115 0.0419572
-11.8234 29.9532 -1.27118 -0.338088 0.939844 0.0488902
-12.6421 29.7133 -2.18629 -0.332248 0.941653 0.0538641
-13.4068 29.5004 -3.03657 -0.325461 0.943293 0.065365
-14.1546 29.3069 -3.86345 -0.31738 0.945703 0.0701134
-15.0887 29.0797 -4.89254 -0.315338 0.94549 0.0813092
-15.9689 28.8849 -5.8559 -0.306373 0.946301 0.103197
-16.8429 28.7233 -6.80057 -0.290929 0.948817 0.122907
-17.6361 28.6024 -7.64752 -0.282001 0.949164 0.139866
-18.4496 28.4973 -8.50992 -0.273083 0.949532 0.154319
-19.0104 28.2317 -7.86547 -0.275094 0.947943 0.160398
-18.1593 28.3425 -6.96261 -0.28991 0.945679 0.147116
-17.2787 28.4836 -6.01876 -0.301069 0.945987 0.120276
-16.3023 28.6842 -4.95474 -0.310485 0.94613 0.091855
-15.416 28.8902 -3.98042 -0.316836 0.944783 0.0836623
-14.4765 29.1279 -2.94142 -0.32538 0.942895 0.0712473
-13.7323 29.328 -2.1149 -0.33266 0.940612 0.067717
-12.9991 29.5339 -1.29682 -0.340106 0.938503 0.0595019
-12.2059 29.7677 -0.407357 -0.343797 0.937387 0.0557559
-11.4072 30.0131 0.493099 -0.348928 0.935885 0.0486714
-10.6688 30.2445 1.32853 -0.352323 0.934584 0.049212
-10.3988 30.3314 1.63516 -0.355081 0.933547 0.0490766
-11.7637 29.8264 1.38566 -0.353723 0.933589 0.057373
-12.5461 29.5883 0.502655 -0.353595 0.933278 0.062951
-13.4013 29.3343 -0.45953 -0.3462 0.936049 0.0629084
-14.1931 29.1089 -1.34571 -0.337176 0.938849 0.0698255
-14.9386 28.9061 -2.17611 -0.329689 0.941129 0.0747133
-15.7096 28.7071 -3.03165 -0.327237 0.941645 0.0788689
-16.5947 28.4934 -4.00839 -0.32179 0.942145 0.0938877
-17.5195 28.2917 -5.02131 -0.309384 0.944957 0.106484
-18.3073 28.1406 -5.87686 -0.298872 0.94596 0.12584
-19.16 28.0081 -6.79109 -0.29142 0.945232 0.147008
-19.4208 27.971 -7.06933 -0.284725 0.9457 0.156792
-20.4274 27.6414 -6.90205 -0.283151 0.944351 0.167414
-19.6381 27.7483 -6.06157 -0.295021 0.94429 0.145874
-18.8217 27.8835 -5.18246 -0.305667 0.943546 0.127628
-17.9651 28.055 -4.24873 -0.313785 0.943215 0.109015
-17.2184 28.2226 -3.42805 -0.319846 0.942307 0.0987745
-16.4715 28.4013 -2.60299 -0.333928 0.938962 0.0827142
-15.6575 28.6123 -1.69795 -0.335911 0.938565 0.0791219
-14.8438 28.8321 -0.790397 -0.343772 0.936165 0.0735922
-14.0876 29.047 0.0567075 -0.344358 0.936686 0.0635319
-13.2215 29.2988 1.0307 -0.349434 0.934677 0.0653797
-12.6863 29.4592 1.63506 -0.356681 0.932004 0.0644065
-13.8167 29.0293 1.64716 -0.35467 0.93258 0.0671113
-14.6895 28.7729 0.663443 -0.351889 0.933151 0.0735137
-15.4749 28.5522 -0.216548 -0.345911 0.934707 0.0816611
-16.3893 28.3067 -1.23761 -0.34135 0.936308 0.0825099
-17.1894 28.102 -2.12789 -0.336052 0.937149 0.093916
-18.1765 27.87 -3.2181 -0.32642 0.939405 0.104727
-18.9636 27.6981 -4.08291 -0.321937 0.940133 0.111831
-19.8097 27.535 -5.00376 -0.315959 0.939809 0.130113
-20.6676 27.3998 -5.9254 -0.30433 0.940745 0.149604
-21.1804 27.3324 -6.47101 -0.294745 0.94085 0.16711
-21.8787 27.0243 -5.985 -0.300509 0.938736 0.16873
-21.0856 27.1375 -5.13711 -0.307695 0.939672 0.149468
-20.2527 27.2814 -4.23616 -0.314637 0.940878 0.125504
-19.4972 27.4327 -3.41059 -0.325714 0.938551 0.114159
-18.5176 27.6498 -2.33205 -0.32995 0.937909 0.107054
-17.5388 27.8896 -1.24519 -0.341423 0.934996 0.0959806
-16.7801 28.0854 -0.399024 -0.344648 0.934498 0.089056
-15.7786 28.3554 0.721161 -0.35335 0.931615 0.0850767
-14.994 28.5779 1.60269 -0.357021 0.930816 0.0782091
-14.615 28.6895 2.03088 -0.358814 0.930385 0.075071
-15.718 28.2582 2.06886 -0.361432 0.928432 0.0859136
-16.4808 28.0444 1.21091 -0.353349 0.931615 0.0850777
-17.2265 27.8422 0.374667 -0.352535 0.931566 0.0889059
-18.206 27.591 -0.718051 -0.345856 0.932694 0.102305
-19.0721 27.3786 -1.6813 -0.337762 0.935212 0.106282
-20.05 27.1606 -2.75962 -0.328663 0.937215 0.116653
-20.8078 27.0052 -3.59003 -0.321885 0.93812 0.127755
-21.6437 26.8516 -4.49843 -0.310555 0.939812 0.142513
-22.5004 26.7225 -5.41825 -0.301232 0.93822 0.170301
-22.5908 26.7109 -5.51445 -0.301267 0.938209 0.170301
-23.6203 26.3611 -5.37865 -0.289763 0.938554 0.187493
-22.7503 26.4749 -4.45175 -0.317612 0.93728 0.143625
-21.9305 26.6187 -3.56287 -0.317943 0.938483 0.134769
-20.9561 26.8078 -2.49925 -0.323995 0.937541 0.126664
-20.1989 26.9711 -1.66554 -0.339673 0.933926 0.111372
-19.236 27.1986 -0.596993 -0.34426 0.932907 0.105689
-18.452 27.3941 0.276603 -0.350595 0.931211 0.0996438
-17.6778 27.5947 1.14288 -0.356463 0.929337 0.0962683
-16.8081 27.8314 2.11988 -0.359956 0.928671 0.0894521
-16.4827 27.9222 2.48648 -0.359636 0.928797 0.089428
-17.5108 27.5082 2.60444 -0.362808 0.926934 0.0957332
-18.2636 27.3049 1.75713 -0.359707 0.92745 0.102215
-19.0211 27.1077 0.908197 -0.353581 0.929635 0.103726
-19.7597 26.9241 0.0840036 -0.347588 0.931128 0.110381
-20.6001 26.7259 -0.848961 -0.342646 0.932457 0.114533
-21.4815 26.531 -1.82207 -0.33146 0.935172 0.124852
-22.3587 26.358 -2.78181 -0.326749 0.934984 0.137987
-23.187 26.2083 -3.68196 -0.318047 0.936889 0.145209
-24.0497 26.0748 -4.61004 -0.317372 0.930763 0.181536
-24.3744 26.0358 -4.95437 -0.3012 0.933292 0.195564
-25.2199 25.709 -4.62166 -0.278259 0.940794 0.193593
-24.4414 25.8056 -3.79567 -0.311531 0.937789 0.153301
-23.6286 25.9385 -2.91834 -0.32043 0.936456 0.142743
-22.7017 26.1088 -1.90946 -0.326524 0.934995 0.138441
-21.6992 26.32 -0.805844 -0.340568 0.932292 0.121843
-20.8558 26.5105 0.127591 -0.343108 0.931952 0.11723
-19.9855 26.7185 1.09591 -0.353209 0.928821 0.111956
-19.0967 26.9447 2.09174 -0.360089 0.927297 0.102255
-18.2292 27.1767 3.0686 -0.36598 0.925152 0.100756
-19.3022 26.7451 3.13067 -0.364294 0.925443 0.10414
-20.2471 26.5032 2.06893 -0.357002 0.927322 0.112355
-21.108 26.2934 1.10771 -0.351713 0.92897 0.115381
-21.9145 26.1072 0.212539 -0.343302 0.93146 0.12052
-22.8232 25.9092 -0.790741 -0.33713 0.93272 0.127975
-23.7719 25.723 -1.82927 -0.326696 0.934511 0.141275
-24.7705 25.5505 -2.91173 -0.313114 0.937261 0.153302
-25.7656 25.4182 -3.97168 -0.29378 0.940667 0.16982
-25.7762 25.4171 -3.98283 -0.274275 0.942745 0.189752
-26.7258 25.0891 -3.75559 -0.285974 0.938647 0.19277
-25.8977 25.1763 -2.88426 -0.295254 0.938891 0.176941
-24.9495 25.318 -1.86636 -0.324688 0.933907 0.149651
-24.1882 25.4578 -1.03716 -0.326696 0.934512 0.141271
-23.2594 25.6455 -0.0175047 -0.334434 0.933675 0.128085
-22.5109 25.807 0.80888 -0.34227 0.930823 0.128137
-21.7369 25.9844 1.66818 -0.353288 0.927612 0.12134
-20.8797 26.1919 2.62527 -0.357916 0.926611 0.115271
-20.0778 26.3933 3.52635 -0.364727 0.924743 0.108746
-19.8505 26.4541 3.78325 -0.3663 0.924528 0.105228
-20.6738 26.0879 4.12313 -0.367677 0.923765 0.10711
-21.4817 25.8846 3.21465 -0.356799 0.926725 0.117796
-22.2159 25.707 2.39433 -0.353287 0.927612 0.121342
-23.2283 25.4767 1.26973 -0.347338 0.928686 0.129998
-24.1282 25.2859 0.277009 -0.339882 0.930564 0.136126
-25.111 25.0949 -0.798932 -0.330478 0.932492 0.145752
-26.0513 24.931 -1.81963 -0.327204 0.931839 0.156886
-26.8981 24.8193 -2.72167 -0.296455 0.936259 0.188502
-27.4108 24.7733 -3.25725 -0.294896 0.934485 0.199435
-27.8182 24.4793 -2.47009 -0.293647 0.936379 0.192266
-26.8429 24.5937 -1.43828 -0.309313 0.935043 0.173264
-26.0193 24.7279 -0.548364 -0.332432 0.930742 0.152341
-25.0455 24.9158 0.517918 -0.338588 0.930222 0.141582
-24.2591 25.0761 1.38297 -0.344163 0.929182 0.134808
-23.4476 25.253 2.28138 -0.350164 0.927704 0.129428
-22.6874 25.4285 3.12827 -0.356703 0.926165 0.1224
-21.9011 25.6206 4.00803 -0.362623 0.924562 0.117003
-21.3277 25.767 4.65437 -0.367651 0.922842 0.11487
-22.0181 25.4327 5.14229 -0.365855 0.923411 0.116029
-22.8162 25.2345 4.24607 -0.359147 0.925679 0.118874
-23.74 25.0145 3.21397 -0.354541 0.92673 0.124384
-24.4861 24.8466 2.38368 -0.348313 0.927914 0.132868
-25.543 24.6278 1.21887 -0.338879 0.930214 0.140936
-26.3873 24.4641 0.293524 -0.334202 0.931633 0.142719
-27.2514 24.3157 -0.643807 -0.315866 0.934799 0.162415
-28.2704 24.1839 -1.72816 -0.295331 0.936754 0.187806
-28.7604 24.1349 -2.24247 -0.28591 0.936607 0.202542
-29.5712 23.8111 -1.87297 -0.278266 0.935764 0.216594
-28.6892 23.9001 -0.946611 -0.298394 0.936511 0.18414
-27.8183 24.0178 -0.0172795 -0.309676 0.93666 0.163611
-26.9999 24.1557 0.869369 -0.334564 0.931068 0.145532
-26.1363 24.3209 1.81517 -0.339635 0.929899 0.141197
-25.3897 24.4731 2.63741 -0.346101 0.928314 0.135823
-24.5724 24.6518 3.54408 -0.350598 0.927715 0.128164
-23.8116 24.8286 4.39416 -0.36045 0.924735 0.122235
-22.9153 25.0464 5.3981 -0.362024 0.924659 0.118089
-23.406 24.7623 6.11145 -0.364055 0.92386 0.118096
-24.1535 24.5793 5.27226 -0.36045 0.924734 0.122238
-25.0044 24.379 4.32006 -0.354429 0.925993 0.130062
-25.8367 24.1959 3.3957 -0.346061 0.928445 0.135028
-26.7503 24.0085 2.38865 -0.342529 0.928691 0.142148
-27.6048 23.847 1.45322 -0.328457 0.932394 0.150853
-28.5303 23.6976 0.453088 -0.316929 0.933254 0.169094
-29.3529 23.5849 -0.425411 -0.301705 0.93663 0.178043
-30.1651 23.5012 -1.27915 -0.295737 0.933576 0.202425
-30.8977 23.1755 -0.831889 -0.282132 0.938325 0.199868
-29.9136 23.2788 0.203212 -0.310359 0.933195 0.181175
-29.0299 23.3992 1.14685 -0.318711 0.931942 0.17294
-28.2292 23.5297 2.01326 -0.33825 0.927577 0.158709
-27.4773 23.6719 2.83704 -0.341831 0.927875 0.148996
-26.69 23.8311 3.70416 -0.3451 0.928362 0.138022
-25.9515 23.9872 4.52064 -0.352568 0.926106 0.134253
-25.2106 24.1573 5.3477 -0.360579 0.924192 0.125902
-24.2792 24.3804 6.39236 -0.367646 0.921777 0.123143
-24.2068 24.3984 6.47385 -0.367501 0.922066 0.121396
-24.9906 24.0365 6.85375 -0.368135 0.921992 0.120034
-25.7332 23.8595 6.02097 -0.35912 0.924213 0.129857
-26.486 23.688 5.18086 -0.352568 0.926106 0.134253
-27.243 23.5294 4.34414 -0.346204 0.927813 0.138948
-27.9969 23.3745 3.51237 -0.340907 0.92874 0.145685
-28.8193 23.2161 2.60962 -0.332502 0.93112 0.149861
-29.7204 23.0726 1.63631 -0.319633 0.932331 0.169095
-30.6894 22.9469 0.604611 -0.302649 0.936152 0.178951
-31.5205 22.8676 -0.265625 -0.282134 0.938325 0.199868
-32.025 22.5758 0.427449 -0.265376 0.943132 0.200197
-31.2377 22.6459 1.24917 -0.296355 0.936802 0.185943
-30.3585 22.7604 2.18581 -0.312225 0.935201 0.167077
-29.5277 22.8902 3.08188 -0.328901 0.931747 0.153855
-28.6426 23.0561 4.05093 -0.339081 0.929983 0.141973
-27.7475 23.2371 5.03744 -0.346193 0.927681 0.139851
-26.9459 23.4072 5.92538 -0.348927 0.92749 0.134209
-26.2061 23.5754 6.75074 -0.358687 0.92487 0.12633
-25.5629 23.7296 7.47277 -0.361978 0.924943 0.115989
-26.0173 23.4556 8.22644 -0.364927 0.923074 0.121507
-26.8166 23.2621 7.32806 -0.354141 0.926725 0.12556
-27.7442 23.0538 6.29446 -0.348602 0.927649 0.133953
-28.5921 22.8754 5.35575 -0.344932 0.927796 0.142185
-29.3686 22.721 4.50084 -0.341233 0.928906 0.143851
-30.2694 22.5569 3.51714 -0.330637 0.931282 0.152948
-31.0963 22.4327 2.62784 -0.311961 0.934489 0.171497
-32.0686 22.3221 1.60028 -0.280862 0.940105 0.193181
-32.7775 22.264 0.862883 -0.279211 0.937521 0.207594
-33.2827 21.9695 1.55424 -0.282503 0.938926 0.196493
-32.5122 22.0379 2.3586 -0.280594 0.942106 0.183585
-31.5867 22.1454 3.33759 -0.304537 0.938205 0.164403
-30.7618 22.2645 4.2224 -0.322828 0.933061 0.15868
-29.7742 22.4481 5.3033 -0.337146 0.930431 0.143635
-28.9487 22.612 6.21216 -0.344883 0.927921 0.141485
-28.0715 22.8008 7.18558 -0.352261 0.926627 0.131434
-27.2549 22.9885 8.09765 -0.358224 0.92473 0.128646
-26.6244 23.1394 8.80604 -0.366521 0.921852 0.1259
-27.4523 22.768 9.13631 -0.359735 0.925245 0.120466
-28.2223 22.5892 8.27434 -0.358224 0.924731 0.128642
-29.035 22.4081 7.36922 -0.352934 0.926328 0.131733
-29.9777 22.2131 6.32731 -0.340756 0.929061 0.143982
-30.75 22.0667 5.4803 -0.335645 0.929866 0.150636
-31.6453 21.912 4.50639 -0.32077 0.93321 0.161945
-32.607 21.7838 3.48065 -0.302296 0.9359 0.180853
-33.4333 21.6969 2.61112 -0.290384 0.936305 0.19751
-33.8175 21.6674 2.21217 -0.283335 0.937206 0.203388
-34.5145 21.3537 2.70242 -0.279003 0.939563 0.19844
-33.5851 21.4373 3.67353 -0.289411 0.939339 0.184076
-32.7883 21.5315 4.51732 -0.306326 0.936757 0.169263
-31.8549 21.6664 5.51848 -0.319782 0.933893 0.159946
-31.0503 21.8133 6.39798 -0.33636 0.9308 0.143083
-30.2613 21.9682 7.26592 -0.341277 0.929773 0.13803
-29.3349 22.1624 8.29146 -0.353105 0.926177 0.132337
-28.4864 22.3574 9.24021 -0.356198 0.926045 0.124754
-27.9321 22.4902 9.86261 -0.358586 0.92648 0.114243
-28.423 22.2104 10.5763 -0.364018 0.924679 0.111624
-29.2576 22.004 9.63582 -0.356953 0.925449 0.127001
-30.1973 21.7946 8.58895 -0.349863 0.927376 0.132553
-31.2127 21.5901 7.46901 -0.340409 0.929208 0.143857
-32.027 21.4361 6.57613 -0.333176 0.931649 0.144995
-32.784 21.3126 5.7566 -0.312936 0.935854 0.16201
-33.5529 21.2085 4.9357 -0.302247 0.938253 0.168309
-34.4014 21.1144 4.04013 -0.294277 0.937902 0.183687
-34.9534 21.0632 3.46247 -0.286281 0.937557 0.197558
-35.5779 20.7536 4.02717 -0.279392 0.939944 0.196073
-34.7505 20.8334 4.89464 -0.299717 0.93571 0.186053
-33.9816 20.9286 5.71149 -0.312946 0.933944 0.172666
-33.0208 21.0627 6.73965 -0.312029 0.935261 0.167104
-32.2537 21.1943 7.57348 -0.332329 0.931177 0.149888
-31.5107 21.3387 8.39038 -0.341683 0.929249 0.140533
-30.5814 21.5317 9.4184 -0.348021 0.928762 0.127604
-29.7918 21.7125 10.3003 -0.350549 0.928578 0.121893
-28.879 21.9398 11.3294 -0.364313 0.924911 0.108702
-29.4874 21.6338 11.9119 -0.368828 0.923135 0.10857
-30.3512 21.4161 10.9369 -0.354366 0.926868 0.123854
-31.317 21.1955 9.85851 -0.349928 0.928223 0.126302
-32.3678 20.9797 8.69758 -0.337573 0.93102 0.138731
-33.1807 20.8287 7.8078 -0.327414 0.933397 0.14687
-34.0065 20.7018 6.91788 -0.31239 0.935123 0.167205
-34.8263 20.5858 6.03947 -0.3098 0.935989 0.167176
-35.6606 20.4928 5.1584 -0.294617 0.937629 0.184532
-35.7811 20.4816 5.03228 -0.280199 0.939054 0.199163
-36.3086 20.1895 5.70316 -0.267095 0.946078 0.183292
-35.5163 20.2708 6.53598 -0.300747 0.937766 0.173627
-34.736 20.3768 7.37009 -0.313902 0.934661 0.166955
-33.9746 20.493 8.19043 -0.317688 0.935808 0.152765
-33.1944 20.631 9.04072 -0.333342 0.932649 0.13802
-32.3254 20.8047 9.99817 -0.341168 0.930766 0.131453
-31.4701 20.99 10.9478 -0.348671 0.928834 0.125285
-30.7062 21.1693 11.803 -0.355415 0.927549 0.115471
-29.8716 21.3817 12.7461 -0.36888 0.922928 0.110147
-30.3081 21.1122 13.5194 -0.373275 0.920855 0.112654
-31.1263 20.903 12.5943 -0.361575 0.924503 0.120651
-31.9214 20.7172 11.7047 -0.348806 0.928437 0.127821
-32.716 20.5434 10.8217 -0.34771 0.927921 0.13439
-33.4554 20.3929 10.0058 -0.335664 0.931165 0.142339
-34.2888 20.238 9.09373 -0.327364 0.932872 0.150274
-35.19 20.0925 8.11853 -0.317806 0.934939 0.157759
-36.0582 19.9805 7.19351 -0.296701 0.940126 0.167727
-36.8837 19.9057 6.33067 -0.276813 0.943797 0.180615
-36.904 19.9041 6.30963 -0.256317 0.947581 0.190765
-37.1208 19.6491 7.30991 -0.267584 0.946011 0.182928
-36.2904 19.7258 8.17916 -0.290113 0.94099 0.174278
-35.5125 19.8323 9.01107 -0.31701 0.935641 0.15518
-34.6972 19.9692 9.89577 -0.322609 0.93545 0.144418
-33.7418 20.1464 10.9411 -0.330971 0.932763 0.142867
-32.7775 20.3465 12.0073 -0.351333 0.926604 0.134055
-31.9557 20.535 12.9248 -0.35844 0.925347 0.123509
-31.1915 20.7247 13.7853 -0.366748 0.923888 0.109209
-30.8427 20.8201 14.1827 -0.371977 0.92228 0.105039
-31.2005 20.5812 15.05 -0.383461 0.91694 0.110358
-32.0541 20.3523 14.08 -0.358773 0.926638 0.112351
-33.0911 20.1026 12.9168 -0.349021 0.928566 0.12629
-33.8528 19.9352 12.0702 -0.340129 0.932012 0.125166
-34.6876 19.7766 11.1551 -0.334058 0.931441 0.144304
-35.5598 19.624 10.2047 -0.32377 0.934334 0.148974
-36.4817 19.4791 9.2098 -0.305314 0.940257 0.150664
-37.2445 19.3903 8.40231 -0.289648 0.941439 0.172616
-37.9077 19.3418 7.714 -0.268275 0.943672 0.193681
-38.2526 19.0706 8.57829 -0.267032 0.946155 0.182989
-37.4844 19.1429 9.38354 -0.281239 0.945567 0.163731
-36.5404 19.2681 10.3908 -0.304202 0.938764 0.161812
-35.7706 19.382 11.2191 -0.32808 0.934091 0.140844
-34.8332 19.5611 12.2475 -0.331152 0.933655 0.136482
-34.0326 19.725 13.1306 -0.340207 0.931473 0.128908
-33.2658 19.8995 13.9854 -0.351853 0.928608 0.11784
-32.4844 20.0886 14.8626 -0.361784 0.925714 0.110299
-31.7326 20.2822 15.7124 -0.369663 0.923511 0.102358
-32.6847 19.8856 15.9063 -0.363067 0.925249 0.109984
-33.5115 19.679 14.975 -0.352995 0.92839 0.11613
-34.4327 19.4679 13.9476 -0.343708 0.930992 0.122959
-35.3205 19.2841 12.9676 -0.333307 0.933394 0.132974
-36.077 19.1385 12.137 -0.316646 0.938435 0.138113
-36.9985 18.9901 11.1401 -0.295147 0.940885 0.166205
-37.8604 18.8854 10.2236 -0.283772 0.944692 0.164407
-38.6325 18.7999 9.40781 -0.281443 0.944633 0.168698
-39.0688 18.5321 10.1822 -0.276699 0.947117 0.162506
-38.0133 18.6528 11.3017 -0.285445 0.944608 0.16198
-37.094 18.7793 12.2867 -0.305523 0.941536 0.142005
-36.0513 18.9626 13.4222 -0.323765 0.935751 0.13981
-35.239 19.1254 14.3158 -0.332569 0.933991 0.130608
-34.4081 19.3114 15.2395 -0.345029 0.93153 0.114918
-36.1786 18.7595 14.5393 -0.3315 0.934177 0.131992
-36.973 18.6077 13.6699 -0.321783 0.936693 0.138061
-37.8389 18.4673 12.733 -0.305605 0.940017 0.15157
-38.8053 18.3413 11.7008 -0.29225 0.942268 0.163463
-39.494 18.2773 10.9758 -0.25722 0.952071 0.165527
-39.8446 18.0237 11.8461 -0.257128 0.950458 0.174687
-38.9995 18.1025 12.7374 -0.279245 0.947084 0.158287
-38.1825 18.2166 13.6135 -0.302545 0.943449 0.135536
-26.0915 31.5841 -28.0257 -0.196507 0.958125 0.208283
-27.2167 31.5873 -29.1493 -0.202367 0.958948 0.198663
-28.046 31.581 -29.981 -0.206202 0.95813 0.198666
-28.8334 31.5711 -30.7721 -0.199449 0.963017 0.181159
-29.5234 31.5598 -31.4665 -0.200166 0.962582 0.182674
-30.1965 31.5451 -32.1452 -0.207646 0.962824 0.172783
-30.8831 31.517 -32.8425 -0.208596 0.9637 0.166641
-31.6261 31.4967 -33.5929 -0.1984 0.965983 0.165875
-32.2882 31.4713 -34.2643 -0.199788 0.966746 0.159644
-33.1928 31.4333 -35.1824 -0.204495 0.967287 0.150126
-34.0377 31.3839 -36.0448 -0.211563 0.966556 0.144952
-35.0048 31.314 -37.0362 -0.207147 0.968055 0.141281
-35.6662 31.2697 -37.7121 -0.198088 0.971724 0.128503
-36.5019 31.2076 -38.5679 -0.199438 0.973013 0.116064
-37.3261 31.1446 -39.4117 -0.195298 0.973615 0.118035
-38.1388 31.0763 -40.2453 -0.195103 0.975449 0.102148
-38.6445 31.0296 -40.7649 -0.195916 0.975347 0.101568
-39.4546 30.8223 -40.3417 -0.19086 0.976626 0.0988697
-39.9828 30.776 -40.8831 -0.184987 0.977967 0.0967465
-22.9884 31.2464 -23.7441 -0.199029 0.950657 0.23799
-23.8273 31.2772 -24.5692 -0.201109 0.951307 0.233604
-24.7826 31.3013 -25.5139 -0.20282 0.951996 0.229275
-25.5911 31.3125 -26.3173 -0.206396 0.95354 0.219457
-26.8265 31.3261 -27.5466 -0.204914 0.955226 0.213434
-27.77 31.3312 -28.4877 -0.207918 0.956552 0.204398
-28.8568 31.3228 -29.5775 -0.2029 0.958889 0.198403
-29.6554 31.3204 -30.3769 -0.203003 0.95978 0.193941
-30.775 31.3014 -31.5036 -0.206687 0.961909 0.178918
-31.5506 31.2798 -32.2874 -0.20048 0.964271 0.173173
-32.4676 31.2544 -33.2137 -0.201752 0.963596 0.175437
-33.3943 31.2226 -34.1518 -0.20206 0.965955 0.161565
-34.225 31.1816 -34.9973 -0.210858 0.964525 0.158842
-34.9671 31.1352 -35.7558 -0.207147 0.968054 0.141283
-24.5111 31.0029 -24.0463 -0.199483 0.950585 0.237897
-25.607 31.0329 -25.1288 -0.202908 0.951986 0.22924
-26.4223 31.0461 -25.9381 -0.202679 0.954252 0.21983
-27.3625 31.0592 -26.8724 -0.205022 0.954305 0.217414
-28.2925 31.0649 -27.7996 -0.207507 0.955497 0.209679
-29.1317 31.0691 -28.6366 -0.201232 0.95707 0.208622
-30.1561 31.0697 -29.6605 -0.201299 0.959712 0.196041
-31.1205 31.0636 -30.6269 -0.203549 0.961094 0.186723
-31.3101 31.0585 -30.8185 -0.207298 0.961701 0.179328
