-24.2841 32.351 -26.8887 -0.198168 0.957696 0.208676
-23.6656 32.2956 -26.1103 -0.195186 0.954726 0.2245
-22.5446 32.2107 -24.8025 -0.188241 0.95573 0.226152
-21.8302 32.1731 -24.0557 -0.19182 0.952738 0.23557
-20.5688 32.2181 -23.2128 -0.189423 0.953805 0.233182
-19.4788 32.2286 -22.3534 -0.192114 0.953274 0.233147
-18.4957 32.2105 -21.5008 -0.184755 0.954655 0.23345
-17.4599 32.1993 -20.6836 -0.178076 0.953898 0.241577
-16.2052 32.2311 -19.8486 -0.176852 0.957146 0.229338
-15.0356 32.2655 -19.0814 -0.178301 0.956955 0.229012
-14.2194 32.269 -18.4625 -0.164111 0.961667 0.21969
-13.3087 32.2597 -17.7167 -0.169517 0.962237 0.212988
-12.0614 32.2994 -16.8496 -0.178112 0.963059 0.201975
-11.2816 32.2907 -16.1599 -0.164737 0.968761 0.185377
-10.4396 32.3217 -15.5794 -0.161217 0.969188 0.186234
-9.31181 32.3845 -14.8183 -0.17556 0.970823 0.163347
-8.47524 32.4294 -14.2601 -0.159165 0.977772 0.13642
-7.5389 32.4848 -13.5362 -0.146153 0.98094 0.127124
-6.72916 32.528 -12.9021 -0.128131 0.988079 0.0853371
-5.63369 32.5989 -12.0829 -0.108485 0.992689 0.0529055
-4.44185 32.6811 -11.1838 -0.108382 0.992698 0.0529488
-4.45103 32.6739 -10.0032 -0.122754 0.992246 0.00951934
-4.87768 32.6149 -9.07705 -0.168581 0.985581 0.0145076
-5.33737 32.5422 -8.1116 -0.188545 0.981774 -0.0109581
-5.8806 32.4366 -7.13274 -0.221955 0.974662 -0.0183508
-6.40009 32.3162 -6.21989 -0.248123 0.968406 -0.0192357
-6.92453 32.1837 -5.33686 -0.264431 0.964301 0.00267464
-7.45531 32.0386 -4.39639 -0.284795 0.958496 -0.00133067
-7.93345 31.8962 -3.32542 -0.303806 0.952655 -0.0010014
-8.31759 31.7657 -1.96337 -0.319706 0.947451 0.00659989
-8.47689 31.6964 -0.939621 -0.335642 0.941932 0.0103791
-8.49773 31.6659 0.0709613 -0.348393 0.937058 0.0233399
-8.32311 31.6919 1.23683 -0.357225 0.93318 0.0393133
-8.76032 31.4817 2.18079 -0.35855 0.931865 0.0553848
-10.1083 30.9755 2.22652 -0.349908 0.935556 0.04796
-11.1171 30.593 2.19929 -0.356209 0.93247 0.0600435
-12.2167 30.1666 2.32622 -0.357752 0.931858 0.0604553
-13.2703 29.7515 2.47878 -0.359832 0.930419 0.0695827
-14.2416 29.3617 2.63526 -0.363884 0.928851 0.0694563
-15.2077 28.9634 2.83857 -0.368046 0.926823 0.0744336
-16.1974 28.5488 3.09434 -0.368806 0.925254 0.0888132
-17.0758 28.1729 3.36651 -0.36816 0.925514 0.0887804
-18.2394 27.6581 3.83882 -0.370359 0.923951 0.095646
-19.0965 27.2729 4.21112 -0.372632 0.922591 0.0998551
-20.3637 26.6969 4.78181 -0.37301 0.921938 0.104378
-21.2491 26.2709 5.37855 -0.371659 0.922045 0.108178
-22.0289 25.8943 5.89099 -0.374758 0.920743 0.108572
-23.0088 25.4274 6.4895 -0.36692 0.92288 0.116882
-23.7607 25.0534 7.08099 -0.367704 0.922786 0.11515
-24.5026 24.6783 7.67736 -0.373775 0.920986 0.10988
-25.3272 24.2618 8.35526 -0.368023 0.92269 0.11489
-26.2 23.8003 9.21622 -0.371858 0.921516 0.111886
-27.146 23.3006 10.151 -0.376562 0.920155 0.107239
-27.8355 22.9325 10.9597 -0.369557 0.92265 0.110119
-28.4913 22.5731 11.767 -0.374849 0.921195 0.104308
-29.1302 22.2061 12.6771 -0.378358 0.919176 0.109349
-29.7027 21.8664 13.5345 -0.379778 0.918631 0.109012
-30.2478 21.527 14.5425 -0.376505 0.920893 0.100877
-30.758 21.2183 15.4795 -0.374563 0.921106 0.10597
-31.1689 20.9563 16.361 -0.37997 0.920217 0.093926
-31.9201 20.5927 16.9492 -0.377147 0.922262 0.0848137
-33.2167 20.1198 16.5266 -0.360661 0.927863 0.0948371
-34.4409 19.705 16.0287 -0.349629 0.930728 0.107263
-35.4701 19.3709 15.5725 -0.348887 0.9302 0.114039
-36.4938 19.0545 15.1416 -0.330923 0.936612 0.115098
-37.5115 18.7647 14.6679 -0.31715 0.939269 0.13111
-38.4526 18.4996 14.3233 -0.307148 0.941925 0.135772
-39.5345 18.2189 13.95 -0.276659 0.949929 0.145239
-40.4783 18.014 13.5539 -0.26784 0.950635 0.156703
-41.1278 18.0133 12.5411 -0.244397 0.952591 0.181222
-40.7585 18.2772 11.6567 -0.243147 0.952369 0.184042
-40.2283 18.6084 10.6596 -0.251482 0.951465 0.177243
-39.7613 18.8865 9.75561 -0.249493 0.954886 0.16108
-39.3288 19.1801 8.83222 -0.247067 0.945153 0.213643
-38.7561 19.5712 7.70854 -0.256509 0.947108 0.192167
-38.3463 19.8716 6.81799 -0.272537 0.942442 0.193717
-37.69 20.2671 5.77629 -0.26129 0.947273 0.185478
-37.0241 20.6363 4.86262 -0.245328 0.945753 0.212991
-36.4254 20.9902 4.02159 -0.254879 0.94003 0.226672
-35.7969 21.3737 3.13052 -0.263911 0.938624 0.222118
-35.1814 21.7363 2.32926 -0.263196 0.938924 0.221696
-34.3062 22.1972 1.37253 -0.266578 0.941494 0.206064
-33.5202 22.6071 0.581298 -0.274718 0.936365 0.218512
-32.8122 22.9786 -0.109662 -0.269529 0.935856 0.226913
-32.0781 23.3403 -0.797864 -0.251574 0.944733 0.210212
-31.3526 23.6873 -1.4064 -0.282349 0.933015 0.223073
-30.5846 24.044 -1.93584 -0.277873 0.935221 0.219429
-29.7386 24.4383 -2.5528 -0.277508 0.936426 0.214699
-28.9465 24.7992 -3.09682 -0.278487 0.934639 0.221123
-28.0744 25.2014 -3.7047 -0.276188 0.935465 0.220514
-27.1702 25.5995 -4.31127 -0.275218 0.938942 0.206501
-26.2559 25.9809 -4.83078 -0.277627 0.93933 0.201449
-25.3935 26.3291 -5.27986 -0.272909 0.940145 0.204021
-24.4479 26.7031 -5.7029 -0.280241 0.93648 0.210879
-23.4021 27.1065 -6.09882 -0.287779 0.938381 0.191375
-22.3591 27.5187 -6.56051 -0.284977 0.939319 0.190965
-21.5282 27.8582 -7.00253 -0.287873 0.939742 0.18443
-20.5698 28.2538 -7.57924 -0.280104 0.944586 0.171088
-19.6548 28.6579 -8.32979 -0.278929 0.946609 0.161646
-18.909 29.0343 -9.22552 -0.271575 0.944837 0.182911
-18.35 29.3594 -10.0395 -0.264631 0.941292 0.209421
-17.9631 29.6609 -10.9341 -0.256589 0.943614 0.209166
-17.6996 30.0121 -12.2022 -0.237859 0.948052 0.211124
-17.5879 30.2952 -13.286 -0.225591 0.947373 0.227141
-17.6464 30.5571 -14.385 -0.224606 0.943724 0.242771
-17.9416 30.7711 -15.4953 -0.206281 0.94697 0.246362
-18.5307 31.0056 -16.874 -0.204206 0.946176 0.2511
-19.0787 31.1401 -17.8202 -0.200161 0.947138 0.250695
-19.7855 31.2442 -18.7702 -0.197265 0.946787 0.254297
-20.7824 31.3341 -19.8827 -0.198973 0.945861 0.25643
-21.5726 31.3952 -20.7284 -0.199188 0.9474 0.25036
-22.6866 31.4179 -21.7355 -0.201502 0.948028 0.246249
-24.1083 31.3551 -22.6602 -0.200618 0.948791 0.244025
-25.1689 31.3211 -23.3956 -0.201532 0.948273 0.245274
-26.1261 31.2578 -23.9546 -0.203233 0.950365 0.235589
-26.9893 31.2192 -24.5469 -0.206397 0.95077 0.231165
-28.2353 31.1613 -25.413 -0.20393 0.951174 0.231689
-29.3003 31.19 -26.5137 -0.206753 0.953224 0.220495
-29.8706 31.2582 -27.3428 -0.201245 0.954577 0.219724
-30.4336 31.3383 -28.228 -0.198605 0.956752 0.21256
-31.1551 31.4942 -29.6335 -0.201432 0.957969 0.204258
-31.8119 31.5603 -30.6076 -0.206875 0.958268 0.197291
-32.4892 31.5952 -31.5335 -0.215267 0.958633 0.186231
-33.2195 31.6366 -32.5953 -0.206156 0.961844 0.179877
-33.8405 31.6534 -33.423 -0.213453 0.962113 0.169635
-34.7219 31.6544 -34.5476 -0.204616 0.965617 0.160362
-35.4983 31.6472 -35.4891 -0.203149 0.96653 0.156615
-36.2034 31.6211 -36.266 -0.20293 0.96732 0.152023
-36.9401 31.5724 -36.9684 -0.201711 0.969664 0.138017
-37.6927 31.5316 -37.8313 -0.207671 0.970519 0.122334
-38.5305 31.4883 -38.8713 -0.200633 0.972071 0.121722
-39.4227 31.4123 -39.7812 -0.193931 0.975364 0.104863
-40.3246 31.329 -40.6344 -0.186932 0.977046 0.102164
-41.3857 31.2146 -41.361 -0.175266 0.978495 0.108766
-42.145 31.1456 -42.1076 -0.175378 0.980544 0.0881086
-43.1896 31.0414 -42.973 -0.169965 0.981467 0.0884868
-42.294 31.2207 -43.2181 -0.173809 0.98133 0.0819885
-41.2235 31.3473 -42.4865 -0.178809 0.980049 0.0867812
-40.0954 31.5351 -42.2857 -0.186927 0.978635 0.0851837
-38.6681 31.78 -41.8274 -0.19456 0.977189 0.0851403
-37.6716 31.9281 -41.238 -0.193805 0.976056 0.098761
-36.4574 32.1174 -40.6573 -0.202552 0.97464 0.0951293
-35.5259 32.2629 -40.1422 -0.208501 0.972342 0.104833
-34.486 32.4206 -39.5816 -0.208053 0.971345 0.114899
-33.3837 32.6086 -39.1717 -0.20993 0.970796 0.116121
-32.3314 32.7763 -38.6956 -0.205726 0.971585 0.117048
-31.2997 32.936 -38.2258 -0.202759 0.971726 0.120948
-30.3743 33.0263 -37.3844 -0.210973 0.969759 0.12271
-29.7967 32.9872 -36.1729 -0.213116 0.966696 0.141222
-29.4056 32.8216 -34.6653 -0.21121 0.963553 0.164165
-29.006 32.7327 -33.6591 -0.203438 0.964405 0.168838
-28.625 32.6517 -32.7497 -0.195274 0.964562 0.177242
-27.6034 32.5749 -31.2615 -0.198305 0.962997 0.182514
-26.8988 32.547 -30.3684 -0.197991 0.962208 0.186964
-26.2454 32.5245 -29.5651 -0.196977 0.960878 0.194571
-25.4268 32.4795 -28.5715 -0.191528 0.959622 0.206015
-24.708 32.3934 -27.4901 -0.199511 0.957534 0.208143
-24.6756 32.3882 -27.4353 -0.199512 0.957535 0.20814
-23.8854 32.6718 -27.9823 -0.198166 0.957696 0.20868
-23.0361 32.6095 -26.8982 -0.196004 0.956292 0.216857
-21.9557 32.5748 -25.8505 -0.18695 0.955821 0.226838
-21.029 32.5272 -24.8793 -0.188008 0.955776 0.226152
-20.0426 32.5485 -24.1485 -0.183572 0.956775 0.225523
-19.2195 32.5603 -23.5164 -0.188499 0.954708 0.23022
-18.4163 32.5453 -22.8072 -0.184753 0.95467 0.233392
-17.4933 32.5515 -22.12 -0.175885 0.954963 0.238975
-16.6999 32.5453 -21.5084 -0.176477 0.955186 0.237647
-15.6208 32.5677 -20.7938 -0.168808 0.957537 0.233539
-14.3037 32.5782 -19.8909 -0.159646 0.962649 0.218677
-13.0597 32.5489 -18.8212 -0.163892 0.962111 0.217895
-12.1962 32.5597 -18.1987 -0.147482 0.970504 0.190713
-11.2596 32.5779 -17.5606 -0.14946 0.970443 0.189477
-10.4669 32.5583 -16.8347 -0.16298 0.968974 0.185803
-9.60339 32.5998 -16.3511 -0.133519 0.977317 0.164392
-8.76789 32.6203 -15.7742 -0.139622 0.977183 0.160057
-7.68866 32.655 -15.0161 -0.126807 0.982718 0.134853
-6.61984 32.6835 -14.216 -0.116179 0.985017 0.127454
-5.461 32.7181 -13.34 -0.0953213 0.991957 0.0822305
-4.66243 32.7425 -12.7357 -0.0712252 0.994343 0.0773219
-3.39622 32.7987 -11.9283 -0.0668122 0.997526 0.0218616
-2.59057 32.8145 -11.2397 -0.0494423 0.997967 -0.00722127
-3.28779 32.8069 -10.162 -0.0766165 0.996882 -0.0188557
-3.72383 32.7704 -9.23373 -0.131734 0.990899 -0.0224546
-4.13255 32.7518 -8.24722 -0.158413 0.986451 -0.0363849
-4.69847 32.6827 -7.23034 -0.192699 0.980123 -0.0431144
-5.16639 32.6118 -6.34601 -0.206777 0.977887 -0.0312903
-5.71522 32.5068 -5.45811 -0.248123 0.968406 -0.0192289
-6.2009 32.3989 -4.59083 -0.268695 0.962869 -0.0218464
-6.7626 32.2625 -3.65208 -0.292985 0.955565 -0.0267777
-7.13235 32.1625 -2.72101 -0.306099 0.951554 -0.0291242
-7.48563 32.058 -1.41117 -0.32967 0.944046 -0.00970678
-7.59026 32.0145 -0.165981 -0.346805 0.937937 0.000385225
-7.46903 32.0357 1.01124 -0.365337 0.930392 0.0274696
-7.08798 32.1363 2.10413 -0.363407 0.930556 0.0447352
-6.4347 32.3264 3.00586 -0.346055 0.935381 0.0728558
-7.2556 31.9887 3.36515 -0.358484 0.930949 0.069449
-8.47527 31.5215 3.36689 -0.355479 0.932303 0.0657095
-9.40313 31.1699 3.34321 -0.349396 0.934897 0.0620592
-10.4992 30.7563 3.30799 -0.356617 0.931946 0.0655802
-11.4852 30.3796 3.32708 -0.355352 0.9327 0.0616049
-12.4408 30.0047 3.42473 -0.364017 0.928904 0.0680401
-13.4208 29.6105 3.58978 -0.361227 0.92983 0.0702265
-14.3887 29.2146 3.74382 -0.366608 0.927139 0.0775327
-15.524 28.7325 4.04979 -0.371942 0.924564 0.0827029
-16.5147 28.3059 4.30975 -0.375748 0.922318 0.0902364
-17.6716 27.7912 4.75374 -0.375798 0.921808 0.095103
-18.5642 27.3869 5.15329 -0.37605 0.92148 0.0972344
-19.7619 26.843 5.64148 -0.373982 0.921536 0.104446
-20.707 26.3901 6.25072 -0.373896 0.921408 0.10587
-21.6648 25.9244 6.90102 -0.37486 0.920824 0.107529
-22.5109 25.5188 7.40635 -0.376276 0.920066 0.109065
-23.3422 25.0991 8.09441 -0.374894 0.920829 0.107371
-24.1399 24.7009 8.7258 -0.376461 0.920337 0.106092
-24.9701 24.2693 9.49741 -0.383134 0.916788 0.112726
-25.63 23.9208 10.1503 -0.379642 0.919548 0.101504
-26.3388 23.5575 10.7992 -0.376024 0.920827 0.103364
-27.0563 23.1712 11.6443 -0.377477 0.920838 0.097817
-27.7598 22.7873 12.5167 -0.37935 0.919674 0.101436
-28.4936 22.3589 13.5982 -0.38218 0.918115 0.104899
-29.1304 21.9826 14.5611 -0.37836 0.919488 0.106688
-29.5642 21.706 15.5153 -0.381395 0.919536 0.0947494
-30.0211 21.4244 16.3864 -0.380823 0.920949 0.081159
-30.57 21.1018 17.5689 -0.393628 0.915901 0.078625
-31.2061 20.7779 18.2505 -0.381485 0.92148 0.073098
-32.3042 20.3437 18.0285 -0.377565 0.923191 0.071858
-33.4892 19.918 17.5013 -0.362855 0.928014 0.0842295
-34.6681 19.5031 17.0339 -0.359477 0.927992 0.0975067
-35.7425 19.155 16.5296 -0.339695 0.934312 0.107831
-37.0827 18.7389 16.0518 -0.324992 0.938836 0.113874
-38.0702 18.4591 15.5932 -0.314991 0.941793 0.1175
-39.089 18.1735 15.1982 -0.296422 0.946893 0.12427
-40.0363 17.9328 14.8888 -0.272784 0.951597 0.1416
-40.9445 17.7289 14.5186 -0.2682 0.952025 0.147223
-42.0634 17.5382 13.879 -0.242873 0.95674 0.159948
-42.4053 17.5991 13.0436 -0.236692 0.957157 0.166816
-42.1088 17.8812 11.9722 -0.222622 0.953502 0.203159
-41.55 18.2386 10.8595 -0.217005 0.95344 0.209382
-40.9386 18.6062 9.75849 -0.21482 0.959805 0.18063
-40.4887 18.8948 8.81008 -0.214958 0.955311 0.202913
-39.945 19.2464 7.81726 -0.219283 0.950665 0.219343
-39.5089 19.5579 6.87299 -0.227139 0.950287 0.212984
-39.0394 19.8851 5.91305 -0.221408 0.948436 0.226336
-38.4103 20.2412 5.0271 -0.243013 0.947561 0.20747
-37.807 20.5958 4.1495 -0.213778 0.949333 0.230096
-37.1578 20.9863 3.2361 -0.238207 0.941231 0.239156
-36.5862 21.3266 2.41944 -0.227671 0.943003 0.242691
-35.8369 21.7684 1.46808 -0.23828 0.940696 0.241365
-35.0826 22.1614 0.643608 -0.23491 0.94346 0.233882
-34.3015 22.5612 -0.129641 -0.254231 0.936469 0.241644
-33.5046 22.9801 -0.904051 -0.259643 0.933096 0.248757
-32.7466 23.3735 -1.62169 -0.242463 0.939313 0.242699
-31.8859 23.7773 -2.32236 -0.250267 0.940391 0.230287
-30.9986 24.1655 -2.93126 -0.254358 0.938724 0.232593
-30.1485 24.5626 -3.56637 -0.273722 0.933266 0.232572
-29.298 24.9497 -4.13547 -0.267063 0.935663 0.230678
-28.438 25.3388 -4.77503 -0.259632 0.940601 0.218773
-27.6148 25.6978 -5.30736 -0.262985 0.936792 0.230781
-26.6205 26.113 -5.87029 -0.264712 0.939941 0.215497
-25.7589 26.4547 -6.30153 -0.264955 0.939853 0.215582
-24.8585 26.8146 -6.72592 -0.281466 0.934619 0.217404
-23.7349 27.237 -7.15553 -0.263304 0.941488 0.210407
-22.4985 27.707 -7.7058 -0.273355 0.940743 0.200696
-21.5469 28.0942 -8.22497 -0.270071 0.941328 0.202383
-20.6574 28.4806 -8.84307 -0.261203 0.946035 0.191809
-19.7835 28.9136 -9.81545 -0.252809 0.94914 0.187671
-19.1477 29.2744 -10.6817 -0.258002 0.939717 0.224425
-18.8086 29.6071 -11.6818 -0.240788 0.944737 0.222473
-18.6287 29.9651 -12.9662 -0.240356 0.94189 0.234673
-18.7096 30.3111 -14.3978 -0.214399 0.944823 0.247675
-19.0396 30.5762 -15.6828 -0.214392 0.943485 0.252727
-19.5314 30.7158 -16.5944 -0.205504 0.944962 0.254555
-20.0362 30.8367 -17.4547 -0.201782 0.945874 0.254174
-20.8695 30.9136 -18.3974 -0.200743 0.945925 0.254809
-21.5966 30.9717 -19.1822 -0.203001 0.944794 0.257205
-22.2835 31.0417 -19.9821 -0.203815 0.944809 0.256507
-23.1983 31.0539 -20.7542 -0.20147 0.945411 0.256131
-24.1949 31.0272 -21.4527 -0.195306 0.950467 0.241803
-25.1645 30.983 -22.0911 -0.203196 0.947642 0.246344
-26.0928 30.9333 -22.6658 -0.203122 0.947667 0.246312
-27.0907 30.8683 -23.2483 -0.206948 0.9469 0.246075
-28.1479 30.8589 -24.0898 -0.201264 0.950348 0.237223
-29.283 30.8107 -24.8856 -0.201641 0.952077 0.229981
-29.9551 30.8625 -25.6946 -0.202807 0.951969 0.229401
-30.5696 30.9386 -26.593 -0.199582 0.954661 0.220884
-31.2194 31.0335 -27.5901 -0.199093 0.955706 0.216722
-31.6992 31.1229 -28.4515 -0.202325 0.956559 0.209903
-32.1702 31.2158 -29.3287 -0.201878 0.957264 0.20708
-33.1361 31.2952 -30.7035 -0.205444 0.958315 0.198556
-33.9809 31.3375 -31.8772 -0.207063 0.961129 0.182639
-34.9328 31.3778 -33.1977 -0.202778 0.96425 0.170594
-35.6855 31.3898 -34.1842 -0.203879 0.965693 0.160843
-36.3646 31.3675 -34.906 -0.200655 0.966421 0.160503
-37.1142 31.3475 -35.7167 -0.196977 0.968156 0.154421
-37.852 31.3101 -36.4571 -0.201585 0.969078 0.142302
-38.7299 31.2623 -37.427 -0.203275 0.971345 0.123153
-39.6483 31.2089 -38.4563 -0.189878 0.974056 0.123127
-40.523 31.1397 -39.2559 -0.189673 0.974072 0.123321
-41.5832 31.0466 -40.1679 -0.175249 0.978499 0.108751
-42.4735 30.9802 -41.0053 -0.170215 0.979274 0.109652
-43.2329 30.9189 -41.6818 -0.167985 0.981895 0.0875384
-44.1928 30.8419 -42.6579 -0.167666 0.981925 0.0878171
-45.0485 30.7961 -43.7222 -0.153955 0.98503 0.0771379
-46.1584 30.7025 -44.7864 -0.146601 0.986627 0.0711819
-45.2129 30.8571 -44.9433 -0.150339 0.986109 0.0706128
-44.0018 31.0382 -44.7113 -0.164586 0.983681 0.0726854
-42.7392 31.23 -44.3889 -0.174095 0.982026 0.0728729
-41.566 31.4046 -43.955 -0.178724 0.981397 0.0698233
-39.9543 31.6544 -43.3468 -0.186928 0.978635 0.085184
-38.3983 31.925 -42.874 -0.194968 0.977161 0.0845175
-37.5444 32.058 -42.3949 -0.200029 0.976107 0.0848765
-36.537 32.2203 -41.8736 -0.205876 0.974215 0.0921831
-35.581 32.3709 -41.3547 -0.206013 0.973747 0.09683
-34.5815 32.5288 -40.7948 -0.208101 0.973436 0.0954785
-33.3555 32.7406 -40.2964 -0.205184 0.973675 0.0991181
-32.1388 32.9436 -39.7902 -0.208214 0.972628 0.103162
-30.9654 33.1316 -39.2598 -0.203305 0.971972 0.118059
-29.7171 33.3021 -38.4788 -0.207416 0.971469 0.115006
-29.243 33.2877 -37.5188 -0.195053 0.973065 0.122841
-28.8541 33.2439 -36.5414 -0.192395 0.972993 0.127359
-28.5011 33.1312 -35.3391 -0.198581 0.965181 0.170267
-28.0364 32.9845 -33.9598 -0.198943 0.965272 0.169329
-27.6314 32.9101 -33.0589 -0.203149 0.963006 0.176754
-27.0266 32.883 -32.2537 -0.205418 0.960711 0.186649
-26.371 32.8618 -31.4232 -0.202877 0.960929 0.188275
-25.527 32.8237 -30.3388 -0.200333 0.961206 0.189605
-24.5508 32.7663 -29.0641 -0.192233 0.961877 0.194523
-24.0986 32.7057 -28.3426 -0.199742 0.95763 0.207479
-23.2524 32.9608 -28.7487 -0.187646 0.962111 0.197819
-22.5131 32.9122 -27.8264 -0.188259 0.960688 0.204054
-21.5377 32.8734 -26.7685 -0.185262 0.958463 0.216631
-20.2917 32.8449 -25.6093 -0.181515 0.958601 0.219207
-19.3707 32.8541 -24.9144 -0.176081 0.959212 0.221093
-18.4891 32.8745 -24.2865 -0.178208 0.960412 0.214129
-17.6706 32.8686 -23.5676 -0.181442 0.960502 0.210985
-16.8338 32.8826 -22.9736 -0.160221 0.961065 0.22513
-16.0638 32.8535 -22.3035 -0.159682 0.961665 0.222939
-14.7912 32.893 -21.5732 -0.160232 0.959903 0.230027
-13.6692 32.8732 -20.7305 -0.141179 0.964241 0.224253
-12.6454 32.8499 -19.9453 -0.140747 0.968619 0.204861
-11.809 32.8225 -19.2138 -0.146985 0.968409 0.201446
-10.6293 32.839 -18.4435 -0.126744 0.975174 0.181579
-9.8112 32.8187 -17.7584 -0.1327 0.975051 0.17795
-8.76167 32.8354 -17.0676 -0.133064 0.976182 0.171213
-7.87895 32.8477 -16.4777 -0.103502 0.982605 0.154189
-6.87996 32.8496 -15.7347 -0.103483 0.986043 0.129007
-6.0306 32.8423 -15.1316 -0.0898205 0.988885 0.117599
-4.9628 32.8552 -14.4127 -0.0766162 0.991101 0.108856
-3.74053 32.8563 -13.4854 -0.0566424 0.995075 0.0813434
-2.88572 32.857 -12.9076 -0.0191615 0.997139 0.0686468
-1.26125 32.8468 -12.441 0.0203765 0.998312 0.0460776
-1.29817 32.8303 -11.4676 0.021025 0.999697 0.0127623
-1.95631 32.8799 -10.4002 -0.0267941 0.998937 -0.0375026
-2.55224 32.9101 -9.3339 -0.103377 0.992544 -0.0645795
-3.01995 32.9001 -8.4122 -0.131948 0.988778 -0.0698416
-3.59029 32.8938 -7.07969 -0.170875 0.983057 -0.0636459
-4.25352 32.8434 -5.7235 -0.209257 0.975863 -0.0624786
-4.83691 32.747 -4.94812 -0.250072 0.967639 -0.0337436
-5.51346 32.6246 -3.88425 -0.275556 0.958993 -0.0615076
-6.08834 32.507 -2.78929 -0.310656 0.948149 -0.0603015
-6.4855 32.412 -1.72552 -0.341913 0.939494 -0.0196976
-6.65007 32.3636 -0.745812 -0.347249 0.937754 -0.00374432
-6.6851 32.3633 0.252646 -0.375857 0.926123 -0.0093584
-6.44421 32.44 1.33036 -0.392268 0.918473 0.0503248
-5.93365 32.6018 2.22054 -0.382035 0.922282 0.0586999
-4.96841 32.904 2.97725 -0.352497 0.927835 0.119756
-3.99357 33.1424 3.7574 -0.312929 0.935794 0.161317
-3.16127 33.319 4.27698 -0.258813 0.942423 0.211788
-2.26161 33.4201 4.96437 -0.232953 0.954818 0.182408
-0.93829 33.6535 5.17181 -0.175779 0.964252 0.198115
0.413152 33.7983 5.58082 -0.142944 0.974372 0.17363
1.70238 33.8933 6.0265 -0.114164 0.978984 0.168989
2.65939 33.963 6.31898 -0.0915712 0.983209 0.157814
3.92529 34.0085 6.66725 -0.046638 0.989439 0.137043
5.31931 34.0576 6.85292 -0.0427209 0.992508 0.113163
6.27828 34.0415 7.21314 -0.00185516 0.991944 0.126664
7.28062 34.0227 7.37482 0.000902357 0.99232 0.123624
8.28025 33.9967 7.40315 0.0230733 0.994906 0.0981294
9.46984 33.8901 7.26149 0.12542 0.991015 0.0438922
10.4753 33.7642 6.99887 0.173221 0.984875 -0.00409896
11.6639 33.4958 6.51952 0.212733 0.972721 -0.0918386
12.597 33.1889 5.8964 0.262489 0.95259 -0.153856
13.4722 32.7951 5.30537 0.235122 0.939637 -0.248596
14.2104 32.3884 4.57192 0.254309 0.921388 -0.293694
15.3622 31.7745 3.7552 0.248563 0.888439 -0.385759
15.9007 31.2434 2.82764 0.225622 0.886553 -0.403879
16.6383 30.6802 2.05294 0.211963 0.872469 -0.440305
17.4163 30.0975 1.26739 0.206661 0.874631 -0.438533
17.9472 29.4928 0.384174 0.205319 0.857295 -0.472112
18.7689 29.6981 1.11847 0.196317 0.863006 -0.46549
19.9304 30.0036 2.16188 0.173734 0.872811 -0.456089
20.7765 30.206 2.88048 0.168085 0.881499 -0.441185
21.9444 30.2655 3.38424 0.142273 0.884984 -0.443352
23.1965 30.5063 4.25034 0.132036 0.884523 -0.447401
23.9648 30.746 4.93793 0.113893 0.885496 -0.450469
25.2419 31.1858 6.15803 0.0977767 0.900685 -0.423319
26.1396 31.5155 7.0592 0.0991457 0.899126 -0.426312
26.9458 31.838 7.89171 0.0750421 0.905643 -0.417348
27.6205 32.1934 8.77352 0.0627974 0.902122 -0.426886
28.3658 32.6257 9.83063 0.0506139 0.911933 -0.407075
29.0266 33.0616 10.8583 0.0411771 0.913205 -0.405318
29.4862 33.4251 11.7417 0.0393134 0.916659 -0.397732
30.1007 33.9495 13.0168 0.0173094 0.921801 -0.387277
30.3911 34.317 13.8971 -0.0115472 0.922693 -0.384444
30.7811 34.7094 14.8911 -0.0186021 0.93244 -0.360846
31.1711 35.1312 15.9774 -0.041545 0.94247 -0.3317
31.4775 35.5213 17.0371 -0.052608 0.936709 -0.346134
31.8492 35.931 18.1537 -0.0710345 0.946728 -0.314101
32.0984 36.3764 19.4 -0.0867794 0.945835 -0.312452
32.3711 36.7304 20.4573 -0.115881 0.950215 -0.289245
32.517 37.0831 21.6165 -0.138672 0.959669 -0.244465
32.652 37.4234 22.8458 -0.150031 0.960283 -0.234651
32.8719 37.7357 24.0392 -0.160267 0.961424 -0.223557
32.9776 38.0629 25.4622 -0.180438 0.962566 -0.202261
33.0462 38.3061 26.5673 -0.18928 0.96572 -0.177163
33.1071 38.5314 27.7676 -0.197232 0.965059 -0.172515
33.0875 38.7214 28.9988 -0.215682 0.967107 -0.134852
33.0706 38.875 30.1604 -0.218382 0.967992 -0.123354
32.8818 38.9981 31.5368 -0.225593 0.966957 -0.11875
32.907 39.1119 32.5576 -0.228126 0.968982 -0.094721
32.7183 39.1568 33.543 -0.230973 0.969629 -0.0799104
32.7341 39.2343 34.5704 -0.234279 0.969768 -0.0682881
32.6124 39.2725 35.7257 -0.239523 0.969707 -0.0479272
32.4107 39.276 36.8155 -0.243444 0.969116 -0.0386045
32.2096 39.2708 38.086 -0.249138 0.967778 -0.0365416
31.9044 39.2327 39.3272 -0.252119 0.967262 -0.0289713
31.8032 39.2333 40.3109 -0.258695 0.965857 -0.0140549
31.4995 39.1673 41.3693 -0.258771 0.965835 -0.0141418
31.3531 39.1347 42.3898 -0.267317 0.963584 -0.00684568
31.0975 39.0685 43.4051 -0.270108 0.962822 -0.00221449
30.7333 38.9631 44.4144 -0.271911 0.962305 0.00586217
30.1788 38.799 45.2035 -0.275647 0.961204 0.01031
29.0829 38.4839 45.2939 -0.275527 0.961238 0.0103317
27.8159 38.1247 44.9136 -0.275372 0.961285 0.0100978
26.906 37.8582 44.6125 -0.283847 0.958828 0.00888629
26.0157 37.5989 44.1922 -0.287347 0.957761 0.0107331
25.0606 37.3092 43.8734 -0.292276 0.956312 0.00646285
24.2033 37.051 43.3812 -0.294444 0.955598 0.0112936
23.2107 36.7465 43.0104 -0.297164 0.954756 0.0116009
22.3334 36.4798 42.4905 -0.298407 0.954392 0.00888761
21.237 36.1301 42.1487 -0.306262 0.951931 0.00552263
20.3261 35.8397 41.6905 -0.307426 0.951561 0.00435838
18.9522 35.3994 41.1537 -0.306471 0.951873 0.00378432
18.0691 35.1207 40.6664 -0.302334 0.953191 0.00453757
17.5184 34.9499 39.8355 -0.300643 0.953728 0.00086823
17.5622 34.9608 38.5509 -0.298042 0.954552 -0.00116337
17.9226 35.0663 37.3654 -0.294091 0.955744 -0.00797281
18.1902 35.1417 36.366 -0.291416 0.956576 -0.00624367
18.4065 35.1969 35.091 -0.291399 0.95655 -0.00991838
18.5006 35.2102 33.9429 -0.288796 0.957275 -0.0149054
18.5925 35.2194 32.8435 -0.283212 0.958911 -0.0163725
18.7849 35.2618 31.8207 -0.281611 0.959437 -0.0132513
18.7052 35.2156 30.8032 -0.273345 0.96177 -0.0167421
18.6222 35.1741 29.7713 -0.269324 0.962777 -0.0219323
18.3878 35.082 28.6222 -0.263555 0.964406 -0.0214552
18.3491 35.0511 27.6366 -0.248539 0.968347 -0.0230727
18.1138 34.9552 26.2796 -0.239144 0.970546 -0.029123
17.9254 34.8749 25.1793 -0.232646 0.972122 -0.0292415
17.6804 34.7812 24.0093 -0.211687 0.976589 -0.0382317
17.2911 34.6581 22.8883 -0.210466 0.977085 -0.0317667
16.9243 34.5566 21.9198 -0.193049 0.980917 -0.0230874
16.3697 34.4267 21.0371 -0.184232 0.982304 -0.0314251
15.8191 34.3005 20.0418 -0.152827 0.987696 -0.0331611
15.1509 34.1619 18.9365 -0.14387 0.989222 -0.0256685
14.4402 34.0408 17.8855 -0.135847 0.990409 -0.0250855
13.4766 33.9081 16.738 -0.0994009 0.994948 -0.0140563
12.6938 33.826 15.7436 -0.0765223 0.997067 -0.00142347
11.8948 33.7622 14.5179 -0.0633339 0.997838 0.0064858
11.2909 33.7435 13.7385 -0.0750927 0.996984 0.0195986
10.3121 33.7074 12.8953 -0.0676714 0.997023 0.0369649
9.4833 33.6895 12.3119 -0.055508 0.996903 0.0557056
8.39796 33.6682 11.556 -0.0559985 0.99593 0.0684678
7.34377 33.6847 10.8678 -0.0431241 0.994549 0.094934
6.26735 33.7026 10.2627 -0.0326158 0.994536 0.0991713
5.33529 33.705 9.7472 -0.0832407 0.987798 0.131614
4.40638 33.7123 9.18787 -0.0787483 0.984038 0.159585
3.14595 33.6762 8.56061 -0.0996846 0.981265 0.163942
1.93175 33.6574 7.69077 -0.130896 0.979206 0.154989
0.554757 33.5221 7.28204 -0.158236 0.974241 0.160673
-0.343519 33.4481 6.85252 -0.186133 0.966982 0.174069
-1.51439 33.3249 6.26914 -0.207479 0.96013 0.187357
-2.47188 33.1705 6.00268 -0.232958 0.954816 0.182411
-3.87692 32.8991 5.41907 -0.254928 0.951297 0.173337
-4.87135 32.6325 5.26802 -0.335986 0.924223 0.181454
-5.98184 32.3056 4.88458 -0.330907 0.936053 0.11961
-6.983 31.9674 4.65096 -0.358156 0.927917 0.103413
-7.96073 31.6217 4.46277 -0.342943 0.935853 0.0810524
-8.94695 31.2522 4.49125 -0.349087 0.934198 0.0735722
-9.93908 30.8813 4.47677 -0.348893 0.934514 0.0702985
-10.9693 30.5017 4.41625 -0.352126 0.933628 0.065916
-11.9368 30.1211 4.48524 -0.362624 0.929031 0.0734611
-13.1463 29.6329 4.63565 -0.367546 0.926248 0.0835184
-14.1009 29.2405 4.76458 -0.370372 0.92494 0.0854968
-15.1692 28.7783 5.09576 -0.378229 0.921341 0.0898535
-16.0713 28.3872 5.32483 -0.37617 0.922038 0.0913331
-17.1232 27.9237 5.65012 -0.378233 0.921097 0.0923091
-18.0235 27.5125 6.04532 -0.379863 0.920194 0.0945917
-19.1855 26.9798 6.54731 -0.379483 0.919517 0.102373
-20.149 26.5153 7.16229 -0.376504 0.920631 0.103355
-21.0912 26.0548 7.82782 -0.37728 0.920309 0.103398
-21.9903 25.6304 8.30519 -0.381084 0.918696 0.103795
-22.8824 25.176 9.06253 -0.375725 0.920956 0.103296
-23.8188 24.7 9.89639 -0.377677 0.920437 0.100778
-24.5998 24.3023 10.5693 -0.384311 0.917413 0.103238
-25.4508 23.8665 11.3615 -0.38125 0.919339 0.097262
-26.0183 23.5516 12.1018 -0.382533 0.918823 0.0971257
-26.8551 23.1082 12.9822 -0.383335 0.918101 0.100593
-27.5197 22.7172 14.0112 -0.390662 0.915474 0.0955409
-28.0985 22.3817 14.9203 -0.38841 0.917794 0.0824136
-28.6635 22.0297 16.0574 -0.392778 0.916138 0.0795868
-29.2912 21.6697 17.2727 -0.39106 0.918112 0.0643471
-29.7513 21.4041 18.2419 -0.394658 0.916357 0.0673455
-30.2105 21.1458 19.0686 -0.39323 0.916986 0.0670466
-31.1664 20.7097 19.3996 -0.393729 0.91652 0.070494
-32.566 20.145 19.1136 -0.377888 0.922242 0.0816348
-33.649 19.7645 18.5059 -0.368744 0.925276 0.0888424
-34.5515 19.4435 18.1256 -0.365584 0.926536 0.0887589
-35.4202 19.1345 17.7845 -0.352902 0.930517 0.0971193
-36.5356 18.7775 17.3041 -0.340139 0.934588 0.104049
-37.6138 18.4495 16.9133 -0.326063 0.938319 0.115069
-38.8585 18.0807 16.4522 -0.309882 0.942324 0.126215
-39.9365 17.799 16.0219 -0.292502 0.946533 0.136081
-40.9983 17.541 15.5873 -0.275802 0.948695 0.154607
-41.9185 17.3375 15.21 -0.265869 0.949729 0.164824
-42.9621 17.1803 14.5936 -0.242125 0.954073 0.176387
-43.6688 17.1631 13.7394 -0.228497 0.954782 0.18965
-43.3988 17.5028 12.3586 -0.215706 0.95639 0.196853
-42.8781 17.8703 11.2074 -0.19447 0.954285 0.226983
-42.4113 18.1867 10.2547 -0.192715 0.955691 0.222522
-41.861 18.532 9.17118 -0.186704 0.960852 0.204708
-41.4267 18.831 8.26529 -0.189614 0.955059 0.227818
-40.7936 19.1926 7.24257 -0.17469 0.956912 0.231952
-40.2874 19.5362 6.24555 -0.17233 0.955033 0.241278
-39.8555 19.856 5.32502 -0.197085 0.948198 0.249156
-39.19 20.2405 4.33278 -0.198328 0.951314 0.235939
-38.5651 20.6316 3.30152 -0.196175 0.948456 0.248891
-37.9995 20.9631 2.53545 -0.217898 0.94588 0.24048
-37.415 21.3145 1.69971 -0.222709 0.942201 0.250315
-36.568 21.776 0.727717 -0.211546 0.941536 0.262218
-35.9153 22.1281 0.00560718 -0.205835 0.939204 0.274822
-35.1099 22.5606 -0.846264 -0.221593 0.937617 0.267891
-34.4163 22.9172 -1.52122 -0.2209 0.936763 0.271435
-33.6407 23.2979 -2.20818 -0.218689 0.93945 0.263833
-32.94 23.6625 -2.88436 -0.232654 0.939625 0.250747
-31.9589 24.073 -3.53554 -0.224269 0.937807 0.264988
-31.0867 24.4718 -4.19352 -0.252236 0.935567 0.247162
-30.3044 24.8406 -4.77951 -0.250397 0.933577 0.25639
-29.4797 25.1923 -5.3217 -0.232487 0.938539 0.255065
-28.7341 25.54 -5.90317 -0.233512 0.936853 0.260344
-27.9192 25.8783 -6.38425 -0.252146 0.936165 0.244421
-26.9355 26.2876 -6.93353 -0.254377 0.935949 0.243499
-25.9017 26.7057 -7.43863 -0.258907 0.93274 0.250864
-24.923 27.0797 -7.86391 -0.255344 0.937413 0.236763
-23.7278 27.5115 -8.34907 -0.256871 0.943011 0.211378
-22.8526 27.8313 -8.73071 -0.248618 0.938235 0.240633
-21.9675 28.1932 -9.23814 -0.271919 0.940419 0.2041
-21.1876 28.5514 -9.84142 -0.260563 0.942447 0.209292
-20.5397 28.8895 -10.614 -0.24157 0.945397 0.218211
-19.9496 29.2205 -11.3537 -0.239361 0.941668 0.236545
-19.6399 29.5767 -12.4289 -0.236918 0.938891 0.249706
-19.7346 29.8693 -13.6463 -0.224843 0.942366 0.247707
-19.7656 30.1684 -14.7853 -0.218023 0.941679 0.256236
-20.1786 30.3291 -15.7061 -0.211445 0.942417 0.259117
-20.7925 30.4815 -16.7528 -0.205632 0.942429 0.263711
-21.6064 30.5626 -17.6856 -0.200326 0.945036 0.258412
-22.3095 30.6163 -18.4349 -0.202173 0.945608 0.254856
-23.3336 30.7172 -19.6141 -0.199125 0.946012 0.255755
-24.4088 30.6906 -20.3568 -0.20392 0.943939 0.259607
-25.3455 30.668 -21.029 -0.206801 0.945904 0.24994
-26.4649 30.608 -21.7347 -0.206723 0.944983 0.253494
-27.4028 30.5247 -22.1772 -0.203651 0.94566 0.253484
-28.4237 30.5005 -22.9258 -0.20169 0.948581 0.243955
-29.3112 30.465 -23.5172 -0.199983 0.948952 0.243917
-30.2948 30.4849 -24.4289 -0.20342 0.951731 0.229844
-30.9287 30.5738 -25.3581 -0.20363 0.951687 0.229842
-31.6037 30.6689 -26.3649 -0.20108 0.954231 0.221381
-32.2349 30.7905 -27.4608 -0.200124 0.954224 0.222276
-33.0127 30.8682 -28.5359 -0.198223 0.957869 0.207832
-33.6521 30.9671 -29.6358 -0.201861 0.959873 0.194667
-34.1876 31.0363 -30.5366 -0.206443 0.959381 0.192253
-34.9834 31.0727 -31.6113 -0.205238 0.961601 0.182212
-35.669 31.0988 -32.5413 -0.208201 0.961762 0.17795
-36.269 31.1505 -33.4973 -0.194584 0.964533 0.17836
-37.0462 31.1016 -34.1413 -0.199687 0.965957 0.164396
-37.8103 31.0694 -34.8959 -0.199585 0.96684 0.159327
-38.4697 31.0543 -35.6343 -0.204077 0.966693 0.154334
-39.3408 31.0367 -36.7071 -0.189031 0.97052 0.149529
-40.2115 30.9629 -37.4062 -0.196499 0.970423 0.140241
-41.2571 30.8894 -38.3784 -0.180571 0.976108 0.120862
-42.2671 30.8183 -39.2786 -0.174686 0.976621 0.125284
-43.0799 30.7797 -40.1341 -0.165201 0.980043 0.110565
-43.9332 30.7142 -40.8807 -0.167394 0.980751 0.100421
-44.6036 30.6772 -41.6054 -0.159545 0.981853 0.102518
-45.5229 30.6186 -42.5366 -0.156382 0.984047 0.0848253
-46.4753 30.565 -43.5882 -0.142279 0.986342 0.0829855
-47.2382 30.5354 -44.6509 -0.145355 0.986608 0.0739159
-47.4642 30.5679 -45.6252 -0.130651 0.989328 0.064509
-46.6193 30.7317 -46.24 -0.146017 0.98747 0.059852
-45.3543 30.9104 -46.1523 -0.149469 0.987051 0.0580205
-43.7349 31.141 -45.674 -0.161094 0.985392 0.0552399
-42.1194 31.402 -45.3068 -0.177805 0.982664 0.0525106
-40.7156 31.6259 -44.8273 -0.181886 0.981147 0.0651684
-39.8033 31.765 -44.3996 -0.187845 0.980304 0.0602515
-38.8038 31.9443 -44.1408 -0.189215 0.979068 0.0749963
-37.5033 32.1752 -43.6544 -0.209411 0.975094 0.0730725
-36.5963 32.3207 -43.1417 -0.20664 0.97457 0.0866803
-35.6479 32.4686 -42.5486 -0.205739 0.974684 0.0875374
-34.7742 32.6046 -42.0217 -0.203163 0.975493 0.084446
-33.419 32.8418 -41.4878 -0.206358 0.973943 0.0940754
-32.4474 33.0173 -41.1198 -0.21573 0.97139 0.099312
-31.3306 33.2095 -40.6381 -0.207253 0.972534 0.105899
-30.3075 33.3645 -40.094 -0.20097 0.974059 0.103929
-29.1839 33.5302 -39.4522 -0.202851 0.974263 0.0983047
-28.2844 33.5881 -38.3413 -0.196916 0.972327 0.125714
-27.9632 33.5096 -37.2285 -0.195649 0.972588 0.125662
-27.7055 33.4166 -36.1787 -0.193109 0.970499 0.144364
-27.4465 33.3224 -35.197 -0.20032 0.969543 0.140918
-26.8821 33.2279 -33.989 -0.199414 0.965185 0.169268
-26.2813 33.1893 -33.0488 -0.200881 0.9653 0.166859
-25.294 33.1656 -31.8246 -0.200335 0.961147 0.189901
-24.4069 33.0935 -30.5476 -0.196984 0.960749 0.195343
-23.6043 33.0402 -29.484 -0.191496 0.962046 0.194416
-23.3246 32.9778 -28.8997 -0.189557 0.962076 0.196139
16.6659 34.2982 17.2478 -0.125849 0.989732 -0.0677706
17.3626 34.4576 18.343 -0.141732 0.988463 -0.0534163
18.0086 34.6248 19.5249 -0.154975 0.985284 -0.0713179
18.518 34.7867 20.556 -0.164354 0.983873 -0.0705758
19.0312 34.9501 21.6377 -0.171028 0.982594 -0.0721726
19.5418 35.1323 22.9713 -0.206736 0.976997 -0.0523096
19.8466 35.2775 24.3684 -0.218298 0.973818 -0.0622378
20.0504 35.4026 25.6233 -0.241745 0.969046 -0.0501015
20.2608 35.5114 26.792 -0.241339 0.969433 -0.0442065
20.4314 35.6153 28.0799 -0.262679 0.96425 -0.0349527
20.6311 35.7189 29.3868 -0.263322 0.963976 -0.0375827
20.7661 35.7981 30.5855 -0.273691 0.961245 -0.0331986
20.7905 35.8548 32.2097 -0.281794 0.95904 -0.0288868
20.6077 35.8354 33.4954 -0.289945 0.956771 -0.0225427
20.5046 35.8327 34.6511 -0.29323 0.955851 -0.0191217
20.1979 35.7665 36.4429 -0.297128 0.954764 -0.011832
19.9124 35.6952 37.8734 -0.302435 0.953124 -0.00937325
20.0691 35.7574 39.136 -0.303689 0.952746 -0.00549063
21.0118 36.0628 39.7619 -0.30506 0.952313 -0.00620748
21.9821 36.3811 40.2382 -0.310074 0.950613 -0.0031646
23.3433 36.8053 40.6868 -0.295241 0.955423 -0.000570932
24.5323 37.1723 41.2977 -0.291791 0.956469 0.00281784
25.5635 37.4812 41.7917 -0.290692 0.956795 0.00639859
26.9891 37.9092 42.378 -0.289818 0.957038 0.00919678
28.023 38.2054 42.7593 -0.275235 0.961351 0.00700764
29.0802 38.5081 42.384 -0.265738 0.964037 -0.00024415
29.5652 38.6354 40.8587 -0.262238 0.96491 -0.0109015
29.888 38.6959 39.4113 -0.262787 0.964581 -0.0222806
30.1009 38.7154 37.8231 -0.256481 0.96631 -0.021508
30.4325 38.7508 36.3109 -0.258823 0.964744 -0.0475196
30.5787 38.7216 35.0409 -0.252589 0.96614 -0.0524785
30.7127 38.672 33.6285 -0.242877 0.967839 -0.064959
30.8168 38.551 31.9619 -0.237348 0.966769 -0.0944495
30.9303 38.4218 30.3528 -0.234247 0.96699 -0.100053
30.9734 38.2495 28.9971 -0.215209 0.967861 -0.130118
31.013 38.1098 27.8997 -0.212021 0.967144 -0.140011
30.9495 37.9065 26.67 -0.215749 0.963848 -0.156187
30.8719 37.6912 25.5832 -0.183517 0.966089 -0.181642
30.747 37.4366 24.4002 -0.172142 0.967482 -0.185325
30.5642 37.1179 22.979 -0.149095 0.96498 -0.215753
30.3848 36.8238 21.7565 -0.138225 0.964245 -0.225502
30.1721 36.5273 20.6997 -0.132583 0.960539 -0.244511
29.9362 36.2207 19.5959 -0.103809 0.959119 -0.262136
29.7273 35.8547 18.4313 -0.0903438 0.95524 -0.281685
29.1964 35.2933 16.789 -0.0771028 0.951612 -0.297341
28.8603 34.893 15.6098 -0.0473436 0.9492 -0.31109
28.5096 34.5308 14.5372 -0.017168 0.94234 -0.334216
27.9544 34.0775 13.2297 0.0109175 0.940047 -0.339752
27.3004 33.6529 12.0878 0.0292819 0.934646 -0.354372
26.6837 33.2949 11.1481 0.0505865 0.919522 -0.389769
26.0479 32.9219 10.1948 0.0617023 0.918615 -0.390067
25.1423 32.5085 9.02658 0.0707715 0.921555 -0.381737
24.411 32.2348 8.25084 0.0795379 0.911821 -0.40281
23.3702 31.8976 7.24319 0.106223 0.912343 -0.395399
22.1178 31.5163 6.03753 0.113639 0.910615 -0.397237
21.0945 31.2547 5.15547 0.141332 0.898142 -0.416235
19.8846 31.1336 4.45154 0.162258 0.895055 -0.415184
18.8575 31.0437 3.82446 0.17519 0.892838 -0.414909
17.4104 31.5872 4.44464 0.204199 0.908536 -0.364507
16.6728 32.0198 5.14728 0.169909 0.933049 -0.317096
15.8142 32.4507 5.91761 0.198759 0.935397 -0.289738
14.8143 32.8791 6.79383 0.204453 0.943581 -0.25943
13.49 33.3373 7.8896 0.137696 0.970828 -0.193209
12.4723 33.5075 8.35366 0.144063 0.987967 -0.0562823
11.036 33.7134 8.89901 0.0954926 0.995426 0.000671248
9.76261 33.8017 9.19498 0.0366865 0.999167 0.0178714
10.6223 33.7475 10.4606 0.0660327 0.997301 0.0107065
11.527 33.7361 11.1081 0.027341 0.998949 -0.0367922
12.948 33.7699 12.3701 -0.00550914 0.998699 -0.0505543
14.1382 33.8897 13.8931 -0.0460719 0.997491 -0.047978
14.8586 33.9651 14.8684 -0.082266 0.995171 -0.0494223
15.6485 34.1002 15.8507 -0.102183 0.993276 -0.0544166
16.4416 34.247 16.9156 -0.125849 0.989732 -0.0677706
15.6521 34.1986 17.6755 -0.11397 0.991542 -0.060476
16.4475 34.3602 18.8878 -0.139252 0.989374 -0.0385483
17.1002 34.5191 20.1071 -0.175532 0.98365 -0.0402621
17.6717 34.6682 21.219 -0.191973 0.980404 -0.0442077
18.3221 34.8646 22.6735 -0.192786 0.980045 -0.0484289
18.7479 35.0239 24.149 -0.224694 0.973519 -0.0421128
19.0039 35.1446 25.5516 -0.224845 0.973428 -0.0433919
19.2375 35.2564 26.9008 -0.253419 0.966749 -0.0342898
19.3935 35.3457 28.2975 -0.253214 0.966856 -0.0327285
19.661 35.4601 29.7726 -0.265301 0.963784 -0.0271245
19.8225 35.549 31.3333 -0.27921 0.959947 -0.023326
19.6182 35.5287 33.068 -0.286523 0.957872 -0.0195476
19.5166 35.5222 34.3403 -0.292792 0.956059 -0.0141696
19.3332 35.4882 35.704 -0.297094 0.954743 -0.0140071
19.0562 35.4168 36.9872 -0.299212 0.954126 -0.0107111
18.7596 35.3333 38.2431 -0.301124 0.953548 -0.00820954
18.6713 35.3101 39.4912 -0.302035 0.953289 -0.00214809
19.6012 35.6103 40.3568 -0.306537 0.951852 -0.00348455
20.6259 35.9402 40.7215 -0.308592 0.951189 0.00319826
21.636 36.2643 41.1466 -0.30536 0.952222 0.00513633
22.6229 36.5769 41.5341 -0.299654 0.954028 0.00617599
24.08 37.0266 42.2295 -0.294445 0.955597 0.0112903
25.1845 37.3574 42.7622 -0.292465 0.956224 0.00987722
26.5571 37.7699 43.3204 -0.289355 0.957188 0.00807736
27.6577 38.0918 43.7849 -0.277332 0.960714 0.0107769
28.7109 38.3915 44.0415 -0.274933 0.961389 0.0119701
29.9408 38.7421 43.3573 -0.266219 0.963905 0.00375403
30.3838 38.8648 41.9242 -0.264794 0.964295 -0.00441341
30.7192 38.9431 40.4924 -0.261957 0.964981 -0.0138058
30.9159 38.971 39.3066 -0.261026 0.964942 -0.0274221
31.0854 38.9843 38.1619 -0.256573 0.966102 -0.0281965
31.3788 39.0201 36.9687 -0.244884 0.969053 -0.0311109
31.5801 39.0183 35.7586 -0.245217 0.968183 -0.0496612
31.6652 38.9625 34.4124 -0.247321 0.96726 -0.0569222
31.8154 38.8932 32.9617 -0.241068 0.967201 -0.0796618
31.8535 38.7517 31.5215 -0.229231 0.968438 -0.0977746
31.9978 38.6463 30.2892 -0.210252 0.970726 -0.116127
32.0081 38.461 28.8571 -0.215866 0.967085 -0.134719
32.0272 38.2186 27.2237 -0.188961 0.96814 -0.164314
31.9833 38.0074 26.1137 -0.1896 0.9633 -0.190012
31.8494 37.7183 24.797 -0.17567 0.964924 -0.195093
31.6502 37.3303 23.1567 -0.157642 0.962731 -0.219767
31.5011 37.0229 21.9474 -0.132721 0.961735 -0.239678
31.3351 36.7271 20.8538 -0.115193 0.958279 -0.260515
31.048 36.3706 19.7227 -0.0979639 0.952104 -0.289346
30.8402 35.9491 18.4343 -0.0731145 0.95082 -0.300636
30.3859 35.4338 16.9675 -0.0613169 0.945789 -0.318772
29.9161 34.9145 15.5256 -0.0430882 0.94926 -0.311525
29.5711 34.5296 14.5049 -0.0141762 0.937115 -0.34836
29.045 33.9999 13.1027 0.021788 0.925854 -0.37701
28.4733 33.6019 12.0492 0.0353209 0.922973 -0.382881
27.7331 33.1067 10.8329 0.0392464 0.916885 -0.397218
27.0911 32.7244 9.87299 0.0507228 0.916075 -0.397786
26.2415 32.2569 8.66942 0.0791814 0.904603 -0.418836
25.3459 31.9102 7.73157 0.0924534 0.907824 -0.409034
24.3677 31.5838 6.80281 0.0977763 0.900685 -0.423317
23.4875 31.253 5.87064 0.122166 0.89751 -0.423734
22.3108 30.9426 4.86161 0.125567 0.899115 -0.419315
20.8081 30.714 3.89254 0.162604 0.879827 -0.446615
19.5511 30.5659 3.12162 0.173566 0.883171 -0.435756
18.3247 30.3347 2.146 0.196029 0.872966 -0.446657
17.3851 30.8241 2.72068 0.221137 0.877268 -0.426028
16.828 31.3444 3.52765 0.205045 0.89574 -0.393844
16.0147 31.9008 4.44432 0.187053 0.920792 -0.340803
15.1889 32.3036 5.08047 0.215604 0.921525 -0.322965
14.3752 32.7222 5.85287 0.226994 0.937895 -0.26235
13.3169 33.138 6.67267 0.215358 0.959107 -0.180138
12.3662 33.4551 7.31159 0.168703 0.97847 -0.118897
11.102 33.681 7.79286 0.15333 0.986538 -0.0568527
9.75489 33.8434 8.22333 0.109053 0.994036 0.000625265
8.6785 33.8896 8.44934 0.0518439 0.997352 0.0509978
7.54507 33.9083 8.48082 0.0237419 0.994981 0.0972077
7.09653 33.9192 8.39646 -0.0126183 0.995141 0.0976529
5.8888 33.887 8.42403 -0.0291412 0.993052 0.113986
5.63695 33.8545 8.64559 -0.0270733 0.993014 0.114852
7.26088 33.8371 9.2409 -0.0319153 0.993813 0.106148
8.4629 33.7633 10.3082 0.00476204 0.997795 0.0661943
9.48216 33.7153 11.0357 -0.0106453 0.998827 0.0373432
10.4501 33.7286 11.6271 -0.0197371 0.999756 0.00990829
11.5705 33.7558 12.559 -0.0315428 0.999487 0.00434053
12.5237 33.7991 13.5066 -0.0464471 0.998899 -0.00663349
13.262 33.8587 14.5744 -0.0540752 0.998213 -0.0254223
13.89 33.9332 15.5128 -0.0623483 0.997065 -0.044424
14.6421 34.0274 16.4173 -0.119131 0.991825 -0.040471
15.1352 34.1084 16.9835 -0.102096 0.993352 -0.05318
-38.9948 31.5998 -40.6791 -0.200929 0.973683 0.107562
-39.2666 31.5129 -40.4 -0.200929 0.973683 0.107562
-38.5312 31.6082 -39.8777 -0.203316 0.973326 0.106298
-37.8274 31.8326 -40.5999 -0.193804 0.976057 0.0987614
-37.1656 31.9062 -40.0015 -0.20119 0.973967 0.104458
-37.8455 31.6816 -39.3045 -0.199012 0.972709 0.1193
-37.2601 31.7217 -38.6282 -0.204952 0.971664 0.117748
-36.3714 32.0152 -39.539 -0.199807 0.973207 0.11378
-36.1532 32.0861 -39.7626 -0.200913 0.973066 0.113033
-35.3685 32.1964 -39.2891 -0.208902 0.971247 0.114188
-36.0492 31.9719 -38.5912 -0.203947 0.971861 0.117863
-36.7781 31.7285 -37.8453 -0.204448 0.971763 0.117805
-36.8531 31.7033 -37.7684 -0.206311 0.971095 0.120041
-36.2185 31.7499 -37.1411 -0.201647 0.970338 0.133351
-35.2135 32.0926 -38.1692 -0.204579 0.970137 0.13031
-34.6516 32.2859 -38.7461 -0.207204 0.971442 0.115612
-33.7679 32.4301 -38.3738 -0.208568 0.97112 0.115866
-34.7103 32.0963 -37.4063 -0.204579 0.970137 0.130311
-35.6359 31.7709 -36.4611 -0.200302 0.968224 0.149736
-34.7327 31.9013 -36.1087 -0.206451 0.967629 0.145161
-34.0442 32.1591 -36.812 -0.216938 0.965479 0.144181
-33.1745 32.4741 -37.7041 -0.208554 0.970488 0.121068
-32.7611 32.6158 -38.1277 -0.208256 0.970738 0.11957
-31.9078 32.7454 -37.7225 -0.205626 0.97019 0.128255
-32.8429 32.417 -36.7651 -0.204799 0.968702 0.14026
-33.5909 32.137 -36.0007 -0.208806 0.965846 0.153431
-34.3116 31.8643 -35.265 -0.210276 0.964768 0.158134
-33.8543 31.8289 -34.4607 -0.211787 0.963652 0.162854
-32.7954 32.2356 -35.5386 -0.206884 0.966113 0.154354
-31.6951 32.6458 -36.6603 -0.205572 0.968224 0.142417
-31.2116 32.8179 -37.1548 -0.205622 0.970191 0.128256
-30.9658 32.7143 -36.1276 -0.21057 0.965777 0.151444
-31.9978 32.3303 -35.0753 -0.204912 0.966388 0.155261
-32.7124 32.0566 -34.3495 -0.203954 0.964881 0.165552
-33.2521 31.8482 -33.8026 -0.207439 0.964171 0.165358
-32.5485 31.9014 -33.2451 -0.204947 0.963398 0.172804
-31.735 32.2149 -34.0702 -0.203491 0.965042 0.165185
-30.9111 32.5323 -34.9061 -0.209279 0.963799 0.165207
-30.2675 32.7837 -35.5627 -0.210688 0.964091 0.161679
-29.9315 32.6997 -34.6291 -0.211737 0.963013 0.166651
-30.6706 32.4092 -33.8774 -0.206817 0.964577 0.163761
-31.5548 32.0661 -32.9812 -0.207442 0.962986 0.17212
-32.2942 31.7691 -32.2349 -0.210684 0.961868 0.174417
-31.7427 31.7609 -31.5234 -0.212978 0.960272 0.18033
-30.9942 32.0606 -32.2778 -0.20931 0.962181 0.174347
-30.0724 32.4228 -33.2113 -0.207929 0.963356 0.169441
-29.8421 32.5138 -33.4448 -0.208818 0.963368 0.168275
-29.2773 32.5145 -32.7443 -0.209557 0.963223 0.168187
-30.1733 32.1575 -31.8365 -0.200096 0.961026 0.190761
-30.9161 31.8541 -31.0883 -0.207606 0.95921 0.191876
-31.2107 31.7286 -30.7921 -0.210164 0.957637 0.196884
-30.5979 31.7214 -30.1422 -0.203593 0.957297 0.205262
-29.7782 32.0646 -30.9662 -0.201403 0.960119 0.193929
-29.0732 32.3539 -31.6777 -0.198787 0.961922 0.187592
-28.8377 32.4491 -31.9163 -0.19554 0.962819 0.186395
-28.3898 32.3816 -31.0961 -0.198148 0.962605 0.184739
-29.3778 31.9693 -30.1019 -0.197976 0.959335 0.201202
-30.0907 31.667 -29.3869 -0.202941 0.957367 0.205581
-29.5668 31.6162 -28.6489 -0.202855 0.95541 0.214572
-28.722 31.9773 -29.495 -0.204454 0.958212 0.200071
-27.9234 32.32 -30.2968 -0.210923 0.957047 0.198928
-27.7677 32.3846 -30.4532 -0.197991 0.962208 0.186964
-27.2363 32.3514 -29.7193 -0.204466 0.959668 0.192954
-27.9878 32.0271 -28.9656 -0.208452 0.956294 0.205058
-28.8513 31.6471 -28.1027 -0.205976 0.955221 0.212432
-29.1719 31.5069 -27.783 -0.205977 0.95522 0.212432
-28.7829 31.3942 -26.9116 -0.206753 0.953223 0.220496
-27.9123 31.781 -27.7792 -0.213098 0.953103 0.214904
-27.2422 32.0788 -28.4487 -0.205406 0.95685 0.205541
-26.6396 32.3355 -29.0509 -0.196852 0.959436 0.201821
-26.0489 32.3135 -28.3763 -0.193419 0.958144 0.211066
-26.7336 32.017 -27.6933 -0.199555 0.955782 0.216008
-27.4204 31.7113 -27.0082 -0.205762 0.953203 0.221507
-28.0244 31.4411 -26.4079 -0.204545 0.953378 0.221885
-27.466 31.3972 -25.7042 -0.204239 0.952288 0.226789
-26.3382 31.9024 -26.8253 -0.205761 0.953204 0.221506
-25.6755 32.1885 -27.4857 -0.1953 0.956637 0.216108
-25.0845 32.1649 -26.8112 -0.202004 0.955173 0.216422
-26.0336 31.7414 -25.8687 -0.205076 0.95234 0.225817
-26.7342 31.4266 -25.1724 -0.204506 0.951793 0.228623
-25.653 31.6144 -24.9875 -0.20383 0.951496 0.230451
-24.6289 32.0728 -26.0045 -0.201644 0.953794 0.222749
-24.4792 32.1392 -26.1531 -0.198495 0.954237 0.223677
-23.9877 32.058 -25.3806 -0.195343 0.954669 0.224605
-24.9479 31.6266 -24.4293 -0.201994 0.950695 0.235323
-25.0611 31.5748 -24.3171 -0.202289 0.950663 0.235201
-24.4365 31.5481 -23.6784 -0.199866 0.948879 0.244299
-23.784 31.848 -24.3249 -0.193747 0.952829 0.233622
-23.4353 32 -24.6699 -0.191493 0.9541 0.230267
-22.7254 32.0087 -24.1153 -0.191492 0.9541 0.23027
-23.3565 31.7281 -23.4907 -0.195923 0.95082 0.239909
-22.8177 31.6564 -22.7664 -0.195923 0.950819 0.239909
-21.9781 32.03 -23.5973 -0.19182 0.952739 0.23557
-21.5434 31.914 -22.77 -0.193173 0.952585 0.235086
-22.2081 31.6185 -22.1122 -0.201682 0.950348 0.236988
-21.3975 31.6771 -21.6572 -0.201686 0.950347 0.236989
-20.527 32.0579 -22.5193 -0.192112 0.953276 0.233148
-19.9415 32.009 -21.842 -0.192325 0.952781 0.23499
-20.7533 31.6424 -21.0378 -0.192901 0.948917 0.249691
-20.959 31.5474 -20.8347 -0.195021 0.949261 0.246718
-20.1777 31.5817 -20.3492 -0.194592 0.94937 0.246637
-19.4939 31.8982 -21.0297 -0.192898 0.951142 0.241081
-18.7887 31.8967 -20.4728 -0.185239 0.951301 0.246399
-19.6578 31.4944 -19.6077 -0.192968 0.948547 0.251043
-19.0501 31.4433 -18.9525 -0.193793 0.947695 0.253609
-18.0718 31.8916 -19.9295 -0.178325 0.95316 0.244307
-17.8616 31.9848 -20.1399 -0.178323 0.95316 0.244307
-17.4477 31.8553 -19.2969 -0.190015 0.952997 0.235989
-18.4377 31.3993 -18.3015 -0.199803 0.94817 0.247088
-18.4994 31.3702 -18.2395 -0.198653 0.948335 0.24738
-17.9371 31.3072 -17.5431 -0.199818 0.948183 0.247026
-17.0656 31.7117 -18.4201 -0.189868 0.952169 0.239424
-16.4159 32.0058 -19.0743 -0.191187 0.952098 0.238656
-16.3729 32.025 -19.1176 -0.178301 0.956955 0.229012
-15.8701 31.9387 -18.3675 -0.178292 0.956812 0.229615
-16.5481 31.6315 -17.6832 -0.192528 0.951509 0.239922
-17.3127 31.2735 -16.9083 -0.200261 0.948136 0.246846
-17.7325 31.0744 -16.4841 -0.202014 0.947184 0.249063
-17.1885 31.007 -15.7685 -0.207418 0.946826 0.245964
-16.4483 31.3557 -16.52 -0.202073 0.949422 0.24034
-15.4424 31.8201 -17.542 -0.192638 0.952982 0.233915
-14.9212 32.0438 -18.0643 -0.1816 0.956634 0.227756
-14.1721 32.0668 -17.5628 -0.181957 0.956763 0.226929
-14.8302 31.7829 -16.9022 -0.185361 0.954667 0.232922
-15.5453 31.4615 -16.1775 -0.201167 0.950309 0.237581
-16.4601 31.0327 -15.2424 -0.209685 0.950372 0.229836
-16.9471 30.8012 -14.7379 -0.211056 0.949545 0.23199
-16.875 30.5252 -13.5281 -0.231153 0.94865 0.215945
-16.2137 30.8369 -14.2163 -0.211281 0.949507 0.231943
-15.4037 31.2185 -15.0531 -0.208066 0.951234 0.227735
-14.5126 31.6239 -15.9656 -0.196962 0.956112 0.216923
-13.6507 31.9949 -16.8332 -0.183557 0.958688 0.21731
-13.4571 32.0758 -17.0267 -0.182844 0.957726 0.2221
-12.9121 32.0239 -16.3221 -0.185871 0.959075 0.213606
-13.852 31.6264 -15.377 -0.189254 0.957622 0.217127
-14.6097 31.2843 -14.6027 -0.209098 0.953022 0.219149
-15.3533 30.9506 -13.8317 -0.216689 0.95294 0.212018
-16.4194 30.4498 -12.7179 -0.223465 0.950893 0.214162
-17.1224 30.1057 -11.9686 -0.236892 0.949761 0.204538
-17.7545 29.5166 -9.98857 -0.273135 0.942815 0.191041
-17.0764 29.8521 -10.7206 -0.245248 0.950456 0.191018
-16.305 30.2242 -11.5504 -0.238459 0.951534 0.194215
-15.5155 30.5903 -12.3813 -0.233347 0.951205 0.201887
-14.4135 31.0953 -13.5313 -0.223081 0.953991 0.200342
-13.7406 31.3994 -14.23 -0.212675 0.956822 0.198144
-13.085 31.6744 -14.8958 -0.200461 0.958199 0.204132
-12.3967 31.9656 -15.5893 -0.189771 0.960416 0.203932
-12.0718 32.099 -15.9155 -0.190681 0.960324 0.203515
-11.3571 32.1308 -15.3912 -0.178189 0.964629 0.194266
-12.2269 31.7742 -14.5111 -0.190517 0.96156 0.19775
-12.9812 31.46 -13.7429 -0.202244 0.959537 0.195923
-13.9062 31.0579 -12.7883 -0.222728 0.954696 0.197351
-14.5804 30.7571 -12.0811 -0.228632 0.95317 0.197977
-15.5934 30.2891 -11.0159 -0.243968 0.952107 0.184312
-16.5196 29.8591 -10.0241 -0.244106 0.951835 0.185532
-17.1671 29.5522 -9.32443 -0.270158 0.945223 0.183215
-17.9285 29.1893 -8.50432 -0.278167 0.948369 0.152378
-18.7811 28.7878 -7.58112 -0.284579 0.947339 0.146844
-19.6818 28.3497 -6.59163 -0.294127 0.944312 0.147525
-20.3116 28.0429 -5.90129 -0.302407 0.941976 0.14571
-21.1809 27.6093 -4.94342 -0.311154 0.93881 0.147713
-21.8082 27.2927 -4.25243 -0.31866 0.93868 0.131669
-22.4553 26.97 -3.54048 -0.325573 0.936225 0.132232
-23.1521 26.6144 -2.77255 -0.329836 0.93448 0.133995
-23.884 26.2407 -1.96671 -0.325984 0.934898 0.140355
-24.6064 25.8681 -1.17185 -0.331092 0.93305 0.140701
-25.2661 25.5202 -0.444722 -0.334261 0.931568 0.143004
-26.0662 25.0932 0.438607 -0.340585 0.92962 0.140743
-26.9112 24.6436 1.36949 -0.33839 0.930065 0.143079
-27.6409 24.2538 2.17056 -0.338626 0.92956 0.145777
-28.2631 23.9135 2.85647 -0.344986 0.927087 0.14661
-28.8742 23.5829 3.52967 -0.343367 0.928354 0.142331
-29.5167 23.2376 4.23306 -0.344692 0.927986 0.141525
-30.1878 22.8766 4.96707 -0.341452 0.928979 0.142859
-30.8624 22.5134 5.7063 -0.342734 0.928007 0.146069
-31.5164 22.1622 6.42372 -0.337318 0.930238 0.144475
-32.272 21.7565 7.25059 -0.338511 0.928954 0.149846
-33.067 21.3306 8.12053 -0.334921 0.930629 0.147504
-33.7515 20.969 8.86778 -0.33085 0.931824 0.14914
-34.4571 20.5961 9.63905 -0.332781 0.931984 0.143747
-35.1512 20.233 10.3958 -0.328761 0.932715 0.148184
-35.7943 19.8891 11.0965 -0.334115 0.929808 0.154354
-36.4798 19.5391 11.8401 -0.316666 0.938091 0.140385
-37.2796 19.1382 12.7046 -0.312422 0.938492 0.147056
-38.1363 18.7047 13.6259 -0.309302 0.940044 0.143701
-38.2041 18.672 13.6979 -0.308784 0.941254 0.136724
-37.3546 18.8953 14.1116 -0.321987 0.937196 0.134118
-36.7228 19.2175 13.4271 -0.327794 0.934333 0.139904
-35.9856 19.5932 12.625 -0.326412 0.935739 0.133592
-35.1884 20.0064 11.757 -0.335634 0.931852 0.137845
-34.5178 20.3609 11.0227 -0.335539 0.931036 0.143478
-33.5817 20.8569 9.99844 -0.339669 0.929692 0.142472
-32.8471 21.2454 9.1954 -0.340835 0.929833 0.138715
-32.1383 21.623 8.41807 -0.342473 0.928618 0.14276
-31.4495 21.9949 7.66227 -0.344059 0.927862 0.143862
-30.7577 22.3666 6.9027 -0.341584 0.929362 0.140022
-30.0111 22.7677 6.08509 -0.341854 0.928352 0.145939
-29.1869 23.2138 5.18294 -0.348194 0.926701 0.141376
-28.452 23.6111 4.37623 -0.346715 0.927799 0.137758
-27.7258 24.0029 3.57763 -0.349226 0.926476 0.140298
-27.0122 24.3889 2.79206 -0.345916 0.927725 0.140247
-26.2936 24.7748 2.00126 -0.343413 0.928805 0.139246
-25.5562 25.1683 1.18888 -0.342604 0.929204 0.138572
-24.8736 25.5321 0.435186 -0.341615 0.92957 0.138558
-24.2161 25.8797 -0.289875 -0.342543 0.929737 0.135103
-23.5715 26.21 -0.998607 -0.334212 0.933301 0.131342
-22.883 26.5634 -1.75773 -0.329927 0.934333 0.134799
-22.1566 26.9354 -2.55891 -0.333676 0.934187 0.126312
-21.439 27.2922 -3.34829 -0.327356 0.936887 0.122802
-20.6941 27.6587 -4.16855 -0.321688 0.93888 0.12256
-20.0552 27.9698 -4.87203 -0.319559 0.938934 0.127612
-19.2791 28.3426 -5.72493 -0.308503 0.942913 0.125463
-18.4911 28.7199 -6.58857 -0.290524 0.945042 0.149971
-17.8696 29.0146 -7.26653 -0.282029 0.948651 0.143254
-17.2436 29.3017 -7.94184 -0.2791 0.949189 0.145409
-16.5998 29.6014 -8.63745 -0.265424 0.952529 0.149128
-15.7777 29.9775 -9.52636 -0.257686 0.952653 0.161402
-14.9896 30.3251 -10.3661 -0.250341 0.95415 0.164095
-14.3128 30.6304 -11.0818 -0.248067 0.951896 0.179882
-13.5473 30.9739 -11.886 -0.24094 0.955342 0.171085
-12.7433 31.3136 -12.7281 -0.220379 0.960053 0.172426
-12.0983 31.5883 -13.3926 -0.219415 0.958289 0.18314
-11.001 32.0211 -14.5048 -0.204565 0.963548 0.172418
-10.7992 32.0972 -14.7092 -0.174944 0.971293 0.161199
-9.86082 32.2172 -14.4137 -0.174944 0.971293 0.161199
-10.5789 31.9656 -13.6891 -0.205699 0.963385 0.171978
-11.4522 31.6208 -12.8023 -0.207361 0.965076 0.160091
-12.113 31.3555 -12.1144 -0.221314 0.961704 0.161693
-12.8409 31.0521 -11.3529 -0.238399 0.957507 0.162313
-13.5282 30.7614 -10.6279 -0.248742 0.955548 0.158289
-14.2098 30.4606 -9.90676 -0.266098 0.952398 0.148763
-15.0951 30.0743 -8.96152 -0.270097 0.952972 0.137448
-15.9336 29.7049 -8.05825 -0.280567 0.950228 0.135461
-16.6685 29.3741 -7.26395 -0.292049 0.947229 0.132154
-17.3644 29.0616 -6.51093 -0.293074 0.947572 0.127337
-18.0386 28.7483 -5.77537 -0.301835 0.944753 0.127821
-18.6899 28.4472 -5.0626 -0.304525 0.944245 0.125162
-19.3698 28.1245 -4.31621 -0.316656 0.941307 0.116916
-20.3517 27.655 -3.23631 -0.329035 0.937757 0.111119
-21.0544 27.3102 -2.46214 -0.329845 0.936657 0.117797
-21.865 26.9057 -1.56944 -0.333677 0.934187 0.126309
-22.5986 26.5324 -0.76004 -0.338684 0.932543 0.125125
-23.3945 26.1237 0.116549 -0.34479 0.930506 0.123604
-24.1719 25.7149 0.973111 -0.345203 0.929067 0.132923
-24.8337 25.3627 1.70321 -0.347032 0.928378 0.132977
-25.5858 24.9601 2.53382 -0.34895 0.927427 0.134585
-26.2767 24.5893 3.29592 -0.349893 0.92701 0.135008
-26.9116 24.2472 3.99353 -0.350678 0.926481 0.136594
-27.7178 23.811 4.87975 -0.349826 0.926682 0.137411
-28.4654 23.4054 5.70412 -0.347659 0.926932 0.141176
-29.1996 23.0073 6.50739 -0.347826 0.926917 0.140863
-29.8506 22.6561 7.21832 -0.347353 0.927293 0.139547
-30.5983 22.2542 8.03935 -0.346048 0.927646 0.140439
-31.259 21.898 8.76649 -0.346169 0.927818 0.138999
-32.1029 21.446 9.69518 -0.345473 0.928878 0.133541
-32.7946 21.0811 10.4521 -0.347435 0.928045 0.134246
-33.5603 20.6687 11.2898 -0.3506 0.92637 0.137545
-34.1973 20.327 11.9912 -0.335159 0.932574 0.134067
-34.9737 19.926 12.8436 -0.339485 0.931311 0.131942
-35.5904 19.6061 13.5152 -0.338122 0.931981 0.130711
-36.4577 19.161 14.4622 -0.335002 0.932619 0.134149
-36.5212 19.1282 14.5315 -0.334999 0.93262 0.134151
-35.5541 19.4387 14.8005 -0.336973 0.932088 0.132894
-34.778 19.8405 13.9518 -0.339442 0.931397 0.131448
-34.0555 20.2173 13.1589 -0.346498 0.929213 0.128459
-33.3307 20.5996 12.3556 -0.347836 0.928698 0.128567
-32.3757 21.1151 11.3073 -0.353762 0.926038 0.131554
-31.6934 21.4767 10.5599 -0.351731 0.927256 0.128382
-31.0825 21.8024 9.88709 -0.35318 0.926621 0.128988
-30.3189 22.2105 9.04509 -0.352104 0.926238 0.134559
-29.6789 22.5563 8.33963 -0.352513 0.926321 0.132908
-28.9049 22.9759 7.49155 -0.355646 0.925152 0.132701
-27.9941 23.4687 6.49849 -0.353047 0.925779 0.135244
-27.1653 23.9156 5.58328 -0.351614 0.926453 0.134359
-26.3337 24.3655 4.66905 -0.350774 0.926257 0.137858
-25.5432 24.7939 3.7998 -0.35632 0.925186 0.130636
-24.6336 25.2831 2.79338 -0.353982 0.926209 0.129742
-23.76 25.7501 1.82956 -0.351126 0.927442 0.128692
-23.064 26.1182 1.06241 -0.347493 0.92904 0.127017
-22.4162 26.4554 0.348646 -0.344788 0.930507 0.123605
-21.6519 26.847 -0.494322 -0.343318 0.93155 0.11978
-20.8993 27.2254 -1.32353 -0.33921 0.933422 0.116881
-20.1429 27.5991 -2.15696 -0.334668 0.935388 0.114225
-19.3893 27.9631 -2.98688 -0.329036 0.937757 0.111119
-18.6367 28.3202 -3.81406 -0.324706 0.939579 0.108431
-17.8965 28.6613 -4.62472 -0.316089 0.942842 0.105534
-17.1926 28.9768 -5.39373 -0.308354 0.945252 0.106847
-16.5327 29.2727 -6.11226 -0.300993 0.947369 0.109063
-15.8697 29.565 -6.83119 -0.297138 0.948656 0.108446
-15.1298 29.8867 -7.63021 -0.292315 0.950281 0.107325
-14.3369 30.2264 -8.48126 -0.285582 0.952415 0.106526
-13.4795 30.594 -9.39701 -0.263725 0.95566 0.131006
-12.8306 30.858 -10.0836 -0.25295 0.959378 0.124945
-12.1775 31.1298 -10.7722 -0.246441 0.957483 0.149976
-11.3381 31.4657 -11.6522 -0.220947 0.96311 0.153628
-10.4883 31.7877 -12.5311 -0.208996 0.966625 0.148182
-9.54372 32.1243 -13.4914 -0.197513 0.970838 0.135872
-9.5132 32.1348 -13.5222 -0.197511 0.970839 0.135872
-8.66384 32.243 -13.1249 -0.161298 0.977709 0.134421
-9.34368 32.0166 -12.4375 -0.199708 0.969627 0.141209
-10.1266 31.7336 -11.6324 -0.221799 0.965967 0.133091
-10.8058 31.4892 -10.9308 -0.218774 0.968372 0.11997
-11.6356 31.1704 -10.0637 -0.253374 0.960462 0.115385
-12.3618 30.8791 -9.29633 -0.25295 0.959377 0.124945
-13.024 30.6233 -8.59598 -0.256081 0.960769 0.106518
-13.8455 30.2854 -7.71968 -0.278934 0.954446 0.105965
-14.563 29.984 -6.94932 -0.297396 0.949483 0.100188
-15.3631 29.6423 -6.08385 -0.307394 0.946881 0.0944719
-15.9992 29.3676 -5.39198 -0.313101 0.945161 0.0929491
-16.661 29.0795 -4.67049 -0.311827 0.945949 0.0891331
-17.3689 28.7643 -3.89726 -0.319501 0.942758 0.0955371
-18.0944 28.4312 -3.10265 -0.325482 0.94017 0.100704
-18.8105 28.0938 -2.31579 -0.331901 0.937642 0.103296
-19.4449 27.7889 -1.6167 -0.336908 0.935522 0.106259
-20.1518 27.4418 -0.837848 -0.34245 0.933004 0.110593
-20.8872 27.0729 -0.0285009 -0.345977 0.931121 0.115383
-21.6276 26.6942 0.788089 -0.348896 0.929552 0.119184
-22.3402 26.3236 1.57469 -0.352145 0.927868 0.122698
-23.0189 25.965 2.32373 -0.355248 0.926453 0.124432
-23.6374 25.6354 3.00566 -0.356509 0.925848 0.125324
-24.3145 25.2738 3.75226 -0.356319 0.925941 0.125184
-24.9991 24.9033 4.50966 -0.357426 0.924788 0.13044
-25.7294 24.5088 5.31361 -0.358843 0.924128 0.131219
-26.5508 24.0609 6.21677 -0.359033 0.923955 0.131922
-27.2306 23.6942 6.96804 -0.356498 0.925607 0.127129
-27.9986 23.2799 7.80764 -0.360776 0.923708 0.128858
-28.8225 22.8339 8.70934 -0.359941 0.924372 0.126408
-29.4851 22.4744 9.43971 -0.359197 0.92428 0.12917
-30.3076 22.0356 10.3458 -0.354607 0.92652 0.125754
-30.9251 21.7051 11.0268 -0.356342 0.925692 0.126945
-31.5668 21.3619 11.7325 -0.351139 0.927272 0.129876
-32.2599 20.9902 12.4928 -0.356351 0.925536 0.128052
-32.8829 20.6559 13.1809 -0.355057 0.926176 0.127018
-33.5861 20.287 13.9637 -0.35023 0.928587 0.122737
-34.4269 19.8477 14.8902 -0.345912 0.930768 0.118391
-34.7874 19.6635 15.2851 -0.347987 0.929895 0.119165
-33.9147 19.946 15.6522 -0.350058 0.93016 0.110733
-33.069 20.3855 14.7141 -0.355252 0.927067 0.119758
-32.3945 20.7442 13.96 -0.360228 0.925743 0.115047
-31.7544 21.0839 13.2506 -0.36266 0.923619 0.124121
-31.064 21.4567 12.4892 -0.361921 0.923976 0.123618
-30.4211 21.8 11.7815 -0.357272 0.92626 0.119999
-29.6173 22.2286 10.8969 -0.365653 0.9234 0.116754
-28.9729 22.5731 10.1885 -0.365787 0.922892 0.12029
-28.3522 22.9081 9.50362 -0.35807 0.92601 0.119548
-27.7286 23.2438 8.81635 -0.359759 0.924124 0.128719
-27.1113 23.5804 8.14287 -0.366754 0.921925 0.124682
-26.5004 23.9101 7.47122 -0.362763 0.924055 0.120522
-25.8889 24.2395 6.79567 -0.362052 0.923549 0.126392
-25.2247 24.6011 6.06553 -0.362477 0.923016 0.129045
-24.5668 24.9603 5.3398 -0.36156 0.924031 0.124264
-23.8636 25.3396 4.56508 -0.362155 0.924072 0.122212
-23.2289 25.6782 3.8682 -0.36076 0.924885 0.120168
-22.3803 26.1312 2.93223 -0.360931 0.924781 0.120452
-21.6264 26.5296 2.09778 -0.35587 0.92709 0.117729
-20.9548 26.8789 1.35378 -0.353052 0.928581 0.114415
-20.2028 27.2644 0.524049 -0.350292 0.930205 0.109606
-19.37 27.6825 -0.390456 -0.345739 0.932617 0.10339
-18.5306 28.0896 -1.31588 -0.3395 0.935299 0.0997796
-17.9063 28.3863 -2.00355 -0.33505 0.937397 0.095015
-17.2015 28.7132 -2.77664 -0.328319 0.94031 0.0895754
-16.4672 29.0442 -3.57971 -0.327368 0.940955 0.0862215
-15.74 29.3602 -4.37434 -0.319094 0.944266 0.0808738
-15.0836 29.6397 -5.09092 -0.314349 0.946088 0.0781131
-14.2768 29.9792 -5.96803 -0.302762 0.948465 0.0935369
-13.5487 30.2807 -6.75239 -0.291097 0.952378 0.0907619
-12.6993 30.6214 -7.66016 -0.280586 0.95609 0.0846391
-11.8874 30.934 -8.52087 -0.268674 0.9588 0.0922869
-11.1631 31.2034 -9.28365 -0.262648 0.961134 0.085077
-10.4767 31.4653 -10.0029 -0.247642 0.963437 0.102282
-9.74387 31.7243 -10.7611 -0.22392 0.968689 0.107242
-8.8488 32.0305 -11.6824 -0.220203 0.969183 0.110428
-8.11982 32.252 -12.4237 -0.18455 0.977627 0.10093
-7.87081 32.3249 -12.6743 -0.184548 0.977627 0.10093
-7.12834 32.4018 -12.177 -0.137034 0.985729 0.0977754
-8.03254 32.1435 -11.2615 -0.189452 0.975827 0.108946
-8.85021 31.8971 -10.4221 -0.224609 0.970424 0.0884779
-9.50468 31.6788 -9.74571 -0.236405 0.966725 0.0977539
-10.3024 31.4033 -8.91442 -0.256829 0.962855 0.0833662
-11.0316 31.1381 -8.14891 -0.268974 0.960712 0.0684448
-11.7366 30.8784 -7.40358 -0.281744 0.956284 0.0783675
-12.4744 30.5938 -6.61739 -0.293321 0.953517 0.0690573
-13.1898 30.3146 -5.85004 -0.299559 0.951219 0.0738004
-13.9105 30.0224 -5.07135 -0.305735 0.948913 0.0780404
-14.7468 29.6777 -4.15949 -0.315062 0.946381 0.071402
-15.374 29.4101 -3.47463 -0.321213 0.944075 0.0744616
-16.0041 29.135 -2.78444 -0.330033 0.940788 0.0774321
-16.656 28.8424 -2.07031 -0.334901 0.938849 0.080019
-17.3936 28.501 -1.26084 -0.341547 0.935494 0.0905386
-18.0255 28.1996 -0.564492 -0.343254 0.934567 0.0935984
-18.7571 27.8435 0.241503 -0.351707 0.930913 0.0985058
-19.5217 27.4592 1.0809 -0.354787 0.929278 0.102803
-20.2787 27.0709 1.91517 -0.357897 0.927192 0.110567
-20.924 26.7343 2.62982 -0.359456 0.926019 0.115239
-21.534 26.4109 3.30911 -0.359423 0.925739 0.117565
-22.2139 26.0493 4.0622 -0.366618 0.923117 0.115959
-23.0426 25.6064 4.97374 -0.361054 0.924575 0.121661
-23.8072 25.1967 5.81165 -0.363152 0.923849 0.120931
-24.4155 24.8669 6.48059 -0.369219 0.921278 0.122168
-25.168 24.4566 7.31008 -0.369947 0.921164 0.120812
-25.8298 24.1014 8.03825 -0.366767 0.923243 0.114477
-26.3123 23.839 8.57052 -0.36714 0.922102 0.122218
-37.13 20.3899 5.93789 -0.264599 0.946144 0.186544
-35.1979 21.3962 3.85485 -0.291698 0.935944 0.197286
-33.5462 22.2796 2.05729 -0.289744 0.936003 0.199869
-31.731 23.2357 0.0876854 -0.280513 0.940097 0.193726
-30.2641 24.0424 -1.5232 -0.278764 0.934571 0.221061
-27.2318 25.4162 -3.53941 -0.288382 0.937094 0.196698
-28.9414 24.4748 -1.65278 -0.298148 0.935855 0.187839
-30.5571 23.5968 0.117137 -0.295754 0.935565 0.192997
-32.3923 22.6216 2.11907 -0.287107 0.938647 0.191079
-34.0316 21.7505 3.90427 -0.295352 0.93799 0.1815
-35.6434 20.8886 5.65433 -0.301299 0.935777 0.183141
-37.2851 20.0561 7.42478 -0.275272 0.94318 0.186108
-38.9042 19.2332 9.16069 -0.293042 0.937862 0.185852
-40.2687 18.3549 11.9298 -0.260819 0.95008 0.171237
-38.6243 19.1362 10.1793 -0.28804 0.943204 0.165527
-36.8622 20.01 8.29239 -0.296234 0.939456 0.172242
-35.1611 20.8952 6.45032 -0.314059 0.934906 0.165282
-33.5859 21.734 4.7367 -0.30831 0.936606 0.166475
-31.9867 22.5835 2.9933 -0.308349 0.936251 0.168389
-30.2383 23.5151 1.08491 -0.31146 0.933457 0.177905
-28.3482 24.5346 -0.991611 -0.297459 0.937225 0.182008
-26.7076 25.4223 -2.80013 -0.309527 0.933784 0.179556
-25.0816 26.2748 -4.58921 -0.287565 0.938903 0.189123
-24.737 26.456 -4.96491 -0.295818 0.935631 0.19258
-23.0976 27.0706 -5.45285 -0.287189 0.939751 0.185449
-24.9218 26.117 -3.45065 -0.300038 0.938831 0.16904
-26.8115 25.1171 -1.36766 -0.311374 0.933854 0.175964
-28.422 24.2653 0.404102 -0.317351 0.93434 0.162162
-30.1869 23.3074 2.34283 -0.317726 0.933895 0.163981
-31.8066 22.4424 4.11261 -0.315402 0.933113 0.172687
-33.4237 21.5838 5.87678 -0.316775 0.934912 0.159979
-35.1019 20.6897 7.70478 -0.319742 0.932947 0.165454
-36.8791 19.7662 9.63014 -0.312144 0.937956 0.15101
-38.4981 18.9679 11.3676 -0.294905 0.94176 0.161612
-39.9886 18.2509 12.9534 -0.266484 0.949892 0.163375
-39.1551 18.4177 13.3906 -0.271851 0.949653 0.155743
-37.369 19.2981 11.4794 -0.29173 0.942818 0.161209
-35.665 20.1723 9.63646 -0.322057 0.934573 0.151174
-34.0136 21.0423 7.83706 -0.31669 0.935198 0.15847
-32.392 21.9029 6.06881 -0.321084 0.933263 0.161017
-30.6546 22.8344 4.16676 -0.337113 0.929204 0.15144
-29.0355 23.702 2.3939 -0.331175 0.930754 0.154986
-27.3215 24.6298 0.508817 -0.326796 0.933131 0.149902
-25.7234 25.4828 -1.25398 -0.327252 0.932465 0.15302
-23.8672 26.4462 -3.29632 -0.323933 0.9353 0.142412
-22.2077 27.2977 -5.12298 -0.303361 0.937692 0.169425
-20.5661 28.1399 -6.93371 -0.284425 0.943873 0.167946
-32.9805 20.271 15.9454 -0.363339 0.926064 0.101936
-32.1308 20.7196 14.9923 -0.363118 0.925211 0.110138
-31.342 21.1378 14.112 -0.370561 0.922304 0.109722
-30.5742 21.5498 13.26 -0.370859 0.921124 0.1183
-29.8638 21.935 12.4737 -0.36853 0.92227 0.116637
-29.1495 22.3157 11.688 -0.365354 0.924053 0.112439
-28.7012 22.5534 11.1962 -0.368997 0.922347 0.114533
-6.27006 32.4943 -11.7952 -0.155336 0.984797 0.0777556
-7.59033 32.1738 -10.4611 -0.199382 0.977391 0.0703887
-8.95515 31.7597 -9.05288 -0.247751 0.966201 0.0712392
-10.1833 31.3506 -7.77039 -0.272378 0.95985 0.0670725
-11.4687 30.8866 -6.41116 -0.287852 0.955402 0.0659335
-12.7745 30.385 -5.0099 -0.30525 0.950676 0.0551106
-13.999 29.8937 -3.67582 -0.320094 0.945327 0.0624304
-15.1879 29.3877 -2.37814 -0.330075 0.941104 0.073302
-16.4763 28.8091 -0.963514 -0.342226 0.93616 0.0805382
-17.9693 28.0948 0.679953 -0.349534 0.932161 0.0943515
-19.3339 27.4065 2.18149 -0.361145 0.926898 0.102147
-20.51 26.791 3.48365 -0.364596 0.924376 0.112243
-21.6736 26.1744 4.77312 -0.368813 0.922233 0.116029
-22.2306 25.8747 5.39131 -0.366874 0.922859 0.117198
-19.661 27.0859 3.85493 -0.369892 0.923047 0.105661
-18.3187 27.7817 2.37181 -0.364719 0.926222 0.0953501
-17.1595 28.3629 1.09385 -0.35496 0.930371 0.0917254
-15.9482 28.9404 -0.239834 -0.347989 0.934052 0.0803134
-14.7684 29.4737 -1.53679 -0.337817 0.938904 0.065877
-13.3266 30.0847 -3.11032 -0.328453 0.942795 0.0570612
-11.9872 30.6131 -4.57099 -0.307689 0.950155 0.0503316
-10.7441 31.0729 -5.90383 -0.286665 0.956447 0.0550647
-9.44922 31.521 -7.27179 -0.266488 0.962799 0.0447513
-8.21371 31.9136 -8.56247 -0.238528 0.969028 0.0639408
-6.62439 32.3479 -10.1952 -0.172239 0.983355 0.0578423
-5.57566 32.5608 -11.2507 -0.131957 0.989099 0.0653521
-5.01682 32.6093 -10.5655 -0.122776 0.992389 0.00951739
-6.35266 32.3549 -9.21821 -0.20003 0.97921 0.0337095
-7.68022 32.0192 -7.8555 -0.238968 0.970415 0.0344884
-9.1209 31.578 -6.3505 -0.275225 0.96046 0.0420396
-10.4633 31.1168 -4.92497 -0.296453 0.954235 0.0393768
-11.8026 30.6219 -3.48326 -0.317796 0.947216 0.0422814
-13.213 30.0534 -1.94093 -0.329286 0.942647 0.0546625
-14.6973 29.4101 -0.31191 -0.344373 0.936674 0.0636339
-15.9728 28.8154 1.09175 -0.35681 0.930774 0.0796624
-17.2776 28.1747 2.53308 -0.364244 0.926411 0.0953306
-17.4493 28.0877 2.72292 -0.364244 0.926412 0.0953305
-15.9208 28.7257 2.34282 -0.365136 0.927454 0.0806535
-14.6432 29.3362 0.932846 -0.352012 0.933264 0.0714592
-13.4354 29.8818 -0.403993 -0.344572 0.937039 0.0568189
-12.2271 30.3892 -1.72566 -0.333266 0.941738 0.0454187
-10.8761 30.9185 -3.19825 -0.322707 0.945832 0.0355151
-9.61904 31.3703 -4.55083 -0.299264 0.953845 0.0249096
-8.20668 31.8277 -6.04496 -0.272014 0.962208 0.0128408
-6.88495 32.195 -7.41789 -0.230481 0.973011 0.0113313
-5.6716 32.473 -8.65661 -0.168532 0.985589 0.0145267
-7.25237 32.0945 -5.78276 -0.25442 0.967072 -0.00654963
-8.70944 31.6529 -4.2496 -0.296772 0.954809 0.0163441
-9.99472 31.2058 -2.86879 -0.318705 0.947661 0.019112
-11.2079 30.7416 -1.55077 -0.333055 0.942019 0.0409272
-12.4769 30.2163 -0.159064 -0.341917 0.93822 0.0532587
-13.8589 29.6036 1.36729 -0.35545 0.932507 0.0639248
-14.4531 29.3254 2.02564 -0.362652 0.929123 0.0722117
-13.155 29.8361 1.88999 -0.355923 0.932506 0.0612421
-11.6381 30.5056 0.214102 -0.346579 0.936927 0.045272
-10.3743 31.0223 -1.17029 -0.336182 0.941176 0.0341868
-9.16145 31.4804 -2.48993 -0.326702 0.945056 0.0116527
-8.49885 31.7093 -3.20343 -0.312542 0.949878 0.00705094
-8.91168 31.5488 -1.47859 -0.328954 0.944093 0.0218467
-10.189 31.05 -0.0840953 -0.345872 0.937548 0.0371015
-11.389 30.5476 1.233 -0.346177 0.937007 0.0466905
-11.7488 30.3897 1.63016 -0.353948 0.933632 0.0552391
-10.5847 30.8271 1.64275 -0.350237 0.935434 0.0479288
-9.4057 31.3219 0.34758 -0.342686 0.93886 0.0332821
-9.37965 31.3322 0.319145 -0.342199 0.939169 0.0293392
-9.02269 31.4274 1.22204 -0.354089 0.934259 0.0421965
-9.10978 31.3901 1.31821 -0.350063 0.935831 0.0409425
11.2273 33.6928 9.78666 0.0275066 0.998821 -0.0399993
11.1916 33.6952 9.8222 0.0614928 0.997941 -0.0182436
11.8074 33.7038 10.4586 0.0275066 0.998821 -0.0399993
12.6806 33.6185 9.58853 0.0713323 0.995576 -0.0611501
13.3096 33.4939 8.96273 0.0894969 0.988006 -0.125839
14.2084 33.273 8.07857 0.137779 0.971413 -0.193325
14.9899 32.976 7.31669 0.141738 0.964021 -0.224888
19.1645 31.3937 4.73723 0.157125 0.911409 -0.380322
18.3957 31.8004 5.40177 0.153901 0.917922 -0.365697
17.5873 32.19 6.11856 0.149764 0.933853 -0.324791
16.5839 32.6557 7.03629 0.13575 0.94972 -0.282142
15.7645 32.9798 7.81015 0.137815 0.964867 -0.223695
14.8027 33.3026 8.73988 0.129737 0.978498 -0.160343
13.9784 33.5145 9.54974 0.0810973 0.989993 -0.115484
13.1229 33.6453 10.399 0.0416669 0.996156 -0.0770504
12.5875 33.7006 10.9311 0.0112309 0.999062 -0.0418324
13.2988 33.7295 11.4739 -0.00488232 0.998889 -0.0468608
14.148 33.621 10.6324 0.0454666 0.993216 -0.10703
15.1802 33.4242 9.61308 0.0860636 0.982556 -0.164852
16.08 33.1689 8.73757 0.0965982 0.976676 -0.191762
17.2155 32.7445 7.66425 0.140085 0.953691 -0.266177
18.223 32.3148 6.74145 0.119662 0.93291 -0.339648
19.0428 31.9337 6.01036 0.124205 0.924827 -0.359539
20.0039 31.4401 5.18024 0.144149 0.908868 -0.391382
20.7845 31.5316 5.67133 0.129709 0.909047 -0.395991
19.9818 31.943 6.3585 0.124412 0.928198 -0.35067
19.1327 32.3323 7.11005 0.122137 0.932202 -0.340707
18.3442 32.6717 7.82422 0.117605 0.9433 -0.310409
17.27 33.0676 8.82755 0.0850062 0.955372 -0.28291
16.1474 33.4023 9.90732 0.0525866 0.979564 -0.194138
15.2558 33.585 10.7839 0.0660131 0.989105 -0.131578
14.0685 33.7468 11.9589 0.0409819 0.994935 -0.0917917
13.7995 33.7673 12.2258 -0.00551329 0.998706 -0.0505564
14.2039 33.8342 13.0728 -0.0370152 0.996828 -0.0704555
15.0538 33.7726 12.2256 0.000127398 0.99126 -0.13192
16.0172 33.631 11.2751 0.0296798 0.988732 -0.146727
16.8133 33.4826 10.4931 0.0525867 0.979564 -0.194138
17.8624 33.1993 9.48462 0.0384221 0.975008 -0.218824
18.8681 32.842 8.5462 0.0746896 0.955984 -0.283752
19.7512 32.4962 7.73956 0.0774567 0.943527 -0.322114
20.8731 31.9927 6.74764 0.10772 0.919261 -0.378623
21.4006 31.7265 6.29908 0.12191 0.909799 -0.396741
22.1491 31.8515 6.81395 0.105368 0.911432 -0.397729
21.2565 32.2786 7.58364 0.0934631 0.928153 -0.360272
20.4249 32.6351 8.31924 0.0687317 0.949388 -0.306494
19.576 32.9565 9.09402 0.0826384 0.949324 -0.30324
18.7694 33.2373 9.84432 0.0656312 0.960204 -0.271478
18.0077 33.4427 10.5707 0.024894 0.97146 -0.235894
16.8433 33.6768 11.701 -0.0159869 0.984298 -0.175791
16.0321 33.8088 12.4978 -0.00390036 0.994168 -0.107771
15.2084 33.8711 13.3196 -0.00792685 0.996471 -0.0835609
14.7881 33.9029 13.7389 -0.0224739 0.996776 -0.077018
15.5559 33.9734 14.2189 -0.0534616 0.992989 -0.10543
16.4356 33.9207 13.3396 -0.0538051 0.992104 -0.113287
17.7553 33.7518 12.038 -0.0016477 0.983299 -0.181988
18.6187 33.581 11.2045 0.0187968 0.97707 -0.212087
19.5903 33.2978 10.2869 0.0673003 0.964161 -0.25664
20.6901 32.9302 9.27072 0.0548108 0.949258 -0.309686
21.788 32.4941 8.28699 0.0958221 0.930095 -0.354601
22.3576 32.2505 7.7871 0.0917931 0.922672 -0.374501
23.0873 32.3924 8.31574 0.0917949 0.922671 -0.374502
22.0454 32.827 9.22987 0.0861381 0.930828 -0.355161
20.7809 33.2763 10.3815 0.0571284 0.953161 -0.297018
19.7749 33.5759 11.3215 0.0263183 0.960788 -0.276033
18.9586 33.7579 12.1011 -0.0155076 0.976168 -0.21646
18.1418 33.9096 12.8916 -0.0422311 0.986277 -0.159604
17.0592 34.0255 13.9606 -0.0366304 0.991602 -0.124034
15.8594 34.0822 15.1618 -0.0531182 0.993811 -0.0975646
15.8391 34.0831 15.1821 -0.0776922 0.994074 -0.0760302
16.4215 34.1794 15.8457 -0.0776922 0.994074 -0.0760302
17.313 34.1495 14.9532 -0.0800262 0.99126 -0.104881
18.0732 34.1067 14.1967 -0.0514613 0.989367 -0.136032
18.9977 34.0025 13.287 -0.0308221 0.985824 -0.164928
19.8091 33.8631 12.5009 -0.0253732 0.976224 -0.215276
20.7739 33.6267 11.589 0.0258309 0.96008 -0.278531
21.8278 33.2972 10.6158 0.0298036 0.950409 -0.309571
22.877 32.9384 9.6617 0.057142 0.936666 -0.345531
24.034 32.4467 8.656 0.0777234 0.917925 -0.389067
24.5267 32.7025 9.38473 0.0688576 0.921955 -0.381128
23.3668 33.1626 10.4035 0.0495825 0.946519 -0.318817
22.2954 33.5263 11.3765 0.0298299 0.954023 -0.298245
21.3615 33.8084 12.2386 0.00848591 0.958876 -0.2837
20.5825 33.9846 12.9764 -0.0210067 0.978055 -0.207283
19.7312 34.1223 13.801 -0.0388458 0.983256 -0.17804
18.7729 34.2205 14.7445 -0.0614384 0.988684 -0.136858
17.9284 34.266 15.5847 -0.0822547 0.990434 -0.110791
17.1406 34.2916 16.3721 -0.0971917 0.99076 -0.0945984
17.4878 34.396 17.2751 -0.109837 0.991306 -0.0724406
18.4748 34.395 16.2834 -0.0923511 0.988831 -0.116978
19.3183 34.3648 15.4418 -0.0757609 0.984193 -0.160078
20.2139 34.2831 14.5602 -0.0517315 0.98259 -0.178439
21.1425 34.1532 13.6565 -0.0483883 0.980056 -0.19274
21.9278 33.9913 12.9095 0.00815416 0.96346 -0.267729
22.7776 33.7454 12.1223 0.0278202 0.953746 -0.299324
23.6894 33.4536 11.2907 0.0339628 0.952557 -0.302458
24.8486 33.0384 10.2557 0.0510039 0.941915 -0.331956
24.8505 33.0377 10.254 0.0599518 0.9323 -0.356683
25.2204 33.3194 11.0955 0.0409797 0.936338 -0.348701
24.3647 33.6201 11.858 0.00534178 0.948148 -0.317785
23.5555 33.867 12.5968 0.0157606 0.959065 -0.282746
22.6824 34.1221 13.4029 0.017194 0.962237 -0.27167
21.5682 34.3339 14.4684 -0.0298908 0.980908 -0.192163
20.5217 34.456 15.49 -0.0535166 0.98479 -0.1653
19.3786 34.527 16.6227 -0.100213 0.988033 -0.11725
18.3618 34.5251 17.6451 -0.125422 0.98855 -0.083897
18.184 34.5194 17.8247 -0.114674 0.989972 -0.0824939
18.3309 34.634 18.9281 -0.152504 0.984508 -0.08652
19.3449 34.6825 17.8982 -0.119478 0.987322 -0.104503
20.1275 34.6659 17.1154 -0.111326 0.985814 -0.125605
21.1632 34.6068 16.0896 -0.0764066 0.980278 -0.182253
22.3712 34.4592 14.9143 -0.0421495 0.977184 -0.20817
23.5057 34.2357 13.8339 -0.00331845 0.972427 -0.233182
24.7102 33.8984 12.7223 0.00562105 0.957008 -0.290005
25.5273 33.6368 11.9838 0.0239272 0.935973 -0.351257
25.8258 33.5347 11.7195 0.00686413 0.935332 -0.353705
26.5755 33.7144 12.2129 0.00867786 0.936494 -0.350576
25.657 33.9972 13.0381 -0.00957861 0.95457 -0.297832
24.7043 34.2644 13.9136 -0.0102603 0.959763 -0.280623
23.9072 34.442 14.6628 -0.0323926 0.96622 -0.255674
23.047 34.6035 15.4818 -0.0554814 0.977708 -0.202504
22.2104 34.7254 16.2889 -0.0609213 0.980145 -0.188689
21.271 34.8042 17.2125 -0.0780935 0.984221 -0.158779
20.223 34.8259 18.2602 -0.120371 0.984124 -0.130429
19.4711 34.8053 19.0206 -0.139918 0.985193 -0.0990871
18.9464 34.7843 19.5527 -0.152505 0.984508 -0.0865202
19.3322 34.9125 20.4136 -0.171033 0.982618 -0.0721793
20.3719 34.9786 19.3527 -0.154543 0.982661 -0.102436
21.5117 34.9771 18.2079 -0.129621 0.982225 -0.135765
22.5596 34.9152 17.1722 -0.102693 0.980143 -0.169627
23.6939 34.7741 16.0725 -0.0522365 0.975177 -0.215179
24.4765 34.6367 15.3267 -0.0356617 0.970592 -0.238074
25.3777 34.429 14.4836 -0.0136794 0.964836 -0.262496
26.4231 34.1573 13.521 -0.0123211 0.954793 -0.297015
27.1164 33.963 12.8905 0.0189841 0.935621 -0.352494
27.4389 34.2592 13.7719 0.00343741 0.949155 -0.314791
26.6017 34.4807 14.5378 -0.0299005 0.958421 -0.283788
25.7098 34.6917 15.3659 -0.0379849 0.958969 -0.280955
24.8977 34.8522 16.1315 -0.0718584 0.967062 -0.244189
24.0334 34.99 16.9589 -0.0866759 0.973363 -0.212254
23.0918 35.0933 17.8751 -0.10577 0.976114 -0.189775
22.209 35.1505 18.7454 -0.102661 0.980194 -0.169351
21.2919 35.1515 19.6659 -0.1383 0.980869 -0.137002
20.3321 35.102 20.6427 -0.153404 0.983435 -0.0965551
19.6423 35.0392 21.3511 -0.177703 0.981315 -0.0737746
20.2391 35.1986 21.9933 -0.178826 0.980676 -0.079341
21.2311 35.2869 20.974 -0.177462 0.978788 -0.102374
22.2508 35.3246 19.9406 -0.138194 0.981053 -0.135788
23.3414 35.2933 18.8549 -0.114954 0.978628 -0.170506
24.3359 35.2174 17.8781 -0.0866796 0.973362 -0.212257
25.3227 35.0848 16.9277 -0.0743425 0.970374 -0.229886
26.3676 34.8782 15.9438 -0.050897 0.963875 -0.261447
27.2811 34.6693 15.0962 -0.0386118 0.956092 -0.290511
27.8497 34.5314 14.5727 -0.024364 0.949287 -0.313466
27.9332 34.872 15.6764 -0.0350794 0.955918 -0.291532
27.0923 35.0629 16.455 -0.040275 0.960137 -0.276615
25.8772 35.2917 17.6004 -0.0797383 0.96879 -0.234708
24.9709 35.4073 18.4751 -0.0945324 0.971805 -0.216008
24.1058 35.4676 19.3256 -0.11734 0.977597 -0.174742
23.2962 35.5066 20.1271 -0.135881 0.979161 -0.150928
22.542 35.5038 20.884 -0.156332 0.97822 -0.136553
21.5029 35.4387 21.9447 -0.177739 0.978623 -0.103467
20.3714 35.3133 23.1137 -0.188929 0.978658 -0.0808402
20.2989 35.3041 23.1888 -0.207036 0.976794 -0.0548527
20.7715 35.4674 23.9569 -0.229264 0.97105 -0.0670735
21.5336 35.5603 23.1662 -0.203424 0.97437 -0.0960332
22.4708 35.641 22.2039 -0.176164 0.978931 -0.10325
23.3215 35.6842 21.3389 -0.135826 0.982202 -0.129735
24.1593 35.6836 20.4981 -0.126625 0.978491 -0.162854
25.2347 35.6247 19.4364 -0.119799 0.977292 -0.174779
26.1495 35.5347 18.5456 -0.103154 0.973108 -0.205961
27.4069 35.3321 17.3498 -0.0883586 0.961843 -0.258943
28.0387 35.2036 16.7615 -0.0666182 0.955875 -0.286119
28.7672 35.4089 17.2641 -0.0690393 0.953228 -0.29426
27.669 35.6115 18.2928 -0.0961338 0.96133 -0.258075
26.8087 35.7333 19.116 -0.113195 0.971675 -0.207449
25.9076 35.8135 19.9959 -0.129123 0.971429 -0.199132
25.1434 35.8607 20.7483 -0.136802 0.970227 -0.19986
24.2957 35.8713 21.5957 -0.1598 0.974927 -0.15486
23.2439 35.8383 22.6615 -0.183357 0.976188 -0.115919
22.373 35.7747 23.5525 -0.191974 0.975893 -0.103821
21.365 35.6499 24.5982 -0.214123 0.973468 -0.0806938
20.5797 35.518 25.4237 -0.229171 0.971581 -0.0592479
20.8233 35.6391 26.4345 -0.24286 0.968549 -0.0541565
21.5846 35.7723 25.6327 -0.233999 0.970211 -0.0627273
22.5058 35.906 24.6709 -0.209239 0.973986 -0.0870035
23.262 35.984 23.8909 -0.204017 0.974454 -0.0938952
24.4593 36.0677 22.6637 -0.171974 0.975749 -0.135419
25.4822 36.0688 21.6372 -0.147863 0.975232 -0.164499
26.2468 36.0362 20.8802 -0.123016 0.974765 -0.186282
27.223 35.9536 19.9259 -0.112758 0.971968 -0.206311
28.0385 35.8809 19.1314 -0.11115 0.960312 -0.255824
29.1045 35.7076 18.1252 -0.086649 0.953031 -0.290213
29.1798 36.0401 19.2348 -0.103841 0.959406 -0.262215
28.0296 36.1595 20.347 -0.140422 0.966982 -0.212669
27.2633 36.2137 21.0992 -0.151078 0.968333 -0.198763
26.4539 36.2505 21.8996 -0.133623 0.973366 -0.186286
25.3559 36.2677 22.9957 -0.158725 0.974457 -0.158868
24.3015 36.2156 24.0694 -0.19038 0.973743 -0.124822
23.3726 36.1171 25.0315 -0.204017 0.974454 -0.0938959
22.4918 36.0119 25.9441 -0.219514 0.973027 -0.0709336
21.6927 35.872 26.7859 -0.23862 0.969168 -0.061429
20.9448 35.7268 27.578 -0.250746 0.966934 -0.0465275
21.081 35.8153 28.7071 -0.264037 0.963776 -0.0376823
21.8863 35.9878 27.8489 -0.2477 0.967257 -0.0552978
22.7287 36.1381 26.9605 -0.238736 0.969104 -0.0619931
23.4728 36.2438 26.1838 -0.224987 0.970651 -0.0849543
24.3291 36.3494 25.2932 -0.211344 0.972629 -0.0965792
25.1024 36.4234 24.4948 -0.180727 0.974843 -0.130455
25.965 36.4668 23.6166 -0.168265 0.975025 -0.144958
26.8991 36.4612 22.6812 -0.143273 0.974486 -0.17277
27.7986 36.434 21.7871 -0.161648 0.969414 -0.18468
28.7123 36.3777 20.8879 -0.143837 0.966336 -0.21332
29.537 36.2967 20.0904 -0.115799 0.963175 -0.242659
29.6414 36.5857 21.1875 -0.131533 0.964662 -0.22831
28.6817 36.6487 22.1278 -0.161427 0.966019 -0.201863
27.8792 36.6657 22.9279 -0.162634 0.96894 -0.186296
27.0469 36.6589 23.7657 -0.165298 0.973589 -0.157481
25.932 36.6352 24.8912 -0.186881 0.974996 -0.120242
24.8696 36.535 25.9868 -0.205225 0.97401 -0.0958501
23.9598 36.4222 26.9329 -0.225033 0.97117 -0.0786692
23.1109 36.2919 27.8234 -0.234542 0.969685 -0.0685666
22.1595 36.1087 28.8312 -0.254626 0.965912 -0.0466804
21.3797 35.9349 29.6644 -0.264754 0.963576 -0.0377768
21.3603 35.9794 30.964 -0.270633 0.962092 -0.0337308
22.1227 36.1601 30.1452 -0.265761 0.963153 -0.0413098
22.8495 36.3154 29.37 -0.253563 0.966132 -0.0479097
23.9227 36.5107 28.2358 -0.236657 0.968396 -0.0787577
24.7781 36.6513 27.3357 -0.23431 0.967911 -0.0908158
25.5434 36.7375 26.5422 -0.217091 0.969823 -0.110972
26.2873 36.8043 25.776 -0.200333 0.97219 -0.121295
27.2571 36.8639 24.785 -0.179943 0.970591 -0.15992
28.4466 36.887 23.5837 -0.170788 0.97011 -0.172392
29.232 36.8759 22.7995 -0.167697 0.969072 -0.181047
29.8466 36.8407 22.196 -0.137663 0.967402 -0.21256
29.9726 37.0879 23.2863 -0.162504 0.969862 -0.18155
29.1421 37.1057 24.1125 -0.174526 0.969247 -0.173496
27.9554 37.0817 25.3113 -0.185742 0.971772 -0.145462
26.8699 37.0056 26.4236 -0.202543 0.971688 -0.121651
26.0824 36.9373 27.2341 -0.218733 0.970255 -0.103736
25.308 36.8416 28.0392 -0.220364 0.970633 -0.0964909
24.5648 36.7273 28.8188 -0.248201 0.964962 -0.0851198
23.5127 36.5239 29.9355 -0.269696 0.961412 -0.0543291
22.6852 36.3442 30.8191 -0.259665 0.964668 -0.0446076
21.8543 36.1467 31.7119 -0.271555 0.961572 -0.0404728
21.2924 36.0059 32.3179 -0.28279 0.958743 -0.0289995
21.2567 36.0383 33.6384 -0.289609 0.956656 -0.0305977
22.1944 36.2812 32.624 -0.277179 0.96019 -0.0347369
22.918 36.4568 31.845 -0.282206 0.958399 -0.0427875
23.7237 36.642 30.9807 -0.269578 0.961537 -0.0526722
24.7286 36.8484 29.9106 -0.249159 0.96616 -0.0667423
25.4569 36.9837 29.1394 -0.243266 0.966953 -0.076317
26.3278 37.0956 28.2329 -0.227582 0.968479 -0.101271
27.2466 37.1929 27.2821 -0.20424 0.970843 -0.125498
28.0548 37.2531 26.4529 -0.197488 0.97112 -0.13388
29.1044 37.3099 25.3821 -0.183928 0.970486 -0.155975
29.7935 37.3256 24.6858 -0.174529 0.969247 -0.173494
29.994 37.529 25.7167 -0.200017 0.967141 -0.156944
29.1949 37.5042 26.5263 -0.193596 0.970395 -0.144408
28.1917 37.4279 27.5566 -0.208164 0.97007 -0.125026
27.3925 37.3546 28.3806 -0.218885 0.970292 -0.103065
26.5948 37.2603 29.2086 -0.22913 0.969044 -0.0919352
25.8473 37.1492 29.9914 -0.243263 0.966953 -0.0763183
25.0969 37.0078 30.7863 -0.255716 0.96453 -0.0655139
24.2475 36.8278 31.6922 -0.269328 0.961612 -0.0525811
23.3264 36.6144 32.6808 -0.282362 0.958291 -0.0441501
22.5298 36.4153 33.5413 -0.291719 0.955803 -0.0366254
21.6389 36.1796 34.5075 -0.294851 0.955277 -0.0225408
21.0927 36.0229 35.1036 -0.29519 0.955245 -0.0192533
20.8776 35.9841 36.6261 -0.301627 0.953306 -0.0151304
21.6376 36.2109 35.794 -0.300367 0.953479 -0.0256557
22.5824 36.4754 34.7653 -0.289255 0.956778 -0.030127
23.2956 36.6663 33.991 -0.290441 0.956306 -0.0335108
24.1753 36.882 33.0421 -0.276059 0.95985 -0.0497981
25.2108 37.1106 31.9349 -0.262347 0.963304 -0.0567443
26.0684 37.2802 31.0238 -0.255124 0.964996 -0.0607799
27.0446 37.4386 29.9977 -0.237543 0.967592 -0.0856624
27.7966 37.5338 29.215 -0.218213 0.970549 -0.102068
28.8295 37.6467 28.1441 -0.219018 0.966072 -0.136883
29.717 37.7196 27.2306 -0.21892 0.96526 -0.142642
30.3691 37.7574 26.5637 -0.217313 0.962346 -0.163295
30.4179 37.9552 27.749 -0.218918 0.96526 -0.142644
29.6437 37.8884 28.5474 -0.221329 0.965593 -0.136541
28.8958 37.8088 29.3225 -0.236769 0.966218 -0.101803
28.0682 37.6971 30.1876 -0.227502 0.968427 -0.10194
27.256 37.5774 31.0378 -0.237992 0.968837 -0.0686627
26.1545 37.3769 32.2023 -0.25464 0.965137 -0.0605656
25.3225 37.2058 33.0884 -0.267092 0.962188 -0.0534392
24.2335 36.9571 34.2564 -0.285439 0.957639 -0.03812
23.5204 36.7672 35.0297 -0.288571 0.956973 -0.030478
22.5816 36.5151 36.0481 -0.294868 0.955135 -0.027757
21.8049 36.2834 36.8986 -0.303895 0.9526 -0.0141762
20.7888 35.9748 38.0116 -0.302616 0.953067 -0.00930137
20.4712 35.8774 38.3592 -0.302616 0.953067 -0.00930137
21.181 36.1091 38.8706 -0.30502 0.952283 -0.0109816
22.1281 36.4028 37.8324 -0.308625 0.951143 -0.008769
22.9466 36.6503 36.9353 -0.30076 0.953505 -0.019297
24.0045 36.939 35.7867 -0.290955 0.956232 -0.0310781
24.937 37.1859 34.7757 -0.302838 0.952348 -0.0363532
25.6716 37.3514 33.989 -0.264958 0.962805 -0.0529497
26.5595 37.5377 33.0423 -0.257542 0.964242 -0.0625216
27.3408 37.6888 32.2131 -0.247701 0.965659 -0.0784033
28.3583 37.862 31.1413 -0.244779 0.966358 -0.0789694
29.42 38.0142 30.0287 -0.240569 0.964824 -0.106023
30.3168 38.1169 29.0965 -0.215204 0.967862 -0.130118
30.3892 38.123 29.0219 -0.21516 0.967921 -0.129752
30.3499 38.2748 30.3111 -0.237083 0.965666 -0.106213
29.325 38.1261 31.3861 -0.243854 0.966529 -0.0797259
28.355 37.9637 32.4081 -0.245706 0.966184 -0.0782105
27.3199 37.7736 33.5031 -0.260572 0.963317 -0.0642128
26.5261 37.6085 34.3495 -0.27157 0.960873 -0.0545193
25.6507 37.4138 35.2857 -0.265956 0.962788 -0.0480364
24.9291 37.2354 36.0636 -0.277422 0.960747 0.00169056
24.1316 37.0126 36.9313 -0.282692 0.959012 -0.0195167
23.3777 36.7997 37.7521 -0.295328 0.955327 -0.0114852
22.6624 36.5822 38.5349 -0.297691 0.954649 -0.00506584
21.9784 36.3693 39.2849 -0.305044 0.9523 -0.00859396
22.94 36.6743 39.522 -0.297931 0.95457 -0.00572361
23.9182 36.9734 38.4512 -0.297831 0.954604 -0.00534372
24.6485 37.1811 37.6559 -0.286522 0.957859 -0.0202643
25.6757 37.4604 36.5412 -0.282716 0.958903 -0.0239973
26.5684 37.6839 35.5785 -0.265518 0.963127 -0.0434229
27.3664 37.8644 34.7242 -0.257381 0.965465 -0.0404059
28.3532 38.0621 33.6757 -0.257627 0.964172 -0.0632547
29.2886 38.2231 32.689 -0.250109 0.965223 -0.0760923
30.18 38.3721 31.7486 -0.244382 0.966384 -0.0798757
30.0926 38.4693 33.1036 -0.251034 0.964493 -0.0820729
29.0439 38.2798 34.2134 -0.250108 0.965223 -0.0760959
28.1159 38.083 35.2024 -0.25499 0.966032 -0.0419755
27.2722 37.8941 36.1047 -0.259611 0.965071 -0.0352166
26.457 37.6977 36.9803 -0.273116 0.961719 -0.0224358
25.4892 37.4404 38.0279 -0.286637 0.957811 -0.0208863
24.7666 37.2417 38.8136 -0.293335 0.955912 -0.0136996
24.0293 37.0149 39.6209 -0.298931 0.954257 -0.00575821
23.785 36.9402 39.8883 -0.297927 0.954571 -0.00572104
24.3214 37.107 40.5931 -0.293899 0.955836 -0.000601034
25.0293 37.3262 39.818 -0.295193 0.955435 0.00212701
26.0077 37.6112 38.7508 -0.285587 0.958128 -0.02077
26.7232 37.7976 37.9778 -0.274202 0.961355 -0.0247069
27.8361 38.0713 36.7808 -0.262504 0.964217 -0.0371201
28.6672 38.2591 35.8918 -0.255998 0.965747 -0.042406
29.7691 38.4961 34.7161 -0.251367 0.966875 -0.0443654
29.799 38.5023 34.6842 -0.245839 0.9676 -0.0575647
29.7845 38.5604 35.9763 -0.258831 0.964753 -0.0475234
28.8526 38.3554 36.9722 -0.25925 0.964995 -0.0396646
27.8018 38.1053 38.0995 -0.263456 0.964256 -0.0283071
27.0222 37.9076 38.9397 -0.27418 0.96136 -0.0247506
25.932 37.6036 40.1228 -0.294011 0.9558 0.00194279
25.38 37.4326 40.727 -0.291793 0.956477 0.00281781
26.2556 37.6973 41.0623 -0.291701 0.956487 0.00656085
27.0759 37.9453 40.1674 -0.277106 0.960839 -0.000669661
27.9372 38.1707 39.2385 -0.258666 0.965841 -0.0156035
28.854 38.394 38.2538 -0.256632 0.966271 -0.0214661
29.5057 38.5515 37.5538 -0.255032 0.966597 -0.0254912
29.1544 38.4952 39.2172 -0.257211 0.966174 -0.0187418
28.3201 38.2874 40.1138 -0.25867 0.96584 -0.0156015
27.3644 38.0264 41.1457 -0.267631 0.963521 0.000310785
27.1045 37.9533 41.4268 -0.282388 0.959264 0.00839692
27.9152 38.1818 41.8406 -0.274942 0.961431 0.00760039
28.9954 38.4785 40.6744 -0.262242 0.964941 -0.0109006
