-18.3141 0.509679 -38.0138 -0.0783851 -0.984762 -0.155207
-19.5486 0.588339 -37.9308 -0.0732921 -0.984266 -0.160772
-20.8015 0.682186 -37.9341 -0.0713436 -0.984313 -0.161351
-22.8298 0.762082 -37.5402 -0.0699965 -0.984118 -0.163128
-24.1317 0.785556 -37.1316 -0.069135 -0.984079 -0.163734
-25.2536 0.785486 -36.6574 -0.0668617 -0.983812 -0.166226
-26.8578 0.706544 -35.6135 -0.0590532 -0.984105 -0.16748
-27.7216 0.650906 -34.9904 -0.0579494 -0.984035 -0.168274
-28.5167 0.576042 -34.2912 -0.0541654 -0.98201 -0.180826
-29.4715 0.528174 -33.7781 -0.0484523 -0.982025 -0.182428
-30.5337 0.513707 -33.4181 -0.0471505 -0.981938 -0.183229
-31.6529 0.526674 -33.2085 -0.0461365 -0.981807 -0.184188
-32.8155 0.536388 -32.9674 -0.043176 -0.9816 -0.185965
-34.0408 0.52991 -32.6727 -0.0399277 -0.981437 -0.187584
-35.4444 0.532436 -32.3792 -0.0396581 -0.98107 -0.189537
-36.7938 0.550417 -32.2037 -0.0378892 -0.9809 -0.190787
-38.0117 0.562387 -31.9999 -0.0423338 -0.980289 -0.192981
-39.1021 0.536397 -31.6866 -0.0325435 -0.979657 -0.198023
-40.184 0.524406 -31.4468 -0.0329473 -0.979736 -0.197566
-41.3462 0.543194 -31.3553 -0.0292381 -0.980278 -0.195441
-42.8275 0.616394 -31.4933 -0.0303236 -0.980432 -0.19451
-44.3179 0.732965 -31.8743 -0.0261855 -0.980785 -0.193328
-45.7028 0.814102 -32.115 -0.0226937 -0.980529 -0.195055
-46.679 0.952317 -32.7007 -0.0219974 -0.980607 -0.194747
-47.5887 1.11581 -33.428 -0.0207872 -0.98174 -0.189082
-48.5798 1.25567 -34.0627 -0.0154543 -0.98155 -0.190578
-49.5946 1.39071 -34.6759 -0.0130751 -0.98181 -0.189395
-50.7988 1.50921 -35.2258 -0.0106952 -0.98207 -0.188212
-51.948 1.61849 -35.718 -0.0112464 -0.982826 -0.18414
-52.9204 1.70375 -36.1424 -0.00588461 -0.984403 -0.175831
-54.5006 1.8449 -36.8759 -0.00907116 -0.984526 -0.174979
-56.0317 1.95671 -37.4294 -0.00581432 -0.985413 -0.17008
-57.2059 2.01929 -37.7567 0.00106016 -0.986997 -0.160605
-58.8285 2.04115 -37.9511 0.00566909 -0.98736 -0.158387
-60.2677 2.0526 -38.0753 0.00694399 -0.986986 -0.160649
-61.5863 2.04307 -38.0458 0.00383106 -0.987677 -0.156307
-63.1299 1.98717 -37.7323 0.00671504 -0.988678 -0.149896
-64.8098 1.89681 -37.2812 0.00636477 -0.988023 -0.154074
-66.0552 1.83871 -36.9145 0.00610975 -0.98856 -0.150636
-66.9957 1.74782 -36.3804 0.010213 -0.988694 -0.1496
-68.1738 1.66255 -35.8946 0.00977875 -0.988626 -0.150072
-69.3482 1.69005 -36.1553 0.0102989 -0.98853 -0.150674
-70.3579 1.79983 -36.9429 0.0123726 -0.988963 -0.147589
-71.2613 1.90826 -37.7852 0.0138508 -0.990179 -0.139117
-71.7927 2.06644 -38.9639 0.0192282 -0.990899 -0.132972
-71.9476 2.22155 -40.224 0.0238188 -0.992062 -0.123477
-71.8714 2.37227 -41.4215 0.0197181 -0.992472 -0.120877
-71.6402 2.54912 -42.8781 0.023617 -0.993089 -0.114929
-71.3873 2.68426 -43.9722 0.0257281 -0.992836 -0.116684
-70.8528 2.81236 -45.0377 0.0309404 -0.993676 -0.107678
-70.043 2.97331 -46.2015 0.0374556 -0.993085 -0.111267
-69.2141 3.11741 -47.2495 0.0387653 -0.994142 -0.100846
-68.1634 3.27683 -48.3992 0.0366497 -0.993999 -0.103063
-66.6668 3.44738 -49.6137 0.0337111 -0.994814 -0.0959587
-65.596 3.55224 -50.3092 0.0316373 -0.995313 -0.0911916
-64.7169 3.63108 -50.9331 0.0277357 -0.995843 -0.0867579
-63.7558 3.72069 -51.6302 0.0299839 -0.995812 -0.0863723
-62.7103 3.81166 -52.319 0.0298617 -0.99583 -0.0861988
-61.8467 3.89412 -52.9648 0.0278453 -0.996151 -0.0831096
-60.7535 3.98864 -53.7314 0.0228222 -0.996123 -0.0847893
-59.792 4.05993 -54.4039 0.0166625 -0.996618 -0.080396
-58.4654 4.16413 -55.4299 0.0178516 -0.997002 -0.0752572
-57.6411 4.24232 -56.2148 0.025612 -0.996798 -0.0757527
-56.6667 4.37591 -57.7083 0.0205782 -0.997442 -0.0683765
-56.145 4.45474 -58.7431 0.0168977 -0.997775 -0.0644375
-55.6475 4.53196 -59.8608 0.0163749 -0.997963 -0.0616567
-55.253 4.61453 -61.1253 0.0162509 -0.998374 -0.0543859
-54.9636 4.67212 -62.2055 0.0145736 -0.998675 -0.0493444
-54.5677 4.72919 -63.241 0.0146416 -0.998533 -0.0520866
-53.685 4.78278 -64.1411 0.0139615 -0.998844 -0.0459871
-51.9767 4.80566 -64.0819 0.016649 -0.998759 -0.0469425
-50.5608 4.80099 -63.8474 -0.00137651 -0.998752 -0.0499332
-49.2659 4.77266 -63.3753 -0.00861053 -0.998551 -0.0531278
-48.2661 4.72494 -62.6405 -0.00841106 -0.998549 -0.0531984
-47.0315 4.62469 -61.1318 -0.0140421 -0.998155 -0.0590795
-46.273 4.54761 -60.0242 -0.0126885 -0.997928 -0.0630546
-45.4508 4.48249 -59.1606 -0.0102115 -0.997854 -0.0646788
-44.6639 4.41726 -58.2786 -0.0149427 -0.997333 -0.0709946
-43.2428 4.28315 -56.8852 -0.0179259 -0.996745 -0.0785792
-42.1983 4.20287 -56.1298 -0.0186847 -0.996613 -0.0800784
-40.9286 4.11608 -55.5162 -0.0332949 -0.995919 -0.0838811
-39.6422 4.04495 -55.195 -0.036784 -0.995707 -0.0848875
-38.4745 3.97568 -54.9287 -0.0414197 -0.995352 -0.0868958
-36.9788 3.9097 -54.8942 -0.0388892 -0.995331 -0.0883436
-35.6501 3.84805 -54.7844 -0.0391551 -0.995318 -0.0883684
-34.5498 3.79785 -54.7209 -0.0435331 -0.994212 -0.0982168
-32.6164 3.66401 -54.3359 -0.0528227 -0.993514 -0.100695
-31.4564 3.53593 -53.6976 -0.0595968 -0.993844 -0.0933894
-30.4064 3.4038 -53.0675 -0.0634005 -0.992248 -0.106886
-29.4036 3.2776 -52.4908 -0.0623425 -0.992362 -0.106442
-28.3347 3.1506 -51.9197 -0.0612847 -0.992476 -0.105998
-27.2439 3.02913 -51.4147 -0.0669185 -0.991928 -0.107578
-26.1837 2.91698 -51.0943 -0.0717682 -0.991392 -0.109501
-24.8325 2.77113 -50.6729 -0.0735195 -0.990883 -0.112887
-23.6502 2.65252 -50.3887 -0.0721187 -0.990915 -0.113514
-22.4095 2.51962 -50.0202 -0.0780802 -0.991167 -0.10714
-21.262 2.39455 -49.7735 -0.0850447 -0.990631 -0.106857
-20.1452 2.27486 -49.5527 -0.0870189 -0.990363 -0.10772
-18.7759 2.1226 -49.2615 -0.0850657 -0.990251 -0.110306
-17.3398 1.95191 -48.8554 -0.0867039 -0.989999 -0.111284
-16.1498 1.82671 -48.6809 -0.0880391 -0.98992 -0.11094
-14.6824 1.70759 -48.8458 -0.0986797 -0.988705 -0.112789
-13.4744 1.63693 -49.2995 -0.0996132 -0.988791 -0.111219
-12.4963 1.58916 -49.7615 -0.101225 -0.988609 -0.111383
-11.3375 1.53189 -50.3033 -0.101045 -0.988601 -0.111616
-10.0478 1.50104 -51.1781 -0.100352 -0.989141 -0.107274
-8.98234 1.46578 -51.8943 -0.101877 -0.989467 -0.102836
-8.38176 1.52529 -53.091 -0.105663 -0.989415 -0.0994327
-7.59088 1.56288 -54.3331 -0.105395 -0.989682 -0.0970612
-7.02798 1.63648 -55.6957 -0.104136 -0.990236 -0.0925534
-6.73857 1.72429 -57.021 -0.102787 -0.990795 -0.0880904
-6.52052 1.83177 -58.5759 -0.106185 -0.991349 -0.07715
-6.52213 1.95753 -60.1783 -0.106523 -0.99127 -0.0776901
-6.80823 2.0913 -61.5713 -0.106507 -0.991994 -0.0678486
-7.15938 2.21876 -62.8836 -0.10632 -0.992019 -0.0677834
-7.42997 2.33768 -64.3274 -0.108576 -0.992444 -0.0571529
-7.4742 2.41259 -65.5381 -0.103994 -0.992943 -0.056992
-7.63368 2.4947 -66.6983 -0.103853 -0.993016 -0.0559814
-7.306 2.53324 -67.9899 -0.101129 -0.993676 -0.0480709
-6.13184 2.46015 -69.1636 -0.102202 -0.994005 -0.0388346
-4.79136 2.34511 -69.8036 -0.10714 -0.993179 -0.0459634
-3.4085 2.219 -70.2447 -0.105275 -0.993366 -0.0462659
-2.04196 2.08694 -70.5187 -0.103383 -0.993555 -0.0464498
-0.966085 1.98627 -70.7286 -0.102181 -0.993711 -0.0457913
0.156814 1.87574 -70.8357 -0.103291 -0.993594 -0.0458418
1.74357 1.6989 -70.5906 -0.102753 -0.993569 -0.0475662
3.07941 1.53899 -70.2612 -0.109883 -0.992643 -0.0508511
4.28757 1.39974 -70.1534 -0.10777 -0.992857 -0.0511512
5.62873 1.22953 -69.6224 -0.105657 -0.993071 -0.0514508
6.1851 1.1212 -68.758 -0.108836 -0.992222 -0.0604209
6.00968 1.07374 -67.6627 -0.108874 -0.992221 -0.0603612
5.71735 1.03878 -66.59 -0.111726 -0.991464 -0.0672081
5.27262 0.997599 -65.2432 -0.111726 -0.991464 -0.067208
4.84091 0.976547 -64.2212 -0.110189 -0.991483 -0.0693966
4.24298 0.957134 -63.0342 -0.110884 -0.991315 -0.0706939
3.34936 0.96984 -61.8875 -0.112926 -0.990754 -0.0751781
2.54676 1.00152 -61.0716 -0.114948 -0.990485 -0.0756447
1.37553 1.05898 -60.0744 -0.116341 -0.989953 -0.0803394
0.517652 1.10037 -59.3217 -0.118032 -0.989775 -0.0800848
-0.504287 1.13636 -58.3357 -0.114284 -0.989712 -0.0860755
-1.26511 1.14993 -57.4704 -0.115157 -0.989336 -0.0891792
-2.49305 1.18593 -56.2815 -0.115347 -0.989323 -0.0890778
-3.43421 1.22875 -55.5833 -0.11367 -0.988757 -0.0971353
-4.50515 1.27796 -54.8541 -0.11127 -0.989023 -0.0972189
-5.73709 1.33903 -54.0907 -0.108623 -0.989247 -0.0979364
-6.69443 1.38829 -53.5265 -0.107054 -0.989462 -0.0974763
-7.82181 1.4258 -52.707 -0.105932 -0.989148 -0.101804
-8.57687 1.41998 -51.8648 -0.105932 -0.989148 -0.101804
-9.52931 1.42968 -51.0051 -0.100352 -0.989141 -0.107274
-10.4974 1.39802 -49.8684 -0.0988267 -0.988814 -0.111713
-11.5324 1.40643 -49.0156 -0.101226 -0.988609 -0.111383
-12.1494 1.37814 -48.2011 -0.101556 -0.988542 -0.111677
-12.9039 1.31539 -47.0387 -0.0962867 -0.987752 -0.122776
-13.4781 1.23827 -45.9681 -0.0966698 -0.987507 -0.124424
-14.1173 1.14558 -44.7954 -0.103488 -0.985595 -0.133763
-14.5174 1.04955 -43.8173 -0.0970336 -0.984809 -0.144002
-14.832 0.89589 -42.552 -0.0969589 -0.984857 -0.14372
-15.2341 0.756255 -41.3557 -0.0898437 -0.984601 -0.149961
-15.3741 0.604497 -40.2616 -0.0863514 -0.985497 -0.146079
-16.0137 0.482759 -39.0623 -0.084686 -0.985081 -0.149758
-17.4205 0.486516 -38.3371 -0.0813552 -0.984658 -0.154367
-16.897 0.29995 -37.425 -0.0810559 -0.984475 -0.155691
-19.1396 0.373289 -36.8005 -0.0730166 -0.984322 -0.160559
-20.4972 0.489639 -36.894 -0.0713436 -0.984313 -0.161351
-22.0797 0.559655 -36.6415 -0.0701266 -0.984258 -0.162225
-23.3866 0.601425 -36.3395 -0.0691414 -0.984086 -0.16369
-24.4586 0.613871 -35.9615 -0.0668619 -0.983812 -0.166227
-25.3875 0.570994 -35.3561 -0.0645823 -0.983539 -0.168763
-26.3115 0.536622 -34.8077 -0.0585012 -0.98407 -0.167877
-27.175 0.471473 -34.1554 -0.058503 -0.98222 -0.178387
-28.0044 0.382968 -33.3961 -0.0541651 -0.98201 -0.180825
-28.9388 0.333919 -32.8793 -0.049827 -0.9818 -0.183262
-29.9763 0.321812 -32.5332 -0.0471505 -0.981938 -0.183229
-31.0557 0.338811 -32.355 -0.0458488 -0.981851 -0.18403
-32.2809 0.351341 -32.1166 -0.0461365 -0.981807 -0.184188
-33.5931 0.344558 -31.7983 -0.0399277 -0.981437 -0.187584
-34.803 0.341308 -31.5245 -0.0403768 -0.980913 -0.190206
-36.1246 0.347998 -31.2963 -0.0381587 -0.98059 -0.192319
-37.4597 0.36717 -31.1293 -0.0401116 -0.980595 -0.191883
-38.5642 0.347042 -30.8281 -0.0349977 -0.98033 -0.194236
-39.6339 0.326968 -30.5443 -0.0309317 -0.979839 -0.197354
-40.7366 0.325084 -30.3705 -0.0308265 -0.979346 -0.199823
-42.6712 0.379598 -30.3346 -0.0309236 -0.979564 -0.198744
-43.8412 0.493069 -30.7268 -0.0230857 -0.979936 -0.197951
-44.9827 0.577894 -31.0158 -0.0233898 -0.980452 -0.195363
-46.1904 0.616036 -31.0626 -0.0226935 -0.980529 -0.195055
-47.1185 0.748129 -31.6253 -0.0209932 -0.980499 -0.195401
-47.935 0.938339 -32.492 -0.0208095 -0.980514 -0.195343
-49.0332 1.09725 -33.2123 -0.0150486 -0.981055 -0.193145
-50.0153 1.23952 -33.8631 -0.0130748 -0.98181 -0.189395
-51.1827 1.33894 -34.3014 -0.0153838 -0.98251 -0.185574
-52.2984 1.44039 -34.746 -0.0112463 -0.982826 -0.18414
-53.6964 1.56631 -35.3692 -0.00943211 -0.983383 -0.18128
-55.1012 1.69986 -36.0138 -0.0116379 -0.984717 -0.17377
-56.786 1.81745 -36.5968 -0.00581431 -0.985413 -0.170079
-57.9559 1.86011 -36.832 -0.000728527 -0.985163 -0.171621
-59.0542 1.8758 -36.9366 0.00694419 -0.986986 -0.160649
-60.5828 1.88788 -37.0857 0.00796598 -0.986806 -0.161711
-62.042 1.86228 -36.9574 0.0022538 -0.986632 -0.162947
-63.0971 1.82151 -36.7012 0.00413807 -0.98723 -0.159134
-64.7583 1.72922 -36.2229 0.00313525 -0.987409 -0.158058
-65.9158 1.67853 -35.8905 0.000715369 -0.986993 -0.160722
-66.8933 1.55826 -35.1836 0.00392555 -0.986632 -0.162915
-68.7767 1.47854 -34.7494 0.00417206 -0.986576 -0.16325
-70.2115 1.56418 -35.3885 0.00999197 -0.988525 -0.150725
-71.0897 1.66744 -36.1219 0.00968539 -0.98852 -0.150776
-72.1358 1.78986 -37.06 0.0150599 -0.989405 -0.144401
-72.6821 1.94662 -38.1996 0.0192288 -0.990899 -0.132972
-72.9836 2.14401 -39.7876 0.0198267 -0.991833 -0.125983
-72.973 2.2839 -40.8973 0.0218992 -0.991846 -0.125549
-72.8189 2.41867 -41.957 0.0206121 -0.992907 -0.117026
-72.6305 2.56815 -43.2333 0.0215057 -0.993342 -0.113175
-72.3752 2.70224 -44.343 0.0250764 -0.993552 -0.110387
-71.7472 2.86034 -45.7058 0.0244252 -0.994268 -0.104089
-70.8724 3.03669 -47.0464 0.0368579 -0.993747 -0.105223
-69.9657 3.18733 -48.2253 0.0362604 -0.994409 -0.0991791
-69.1199 3.31889 -49.1598 0.0396513 -0.994416 -0.0976395
-67.9104 3.44614 -50.0496 0.036303 -0.99505 -0.092512
-66.39 3.58449 -50.941 0.0355639 -0.995425 -0.0885867
-65.4632 3.66639 -51.5778 0.0299901 -0.996031 -0.0837992
-64.646 3.74672 -52.2401 0.0299556 -0.996039 -0.0837219
-63.6264 3.83307 -52.8837 0.0298616 -0.99583 -0.0861986
-62.6617 3.92426 -53.603 0.0305215 -0.995811 -0.0861927
-61.7678 4.00563 -54.2992 0.0282017 -0.996459 -0.0792083
-60.8752 4.07834 -54.896 0.0232523 -0.996639 -0.0783866
-59.7243 4.16017 -55.6761 0.0178517 -0.997002 -0.0752574
-58.7154 4.2393 -56.5171 0.0174009 -0.997184 -0.0729492
-58.0039 4.31713 -57.3218 0.024674 -0.997047 -0.0726438
-57.2014 4.44365 -58.8625 0.0256951 -0.99742 -0.0669465
-56.6062 4.53309 -60.1658 0.0179283 -0.998072 -0.0594271
-56.2423 4.61635 -61.4544 0.016251 -0.998374 -0.0543856
-56.0154 4.67332 -62.535 0.014092 -0.998644 -0.0501216
-55.6739 4.72911 -63.5505 0.0146416 -0.998533 -0.0520866
-55.2581 4.80477 -64.8312 0.0113583 -0.998571 -0.0520331
-54.2244 4.83096 -65.1987 0.00752504 -0.99872 -0.0500142
-53.1345 4.83913 -65.1978 0.0107433 -0.998782 -0.0480007
-51.7622 4.84758 -65.048 0.008258 -0.999429 -0.0327658
-50.2145 4.84491 -64.8088 0.00180223 -0.999443 -0.0333329
-49.1879 4.83026 -64.4706 -0.00499352 -0.998651 -0.0515305
-47.9579 4.78805 -63.8712 -0.00821154 -0.998546 -0.0532688
-46.9869 4.72408 -62.8216 -0.0111268 -0.99835 -0.0561741
-46.2049 4.6537 -61.8184 -0.0140422 -0.998155 -0.0590795
-45.4086 4.57192 -60.5786 -0.0108224 -0.998096 -0.0607054
-44.5812 4.5114 -59.762 -0.0116995 -0.998001 -0.0621129
-43.8589 4.45225 -58.9477 -0.0113309 -0.998001 -0.0621685
-43.0871 4.37572 -58.1172 -0.017167 -0.996877 -0.0770805
-42.2676 4.30438 -57.377 -0.0179255 -0.996745 -0.0785795
-41.1549 4.21954 -56.6709 -0.032737 -0.996026 -0.0828312
-39.6916 4.13443 -56.2258 -0.0290803 -0.995778 -0.0868935
-38.6218 4.06657 -55.9264 -0.0397149 -0.995602 -0.0848439
-37.294 4.01179 -55.905 -0.0414198 -0.995352 -0.0868959
-35.6859 3.94856 -55.901 -0.0388791 -0.99533 -0.0883546
-34.5592 3.90033 -55.8598 -0.0394312 -0.995306 -0.0883825
-33.5101 3.84384 -55.7507 -0.0517754 -0.995474 -0.0795964
-32.4097 3.76053 -55.4862 -0.0590315 -0.993883 -0.0933382
-31.3521 3.63096 -54.7755 -0.0595971 -0.993844 -0.0933892
-30.0624 3.48127 -54.0137 -0.0601625 -0.993805 -0.0934404
-29.0132 3.35082 -53.402 -0.0623427 -0.992362 -0.106442
-27.9416 3.22531 -52.8477 -0.062069 -0.992464 -0.105654
-26.9562 3.11553 -52.3954 -0.0620692 -0.992464 -0.105654
-25.8006 2.98879 -51.9956 -0.0717682 -0.991392 -0.109501
-24.431 2.84176 -51.5873 -0.0735911 -0.991596 -0.106408
-22.7524 2.67596 -51.222 -0.0745909 -0.991383 -0.107684
-21.5342 2.54449 -50.9212 -0.0834316 -0.990614 -0.10824
-19.9821 2.37062 -50.559 -0.0851589 -0.990285 -0.109927
-18.9063 2.26359 -50.427 -0.0850242 -0.990292 -0.109969
-17.8616 2.13143 -50.0458 -0.0858846 -0.990125 -0.110795
-16.5314 1.97904 -49.7372 -0.0880394 -0.98992 -0.11094
-15.39 1.88026 -49.7699 -0.0932077 -0.989734 -0.10826
-14.254 1.80523 -50.1114 -0.0976353 -0.989416 -0.107344
-13.1772 1.7498 -50.5662 -0.0978593 -0.988821 -0.112443
-12.1037 1.68693 -50.9824 -0.101416 -0.988489 -0.112269
-11.1677 1.65725 -51.5665 -0.103565 -0.988778 -0.10754
-10.2104 1.63617 -52.3166 -0.102102 -0.989414 -0.103129
-9.5053 1.65298 -53.176 -0.10218 -0.989424 -0.102949
-8.66776 1.67761 -54.3554 -0.0979076 -0.990821 -0.0932126
-8.1695 1.7514 -55.6631 -0.0995791 -0.9909 -0.0905071
-7.69678 1.80798 -56.8468 -0.101251 -0.990979 -0.0878019
-7.52657 1.888 -57.9463 -0.101326 -0.99096 -0.0879289
-7.43475 1.99832 -59.4474 -0.106523 -0.99127 -0.0776901
-7.62161 2.12767 -60.8416 -0.107253 -0.99131 -0.0761432
-8.01796 2.27218 -62.3205 -0.106133 -0.992043 -0.0677181
-8.38933 2.40883 -63.7403 -0.107354 -0.992244 -0.0624356
-8.53936 2.49123 -64.9113 -0.103845 -0.993234 -0.0519934
-8.64945 2.5716 -66.1771 -0.104 -0.993011 -0.0557993
-8.75822 2.65635 -67.4796 -0.101129 -0.993676 -0.0480709
-7.88592 2.63621 -69.1184 -0.0984049 -0.994336 -0.0401602
-6.33228 2.52261 -70.2348 -0.102202 -0.994005 -0.0388344
-5.26393 2.4301 -70.7128 -0.102538 -0.994064 -0.0363575
-4.08565 2.32959 -71.1895 -0.103642 -0.993793 -0.0404078
-2.63793 2.19042 -71.4801 -0.10217 -0.993885 -0.0418174
-1.46692 2.07978 -71.6751 -0.101629 -0.993878 -0.0433283
-0.206198 1.95648 -71.8041 -0.102146 -0.993847 -0.0428123
1.12504 1.81528 -71.7084 -0.10224 -0.993862 -0.0422455
2.39074 1.67238 -71.4349 -0.10539 -0.99326 -0.0481756
3.73198 1.5167 -71.2361 -0.108955 -0.992797 -0.0498182
5.33544 1.33275 -70.9922 -0.10337 -0.993144 -0.0545855
6.38112 1.21195 -70.7745 -0.10337 -0.993144 -0.0545854
7.34251 1.05664 -69.744 -0.102865 -0.992907 -0.05945
7.28233 0.968122 -68.1977 -0.106165 -0.992528 -0.0601373
6.86629 0.952242 -67.2076 -0.107023 -0.992119 -0.0650733
6.50343 0.899414 -65.835 -0.110527 -0.991625 -0.0668058
5.90736 0.85262 -64.1543 -0.11185 -0.991323 -0.0690036
5.27673 0.836577 -62.9787 -0.111911 -0.990913 -0.0746182
4.54176 0.8305 -61.8097 -0.110325 -0.990992 -0.0759125
3.70586 0.84493 -60.8007 -0.113092 -0.990552 -0.0775252
2.87 0.882843 -60.0365 -0.115171 -0.990198 -0.0790011
1.84494 0.929291 -59.1489 -0.11465 -0.990131 -0.0805942
0.986243 0.971081 -58.4144 -0.116158 -0.989744 -0.08308
0.217034 0.987632 -57.5834 -0.114636 -0.989555 -0.0873881
-0.616263 1.00337 -56.6806 -0.114681 -0.989414 -0.0889296
-1.44286 1.02169 -55.8425 -0.113759 -0.988921 -0.0953408
-2.46371 1.06199 -55.0355 -0.115362 -0.98862 -0.096551
-3.78197 1.12294 -54.1141 -0.111999 -0.988902 -0.0976162
-4.90244 1.17677 -53.3729 -0.112021 -0.98891 -0.0975129
-5.91491 1.22437 -52.7253 -0.10782 -0.989383 -0.0974465
-6.7969 1.25075 -52.0231 -0.103702 -0.989777 -0.0978357
-7.65912 1.27438 -51.3818 -0.0998813 -0.990183 -0.0977801
-8.4847 1.285 -50.6502 -0.104541 -0.988505 -0.109221
-9.32584 1.24107 -49.5228 -0.100361 -0.98846 -0.113466
-10.3522 1.21935 -48.4257 -0.100485 -0.988508 -0.112939
-11.352 1.20975 -47.4405 -0.101705 -0.988467 -0.112203
-12.0651 1.16318 -46.4721 -0.0962868 -0.987752 -0.122776
-12.5832 1.09489 -45.5341 -0.0970528 -0.987262 -0.126071
-13.2029 1.01759 -44.5045 -0.0924046 -0.98693 -0.132026
-13.6032 0.877303 -43.229 -0.0916134 -0.985672 -0.141623
-13.9741 0.73492 -42.0047 -0.0906254 -0.985696 -0.142093
-14.3366 0.454686 -39.865 -0.0890249 -0.985332 -0.145588
-14.8749 0.309473 -38.5664 -0.0846864 -0.985081 -0.149758
-16.0377 0.292463 -37.828 -0.0821878 -0.984662 -0.153901
-16.5645 0.29813 -37.5865 -0.0812052 -0.984567 -0.155029
-15.983 0.118275 -36.7467 -0.0777472 -0.98505 -0.153727
-17.124 0.0960292 -36.0174 -0.0770363 -0.984398 -0.158126
-18.191 0.121274 -35.6869 -0.0730004 -0.984602 -0.158832
-19.9628 0.280936 -35.8599 -0.0731542 -0.984294 -0.160666
-21.677 0.398297 -35.8352 -0.0691022 -0.984278 -0.16255
-22.9098 0.430405 -35.5091 -0.0685064 -0.984302 -0.162654
-24.0224 0.423472 -35.0133 -0.0642036 -0.983919 -0.166676
-24.9809 0.388308 -34.4387 -0.0638035 -0.983956 -0.166613
-25.9243 0.357195 -33.9161 -0.0576083 -0.98308 -0.173866
-26.8192 0.266045 -33.1246 -0.0545483 -0.983067 -0.174937
-28.0213 0.127554 -32.0298 -0.0470948 -0.981844 -0.183753
-29.2217 0.128547 -31.7099 -0.0502411 -0.9815 -0.184752
-30.3974 0.12992 -31.4324 -0.0449878 -0.981026 -0.188582
-31.6938 0.155343 -31.2454 -0.04685 -0.980736 -0.189635
-32.7302 0.132717 -30.8905 -0.0433113 -0.980555 -0.191403
-33.9204 0.158124 -30.7672 -0.0403768 -0.980913 -0.190207
-34.9589 0.136661 -30.4492 -0.0378622 -0.980635 -0.192152
-36.5655 0.138315 -30.1397 -0.0380902 -0.980581 -0.192381
-37.6888 0.139604 -29.9486 -0.0332328 -0.980143 -0.195489
-38.7163 0.12949 -29.7126 -0.0293237 -0.97945 -0.199546
-40.1619 0.113413 -29.4212 -0.0296028 -0.979367 -0.199907
-41.2454 0.142063 -29.3904 -0.0316999 -0.979038 -0.201186
-42.4237 0.150894 -29.2541 -0.0267866 -0.978316 -0.205377
-43.5423 0.222909 -29.4578 -0.0257685 -0.97878 -0.203286
-44.471 0.345114 -29.9326 -0.0228087 -0.979413 -0.200573
-45.5103 0.395382 -30.0601 -0.0221309 -0.979336 -0.201022
-46.8081 0.367443 -29.7862 -0.0213803 -0.979254 -0.201504
-47.8671 0.58364 -30.7222 -0.0217264 -0.979171 -0.20187
-48.5761 0.756461 -31.517 -0.0151345 -0.981044 -0.193196
-49.4532 0.931619 -32.3383 -0.0150485 -0.981055 -0.193146
-50.3183 1.07991 -33.0172 -0.0182709 -0.981317 -0.19153
-51.9089 1.18685 -33.4416 -0.0150438 -0.981719 -0.189742
-53.5389 1.32903 -34.0818 -0.0117553 -0.983623 -0.179854
-54.4722 1.44869 -34.6753 -0.0117858 -0.983621 -0.179863
-55.573 1.54364 -35.1176 -0.01251 -0.983547 -0.18022
-56.556 1.63132 -35.5279 -0.0120736 -0.984132 -0.176995
-58.2353 1.69601 -35.9003 0.00136615 -0.984512 -0.175313
-59.3576 1.70513 -35.9592 0.000976041 -0.98451 -0.175328
-60.4256 1.71011 -35.9931 0.00447154 -0.985658 -0.168519
-62.0815 1.67401 -35.7966 -0.00178676 -0.987279 -0.15899
-63.5258 1.62749 -35.5216 -0.00115286 -0.985474 -0.169823
-64.9321 1.53602 -35.0194 0.00313518 -0.987409 -0.158058
-66.1809 1.41811 -34.3188 0.00404795 -0.986581 -0.163222
-67.2064 1.30622 -33.6679 0.00409247 -0.986579 -0.163234
-68.7526 1.28394 -33.5728 0.0030738 -0.987027 -0.160499
-70.2768 1.39474 -34.2813 0.0072353 -0.987553 -0.156962
-71.2912 1.46884 -34.8328 0.00968538 -0.98852 -0.150776
-72.2156 1.5481 -35.4118 0.0123726 -0.988963 -0.147589
-72.9395 1.65632 -36.2138 0.00330895 -0.98964 -0.143532
-73.3784 1.82292 -37.3725 0.00324266 -0.989636 -0.143564
-73.9254 2.03897 -39.1049 0.0152735 -0.992065 -0.124791
-74.0481 2.23412 -40.6691 0.0157734 -0.992011 -0.125158
-73.8257 2.37711 -41.7924 0.0272698 -0.993447 -0.110982
-73.7697 2.4951 -42.8352 0.0289045 -0.993388 -0.111104
-73.512 2.64344 -44.0944 0.0288788 -0.993384 -0.111152
-73.131 2.78414 -45.3375 0.0315339 -0.994305 -0.101798
-72.4731 2.94083 -46.6637 0.0315938 -0.994302 -0.101809
-71.8343 3.0677 -47.7091 0.0376031 -0.99441 -0.0986571
-70.606 3.27284 -49.3168 0.038766 -0.994142 -0.100846
-69.5757 3.40185 -50.2386 0.0375107 -0.99502 -0.0923476
-68.5793 3.49852 -50.8755 0.0369069 -0.995035 -0.0924297
-67.5229 3.58616 -51.4267 0.0348245 -0.995801 -0.084661
-66.5434 3.67188 -52.0326 0.0348307 -0.995804 -0.0846213
-65.7156 3.75491 -52.7202 0.0299553 -0.996039 -0.083722
-64.9016 3.83499 -53.3995 0.0292159 -0.996181 -0.0822809
-63.747 3.93657 -54.1855 0.0322365 -0.99627 -0.0800125
-62.7396 4.02691 -54.9402 0.0304898 -0.996518 -0.0776011
-61.8506 4.09997 -55.5297 0.0304346 -0.99652 -0.0776017
-59.977 4.23489 -56.7578 0.0196073 -0.997342 -0.0700837
-59.062 4.30726 -57.5347 0.0218391 -0.997504 -0.0671409
-58.5144 4.37974 -58.436 0.0276548 -0.997544 -0.0643577
-57.9608 4.45458 -59.3584 0.0276196 -0.997551 -0.0642572
-57.5745 4.52837 -60.4462 0.02465 -0.997965 -0.0588077
-57.2113 4.60241 -61.5544 0.0260129 -0.998055 -0.056657
-57.1413 4.66578 -62.7203 0.0227851 -0.998415 -0.0514605
-56.8259 4.72903 -63.8728 0.014642 -0.998533 -0.0520864
-56.2914 4.81483 -65.4112 0.0197774 -0.998693 -0.0471252
-55.3139 4.85201 -66.0262 0.0145941 -0.999286 -0.0348525
-53.9826 4.87414 -66.3145 0.00947659 -0.999259 -0.0372854
-52.8506 4.87799 -66.1246 0.00964212 -0.99925 -0.0374955
-51.3627 4.88403 -66.0592 0.00678479 -0.999317 -0.0361306
-49.9515 4.88304 -65.7567 0.0100025 -0.998813 -0.0476697
-48.9064 4.86791 -65.3771 -0.00921222 -0.999202 -0.0388575
-47.7765 4.84584 -65.0902 -0.0112902 -0.998854 -0.0465108
-46.839 4.80066 -64.3466 -0.0112815 -0.998856 -0.0464661
-46.0714 4.74401 -63.3643 -0.0115251 -0.998255 -0.0578703
-45.2904 4.67916 -62.4037 -0.00994532 -0.998191 -0.0592975
-44.529 4.59561 -61.125 -0.0108226 -0.998096 -0.0607054
-43.6861 4.53431 -60.2942 -0.010962 -0.998002 -0.0622248
-42.914 4.47026 -59.403 -0.0146324 -0.997491 -0.0688434
-42.1203 4.3951 -58.5963 -0.018099 -0.997016 -0.075047
-41.3002 4.32953 -57.9116 -0.0188423 -0.996314 -0.0830528
-40.2129 4.2432 -57.2706 -0.0254237 -0.99553 -0.090956
-39.1367 4.18805 -57.0778 -0.0392198 -0.995374 -0.0877116
-37.9518 4.11867 -56.8221 -0.0392805 -0.995357 -0.0878664
-36.3797 4.06991 -56.9639 -0.0386449 -0.995366 -0.0880516
-35.1788 4.01927 -56.9228 -0.0442026 -0.995476 -0.0838423
-33.9857 3.96144 -56.9336 -0.0489743 -0.995647 -0.0793022
-32.3278 3.85427 -56.7005 -0.0554213 -0.995259 -0.0799231
-31.2872 3.73185 -55.8975 -0.0528117 -0.995157 -0.0828177
-30.0332 3.58403 -55.1272 -0.0617967 -0.993933 -0.0909864
-28.8184 3.44113 -54.3913 -0.0617881 -0.993933 -0.0909914
-27.5773 3.30362 -53.7979 -0.0646682 -0.993055 -0.0982859
-26.4743 3.18302 -53.3125 -0.0669189 -0.991928 -0.107577
-25.3727 3.06758 -53.0226 -0.0760794 -0.991361 -0.106841
-24.236 2.9404 -52.6413 -0.0735971 -0.991594 -0.106414
-23.2063 2.83984 -52.4163 -0.0740884 -0.99149 -0.107044
-21.7811 2.70923 -52.2637 -0.0815695 -0.990951 -0.106595
-20.7602 2.57438 -51.7914 -0.0834316 -0.990614 -0.10824
-19.5148 2.44352 -51.5768 -0.0851564 -0.990305 -0.109744
-18.0439 2.2737 -51.1867 -0.0852883 -0.990319 -0.109518
-16.8379 2.12898 -50.8448 -0.089045 -0.990029 -0.109145
-15.7356 2.04286 -50.9629 -0.0890302 -0.99003 -0.109151
-14.6942 1.97024 -51.2321 -0.0959854 -0.989286 -0.109957
-13.7031 1.91779 -51.6013 -0.0943022 -0.989154 -0.112616
-12.2853 1.82838 -52.0637 -0.103565 -0.988778 -0.107541
-11.3057 1.81208 -52.915 -0.105734 -0.989072 -0.102742
-10.5283 1.8092 -53.6622 -0.102257 -0.989435 -0.102769
-9.88258 1.83118 -54.6648 -0.107878 -0.989992 -0.0909901
-9.21101 1.9144 -56.3018 -0.0995789 -0.9909 -0.0905072
-8.61562 1.94139 -57.293 -0.101326 -0.99096 -0.0879293
-8.53143 2.04048 -58.5426 -0.0998695 -0.991353 -0.0851157
-8.55595 2.17961 -60.2526 -0.103807 -0.99152 -0.0781832
-8.76784 2.29131 -61.4332 -0.101807 -0.991986 -0.0748289
-9.18778 2.42899 -62.788 -0.105596 -0.992083 -0.0679812
-9.42489 2.52397 -63.8196 -0.0973286 -0.993043 -0.0662763
-9.65584 2.60479 -64.8508 -0.103845 -0.993234 -0.0519938
-9.77236 2.687 -66.1379 -0.103999 -0.993011 -0.0557991
-9.81936 2.74856 -67.1914 -0.0938616 -0.994494 -0.0464768
-9.65019 2.77598 -68.2476 -0.0988956 -0.994276 -0.0404362
-8.87842 2.76088 -69.7639 -0.0988956 -0.994276 -0.0404362
-7.87124 2.68933 -70.4678 -0.0977691 -0.994541 -0.0361989
-6.87553 2.61058 -71.102 -0.102548 -0.994064 -0.0363498
-5.89165 2.53007 -71.6757 -0.102529 -0.994065 -0.0363653
-4.7504 2.43539 -72.1655 -0.0983098 -0.9944 -0.0387773
-3.54517 2.32391 -72.4361 -0.10217 -0.993885 -0.0418175
-2.46743 2.22327 -72.6327 -0.100699 -0.993977 -0.0432272
-1.22034 2.10483 -72.8282 -0.102145 -0.993848 -0.0428126
-0.00979895 1.98235 -72.8882 -0.102638 -0.993819 -0.0423094
1.35631 1.83406 -72.7099 -0.101976 -0.993878 -0.0425144
2.65838 1.68527 -72.3351 -0.100969 -0.993942 -0.043403
3.76646 1.55929 -72.2061 -0.10824 -0.99303 -0.0466416
5.15964 1.40855 -72.0613 -0.101723 -0.993634 -0.0484155
6.4277 1.2671 -71.8473 -0.100617 -0.99336 -0.0557905
8.05097 1.08836 -71.5904 -0.10052 -0.993358 -0.0559892
8.48047 0.977287 -70.3876 -0.102865 -0.992907 -0.0594501
8.60874 0.890124 -69.234 -0.102897 -0.992701 -0.0628588
8.33511 0.854156 -68.1909 -0.107672 -0.992261 -0.061849
7.9745 0.828431 -67.1508 -0.107694 -0.99226 -0.0618211
7.61394 0.782814 -65.9129 -0.106298 -0.991976 -0.0684358
7.16311 0.722094 -64.3335 -0.113174 -0.991021 -0.0712015
6.69983 0.706074 -63.3739 -0.113197 -0.991024 -0.0711213
6.15253 0.698163 -62.4479 -0.11134 -0.990982 -0.0745519
5.53979 0.697699 -61.5544 -0.113333 -0.990083 -0.0830088
4.49594 0.705945 -60.1848 -0.116495 -0.989778 -0.0822743
3.5046 0.746458 -59.278 -0.118056 -0.989389 -0.0846916
2.43683 0.793074 -58.3336 -0.11814 -0.989375 -0.0847332
1.5588 0.834633 -57.6175 -0.118074 -0.988927 -0.0898974
0.755842 0.845184 -56.693 -0.114989 -0.989399 -0.0887011
0.0284019 0.850793 -55.8144 -0.114029 -0.989268 -0.0913199
-0.687188 0.854802 -54.9917 -0.113313 -0.989122 -0.0938016
-1.82957 0.912658 -54.2359 -0.112157 -0.989222 -0.0941307
-2.7858 0.967941 -53.6969 -0.110938 -0.98857 -0.102084
-4.30876 1.01021 -52.3857 -0.114899 -0.988187 -0.101415
-5.24134 1.05427 -51.7826 -0.111865 -0.988011 -0.106398
-6.10005 1.07761 -51.0969 -0.111821 -0.988017 -0.106392
-7.20972 1.124 -50.4136 -0.10457 -0.988508 -0.109164
-7.80096 1.08808 -49.5463 -0.10127 -0.988349 -0.113623
-8.9974 1.05772 -48.216 -0.100811 -0.988405 -0.113549
-9.80452 1.03889 -47.332 -0.105162 -0.987507 -0.117348
-10.7399 1.06678 -46.7358 -0.0989958 -0.98811 -0.11749
-11.3881 0.983544 -45.5853 -0.0983439 -0.986969 -0.127359
-12.0243 0.93387 -44.719 -0.0986151 -0.986282 -0.132374
-12.4544 0.818212 -43.5704 -0.0935008 -0.985988 -0.138115
-12.7246 0.649352 -42.2136 -0.0926007 -0.985647 -0.141153
-13.1215 0.52991 -41.1263 -0.0906367 -0.985703 -0.14204
-13.2613 0.260927 -39.2112 -0.0878955 -0.98557 -0.144651
-13.6973 0.154225 -38.216 -0.0867695 -0.985823 -0.143609
-14.7268 0.122367 -37.4391 -0.0820909 -0.985055 -0.151417
-15.5318 0.113565 -36.9454 -0.0800874 -0.985037 -0.152586
-15.7866 0.796942 -41.2919 -0.0898444 -0.984601 -0.149961
-16.8199 0.735564 -40.2713 -0.0873202 -0.984852 -0.149803
-18.1126 0.647388 -38.9972 -0.0816111 -0.984603 -0.154588
-18.4359 0.624202 -38.6789 -0.0783855 -0.984767 -0.155208
-19.861 0.706504 -38.5118 -0.0742256 -0.984597 -0.158299
-18.6276 0.8044 -39.7254 -0.0783855 -0.984767 -0.155207
-17.5614 0.87599 -40.7765 -0.0847703 -0.985137 -0.149399
-16.5547 0.939724 -41.7701 -0.0860327 -0.985075 -0.149086
-15.2817 1.00973 -43.0287 -0.096959 -0.984857 -0.143721
-14.7417 1.21208 -44.8023 -0.103488 -0.985595 -0.133764
-16.2026 1.14803 -43.3551 -0.0970334 -0.984809 -0.144002
-17.4172 1.06996 -42.1568 -0.0822449 -0.985494 -0.148451
-18.7653 0.986277 -40.8258 -0.0798698 -0.985979 -0.146514
-19.8773 0.900626 -39.7309 -0.075159 -0.984921 -0.155825
-21.0031 0.809781 -38.6233 -0.0713438 -0.984315 -0.161351
-22.244 0.901309 -38.6388 -0.0708575 -0.984158 -0.16252
-21.0112 1.00373 -39.8511 -0.0732188 -0.985507 -0.153021
-19.5156 1.11789 -41.3242 -0.0747447 -0.986258 -0.147338
-18.1919 1.20591 -42.6301 -0.0831016 -0.985557 -0.147554
-17.0953 1.27577 -43.7119 -0.0819138 -0.986005 -0.145207
-16.1108 1.33046 -44.6846 -0.0881324 -0.98608 -0.140991
-15.0549 1.36808 -45.7327 -0.10054 -0.986734 -0.127464
-13.6574 1.40163 -47.1234 -0.102636 -0.986917 -0.124337
-12.9387 1.41823 -47.8388 -0.0989975 -0.988127 -0.117492
-13.7353 1.54982 -48.2913 -0.0986797 -0.988707 -0.112789
-15.1034 1.5273 -46.9274 -0.100193 -0.987784 -0.11935
-16.2134 1.48847 -45.8252 -0.0870767 -0.988248 -0.125634
-17.2694 1.44283 -44.7788 -0.080516 -0.987195 -0.137707
-18.2895 1.384 -43.7714 -0.0827923 -0.985813 -0.146008
-19.474 1.30453 -42.6035 -0.0757795 -0.986323 -0.146368
-20.9764 1.19671 -41.1223 -0.0737097 -0.986191 -0.148306
-22.2045 1.10092 -39.9131 -0.0708539 -0.985433 -0.154603
-23.2008 1.0188 -38.9331 -0.0708564 -0.984803 -0.158563
-24.261 0.921205 -37.8923 -0.0691348 -0.984079 -0.163734
-24.5045 0.898532 -37.6532 -0.069135 -0.984079 -0.163734
3.46687 1.04551 -63.0394 -0.112022 -0.991 -0.0732795
1.98863 1.10163 -61.5512 -0.114205 -0.990706 -0.0738809
1.14625 1.13519 -60.7029 -0.113086 -0.990873 -0.0733634
0.402136 1.16489 -59.9534 -0.113261 -0.990866 -0.0731883
0.227538 1.17186 -59.7776 -0.115647 -0.990329 -0.0766373
4.86044 1.07496 -65.6993 -0.111366 -0.991495 -0.0673484
3.82283 1.11998 -64.654 -0.110189 -0.991485 -0.069397
2.89735 1.15834 -63.7218 -0.112396 -0.991189 -0.0700831
1.90021 1.1988 -62.7175 -0.113558 -0.990793 -0.0737097
0.799628 1.24197 -61.6094 -0.112911 -0.99088 -0.0735385
-0.221251 1.28252 -60.5813 -0.113261 -0.990866 -0.0731883
-1.09979 1.31847 -59.6963 -0.11279 -0.990692 -0.076211
-2.27889 1.35559 -58.5103 -0.111235 -0.99063 -0.0792341
-3.16601 1.38373 -57.6179 -0.114042 -0.989566 -0.0880519
-4.70046 1.41933 -56.0767 -0.110485 -0.989491 -0.0932793
-5.8176 1.43362 -54.9568 -0.108623 -0.989247 -0.0979363
-6.4555 1.44037 -54.3176 -0.107054 -0.989463 -0.0974764
-6.01189 1.55923 -56.0124 -0.104137 -0.990247 -0.0925546
-5.00533 1.53921 -57.0228 -0.110407 -0.989818 -0.0898394
-4.04431 1.51787 -57.9879 -0.114212 -0.990134 -0.0811794
-2.99244 1.47882 -59.0471 -0.11152 -0.990604 -0.0791698
-1.88385 1.44358 -60.1622 -0.11279 -0.990692 -0.0762109
-0.932121 1.40422 -61.1209 -0.114628 -0.990714 -0.0731225
0.725691 1.33804 -62.7905 -0.112911 -0.99088 -0.0735384
2.04858 1.28199 -64.1231 -0.111493 -0.991364 -0.069034
2.98761 1.24241 -65.069 -0.1124 -0.991401 -0.0670101
3.92723 1.20027 -66.0158 -0.109377 -0.991777 -0.066445
5.07391 1.1466 -67.1715 -0.108912 -0.992221 -0.0603015
4.96853 1.22816 -68.3232 -0.108874 -0.992221 -0.0603612
3.61925 1.29723 -66.9625 -0.112682 -0.991812 -0.0600994
2.56268 1.34536 -65.8977 -0.113473 -0.991413 -0.0649881
1.43073 1.39573 -64.7571 -0.11166 -0.991346 -0.0690359
0.448838 1.43743 -63.768 -0.111633 -0.991346 -0.0690801
-0.512803 1.47821 -62.7993 -0.11202 -0.991298 -0.0691336
-1.67104 1.52717 -61.6324 -0.112174 -0.991217 -0.070039
-2.6679 1.56868 -60.6281 -0.11279 -0.990692 -0.0762109
-3.71861 1.60246 -59.5712 -0.11152 -0.990604 -0.0791698
-4.58032 1.63344 -58.7037 -0.114377 -0.990655 -0.0743029
-5.64262 1.66158 -57.6362 -0.105472 -0.990673 -0.0862745
-6.2307 1.67279 -57.046 -0.105472 -0.990673 -0.0862745
-6.03172 1.7737 -58.4996 -0.105848 -0.991427 -0.0766098
-4.99521 1.74356 -59.5417 -0.106185 -0.991349 -0.0771499
-3.89527 1.70581 -60.6486 -0.109209 -0.991227 -0.0744519
-2.92311 1.66851 -61.6274 -0.111462 -0.991288 -0.0701782
-1.8685 1.62424 -62.6899 -0.112174 -0.991217 -0.070039
-0.916008 1.58328 -63.6495 -0.112407 -0.991251 -0.0691871
0.217692 1.53477 -64.7916 -0.110789 -0.991593 -0.0668533
1.39746 1.48154 -65.9805 -0.110119 -0.991833 -0.0643515
2.57315 1.42726 -67.1654 -0.111897 -0.991624 -0.0645104
3.45869 1.38115 -68.0585 -0.108653 -0.992617 -0.053908
4.43726 1.32643 -69.046 -0.10777 -0.992859 -0.0511511
3.63894 1.43804 -69.4996 -0.109883 -0.992643 -0.0508512
2.56593 1.49833 -68.4168 -0.108653 -0.992617 -0.053908
1.44043 1.55941 -67.2813 -0.108295 -0.99265 -0.0540193
-0.0944045 1.63083 -65.7344 -0.109918 -0.991835 -0.0646703
-1.65771 1.70169 -64.159 -0.110063 -0.991838 -0.0643735
-2.78605 1.75154 -63.022 -0.11229 -0.991234 -0.0696129
-3.64941 1.78689 -62.1524 -0.11075 -0.991358 -0.0703176
-5.05757 1.84034 -60.7347 -0.108596 -0.991289 -0.0745241
-5.79969 1.865 -59.9881 -0.107253 -0.991312 -0.0761432
-6.01523 1.96665 -61.0271 -0.107983 -0.99135 -0.0745963
-5.13427 1.934 -61.9138 -0.10789 -0.992029 -0.0651013
-4.15555 1.89356 -62.8996 -0.106531 -0.992179 -0.0650606
-2.97385 1.84327 -64.0901 -0.108941 -0.991979 -0.0641086
-1.66043 1.78344 -65.4139 -0.109979 -0.991838 -0.0645207
-0.378158 1.7256 -66.7059 -0.107371 -0.992549 -0.0575978
0.62776 1.67197 -67.7205 -0.107229 -0.992806 -0.0532699
2.10056 1.59215 -69.2063 -0.108474 -0.992634 -0.0539636
2.3688 1.57748 -69.4769 -0.109268 -0.992631 -0.0523796
1.62167 1.68241 -69.9829 -0.103577 -0.993523 -0.0467292
0.054514 1.76929 -68.4018 -0.10462 -0.993126 -0.0524932
-1.02353 1.8247 -67.3148 -0.104843 -0.993205 -0.0505249
-2.3365 1.89591 -65.99 -0.107371 -0.992549 -0.0575979
-3.31589 1.9392 -65.0032 -0.107819 -0.992118 -0.0638436
-4.62031 1.99523 -63.6891 -0.106531 -0.992179 -0.0650608
-5.93622 2.05186 -62.3634 -0.107878 -0.991938 -0.0664954
-6.19504 2.06182 -62.1028 -0.106508 -0.991994 -0.0678487
-6.55641 2.16173 -62.9962 -0.107878 -0.991938 -0.0664952
-5.65829 2.12223 -63.9011 -0.109249 -0.991878 -0.0651418
-4.76595 2.08371 -64.8 -0.107175 -0.992149 -0.0644523
-3.74572 2.03628 -65.8283 -0.105052 -0.992915 -0.0555368
-2.44149 1.96632 -67.1441 -0.107666 -0.992867 -0.0512257
-1.42196 1.91041 -68.1728 -0.103959 -0.993248 -0.0514952
-0.234621 1.84845 -69.37 -0.101836 -0.993727 -0.0462121
0.391588 1.81255 -70.0019 -0.104401 -0.993476 -0.0458922
-0.813775 1.93917 -70.0463 -0.102181 -0.993711 -0.0457912
-1.8987 1.99878 -68.952 -0.103383 -0.993556 -0.0464499
-3.06473 2.06646 -67.775 -0.107666 -0.992867 -0.0512255
-4.01305 2.11992 -66.818 -0.106359 -0.992894 -0.0533813
-4.94597 2.16601 -65.8773 -0.104671 -0.992957 -0.0555045
-6.11707 2.22128 -64.697 -0.103697 -0.992886 -0.0585116
-6.47542 2.23743 -64.3359 -0.103697 -0.992886 -0.0585115
-6.68172 2.32091 -65.3869 -0.103994 -0.992944 -0.0569921
-5.73252 2.27467 -66.3437 -0.10429 -0.992999 -0.0554724
-4.82166 2.2303 -67.2619 -0.104671 -0.992957 -0.0555045
-3.87126 2.17425 -68.2213 -0.105438 -0.993363 -0.0459541
-2.95173 2.11959 -69.1497 -0.105357 -0.993365 -0.0461102
-2.23542 2.07735 -69.8726 -0.105275 -0.993366 -0.046266
-3.77333 2.22675 -69.5809 -0.105356 -0.993365 -0.0461098
-4.69285 2.2814 -68.6526 -0.105438 -0.993363 -0.0459541
-5.68375 2.34331 -67.652 -0.1068 -0.992967 -0.0510904
-6.69432 2.39226 -66.6333 -0.104756 -0.992908 -0.0562063
-28.2832 0.717353 -35.1856 -0.0576437 -0.984078 -0.168131
-27.2954 0.824376 -36.1516 -0.0585018 -0.984071 -0.167877
-25.8361 0.979334 -37.5798 -0.0636906 -0.984247 -0.164927
-24.9143 1.0652 -38.4847 -0.0684748 -0.984223 -0.163146
-24.0684 1.14124 -39.3159 -0.0702549 -0.985416 -0.154985
-22.4763 1.27246 -40.8819 -0.070855 -0.985424 -0.154659
-21.5841 1.33824 -41.7614 -0.0737097 -0.986191 -0.148306
-20.7309 1.40095 -42.6024 -0.0747446 -0.986258 -0.147337
-19.5399 1.48682 -43.7758 -0.0762369 -0.985715 -0.150181
-18.1938 1.56504 -45.1054 -0.0852424 -0.986961 -0.136532
-17.3342 1.60574 -45.9564 -0.0888212 -0.988059 -0.125896
-16.2317 1.64403 -47.0511 -0.0884964 -0.988324 -0.124031
-15.2143 1.66959 -48.0637 -0.0919806 -0.989119 -0.114818
-15.1955 1.67002 -48.0824 -0.0948637 -0.988873 -0.114589
-16.8946 1.776 -47.6372 -0.0873717 -0.98996 -0.111112
-18.2598 1.72792 -46.282 -0.0841816 -0.98918 -0.12015
-19.2018 1.68416 -45.3491 -0.0812712 -0.987878 -0.132257
-20.5116 1.60243 -44.0562 -0.0719325 -0.986483 -0.147231
-21.7767 1.51309 -42.8091 -0.0769932 -0.986098 -0.147253
-22.7329 1.44347 -41.8664 -0.0768312 -0.985587 -0.150715
-23.69 1.36639 -40.9244 -0.070855 -0.985424 -0.154659
-24.552 1.29533 -40.0764 -0.0702552 -0.985416 -0.154985
-25.4885 1.21625 -39.155 -0.0690644 -0.984818 -0.159257
-26.6593 1.10095 -38.007 -0.0589044 -0.984246 -0.166705
-27.8336 0.977266 -36.8572 -0.0594099 -0.983832 -0.168954
-28.8298 0.868293 -35.8833 -0.0573382 -0.98412 -0.167988
-30.0203 0.72668 -34.7212 -0.0475755 -0.983801 -0.172836
-30.8472 0.62162 -33.9158 -0.0471505 -0.981939 -0.183229
-32.0982 0.682575 -33.9266 -0.0464243 -0.981764 -0.184347
-30.7616 0.853222 -35.2289 -0.0508469 -0.983215 -0.175223
-29.7036 0.98247 -36.2612 -0.0506809 -0.983726 -0.172381
-28.4563 1.12162 -37.48 -0.0576909 -0.983699 -0.170315
-27.4608 1.22623 -38.4549 -0.0611285 -0.98396 -0.167592
-26.5412 1.32201 -39.3556 -0.0645493 -0.985556 -0.156569
-25.0356 1.44943 -40.837 -0.0702552 -0.985416 -0.154985
-23.9463 1.53936 -41.9087 -0.0708526 -0.985415 -0.154714
-22.9895 1.61404 -42.851 -0.0769928 -0.986098 -0.147253
-22.0645 1.67482 -43.7644 -0.0771544 -0.986596 -0.143789
-21.1535 1.73969 -44.6623 -0.0722414 -0.987197 -0.142209
-20.2186 1.79922 -45.5853 -0.0725483 -0.987885 -0.137184
-18.6937 1.86383 -47.0968 -0.0843018 -0.989176 -0.120103
-17.9199 1.89139 -47.8649 -0.0853833 -0.989603 -0.115742
-18.8943 2.00801 -48.1432 -0.0853838 -0.989603 -0.115742
-19.8175 1.97539 -47.2268 -0.0843016 -0.989176 -0.120103
-20.6523 1.94399 -46.3985 -0.0769107 -0.987894 -0.134722
-21.6427 1.88093 -45.4206 -0.0742142 -0.987587 -0.138431
-23.092 1.78748 -43.9895 -0.0754974 -0.986925 -0.142404
-23.9324 1.73205 -43.1598 -0.0701796 -0.986809 -0.145888
-25.2042 1.62516 -41.9087 -0.0648735 -0.98648 -0.150498
-26.2889 1.53274 -40.8418 -0.0640994 -0.986449 -0.151027
-27.1851 1.46007 -39.9593 -0.0645493 -0.985556 -0.156569
-28.0538 1.37222 -39.1074 -0.0592942 -0.985 -0.162047
-28.9462 1.28068 -38.2327 -0.0594099 -0.983832 -0.168954
-30.1566 1.14161 -37.0508 -0.0509315 -0.98429 -0.169055
-31.0141 1.04142 -36.213 -0.050514 -0.984228 -0.169537
-31.8844 0.935328 -35.3639 -0.048753 -0.983049 -0.17674
-32.9737 0.794518 -34.3023 -0.046542 -0.982325 -0.181302
-34.0003 0.649124 -33.3051 -0.0406774 -0.981339 -0.187936
-35.0755 0.729325 -33.4865 -0.0414267 -0.98124 -0.188287
-33.8992 0.896816 -34.63 -0.0424018 -0.9827 -0.180288
-32.4324 1.0875 -36.0594 -0.0457813 -0.983013 -0.177737
-31.5736 1.18825 -36.8987 -0.050514 -0.984228 -0.169537
-30.5296 1.30994 -37.9185 -0.0513734 -0.98405 -0.170314
-29.6849 1.40923 -38.7429 -0.0546316 -0.984502 -0.166649
-28.6976 1.51028 -39.711 -0.0592942 -0.985 -0.162047
-27.8289 1.59813 -40.5629 -0.0645493 -0.985556 -0.156568
-26.8942 1.67305 -41.4836 -0.0698007 -0.986054 -0.151081
-26.0511 1.74262 -42.3136 -0.0644863 -0.986464 -0.150762
-24.6944 1.85613 -43.6485 -0.064859 -0.986653 -0.149365
-23.5874 1.93377 -44.7408 -0.0754974 -0.986925 -0.142404
-22.7049 1.98971 -45.6125 -0.0759233 -0.987286 -0.139652
-21.7013 2.05279 -46.6036 -0.076119 -0.988249 -0.132548
-20.8207 2.09445 -47.4756 -0.0772552 -0.98923 -0.124322
-19.9294 2.12474 -48.3607 -0.0889936 -0.990096 -0.108582
-19.6867 2.12943 -48.6024 -0.0889938 -0.990096 -0.108582
-21.0121 2.23908 -48.531 -0.0798476 -0.990505 -0.111915
-21.9757 2.19726 -47.576 -0.0768043 -0.989196 -0.124867
-22.9295 2.15114 -46.6315 -0.0761191 -0.988249 -0.132548
-24.0563 2.08039 -45.5184 -0.075967 -0.987286 -0.139627
-24.923 2.02464 -44.6624 -0.0701796 -0.986809 -0.145888
-26.0557 1.93032 -43.5475 -0.0643169 -0.986726 -0.149117
-27.5047 1.81305 -42.1203 -0.0647639 -0.987419 -0.144255
-28.4727 1.73619 -41.1665 -0.0645493 -0.985556 -0.156568
-29.4714 1.63388 -40.1873 -0.0574469 -0.985163 -0.161719
-30.4914 1.52921 -39.1874 -0.0546317 -0.984502 -0.166649
-31.5307 1.40545 -38.1733 -0.0484043 -0.98415 -0.170603
-32.7025 1.26766 -37.028 -0.0497228 -0.984369 -0.168955
-33.7529 1.13745 -36.002 -0.0447753 -0.983573 -0.174868
-34.5968 1.02773 -35.1794 -0.0424015 -0.9827 -0.180287
-35.4488 0.907667 -34.3509 -0.039899 -0.982237 -0.183354
-36.2857 0.78973 -33.5369 -0.0398063 -0.982204 -0.183551
-37.1403 0.664062 -32.7075 -0.0423339 -0.980289 -0.192981
-38.7755 0.659564 -32.3474 -0.0327331 -0.979515 -0.198695
-37.6465 0.826845 -33.4422 -0.0395767 -0.982184 -0.183708
-36.7985 0.946873 -34.2666 -0.0398063 -0.982204 -0.183551
-35.6674 1.10608 -35.3662 -0.0399674 -0.98223 -0.183374
-34.4009 1.27194 -36.6014 -0.044647 -0.983994 -0.172517
-33.4534 1.39122 -37.5269 -0.0471851 -0.984186 -0.170737
-32.0645 1.55505 -38.8844 -0.049567 -0.984224 -0.169844
-31.119 1.66705 -39.8073 -0.0536039 -0.985623 -0.160233
-29.8701 1.7946 -41.032 -0.0562934 -0.985504 -0.160041
-28.8015 1.89257 -42.0825 -0.0624841 -0.987467 -0.144929
-27.7862 1.97218 -43.0832 -0.0647639 -0.987419 -0.144255
-26.7086 2.06252 -44.1441 -0.0634286 -0.986808 -0.148952
-25.5179 2.16234 -45.3159 -0.0677848 -0.987693 -0.140954
-24.3548 2.23325 -46.4654 -0.0711642 -0.988543 -0.133107
-23.5159 2.27987 -47.2953 -0.0750917 -0.989336 -0.1248
-22.2495 2.33467 -48.5507 -0.0759774 -0.990243 -0.116815
-21.6311 2.36049 -49.1639 -0.0798474 -0.990505 -0.111916
-23.0569 2.4502 -48.9962 -0.0773094 -0.990158 -0.116662
-24.1014 2.40797 -47.9601 -0.0729852 -0.990203 -0.119039
-25.4478 2.33383 -46.628 -0.0714769 -0.988526 -0.133067
-26.358 2.27885 -45.7283 -0.0677853 -0.987693 -0.140954
-27.4173 2.18961 -44.6857 -0.063082 -0.986818 -0.149034
-28.5706 2.09188 -43.5503 -0.0639233 -0.987122 -0.146645
-29.4732 2.01883 -42.661 -0.0602038 -0.98751 -0.145603
-30.4235 1.93879 -41.7252 -0.0582506 -0.986535 -0.152826
-31.3736 1.84074 -40.7937 -0.0509132 -0.985735 -0.160422
-32.2843 1.74263 -39.9018 -0.0490779 -0.984921 -0.165895
-33.1459 1.63984 -39.0602 -0.049567 -0.984224 -0.169844
-34.0927 1.52597 -38.135 -0.0411685 -0.985035 -0.167367
-35.2059 1.38469 -37.0479 -0.0409419 -0.984612 -0.16989
-36.1482 1.26658 -36.1273 -0.0414911 -0.983744 -0.174717
-37.3112 1.10402 -34.9963 -0.0398062 -0.982204 -0.183551
-38.1465 0.986163 -34.1842 -0.043096 -0.98178 -0.18507
-39.5253 0.785178 -32.8459 -0.0324667 -0.980388 -0.194384
-40.256 0.666792 -32.1408 -0.0329475 -0.979736 -0.197566
-41.8035 0.659314 -31.8693 -0.0292382 -0.980279 -0.195442
-40.7135 0.838877 -32.9218 -0.0281842 -0.980351 -0.195239
-39.687 0.997958 -33.9153 -0.0327914 -0.981181 -0.190285
-38.8232 1.12325 -34.7539 -0.043096 -0.98178 -0.18507
-37.8225 1.26011 -35.7278 -0.0406469 -0.982895 -0.179625
-36.9482 1.37953 -36.5788 -0.043697 -0.984668 -0.168878
-36.0757 1.48707 -37.4317 -0.0423195 -0.984641 -0.169384
-35.1776 1.60063 -38.3089 -0.0413952 -0.985451 -0.164843
-34.3014 1.70718 -39.1658 -0.0410728 -0.985443 -0.164972
-33.2461 1.83619 -40.1964 -0.0419342 -0.986027 -0.161219
-32.3383 1.93609 -41.0852 -0.0460496 -0.986597 -0.156541
-31.4213 2.03576 -41.9831 -0.0471086 -0.987144 -0.152734
-30.4758 2.11709 -42.9139 -0.0596057 -0.987637 -0.144984
-29.5261 2.19707 -43.8492 -0.0598733 -0.987781 -0.143888
-28.3911 2.29333 -44.9664 -0.0573616 -0.987929 -0.143895
-27.2114 2.39396 -46.1276 -0.0576458 -0.988967 -0.13646
-25.7364 2.48216 -47.5859 -0.0648406 -0.990307 -0.122834
-24.8947 2.51772 -48.421 -0.0713877 -0.991015 -0.113104
-23.6412 2.56892 -49.6646 -0.0720475 -0.990957 -0.113196
-23.5113 2.57423 -49.7934 -0.0721186 -0.990915 -0.113515
-24.5419 2.67511 -50.0193 -0.0735195 -0.990884 -0.112887
-26.0281 2.61747 -48.544 -0.075024 -0.990483 -0.115388
-26.8926 2.57037 -47.6881 -0.0645027 -0.990067 -0.124929
-28.4353 2.47029 -46.1637 -0.0576458 -0.988967 -0.13646
-29.6149 2.36966 -45.0026 -0.0573616 -0.987929 -0.143895
-30.5455 2.29334 -44.0859 -0.0598733 -0.987781 -0.143888
-31.4953 2.21336 -43.1506 -0.0596057 -0.987637 -0.144984
-32.3745 2.12802 -42.2866 -0.0481665 -0.987675 -0.148924
-33.3279 2.02422 -41.353 -0.0431159 -0.986604 -0.157335
-34.22 1.92394 -40.4798 -0.0419338 -0.986027 -0.161219
-35.2542 1.7979 -39.469 -0.041395 -0.985451 -0.164843
-36.3706 1.66214 -38.377 -0.0430765 -0.985206 -0.16587
-37.2066 1.55924 -37.5598 -0.0436969 -0.984668 -0.168878
-38.3324 1.41519 -36.461 -0.0406469 -0.982895 -0.179625
-39.6551 1.23753 -35.1728 -0.0395845 -0.983307 -0.177597
-40.9155 1.04653 -33.951 -0.0335272 -0.981103 -0.190559
-41.7843 0.907118 -33.1108 -0.028216 -0.980575 -0.194105
-42.3887 0.807907 -32.527 -0.0292382 -0.980279 -0.195442
-43.6529 0.844108 -32.5282 -0.0261859 -0.980785 -0.193327
-42.5198 1.02986 -33.624 -0.027843 -0.980613 -0.193965
-41.6335 1.17394 -34.4807 -0.0308719 -0.980844 -0.192333
-40.6746 1.31663 -35.411 -0.0336489 -0.983272 -0.179006
-39.5828 1.46818 -36.4734 -0.0371584 -0.983601 -0.176491
-38.0476 1.66709 -37.9715 -0.0436244 -0.984694 -0.168745
-37.2055 1.77087 -38.7948 -0.0441909 -0.984827 -0.167821
-36.1729 1.89512 -39.805 -0.0447573 -0.984958 -0.166896
-35.1475 2.018 -40.8083 -0.0453403 -0.985769 -0.161875
-34.3069 2.11187 -41.6314 -0.0463394 -0.986058 -0.159822
-33.4433 2.20847 -42.4768 -0.0445825 -0.986602 -0.156938
-32.4938 2.3031 -43.4092 -0.0481668 -0.987675 -0.148923
-31.5649 2.38961 -44.3225 -0.0598739 -0.987781 -0.143887
-30.6624 2.46319 -45.2117 -0.0601417 -0.987924 -0.14279
-29.6591 2.54661 -46.1999 -0.0576456 -0.988967 -0.13646
-28.7654 2.60934 -47.0824 -0.0579274 -0.989949 -0.129018
-27.9206 2.66623 -47.917 -0.0648404 -0.990307 -0.122834
-26.5112 2.74358 -49.3124 -0.070102 -0.990528 -0.118065
-25.5901 2.7779 -50.227 -0.0749203 -0.990851 -0.11226
-26.8077 2.87105 -50.2671 -0.0717845 -0.991425 -0.109196
-27.7433 2.82246 -49.3403 -0.0601206 -0.991591 -0.114598
-28.9616 2.75583 -48.1341 -0.0561797 -0.990762 -0.123424
-29.8683 2.69238 -47.2386 -0.0554424 -0.990439 -0.126317
-30.7765 2.62717 -46.3419 -0.0512186 -0.990155 -0.130265
-31.6791 2.55387 -45.4525 -0.0505594 -0.989842 -0.132882
-32.5591 2.48075 -44.5855 -0.0442994 -0.989062 -0.140693
-33.4667 2.38908 -43.6945 -0.0428346 -0.988457 -0.145317
-34.4241 2.29916 -42.7529 -0.0484906 -0.987311 -0.151211
-35.3025 2.20107 -41.893 -0.0465213 -0.986057 -0.159775
-36.9023 2.01638 -40.326 -0.0441589 -0.985476 -0.163974
-37.9916 1.88547 -39.2603 -0.0441906 -0.984827 -0.16782
-38.8338 1.78168 -38.4369 -0.0436244 -0.984694 -0.168745
-39.9772 1.63248 -37.3207 -0.0366097 -0.984878 -0.169337
-40.8477 1.51575 -36.4722 -0.0354038 -0.983439 -0.177749
-41.6832 1.39648 -35.66 -0.0328913 -0.983357 -0.178683
-42.8025 1.22563 -34.5744 -0.02747 -0.980651 -0.193825
-43.7231 1.07486 -33.6842 -0.0261194 -0.980506 -0.194746
-44.8827 0.883754 -32.5628 -0.0247878 -0.98062 -0.194346
-45.6111 1.00413 -33.0822 -0.0221285 -0.981098 -0.192244
-44.6933 1.15744 -33.9698 -0.026119 -0.980506 -0.194746
-43.5225 1.35009 -35.1021 -0.0280357 -0.981953 -0.187036
-42.5564 1.4941 -36.041 -0.0303659 -0.983326 -0.179299
-41.5514 1.63841 -37.0177 -0.0337829 -0.984191 -0.173857
-40.186 1.81729 -38.3507 -0.0363139 -0.984925 -0.169128
-38.9532 1.97844 -39.5542 -0.040117 -0.984792 -0.169042
-37.7711 2.11944 -40.7114 -0.0441588 -0.985476 -0.163974
-36.7708 2.2376 -41.6909 -0.0453399 -0.985769 -0.161875
-35.5033 2.37903 -42.9328 -0.0464303 -0.986057 -0.159798
-34.4589 2.47511 -43.9603 -0.0506377 -0.988486 -0.142588
-33.5233 2.56579 -44.8798 -0.0442996 -0.989062 -0.140694
-32.6928 2.63855 -45.6975 -0.0505594 -0.989842 -0.132882
-31.7902 2.71185 -46.5869 -0.0512186 -0.990155 -0.130265
-30.8795 2.77999 -47.4858 -0.0518771 -0.990462 -0.127648
-29.9723 2.84398 -48.3817 -0.0561797 -0.990762 -0.123424
-28.9236 2.90987 -49.4186 -0.0617391 -0.99103 -0.118523
-27.4303 2.98355 -50.8984 -0.063341 -0.991279 -0.115555
-28.4091 3.07532 -51.1775 -0.0606164 -0.992318 -0.107842
-29.2406 3.03652 -50.3531 -0.0608542 -0.99231 -0.107781
-30.1758 2.98264 -49.4275 -0.0559941 -0.991312 -0.119018
-31.113 2.92305 -48.5009 -0.05366 -0.990452 -0.126983
-32.3209 2.83267 -47.3087 -0.051877 -0.990462 -0.127648
-33.3532 2.75192 -46.2908 -0.0481616 -0.989746 -0.134475
-34.3246 2.66535 -45.3344 -0.0481874 -0.989449 -0.136636
-35.3705 2.57024 -44.3051 -0.0483034 -0.98878 -0.141357
-36.4658 2.465 -43.2283 -0.0413511 -0.987905 -0.149443
-37.4449 2.36065 -42.2675 -0.0368481 -0.988101 -0.149327
-38.4379 2.24294 -41.2951 -0.0367021 -0.986596 -0.159
-39.3447 2.13361 -40.4074 -0.0362105 -0.986564 -0.159314
-40.3334 2.00984 -39.4403 -0.036314 -0.984925 -0.169128
-41.3844 1.87238 -38.4142 -0.0363139 -0.984925 -0.169128
-42.3468 1.74561 -37.4748 -0.0354332 -0.984919 -0.169349
-43.4615 1.58457 -36.3908 -0.028599 -0.983207 -0.180238
-44.4981 1.43029 -35.3833 -0.0244892 -0.98253 -0.184486
-45.771 1.21536 -34.1526 -0.0191326 -0.981253 -0.191773
-46.6222 1.07471 -33.3287 -0.0222597 -0.981582 -0.18974
-47.1212 1.22951 -34.071 -0.0222597 -0.981582 -0.18974
-45.928 1.42807 -35.2253 -0.0192085 -0.981583 -0.19007
-45.0392 1.57577 -36.0862 -0.0244892 -0.98253 -0.184486
-43.4783 1.80744 -37.604 -0.0291458 -0.983158 -0.18042
-42.5968 1.92473 -38.4642 -0.0354332 -0.984919 -0.169349
-41.7535 2.03591 -39.2873 -0.0358736 -0.984922 -0.169238
-40.7509 2.16194 -40.2678 -0.0357189 -0.986531 -0.159629
-39.8375 2.27357 -41.1621 -0.0362106 -0.986564 -0.159315
-38.9307 2.38289 -42.0497 -0.0367021 -0.986596 -0.159
-38.0819 2.47449 -42.8835 -0.0346482 -0.988459 -0.147475
-36.7997 2.61701 -44.1408 -0.0450254 -0.988352 -0.145373
-35.8249 2.70609 -45.1001 -0.0485013 -0.988774 -0.141327
-34.5581 2.81781 -46.3475 -0.0506113 -0.989249 -0.137205
-33.6638 2.89271 -47.2289 -0.0518781 -0.990462 -0.12765
-32.5316 2.97745 -48.3465 -0.0518793 -0.990461 -0.127652
-31.3178 3.06133 -49.5457 -0.0559339 -0.991314 -0.119028
-30.4937 3.11263 -50.3607 -0.0559941 -0.991312 -0.119018
-29.4924 3.16061 -51.3535 -0.060854 -0.99231 -0.107781
-29.0957 3.17912 -51.7468 -0.0609503 -0.992398 -0.10692
-29.9223 3.27696 -52.1772 -0.0625415 -0.992193 -0.107897
-31.2532 3.21513 -50.8571 -0.0585442 -0.991826 -0.113371
-32.5666 3.13323 -49.5583 -0.0558735 -0.991316 -0.119038
-33.7179 3.04924 -48.4214 -0.0518793 -0.990461 -0.127652
-34.5852 2.98268 -47.5655 -0.048368 -0.990427 -0.129283
-35.943 2.87043 -46.2265 -0.0469633 -0.990281 -0.13091
-36.7959 2.79389 -45.3869 -0.043889 -0.989688 -0.136352
-38.0358 2.66703 -44.1688 -0.0323446 -0.988277 -0.149208
-39.4714 2.5082 -42.7598 -0.0369514 -0.988633 -0.14574
-40.3303 2.41352 -41.9167 -0.0362106 -0.986564 -0.159315
-41.227 2.30297 -41.039 -0.0300151 -0.987226 -0.156475
-42.1029 2.19373 -40.1819 -0.0313087 -0.987283 -0.155858
-42.9308 2.09046 -39.3721 -0.0327027 -0.985383 -0.167188
-43.7913 1.97654 -38.5323 -0.0297377 -0.985277 -0.168358
-44.7231 1.84552 -37.6238 -0.0267724 -0.985162 -0.169527
-45.5803 1.72126 -36.7892 -0.0244893 -0.98253 -0.184487
-46.8781 1.5039 -35.5324 -0.016839 -0.982852 -0.183625
-48.0984 1.30282 -34.3502 -0.019315 -0.981898 -0.188423
-48.7326 1.43261 -34.9616 -0.0173848 -0.981727 -0.189501
-47.4967 1.63288 -36.1604 -0.020365 -0.983117 -0.181844
-46.4044 1.81566 -37.2186 -0.015285 -0.983986 -0.177588
-45.2398 1.98449 -38.3537 -0.0238809 -0.985532 -0.167801
-44.1471 2.13881 -39.4191 -0.0297376 -0.985277 -0.168358
-42.8414 2.2991 -40.6969 -0.0326017 -0.987339 -0.15524
-41.7513 2.43378 -41.7638 -0.0300153 -0.987226 -0.156475
-40.8253 2.54365 -42.6716 -0.0308043 -0.988788 -0.146111
-39.9158 2.64346 -43.5647 -0.0369514 -0.988633 -0.14574
-38.6077 2.78837 -44.8485 -0.0331861 -0.988967 -0.144369
-37.7171 2.88116 -45.7238 -0.0389586 -0.989674 -0.137941
-36.6366 2.97732 -46.7878 -0.0466926 -0.990296 -0.130899
-35.3331 3.0855 -48.0734 -0.0483682 -0.990427 -0.129283
-34.4878 3.15076 -48.9076 -0.0495019 -0.990584 -0.127646
-33.6072 3.21811 -49.7767 -0.0538771 -0.9909 -0.123346
-32.7314 3.27123 -50.6433 -0.0524674 -0.992343 -0.111815
-31.5243 3.33938 -51.8385 -0.0581666 -0.992357 -0.108829
-30.7285 3.37657 -52.628 -0.0616823 -0.992136 -0.108906
-31.4873 3.47838 -53.1257 -0.0581663 -0.992357 -0.108829
-32.649 3.41628 -51.9752 -0.0546499 -0.992566 -0.10875
-33.5799 3.36232 -51.0535 -0.0524675 -0.992343 -0.111815
-34.423 3.31228 -50.2186 -0.0484015 -0.991945 -0.117057
-35.2595 3.24879 -49.3928 -0.0453629 -0.991472 -0.122171
-36.7949 3.12876 -47.877 -0.0449097 -0.990786 -0.127773
-37.7761 3.0471 -46.9093 -0.0452912 -0.989996 -0.133626
-38.6765 2.95647 -46.024 -0.0340268 -0.989634 -0.139527
-39.6901 2.85087 -45.0278 -0.0331861 -0.988967 -0.144369
-40.5164 2.75956 -44.2164 -0.0328666 -0.988918 -0.144779
-41.6673 2.63005 -43.0867 -0.0287415 -0.988653 -0.147443
-42.7578 2.50227 -42.0174 -0.0323231 -0.988326 -0.148883
-43.7247 2.38687 -41.07 -0.0324503 -0.987358 -0.155146
-45.1728 2.20408 -39.653 -0.0240629 -0.986274 -0.163352
-46.2572 2.05034 -38.5957 -0.0205685 -0.985439 -0.168782
-47.419 1.87568 -37.4638 -0.015285 -0.983986 -0.177588
-48.3359 1.72678 -36.5741 -0.0203651 -0.983117 -0.181844
-49.1781 1.59226 -35.756 -0.0143374 -0.98349 -0.180394
-49.2806 1.57518 -35.6563 -0.0115757 -0.982717 -0.184751
-50.3685 1.62011 -35.8289 -0.0106955 -0.98207 -0.188212
-49.4037 1.78036 -36.7663 -0.0162192 -0.983624 -0.179499
-48.4563 1.93265 -37.6865 -0.0169807 -0.984314 -0.175604
-47.422 2.08816 -38.6945 -0.0193893 -0.985065 -0.17109
-46.5446 2.21969 -39.5494 -0.0205685 -0.985439 -0.168782
-45.5253 2.35645 -40.5457 -0.0242444 -0.986997 -0.158899
-44.5625 2.48001 -41.4876 -0.032248 -0.987567 -0.153855
-43.656 2.58788 -42.3763 -0.0320452 -0.987774 -0.152563
-42.6031 2.70845 -43.4094 -0.035904 -0.987985 -0.150322
-41.7309 2.80709 -44.2654 -0.0320692 -0.989243 -0.142724
-40.4824 2.94204 -45.4923 -0.0312716 -0.989563 -0.140669
-39.2724 3.06946 -46.6815 -0.0337857 -0.989667 -0.139348
-37.8782 3.19827 -48.055 -0.0415071 -0.991391 -0.124178
-36.7945 3.28562 -49.1246 -0.044022 -0.991373 -0.123456
-35.4848 3.38545 -50.4181 -0.0453628 -0.991472 -0.122171
-34.3398 3.4583 -51.5514 -0.0514384 -0.992383 -0.111939
-33.5146 3.50704 -52.3685 -0.0535587 -0.992456 -0.110283
-32.6615 3.55263 -53.2134 -0.0537366 -0.993049 -0.104724
-33.4525 3.64213 -53.6815 -0.0528228 -0.993514 -0.100695
-34.4192 3.59458 -52.7231 -0.0472148 -0.993314 -0.105346
-35.3071 3.54141 -51.8437 -0.0514384 -0.992383 -0.111939
-36.3459 3.47385 -50.8159 -0.0451402 -0.991476 -0.122218
-37.2443 3.40509 -49.9282 -0.0418575 -0.991805 -0.120707
-38.3042 3.31859 -48.882 -0.039889 -0.991516 -0.12371
-39.1447 3.24848 -48.0527 -0.0338197 -0.991012 -0.129429
-40.1108 3.15709 -47.1006 -0.0338032 -0.990352 -0.13439
-41.2095 3.04015 -46.0209 -0.0324358 -0.989469 -0.141067
-42.3477 2.91883 -44.902 -0.0340123 -0.989402 -0.141163
-43.2685 2.82197 -43.9966 -0.0351646 -0.988719 -0.145594
-44.5422 2.67392 -42.7472 -0.0288433 -0.988057 -0.151366
-45.7232 2.52845 -41.5895 -0.0242312 -0.987752 -0.15414
-46.5721 2.41556 -40.7594 -0.0231575 -0.987176 -0.157948
-47.3978 2.30602 -39.9516 -0.021514 -0.986154 -0.164431
-48.3845 2.15846 -38.9902 -0.0193893 -0.985065 -0.17109
-49.2484 2.02732 -38.1477 -0.0177416 -0.984988 -0.171706
-50.4294 1.83731 -36.9992 -0.0124554 -0.983351 -0.181288
-51.304 1.69165 -36.149 -0.0115751 -0.982717 -0.184752
-51.9762 1.80243 -36.7264 -0.00580352 -0.984397 -0.175868
-50.6194 2.03014 -38.0449 -0.00602583 -0.985406 -0.170112
-49.5921 2.19015 -39.0463 -0.0177416 -0.984988 -0.171706
-48.3603 2.37632 -40.2473 -0.0215142 -0.986154 -0.164431
-47.2318 2.52581 -41.3518 -0.0233979 -0.987185 -0.157856
-45.7905 2.70884 -42.7641 -0.0253045 -0.988312 -0.15033
-44.6195 2.85285 -43.9117 -0.0264493 -0.98949 -0.142161
-43.6385 2.9596 -44.8758 -0.0245387 -0.990409 -0.135971
-42.0326 3.13012 -46.4545 -0.030602 -0.990244 -0.135942
-41.1723 3.21757 -47.3012 -0.0294475 -0.991422 -0.127336
-39.72 3.35688 -48.7324 -0.0368547 -0.991273 -0.126571
-38.4943 3.45573 -49.9426 -0.0388411 -0.992122 -0.119104
-37.4249 3.54071 -50.9987 -0.0387962 -0.992118 -0.119147
-36.2756 3.61653 -52.136 -0.0434728 -0.99415 -0.0988757
-34.9955 3.6872 -53.4047 -0.0429881 -0.994184 -0.0987472
-34.6894 3.70391 -53.7081 -0.0435332 -0.994212 -0.0982167
-35.4929 3.78418 -54.1645 -0.0432605 -0.994198 -0.098482
-36.3365 3.73798 -53.3284 -0.0439573 -0.994116 -0.0990049
-37.2589 3.68675 -52.4142 -0.039056 -0.994029 -0.101884
-38.25 3.62509 -51.4326 -0.0389276 -0.993111 -0.11052
-39.4401 3.53054 -50.2573 -0.0388413 -0.992122 -0.119104
-40.3816 3.45259 -49.3276 -0.0290511 -0.992168 -0.121485
-41.2082 3.37059 -48.5135 -0.0284047 -0.991746 -0.125029
-42.7705 3.21907 -46.9743 -0.0276028 -0.991075 -0.130415
-43.9049 3.10105 -45.858 -0.0244349 -0.990779 -0.133269
-44.8426 2.9978 -44.9368 -0.0258974 -0.990499 -0.135058
-45.7731 2.89945 -44.0214 -0.0264497 -0.98949 -0.142161
-46.7807 2.77514 -43.0333 -0.0253045 -0.988312 -0.15033
-47.741 2.65451 -42.0915 -0.0172165 -0.989348 -0.144548
-49.1334 2.46936 -40.7289 -0.0102913 -0.988103 -0.153447
-50.7132 2.22136 -39.1888 -0.00435729 -0.986274 -0.165056
-51.5732 2.08714 -38.3503 -0.00632808 -0.986388 -0.164314
-52.8732 1.87198 -37.0858 -0.00588488 -0.984403 -0.175831
-53.6171 1.9676 -37.594 -0.00650417 -0.984335 -0.176188
-52.7624 2.10802 -38.4262 -0.00702047 -0.98608 -0.166121
-51.9214 2.23863 -39.2462 -0.00834127 -0.986155 -0.165618
-51.0783 2.37015 -40.0683 -0.0053427 -0.986332 -0.164685
-49.8028 2.56405 -41.3137 -0.00385608 -0.987827 -0.155507
-48.9256 2.68684 -42.1717 -0.0172164 -0.989348 -0.144548
-47.9061 2.80781 -43.1727 -0.0130956 -0.990159 -0.139336
-46.8663 2.94397 -44.1916 -0.00932227 -0.990474 -0.137386
-45.9735 3.04549 -45.069 -0.0182826 -0.991434 -0.12932
-44.2934 3.22436 -46.7217 -0.0243309 -0.991141 -0.130566
-43.1668 3.34274 -47.8303 -0.0259669 -0.991109 -0.13049
-42.2612 3.43002 -48.7227 -0.0312917 -0.991757 -0.124257
-41.0781 3.54171 -49.8889 -0.0290511 -0.992168 -0.121485
-40.2238 3.61325 -50.7325 -0.0325838 -0.992578 -0.117167
-39.2467 3.69152 -51.6981 -0.0370823 -0.994046 -0.102453
-38.123 3.76136 -52.8108 -0.0391794 -0.994015 -0.10198
-36.8547 3.83152 -54.068 -0.0388893 -0.995331 -0.0883436
-36.596 3.84419 -54.3246 -0.0388893 -0.995331 -0.0883437
-37.7926 3.89818 -54.3923 -0.0431245 -0.995102 -0.0889479
-38.6185 3.8592 -53.5728 -0.0393028 -0.994 -0.102077
-39.4679 3.80619 -52.7317 -0.0348618 -0.994088 -0.10283
-40.3823 3.74334 -51.8266 -0.0305908 -0.993194 -0.112386
-41.7041 3.6362 -50.52 -0.022395 -0.993487 -0.111723
-42.5887 3.55428 -49.6476 -0.0246313 -0.992567 -0.119178
-43.4198 3.47652 -48.8282 -0.025546 -0.992616 -0.118579
-44.3909 3.37992 -47.8715 -0.0267934 -0.990811 -0.13257
-45.5315 3.26058 -46.7491 -0.0216861 -0.990861 -0.133131
-46.4238 3.1585 -45.8717 -0.0182826 -0.991434 -0.12932
-47.6074 3.0214 -44.7087 -0.0101602 -0.990955 -0.133809
-48.9642 2.85515 -43.3771 -0.0177056 -0.990315 -0.137708
-50.0825 2.71539 -42.2797 -0.00130886 -0.98934 -0.14562
-51.0198 2.57429 -41.364 -0.000358922 -0.98828 -0.152652
-52.0384 2.42791 -40.3674 -0.00854701 -0.987422 -0.157877
-52.9719 2.28293 -39.4572 -0.00834127 -0.986155 -0.165619
-53.9968 2.12044 -38.4575 -0.00569943 -0.986004 -0.166623
-54.8596 1.97991 -37.6169 -0.00907083 -0.98453 -0.17498
-55.2475 2.12832 -38.473 -0.00347105 -0.986465 -0.163933
-54.3511 2.2722 -39.3473 -0.00210891 -0.986373 -0.164508
-53.4605 2.41451 -40.216 -0.00702039 -0.98608 -0.166121
-52.5767 2.54097 -41.0806 -0.00875139 -0.988628 -0.150125
-51.6811 2.6662 -41.9575 -0.00455555 -0.988464 -0.15139
-50.8407 2.78709 -42.7797 -0.00225897 -0.990349 -0.13858
-49.9763 2.90369 -43.6271 -0.00803715 -0.990519 -0.137143
-48.7528 3.05163 -44.8283 -0.0149191 -0.990608 -0.135919
-47.4883 3.20405 -46.0704 -0.0142215 -0.991205 -0.131566
-46.1905 3.35222 -47.3466 -0.0165783 -0.990885 -0.133688
-45.0778 3.47471 -48.4411 -0.0266282 -0.991764 -0.125278
-43.9359 3.57821 -49.568 -0.0264613 -0.992663 -0.11798
-43.089 3.65741 -50.4031 -0.0246313 -0.992567 -0.119178
-42.1899 3.7294 -51.2919 -0.0200489 -0.993954 -0.107954
-41.1649 3.8215 -52.3043 -0.0327268 -0.993654 -0.107609
-39.6064 3.92643 -53.8471 -0.0370824 -0.994046 -0.102453
-39.511 3.93236 -53.9416 -0.0412146 -0.994574 -0.0955145
-40.4195 3.99469 -54.2959 -0.0316026 -0.995403 -0.0904121
-41.6544 3.91327 -53.0731 -0.0246531 -0.994999 -0.0967932
-42.6276 3.82721 -52.1111 -0.0200489 -0.993954 -0.107954
-43.5368 3.75608 -51.2121 -0.0258991 -0.994151 -0.104852
-44.4203 3.68277 -50.3392 -0.0255464 -0.992616 -0.118579
-45.9961 3.5342 -48.7848 -0.0108394 -0.993391 -0.114264
-46.9756 3.42458 -47.8208 -0.00723076 -0.992487 -0.122133
-47.9573 3.3129 -46.8551 -0.00900846 -0.992639 -0.120773
-49.224 3.16563 -45.6098 -0.0155711 -0.990706 -0.135125
-50.107 3.05932 -44.7427 -0.0113344 -0.99051 -0.136972
-51.0821 2.93199 -43.7859 -0.0057587 -0.989654 -0.143362
-51.9499 2.81383 -42.9354 -0.00468659 -0.989624 -0.143606
-52.8497 2.68749 -42.054 -0.00293596 -0.98934 -0.145592
-53.7391 2.562 -41.1834 -0.00191182 -0.989304 -0.145856
-54.6061 2.43736 -40.3343 -0.00149836 -0.987863 -0.155321
-55.6236 2.27402 -39.3418 -0.00347127 -0.986465 -0.163934
-56.4618 2.14263 -38.5236 -0.00483351 -0.986555 -0.163359
-57.6839 2.14558 -38.5677 0.00618489 -0.987497 -0.157518
-56.8417 2.28284 -39.3893 0.00695326 -0.987439 -0.157851
-55.9998 2.41972 -40.2106 -0.00347127 -0.986465 -0.163934
-55.0015 2.56384 -41.1882 -0.000887593 -0.989266 -0.14612
-53.9989 2.70797 -42.1701 -0.00191182 -0.989304 -0.145856
-53.1451 2.82844 -43.0059 -0.00327526 -0.989467 -0.144721
-52.1845 2.96187 -43.9479 -0.00468658 -0.989624 -0.143606
-51.2538 3.08541 -44.8608 -0.0084009 -0.990504 -0.13723
-50.208 3.21878 -45.8874 -0.0113343 -0.99051 -0.136972
-49.3335 3.315 -46.7482 -0.0107861 -0.992786 -0.119413
-48.5064 3.404 -47.5629 -0.00900846 -0.992639 -0.120773
-47.5246 3.51568 -48.5286 -0.00723076 -0.992487 -0.122133
-46.5847 3.61746 -49.4544 -0.00781058 -0.993147 -0.116613
-45.7507 3.69884 -50.2769 -0.0138681 -0.993621 -0.111914
-44.1084 3.84176 -51.8991 -0.0173309 -0.99483 -0.10006
-43.0653 3.92502 -52.9304 -0.0200489 -0.993954 -0.107954
-42.1302 3.99968 -53.8559 -0.0199551 -0.995016 -0.0976944
-41.318 4.05631 -54.6602 -0.0316026 -0.995403 -0.0904123
-41.941 4.13121 -55.2981 -0.0257115 -0.996345 -0.0814569
-42.8922 4.06122 -54.3558 -0.0142172 -0.99548 -0.0938985
-44.1405 3.96515 -53.1203 -0.0170974 -0.995262 -0.0957119
-45.4507 3.85773 -51.8254 -0.0173309 -0.99483 -0.10006
-46.3095 3.7816 -50.9768 -0.0133052 -0.994563 -0.10328
-47.7335 3.64034 -49.5723 -0.00781058 -0.993147 -0.116613
-48.5979 3.54715 -48.7208 -0.00752041 -0.992821 -0.119374
-49.8168 3.41317 -47.5208 -0.00617756 -0.992969 -0.118211
-50.9943 3.28099 -46.3613 -0.0035104 -0.992782 -0.119884
-52.4242 3.10648 -44.9561 0.00112178 -0.992126 -0.125242
-53.2859 2.98952 -44.1105 -0.00361457 -0.989593 -0.14385
-54.2588 2.85394 -43.1567 -0.00191182 -0.989304 -0.145856
-55.3009 2.70438 -42.136 -0.00183941 -0.989193 -0.146605
-56.3801 2.54969 -41.0788 0.00234539 -0.988925 -0.148399
-57.2251 2.4181 -40.2522 0.00695326 -0.987439 -0.157851
-58.0673 2.28083 -39.4307 0.00618457 -0.987497 -0.157519
-58.395 2.22808 -39.1106 0.00541624 -0.987554 -0.157186
-59.4757 2.25107 -39.2923 0.00541627 -0.987554 -0.157186
-58.4507 2.41609 -40.2937 0.00618457 -0.987497 -0.157519
-57.6057 2.54787 -41.12 0.00653013 -0.988636 -0.15019
-56.7605 2.67907 -41.9469 0.00234543 -0.988925 -0.148399
-55.9161 2.8001 -42.7741 0.00176803 -0.990363 -0.138484
-54.8657 2.94134 -43.8051 0.00546031 -0.991436 -0.13048
-53.5357 3.12099 -45.1107 0.00575001 -0.991413 -0.130643
-52.6944 3.23009 -45.9376 0.00112178 -0.992126 -0.125242
-51.8616 3.33172 -46.7561 -0.0035106 -0.992782 -0.119884
-50.9535 3.43028 -47.6507 -0.00362404 -0.993231 -0.116098
-49.7154 3.57191 -48.8695 -0.00230099 -0.993473 -0.114045
-48.7922 3.6704 -49.7792 -0.00341517 -0.993817 -0.110978
-47.8883 3.76675 -50.6697 -0.00506887 -0.994318 -0.106329
-46.9649 3.85321 -51.5819 -0.010314 -0.994696 -0.102339
-46.0827 3.93193 -52.4536 -0.0153182 -0.9947 -0.101671
-45.1449 4.00607 -53.3809 -0.0168631 -0.995675 -0.0913617
-44.2513 4.07209 -54.2653 -0.01554 -0.995579 -0.0926298
-43.1442 4.15594 -55.3619 -0.0134305 -0.996105 -0.0871448
-42.9041 4.17352 -55.5999 -0.0160579 -0.996369 -0.0836125
-43.6308 4.23023 -56.1361 -0.0160577 -0.996369 -0.0836123
-44.774 4.14673 -55.0029 -0.0163582 -0.99612 -0.0864723
-45.6536 4.08341 -54.132 -0.0164362 -0.995727 -0.090872
-46.5795 4.01507 -53.2157 -0.0130357 -0.995689 -0.0918303
-47.8364 3.89957 -51.9738 -0.00732263 -0.994819 -0.101396
-48.7939 3.80947 -51.0278 -0.0067229 -0.994795 -0.101676
-49.7278 3.7103 -50.1077 -0.00341517 -0.993817 -0.110978
-50.6325 3.61341 -49.2157 -0.00303372 -0.993806 -0.111084
-51.8029 3.48295 -48.0631 -0.00567898 -0.993327 -0.11519
-52.7288 3.38246 -47.1509 -0.0035106 -0.992782 -0.119884
-53.7871 3.24806 -46.1104 0.00358534 -0.992035 -0.125909
-54.6586 3.1334 -45.2543 0.00564756 -0.991416 -0.130625
-55.627 3.00267 -44.303 0.00545984 -0.991436 -0.13048
-56.4897 2.88666 -43.4562 0.00537522 -0.991453 -0.130353
-57.5133 2.7488 -42.4512 0.00749596 -0.990241 -0.139163
-58.4747 2.599 -41.5109 0.00931653 -0.988941 -0.148015
-59.3923 2.45939 -40.6121 0.00622094 -0.988506 -0.151051
-60.4459 2.28967 -39.5828 0.00735505 -0.987831 -0.155356
-61.2407 2.16004 -38.806 0.00754699 -0.988245 -0.152692
-62.7057 2.12244 -38.6106 0.00540872 -0.988722 -0.149667
-61.2592 2.35225 -40.0264 0.00968536 -0.987754 -0.155716
-60.395 2.49265 -40.871 0.00622046 -0.988506 -0.15105
-59.4951 2.6281 -41.7529 0.0050864 -0.989162 -0.146742
-58.5644 2.77076 -42.6642 0.00749594 -0.990241 -0.139162
-57.4615 2.9194 -43.7471 0.00567509 -0.991459 -0.130298
-56.4952 3.04963 -44.696 0.0055251 -0.991456 -0.130325
-55.1242 3.23364 -46.0429 0.00675673 -0.991935 -0.126569
-54.0272 3.37495 -47.1216 0.00438345 -0.992152 -0.124963
-52.7308 3.52667 -48.3982 -0.00452219 -0.99342 -0.114437
-51.7502 3.63349 -49.3642 -0.00492907 -0.993652 -0.11239
-50.9065 3.72382 -50.1961 -0.00303372 -0.993806 -0.111084
-49.7595 3.84654 -51.3267 -0.00506933 -0.994318 -0.106328
-48.786 3.93826 -52.2884 -0.00672273 -0.994795 -0.101676
-47.7456 4.03573 -53.3163 -0.00847892 -0.995239 -0.0970927
-46.8568 4.10911 -54.1959 -0.0130357 -0.995689 -0.0918303
-45.9309 4.17745 -55.1122 -0.0164362 -0.995727 -0.090872
-45.089 4.23405 -55.9467 -0.0142819 -0.996072 -0.0873914
-44.3956 4.28444 -56.6343 -0.0169782 -0.996459 -0.0823522
-44.9172 4.35208 -57.3737 -0.0196741 -0.996813 -0.0773104
-45.9947 4.28114 -56.3049 -0.018434 -0.996163 -0.0855528
-46.8409 4.22477 -55.4662 -0.0174351 -0.995949 -0.0882127
-47.7754 4.15019 -54.5414 -0.00963534 -0.995639 -0.0927874
-48.7453 4.07013 -53.5816 -0.00847892 -0.995239 -0.0970927
-49.5788 3.98975 -52.7582 0.00180799 -0.995387 -0.0959294
-50.6932 3.88651 -51.6569 -0.0065693 -0.994804 -0.101598
-51.6857 3.7802 -50.6784 -0.00312613 -0.993799 -0.111148
-52.808 3.66216 -49.5713 -0.00492907 -0.993652 -0.11239
-53.6558 3.56982 -48.7362 -0.00131911 -0.99328 -0.11573
-54.6189 3.45617 -47.7872 0.00313392 -0.992648 -0.120994
-55.8068 3.30213 -46.6189 0.00621936 -0.992096 -0.125327
-56.6345 3.19192 -45.8054 0.00729384 -0.991772 -0.127811
-57.6753 3.05711 -44.7821 0.00307662 -0.991011 -0.133743
-59.1349 2.85915 -43.3488 0.00550691 -0.99106 -0.133302
-60.097 2.71734 -42.4054 0.0141775 -0.990292 -0.138277
-60.9485 2.58865 -41.571 0.0144304 -0.990288 -0.138281
-62.0014 2.42584 -40.5394 0.00968536 -0.987754 -0.155716
-63.3917 2.20466 -39.1786 0.00671539 -0.988679 -0.149897
-64.349 2.05456 -38.2412 0.00958094 -0.988098 -0.153528
-64.3991 2.04622 -38.1923 0.0111402 -0.987547 -0.156928
-66.5344 1.89846 -37.3421 0.0106311 -0.988621 -0.150054
-65.48 2.06297 -38.3744 0.0063649 -0.988039 -0.154075
-64.626 2.19945 -39.2102 0.00802162 -0.988634 -0.150126
-63.5824 2.36308 -40.232 0.00671539 -0.988679 -0.149897
-62.6391 2.50739 -41.1564 0.0136095 -0.990423 -0.137394
-61.7763 2.63663 -42.0025 0.0141464 -0.990353 -0.13784
-60.9171 2.76702 -42.8452 0.0141773 -0.990292 -0.138276
-60.0378 2.89993 -43.7069 0.0110576 -0.990706 -0.13557
-58.8554 3.06506 -44.8682 0.00550703 -0.99106 -0.133302
-57.9081 3.18857 -45.7993 0.000422572 -0.992217 -0.124517
-56.8934 3.31787 -46.7975 0.00675686 -0.991935 -0.126569
-56.0256 3.43115 -47.6511 0.00792557 -0.992638 -0.120862
-54.7679 3.58524 -48.8898 0.00658761 -0.993424 -0.114301
-53.8659 3.69084 -49.7784 -0.00492943 -0.993652 -0.11239
-52.6631 3.81614 -50.9653 -0.00533591 -0.993879 -0.110343
-51.6252 3.92656 -51.9887 -0.00656954 -0.994804 -0.101598
-50.7092 4.00113 -52.8951 -0.0100122 -0.995705 -0.0920382
-49.7251 4.09637 -53.8672 0.000501038 -0.995804 -0.0915051
-48.7236 4.1818 -54.8583 -0.00166885 -0.996222 -0.0868243
-47.7678 4.26263 -55.8041 -0.00337491 -0.996618 -0.0821069
-46.8816 4.32472 -56.6824 -0.00725064 -0.997029 -0.0766895
-46.0484 4.38217 -57.508 -0.0104445 -0.997454 -0.0705432
-45.8646 4.39144 -57.6907 -0.0119249 -0.997844 -0.0645363
-45.9612 4.46785 -58.8543 -0.011925 -0.997844 -0.0645361
-46.8825 4.42137 -57.9388 -0.0104445 -0.997454 -0.0705432
-47.7157 4.36392 -57.1132 -0.00725064 -0.997029 -0.0766895
-48.6989 4.29331 -56.1383 -0.00337498 -0.996618 -0.0821067
-49.677 4.21023 -55.1703 -0.000805646 -0.996201 -0.0870789
-50.7039 4.12221 -54.1539 0.000501391 -0.995804 -0.0915053
-51.6412 4.04117 -53.2269 -0.0100122 -0.995705 -0.0920382
-52.5572 3.9666 -52.3206 -0.00656954 -0.994804 -0.101598
-53.5744 3.85709 -51.3172 0.0101118 -0.994633 -0.102966
-54.4366 3.76028 -50.4668 0.00861044 -0.994728 -0.10219
-55.4376 3.64869 -49.4798 0.00658749 -0.993424 -0.114301
-56.8007 3.48063 -48.1374 0.00963073 -0.993156 -0.116395
-57.773 3.3602 -47.1797 0.00463051 -0.993058 -0.11753
-58.894 3.21963 -46.0765 0.0100797 -0.992542 -0.121483
-59.8074 3.09897 -45.1779 0.0100363 -0.991986 -0.12595
-61.0019 2.92784 -44.0057 0.0144305 -0.990288 -0.138281
-61.8717 2.7958 -43.1525 0.0146834 -0.990283 -0.138286
-63.1684 2.6006 -41.8807 0.0147499 -0.990456 -0.137037
-64.2573 2.43583 -40.8132 0.0163314 -0.990375 -0.137442
-65.1606 2.297 -39.9281 0.0167716 -0.990262 -0.138204
-65.9909 2.16875 -39.1146 0.0179904 -0.990492 -0.136387
-66.9619 2.01844 -38.1629 0.0106312 -0.988621 -0.150054
-67.9467 1.8619 -37.1992 0.00973593 -0.988709 -0.149534
-68.1697 1.82684 -36.9811 0.00925893 -0.988723 -0.149469
-69.4471 1.8132 -36.97 0.00977896 -0.988627 -0.150072
-68.6218 1.94295 -37.7772 0.0118457 -0.989757 -0.142269
-67.7689 2.07065 -38.614 0.016479 -0.990575 -0.135974
-66.7307 2.22716 -39.6327 0.0162469 -0.990726 -0.1349
-65.8779 2.35949 -40.4684 0.0197341 -0.990253 -0.137873
-64.2075 2.61495 -42.1055 0.0158905 -0.990488 -0.136679
-63.0466 2.78874 -43.244 0.0198144 -0.99173 -0.126805
-62.1643 2.92011 -44.1097 0.0271641 -0.991739 -0.125366
-61.3134 3.04895 -44.9445 0.0259729 -0.992111 -0.12264
-60.0777 3.21341 -46.16 0.0121345 -0.992816 -0.119032
-59.1566 3.33807 -47.066 0.0100797 -0.992542 -0.121483
-57.977 3.48052 -48.2282 0.00329091 -0.993401 -0.114647
-57.1167 3.58716 -49.0758 0.0105318 -0.993192 -0.116016
-55.6505 3.75713 -50.5209 0.00710878 -0.994819 -0.101414
-54.302 3.90494 -51.8509 0.0101118 -0.994633 -0.102966
-53.0519 4.0386 -53.0853 0.00281346 -0.995889 -0.0905414
-52.1823 4.10978 -53.9458 -0.00550943 -0.996108 -0.0879699
-51.2906 4.18265 -54.8284 -0.00413568 -0.996108 -0.0880479
-50.4669 4.25274 -55.6438 -0.00275395 -0.996081 -0.0884017
-49.6426 4.32292 -56.4599 -0.00123725 -0.996212 -0.0869516
-48.6431 4.39492 -57.451 -0.0050806 -0.996988 -0.0773871
-47.7165 4.46056 -58.3696 -0.0104449 -0.997454 -0.0705428
-46.8396 4.50481 -59.2409 -0.0136384 -0.997831 -0.0643931
-47.0837 4.57159 -60.2578 -0.0117387 -0.998025 -0.061716
-48.1928 4.51649 -59.1557 -0.00938495 -0.998061 -0.0615295
-49.2199 4.45179 -58.136 -0.00622993 -0.996923 -0.078135
-50.0501 4.39245 -57.3126 -0.00656664 -0.996934 -0.0779738
-51.5481 4.27212 -55.8285 -0.00275406 -0.996081 -0.0884019
-52.456 4.19801 -54.9296 -0.00551768 -0.996132 -0.0876934
-53.3504 4.12494 -54.0442 0.00281315 -0.995889 -0.0905417
-54.3295 4.02352 -53.0768 0.0111359 -0.995594 -0.0931063
-55.2373 3.92947 -52.1797 0.0106241 -0.995126 -0.0980375
-56.1625 3.82847 -51.2674 0.00965914 -0.994913 -0.100276
-57.0358 3.73321 -50.4063 0.0121797 -0.994654 -0.102543
-58.0038 3.61831 -49.452 0.0144264 -0.994393 -0.104761
-58.8663 3.51791 -48.6013 0.0136608 -0.99459 -0.10298
-59.802 3.40455 -47.6789 0.0176697 -0.993027 -0.116556
-60.8092 3.2678 -46.6882 0.0131618 -0.992591 -0.120792
-62.0579 3.0927 -45.4605 0.0247808 -0.992475 -0.119914
-62.9338 2.96113 -44.601 0.0231582 -0.991899 -0.124902
-63.9439 2.81722 -43.6091 0.0191519 -0.992043 -0.124437
-64.9912 2.66229 -42.5817 0.020477 -0.991411 -0.129173
-65.8349 2.538 -41.7541 0.0193866 -0.9911 -0.131704
-67.1579 2.33245 -40.4574 0.017991 -0.990492 -0.136387
-68.0498 2.19893 -39.5825 0.0155697 -0.990708 -0.135109
-68.9797 2.05946 -38.6701 0.0148686 -0.990648 -0.135632
-70.0613 1.90023 -37.6085 0.0121928 -0.990352 -0.13804
-70.5604 1.99901 -38.3612 0.0121928 -0.990352 -0.13804
-69.2857 2.18364 -39.6139 0.0127131 -0.990798 -0.134754
-68.2106 2.3444 -40.6686 0.0154522 -0.990726 -0.134996
-67.1779 2.49995 -41.6818 0.0208667 -0.990791 -0.133782
-65.8092 2.70454 -43.0243 0.0179063 -0.991401 -0.129626
-64.0783 2.95438 -44.7233 0.0191519 -0.992043 -0.124437
-63.074 3.09747 -45.7095 0.0187537 -0.992504 -0.120762
-62.1526 3.22964 -46.6154 0.025206 -0.992544 -0.119249
-61.172 3.36439 -47.5801 0.0199899 -0.993669 -0.110555
-60.278 3.48132 -48.46 0.0211494 -0.993645 -0.110553
-59.1998 3.60886 -49.5239 0.0139064 -0.994496 -0.103847
-58.2631 3.71948 -50.4478 0.0141526 -0.994402 -0.104714
-57.0975 3.85262 -51.5971 0.00965914 -0.994913 -0.100276
-55.5674 4.01136 -53.107 0.0112322 -0.995701 -0.0919393
-54.5938 4.11238 -54.0691 0.0122093 -0.995667 -0.0921866
-53.617 4.20492 -55.0354 0.0116131 -0.996791 -0.0791964
-52.7136 4.2866 -55.9296 0.0117045 -0.996789 -0.0792181
-51.8068 4.3615 -56.8275 -0.00413605 -0.996108 -0.0880475
-50.7966 4.43792 -57.829 -0.00690343 -0.996944 -0.0778125
-49.9366 4.49907 -58.6821 -0.00645219 -0.997529 -0.0699568
-49.0984 4.54495 -59.5151 -0.00703095 -0.998092 -0.0613431
-48.2535 4.5906 -60.3547 -0.00703107 -0.998092 -0.0613431
-48.0833 4.59981 -60.5239 -0.00938485 -0.998061 -0.0615296
-48.1929 4.67128 -61.6743 -0.007482 -0.99805 -0.0619636
-49.0969 4.62243 -60.7759 -0.007031 -0.998092 -0.0613432
-50.4103 4.55105 -59.4706 -0.00667319 -0.998068 -0.0617743
-51.3438 4.49292 -58.5432 0.00259827 -0.997607 -0.0690906
-52.3471 4.41949 -57.548 0.0095467 -0.9972 -0.0741713
-53.5272 4.31281 -56.3797 0.0117226 -0.996791 -0.0791888
-54.6186 4.21431 -55.2994 0.0115224 -0.996794 -0.0791736
-55.4693 4.13759 -54.4573 0.0118662 -0.996252 -0.0856819
-56.6882 4.01334 -53.2538 0.010255 -0.995735 -0.0916918
-57.9668 3.88394 -51.9915 0.00995708 -0.995333 -0.0959849
-58.9363 3.77178 -51.0354 0.0121322 -0.994316 -0.105775
-60.0134 3.64661 -49.9726 0.0118931 -0.993997 -0.108759
-61.0134 3.52416 -48.9858 0.0187951 -0.994082 -0.106991
-62.267 3.36268 -47.7512 0.0188303 -0.993691 -0.110556
-63.1882 3.231 -46.8455 0.0211509 -0.992689 -0.118835
-64.0408 3.11448 -46.0069 0.0204119 -0.992184 -0.123104
-65.0582 2.96958 -45.0078 0.0204983 -0.992182 -0.123101
-66.108 2.8199 -43.9765 0.0205227 -0.992188 -0.123048
-67.0475 2.68613 -43.0545 0.0192145 -0.991801 -0.126338
-68.1529 2.52176 -41.9696 0.0153962 -0.990839 -0.134167
-69.0783 2.38438 -41.0612 0.0154244 -0.990782 -0.134582
-70.012 2.24833 -40.1439 0.00973824 -0.990895 -0.134285
-70.8664 2.12605 -39.3036 0.0101363 -0.990709 -0.135624
-71.0595 2.09778 -39.114 0.0121929 -0.990352 -0.13804
-71.3674 2.21467 -40.0568 0.0223048 -0.992127 -0.123235
-70.5014 2.3384 -40.9085 0.0207912 -0.99219 -0.122992
-69.1229 2.53541 -42.2631 0.0270456 -0.99228 -0.121036
-68.1703 2.67546 -43.1984 0.0270898 -0.992266 -0.121138
-67.0832 2.83554 -44.2652 0.0238285 -0.992226 -0.122145
-66.1775 2.9645 -45.154 0.0205539 -0.992185 -0.123073
-65.0149 3.13043 -46.297 0.0204982 -0.992182 -0.123101
-64.114 3.25528 -47.1828 0.0170951 -0.992816 -0.118419
-63.0325 3.40332 -48.2469 0.0220184 -0.993133 -0.114904
-62.1838 3.5106 -49.083 0.0206946 -0.99437 -0.103922
-61.3346 3.61827 -49.9201 0.0253245 -0.993852 -0.107783
-60.3093 3.74665 -50.9316 0.0142005 -0.994935 -0.0995122
-59.2027 3.86817 -52.0244 0.0180441 -0.995839 -0.0893262
-58.3617 3.95213 -52.855 0.0170939 -0.996401 -0.0830289
-57.0996 4.07998 -54.101 0.0191656 -0.996379 -0.0828305
-56.039 4.18783 -55.1489 0.0144393 -0.996488 -0.0824833
-55.0525 4.2772 -56.1255 0.0095024 -0.996619 -0.0816104
-54.0556 4.36478 -57.1125 0.010215 -0.99683 -0.0789082
-53.2265 4.43973 -57.9333 0.00954658 -0.9972 -0.0741716
-52.2839 4.51148 -58.8677 0.00735155 -0.997577 -0.0691812
-51.1473 4.58766 -59.9962 -0.00573114 -0.998094 -0.0614402
-50.217 4.64016 -60.9215 -0.00688404 -0.998012 -0.0626519
-49.2151 4.69463 -61.917 -0.00827214 -0.998291 -0.0578565
-49.062 4.70142 -62.0694 -0.00861062 -0.998551 -0.0531277
-50.191 4.71843 -62.2061 -0.00499374 -0.998659 -0.0515305
-51.1587 4.66371 -61.2436 0.00528814 -0.998595 -0.0527209
-52.0233 4.61373 -60.3836 0.00789147 -0.998567 -0.0529223
-53.136 4.53348 -59.2801 0.0131239 -0.998019 -0.0615239
-54.1059 4.45997 -58.3186 0.00954658 -0.9972 -0.0741716
-54.9306 4.38788 -57.5019 0.00868826 -0.996864 -0.0786576
-55.7764 4.31444 -56.6645 0.00909547 -0.996743 -0.0801342
-56.6078 4.23472 -55.8417 0.019376 -0.996332 -0.0833542
-58.2305 4.06962 -54.238 0.0170939 -0.996401 -0.0830286
-59.5533 3.94059 -52.932 0.0150223 -0.996417 -0.0832269
-61.0323 3.78329 -51.4707 0.0210756 -0.995438 -0.0930579
-62.2049 3.63871 -50.3131 0.0230094 -0.994116 -0.105853
-63.0902 3.5291 -49.4405 0.0201809 -0.994365 -0.104068
-64.1329 3.39667 -48.4134 0.0244328 -0.993606 -0.110224
-65.3103 3.23896 -47.2542 0.0261855 -0.993341 -0.112192
-66.6779 3.04645 -45.909 0.028494 -0.993045 -0.114237
-67.9153 2.86524 -44.6945 0.0271342 -0.992252 -0.121242
-68.8221 2.7317 -43.8045 0.0271342 -0.992252 -0.121242
-69.9567 2.56484 -42.6907 0.0236133 -0.992477 -0.120132
-71.0795 2.4085 -41.5868 0.0212118 -0.992476 -0.120587
-71.2126 2.38975 -41.4559 0.0212118 -0.992476 -0.120587
-70.8322 2.5934 -43.0766 0.0229542 -0.992754 -0.117956
-69.9379 2.71962 -43.9554 0.0270898 -0.992266 -0.121139
-68.7896 2.88712 -45.0825 0.0299128 -0.992901 -0.115124
-67.628 3.05433 -46.2228 0.0297111 -0.992955 -0.114703
-66.7362 3.18187 -47.1007 0.0284938 -0.993045 -0.114236
-65.8678 3.30273 -47.9551 0.0248919 -0.993598 -0.110193
-64.8627 3.4377 -48.945 0.0246623 -0.993602 -0.110208
-63.832 3.56891 -49.9604 0.0196674 -0.99436 -0.104214
-62.8102 3.69169 -50.9676 0.0299838 -0.995812 -0.0863725
-61.9712 3.78952 -51.7964 0.0311816 -0.995791 -0.0861862
-61.1199 3.88715 -52.6377 0.022823 -0.996137 -0.084791
-60.7336 3.9272 -53.0196 0.0177996 -0.996095 -0.0864695
-50.7369 4.75501 -62.9229 0.00210445 -0.998665 -0.0516184
-53.1874 4.60696 -60.4864 0.0104949 -0.998533 -0.0531227
-55.1377 4.45955 -58.5534 0.0168981 -0.997779 -0.0644372
-55.9695 4.38952 -57.7296 0.0174209 -0.997586 -0.0672179
-54.3598 4.59761 -60.5814 0.0147494 -0.997993 -0.0615903
-52.2051 4.7362 -62.7216 0.00789136 -0.998567 -0.0529218
-51.4488 4.78046 -63.4742 0.00558473 -0.998563 -0.0533035
-53.124 4.74119 -63.0675 0.014125 -0.998764 -0.0476648
-54.3793 4.66162 -61.8205 0.0144311 -0.998678 -0.0493435
