-24.4444 28.5925 68.9101 0.634498 -0.758286 -0.146867
-25.4092 27.9723 68.3871 0.53939 -0.819129 -0.195158
-27.0034 27.0106 68.1049 0.519115 -0.831914 -0.195872
-28.2989 26.1868 68.2226 0.512639 -0.834818 -0.200698
-29.2053 25.8006 67.505 0.500784 -0.834596 -0.227402
-28.4164 26.4428 66.8814 0.510423 -0.833522 -0.211445
-27.471 27.1204 66.4924 0.522207 -0.815558 -0.245989
-26.0224 28.3117 65.8647 0.534288 -0.797346 -0.280672
-25.2078 28.6998 66.4407 0.563476 -0.785221 -0.256754
-24.7601 28.6656 67.4668 0.635889 -0.742287 -0.21132
-24.5244 28.6947 68.1103 0.651627 -0.736456 -0.180489
-23.9295 29.3906 67.4976 0.650159 -0.73272 -0.201035
-23.2508 29.6831 68.985 0.700266 -0.703169 -0.123213
-22.7318 29.97 70.4492 0.722953 -0.685036 -0.0843437
-22.2489 30.3995 71.5155 0.748743 -0.660612 -0.05455
-22.8721 29.747 71.0581 0.722952 -0.685037 -0.0843422
-23.6708 29.0297 70.4808 0.686371 -0.722069 -0.0821825
-24.7045 28.2155 69.9371 0.617043 -0.779561 -0.107434
-25.7221 27.5102 69.462 0.532491 -0.824069 -0.193102
-26.8859 26.7857 69.4041 0.52559 -0.829009 -0.191046
-28.0262 26.0266 69.5854 0.517215 -0.831346 -0.203255
-29.2064 25.2979 69.5245 0.52179 -0.827875 -0.205812
-30.3465 24.7219 68.9511 0.500783 -0.834597 -0.227402
-31.1297 24.5256 68.1051 0.479776 -0.841319 -0.248993
-30.6472 25.192 66.7832 0.475281 -0.849094 -0.229539
-29.6124 25.8718 66.3294 0.470788 -0.856868 -0.210086
-28.7139 26.5296 65.8373 0.513268 -0.819728 -0.251082
-27.6575 27.3815 65.3952 0.533992 -0.797594 -0.28053
-26.7573 28.1726 64.8608 0.534287 -0.797346 -0.280673
-26.1376 28.7972 64.2807 0.533798 -0.793071 -0.293426
-26.0294 29.2159 63.3458 0.501069 -0.798214 -0.330307
-25.0728 29.4229 64.4948 0.511912 -0.810948 -0.283377
-24.618 29.3429 65.7343 0.528189 -0.814322 -0.240618
-24.1631 29.3243 66.9838 0.626097 -0.757479 -0.180605
-23.2643 30.0684 66.7056 0.600813 -0.786347 -0.143813
-23.7331 29.9922 65.5239 0.549785 -0.802919 -0.230341
-24.0893 30.1057 64.3769 0.530072 -0.806923 -0.260575
-24.5488 30.201 63.2111 0.501069 -0.798214 -0.330307
-25.0337 30.6707 61.6916 0.496431 -0.766295 -0.407858
-25.4045 31.1731 60.5139 0.448935 -0.741786 -0.498208
-25.6251 31.8096 59.4023 0.473944 -0.707158 -0.524694
-25.9308 32.3775 58.4395 0.472405 -0.661444 -0.582516
-26.1817 33.0699 57.4604 0.492859 -0.623297 -0.607117
-26.1348 34.2036 56.3798 0.507499 -0.60035 -0.617891
-26.3064 35.0326 55.5123 0.536918 -0.541505 -0.64691
-26.2496 36.0115 54.7365 0.540349 -0.536281 -0.648372
-26.1713 36.9898 54.0152 0.542111 -0.516045 -0.663088
-25.8461 38.1015 53.42 0.566984 -0.498858 -0.654795
-25.629 39.1537 52.8476 0.595673 -0.468961 -0.652111
-25.4544 40.224 52.2317 0.595337 -0.475761 -0.647476
-25.2116 41.1849 51.7707 0.620376 -0.457887 -0.636748
-25.323 42.0701 50.9343 0.636186 -0.492382 -0.593992
-26.2001 40.7262 51.1858 0.590507 -0.514575 -0.621702
-26.1481 39.8241 51.8878 0.591434 -0.475033 -0.65155
-26.4696 38.9437 52.2524 0.578926 -0.487805 -0.653369
-27.1446 37.9655 52.4395 0.533891 -0.529571 -0.659177
-27.5283 36.6175 53.2328 0.524125 -0.54825 -0.651701
-27.852 35.3909 53.9786 0.505159 -0.54808 -0.666493
-28.0385 34.4118 54.6705 0.492946 -0.589475 -0.639941
-27.9404 33.394 55.6833 0.499919 -0.589511 -0.634412
-27.9806 32.4464 56.6801 0.475868 -0.644341 -0.598631
-27.9397 31.6038 57.6561 0.469584 -0.683388 -0.558993
-27.6856 31.0124 58.7037 0.446306 -0.749084 -0.489576
-27.3234 30.561 59.7074 0.441815 -0.747431 -0.496131
-27.1615 29.9737 60.7628 0.441222 -0.757202 -0.48163
-27.027 29.4316 61.8015 0.444917 -0.787336 -0.426791
-27.1897 28.5821 63.2307 0.468526 -0.783766 -0.407668
-27.7432 27.7446 64.2048 0.501162 -0.788419 -0.350547
-28.6514 27.0137 64.6577 0.436908 -0.803268 -0.404811
-29.6252 26.1964 65.2283 0.436853 -0.803287 -0.404834
-31.1403 25.2537 65.7437 0.391856 -0.842301 -0.370106
-32.0681 24.5472 66.3083 0.438624 -0.843671 -0.30948
-32.5934 23.9705 67.1585 0.45942 -0.843598 -0.275902
-31.871 23.836 69.0055 0.480116 -0.841114 -0.249032
-30.9893 24.0753 69.9011 0.504163 -0.831193 -0.233492
-30.0564 24.4944 70.5247 0.520297 -0.82378 -0.225119
-28.8064 25.1743 70.9257 0.52031 -0.823775 -0.225104
-27.675 25.9626 70.7878 0.561654 -0.802748 -0.200353
-26.2511 26.93 70.6254 0.528832 -0.831623 -0.169531
-25.2224 27.639 71.0083 0.636111 -0.761096 -0.126864
-24.0152 28.5923 71.7073 0.674191 -0.731 -0.105386
-22.9246 29.4795 73.0155 0.694837 -0.716116 -0.0661739
-22.2872 30.125 73.8942 0.784936 -0.611854 -0.0518578
-21.9014 30.3744 74.9735 0.773462 -0.619675 -0.133267
-21.1672 31.076 75.9722 0.80538 -0.577374 -0.122819
-20.6131 31.6378 76.9377 0.814858 -0.551844 -0.176998
-20.0182 32.2473 77.7544 0.816579 -0.54593 -0.187508
-19.319 32.8944 78.817 0.834982 -0.505554 -0.217301
-18.7061 33.4754 79.8203 0.806469 -0.511666 -0.28662
-17.8666 34.2005 80.6002 0.777912 -0.517801 -0.355999
-16.7097 35.0224 81.7851 0.757645 -0.540642 -0.365622
-15.8617 35.7351 82.2995 0.689846 -0.56761 -0.449367
-14.8565 36.5237 82.8465 0.689857 -0.567592 -0.449373
-14.0314 37.396 83.0923 0.694027 -0.500924 -0.517084
-12.7853 38.5092 83.4052 0.608888 -0.558242 -0.563579
-11.7725 39.646 83.3678 0.578557 -0.565942 -0.586864
-10.6813 40.5001 83.4293 0.494887 -0.573706 -0.652647
-9.61239 41.3266 83.5133 0.476404 -0.592303 -0.649244
-8.62976 41.9425 83.5966 0.413725 -0.61519 -0.671098
-7.57231 42.5347 83.7056 0.413758 -0.61517 -0.671096
-6.45053 43.2048 83.7476 0.356232 -0.658311 -0.662755
-5.27828 43.8971 83.6468 0.337496 -0.667224 -0.66401
-4.21967 44.336 83.7153 0.312409 -0.686836 -0.656244
-3.1204 44.7684 83.786 0.315195 -0.667931 -0.673684
-1.68499 45.2749 83.8173 0.246557 -0.704535 -0.665462
-0.531906 45.7767 83.7133 0.246494 -0.704506 -0.665516
1.20407 46.3722 83.6105 0.200819 -0.724941 -0.658887
2.67601 46.8607 83.5217 0.193156 -0.727357 -0.658467
3.76921 47.2507 83.3974 0.185491 -0.72977 -0.658049
4.92355 47.5862 83.3495 0.16497 -0.735852 -0.656434
6.3586 48.0178 83.1409 0.134197 -0.769071 -0.624917
7.54083 48.2612 83.062 0.109612 -0.767227 -0.631939
8.72588 48.6586 82.7859 0.109963 -0.76705 -0.632093
9.95397 49.3154 82.1321 0.0648713 -0.78934 -0.61052
10.6994 50.2665 80.9379 0.0189436 -0.811139 -0.584425
10.259 50.9703 79.9389 0.0303225 -0.810344 -0.585168
9.54202 51.6587 78.9148 0.0109735 -0.836459 -0.547919
8.90864 52.1708 78.0916 0.0334583 -0.852684 -0.521355
8.20547 52.8562 76.9255 0.0391963 -0.852326 -0.521509
7.41098 53.559 75.7593 0.0183994 -0.849723 -0.526908
6.64575 54.1153 74.8355 0.0183786 -0.849745 -0.526874
6.36057 54.6761 73.8625 0.0236856 -0.862934 -0.504761
5.53413 55.1876 73.0726 -0.0256554 -0.849886 -0.526341
4.64325 55.6978 72.2711 -0.0315088 -0.88883 -0.457152
3.90819 56.2031 71.1413 0.0182866 -0.917043 -0.398165
3.01862 56.8182 69.7093 -0.0064684 -0.911544 -0.410722
2.225 57.2438 68.8348 -0.0185599 -0.905539 -0.423856
1.57828 57.7463 67.8111 -0.015491 -0.90093 -0.433688
1.45194 58.2522 66.3204 0.0959228 -0.944173 -0.315176
1.25276 58.5601 65.2378 0.0858662 -0.961327 -0.260849
1.57086 59.0367 63.4711 0.0746232 -0.973699 -0.211716
1.40315 59.2724 62.1505 0.0471949 -0.980502 -0.190758
1.56493 59.5204 60.9158 0.0471923 -0.980502 -0.190759
1.70908 59.7535 59.6587 0.037203 -0.983757 -0.175608
2.12552 60.0188 58.3342 -0.0298075 -0.991336 -0.127921
2.34705 60.2077 56.8135 -0.027574 -0.991597 -0.12639
2.57041 60.3812 55.2078 -0.0313639 -0.994184 -0.103024
2.72261 60.5719 53.321 -0.0314562 -0.994183 -0.103009
3.4311 60.8103 51.3799 -0.0787383 -0.984993 -0.153586
3.55805 60.969 50.2343 -0.117182 -0.986306 -0.116057
4.23616 61.1156 48.4558 -0.124808 -0.987776 -0.0789463
4.53132 61.1087 47.2855 -0.133011 -0.990767 -0.0262358
4.7596 61.107 45.9264 -0.133605 -0.990843 -0.0194909
5.17606 61.0751 44.5238 -0.154675 -0.987091 -0.04153
5.50283 61.096 42.8575 -0.155586 -0.986891 -0.0428856
6.03595 61.0241 41.85 -0.179322 -0.983756 -0.00825077
6.57703 60.9586 40.4589 -0.187201 -0.981758 -0.0332663
7.14844 60.868 39.4601 -0.198778 -0.979798 -0.0219657
7.40379 60.8406 38.3245 -0.209811 -0.977515 -0.0210777
7.81571 60.7766 37.2242 -0.209255 -0.977611 -0.0221185
8.25998 60.7062 36.1633 -0.206915 -0.978055 -0.0243789
8.97146 60.5832 35.0621 -0.205505 -0.978308 -0.0260014
9.37002 60.5358 33.9535 -0.206916 -0.977795 -0.0332045
10.2667 60.4211 32.5805 -0.19518 -0.979543 -0.0489946
10.9563 60.3608 31.2737 -0.199265 -0.977228 -0.0726501
11.7869 60.3326 29.7144 -0.200697 -0.975229 -0.0925649
12.1433 60.4117 28.3296 -0.201843 -0.970794 -0.129689
12.0914 60.6046 26.9988 -0.199653 -0.970267 -0.136822
11.8962 60.8295 25.7824 -0.198917 -0.965883 -0.165828
11.4755 61.1175 24.6235 -0.207705 -0.962505 -0.174042
11.0319 61.4414 23.4393 -0.217253 -0.957054 -0.191598
10.5981 61.8092 22.2197 -0.221912 -0.951299 -0.213975
10.0719 62.1425 21.2677 -0.218139 -0.951884 -0.215218
9.67038 62.5501 19.8982 -0.220839 -0.950154 -0.220065
9.24674 62.9998 18.531 -0.232443 -0.942454 -0.240313
8.91059 63.3988 17.3493 -0.237964 -0.937598 -0.253541
8.71663 63.7914 16.123 -0.24933 -0.927591 -0.277969
8.73108 64.1539 14.863 -0.258229 -0.926115 -0.274958
8.57443 64.5423 13.7214 -0.259664 -0.924212 -0.280008
8.57921 65.025 12.1556 -0.266104 -0.917478 -0.295599
8.71368 65.4391 10.7674 -0.275565 -0.915141 -0.294246
8.76962 65.8556 9.50125 -0.27846 -0.907885 -0.313376
8.75762 66.289 8.27191 -0.281312 -0.904994 -0.319138
9.12828 66.6273 6.97572 -0.284538 -0.903665 -0.320013
9.17361 67.072 5.7053 -0.286727 -0.900063 -0.328128
9.26915 67.5279 4.38606 -0.287603 -0.898018 -0.332936
9.41388 67.9326 3.17329 -0.288963 -0.896078 -0.336947
9.61045 68.3475 1.90855 -0.293606 -0.8946 -0.336878
9.70318 68.7357 0.814481 -0.293317 -0.89131 -0.345734
10.2142 69.2923 -1.0533 -0.297123 -0.890825 -0.3437
10.5399 69.7136 -2.39076 -0.29548 -0.888127 -0.352027
10.8599 70.1191 -3.68238 -0.29605 -0.885853 -0.357194
11.1656 70.4579 -4.76758 -0.30018 -0.884572 -0.356967
11.3884 70.8081 -5.848 -0.295028 -0.890459 -0.34647
11.5175 71.193 -6.96503 -0.332044 -0.880967 -0.337113
11.9145 71.4524 -8.05076 -0.333717 -0.883846 -0.327764
12.3208 71.7702 -9.32799 -0.335983 -0.884025 -0.324985
12.5907 72.1371 -10.5959 -0.338637 -0.881796 -0.328251
12.919 72.4556 -11.8013 -0.342241 -0.882089 -0.323712
13.3211 72.7526 -13.0393 -0.347203 -0.881383 -0.320335
13.5176 73.0742 -14.1401 -0.34745 -0.882085 -0.318127
14.0072 73.2516 -15.1671 -0.347414 -0.882129 -0.318044
14.3824 73.4869 -16.2342 -0.349146 -0.882116 -0.316176
14.9639 73.5979 -17.2051 -0.34998 -0.883862 -0.310325
15.695 73.786 -18.5589 -0.352392 -0.882615 -0.311137
16.1248 73.983 -19.6151 -0.354466 -0.882839 -0.308138
16.6609 74.1714 -20.7716 -0.354436 -0.882833 -0.30819
17.1141 74.4953 -22.2389 -0.354888 -0.884826 -0.301889
17.9963 74.6039 -23.5934 -0.354711 -0.884846 -0.30204
18.9866 74.7096 -25.0941 -0.355149 -0.886954 -0.295266
19.7097 74.7617 -26.1165 -0.350322 -0.889136 -0.29447
20.9187 74.5649 -26.9519 -0.349039 -0.889085 -0.296141
21.9427 74.4423 -27.8049 -0.344235 -0.892719 -0.290759
23.0087 74.1509 -28.1594 -0.341756 -0.892771 -0.293536
24.1609 73.9009 -28.7403 -0.341602 -0.892809 -0.293599
25.3439 73.6416 -29.2988 -0.335896 -0.893512 -0.298009
26.5298 73.2704 -29.5093 -0.330425 -0.895659 -0.297671
27.9123 72.7658 -29.5148 -0.327578 -0.896331 -0.298803
29.1493 72.2707 -29.3879 -0.327946 -0.896119 -0.299034
30.3632 71.8159 -29.3397 -0.320599 -0.898499 -0.299833
31.5232 71.3267 -29.0986 -0.317622 -0.900218 -0.297865
33.4166 70.6527 -29.048 -0.309555 -0.903714 -0.295764
35.1808 70.4105 -30.1316 -0.304424 -0.904156 -0.299712
35.6446 70.6393 -31.293 -0.304225 -0.904769 -0.298057
35.7957 70.9976 -32.5557 -0.308389 -0.905562 -0.291296
35.7346 71.4121 -33.7796 -0.308276 -0.905837 -0.29056
35.3923 71.9388 -35.0391 -0.305911 -0.904792 -0.296259
35.1122 72.3759 -36.0932 -0.308906 -0.904992 -0.292518
34.7008 72.841 -37.0976 -0.308934 -0.904994 -0.292482
34.1866 73.3716 -38.2131 -0.311001 -0.908074 -0.280499
33.567 73.897 -39.2204 -0.322879 -0.904559 -0.278429
32.5324 74.5829 -40.2494 -0.321597 -0.905996 -0.275196
31.2378 75.171 -40.6866 -0.320378 -0.907406 -0.271978
30.1966 75.6387 -40.9555 -0.336891 -0.901056 -0.273135
28.9725 76.1889 -41.2554 -0.338749 -0.899251 -0.276607
27.6184 76.7498 -41.436 -0.334124 -0.898529 -0.284617
26.4768 77.2435 -41.6346 -0.342615 -0.887584 -0.307911
25.3287 77.6736 -41.6409 -0.316929 -0.895139 -0.313501
24.2169 77.9462 -41.3148 -0.30692 -0.903216 -0.300003
22.6145 78.3555 -40.9332 -0.300656 -0.908247 -0.290886
21.3635 78.5965 -40.5148 -0.263495 -0.922698 -0.281423
19.7386 79.0745 -40.4276 -0.284641 -0.925805 -0.248193
18.6174 79.371 -40.2824 -0.286157 -0.927216 -0.241629
17.493 79.6869 -40.2011 -0.270154 -0.940951 -0.203416
15.6344 80.2278 -40.0205 -0.294858 -0.934572 -0.199084
14.341 80.5224 -39.37 -0.314287 -0.928893 -0.195911
13.4125 80.5759 -38.1551 -0.32787 -0.920518 -0.212479
12.7483 80.5106 -36.8244 -0.333466 -0.91868 -0.211702
12.4779 80.3467 -35.6942 -0.347369 -0.911861 -0.218731
12.2613 80.0298 -34.0546 -0.355052 -0.907157 -0.225841
12.3529 79.679 -32.8208 -0.361867 -0.901132 -0.238776
12.2272 79.4251 -31.6775 -0.358321 -0.900431 -0.246609
11.9205 79.2134 -30.4476 -0.361592 -0.899563 -0.245025
11.6052 78.9735 -29.1384 -0.36102 -0.897497 -0.253305
11.4784 78.7015 -28.0122 -0.36668 -0.889176 -0.273442
11.2971 78.3911 -26.8241 -0.36551 -0.885301 -0.287471
11.1172 78.0798 -25.6448 -0.370363 -0.881856 -0.291824
10.7508 77.7684 -24.2756 -0.365592 -0.881502 -0.298826
10.3159 77.5304 -23.0558 -0.363464 -0.88081 -0.303428
9.90049 77.3142 -21.9355 -0.361577 -0.88029 -0.307166
9.33964 77.0943 -20.6808 -0.356408 -0.877947 -0.319661
8.66969 76.9372 -19.5191 -0.35176 -0.877986 -0.324662
8.07716 76.6265 -18.0518 -0.350574 -0.874913 -0.334006
7.31701 76.4995 -16.9547 -0.346812 -0.873571 -0.341461
6.80129 76.2014 -15.7051 -0.332275 -0.876748 -0.347716
6.2948 75.9351 -14.5676 -0.31597 -0.882675 -0.347921
6.04879 75.5838 -13.4584 -0.313827 -0.882589 -0.350071
5.37278 75.254 -12.0438 -0.304246 -0.883212 -0.356892
5.05943 74.7757 -10.6067 -0.29743 -0.8817 -0.366231
4.58357 74.4924 -9.55082 -0.278217 -0.883785 -0.375671
4.18272 74.0198 -8.12217 -0.275598 -0.887867 -0.36842
3.85262 73.6735 -7.04725 -0.268854 -0.890547 -0.366939
3.74786 73.1871 -5.79532 -0.263819 -0.892533 -0.365765
3.49439 72.599 -4.20663 -0.252827 -0.891566 -0.375751
3.29116 72.1629 -2.9857 -0.248481 -0.899376 -0.359693
3.22487 71.5844 -1.49786 -0.240614 -0.903483 -0.354715
3.4378 70.9855 -0.103949 -0.237223 -0.902712 -0.358781
3.81811 70.3857 1.20752 -0.260356 -0.901364 -0.346055
4.24996 69.6279 2.88418 -0.26388 -0.904962 -0.333754
4.64912 68.9882 4.33209 -0.264287 -0.908099 -0.32482
5.25567 68.3975 5.46585 -0.295827 -0.899965 -0.320234
5.38526 67.8922 6.70247 -0.280026 -0.897685 -0.340036
5.74532 67.3043 8.01891 -0.269889 -0.907685 -0.321354
6.14223 66.812 9.08014 -0.273369 -0.909942 -0.31189
6.35834 66.3195 10.3126 -0.285072 -0.904035 -0.318472
6.45105 65.8442 11.5724 -0.2793 -0.903591 -0.324666
6.61716 65.4448 12.6305 -0.269886 -0.919628 -0.285343
6.9474 64.9074 14.0318 -0.264572 -0.920906 -0.286152
7.23404 64.3688 15.4974 -0.248996 -0.923242 -0.292398
7.38884 64.0237 16.5182 -0.245847 -0.933418 -0.261323
7.75821 63.579 17.779 -0.242135 -0.936265 -0.254515
7.96754 63.1463 19.1792 -0.230375 -0.941745 -0.244813
8.08088 62.8325 20.2932 -0.226911 -0.945801 -0.232006
8.51963 62.5047 21.2602 -0.225021 -0.94987 -0.217045
8.87048 62.1334 22.5402 -0.217607 -0.953609 -0.207979
9.23687 61.7535 23.9284 -0.216434 -0.955113 -0.202257
9.44482 61.4738 25.1072 -0.221675 -0.956985 -0.187191
9.87935 61.1756 26.2019 -0.200025 -0.963222 -0.179044
9.84951 61.0074 27.3423 -0.189973 -0.972253 -0.136507
9.79866 60.8462 28.5418 -0.151889 -0.984437 -0.0857365
8.96271 60.8438 30.0799 -0.186674 -0.978746 -0.0849004
8.31463 60.899 31.2014 -0.197499 -0.978664 -0.0564232
7.44808 61.0217 32.2537 -0.211992 -0.97599 -0.0500182
6.56197 61.1652 33.288 -0.212957 -0.976551 -0.0295666
5.83236 61.2829 34.345 -0.206346 -0.977412 -0.0444768
4.76198 61.4751 35.4266 -0.207844 -0.977721 -0.0293791
3.9813 61.6178 36.2821 -0.194897 -0.980033 -0.0369283
3.05168 61.746 37.3329 -0.184645 -0.981538 -0.0497708
1.95758 61.8326 38.7674 -0.141294 -0.986567 -0.0819483
1.12554 61.8698 39.7228 -0.117165 -0.98904 -0.0865576
-0.309866 61.927 40.9706 -0.124651 -0.986562 -0.105628
-1.45376 61.8606 41.7658 -0.0416327 -0.988512 -0.145129
-2.32482 61.7445 42.5525 0.0180638 -0.988189 -0.150803
-3.36758 61.556 43.2601 0.0668901 -0.982815 -0.172049
-4.35815 61.2854 44.2583 0.117578 -0.971335 -0.206601
-5.73827 60.7667 45.0918 0.249302 -0.947483 -0.20031
-6.68407 60.2719 45.9701 0.319115 -0.917182 -0.238627
-7.28408 59.8122 46.9341 0.32962 -0.916536 -0.226521
-7.52661 59.418 48.1703 0.345965 -0.901812 -0.257332
-8.24046 58.8496 49.1599 0.403801 -0.890569 -0.209359
-8.66311 58.3765 50.3442 0.404136 -0.889671 -0.212507
-8.90065 57.9604 51.7126 0.4132 -0.893052 -0.178111
-9.05664 57.6104 53.0671 0.422419 -0.886635 -0.188254
-9.40682 57.1478 54.7048 0.422543 -0.889608 -0.172959
-9.66943 56.7779 55.8817 0.438243 -0.885958 -0.14708
-9.70602 56.5624 57.2301 0.457569 -0.877318 -0.144721
-9.72839 56.3503 58.4277 0.461124 -0.874511 -0.150289
-9.9851 55.9667 59.6723 0.438913 -0.881965 -0.170918
-10.194 55.6104 61.1136 0.430354 -0.889193 -0.15534
-10.3923 55.278 62.2163 0.443318 -0.877867 -0.18075
-10.7148 54.9033 63.3195 0.436077 -0.883239 -0.172411
-10.9409 54.5273 64.5169 0.451091 -0.869791 -0.198258
-11.3703 54.0008 65.7644 0.486826 -0.839592 -0.241008
-11.9317 53.4002 66.8417 0.464992 -0.854609 -0.23114
-11.3421 53.4883 67.5159 0.449713 -0.845412 -0.288129
-10.3053 54.0469 67.5318 0.520254 -0.779281 -0.349367
-9.02943 54.73 67.793 0.469007 -0.811775 -0.347928
-7.71468 55.0686 68.1577 0.327628 -0.835225 -0.441655
-6.61075 55.3843 68.3828 0.307318 -0.842252 -0.442283
-5.40257 55.4046 69.1054 0.262902 -0.865432 -0.426509
-4.16036 55.4916 69.6947 0.282651 -0.861705 -0.420878
-2.97653 55.536 70.4096 0.285609 -0.843744 -0.454449
-1.94902 55.4419 71.2299 0.285728 -0.843701 -0.454454
-0.763432 54.9875 72.7032 0.221384 -0.877176 -0.426088
-0.172447 54.5617 73.7997 0.224739 -0.802466 -0.546094
0.0349202 53.6579 74.99 0.18277 -0.767177 -0.614845
0.044395 52.8178 76.0749 0.130066 -0.776837 -0.616123
-0.201676 52.0436 76.999 0.130053 -0.77683 -0.616134
-0.565627 51.2879 77.8076 0.170321 -0.711379 -0.681858
-1.26235 50.1742 78.7955 0.185032 -0.723125 -0.664991
-2.50819 49.0096 79.6916 0.216722 -0.725254 -0.653481
-3.48358 48.4422 79.9979 0.218138 -0.726044 -0.652128
-4.9206 47.6914 80.1352 0.334359 -0.676019 -0.65666
-5.9214 47.0516 80.2843 0.335192 -0.675724 -0.656539
-6.98516 46.5379 80.1839 0.385274 -0.649746 -0.655281
-8.81338 45.7143 79.9231 0.359454 -0.658442 -0.660607
-9.98179 45.1557 79.7749 0.403778 -0.654612 -0.638696
-11.2652 44.2636 79.7404 0.529674 -0.511196 -0.675476
-13.2622 43.1866 79.0009 0.557902 -0.504337 -0.657358
-14.4062 43.3045 77.9805 0.586586 -0.381561 -0.714373
-15.3475 43.5296 77.0873 0.584773 -0.381646 -0.715808
-16.1262 42.8924 76.7935 0.582967 -0.38173 -0.717239
-16.5852 41.4742 76.8964 0.681492 -0.21583 -0.699276
-17.0451 40.1984 76.9745 0.808012 -0.204096 -0.552686
-17.6432 38.5922 76.8189 0.820136 -0.317184 -0.473643
-18.0257 37.4649 76.7285 0.92738 -0.215831 -0.305206
-18.5024 36.1378 76.1826 0.919544 -0.282083 -0.264051
-19.0421 35.0222 75.7326 0.924731 -0.31819 -0.204467
-19.4324 34.32 74.791 0.941283 -0.288956 -0.174613
-19.9083 33.5209 74.0751 0.913412 -0.402923 -0.0577241
-20.4198 32.7874 73.2094 0.852769 -0.522177 0.0107744
-21.1124 31.7561 72.0339 0.786637 -0.616104 -0.0401977
-21.5331 31.2733 71.0846 0.769487 -0.638338 0.0192464
-22.0073 30.7777 69.9906 0.704604 -0.709263 -0.021893
-22.4276 30.4441 68.8554 0.677335 -0.731627 -0.070147
-22.9408 30.1385 67.6281 0.649704 -0.753519 -0.100469
-23.1775 30.0911 66.9435 0.601424 -0.784293 -0.151992
9.48955 72.3756 -8.2435 -0.301937 -0.892326 -0.335539
9.05638 71.899 -6.6684 -0.289702 -0.890309 -0.351312
8.64482 71.4755 -5.2586 -0.283261 -0.891665 -0.353116
8.17114 71.0688 -3.86057 -0.281378 -0.891297 -0.35555
7.9449 70.4962 -2.24256 -0.280277 -0.892584 -0.353183
7.69447 70.0608 -0.935921 -0.277441 -0.895744 -0.347376
7.42247 69.6842 0.252724 -0.277506 -0.895858 -0.347027
7.2131 69.1347 1.84449 -0.282075 -0.895513 -0.344223
6.8213 68.7092 3.29372 -0.277472 -0.900582 -0.33457
6.86456 69.1946 1.96589 -0.269779 -0.899886 -0.342673
6.1699 69.7734 1.00903 -0.270921 -0.895398 -0.353361
5.70499 70.3377 -0.0906066 -0.263662 -0.899515 -0.348359
5.48238 70.9061 -1.38055 -0.262552 -0.897385 -0.354635
5.40134 71.4412 -2.67491 -0.261704 -0.897609 -0.35466
5.54034 71.9173 -3.97516 -0.263683 -0.896411 -0.356256
5.80659 72.3195 -5.16971 -0.266217 -0.891261 -0.367128
6.04598 72.7594 -6.43558 -0.274259 -0.891525 -0.360506
6.27182 73.2526 -7.84333 -0.282373 -0.890473 -0.356825
6.7119 73.732 -9.39059 -0.292123 -0.887076 -0.357435
7.18044 74.043 -10.56 -0.296435 -0.888756 -0.349627
7.66709 74.3421 -11.7434 -0.307098 -0.886862 -0.345206
8.20771 74.6453 -13.0158 -0.316189 -0.885114 -0.341465
8.56422 75.028 -14.3469 -0.32416 -0.88499 -0.334235
9.02157 75.3437 -15.6302 -0.324449 -0.885492 -0.332621
9.75942 75.59 -17.0487 -0.34483 -0.880033 -0.32655
10.3364 75.8467 -18.3533 -0.348968 -0.880304 -0.321341
11.0763 75.9732 -19.5245 -0.35277 -0.879695 -0.318889
11.5137 76.2513 -20.7922 -0.357183 -0.879804 -0.313623
12.1683 76.3619 -21.8709 -0.360641 -0.880602 -0.307374
12.7705 76.7001 -23.5716 -0.362077 -0.882551 -0.300007
13.1986 77.1593 -25.4545 -0.358868 -0.885576 -0.294904
13.6039 77.455 -26.8453 -0.360962 -0.886054 -0.290886
13.3601 77.9717 -28.1624 -0.366684 -0.889174 -0.273444
14.0872 78.0606 -29.4455 -0.357502 -0.896175 -0.262766
14.301 78.3384 -30.7038 -0.357133 -0.898902 -0.253771
14.5276 78.6496 -32.1383 -0.349872 -0.901801 -0.253662
14.4529 79.1299 -33.8146 -0.343917 -0.907484 -0.241232
14.5968 79.4276 -35.1567 -0.335927 -0.911998 -0.235396
15.084 79.5844 -36.4609 -0.324465 -0.916902 -0.232364
15.8634 79.6018 -37.6412 -0.316653 -0.920925 -0.227219
17.2319 79.2478 -38.0768 -0.302368 -0.923241 -0.23701
19.0956 78.6049 -38.019 -0.307537 -0.916536 -0.255428
20.7999 78.0802 -38.1507 -0.308057 -0.914062 -0.263803
22.2673 77.6985 -38.5031 -0.306826 -0.911298 -0.274581
23.884 77.252 -38.8392 -0.313234 -0.903529 -0.292439
25.476 76.8236 -39.247 -0.322296 -0.901445 -0.289001
27.0691 76.1858 -39.048 -0.325831 -0.89987 -0.289947
28.4915 75.6125 -38.8766 -0.32997 -0.898727 -0.288808
30.6233 74.6171 -38.1767 -0.325734 -0.901548 -0.284797
31.9161 73.7991 -37.0401 -0.31929 -0.902613 -0.288675
32.7266 73.0851 -35.7219 -0.319262 -0.901235 -0.29299
33.0764 72.5984 -34.6072 -0.317541 -0.90169 -0.293466
33.2661 72.0396 -33.1031 -0.31557 -0.901037 -0.297568
32.813 71.7245 -31.6686 -0.315802 -0.900954 -0.297576
31.6068 72.1051 -31.5407 -0.317868 -0.900182 -0.297704
30.41 72.5912 -31.7188 -0.323761 -0.898968 -0.295018
28.1361 73.4427 -31.8072 -0.325826 -0.897831 -0.296204
26.9306 73.8993 -31.8565 -0.329476 -0.896803 -0.295275
25.642 74.3386 -31.7469 -0.33068 -0.896154 -0.295904
24.2175 74.7547 -31.393 -0.334064 -0.896294 -0.29164
22.9258 75.0859 -30.9384 -0.336805 -0.896413 -0.28806
21.5585 75.4129 -30.3297 -0.341248 -0.895608 -0.285369
20.263 75.7156 -29.7347 -0.340978 -0.897366 -0.280057
18.9309 75.8725 -28.5773 -0.353725 -0.889613 -0.288906
17.7873 75.9783 -27.5029 -0.353535 -0.889589 -0.289214
17.0111 75.9337 -26.4138 -0.358995 -0.887457 -0.289037
16.2479 75.8752 -25.2954 -0.356723 -0.887267 -0.292413
15.4125 75.8018 -24.0704 -0.357144 -0.885185 -0.298152
14.6423 75.5547 -22.4315 -0.356651 -0.883593 -0.303421
13.9083 75.408 -21.1446 -0.355668 -0.882185 -0.308617
13.1942 75.0184 -19.2242 -0.354356 -0.882192 -0.310104
12.6494 74.8005 -18.0004 -0.349113 -0.882963 -0.31384
12.1858 74.5257 -16.7174 -0.345226 -0.882256 -0.320067
11.808 74.2372 -15.5121 -0.345104 -0.882908 -0.318398
11.2983 73.925 -14.1125 -0.336161 -0.882586 -0.32869
10.8528 73.5859 -12.7436 -0.323355 -0.886274 -0.331601
10.4508 73.2436 -11.4347 -0.318969 -0.886697 -0.334657
9.98019 72.7861 -9.78724 -0.313416 -0.890369 -0.330113
9.70247 72.5626 -8.93602 -0.30178 -0.892955 -0.334006
10.828 72.0751 -8.64965 -0.307532 -0.892762 -0.329157
11.2692 72.3972 -9.96216 -0.313408 -0.890371 -0.330114
11.5254 72.7634 -11.2036 -0.325863 -0.887189 -0.326663
12.1056 73.2162 -13.0224 -0.336153 -0.884694 -0.322982
12.4872 73.4975 -14.1925 -0.343454 -0.883732 -0.317894
12.8955 73.7808 -15.4237 -0.344301 -0.88356 -0.317456
13.3999 74.0198 -16.6388 -0.350468 -0.882554 -0.313477
14.12 74.3295 -18.3206 -0.351824 -0.882146 -0.313109
14.7733 74.6531 -19.9836 -0.352956 -0.883087 -0.309161
15.354 74.8609 -21.2436 -0.354443 -0.882838 -0.308167
16.2662 75.1739 -23.2313 -0.355739 -0.884213 -0.30268
17.1133 75.2513 -24.4723 -0.354083 -0.886959 -0.29653
18.1328 75.2987 -25.8366 -0.354243 -0.88826 -0.292395
18.8779 75.3423 -26.8799 -0.353539 -0.889586 -0.289217
19.9004 75.235 -27.8015 -0.350327 -0.891084 -0.288488
21.0284 75.1054 -28.7585 -0.344238 -0.892717 -0.290762
22.3013 74.7937 -29.2914 -0.341543 -0.89288 -0.293453
23.4544 74.5355 -29.848 -0.341682 -0.892791 -0.29356
24.6481 74.2417 -30.3168 -0.335767 -0.895373 -0.29252
25.8717 73.8959 -30.6629 -0.333225 -0.895762 -0.294216
27.2074 73.4223 -30.7121 -0.328272 -0.897451 -0.294652
28.6098 72.8809 -30.6257 -0.327048 -0.89764 -0.29543
29.9889 72.3882 -30.6391 -0.32354 -0.896789 -0.301815
31.1913 71.9057 -30.4945 -0.320622 -0.898486 -0.299848
32.5887 71.3472 -30.3003 -0.313158 -0.900901 -0.300475
33.9571 71.0839 -30.9201 -0.304225 -0.904768 -0.298059
34.4433 71.3533 -32.2418 -0.30402 -0.905382 -0.296405
34.5063 71.7347 -33.4821 -0.308282 -0.905835 -0.290559
34.0921 72.4954 -35.3712 -0.312068 -0.902752 -0.296061
33.6407 73.0717 -36.6796 -0.313058 -0.904403 -0.289914
32.3492 74.1404 -38.6008 -0.31835 -0.903816 -0.285955
31.0273 74.8541 -39.385 -0.320598 -0.904192 -0.282194
29.6124 75.5158 -39.8576 -0.328383 -0.901528 -0.281802
28.377 76.0577 -40.1381 -0.333124 -0.899626 -0.282316
26.832 76.6822 -40.3101 -0.327969 -0.897553 -0.294679
25.6498 77.1466 -40.4227 -0.317721 -0.900167 -0.297913
24.4444 77.5132 -40.2439 -0.313349 -0.90076 -0.30066
23.0469 77.8592 -39.8377 -0.308965 -0.90622 -0.288628
21.7723 78.1811 -39.5517 -0.29959 -0.910785 -0.283862
20.4456 78.5106 -39.2281 -0.300526 -0.915047 -0.268868
18.7784 79.02 -39.1229 -0.284639 -0.925805 -0.248193
17.2911 79.4884 -39.1206 -0.294536 -0.927961 -0.228337
16.0135 79.8731 -38.9851 -0.300976 -0.926788 -0.224673
14.6551 80.1057 -38.0063 -0.321303 -0.922491 -0.213938
14.0069 80.0597 -36.8438 -0.326573 -0.91867 -0.222253
13.534 79.8807 -35.4008 -0.341186 -0.914132 -0.218984
13.358 79.6333 -34.1511 -0.346584 -0.909113 -0.23107
13.4708 79.2005 -32.6665 -0.350562 -0.905648 -0.238523
13.2541 78.9129 -31.2868 -0.355055 -0.901298 -0.24819
12.9282 78.7085 -30.0863 -0.359239 -0.896975 -0.257645
12.6364 78.479 -28.873 -0.362256 -0.894585 -0.261628
12.5394 78.0562 -27.3697 -0.366292 -0.885829 -0.284846
12.1873 77.723 -25.9056 -0.363937 -0.884121 -0.293053
11.8726 77.2865 -24.2142 -0.361434 -0.883503 -0.297972
11.4647 77.0536 -23.0394 -0.359842 -0.882353 -0.303259
10.9187 76.8453 -21.7894 -0.358954 -0.880589 -0.309368
10.344 76.5949 -20.4261 -0.354931 -0.879197 -0.31785
9.64306 76.4229 -19.1788 -0.348968 -0.880304 -0.321341
9.04444 76.1696 -17.8557 -0.344991 -0.880305 -0.325644
8.25141 75.9465 -16.4539 -0.332599 -0.882005 -0.333833
7.65319 75.6198 -15.0265 -0.324487 -0.880648 -0.345201
7.27045 75.2405 -13.6906 -0.316325 -0.885595 -0.340085
6.80715 74.9206 -12.4585 -0.307674 -0.885027 -0.349377
6.24773 74.5768 -11.1076 -0.297609 -0.886226 -0.355009
5.85067 74.2283 -9.9147 -0.294951 -0.884659 -0.361084
5.31264 73.7795 -8.39224 -0.285111 -0.887949 -0.360893
5.04742 73.351 -7.14404 -0.271123 -0.889737 -0.367233
4.88122 72.8971 -5.90617 -0.265719 -0.893167 -0.362816
4.61873 72.4355 -4.58983 -0.265303 -0.891837 -0.366386
4.39381 71.8983 -3.09336 -0.259073 -0.896101 -0.360395
4.33902 71.3133 -1.57669 -0.258282 -0.899672 -0.351967
4.59221 70.6723 -0.116836 -0.261884 -0.899977 -0.348509
4.97306 70.1047 1.06541 -0.261545 -0.900532 -0.347329
5.32695 69.4798 2.44141 -0.27371 -0.900904 -0.33683
5.661 68.9062 3.7092 -0.276743 -0.902613 -0.329643
6.25694 68.2013 5.14159 -0.282001 -0.900527 -0.330948
6.39514 67.6107 6.63438 -0.28194 -0.901073 -0.329511
6.88414 67.022 7.84342 -0.280469 -0.904475 -0.321344
7.33437 66.7129 8.32034 -0.279658 -0.905192 -0.320024
7.77537 67.0174 7.08279 -0.279645 -0.904169 -0.322919
7.76414 67.6013 5.48684 -0.283141 -0.900442 -0.330205
7.95712 68.0458 4.11931 -0.281713 -0.899467 -0.334061
8.22759 68.4984 2.68436 -0.27914 -0.898401 -0.339052
8.50512 68.8882 1.42703 -0.281491 -0.894854 -0.3464
8.6959 69.3105 0.173974 -0.288292 -0.893779 -0.34358
9.05346 69.754 -1.26903 -0.290144 -0.891666 -0.347489
9.25734 70.4255 -3.11021 -0.291268 -0.888621 -0.35425
9.75899 70.9301 -4.78732 -0.287785 -0.890054 -0.353531
10.148 71.2694 -5.97786 -0.290788 -0.889845 -0.351592
10.3944 71.6579 -7.1607 -0.289702 -0.890309 -0.351312
10.7851 72.039 -8.5142 -0.301937 -0.892326 -0.335539
-0.0168888 60.1799 56.9951 0.121901 -0.985182 -0.0352052
-0.326822 59.8075 58.2823 0.169358 -0.939776 -0.296882
-0.554736 59.4949 59.509 0.195075 -0.96299 -0.185999
-0.882996 59.0279 61.6165 0.207295 -0.958916 -0.192899
-0.907249 58.6688 63.2545 0.217651 -0.954064 -0.205889
-0.981144 58.3089 64.6694 0.207386 -0.94697 -0.24521
-1.03216 57.92 66.0733 0.212616 -0.943633 -0.253676
-0.983342 57.4923 67.4463 0.190351 -0.915946 -0.35084
-0.498825 57.0394 68.7681 0.20817 -0.899378 -0.384428
-1.75941 56.8063 68.631 0.244267 -0.890061 -0.383057
-2.85492 56.8108 67.8157 0.280359 -0.880748 -0.381683
-4.26693 56.5526 67.1681 0.300479 -0.901132 -0.311513
-5.57538 56.3877 66.4649 0.320574 -0.904633 -0.276139
-6.78141 56.025 66.0142 0.362732 -0.898335 -0.247828
-7.92893 55.6645 65.6416 0.364974 -0.901359 -0.232595
-8.78672 55.5017 64.7233 0.402223 -0.890403 -0.21307
-8.33938 56.1181 62.9919 0.414562 -0.888925 -0.193417
-8.05496 56.5636 61.3951 0.420129 -0.891149 -0.171304
-7.84199 56.9401 59.9588 0.417585 -0.890749 -0.179217
-7.7201 57.2637 58.5796 0.40325 -0.900921 -0.16041
-7.66157 57.5421 57.1992 0.40672 -0.897953 -0.168106
-7.51332 57.8171 55.8498 0.388481 -0.915518 -0.104446
-7.15888 58.2088 54.3774 0.383993 -0.908339 -0.165739
-6.60811 58.7739 52.5639 0.384377 -0.908078 -0.166279
-6.25438 59.1603 51.3044 0.377247 -0.901736 -0.208399
-5.98691 59.5713 50.0506 0.351214 -0.913375 -0.205901
-5.48517 59.9874 48.8471 0.293788 -0.934597 -0.200391
-5.01519 60.3731 47.7804 0.29577 -0.931398 -0.212174
-4.24651 60.8125 46.841 0.215679 -0.95615 -0.196155
-3.21083 61.1478 46.1742 0.197448 -0.963555 -0.180379
-2.2144 61.3658 45.4155 0.101887 -0.98629 -0.12981
-1.1878 61.5344 44.569 0.0469387 -0.993748 -0.0976998
-0.199677 61.623 43.7102 0.00868798 -0.996742 -0.0801869
1.19463 61.6407 42.6998 -0.0832605 -0.994682 -0.0606272
2.40741 61.5921 41.5736 -0.101546 -0.993525 -0.0509521
3.31693 61.4965 41.4136 -0.14862 -0.987593 -0.0507141
2.93705 61.4884 42.5485 -0.125658 -0.990097 -0.0572483
2.6589 61.4571 43.7373 -0.0997029 -0.993322 -0.0498808
2.33858 61.3931 45.4023 -0.073491 -0.996585 -0.0317017
2.06925 61.3925 46.9153 -0.0991784 -0.994877 -0.018433
1.75861 61.3423 48.0912 -0.0190957 -0.998067 -0.0591491
1.18212 61.0334 49.9019 -0.00232137 -0.978652 -0.20551
0.47118 60.6931 51.9557 0.0327439 -0.988949 -0.144592
0.158412 60.47 53.4109 0.0364662 -0.993133 -0.10289
0.0147786 60.3435 54.7564 0.186903 -0.970794 -0.150418
-0.0710113 60.1221 56.0787 0.193252 -0.974701 -0.0502782
-0.041222 60.1579 56.6609 0.199598 -0.978608 0.0498658
1.09563 60.2216 56.9835 -0.0285489 -0.991675 -0.125563
1.2171 60.3712 55.716 0.00441339 -0.995751 -0.0821051
1.41843 60.4925 53.8716 0.0401898 -0.997317 -0.0611875
1.80637 60.7171 52.0937 0.0262702 -0.989846 -0.139446
2.28734 60.8977 50.8324 0.0197945 -0.990743 -0.134297
2.5564 61.1058 49.5888 0.00136137 -0.986335 -0.164746
2.95662 61.2812 48.4078 -0.124812 -0.987776 -0.0789473
3.3116 61.2692 46.8829 -0.0991783 -0.994877 -0.0184303
3.5975 61.2608 45.4186 -0.118206 -0.992916 -0.0120386
3.97542 61.2721 43.9538 -0.13322 -0.990197 -0.0419722
4.41451 61.2879 42.1881 -0.141439 -0.988416 -0.0532105
4.89031 61.2756 40.6129 -0.189214 -0.981359 -0.0336598
5.67415 61.171 39.2716 -0.187188 -0.98176 -0.0332773
5.74722 61.1906 38.0325 -0.202752 -0.978787 -0.0291659
4.59634 61.45 37.475 -0.183215 -0.982104 -0.0436366
3.78417 61.5646 38.4126 -0.172617 -0.984163 -0.0364993
2.79452 61.6662 39.618 -0.132139 -0.989625 -0.0540546
1.42369 61.7415 40.9787 -0.102648 -0.992145 -0.0705396
0.0680874 61.7826 42.1357 -0.051687 -0.99403 -0.0855386
-0.953061 61.7224 42.835 -0.00992739 -0.994328 -0.105798
-1.93692 61.5906 43.6672 0.058896 -0.990152 -0.126108
-2.90796 61.4118 44.5212 0.0876335 -0.989592 -0.111753
-3.98967 61.1522 45.3354 0.170033 -0.972017 -0.157233
-5.03257 60.7643 46.0477 0.261331 -0.947613 -0.183673
-5.96065 60.2379 47.0585 0.283078 -0.932834 -0.222637
-6.48009 59.7531 48.403 0.33974 -0.919022 -0.199939
-7.33157 59.1011 49.8426 0.348979 -0.913465 -0.209233
-7.50046 58.6566 51.2283 0.377249 -0.901735 -0.2084
-8.00394 58.0757 53.1502 0.381265 -0.908504 -0.170954
-8.22683 57.7528 54.402 0.383993 -0.908339 -0.165739
-8.44639 57.4412 55.5303 0.438241 -0.88596 -0.147078
-8.61082 57.189 56.7888 0.411178 -0.898971 -0.149754
-8.74243 56.8658 58.2447 0.402854 -0.900928 -0.161359
-8.87987 56.5297 59.6092 0.415041 -0.89035 -0.187131
-9.13171 56.0895 61.2413 0.412047 -0.895796 -0.166635
-9.3336 55.7477 62.4657 0.426526 -0.882601 -0.197714
-9.77825 55.2361 63.9616 0.414562 -0.888925 -0.193416
-9.98176 54.9116 65.116 0.377456 -0.910458 -0.169093
-9.88492 54.7581 66.1358 0.490914 -0.84355 -0.217517
-8.82266 55.1713 66.5721 0.391611 -0.913567 -0.109714
-7.37297 55.52 67.0674 0.24145 -0.953689 -0.179385
-6.1461 55.8924 67.4248 0.320574 -0.904632 -0.276142
-4.98 56.012 68.1336 0.270662 -0.88818 -0.365481
-3.11676 56.2243 68.9407 0.302397 -0.85798 -0.415243
-1.99052 56.2699 69.6666 0.294006 -0.850861 -0.434846
-0.951033 56.0409 70.5881 0.202773 -0.859063 -0.469993
-0.0242825 55.7408 71.5364 0.212077 -0.86812 -0.44804
0.54174 55.2721 72.7954 0.161968 -0.878679 -0.444757
0.892573 54.6712 73.8712 0.0570456 -0.801701 -0.59388
1.22331 53.7899 75.0184 0.0710191 -0.781036 -0.620434
1.25677 52.9788 76.0774 0.0901176 -0.787049 -0.610211
0.970644 52.1765 77.0518 0.0934953 -0.781922 -0.616326
0.655697 51.4056 77.9821 0.0919865 -0.780713 -0.618077
0.181086 50.5845 78.7751 0.199738 -0.734881 -0.648116
-0.342047 49.7889 79.5159 0.200894 -0.732418 -0.650532
-1.10179 48.9938 80.1697 0.202047 -0.729956 -0.652948
-2.41781 48.1276 80.7005 0.221096 -0.711107 -0.667112
-3.66264 47.4997 80.931 0.200551 -0.7048 -0.679966
-4.79538 46.9382 81.035 0.393024 -0.707522 -0.58732
-5.74688 46.2085 81.2242 0.33991 -0.640381 -0.688346
-7.124 45.4165 81.2083 0.386042 -0.647149 -0.657396
-8.56651 44.8495 80.9194 0.359457 -0.658439 -0.660609
-9.71622 44.3894 80.6978 0.422092 -0.596859 -0.682347
-10.8318 43.599 80.6582 0.546211 -0.540594 -0.639853
-12.1827 42.8082 80.2074 0.5579 -0.504335 -0.657361
-13.797 42.0114 79.3525 0.589859 -0.464161 -0.660702
-14.7274 42.072 78.4607 0.597224 -0.463657 -0.654482
-15.754 41.6242 77.7509 0.70241 -0.338006 -0.626248
-16.2803 40.2995 77.8607 0.713571 -0.330655 -0.617643
-16.8463 38.7495 78.0087 0.796768 -0.358751 -0.48627
-17.4964 37.4206 77.788 0.843503 -0.275615 -0.461019
-18.0424 36.3792 77.5302 0.877042 -0.354985 -0.318372
-18.5587 35.2747 77.1124 0.904946 -0.314698 -0.286423
-19.2648 34.0751 76.5942 0.861996 -0.458471 -0.209854
-19.6466 33.6903 75.5437 0.877995 -0.466887 -0.105553
-20.5108 32.4435 74.3774 0.842722 -0.523756 -0.124495
-21.0893 31.7017 73.5821 0.847746 -0.522966 -0.0568597
-20.7666 32.0001 74.5574 0.837299 -0.535073 -0.112372
-20.0208 32.8308 75.8345 0.848962 -0.49584 -0.168181
-19.7922 33.0097 76.5687 0.88481 -0.433922 -0.169773
-19.0848 33.7252 77.8748 0.839183 -0.483017 -0.249931
-18.0952 34.7129 79.2887 0.837082 -0.494286 -0.233617
-17.2229 35.366 80.2847 0.79753 -0.398846 -0.452622
-16.3147 36.2107 81.1219 0.787452 -0.419686 -0.451424
-14.8218 37.5172 81.9125 0.696676 -0.496574 -0.517743
-13.8167 38.5273 82.2729 0.650132 -0.531759 -0.540002
-12.9019 39.3444 82.4578 0.61353 -0.525839 -0.58913
-11.4651 41.0714 82.3328 0.545448 -0.562848 -0.617906
-10.4254 41.9255 82.3704 0.476402 -0.592302 -0.649246
-9.20044 42.8283 82.3851 0.457921 -0.6109 -0.64584
-7.9104 43.4611 82.648 0.41372 -0.6152 -0.671092
-6.61613 44.1859 82.6379 0.350798 -0.687462 -0.635875
-5.33747 44.7378 82.7945 0.339912 -0.640381 -0.688344
-4.22571 45.2861 82.7913 0.317972 -0.649027 -0.691128
-3.08526 45.773 82.8587 0.274779 -0.664732 -0.693189
-1.82133 46.2299 82.8326 0.227381 -0.687848 -0.689242
-0.572293 46.7534 82.7079 0.197698 -0.703194 -0.682438
0.744614 47.0975 82.6817 0.17222 -0.711123 -0.681649
2.35245 47.7088 82.49 0.193156 -0.727355 -0.658468
3.52201 47.9831 82.5155 0.174373 -0.746822 -0.641212
4.78392 48.2229 82.552 0.148303 -0.766076 -0.625223
6.75365 48.8492 82.2031 0.136744 -0.76257 -0.632223
7.97883 49.2181 81.9794 0.109854 -0.764853 -0.634769
8.93451 49.7827 81.4645 0.0804724 -0.771233 -0.630716
8.9689 50.8291 80.0686 0.0298145 -0.810026 -0.585636
8.40005 51.4385 79.1968 0.0602113 -0.805382 -0.588879
7.64122 52.1297 78.0634 0.0449377 -0.85197 -0.521658
6.28187 53.2804 76.142 0.0305106 -0.840478 -0.540986
5.45116 53.8886 75.1384 0.0384196 -0.820638 -0.568581
4.61669 54.6541 73.9644 -0.00433495 -0.844246 -0.535939
3.64025 55.3591 72.8618 -0.016505 -0.840275 -0.541727
2.83509 55.8505 71.9397 0.012585 -0.91026 -0.413422
1.81591 56.4093 70.6358 -0.00646765 -0.911543 -0.410723
1.06411 56.8841 69.6543 -0.0185811 -0.905562 -0.423806
0.523388 57.4085 68.4581 0.192505 -0.891779 -0.408404
0.204028 57.7872 67.225 0.172535 -0.932514 -0.317252
0.0980337 58.2318 65.8606 0.192575 -0.938074 -0.285463
0.23474 58.6435 64.3645 0.202153 -0.950309 -0.236744
0.258396 58.9976 62.9632 0.209901 -0.952186 -0.221316
0.255248 59.2638 61.5984 0.196941 -0.963767 -0.179907
0.486458 59.5664 60.2307 0.196008 -0.963379 -0.182953
0.675447 59.8491 59.0323 0.202883 -0.959268 -0.196578
1.07447 60.1973 57.1808 -0.0285473 -0.991675 -0.125565
-17.5963 36.122 78.8595 0.827729 -0.42102 -0.370783
-16.8823 36.5581 79.8059 0.80123 -0.415553 -0.430518
-16.0464 37.4103 80.3188 0.731349 -0.502127 -0.461516
-14.7322 38.573 81.0255 0.694424 -0.463265 -0.5506
-13.9661 39.4774 81.2307 0.653976 -0.494553 -0.569865
-13.7257 40.4064 80.6519 0.60477 -0.538912 -0.586149
-12.7446 41.2194 80.8851 0.59601 -0.551987 -0.583166
-11.4332 42.2459 81.2538 0.589253 -0.508323 -0.625045
-12.6333 41.6331 80.6325 0.582498 -0.464659 -0.666925
-14.129 40.9031 79.8347 0.58986 -0.464159 -0.660703
-15.0584 40.7028 79.0011 0.692982 -0.339719 -0.635898
-16.1453 38.9281 78.9535 0.733825 -0.411955 -0.535933
-16.7663 37.7433 78.8503 0.752712 -0.427458 -0.49521
-17.523 36.3427 78.7655 0.836585 -0.409304 -0.363451
1.65299 55.5724 72.4709 0.0610378 -0.891588 -0.446317
1.97593 54.8861 73.6419 0.043075 -0.822367 -0.567324
2.21537 54.1594 74.6668 0.0788726 -0.786606 -0.612267
2.40286 53.2737 75.8552 0.0867293 -0.792176 -0.604099
2.13789 52.1714 77.2354 0.0919891 -0.780712 -0.618078
1.66868 51.0677 78.5549 0.105012 -0.762622 -0.637627
0.80667 49.7523 79.8944 0.118925 -0.744617 -0.65681
0.2817 48.9351 80.6377 0.171389 -0.715426 -0.677342
-1.02764 48.1552 81.1302 0.186717 -0.722691 -0.665145
-2.19149 47.3455 81.5762 0.22547 -0.696962 -0.68074
-2.1586 47.2509 81.6835 0.223174 -0.695264 -0.683229
-1.04547 48.1201 81.1625 0.197696 -0.703195 -0.682438
0.0828204 47.7514 81.8322 0.17222 -0.711123 -0.681649
1.43251 48.2061 81.699 0.171803 -0.713273 -0.679497
3.22161 48.6205 81.6571 0.158305 -0.755942 -0.635051
4.73076 48.9153 81.691 0.148303 -0.766076 -0.625223
6.46861 49.5196 81.3457 0.140138 -0.756862 -0.638374
7.63251 50.0983 80.8596 0.109528 -0.764677 -0.635037
7.32822 51.0791 79.5187 0.0906082 -0.800739 -0.592121
6.69515 51.6999 78.5997 0.0852689 -0.797371 -0.597435
6.00152 52.2318 77.7553 0.037727 -0.846223 -0.531324
5.30933 52.8591 76.7145 0.0659127 -0.838098 -0.541522
4.46654 53.3777 75.8093 0.0384196 -0.820638 -0.568581
3.39989 53.8049 75.2136 0.0109198 -0.803178 -0.595639
2.84998 54.6272 74.0211 -0.016505 -0.840275 -0.541727
2.05888 55.3481 72.9613 -0.00457475 -0.86965 -0.488361
-13.3728 57.5373 41.2701 0.473227 -0.851204 -0.22695
-13.902 56.9649 42.2728 0.478057 -0.843525 -0.244799
-13.3422 57.3083 42.207 0.486633 -0.845639 -0.218835
-13.316 57.374 42.0017 0.475554 -0.851843 -0.219444
-12.3554 57.9054 42.0276 0.475907 -0.855981 -0.201676
-12.413 58.1535 40.8962 0.450329 -0.869187 -0.203648
-13.0103 58.2076 39.4887 0.422306 -0.872774 -0.244764
-13.6298 58.3125 38.0993 0.415553 -0.868935 -0.268826
-14.5398 58.0566 37.5297 0.389357 -0.876251 -0.283877
-14.5163 57.6309 38.972 0.434336 -0.861826 -0.260798
-14.3778 57.3034 40.2084 0.449328 -0.851898 -0.268936
-14.7786 56.7453 41.3292 0.468146 -0.84019 -0.2736
-14.986 56.2561 42.548 0.491873 -0.834819 -0.247262
-15.3067 55.6675 43.7994 0.502162 -0.823753 -0.263089
-15.802 55.0706 44.6494 0.537691 -0.805113 -0.250363
-16.407 54.2289 45.9297 0.567775 -0.77647 -0.273361
-15.8805 54.5024 46.2463 0.55438 -0.787704 -0.268052
-15.0537 55.2731 45.6054 0.53934 -0.802025 -0.25655
-14.2174 55.9743 45.0781 0.521697 -0.81648 -0.247372
-13.2801 56.8439 44.0628 0.496605 -0.837677 -0.227334
-12.6167 57.4318 43.3407 0.478397 -0.852196 -0.211884
-12.3778 57.7739 42.5062 0.479934 -0.851415 -0.211555
-11.3528 58.3525 42.499 0.483249 -0.858341 -0.172392
-11.5096 57.9819 43.8327 0.503838 -0.842623 -0.189778
-12.2923 57.3224 44.6201 0.514695 -0.833249 -0.201673
-13.387 56.348 45.6881 0.52889 -0.819093 -0.222176
-14.091 55.6963 46.3826 0.543068 -0.808507 -0.226534
-14.865 54.9783 46.9689 0.562339 -0.790984 -0.24108
-15.8877 54.0165 47.6536 0.580383 -0.774445 -0.251482
-16.7399 53.2702 47.9942 0.617163 -0.737423 -0.274439
-17.9442 52.0355 48.6342 0.642118 -0.715958 -0.271424
-18.751 51.2404 48.8008 0.629045 -0.71826 -0.297329
-19.6975 50.1424 49.2603 0.675277 -0.661655 -0.323741
-20.39 49.8545 48.4617 0.64487 -0.676456 -0.355725
-19.7281 50.7404 47.9346 0.630032 -0.691486 -0.353422
-18.9543 51.6906 47.3523 0.624048 -0.711837 -0.322261
-18.1615 52.7728 46.3683 0.585463 -0.751943 -0.302952
-17.5862 53.5408 45.5506 0.56361 -0.77211 -0.292302
-17.054 54.3642 44.3251 0.54121 -0.783877 -0.304349
-16.4599 55.1938 43.0523 0.511818 -0.81463 -0.272589
-16.0401 55.8093 41.9943 0.483536 -0.825828 -0.289993
-15.8559 56.3079 40.8291 0.46815 -0.840187 -0.2736
-15.5317 56.8272 39.8152 0.4433 -0.849128 -0.286958
-15.6015 57.2997 38.331 0.419836 -0.852065 -0.312606
-15.6346 57.6649 37.2374 0.403634 -0.867059 -0.29145
-15.9279 57.94 36.051 0.367169 -0.877552 -0.308364
-16.3986 58.2345 34.6601 0.366952 -0.876418 -0.31183
-16.9943 58.373 33.6287 0.352038 -0.879281 -0.320827
-17.3815 58.6398 32.4976 0.34479 -0.877879 -0.332336
-17.001 58.6237 32.9364 0.345708 -0.877678 -0.331916
-16.0799 58.876 33.2378 0.341001 -0.885161 -0.316556
-15.3828 58.795 34.2125 0.337481 -0.893651 -0.295796
-14.6476 58.7543 35.2347 0.367055 -0.888041 -0.276861
-13.7558 58.7528 36.3949 0.364901 -0.892177 -0.26542
-12.801 58.8386 37.5763 0.379343 -0.894014 -0.238408
-12.1603 58.8339 38.7319 0.417913 -0.880262 -0.223481
-11.5221 58.8362 39.8393 0.435302 -0.873341 -0.216746
-11.3652 58.5975 41.3411 0.463187 -0.867516 -0.181303
-11.3511 58.3858 42.3392 0.475999 -0.860168 -0.182759
7.33327 60.9757 33.8278 -0.211316 -0.97672 -0.0369084
6.87733 61.0384 34.849 -0.21276 -0.976724 -0.0272644
6.08697 61.181 35.8522 -0.20873 -0.977648 -0.0252344
5.82104 61.1836 37.7569 -0.202751 -0.978787 -0.0291659
6.68581 61.0383 36.3971 -0.210359 -0.977281 -0.0259141
7.35062 60.9246 35.2641 -0.210735 -0.977223 -0.0250308
7.5265 60.9291 33.9576 -0.210706 -0.976846 -0.0370668
8.53665 60.7509 33.0202 -0.20368 -0.97797 -0.0454489
7.89324 60.8763 33.2784 -0.208316 -0.977053 -0.0443999
7.8322 60.8865 33.3422 -0.20951 -0.97695 -0.0407336
-24.2261 43.4174 51.0129 0.637566 -0.474979 -0.606551
-23.4854 44.7259 50.5956 0.683879 -0.529987 -0.498773
-22.8892 45.9129 50.2463 0.701373 -0.539363 -0.463951
-22.9616 46.2182 49.7473 0.681407 -0.576183 -0.45133
-23.6997 45.1989 49.8237 0.646414 -0.55743 -0.520981
-24.3856 44.1186 50.144 0.630055 -0.57058 -0.526753
-24.9129 42.9065 50.6911 0.644709 -0.498446 -0.578365
-24.8593 42.0966 51.409 0.636192 -0.492376 -0.593991
-24.3492 43.1931 51.0592 0.638467 -0.480758 -0.600971
-24.3203 43.256 51.0403 0.637565 -0.474977 -0.606554
-22.336 46.6765 50.1068 0.705906 -0.56126 -0.430618
-21.5925 47.7461 49.8881 0.694576 -0.599311 -0.397853
-22.3904 47.1936 49.3689 0.663403 -0.599196 -0.446908
-22.6347 46.8075 49.4886 0.680577 -0.574231 -0.455033
-20.4913 49.6986 48.5733 0.644738 -0.675135 -0.358477
-21.2226 48.7735 48.9275 0.654394 -0.656224 -0.375683
-21.4276 48.0168 49.7739 0.694031 -0.594145 -0.406586
-20.6805 48.9575 49.5601 0.672701 -0.640283 -0.370825
-20.0995 49.6905 49.2932 0.644738 -0.675134 -0.358478
6.4874 50.0143 80.7632 0.124849 -0.760868 -0.636784
7.08089 50.3871 80.4167 0.100111 -0.783052 -0.613846
6.25843 50.6261 79.9705 0.106319 -0.793457 -0.599268
5.0634 49.8411 80.6579 0.137822 -0.755753 -0.640189
4.44874 49.4336 81.0066 0.145592 -0.751912 -0.642986
2.95047 49.1829 80.9412 0.153351 -0.748011 -0.645727
3.98687 49.8973 80.3598 0.145594 -0.751915 -0.642982
6.07083 51.2391 79.1255 0.106319 -0.793457 -0.599268
6.17146 51.2976 79.0619 0.0852676 -0.797371 -0.597435
5.07723 51.346 78.7746 0.127322 -0.789176 -0.600825
3.81417 50.5527 79.5489 0.132619 -0.772734 -0.620721
2.4763 49.6577 80.3013 0.118302 -0.743493 -0.658196
1.41758 48.9634 80.8953 0.144916 -0.72982 -0.668104
1.36918 48.9275 80.9209 0.171388 -0.715424 -0.677344
1.9721 50.129 79.6783 0.118925 -0.744618 -0.656811
3.26908 50.9546 78.9307 0.0990431 -0.778415 -0.619888
4.50621 51.731 78.172 0.1076 -0.777272 -0.619896
4.41398 52.4242 77.2786 0.0659144 -0.838099 -0.541521
3.17524 51.6505 78.0419 0.0990465 -0.778417 -0.619884
2.62083 51.312 78.3866 0.0904806 -0.779501 -0.619831
3.0814 52.3463 77.1531 0.0990465 -0.778417 -0.619884
3.43611 52.5689 76.9355 0.0868849 -0.808858 -0.581549
-1.9957 57.4658 66.9126 0.309248 -0.90714 -0.285416
-1.88069 57.5349 66.7946 0.254285 -0.933455 -0.252983
-3.18217 57.0775 66.7978 0.32254 -0.891336 -0.318572
-1.93929 57.8607 65.5337 0.254285 -0.933455 -0.252983
-1.83708 57.9106 65.4337 0.212616 -0.943633 -0.253676
-1.51379 58.4165 63.7826 0.209935 -0.952329 -0.221351
-2.78427 57.7138 65.0795 0.295485 -0.92156 -0.251824
-3.73874 57.1402 66.0587 0.309248 -0.90714 -0.285416
-4.81635 56.8299 65.836 0.300572 -0.901418 -0.311611
-3.62969 57.5625 64.6244 0.308138 -0.923672 -0.227775
-2.59112 58.1728 63.5544 0.297327 -0.930761 -0.21279
-1.69051 58.6282 62.615 0.217651 -0.954064 -0.205889
-1.5225 58.9947 61.0944 0.207326 -0.959059 -0.192928
-3.30014 58.083 62.9528 0.286399 -0.937487 -0.197723
-4.36228 57.4603 64.0475 0.308138 -0.923672 -0.227775
-5.36767 56.8352 65.0977 0.366745 -0.904715 -0.21677
-5.7551 56.5804 65.5032 0.36502 -0.901469 -0.232623
-6.4924 56.4123 64.957 0.367219 -0.90438 -0.217363
-5.45951 57.0917 63.8683 0.366272 -0.905048 -0.216177
-4.05631 57.9685 62.4008 0.297327 -0.930761 -0.212791
-2.20413 58.9339 60.4603 0.283644 -0.943455 -0.171579
-1.51521 59.2549 59.7438 0.234698 -0.956389 -0.173886
-0.961385 59.7797 57.8508 0.335292 -0.9244 -0.181837
-2.03337 59.2403 58.9509 0.27393 -0.948104 -0.161435
-3.80975 58.3659 60.8029 0.293285 -0.93861 -0.181646
-5.01633 57.7001 62.0719 0.369665 -0.906466 -0.204124
-6.41325 56.7812 63.5522 0.366273 -0.905048 -0.216177
-7.47887 56.0804 64.6715 0.367218 -0.904381 -0.217362
-8.16817 55.9344 64.0828 0.402222 -0.890403 -0.213072
-6.61043 56.9684 62.4344 0.369666 -0.906466 -0.204123
-5.43615 57.7151 61.1855 0.361681 -0.915084 -0.17835
-4.10483 58.4724 59.7763 0.321911 -0.930792 -0.173206
-2.68414 59.1652 58.299 0.273628 -0.947473 -0.165598
-1.1441 59.9359 56.7198 0.269991 -0.960556 -0.0666123
-0.997204 60.0734 55.2424 0.186903 -0.970794 -0.150418
-2.17491 59.6353 56.4507 0.291342 -0.94456 -0.151416
-4.07965 58.7248 58.4087 0.323506 -0.934946 -0.145669
-5.12906 58.1271 59.5309 0.350231 -0.922088 -0.164597
-6.52284 57.3061 61.0084 0.372999 -0.907741 -0.192037
-7.08494 56.9486 61.6062 0.372999 -0.907741 -0.192037
-7.23289 57.1365 60.4307 0.396709 -0.899774 -0.181737
-5.91627 57.923 59.0269 0.346108 -0.921329 -0.177093
-4.55994 58.6908 57.5601 0.323506 -0.934946 -0.145669
-3.49802 59.1984 56.4686 0.308905 -0.941152 -0.137155
-2.38097 59.773 55.3245 0.26333 -0.951118 -0.161345
-0.57826 60.4273 53.4706 0.209733 -0.966908 -0.14526
-0.498195 60.4513 53.3898 0.0907966 -0.988166 -0.12363
-0.190915 60.6666 51.764 0.148504 -0.983617 -0.102193
-1.82578 60.1657 53.4166 0.209213 -0.965779 -0.153299
-3.13723 59.6285 54.7619 0.315444 -0.930758 -0.184889
-5.04023 58.6568 56.7116 0.323504 -0.934947 -0.14567
-6.04341 58.1103 57.804 0.342081 -0.924959 -0.165627
-6.87782 57.611 58.7118 0.394624 -0.905348 -0.156895
-7.13823 57.6811 57.6631 0.39159 -0.903444 -0.174486
-6.10268 58.3039 56.4994 0.362439 -0.920552 -0.145681
-4.38832 59.2158 54.7047 0.315445 -0.930758 -0.184889
-3.23677 59.839 53.5297 0.298929 -0.942551 -0.149131
-2.16625 60.2471 52.4387 0.209214 -0.965779 -0.153299
-0.991772 60.5989 51.2524 0.148504 -0.983617 -0.102193
0.284909 60.9889 49.9839 0.090892 -0.976678 -0.194521
0.877565 61.3418 48.1281 0.0453757 -0.996704 -0.0672489
-0.366394 61.0481 49.339 0.114246 -0.972174 -0.204514
-1.61817 60.6384 50.5739 0.115351 -0.971568 -0.206762
-3.1225 60.0565 52.0968 0.275264 -0.953497 -0.122772
-4.41558 59.4515 53.4194 0.322184 -0.930308 -0.175285
-5.72644 58.7468 54.75 0.353478 -0.919704 -0.170876
-6.92596 58.0411 56.0708 0.388466 -0.915525 -0.104443
-5.73751 58.9784 53.4599 0.384378 -0.908078 -0.166278
-4.55614 59.6222 52.2551 0.298929 -0.94255 -0.149132
-3.19488 60.2388 50.8602 0.271649 -0.940394 -0.204611
-1.77941 60.8529 49.4371 0.225432 -0.959483 -0.169037
-0.162642 61.2866 47.8516 0.111941 -0.990375 -0.0814058
1.147 61.4242 46.5592 0.0122948 -0.997614 -0.0679316
1.47238 61.4501 46.2381 -0.032294 -0.998684 -0.0398475
1.73514 61.4736 44.6722 -0.0701886 -0.99619 -0.0517556
0.503897 61.4613 45.8985 0.0221642 -0.997689 -0.0642363
-0.854624 61.2635 47.236 0.0982513 -0.986545 -0.130677
-1.98806 60.9706 48.3502 0.210969 -0.9669 -0.143517
-3.33843 60.4395 49.7028 0.229325 -0.959032 -0.166336
-4.95726 59.6227 51.3521 0.273692 -0.947762 -0.163831
-5.53267 59.3435 51.9395 0.353477 -0.919704 -0.170878
-5.08942 59.8383 50.1762 0.284657 -0.938001 -0.197798
-3.87091 60.4426 48.934 0.232807 -0.958421 -0.165015
-2.56498 60.9855 47.628 0.164199 -0.966629 -0.196641
-0.997116 61.4018 46.0845 0.0652159 -0.99327 -0.0957213
0.249489 61.5346 44.8568 0.0145951 -0.995749 -0.0909491
1.5892 61.5565 43.5248 -0.0824505 -0.994425 -0.0657362
-25.6 28.108 67.1872 0.520321 -0.804665 -0.285973
-25.8072 27.9244 67.4882 0.53118 -0.829282 -0.173607
-26.5216 27.5798 66.9935 0.534141 -0.797469 -0.280601
-26.5875 27.5123 67.0804 0.511539 -0.834183 -0.206074
-27.8195 26.7201 67.2293 0.510423 -0.833522 -0.211445
-27.8273 26.7127 67.2397 0.511539 -0.834183 -0.206075
6.36844 70.1843 -0.198109 -0.264387 -0.899057 -0.348992
6.80304 70.212 -0.613661 -0.277491 -0.895754 -0.347309
6.1729 70.612 -1.14771 -0.264118 -0.897455 -0.353294
7.34744 70.6929 -2.26576 -0.279944 -0.892554 -0.353523
7.33276 71.1413 -3.38108 -0.28085 -0.891139 -0.356362
6.19181 71.0578 -2.29884 -0.26569 -0.897519 -0.35195
6.1674 71.056 -2.27571 -0.26569 -0.897519 -0.35195
6.09593 71.4992 -3.33826 -0.26495 -0.895153 -0.358471
7.403 71.5967 -4.57621 -0.276045 -0.892641 -0.356359
7.74345 71.6183 -4.90097 -0.282097 -0.891233 -0.355139
6.35088 71.9676 -4.70922 -0.270596 -0.894299 -0.356381
7.49442 72.0522 -5.79199 -0.283254 -0.89167 -0.353118
8.19757 72.0934 -6.46513 -0.285171 -0.891018 -0.353219
6.82276 72.4579 -6.28076 -0.277868 -0.891962 -0.356643
8.03177 72.5315 -7.43623 -0.286593 -0.891222 -0.35155
8.58596 72.5614 -7.96863 -0.288009 -0.891437 -0.349843
9.17237 73.0206 -9.67633 -0.30403 -0.890193 -0.339297
7.98629 72.9734 -8.52479 -0.287999 -0.89145 -0.349818
6.83312 72.9054 -7.42111 -0.281921 -0.891428 -0.354791
6.76568 72.9012 -7.35671 -0.281478 -0.892374 -0.352759
7.27226 73.3797 -8.97068 -0.288836 -0.891146 -0.349904
8.39818 73.4333 -10.0574 -0.305341 -0.887673 -0.344679
9.51853 73.4669 -11.153 -0.314587 -0.887304 -0.337234
9.92916 73.4754 -11.5573 -0.314612 -0.886924 -0.338209
10.1368 73.9079 -12.9057 -0.323396 -0.886078 -0.332087
8.97133 73.8901 -11.7534 -0.314887 -0.88679 -0.338303
7.74355 73.8525 -10.5533 -0.301489 -0.887916 -0.347433
9.15708 74.3301 -13.0743 -0.314875 -0.885803 -0.340891
10.3186 74.3377 -14.2303 -0.332803 -0.8831 -0.330722
10.7416 74.3369 -14.6538 -0.334421 -0.884136 -0.326291
11.0642 74.7516 -16.1305 -0.342741 -0.882984 -0.320729
9.83095 74.7669 -14.8857 -0.334421 -0.884136 -0.326291
9.25145 74.7622 -14.3097 -0.32416 -0.88499 -0.334235
9.93326 75.1892 -16.1363 -0.339442 -0.883188 -0.323664
11.2866 75.1645 -17.5085 -0.347175 -0.882615 -0.316956
12.0781 75.1395 -18.3188 -0.349113 -0.882963 -0.31384
11.64 75.568 -19.0246 -0.350999 -0.880767 -0.317881
12.6106 75.535 -20.0203 -0.355754 -0.8813 -0.311046
12.1313 75.9631 -20.6853 -0.354261 -0.881557 -0.312021
12.3273 75.9553 -20.8871 -0.355664 -0.882189 -0.308619
13.3546 76.3093 -23.1142 -0.356699 -0.884923 -0.29946
14.5153 76.2482 -24.3201 -0.357708 -0.88487 -0.298413
15.6259 76.1852 -25.4769 -0.356723 -0.887267 -0.292413
13.7263 76.685 -24.6695 -0.357765 -0.885598 -0.296174
14.8911 76.6168 -25.8843 -0.358872 -0.886221 -0.292957
15.9947 76.5496 -27.0366 -0.361879 -0.885177 -0.292414
17.2762 76.4578 -28.3832 -0.355618 -0.893157 -0.275329
18.7995 76.3569 -29.9746 -0.347744 -0.896024 -0.276072
20.0595 76.2772 -31.2866 -0.340987 -0.897381 -0.280062
21.158 76.2219 -32.421 -0.335758 -0.899862 -0.278413
22.2169 76.1703 -33.5129 -0.323733 -0.902631 -0.283643
23.4745 76.125 -34.7992 -0.322938 -0.901873 -0.286944
24.5411 76.0881 -35.8902 -0.327775 -0.899864 -0.287764
26.3048 76.0255 -37.696 -0.325213 -0.900152 -0.289765
26.4444 76.0212 -37.8386 -0.32511 -0.899873 -0.290744
25.971 76.4162 -38.5319 -0.325112 -0.899873 -0.290742
24.546 76.462 -37.0761 -0.320199 -0.9037 -0.284251
23.3081 76.5058 -35.8092 -0.323166 -0.902602 -0.284382
21.6304 76.5635 -34.0947 -0.329753 -0.901267 -0.281035
19.9772 76.6514 -32.385 -0.331825 -0.901889 -0.276566
18.6808 76.7326 -31.0358 -0.346527 -0.895676 -0.278718
17.2957 76.8223 -29.5911 -0.355615 -0.893157 -0.275333
16.231 76.9077 -28.4671 -0.359215 -0.890824 -0.278204
15.1518 76.9852 -27.333 -0.356169 -0.89122 -0.280839
14.3123 77.0383 -26.455 -0.360962 -0.886054 -0.290885
14.291 77.4197 -27.6128 -0.358094 -0.889874 -0.282652
15.3437 77.3399 -28.7219 -0.359833 -0.892622 -0.271561
16.5062 77.2499 -29.9468 -0.355659 -0.894497 -0.270892
18.3244 77.1155 -31.8546 -0.339303 -0.902699 -0.264589
19.3794 77.0422 -32.9574 -0.333601 -0.903324 -0.26966
21.3259 76.9463 -34.965 -0.32654 -0.906257 -0.268458
22.4614 76.9042 -36.1275 -0.31981 -0.905245 -0.279736
23.8519 76.8551 -37.55 -0.318943 -0.905133 -0.281087
24.3341 76.8384 -38.0432 -0.316099 -0.904348 -0.286767
23.2127 77.2452 -38.0807 -0.3189 -0.90514 -0.281113
21.9289 77.2857 -36.7707 -0.312205 -0.909261 -0.275269
20.7658 77.3249 -35.5825 -0.318439 -0.909046 -0.268759
19.6666 77.3894 -34.4426 -0.326535 -0.906259 -0.268458
18.0058 77.4883 -32.718 -0.338406 -0.903106 -0.264349
16.8469 77.5675 -31.508 -0.344742 -0.902183 -0.259267
15.4998 77.6843 -30.0813 -0.350725 -0.899085 -0.261989
14.8452 77.7412 -29.3873 -0.357497 -0.896186 -0.262765
15.094 78.0671 -30.8519 -0.351338 -0.899941 -0.258199
16.1993 77.9666 -32.0251 -0.351948 -0.900783 -0.254406
17.3822 77.8809 -33.264 -0.33751 -0.903512 -0.264108
18.674 77.7934 -34.6115 -0.321926 -0.910027 -0.261179
19.7365 77.7311 -35.7134 -0.325184 -0.908578 -0.262186
20.8551 77.682 -36.8631 -0.311669 -0.909433 -0.275309
21.5273 77.6594 -37.5497 -0.310653 -0.909224 -0.277141
20.3258 78.0563 -37.514 -0.308057 -0.914061 -0.263806
18.742 78.1324 -35.8823 -0.318667 -0.911462 -0.260169
17.4253 78.2158 -34.5131 -0.334609 -0.909002 -0.2485
15.9856 78.3263 -33.0029 -0.344742 -0.902183 -0.259267
15.2256 78.3951 -32.1966 -0.349872 -0.901801 -0.253662
15.3069 78.7206 -33.4927 -0.343916 -0.907485 -0.241231
16.4674 78.6235 -34.7147 -0.334609 -0.909002 -0.2485
18.1314 78.5083 -36.4515 -0.318668 -0.911462 -0.260168
18.3815 78.4947 -36.7101 -0.318322 -0.912957 -0.255305
17.0018 78.9125 -36.4839 -0.318323 -0.912957 -0.255305
15.8435 79.0026 -35.2691 -0.332028 -0.910145 -0.247778
15.2855 79.0467 -34.6836 -0.337759 -0.90878 -0.245026
15.8229 79.3235 -36.4634 -0.324468 -0.916911 -0.232367
16.6401 79.2511 -37.3247 -0.307142 -0.92151 -0.23766
31.2813 72.4367 -32.1919 -0.319955 -0.899322 -0.298076
32.3023 72.4176 -33.2255 -0.315574 -0.901032 -0.29758
32.4414 72.8002 -34.5402 -0.317539 -0.90169 -0.29347
31.3966 72.821 -33.4816 -0.320259 -0.899904 -0.295987
30.2515 72.8456 -32.3202 -0.321859 -0.899148 -0.296548
29.4737 73.2524 -32.7019 -0.325866 -0.897926 -0.295872
30.3671 73.2307 -33.6096 -0.322084 -0.89869 -0.297689
31.4205 73.2057 -34.6797 -0.32105 -0.900351 -0.293759
31.8824 73.1957 -35.1482 -0.318287 -0.901064 -0.294578
31.2299 73.5938 -35.661 -0.32105 -0.900351 -0.293761
30.2523 73.6213 -34.6647 -0.322949 -0.899163 -0.295314
29.3201 73.6427 -33.7184 -0.325906 -0.898021 -0.29554
28.3386 73.67 -32.7191 -0.325866 -0.897926 -0.295872
27.1726 74.0897 -32.7039 -0.330684 -0.896655 -0.294376
28.2099 74.0596 -33.7609 -0.325906 -0.898021 -0.29554
29.3434 74.0296 -34.914 -0.322944 -0.899165 -0.295314
31.0394 73.9819 -36.6423 -0.32105 -0.900351 -0.293761
31.0625 73.9814 -36.6658 -0.319292 -0.902618 -0.288676
30.1887 74.3872 -36.9518 -0.3243 -0.900996 -0.288159
28.7324 74.4287 -35.4673 -0.325785 -0.899751 -0.290367
27.8336 74.456 -34.5504 -0.325926 -0.89801 -0.29555
26.3745 74.5008 -33.0619 -0.330688 -0.897154 -0.292847
25.8907 74.5176 -32.5671 -0.330684 -0.896655 -0.294376
24.6174 74.9456 -32.439 -0.332395 -0.897478 -0.289907
25.6875 74.908 -33.5336 -0.330688 -0.897154 -0.292847
26.6099 74.8759 -34.4769 -0.328307 -0.897586 -0.294201
27.6778 74.8446 -35.5656 -0.3266 -0.89902 -0.291712
29.3297 74.7926 -37.2527 -0.324296 -0.900998 -0.288158
29.5439 74.7846 -37.4723 -0.325734 -0.901548 -0.284795
28.4707 75.198 -37.5536 -0.324296 -0.900998 -0.288158
27.0988 75.2432 -36.1512 -0.325404 -0.900379 -0.288842
26.2172 75.2727 -35.2498 -0.327781 -0.899862 -0.287763
25.2718 75.3045 -34.2834 -0.328386 -0.898327 -0.29184
24.3125 75.3367 -33.303 -0.330407 -0.898037 -0.290448
23.3852 75.3738 -32.352 -0.332395 -0.897478 -0.289907
22.6085 75.4036 -31.5559 -0.336812 -0.896423 -0.288068
20.8347 75.8682 -30.9036 -0.33543 -0.899057 -0.281394
22.1599 75.802 -32.2719 -0.335595 -0.899461 -0.279903
23.0403 75.7665 -33.1749 -0.332427 -0.897742 -0.289055
24.4967 75.7123 -34.6664 -0.327977 -0.899065 -0.290023
25.3792 75.6804 -35.57 -0.327781 -0.899862 -0.287763
26.2556 75.6493 -36.4674 -0.325314 -0.900431 -0.28878
27.4531 75.6094 -37.6919 -0.325213 -0.900153 -0.289759
27.9894 75.5923 -38.24 -0.327902 -0.899302 -0.289373
