5.12073 68.6358 96.916 -0.0534076 0.415931 0.907808
4.39969 69.0232 96.694 -0.0580789 0.412697 0.909015
4.98316 70.058 96.244 -0.0507176 0.42976 0.901518
5.91876 69.7329 96.4516 -0.0497286 0.424459 0.904061
5.54593 68.8943 96.8193 -0.0615544 0.424247 0.903341
6.29826 67.9937 97.2975 -0.0751241 0.412279 0.907949
4.59434 67.3714 97.4269 -0.0775768 0.401552 0.912545
3.31889 67.6325 97.2214 -0.0655169 0.388437 0.919143
3.03014 68.8186 96.7047 -0.0457077 0.389302 0.919868
3.49016 69.9065 96.2483 -0.0420298 0.401726 0.914795
4.24237 70.8425 95.8504 -0.0382175 0.419509 0.906945
5.91183 71.5038 95.5795 -0.0186961 0.442232 0.896706
7.08133 70.1394 96.3404 -0.053879 0.443928 0.894147
6.93116 68.8329 96.9638 -0.0791081 0.427349 0.900619
6.49092 68.1236 97.2547 -0.0778058 0.414029 0.906932
7.29584 67.4104 97.6382 -0.0857965 0.403214 0.910987
6.22798 66.6632 97.878 -0.0794066 0.398221 0.913846
4.85185 66.2759 97.9188 -0.0798707 0.385219 0.919362
3.42407 66.0655 97.8798 -0.0852563 0.383954 0.919408
2.39352 66.6712 97.5463 -0.0727894 0.372909 0.925008
1.62352 67.5621 97.1303 -0.0675266 0.367024 0.927757
1.74266 69.1485 96.5011 -0.045706 0.389298 0.919869
2.47084 70.4378 95.9755 -0.0243094 0.3948 0.918445
3.32148 71.5485 95.4994 0.00524009 0.405237 0.914197
4.37165 72.2751 95.1773 -0.00873362 0.419972 0.907495
5.53865 72.7044 94.9458 -0.0116675 0.473907 0.880498
7.11092 72.2985 95.1911 -0.0349445 0.483426 0.874649
8.16549 71.0864 95.9193 -0.0494217 0.473873 0.879024
8.47995 69.8825 96.5804 -0.0658743 0.467873 0.881337
8.21925 68.6892 97.1399 -0.0775456 0.420492 0.903976
7.69816 67.8894 97.4683 -0.0885021 0.413624 0.906037
