5.18819 69.9782 98.0996 -0.0606358 0.413338 0.908555
4.96354 70.1742 97.9951 -0.0623993 0.412684 0.908734
5.16669 70.4272 97.8935 -0.058876 0.413994 0.908374
5.46991 69.9187 98.1449 -0.0588863 0.413988 0.908376
5.47237 69.9111 98.1486 -0.0591703 0.414064 0.908322
5.72927 69.838 98.1988 -0.0594708 0.414128 0.908274
5.71203 70.2234 98.0219 -0.0594736 0.41412 0.908277
5.35093 70.643 97.8069 -0.0587995 0.414471 0.908161
5.05486 70.7955 97.7183 -0.0581186 0.414818 0.908046
4.70061 70.124 97.9999 -0.0623993 0.412684 0.908734
4.86882 69.6327 98.2346 -0.0623989 0.412682 0.908735
5.29691 69.5507 98.3012 -0.0613131 0.40724 0.911241
5.41643 69.5886 98.292 -0.0622698 0.419238 0.905716
5.52164 69.3037 98.4334 -0.0651117 0.424236 0.903208
5.78662 69.5185 98.3516 -0.0651233 0.424308 0.903173
6.00901 69.7841 98.2428 -0.0651115 0.424381 0.90314
6.16213 70.0934 98.1106 -0.0594736 0.41412 0.908277
5.87097 70.4563 97.9261 -0.0588893 0.414684 0.908057
5.57106 70.7949 97.752 -0.0582949 0.415263 0.907832
5.06757 71.1927 97.5377 -0.0592958 0.419738 0.905692
4.75779 71.0811 97.5706 -0.0601973 0.408722 0.910614
4.54579 70.6117 97.7671 -0.0657699 0.413723 0.908024
4.41226 70.1454 97.9699 -0.0657834 0.413722 0.908024
4.40084 69.7676 98.1412 -0.0640973 0.413199 0.90838
4.49426 69.3972 98.3158 -0.0613238 0.407232 0.911243
5.09854 69.2341 98.4273 -0.0602323 0.401792 0.913748
5.374 69.26 98.4404 -0.0951008 0.415231 0.904668
