39.8346 97.1945 -11.5213 0.337975 0.858533 0.385608
39.2365 97.464 -11.5951 0.339248 0.856568 0.388825
38.5427 97.7928 -11.7222 0.335325 0.858048 0.388987
37.9619 98.049 -11.7867 0.336256 0.85709 0.390288
37.0293 98.3856 -11.7271 0.334409 0.858063 0.389741
36.1124 98.6686 -11.5634 0.334614 0.85917 0.387107
36.8526 98.3538 -11.5036 0.334817 0.860278 0.384474
37.7189 98.0224 -11.5164 0.329028 0.863839 0.381402
38.323 97.7055 -11.3287 0.341087 0.862784 0.373179
39.0257 97.3679 -11.1904 0.337902 0.865265 0.37029
39.7199 97.0595 -11.1073 0.343227 0.865125 0.365724
40.4114 96.7654 -11.0606 0.340303 0.86715 0.363631
41.1838 96.4967 -11.1314 0.335239 0.869588 0.362535
41.8611 96.2279 -11.1129 0.335368 0.869518 0.362583
42.5722 95.9772 -11.1655 0.332342 0.869601 0.36516
43.1064 95.6497 -10.8717 0.332343 0.8696 0.365164
44.015 95.433 -11.1518 0.32005 0.875066 0.363081
44.5253 95.1255 -10.8604 0.31598 0.880779 0.352453
45.4862 94.8161 -10.8892 0.293874 0.893986 0.338269
46.3962 94.5903 -11.083 0.293185 0.894351 0.337901
47.1056 94.4464 -11.2778 0.27321 0.905002 0.326079
47.822 94.3216 -11.5315 0.273173 0.905017 0.326068
47.9214 94.3669 -11.7433 0.269936 0.909101 0.317264
47.1605 94.5091 -11.4998 0.271713 0.907565 0.320152
46.4503 94.629 -11.2369 0.286644 0.903026 0.319585
45.7749 94.849 -11.2364 0.293712 0.900787 0.319868
44.9362 95.0914 -11.1488 0.307217 0.891009 0.333551
44.1512 95.4774 -11.3849 0.331912 0.878419 0.343823
43.1509 95.6485 -10.9094 0.326192 0.872334 0.364124
42.9109 96.0103 -11.5526 0.332618 0.868488 0.367541
42.0037 96.3292 -11.484 0.342374 0.863184 0.370925
41.3537 96.5521 -11.4144 0.333854 0.863037 0.379089
40.6872 96.8167 -11.4298 0.338059 0.860267 0.38161
40.0272 97.1178 -11.5194 0.337975 0.858534 0.385607
40.3216 97.1903 -11.9389 0.337975 0.858534 0.385607
41.0041 96.8906 -11.877 0.338059 0.860267 0.38161
41.6456 96.6202 -11.8263 0.333854 0.863037 0.379089
42.786 96.2255 -11.9446 0.332905 0.867373 0.369916
43.4271 95.8899 -11.7383 0.342333 0.869285 0.356577
44.5084 95.4514 -11.6635 0.331912 0.878419 0.343823
45.592 95.1043 -11.7873 0.307217 0.891009 0.333551
46.248 94.8583 -11.6971 0.293712 0.900787 0.319868
47.1883 94.654 -11.9344 0.271713 0.907565 0.320152
48.2337 94.4843 -12.3454 0.269936 0.909101 0.317264
48.8322 94.2019 -12.0356 0.258289 0.911959 0.318659
48.5518 94.068 -11.4109 0.265903 0.911223 0.314592
48.0127 94.1422 -11.183 0.26038 0.909301 0.324614
47.439 94.2296 -10.9553 0.27321 0.905002 0.326079
46.7178 94.37 -10.7407 0.271139 0.905114 0.327486
46.0974 94.511 -10.6139 0.293185 0.894351 0.337901
45.1913 94.7379 -10.4262 0.293874 0.893986 0.338269
44.6193 94.9371 -10.4542 0.295306 0.893841 0.337405
43.9441 95.184 -10.4819 0.311912 0.886492 0.341823
42.9979 95.4962 -10.4075 0.326196 0.872332 0.364125
42.3629 95.7694 -10.4779 0.3355 0.869447 0.362632
41.7375 96.0528 -10.579 0.335497 0.869449 0.362631
40.9773 96.402 -10.7134 0.335239 0.869588 0.362535
40.3637 96.6294 -10.6889 0.337408 0.869161 0.361544
39.3995 97.0155 -10.7024 0.343227 0.865125 0.365724
38.6725 97.3307 -10.7809 0.33472 0.867743 0.367403
37.9588 97.6591 -10.8886 0.332158 0.865096 0.375751
37.3427 97.9075 -10.9317 0.323241 0.8674 0.37833
36.5734 98.2705 -11.0742 0.334817 0.860278 0.384474
35.9034 98.5995 -11.2251 0.336062 0.860423 0.383059
35.4513 99.1539 -12.0738 0.332188 0.860131 0.38705
36.5114 98.7403 -12.0637 0.333923 0.858449 0.389308
37.3859 98.4169 -12.1018 0.334409 0.858063 0.389741
38.4081 98.0263 -12.1212 0.336256 0.85709 0.390288
39.1955 97.683 -12.0428 0.335321 0.858049 0.388987
39.7438 97.4203 -11.9444 0.337975 0.858533 0.385608
39.7644 97.6949 -12.5691 0.343177 0.855085 0.388663
40.7393 97.2884 -12.529 0.342263 0.857495 0.384132
41.4259 96.9889 -12.4722 0.338059 0.860267 0.381609
41.9948 96.7482 -12.4432 0.351837 0.858997 0.371933
42.5541 96.5044 -12.3899 0.338544 0.867753 0.363762
43.6257 95.9699 -12.1238 0.344173 0.868139 0.357603
44.5057 95.686 -12.2602 0.326319 0.879827 0.345521
45.1769 95.4558 -12.2958 0.320727 0.881233 0.347221
46.2218 95.1167 -12.4004 0.307222 0.891009 0.333546
46.7962 94.9482 -12.4355 0.27235 0.90765 0.319368
47.4473 94.8118 -12.6047 0.272994 0.907732 0.318585
48.5551 94.6052 -12.9653 0.269927 0.909102 0.31727
49.191 94.5261 -13.208 0.203752 0.917316 0.341846
49.8865 94.5368 -13.6248 0.196957 0.914986 0.352148
50.7783 94.4921 -14.0073 0.197037 0.914971 0.352141
51.252 94.5646 -14.4152 0.156872 0.901489 0.40286
51.8704 94.6422 -14.8046 0.153247 0.893733 0.421613
51.6997 94.4042 -14.223 0.160465 0.909115 0.384397
51.3502 94.2057 -13.5738 0.18892 0.915862 0.354268
51.0654 94.0485 -13.0155 0.193015 0.915412 0.353196
50.6001 93.9181 -12.4162 0.203752 0.917316 0.341847
50.181 93.8565 -11.9792 0.210547 0.919646 0.331545
49.6248 93.8032 -11.4782 0.211263 0.91958 0.33127
49.1149 93.7981 -11.105 0.265116 0.910911 0.316151
48.4816 93.8677 -10.7902 0.260422 0.909295 0.324597
47.8381 93.938 -10.471 0.260338 0.909307 0.324631
47.0505 94.0849 -10.2282 0.271139 0.905114 0.327486
46.3829 94.2388 -10.1057 0.269121 0.905214 0.328878
45.7637 94.3776 -9.97089 0.292496 0.894723 0.337515
45.0069 94.579 -9.84439 0.295223 0.89387 0.337402
44.413 94.7761 -9.84701 0.295423 0.893795 0.337425
43.7636 95.0337 -9.92727 0.31191 0.886495 0.341818
43.0847 95.2798 -9.94613 0.315512 0.886826 0.33758
42.3256 95.558 -9.93659 0.333524 0.875674 0.348891
41.5429 95.8607 -9.93838 0.335486 0.869456 0.362623
41.0115 96.1184 -10.0646 0.335171 0.869598 0.362574
40.3785 96.3703 -10.0801 0.337439 0.86915 0.361544
39.6739 96.6641 -10.1287 0.340303 0.86715 0.363631
38.8273 97.0305 -10.2128 0.334723 0.86774 0.367406
38.2051 97.3191 -10.3275 0.337902 0.865265 0.37029
37.5663 97.5687 -10.3459 0.323236 0.867402 0.378328
36.9791 97.8017 -10.3785 0.329029 0.863838 0.381402
36.4363 98.0729 -10.5114 0.336688 0.860102 0.383231
35.8572 98.3919 -10.7187 0.336731 0.860094 0.383211
35.2991 98.6124 -10.7254 0.33473 0.861117 0.382667
34.6256 98.9259 -10.8415 0.340076 0.860309 0.379709
33.975 99.2107 -10.8932 0.346469 0.858613 0.377814
33.3458 99.46 -10.8839 0.343354 0.860112 0.377246
32.8308 99.7389 -11.0504 0.348629 0.858626 0.375791
32.104 100.047 -11.0793 0.348526 0.858679 0.375767
31.4985 100.317 -11.131 0.354817 0.851838 0.385134
30.7907 100.613 -11.1536 0.344333 0.853529 0.391054
29.9824 100.946 -11.1683 0.343824 0.853822 0.390861
29.3369 101.262 -11.308 0.335588 0.857472 0.390028
28.6033 101.621 -11.4644 0.340205 0.859031 0.382527
27.8437 101.885 -11.39 0.336619 0.861063 0.381127
27.0736 102.286 -11.623 0.344261 0.864083 0.366694
26.3693 102.518 -11.501 0.342473 0.857598 0.383716
25.5538 102.852 -11.5241 0.338907 0.858936 0.38389
24.9049 103.203 -11.7363 0.338063 0.85902 0.384446
25.6435 103.01 -11.9563 0.338844 0.858934 0.383949
26.2552 102.786 -11.9985 0.352034 0.859149 0.371054
26.8636 102.612 -12.1931 0.344264 0.864087 0.366682
27.6334 102.37 -12.3046 0.326936 0.86746 0.375002
28.4016 102.101 -12.3598 0.326144 0.861774 0.388397
29.0861 101.851 -12.3896 0.334534 0.858685 0.388261
30.0677 101.516 -12.4948 0.335067 0.858078 0.389141
30.6631 101.282 -12.5021 0.343808 0.853828 0.390862
31.4122 100.971 -12.5139 0.365302 0.850148 0.379214
32.1315 100.66 -12.5103 0.356781 0.854651 0.37707
32.7038 100.461 -12.5765 0.339945 0.860343 0.3798
33.411 100.192 -12.6008 0.341652 0.858971 0.381367
34.0367 99.9701 -12.6586 0.340294 0.859278 0.381891
34.6328 99.7306 -12.6517 0.338731 0.859101 0.383656
35.259 99.485 -12.6415 0.329267 0.859888 0.390097
35.8668 99.2095 -12.5471 0.331351 0.85936 0.389489
36.5789 98.9838 -12.6593 0.333436 0.858838 0.388866
37.3856 98.6581 -12.6327 0.3328 0.858284 0.390627
37.9767 98.4054 -12.5787 0.334179 0.857319 0.39156
38.6652 98.1618 -12.639 0.337182 0.856135 0.391588
39.3525 97.8842 -12.6219 0.339244 0.856573 0.388818
39.6393 97.7625 -12.6075 0.343169 0.85509 0.388659
35.1513 98.9732 -11.4072 0.33511 0.860378 0.383994
34.5635 99.2231 -11.4541 0.338729 0.859099 0.383661
34.1323 99.5072 -11.7049 0.342349 0.85782 0.383329
33.6058 99.5628 -11.355 0.344912 0.859363 0.37753
33.1212 99.8496 -11.5676 0.34326 0.859334 0.379096
33.5637 99.8724 -12.0176 0.341657 0.858966 0.381374
34.137 99.76 -12.2754 0.340294 0.859278 0.381891
35.1884 99.2787 -12.1241 0.335109 0.860379 0.383991
31.8385 100.537 -11.9518 0.365302 0.850148 0.379214
31.9287 100.417 -11.7637 0.348262 0.859154 0.374926
31.2024 100.731 -11.7736 0.354817 0.851838 0.385134
30.3547 101.069 -11.7658 0.344336 0.853528 0.391052
29.4323 101.562 -12.0486 0.335592 0.85747 0.390029
30.0781 101.197 -11.8023 0.339439 0.855801 0.390343
31.1178 100.849 -11.9572 0.354817 0.851838 0.385134
31.191 100.817 -11.9569 0.365302 0.850148 0.379214
49.7542 94.2831 -12.8915 0.203752 0.917316 0.341846
50.0368 94.1611 -12.7327 0.203752 0.917316 0.341847
49.4814 94.0995 -12.2089 0.210547 0.919646 0.331545
49.0785 94.2406 -12.3365 0.25065 0.912703 0.322719
49.2981 94.2216 -12.4313 0.211264 0.91958 0.33127
